Car -1 -1 -3.8120 785.0449 176.9544 876.9953 210.0592 1.4120 1.5486 3.8409 9.9293 1.6048 32.5555 -3.5190 -0.2571
Car -1 -1 -7.6936 735.1814 178.4802 783.7043 212.1846 1.3767 1.5426 3.8051 6.6794 1.6436 32.2101 -7.4915 -1.1302
Car -1 -1 -4.5979 789.4378 167.2848 825.4958 194.1985 1.5526 1.6486 4.2771 12.0253 1.2310 43.9157 -4.3326 -1.1957
Car -1 -1 -2.3261 301.4507 177.2942 388.7752 210.7988 1.4684 1.5719 3.9043 -12.3940 1.6847 33.6188 -2.6770 -1.2285
Car -1 -1 -7.9298 748.8665 166.7212 772.2977 185.9102 1.6161 1.6835 4.0966 13.0697 1.0993 62.9055 -7.7261 -1.7402
Car -1 -1 -5.2680 468.4101 174.3797 522.2506 201.0291 1.6026 1.5928 3.7950 -7.3107 1.7028 45.5712 -5.4266 -2.0092
Car -1 -1 -4.0098 326.4142 172.4290 383.7389 195.0309 1.5671 1.7088 4.0319 -18.4153 1.5373 52.2146 -4.3476 -2.2322
Car -1 -1 -5.2092 449.8554 177.5538 504.0879 203.9307 1.5215 1.6161 3.8912 -8.2517 1.8233 44.3618 -5.3924 -2.3245
Car -1 -1 -5.1685 352.0558 173.7361 431.7370 211.6950 1.5564 1.6356 4.2919 -9.7141 1.5976 31.8102 -5.4629 -2.6110
Car -1 -1 -8.0046 569.3171 175.7415 591.7021 192.1926 1.4772 1.5636 3.5828 -2.7994 1.7542 67.3687 -8.0463 -2.6366
Car -1 -1 -3.3983 106.5534 187.9306 243.5161 233.4478 1.3988 1.5116 3.8670 -15.2459 1.9680 25.3467 -3.9354 -2.7167
Car -1 -1 -7.8374 805.5441 177.3149 853.8256 220.8222 1.4513 1.5827 3.7907 8.0472 1.6277 26.5341 -7.5466 -2.8281
Car -1 -1 -8.2115 693.5202 177.2393 757.8915 212.8926 1.4714 1.6144 3.7489 5.0576 1.6794 32.2687 -8.0580 -2.9309
Car -1 -1 -7.8793 709.9119 176.6138 742.2160 204.7988 1.4636 1.6562 3.7097 6.3422 1.6815 39.9335 -7.7234 -2.9880
Car -1 -1 -4.6360 428.3650 178.7508 458.5995 205.0892 1.5364 1.5531 3.7230 -10.3610 1.9192 44.9224 -4.8618 -3.0230
Car -1 -1 -7.8488 762.2360 172.6379 786.1727 194.1685 1.4523 1.5799 3.6060 11.4865 1.4374 50.6040 -7.6272 -3.1903
Car -1 -1 -5.8127 255.5068 181.4938 365.3987 217.9970 1.3826 1.5540 3.7393 -11.9083 1.7370 28.6913 -6.2032 -3.6323
Car -1 -1 -7.4551 547.7498 173.4955 586.4145 192.9075 1.6011 1.7436 4.4110 -3.6665 1.6581 62.0393 -7.5143 -3.9289
Car -1 -1 -7.0608 384.7457 167.2282 440.9799 192.3425 2.0020 1.8244 4.5259 -16.3420 1.5533 59.9328 -7.3262 -4.1743
Car -1 -1 -4.9886 1207.5692 181.4701 1241.0000 280.4869 1.4464 1.6094 3.8272 12.2570 1.6257 12.9709 -4.2433 -4.3434
Car -1 -1 -7.5592 336.6896 183.3060 404.9757 218.7539 1.2903 1.5939 3.7743 -9.6631 1.7419 29.2906 -7.8755 -4.6828
Car -1 -1 -5.1967 570.8066 174.3599 610.7416 194.3556 1.6051 1.6555 4.0194 -1.6719 1.7353 60.4005 -5.2246 -4.9775
Car -1 -1 -7.7353 496.8842 167.5258 523.1381 190.9371 1.7997 1.6245 3.8573 -7.9475 1.3898 57.4101 -7.8725 -5.0360
Car -1 -1 -4.6776 805.7669 172.5588 827.1873 191.6952 1.5184 1.5686 3.8335 16.9718 1.4947 59.3167 -4.4005 -5.7150
Car -1 -1 -2.5106 154.1000 179.8743 226.7371 208.0860 1.4652 1.5357 3.0692 -22.6077 1.8521 38.8635 -3.0347 -6.5380
Car -1 -1 -6.3087 89.4156 178.5720 218.8691 217.9842 1.4444 1.4953 4.2707 -18.1317 1.6863 28.7664 -6.8671 -7.0121
