Car -1 -1 -7.9416 788.2316 171.8343 813.3878 190.3962 1.4225 1.5938 3.7918 15.0902 1.3440 57.2977 -7.6857 0.5626
Car -1 -1 -4.8628 521.0358 176.2857 564.0766 207.8439 1.4565 1.5723 3.7234 -3.4285 1.6357 35.7327 -4.9583 -0.4702
Car -1 -1 -7.2634 290.8106 171.2041 351.6936 201.6182 1.8903 1.7162 4.0454 -18.7673 1.7874 47.0024 -7.6416 -0.6521
Car -1 -1 -2.9548 548.8646 170.0642 612.9567 200.8428 1.8040 1.6744 3.6031 -1.7594 1.6401 43.3804 -2.9955 -1.0884
Car -1 -1 -7.9748 762.0057 174.0235 822.5878 219.5805 1.5098 1.6274 3.9364 6.4539 1.5551 26.0686 -7.7354 -1.0938
Car -1 -1 -4.8976 511.4167 172.3775 544.6063 193.6252 1.5694 1.7585 4.3909 -6.3941 1.5339 55.6514 -5.0118 -1.5298
Car -1 -1 -6.5770 775.1894 170.0432 863.9005 200.8087 1.5818 1.6698 4.1752 10.9375 1.4370 37.9656 -6.2990 -2.2820
Car -1 -1 -4.9591 400.8954 170.3535 439.0831 193.3132 1.5340 1.6328 4.0644 -13.3354 1.3666 50.3810 -5.2169 -2.3273
Car -1 -1 -4.5667 0.0000 192.8958 74.6530 247.7186 1.2821 1.5248 3.5202 -16.2070 1.8951 20.1724 -5.2372 -2.5387
Car -1 -1 -4.4050 0.0000 189.3559 25.4221 249.3416 1.3400 1.5888 3.8609 -17.3631 1.8300 19.3525 -5.1295 -2.9865
Car -1 -1 -2.1885 0.0000 185.3387 16.4392 288.9243 1.4417 1.6068 3.6598 -11.7728 1.6575 11.3953 -2.9785 -3.0155
Car -1 -1 -7.2353 1140.9381 139.5214 1241.0000 194.6564 1.6566 1.6856 3.7885 19.1509 0.6548 22.9873 -6.5470 -3.1001
Car -1 -1 -4.7056 907.9208 174.5971 969.4512 228.9812 1.4297 1.5057 3.6661 9.5342 1.4851 21.0764 -4.2866 -3.1048
Car -1 -1 -4.4435 774.6045 170.5121 820.5992 199.9928 1.5672 1.6024 3.5748 10.4786 1.4424 40.3051 -4.1913 -3.2666
Car -1 -1 -2.7160 579.3287 168.2252 636.6700 190.0363 1.7828 1.7523 4.5014 -0.1983 1.4041 60.6977 -2.7196 -3.5671
Car -1 -1 -4.5697 0.0000 187.2241 79.5917 241.8809 1.4598 1.5852 4.2225 -17.9787 1.9553 22.6665 -5.2347 -3.5715
Car -1 -1 -7.2522 730.1813 162.6529 782.6053 186.3319 1.7479 1.7882 4.3752 11.2494 0.9946 55.4272 -7.0532 -3.7502
Car -1 -1 -7.5880 497.4948 175.2515 534.7134 196.4873 1.3919 1.5945 3.8294 -6.4598 1.5635 49.7504 -7.7168 -4.0068
Car -1 -1 -2.8772 0.0000 186.2203 2.6984 320.8106 1.4358 1.6046 4.0782 -11.1027 1.6503 9.8233 -3.7100 -4.0607
Car -1 -1 -7.0172 728.5219 164.2791 791.8693 189.2559 1.7135 1.7342 4.3850 10.6755 1.1249 51.3566 -6.8137 -4.1619
Car -1 -1 -6.3009 365.6100 169.5704 425.4831 192.1413 1.5959 1.6636 4.1085 -15.6027 1.3635 52.4298 -6.5890 -4.1718
Car -1 -1 -7.5264 6.8069 191.9308 87.0839 232.6086 1.4067 1.5129 3.2526 -22.1138 2.2046 28.4079 -8.1835 -4.4848
Car -1 -1 -7.2146 360.5739 161.7948 408.0479 183.7318 1.8566 1.7965 4.2501 -19.7883 0.9203 63.3685 -7.5162 -4.8064
Car -1 -1 -5.5011 1194.8898 188.1427 1241.0000 374.0000 1.4206 1.6189 4.3226 4.5362 1.5292 2.8728 -4.5406 -4.9304
Car -1 -1 -7.3335 317.9368 159.8197 359.4756 182.6039 1.9675 1.7015 4.0083 -24.1926 0.8416 64.4232 -7.6916 -5.2834
Car -1 -1 -8.0728 221.8472 160.1606 253.2561 186.9313 2.3824 1.6961 4.2100 -34.3055 1.2525 66.3722 -8.5484 -5.4685
Car -1 -1 -6.9914 717.0318 171.2863 791.3685 196.7597 1.5015 1.6497 4.4913 8.8481 1.4088 44.3500 -6.7961 -6.0933
Car -1 -1 -2.6412 178.4728 157.1138 249.2237 183.4766 1.6864 1.5684 3.7431 -25.7683 0.6792 46.9424 -3.1410 -6.1966
Car -1 -1 -7.8341 524.3016 158.0598 546.1954 180.5588 1.7848 1.7085 4.6523 -6.1670 0.6109 59.6284 -7.9369 -6.2372
Car -1 -1 -6.7134 844.8441 157.3919 953.7744 198.9647 1.9198 1.6614 4.5231 13.6475 1.2055 34.2727 -6.3377 -6.4927
Car -1 -1 -7.6326 643.7668 180.3022 764.8182 282.3237 1.4618 1.4222 2.9448 1.6356 1.6043 12.2033 -7.5037 -6.5446
Car -1 -1 -5.5994 11.3658 184.4517 139.6869 231.6345 1.6877 1.5692 3.7287 -20.0726 2.1374 27.1191 -6.2321 -6.7841
Car -1 -1 -3.0501 695.5458 166.9990 757.0574 196.3474 1.8999 1.8028 3.9000 7.7314 1.5206 48.0656 -2.8920 -6.9044
