Car -1 -1 -2.6967 434.7575 176.5790 506.2044 202.1497 1.5737 1.6416 4.1841 -8.9369 1.8183 46.1109 -2.8874 3.3804
Car -1 -1 -3.7063 702.1311 176.3366 783.2213 205.5312 1.5413 1.6933 4.1682 7.3237 1.7418 40.0341 -3.5271 0.4467
Car -1 -1 -2.0866 48.0671 167.3090 106.1986 189.1665 1.5657 1.6843 4.0399 -39.3791 1.1682 53.2788 -2.7209 0.2307
Car -1 -1 -5.6628 316.9589 180.0104 398.1037 207.0400 1.4504 1.6118 4.1726 -14.3016 1.8682 40.7965 -5.9983 0.2170
Car -1 -1 -7.9725 705.7795 175.5465 751.1011 210.1149 1.5192 1.6238 4.0539 5.4896 1.6538 34.0884 -7.8147 -0.9350
Car -1 -1 -5.5636 409.8824 178.5209 485.2504 206.9904 1.5116 1.6815 4.0393 -9.2095 1.8442 40.6910 -5.7852 -1.0294
Car -1 -1 -7.8817 739.9405 177.5175 769.0319 202.3617 1.3959 1.5904 4.0513 8.6262 1.6903 43.4698 -7.6876 -1.1283
Car -1 -1 -7.0454 752.0065 175.2855 821.9766 202.3956 1.5179 1.6243 3.9766 10.3791 1.6662 42.4025 -6.8074 -1.1895
Car -1 -1 -7.8748 384.3011 175.4364 419.5062 207.5942 1.4936 1.5976 3.6034 -10.3958 1.6284 35.7846 -8.1559 -1.9836
Car -1 -1 -3.1540 310.3772 177.0718 366.9953 200.8866 1.5556 1.6127 3.5461 -18.4492 1.8500 49.0186 -3.5125 -2.3715
Car -1 -1 -5.0450 664.7830 175.5638 725.9017 211.0115 1.5420 1.6137 3.9896 3.8853 1.6767 33.8341 -4.9322 -2.6705
Car -1 -1 -6.9748 342.0570 184.8270 419.0893 214.1155 1.3568 1.5143 3.6238 -11.7253 2.0015 36.9376 -7.2805 -2.9627
Car -1 -1 -8.2335 864.1249 164.1390 947.6094 213.3761 1.7629 1.6346 3.8451 11.2254 1.4506 27.7573 -7.8533 -3.5347
Car -1 -1 -2.9971 713.0623 174.5025 812.9548 212.6227 1.5331 1.6138 3.9541 6.4465 1.6059 30.5782 -2.7919 -3.6627
Car -1 -1 -4.8819 840.5566 168.9496 892.3292 204.1080 1.5841 1.6468 4.1271 12.2072 1.4079 34.6813 -4.5465 -3.8543
Car -1 -1 -7.8576 1010.4751 171.9143 1074.4059 224.3482 1.4073 1.5001 3.3652 12.6109 1.3817 21.1967 -7.3274 -4.0477
Car -1 -1 -4.6070 596.9155 179.8609 638.7307 213.0589 1.4116 1.5547 3.7823 0.3731 1.7556 33.4805 -4.5966 -4.2347
Car -1 -1 -8.1013 809.9475 164.1438 930.4966 253.5629 1.7721 1.6346 3.6879 5.6324 1.5992 16.2034 -7.7732 -4.3708
Car -1 -1 -7.7536 831.8949 170.1499 883.1075 211.4733 1.6142 1.6388 4.2878 10.4676 1.5083 30.4764 -7.4261 -4.5627
Car -1 -1 -2.4599 47.5980 156.9937 140.3298 187.9386 1.5961 1.6119 3.8327 -27.2740 0.7777 38.1423 -3.0774 -4.6458
Car -1 -1 -7.7766 839.8908 177.0785 875.8666 204.6190 1.3444 1.5032 3.9449 13.0461 1.5788 37.9786 -7.4486 -4.6947
Car -1 -1 -8.2909 998.5983 149.7933 1073.9193 191.2101 1.7337 1.5933 3.3268 18.7313 0.7681 31.9318 -7.7645 -4.7542
Car -1 -1 -7.6419 779.6700 172.4815 807.9553 189.5590 1.4335 1.6645 3.5840 15.9326 1.4019 62.5407 -7.3938 -5.0358
Car -1 -1 -8.3635 655.9619 169.9388 689.2109 190.7749 1.9765 1.6588 3.6518 6.0611 1.6996 70.4489 -8.2784 -5.2292
Car -1 -1 -4.8647 404.8954 180.4073 448.0138 207.9365 1.3723 1.6923 3.9454 -10.0777 1.8058 39.2923 -5.1145 -5.3031
Car -1 -1 -5.2939 632.1764 175.4180 706.4023 209.4325 1.4553 1.5698 3.7905 2.6217 1.5803 33.2163 -5.2163 -5.3361
Car -1 -1 -1.6895 24.2702 166.2111 62.2691 189.3294 1.6022 1.6899 4.0835 -40.9341 1.1415 52.0484 -2.3535 -5.5278
Car -1 -1 -4.5644 259.7660 179.4853 293.9910 202.2860 1.4695 1.5396 4.2571 -23.0965 1.9501 50.0744 -4.9948 -5.8087
Car -1 -1 -4.8706 320.1031 173.3171 355.8681 199.1730 1.5996 1.5698 3.9402 -17.7149 1.6307 46.8140 -5.2308 -5.8775
Car -1 -1 -7.6557 350.7034 177.3136 384.3055 200.4781 1.5585 1.5353 3.8443 -17.2311 1.8877 51.3177 -7.9784 -5.9846
Car -1 -1 -5.9698 685.8460 173.4965 732.7185 190.3489 1.5592 1.6489 4.1008 9.4021 1.6213 68.5126 -5.8344 -6.0779
Car -1 -1 -4.8766 486.7435 174.0839 527.9103 202.0825 1.5306 1.7183 4.0352 -6.0349 1.6053 41.8196 -5.0194 -6.1800
Car -1 -1 -3.2618 754.6049 171.1861 829.7723 196.0016 1.6475 1.8141 4.7700 12.3023 1.5364 49.0956 -3.0181 -7.3280
