Car -1 -1 -2.6416 382.2584 179.5070 462.5013 208.3018 1.4657 1.5086 3.8974 -10.0331 1.8314 38.4910 -2.8953 5.9903
Car -1 -1 -6.5998 794.1172 172.6224 865.9476 199.2082 1.5085 1.6223 3.6541 12.6714 1.4951 41.7976 -6.3078 0.3668
Car -1 -1 -5.0718 709.8202 174.6712 744.2865 193.2910 1.4918 1.5733 3.8654 9.7087 1.6484 60.2585 -4.9132 0.0532
Car -1 -1 -7.5529 719.5197 180.5561 783.8813 217.4603 1.3641 1.5858 3.6147 5.7954 1.6992 29.4585 -7.3612 -1.1698
Car -1 -1 -7.8104 722.4276 176.5878 753.7659 204.2863 1.4451 1.5642 3.7997 7.1383 1.6634 40.2138 -7.6364 -1.2849
Car -1 -1 -6.1748 271.2490 178.4861 362.1493 211.9157 1.4584 1.5912 3.7189 -13.4477 1.7270 33.1757 -6.5574 -1.5438
Car -1 -1 -3.7756 240.2243 188.7875 345.4819 227.3102 1.3378 1.5017 3.6366 -12.5372 2.0126 28.6197 -4.1854 -1.7483
Car -1 -1 -3.4411 817.4973 172.6850 935.6931 222.0455 1.5060 1.5004 3.2037 8.3222 1.5006 22.8366 -3.0963 -2.0246
Car -1 -1 -4.8723 378.7650 177.5038 426.9452 212.7202 1.5363 1.5895 3.8718 -9.8838 1.7694 34.1195 -5.1526 -2.1861
Car -1 -1 -6.5936 718.9594 178.6148 837.7325 222.4549 1.4521 1.5848 3.7143 5.7586 1.6599 25.1029 -6.3713 -2.6609
Car -1 -1 -7.8843 723.6349 180.3965 761.5938 212.8747 1.3608 1.5804 3.6890 5.9857 1.7265 33.0734 -7.7073 -2.7775
Car -1 -1 -4.4298 149.8453 183.2662 206.5295 210.5333 1.4310 1.6734 4.3377 -25.0454 2.0693 41.9401 -4.9656 -3.0470
Car -1 -1 -8.0776 902.0529 170.9471 955.8881 202.3745 1.4603 1.5838 3.8798 15.6113 1.3713 35.5788 -7.6675 -3.7645
Car -1 -1 -4.4676 664.7117 174.9181 691.9836 192.8060 1.4951 1.5345 3.6126 5.9447 1.6799 62.7199 -4.3739 -3.8357
Car -1 -1 -7.3801 173.2723 177.5003 247.7218 209.6916 1.5144 1.6270 4.0411 -20.1860 1.7628 36.5761 -7.8815 -3.9133
Car -1 -1 -4.3243 697.3869 179.6681 738.3378 202.8623 1.5367 1.5574 3.7698 7.6288 2.0371 51.0075 -4.1771 -3.9357
Car -1 -1 -7.7796 938.1799 170.7673 981.9023 203.7279 1.5121 1.6387 4.1162 17.1231 1.4161 35.2935 -7.3315 -3.9691
Car -1 -1 -4.6136 209.7577 183.2655 249.2323 211.5355 1.5109 1.6458 4.1216 -22.3443 2.1547 42.4170 -5.0961 -4.2304
Car -1 -1 -4.6672 721.9722 176.9453 757.4901 208.3396 1.4828 1.6123 3.9211 6.6042 1.7026 36.7144 -4.4911 -4.4095
Car -1 -1 -7.5379 586.6228 176.3825 637.8939 206.9533 1.5845 1.6239 4.2257 0.1504 1.7917 40.1801 -7.5347 -4.4944
Car -1 -1 -7.9194 1214.3256 178.3466 1241.0000 275.6763 1.4166 1.5392 3.8668 11.6862 1.5283 12.7230 -7.1884 -4.5135
Car -1 -1 -4.4963 417.2953 180.9791 462.7165 208.1523 1.4445 1.6690 4.3343 -9.8251 1.9399 41.8383 -4.7260 -4.8235
Car -1 -1 -2.8419 0.0000 168.8061 88.8675 201.2276 1.5719 1.5650 3.9095 -28.9179 1.3753 36.4155 -3.5096 -5.0557
Car -1 -1 -6.6720 1195.7649 106.7270 1241.0000 162.3116 1.5309 1.7524 4.4615 20.9743 -0.3468 22.0983 -5.9188 -5.0849
Car -1 -1 -8.2421 756.5983 162.2472 792.1612 181.3931 1.8271 1.9095 4.3419 16.1427 0.8146 71.1541 -8.0201 -5.4015
Car -1 -1 -2.8938 659.3149 176.5650 737.8201 205.7595 1.5366 1.6607 4.0211 4.8573 1.7490 39.8558 -2.7740 -5.4853
Car -1 -1 -4.8537 666.5321 179.5859 693.4102 199.8150 1.3920 1.4479 3.6351 5.0505 1.9010 52.7313 -4.7592 -5.5293
Car -1 -1 -4.6603 472.0584 178.9561 511.0558 208.2419 1.3181 1.6780 4.1809 -5.8172 1.6368 35.5485 -4.8217 -5.6064
Car -1 -1 -7.7732 221.6088 178.7523 325.6857 264.2917 1.6914 1.8353 4.0243 -7.7129 1.8463 16.7753 -8.1986 -6.0039
Car -1 -1 -4.7586 507.6518 178.7519 543.0303 208.7242 1.3671 1.5500 4.1247 -4.3020 1.6781 35.9237 -4.8774 -6.0758
Car -1 -1 -4.3332 745.1570 174.8280 778.3129 194.0856 1.5032 1.4929 3.3750 12.3014 1.6680 58.5135 -4.1274 -6.1159
