Car -1 -1 -7.3591 526.9565 173.9040 564.7720 192.4844 1.7335 1.7384 4.4734 -6.1956 1.8385 69.9873 -7.4474 -0.3667
Car -1 -1 -7.7751 708.9594 172.3084 750.9552 208.7943 1.5616 1.6015 3.8521 5.4838 1.5380 32.9439 -7.6121 -0.5185
Car -1 -1 -7.8392 702.2415 179.3048 744.3958 217.0581 1.3767 1.5626 3.4946 4.4937 1.6504 28.7973 -7.6866 -1.4081
Car -1 -1 -6.9471 713.6182 174.8871 782.7971 202.0278 1.4768 1.5504 3.6959 7.8293 1.5964 41.0282 -6.7603 -1.4144
Car -1 -1 -6.5198 791.7892 169.1847 896.1792 210.9761 1.6634 1.6944 3.7891 9.5155 1.5170 29.6968 -6.2130 -1.5551
Car -1 -1 -4.1504 456.3962 172.6819 509.8885 199.6883 1.7043 1.6502 3.9080 -8.3561 1.6931 47.6550 -4.3234 -1.9802
Car -1 -1 -5.0872 495.7563 175.6676 530.1287 192.2516 1.5335 1.7615 4.5314 -9.4648 1.8153 69.9434 -5.2215 -2.4380
Car -1 -1 -2.3924 101.0607 178.6537 191.5330 208.8331 1.5820 1.6914 4.1216 -25.3853 1.9087 39.4863 -2.9609 -2.5862
Car -1 -1 -7.9277 685.8748 177.4178 718.3574 205.4813 1.4584 1.5120 3.5199 5.0128 1.7217 39.8773 -7.8041 -2.6265
Car -1 -1 -2.2939 458.4071 175.3289 511.1752 196.4431 1.5379 1.6289 4.1337 -9.5852 1.7326 54.9331 -2.4662 -2.9285
Car -1 -1 -2.3355 347.6760 171.0264 403.0411 192.3674 1.5251 1.6026 3.9380 -17.3385 1.3942 53.1993 -2.6493 -2.9711
Car -1 -1 -4.3465 736.9448 175.1885 809.2283 214.6540 1.4928 1.6212 3.8757 6.7046 1.5950 29.5996 -4.1265 -3.3060
Car -1 -1 -4.8623 425.5243 175.4469 460.8390 200.5339 1.5429 1.6373 4.1626 -10.9570 1.7198 47.0750 -5.0901 -3.3252
Car -1 -1 -6.3286 786.8855 176.1432 872.5082 207.2443 1.4298 1.5681 3.8526 10.4419 1.5931 34.6585 -6.0388 -3.7927
Car -1 -1 -5.1501 338.2923 166.4588 378.3342 188.9063 1.7496 1.6227 3.7202 -20.3271 1.2509 58.1366 -5.4853 -3.8515
Car -1 -1 -4.0090 398.3911 168.5793 456.4653 193.8174 1.7732 1.7802 4.2942 -13.3821 1.4725 53.0134 -4.2554 -3.8739
Car -1 -1 -4.5802 607.4012 176.0250 636.0229 198.1347 1.5863 1.6666 3.8575 0.8892 1.8340 54.3823 -4.5643 -4.1820
Car -1 -1 -7.7841 702.5262 163.9438 726.0469 184.2285 1.6310 1.6889 3.6629 8.6707 0.9143 59.9856 -7.6415 -4.2340
Car -1 -1 -6.1262 455.8886 170.0532 512.3613 191.0087 1.6634 1.7254 4.2682 -10.1394 1.4408 58.1689 -6.2983 -4.2623
Car -1 -1 -4.3300 249.9150 176.2449 309.5122 207.2110 1.5341 1.5995 3.6554 -17.3629 1.7212 38.0135 -4.7561 -4.2842
Car -1 -1 -6.9265 442.1107 167.0078 482.7842 184.0819 1.5166 1.5612 3.3767 -13.4711 0.9970 65.8696 -7.1276 -4.3037
Car -1 -1 -7.6213 741.2943 155.3107 773.2675 178.2158 1.6736 1.5401 3.8391 11.1854 0.3915 54.7845 -7.4210 -4.5273
Car -1 -1 -7.0054 246.7921 176.9560 305.7609 199.6292 1.5224 1.5254 3.7140 -23.6463 1.8245 51.1810 -7.4364 -4.6760
Car -1 -1 -5.8866 495.4884 172.7430 554.9191 193.2760 1.5188 1.6160 4.1768 -6.4517 1.5103 54.7236 -6.0037 -4.8398
Car -1 -1 -3.8061 317.2657 174.8278 376.0312 196.2881 1.5198 1.6403 3.9218 -19.5357 1.6718 53.5808 -4.1543 -5.3710
Car -1 -1 -3.0287 300.8021 170.3012 362.7639 195.8897 1.6415 1.7821 3.6354 -18.3321 1.4774 47.6041 -3.3947 -5.4083
Car -1 -1 -4.8149 343.3334 180.6451 385.9269 214.2342 1.4331 1.5244 3.5038 -11.4987 1.8160 33.5801 -5.1428 -5.4212
Car -1 -1 -2.6393 321.1634 166.7058 376.6751 188.1200 1.8574 1.6800 4.3406 -23.0715 1.3238 63.7500 -2.9854 -5.4271
Car -1 -1 -5.0048 378.5451 175.3281 419.3360 199.1022 1.5437 1.6750 3.7068 -14.4777 1.7192 49.2787 -5.2894 -5.4784
Car -1 -1 -3.6476 296.8376 178.2517 394.9113 213.0436 1.5598 1.5696 4.2553 -12.8251 1.8382 35.1265 -3.9956 -5.7874
Car -1 -1 -4.3758 0.0000 179.7489 40.7078 221.0988 1.5374 1.8750 4.5825 -25.8164 1.8486 30.1269 -5.0801 -5.8783
Car -1 -1 -7.2214 1106.2419 199.8318 1241.0000 374.0000 1.3402 1.5845 3.8977 4.8542 1.5051 3.5520 -6.3215 -6.0224
Car -1 -1 -5.2744 0.0000 178.4749 10.3704 294.8698 1.5469 1.8533 4.4894 -12.0243 1.6432 11.0602 -6.0895 -6.4126
Car -1 -1 -7.8913 1101.9783 172.6249 1241.0000 374.0000 1.8031 1.4834 3.7412 5.3791 1.8013 6.5678 -7.2280 -8.2431
