Car -1 -1 -2.6783 369.5956 179.8590 453.4016 210.6042 1.5102 1.5756 3.8598 -10.2266 1.8814 37.1133 -2.9458 4.8124
Car -1 -1 -6.8137 717.2220 178.2551 789.3671 206.9301 1.4414 1.5151 3.4374 7.5077 1.7354 38.0366 -6.6208 -0.2323
Car -1 -1 -7.5427 192.2292 179.4079 255.7964 214.0257 1.4447 1.5519 3.4200 -17.4121 1.7572 32.6198 -8.0299 -0.3129
Car -1 -1 -6.4382 831.0566 178.0231 963.3030 229.3270 1.4308 1.5096 3.4486 8.3860 1.5921 21.4466 -6.0707 -0.9954
Car -1 -1 -8.0466 713.1899 175.2190 744.3470 197.3855 1.7415 1.7303 4.2668 9.6908 1.9426 59.3068 -7.8859 -1.4290
Car -1 -1 -7.3353 215.2622 179.4407 291.8063 213.5482 1.4193 1.5355 3.5370 -16.0265 1.7325 32.5386 -7.7900 -2.1667
Car -1 -1 -6.9551 260.6006 177.1561 374.6077 220.0059 1.5127 1.6122 3.9539 -11.2932 1.6920 28.0135 -7.3353 -2.6477
Car -1 -1 -7.9026 806.6537 177.3433 838.6207 203.4371 1.4342 1.5956 4.0148 12.4504 1.7118 42.5311 -7.6201 -2.6577
Car -1 -1 -7.5900 722.4116 178.9673 776.4931 210.7392 1.4096 1.6110 3.9248 6.7656 1.7233 34.9433 -7.4009 -2.7497
Car -1 -1 -3.0937 722.7412 176.8829 841.7755 226.6371 1.5420 1.6076 3.7054 5.6386 1.6820 23.8485 -2.8650 -2.7744
Car -1 -1 -3.1352 759.1315 173.6534 833.5937 201.7995 1.5460 1.6221 4.0177 10.5281 1.5926 40.9994 -2.8860 -3.2649
Car -1 -1 -5.7161 128.5993 182.8293 217.0486 212.6390 1.5913 1.6516 3.9208 -24.2130 2.1558 39.9786 -6.2580 -3.8185
Car -1 -1 -3.4989 657.4504 173.9335 703.9063 192.0490 1.7251 1.7317 4.1575 6.8520 1.8319 70.2453 -3.4025 -3.8405
Car -1 -1 -4.7254 121.0727 185.9839 155.6571 214.5039 1.4608 1.5798 4.0824 -26.8927 2.2465 41.0583 -5.3025 -4.2142
Car -1 -1 -7.9652 761.7300 168.2404 786.5201 187.1844 1.6415 1.7078 4.1315 14.6506 1.2415 64.6699 -7.7436 -4.2244
Car -1 -1 -7.0353 778.3097 179.1252 837.5239 203.1946 1.5559 1.6076 3.8207 13.4388 1.9962 49.0831 -6.7700 -4.2335
Car -1 -1 -4.4697 156.2897 178.1110 225.3722 212.5503 1.4260 1.7371 4.2356 -19.0149 1.6816 32.8463 -4.9912 -4.2724
Car -1 -1 -5.1222 410.9285 181.3875 473.1653 215.0712 1.4319 1.4955 3.6173 -7.8904 1.8507 33.5322 -5.3520 -4.3897
Car -1 -1 -4.8972 654.5205 179.7034 687.6115 201.5439 1.4647 1.6452 4.0155 4.3077 1.9757 51.7772 -4.8152 -4.4014
Car -1 -1 -8.0742 822.5501 173.2379 876.5804 205.5818 1.5466 1.6794 4.3551 12.0956 1.5671 36.8033 -7.7595 -4.4360
Car -1 -1 -2.2719 127.1053 181.6160 238.7202 218.3912 1.3877 1.6470 4.1219 -17.4293 1.7620 29.3833 -2.8036 -4.5052
Car -1 -1 -7.4594 773.3579 163.2786 808.0657 183.2301 1.8666 1.8530 4.0187 17.4549 0.9704 69.6694 -7.2151 -4.6476
Car -1 -1 -6.0080 783.1893 167.2066 838.1607 186.7404 1.7152 1.7573 4.4825 18.1151 1.2190 65.2701 -5.7387 -4.7123
Car -1 -1 -3.9460 516.4321 176.9548 577.3354 203.6378 1.5887 1.6562 3.8066 -3.9805 1.8588 45.5758 -4.0331 -4.7525
Car -1 -1 -4.3331 682.1548 178.0349 721.4484 198.7294 1.6047 1.6640 4.5225 7.5905 2.0490 59.5252 -4.2073 -4.8384
Car -1 -1 -6.1318 348.7503 181.7685 432.0134 213.7387 1.3940 1.5362 3.4527 -10.0364 1.8142 33.0261 -6.4250 -4.8572
Car -1 -1 -4.1255 481.9358 181.7315 552.2395 213.5782 1.4733 1.5759 4.0406 -4.7003 1.9517 36.7455 -4.2523 -4.9247
Car -1 -1 -6.9642 10.8890 164.4743 96.7153 193.6141 1.7898 1.9115 4.0903 -35.7965 1.2748 46.5299 -7.6173 -4.9846
Car -1 -1 -8.1575 920.7084 179.5681 978.9877 212.1324 1.4315 1.4821 3.5999 16.0733 1.7685 34.3743 -7.7238 -5.0571
Car -1 -1 -7.8631 406.7489 172.1335 432.4419 196.8939 1.6971 1.7109 4.1976 -13.6920 1.6474 51.7059 -8.1210 -5.1222
Car -1 -1 -4.6317 461.5260 179.5298 498.6806 210.7532 1.5094 1.5933 4.1080 -6.8089 1.8794 37.9082 -4.8087 -5.1235
Car -1 -1 -3.1222 656.6291 176.5005 741.0293 209.9613 1.5313 1.6326 3.8923 4.1830 1.7100 34.3336 -3.0026 -5.1996
Car -1 -1 -3.0727 483.6743 179.4508 548.4205 206.3625 1.4366 1.4621 3.4459 -5.1777 1.8074 39.7596 -3.2018 -5.2936
Car -1 -1 -4.9050 666.7660 178.6074 697.9727 199.4117 1.4616 1.5909 3.8875 5.3278 1.9064 53.8125 -4.8073 -5.4120
Car -1 -1 -4.5854 690.7186 175.8926 724.4266 202.7355 1.5272 1.5544 3.7973 5.8914 1.7189 43.5470 -4.4523 -5.4301
Car -1 -1 -7.1793 876.4424 164.7094 982.7362 205.8425 1.6268 1.6318 4.5143 13.4051 1.3044 30.3090 -6.7668 -5.5046
Car -1 -1 -4.2358 247.9688 177.8325 327.3011 211.7123 1.4289 1.6253 4.0785 -14.7339 1.6716 33.1289 -4.6516 -5.6655
Car -1 -1 -4.6024 384.9017 166.1633 416.4154 192.3176 1.6786 1.6147 3.8213 -14.0101 1.2489 48.3282 -4.8833 -5.6912
Car -1 -1 -4.8602 450.4389 178.1697 500.9599 212.3372 1.4345 1.6893 4.1105 -6.2801 1.6951 33.2020 -5.0461 -5.7437
Car -1 -1 -4.6741 743.1911 175.8904 769.6551 198.5726 1.4846 1.6501 4.0749 10.1443 1.7038 49.9830 -4.4754 -5.8867
Car -1 -1 -4.9271 480.2207 178.9169 536.8344 214.0181 1.4405 1.6548 4.2785 -4.7078 1.7342 32.6970 -5.0694 -5.9209
Car -1 -1 -6.4710 679.5149 176.5252 724.6349 195.6567 1.7787 1.7660 3.9854 8.6940 2.1319 68.4750 -6.3457 -6.3607
Car -1 -1 -8.3028 532.1827 177.4227 579.6405 201.6993 1.5827 1.5995 4.2384 -3.8355 1.9139 50.1159 -8.3793 -6.4130
Car -1 -1 -5.5761 0.0000 186.6963 9.1103 345.6126 1.6702 1.8093 4.4661 -10.6597 1.8663 9.0176 -6.4300 -6.5213
Car -1 -1 -7.3869 394.7410 184.8504 451.2514 213.2516 1.4185 1.5222 3.6471 -10.2440 2.1093 39.6235 -7.6387 -6.8730
