Car -1 -1 -2.7673 537.1924 172.1973 584.4932 189.8525 1.5319 1.6608 3.8435 -4.3747 1.4746 63.9755 -2.8356 -0.1836
Car -1 -1 -3.2369 436.9560 174.1990 510.9859 201.4118 1.5461 1.6415 4.1464 -8.0584 1.6276 42.4942 -3.4235 -0.5882
Car -1 -1 -4.2627 540.5895 170.7537 582.5245 190.9943 1.5935 1.7025 4.3656 -3.9475 1.4278 59.1476 -4.3294 -1.0025
Car -1 -1 -4.5638 306.9574 166.9440 342.9644 193.1955 1.7101 1.6921 4.0798 -19.4066 1.3248 49.1814 -4.9380 -1.0046
Car -1 -1 -7.7026 597.7310 163.4407 629.5753 194.5159 2.0816 1.7019 3.5608 0.2587 1.4507 50.2236 -7.6978 -2.4652
Car -1 -1 -7.1521 375.9273 170.5201 426.6162 194.9167 1.8586 1.7714 3.8715 -16.4951 1.6805 57.0969 -7.4323 -2.5098
Car -1 -1 -7.9418 748.0504 166.9975 771.6988 186.8008 1.5931 1.6053 3.5825 12.3893 1.1217 59.9163 -7.7391 -2.5225
Car -1 -1 -7.8656 223.0505 179.3834 273.2185 222.3080 1.5031 1.6370 4.2649 -14.2135 1.7788 28.2288 -8.3286 -2.7251
Car -1 -1 -6.9528 272.1013 178.3048 371.6251 218.3340 1.5281 1.5650 3.6694 -11.9667 1.7698 30.0630 -7.3289 -3.0307
Car -1 -1 -7.6326 791.8450 168.2333 818.1162 185.1241 1.4934 1.5791 3.5302 17.7598 1.0845 65.7223 -7.3700 -3.3628
Car -1 -1 -7.6694 174.6257 182.6571 240.3997 222.8328 1.4643 1.6246 4.0129 -16.4081 1.8943 29.5122 -8.1732 -3.4454
Car -1 -1 -4.9466 219.8394 181.7082 295.6702 227.0525 1.4238 1.5704 3.7462 -12.4782 1.7586 25.3624 -5.3999 -3.5106
Car -1 -1 -3.5242 908.9407 136.8677 1005.5739 172.2377 1.7137 1.7379 3.9793 17.2105 -0.0319 35.9812 -3.0811 -3.5989
Car -1 -1 -2.1238 345.6630 173.2454 424.6275 211.0787 1.5474 1.6082 3.6284 -9.8435 1.5651 31.3462 -2.4260 -3.6186
Car -1 -1 -4.6176 711.0499 175.9601 748.5241 205.2253 1.4529 1.6109 3.9063 6.3735 1.6268 38.3610 -4.4547 -3.6294
Car -1 -1 -7.0220 135.1524 188.8582 222.7163 219.4321 1.3486 1.4954 3.6894 -21.3856 2.1883 35.8856 -7.5564 -3.7236
Car -1 -1 -7.8047 767.1403 172.7487 794.2350 195.5331 1.4457 1.5741 3.6939 11.2977 1.4387 47.7738 -7.5742 -3.7945
Car -1 -1 -3.4240 986.3274 136.2616 1081.0551 170.2125 1.5685 1.6916 3.6041 20.3016 -0.1322 34.7830 -2.8992 -3.8470
Car -1 -1 -8.5005 574.0250 176.1538 628.6471 199.8492 1.4623 1.5966 3.7904 -0.6367 1.6864 47.0683 -8.5144 -3.9222
Car -1 -1 -7.8518 835.0512 174.4164 889.0413 220.5907 1.4861 1.6694 3.8725 8.8295 1.5455 25.4673 -7.5222 -4.4118
Car -1 -1 -8.5211 707.6280 154.5374 759.9455 178.7276 1.7373 1.7424 4.0141 9.1862 0.4215 53.9997 -8.3536 -4.6960
Car -1 -1 -4.5426 617.3360 175.8311 649.0366 198.9549 1.4494 1.5065 3.6189 1.5337 1.6537 47.6460 -4.5111 -4.7770
Car -1 -1 -7.4093 0.0000 192.3097 96.5703 237.0644 1.3656 1.5218 3.5274 -19.9305 2.1047 25.5393 -8.0671 -4.8246
Car -1 -1 -4.8334 364.8317 177.9502 410.7072 212.4459 1.5215 1.6279 4.0108 -10.7534 1.7810 34.6261 -5.1327 -4.8483
Car -1 -1 -7.7612 183.1039 175.8940 230.6566 211.7814 1.5374 1.5616 3.7703 -18.5771 1.6860 33.2964 -8.2669 -4.8490
Car -1 -1 -3.4236 0.0000 174.2868 74.7690 220.9857 1.5644 1.6504 4.1378 -22.4621 1.6211 26.4838 -4.1221 -4.8988
Car -1 -1 -7.9942 636.3195 174.4087 674.7813 203.5124 1.4833 1.5297 3.9083 2.3734 1.5714 38.9990 -7.9343 -5.0117
Car -1 -1 -8.6544 723.7155 169.8619 789.2261 194.0423 1.5153 1.6614 4.2593 9.5390 1.3275 47.4409 -8.4575 -5.0400
Car -1 -1 -7.9349 835.9983 173.6716 915.1954 241.0774 1.6368 1.6697 3.8156 7.0622 1.6611 19.6288 -7.5950 -5.0875
Car -1 -1 -6.0432 248.3522 183.5981 349.0930 221.8429 1.4005 1.4251 3.3383 -12.0328 1.8309 27.9451 -6.4467 -5.3618
Car -1 -1 -7.8924 673.8102 173.4327 705.1061 201.8120 1.4605 1.5280 3.8334 4.2335 1.4932 39.1771 -7.7860 -5.4854
Car -1 -1 -2.5758 277.3799 173.0434 377.0212 205.3330 1.5275 1.7351 4.2946 -13.8907 1.5369 35.4143 -2.9474 -5.5182
Car -1 -1 -4.5926 314.0023 162.6640 342.0498 187.5218 1.9412 1.6841 3.6545 -22.7818 1.1452 58.3263 -4.9636 -5.6357
Car -1 -1 -1.9894 0.0000 181.5878 0.0000 350.1887 1.5614 1.6683 4.2718 -9.5790 1.6789 8.2784 -2.8314 -5.6994
Car -1 -1 -2.2491 0.0000 175.5792 21.3747 374.0000 1.4614 1.5879 4.2542 -6.1601 1.4797 4.0039 -3.2126 -5.7310
Car -1 -1 -5.4127 0.0000 189.6364 14.7921 308.5032 1.5393 1.7608 4.2169 -11.5972 1.8090 10.6161 -6.2296 -6.4194
Car -1 -1 -7.8056 479.5331 165.4310 499.1106 184.7617 1.8586 1.7400 3.4726 -11.9020 1.1446 71.1987 -7.9708 -7.4314
Car -1 -1 -5.9838 661.2290 166.7653 709.9938 185.4438 1.6409 1.5609 4.0842 6.7761 1.1057 64.9039 -5.8805 -7.6987
