Car -1 -1 -7.5630 580.2272 170.5804 614.0901 192.5765 1.8096 1.7408 4.2788 -1.0790 1.6223 61.6557 -7.5807 -1.4476
Car -1 -1 -4.0687 551.3360 165.9003 593.0634 184.7293 1.5979 1.6556 3.8874 -3.3069 1.0075 63.3090 -4.1209 -1.5228
Car -1 -1 -4.3309 426.8097 169.6063 475.2364 196.0347 1.5457 1.6342 3.6949 -9.7078 1.3555 44.1572 -4.5464 -2.1224
Car -1 -1 -7.9024 697.5980 169.2192 731.8777 199.9057 1.5158 1.5781 3.5187 5.3557 1.3359 37.4648 -7.7619 -2.7710
Car -1 -1 -7.9370 724.6574 170.9817 763.3199 201.5532 1.4016 1.5340 3.5438 6.3940 1.3155 34.9172 -7.7577 -2.7772
Car -1 -1 -4.9174 393.6081 162.9004 427.1063 186.1890 1.7059 1.6884 3.9624 -15.2789 0.9765 55.0015 -5.1873 -2.7781
Car -1 -1 -6.3716 950.2181 168.6916 1156.1061 242.1082 1.4418 1.5618 3.6563 9.3517 1.3597 15.6567 -5.8418 -3.5446
Car -1 -1 -7.7964 722.2207 163.3142 765.6600 204.5740 1.6357 1.6172 3.4351 5.6560 1.2572 30.4639 -7.6150 -3.6405
Car -1 -1 -6.2901 626.8455 167.9326 681.9538 189.8997 1.6354 1.6986 4.1032 3.3238 1.2687 54.6734 -6.2300 -3.7393
Car -1 -1 -6.9869 299.4200 161.5322 354.4794 185.1508 1.6903 1.6977 3.5533 -21.0141 0.8798 53.6059 -7.3590 -3.7799
Car -1 -1 -4.2727 559.9753 167.1510 600.2013 189.7717 1.5944 1.5097 3.7117 -2.1817 1.1921 52.8610 -4.3140 -3.8655
Car -1 -1 -6.5480 410.5700 169.2711 474.4377 199.2067 1.5456 1.5423 3.0350 -9.0091 1.3603 38.6503 -6.7758 -3.9227
Car -1 -1 -8.2761 700.7180 157.9825 741.2451 178.8766 1.6167 1.6856 4.0879 8.8493 0.4657 58.0250 -8.1257 -4.0381
Car -1 -1 -7.4387 471.9594 165.7818 515.3279 190.8951 1.9319 1.7522 4.5434 -9.3086 1.3875 57.9255 -7.5976 -4.1929
Car -1 -1 -7.7330 374.1111 159.0173 405.6442 185.2063 1.9467 1.8330 4.2501 -17.0278 0.9179 55.8846 -8.0276 -4.2135
Car -1 -1 -5.0569 182.9576 172.0238 238.3944 199.4508 1.5461 1.5679 4.1249 -23.6561 1.4990 42.6251 -5.5611 -4.5246
Car -1 -1 -8.0049 716.6562 165.1398 754.6475 195.2854 1.7347 1.6678 3.9443 7.4885 1.2905 43.5066 -7.8359 -4.5341
Car -1 -1 -7.4250 185.7323 174.5352 243.8676 203.7201 1.4150 1.4349 3.0944 -20.1094 1.5041 36.7594 -7.9227 -4.5380
Car -1 -1 -8.4840 890.2881 178.0322 998.4427 223.1258 1.4702 1.5462 3.8477 11.8895 1.6714 26.0355 -8.0605 -4.5587
Car -1 -1 -8.1825 534.0016 167.7011 567.8138 188.2415 1.5528 1.6016 3.4607 -4.6807 1.1629 56.4523 -8.2651 -4.6623
Car -1 -1 -7.5897 481.6499 163.1594 516.4104 186.3943 1.9006 1.8286 4.4175 -9.4050 1.1073 61.3190 -7.7414 -4.7078
Car -1 -1 -2.9925 549.1882 165.3820 611.4240 187.4938 1.6504 1.6718 4.5369 -2.2639 1.0924 54.9314 -3.0337 -4.7153
Car -1 -1 -4.0209 339.5422 162.2060 390.4408 190.0426 2.3186 1.8326 4.3252 -21.1689 1.4314 62.4463 -4.3467 -4.7640
Car -1 -1 -6.3137 440.9420 166.1881 496.8344 191.6375 1.6581 1.7283 3.6065 -9.4817 1.2235 48.2533 -6.5070 -4.8013
Car -1 -1 -6.9518 229.1988 166.4972 292.8249 191.2070 1.6062 1.6271 3.6609 -23.6295 1.1927 48.9049 -7.3999 -4.8649
Car -1 -1 -8.5220 838.9213 169.0320 957.5180 214.6110 1.4313 1.7047 3.9074 9.7170 1.3110 24.7760 -8.1527 -4.9473
Car -1 -1 -2.4749 250.4794 162.0430 312.7395 182.8759 1.5493 1.6543 4.1939 -25.0307 0.7450 54.9631 -2.9006 -5.0238
Car -1 -1 -3.9915 116.9458 172.5198 208.0534 202.7282 1.3897 1.5865 3.9157 -21.7944 1.3740 35.2578 -4.5419 -5.3081
Car -1 -1 -4.5043 606.0587 168.0941 638.4423 188.7637 1.5287 1.6894 4.0759 0.9550 1.1763 55.5379 -4.4875 -5.4638
Car -1 -1 -4.2179 232.6501 169.2189 294.8988 201.9876 1.5359 1.4529 3.0973 -16.9634 1.3653 35.4032 -4.6621 -5.5652
Car -1 -1 -2.4147 0.0000 162.5895 96.8287 374.0000 1.5568 1.6999 4.3051 -5.8285 1.5157 4.1233 -3.3389 -5.6141
Car -1 -1 -5.6101 1241.0000 54.2323 1241.0000 374.0000 1.3855 1.5705 4.0024 5.8494 1.2627 2.8540 -4.5330 -5.7632
Car -1 -1 -4.9568 0.0000 0.0000 1241.0000 374.0000 1.5037 1.6065 3.9598 0.5469 1.5417 1.7186 -4.6976 -5.8867
Car -1 -1 -5.5152 0.0000 0.0000 1206.5804 374.0000 1.4983 1.6063 3.9582 2.1548 1.5033 1.7180 -4.6977 -5.8867
Car -1 -1 -5.9879 0.0000 0.0000 1241.0000 374.0000 1.4841 1.6002 3.9514 6.9784 1.4084 1.7178 -4.6976 -5.8867
Car -1 -1 -9.1920 0.0000 0.0000 1241.0000 374.0000 1.5216 1.5850 3.8003 3.9150 1.4813 0.9975 -7.9398 -5.8867
Car -1 -1 -2.1465 0.0000 175.9122 13.4659 347.3177 1.4080 1.5432 3.5284 -8.1113 1.4418 6.9993 -2.9863 -5.9031
Car -1 -1 -8.1105 887.0043 172.2981 983.8752 227.3305 1.3692 1.5575 3.4384 8.7448 1.3551 19.7699 -7.7000 -5.9799
Car -1 -1 -4.5278 476.6794 165.8237 506.5746 188.0663 1.5742 1.4936 3.8008 -8.6828 1.0763 52.9818 -4.6897 -5.9808
Car -1 -1 -8.5379 1241.0000 143.2419 1241.0000 374.0000 1.3651 1.5701 4.0438 7.4710 1.2384 5.2332 -7.6043 -6.0790
Car -1 -1 -5.7107 0.0000 185.9466 8.5481 353.2445 1.5983 1.7037 3.9582 -9.9171 1.7763 8.4649 -6.5592 -6.6195
Car -1 -1 -7.8410 439.5842 156.4423 459.2942 182.9891 2.2737 1.6519 4.4906 -14.2692 0.8678 64.1656 -8.0591 -7.1181
