Car -1 -1 -4.1086 413.3022 172.1852 453.8398 192.9248 1.9096 1.7290 4.0919 -16.7630 1.8478 68.6565 -4.3475 1.1749
Car -1 -1 -4.2887 457.6599 172.0197 505.2064 197.7223 1.6749 1.6764 4.0410 -8.7382 1.6202 49.1837 -4.4639 0.2982
Car -1 -1 -4.3869 398.1413 177.5878 457.0566 210.1063 1.4655 1.5561 4.0929 -8.8664 1.7102 35.2322 -4.6321 -0.9760
Car -1 -1 -4.2583 128.0644 177.7443 182.1879 207.6954 1.5380 1.4802 2.5796 -24.4831 1.8103 38.8559 -4.8176 -1.3003
Car -1 -1 -4.3639 354.3094 177.5291 410.7044 208.0131 1.4845 1.6252 3.7237 -11.8281 1.7403 37.6168 -4.6669 -1.7893
Car -1 -1 -7.7438 763.8878 166.9384 828.4832 224.1601 1.6525 1.5918 3.7568 5.9206 1.4813 22.8750 -7.4942 -1.9771
Car -1 -1 -2.6888 407.6623 173.2962 475.4333 197.2227 1.5543 1.6868 4.0824 -11.2674 1.5844 48.1962 -2.9176 -2.5631
Car -1 -1 -4.7486 344.1407 174.5657 370.2214 196.3725 1.4694 1.6032 3.7924 -17.9280 1.5950 51.0014 -5.0853 -2.6177
Car -1 -1 -5.1595 688.9584 171.3625 737.8087 196.5732 1.5632 1.6176 3.8598 6.6213 1.4704 46.8225 -5.0203 -2.6218
Car -1 -1 -4.2662 717.7127 167.9212 755.3116 186.5628 1.5723 1.6491 4.0540 11.0509 1.1560 62.9874 -4.0936 -2.6239
Car -1 -1 -5.7497 208.3540 176.9485 288.0088 203.2395 1.5087 1.6444 3.9208 -21.3918 1.7559 42.6623 -6.2122 -2.6806
Car -1 -1 -7.8734 402.6682 177.2953 437.5014 208.2946 1.4968 1.6666 3.9981 -9.9746 1.7413 37.6075 -8.1312 -3.1690
Car -1 -1 -6.1762 957.6558 141.5431 1083.8441 185.3962 1.6218 1.7046 4.1960 16.1879 0.4636 28.5948 -5.6655 -3.2644
Car -1 -1 -7.8726 682.6537 174.3510 724.8417 214.3325 1.5184 1.6027 3.8075 3.7437 1.5835 29.5286 -7.7483 -3.3237
Car -1 -1 -4.1231 163.2673 178.1571 231.2522 205.8352 1.4842 1.5870 3.6970 -23.5900 1.8016 41.3216 -4.6393 -3.3303
Car -1 -1 -6.7127 1169.4064 174.7671 1241.0000 309.4049 1.3516 1.5734 3.8167 9.2945 1.3782 8.7094 -5.9119 -3.3373
Car -1 -1 -6.1915 373.8839 177.6339 438.9369 205.2604 1.4901 1.5673 3.3723 -11.3782 1.7643 40.3641 -6.4649 -3.3944
Car -1 -1 -4.4601 380.1165 175.3156 422.4575 202.0422 1.5648 1.6101 3.7945 -12.8561 1.7230 44.5182 -4.7400 -3.4027
Car -1 -1 -8.0293 319.2355 171.7180 357.2460 196.8094 1.5835 1.6792 3.9961 -18.0266 1.5115 47.6837 -8.3892 -3.5408
Car -1 -1 -4.9543 485.9919 176.0605 512.2476 191.6792 1.4768 1.6367 4.0589 -11.0051 1.8031 71.3087 -5.1072 -3.6265
Car -1 -1 -4.7714 457.6267 172.2917 488.5191 198.3288 1.5639 1.6582 4.4102 -8.7444 1.5298 45.6800 -4.9598 -3.7040
Car -1 -1 -7.9206 210.7382 170.9493 245.0545 199.4108 1.7184 1.6622 3.9829 -24.2629 1.6031 45.6950 -8.4065 -3.7859
Car -1 -1 -4.1574 438.6927 174.4881 468.9070 190.5641 1.5442 1.5185 3.0944 -15.4430 1.7094 71.3665 -4.3700 -3.9622
Car -1 -1 -5.1662 548.2535 173.2280 591.0721 194.1637 1.6351 1.6699 4.5110 -3.3605 1.6665 58.8139 -5.2234 -4.1396
Car -1 -1 -4.4590 502.9102 175.3302 528.6309 190.6575 1.4636 1.6118 3.8718 -9.3332 1.7159 71.5739 -4.5885 -4.2353
Car -1 -1 -6.4657 0.0000 188.8631 18.3988 225.0096 1.3794 1.5248 3.7992 -28.2806 2.1162 31.2503 -7.1971 -4.3683
Car -1 -1 -4.3130 178.2142 177.8199 244.9488 204.1469 1.3627 1.7352 4.2741 -22.2406 1.6556 40.3953 -4.8137 -4.3917
Car -1 -1 -5.1412 975.0945 173.3679 1077.6731 222.1888 1.4612 1.5365 3.5080 13.3532 1.4789 23.4454 -4.6293 -4.7548
Car -1 -1 -6.9137 1241.0000 169.7045 1241.0000 358.7547 1.4485 1.4531 3.4989 8.7852 1.4241 6.6923 -6.0152 -4.8399
Car -1 -1 -4.6368 696.7742 175.2595 720.1943 195.4762 1.5112 1.5485 3.6183 7.6864 1.7051 56.3261 -4.5023 -4.8645
Car -1 -1 -3.0049 244.6825 172.1824 306.3503 197.3864 1.5471 1.6327 3.3398 -21.0986 1.5055 45.5559 -3.4367 -4.9097
Car -1 -1 -5.5820 133.4753 183.6115 249.3086 223.4543 1.4295 1.6366 3.6454 -16.0357 1.8580 27.6285 -6.1039 -5.0194
Car -1 -1 -7.6730 615.7786 165.2486 641.9586 185.5538 1.8455 1.8050 3.7766 1.7774 1.1539 67.6111 -7.6471 -5.0813
Car -1 -1 -4.6065 477.4869 173.8804 509.2625 198.3808 1.4981 1.6031 3.9626 -7.4745 1.5665 46.3089 -4.7660 -5.4576
Car -1 -1 -8.0669 603.9047 173.2034 644.8709 201.4984 1.4649 1.4741 3.7023 0.6993 1.4846 39.3633 -8.0498 -5.6144
Car -1 -1 -3.3005 401.2536 175.6082 480.3252 202.4940 1.5329 1.6405 4.3900 -10.1293 1.7031 43.0570 -3.5305 -5.8589
Car -1 -1 -6.9162 0.0000 0.0000 1241.0000 374.0000 1.5530 1.5933 3.8068 -2.1021 1.6595 1.0025 -7.9391 -5.8867
Car -1 -1 -4.0735 1190.3903 91.4300 1241.0000 374.0000 1.5195 1.6222 3.9609 5.0124 1.2877 2.9800 -3.0815 -5.8867
Car -1 -1 -6.3846 812.5927 156.0690 881.4377 181.1067 1.5407 1.6011 3.9863 14.8882 0.5075 45.6026 -6.0710 -6.0977
Car -1 -1 -5.0102 482.1806 175.8128 515.2345 196.6008 1.5994 1.5714 3.8437 -9.0314 1.8461 58.1746 -5.1639 -6.2081
Car -1 -1 -6.1824 796.5029 154.2667 863.6713 178.8166 1.7421 1.6554 4.5643 16.0834 0.4228 52.8433 -5.8886 -6.7400
