Car -1 -1 -8.6005 1025.0774 196.8349 1241.0000 374.0000 1.4174 1.6344 4.2855 3.0939 1.5678 2.3051 -7.7300 1.7622
Car -1 -1 -7.8891 755.7216 171.2278 787.0331 200.4787 1.5557 1.5673 3.4677 8.9181 1.4689 40.2211 -7.6729 0.5115
Car -1 -1 -7.7280 457.6476 170.9353 484.7482 190.5717 1.5286 1.6655 3.9247 -11.1810 1.3790 58.1805 -7.9173 -0.4811
Car -1 -1 -7.8738 700.3143 168.0357 729.6834 196.6546 1.6079 1.6245 3.5693 6.0969 1.3369 42.4079 -7.7324 -0.5767
Car -1 -1 -6.9828 698.1392 175.4992 772.9546 203.3052 1.4165 1.5628 3.8586 6.7140 1.5641 38.7182 -6.8128 -1.4543
Car -1 -1 -3.0400 659.6777 174.0697 708.8423 195.6157 1.6023 1.6936 3.5756 5.6462 1.6967 54.9830 -2.9387 -2.0648
Car -1 -1 -5.1535 638.0932 169.5315 686.5397 197.3889 1.8277 1.7018 4.1498 3.5086 1.6094 49.5816 -5.0837 -2.5305
Car -1 -1 -7.8075 290.7913 176.3670 333.2761 211.4623 1.4623 1.5874 3.7490 -13.4049 1.6301 32.5030 -8.1960 -2.6464
Car -1 -1 -5.8891 704.5161 173.9280 795.5023 205.2140 1.4985 1.6683 4.2040 7.0212 1.5553 36.5382 -5.7012 -3.0261
Car -1 -1 -4.7449 681.8117 172.3722 709.1801 197.6339 1.5852 1.6365 4.2592 5.5497 1.5547 47.4671 -4.6296 -3.0747
Car -1 -1 -2.3167 271.2757 176.0249 328.4357 197.0103 1.6845 1.7834 4.5267 -25.8974 1.9563 60.1802 -2.7217 -3.2555
Car -1 -1 -8.2330 410.2381 166.2415 447.6473 186.6131 1.7341 1.7463 4.2630 -16.0292 1.1709 63.6598 -8.4789 -3.4458
Car -1 -1 -7.9946 725.8056 167.8710 752.7686 188.5334 1.5780 1.5836 3.6951 10.1471 1.1971 56.9778 -7.8195 -3.5637
Car -1 -1 -4.8616 440.3217 171.7028 469.1646 190.8566 1.4916 1.7251 3.8281 -12.5976 1.4016 58.2845 -5.0738 -3.7465
Car -1 -1 -4.6935 699.2242 174.1838 721.6437 194.0940 1.4686 1.6424 4.1335 7.7520 1.5749 55.6808 -4.5562 -3.7575
Car -1 -1 -4.6036 674.4839 170.0918 712.7929 201.2057 1.6359 1.7002 3.9429 4.6505 1.4903 40.0469 -4.4893 -3.8754
Car -1 -1 -5.1461 692.6263 173.7020 759.2590 206.8197 1.5103 1.6408 4.0505 5.5343 1.5539 35.1885 -4.9919 -4.0119
Car -1 -1 -5.1825 539.1752 173.4395 582.1597 195.3802 1.6294 1.6751 4.0204 -3.8854 1.6761 55.8529 -5.2520 -4.1770
Car -1 -1 -3.5276 61.7078 182.0272 251.1721 263.6855 1.5311 1.6042 3.1063 -9.7839 1.7516 15.6432 -4.0792 -4.2369
Car -1 -1 -6.8323 314.5654 168.3508 367.4621 190.3822 1.8880 1.7128 4.1044 -23.8330 1.5018 63.9750 -7.1877 -4.2663
Car -1 -1 -8.0760 696.1053 168.3397 722.6298 184.6610 1.5639 1.7400 4.0358 9.7541 1.1310 71.2211 -7.9406 -4.4685
Car -1 -1 -7.4698 469.1383 169.9529 508.0194 190.8924 1.6211 1.6872 4.0516 -9.7419 1.3962 58.0192 -7.6357 -4.5360
Car -1 -1 -7.8199 598.4128 198.7203 1241.0000 374.0000 1.4011 1.5629 3.5691 1.4441 1.5648 2.6316 -7.3649 -4.5382
Car -1 -1 -2.9307 532.9862 171.4101 577.3651 189.8947 1.7023 1.6282 3.8866 -5.1342 1.5690 67.5153 -3.0066 -4.6368
Car -1 -1 -8.1545 410.0614 164.4353 441.9657 184.9529 1.8649 1.7552 4.1462 -17.3405 1.0994 67.8092 -8.4042 -4.6494
Car -1 -1 -6.2968 882.4005 156.5825 1049.1858 231.6151 1.7946 1.6588 3.7402 9.0996 1.4051 18.7919 -5.8524 -4.7029
Car -1 -1 -8.6014 713.0422 158.5745 764.4008 180.9291 1.8412 1.7892 4.4288 10.9469 0.6648 61.7733 -8.4270 -4.8072
Car -1 -1 -4.5887 252.9985 174.9033 284.5854 198.6484 1.5775 1.5864 3.2605 -23.6568 1.7245 50.0424 -5.0285 -4.8952
Car -1 -1 -2.1241 0.0000 183.3964 17.8873 268.0338 1.6184 1.8469 4.2624 -15.4255 1.8661 15.5621 -2.8965 -4.9594
Car -1 -1 -4.5328 1140.7405 180.8629 1241.0000 374.0000 1.4368 1.5512 3.9366 5.1461 1.5084 4.7306 -3.7365 -4.9875
Car -1 -1 -4.8352 608.1125 176.8864 645.0065 203.7104 1.4089 1.5662 4.1878 0.8458 1.6482 40.7108 -4.8151 -4.9925
Car -1 -1 -4.5286 594.7978 175.1772 617.0125 191.9580 1.5164 1.4820 3.4162 -0.3802 1.7393 67.5154 -4.5346 -5.1314
Car -1 -1 -2.2274 0.0000 182.3324 75.3732 374.0000 1.4130 1.5900 4.2520 -6.0633 1.4817 4.4444 -3.1367 -5.6879
Car -1 -1 -5.1805 561.7386 176.9731 613.1568 204.5138 1.4526 1.4871 3.4331 -1.3434 1.6939 40.4752 -5.2140 -5.7186
Car -1 -1 -4.2746 270.6857 175.5437 325.3177 202.7723 1.7377 1.7336 4.2550 -20.9796 1.9267 48.6267 -4.6802 -5.8155
Car -1 -1 -5.0657 607.8279 174.5021 652.4089 197.7732 1.4419 1.6195 4.0006 1.2313 1.5542 47.1663 -5.0401 -5.8745
Car -1 -1 -4.5350 0.0000 179.3385 5.5990 203.1861 1.4726 1.6465 4.0245 -41.6164 1.9218 47.8742 -5.2479 -5.8867
Car -1 -1 -6.7853 0.0000 0.0000 1241.0000 374.0000 1.5434 1.5888 3.8037 -2.9057 1.6376 1.0045 -7.9392 -5.8867
Car -1 -1 -4.5100 0.0000 180.0152 0.0000 205.4761 1.4855 1.6492 4.0260 -41.6156 1.9577 45.4586 -5.2485 -5.8867
Car -1 -1 -4.8384 391.9182 166.9650 417.5031 185.4615 1.4663 1.5803 3.5690 -16.8787 0.9991 59.1497 -5.1154 -6.0671
Car -1 -1 -5.2981 0.0000 186.7581 16.5522 310.6505 1.6155 1.8555 4.5338 -11.9293 1.8523 11.0014 -6.1118 -6.4984
