Car -1 -1 -8.4159 899.7128 204.6467 1241.0000 374.0000 1.3248 1.6199 3.8238 3.2666 1.6079 4.4926 -7.8189 4.4673
Car -1 -1 -5.0518 694.7045 173.7218 735.9977 199.7967 1.5229 1.5745 2.9762 6.3315 1.5773 43.8618 -4.9098 -1.6893
Car -1 -1 -6.8790 735.1576 174.1343 806.0583 200.9987 1.5426 1.6701 3.8608 9.5470 1.6214 43.0649 -6.6628 -1.7822
Car -1 -1 -7.8830 703.5876 176.6211 733.6702 203.1985 1.4185 1.5691 3.6317 6.0874 1.6419 40.9429 -7.7369 -2.0231
Car -1 -1 -4.4597 420.0050 172.4434 448.2874 189.8030 1.6105 1.6434 4.1465 -16.8026 1.5721 69.0255 -4.6979 -2.3334
Car -1 -1 -4.5811 10.4501 178.7326 48.4594 201.9426 1.5505 1.6253 3.6916 -41.1850 1.9838 51.2143 -5.2559 -2.7965
Car -1 -1 -5.0643 468.3251 171.9717 503.1452 191.9169 1.6226 1.6290 3.9457 -10.5301 1.5505 60.8145 -5.2353 -3.0807
Car -1 -1 -3.8610 475.4388 166.9989 522.0396 187.2465 1.8746 1.8265 4.2577 -10.6293 1.3322 69.0205 -4.0135 -3.1488
Car -1 -1 -4.8698 704.1208 168.6202 734.9316 190.7181 1.6412 1.6994 4.2205 8.3827 1.3264 55.7049 -4.7215 -3.2070
Car -1 -1 -6.7006 402.8690 170.4891 455.1105 188.8558 1.5074 1.6952 3.9427 -15.3329 1.3130 61.0989 -6.9457 -3.2588
Car -1 -1 -4.3773 512.8077 170.3413 544.1143 186.9654 1.5893 1.8516 4.0125 -8.0202 1.3488 71.1418 -4.4894 -3.6594
Car -1 -1 -5.5377 439.6999 173.2098 484.2128 191.2978 1.4859 1.6145 3.5214 -12.5350 1.5165 60.9389 -5.7400 -3.6966
Car -1 -1 -4.6612 437.8104 170.7917 459.9376 188.5266 1.5179 1.7006 4.2174 -14.2753 1.3411 63.9754 -4.8801 -3.7178
Car -1 -1 -8.0383 692.9124 167.7799 717.9990 184.6096 1.5566 1.6693 3.9327 9.0410 1.0870 68.7445 -7.9083 -3.7255
Car -1 -1 -4.7220 748.9911 173.8898 783.8215 205.0363 1.4867 1.6386 3.6713 7.8488 1.5417 36.5334 -4.5125 -3.7692
Car -1 -1 -4.3042 665.1777 173.7510 711.9984 200.6643 1.5304 1.5806 3.3435 4.6817 1.5858 42.9965 -4.1970 -3.7923
Car -1 -1 -7.8228 688.5355 175.3605 714.2187 197.1805 1.3985 1.6044 4.3238 6.2122 1.5764 49.0252 -7.6979 -3.8606
Car -1 -1 -4.9493 702.9412 169.3936 727.6680 183.7893 1.3872 1.6224 3.5654 10.3695 1.0534 71.3778 -4.8059 -3.9160
Car -1 -1 -2.6023 388.1380 174.4524 445.4071 196.6723 1.6116 1.6250 3.8379 -14.4344 1.7334 53.8284 -2.8633 -3.9367
Car -1 -1 -4.4053 25.9075 181.4393 73.4667 203.3908 1.4411 1.6402 3.5648 -39.4567 2.0691 50.8529 -5.0628 -4.1496
Car -1 -1 -7.9571 695.5054 175.2804 731.7268 205.3634 1.4847 1.5267 3.2295 5.3071 1.6161 37.5165 -7.8182 -4.1632
Car -1 -1 -5.2537 643.5737 176.1147 700.5319 202.2074 1.4091 1.5772 3.6888 3.4780 1.6052 41.4691 -5.1711 -4.1732
Car -1 -1 -7.7172 597.2972 174.9932 626.5928 198.4142 1.6941 1.7070 3.8812 0.1550 1.8617 54.6026 -7.7148 -4.2524
Car -1 -1 -4.7643 397.8860 171.9615 421.7883 192.0341 1.5531 1.6654 3.4320 -16.0614 1.4837 57.7188 -5.0348 -4.5972
Car -1 -1 -4.5502 489.6469 175.3083 517.6264 195.9225 1.6050 1.6377 3.9224 -8.6300 1.8108 58.6210 -4.6961 -4.6363
Car -1 -1 -2.0011 76.1523 179.1229 135.0740 204.6169 1.5287 1.6033 3.8608 -32.0329 1.9405 45.7580 -2.6093 -4.7418
Car -1 -1 -8.2845 792.8236 169.8289 849.8384 196.3000 1.4598 1.6485 3.9836 12.1579 1.2927 41.8841 -8.0042 -4.8459
Car -1 -1 -4.7047 414.3751 170.8292 440.9305 191.1775 1.5554 1.9766 4.9810 -14.6109 1.4003 57.8058 -4.9514 -4.9944
Car -1 -1 -2.5027 0.0000 179.6716 39.3082 296.6521 1.5242 1.6420 4.0469 -11.2558 1.6354 10.6679 -3.3024 -5.0024
Car -1 -1 -4.6960 760.1620 175.6574 792.0915 203.0315 1.3947 1.6087 3.1714 8.9230 1.5520 38.8474 -4.4723 -5.0224
Car -1 -1 -9.1749 0.0000 0.0000 1241.0000 374.0000 1.4341 1.5922 4.0905 4.3266 1.3759 1.1270 -7.9212 -5.2945
Car -1 -1 -5.0081 853.1630 172.9189 947.3292 229.1777 1.4992 1.5864 3.3884 8.2763 1.5010 20.9809 -4.6377 -5.3792
Car -1 -1 -8.0551 544.5954 175.2907 590.5864 206.5326 1.4515 1.5359 3.8470 -2.2032 1.5794 35.9006 -8.1164 -5.4609
Car -1 -1 -4.6177 217.3249 178.2587 248.2551 202.0704 1.5087 1.4927 3.7754 -25.4311 1.8881 48.6664 -5.0972 -5.4777
Car -1 -1 -8.1725 564.8078 174.1246 593.9850 191.2010 1.6052 1.6669 4.0000 -3.0333 1.7325 70.3125 -8.2158 -5.4971
Car -1 -1 -7.8876 540.5477 169.2114 559.2644 185.7008 1.5877 1.7129 3.9596 -6.0009 1.2366 71.5393 -7.9712 -5.5622
Car -1 -1 -8.0730 905.1783 174.0600 1170.7520 342.8743 1.4996 1.7106 3.9167 4.6272 1.5172 8.5529 -7.5922 -5.5638
Car -1 -1 -2.5571 0.0000 198.3549 140.6958 374.0000 1.3772 1.6638 4.2924 -5.7159 1.5856 4.4913 -3.4328 -5.5695
Car -1 -1 -8.0219 572.8091 174.7229 613.8602 205.3812 1.4735 1.5013 3.6125 -0.9366 1.5735 36.8283 -8.0477 -5.6582
Car -1 -1 -2.0971 0.0000 183.7458 1.3939 350.9636 1.4348 1.5590 4.1738 -8.8956 1.5654 7.5068 -2.9493 -5.6929
Car -1 -1 -6.1568 747.7282 164.6599 805.4265 183.5906 1.5957 1.7837 4.6814 14.3981 0.9047 62.4648 -5.9315 -5.6931
Car -1 -1 -5.1018 612.1828 175.0078 658.9101 197.0057 1.4540 1.6985 4.4499 1.7002 1.6117 50.5401 -5.0687 -5.7054
Car -1 -1 -5.1791 606.5264 178.2414 659.5231 202.9161 1.3740 1.5553 3.9430 1.2898 1.7122 43.2174 -5.1500 -5.7205
Car -1 -1 -5.0003 713.5073 173.9803 764.8988 203.5077 1.4514 1.5503 4.0134 6.6452 1.5132 37.7075 -4.8276 -5.7940
Car -1 -1 -5.0114 497.1370 180.0676 544.4976 206.5997 1.3965 1.5959 3.9178 -5.1822 1.8296 41.2403 -5.1361 -5.8379
Car -1 -1 -4.2258 356.7706 176.5887 418.4901 203.6772 1.3584 1.5080 3.9263 -11.9270 1.5697 38.8233 -4.5223 -5.8401
Car -1 -1 -7.8275 279.8479 169.4562 305.8406 197.6194 1.9789 1.6358 3.8156 -23.1894 1.7398 52.7735 -8.2399 -5.8844
Car -1 -1 -3.5144 0.0000 183.5543 0.0000 374.0000 1.4734 1.5959 3.9465 -7.8870 1.5461 2.9365 -4.6978 -5.8867
Car -1 -1 -7.0093 0.0000 0.0000 1241.0000 374.0000 1.5374 1.5884 3.8047 -1.7124 1.5985 0.9978 -7.9398 -5.8867
Car -1 -1 -6.7369 0.0000 0.0000 1241.0000 374.0000 1.5408 1.5883 3.8032 -3.3203 1.6339 0.9969 -7.9397 -5.8867
Car -1 -1 -4.4708 423.7462 177.1742 462.9831 199.8448 1.3720 1.5659 3.9083 -10.6928 1.6612 46.3821 -4.6965 -5.8867
Car -1 -1 -4.3013 0.0000 180.2775 0.0000 277.7786 1.4119 1.5988 4.1718 -14.2737 1.5685 13.0198 -5.1223 -5.8938
Car -1 -1 -4.0494 287.7805 170.7417 335.1130 192.9978 1.7934 1.5966 3.8839 -24.8909 1.6229 60.2257 -4.4399 -5.9093
Car -1 -1 -7.9435 564.7301 178.2880 611.0928 220.6958 1.4972 1.4774 3.2140 -0.9383 1.7174 27.5926 -7.9778 -5.9248
Car -1 -1 -2.2707 0.0000 176.0711 0.0000 309.3917 1.5333 1.5972 3.7018 -10.4186 1.5780 9.2096 -3.1032 -5.9271
Car -1 -1 -4.5667 0.0000 180.7815 16.2332 203.9848 1.4491 1.6094 4.1759 -41.5432 2.0086 48.7597 -5.2697 -6.0258
