Car -1 -1 -3.0505 713.3991 159.5161 802.7393 203.2088 1.6727 1.6207 3.3743 5.9005 1.1617 28.8814 -2.8514 0.6505
Car -1 -1 -4.8700 740.4196 171.3620 800.8912 214.8790 1.4683 1.5770 3.5453 5.7020 1.4176 26.1577 -4.6582 -0.5275
Car -1 -1 -7.6407 446.5712 166.4246 486.2943 194.9187 1.6887 1.6487 3.7714 -8.8700 1.3074 44.6620 -7.8359 -1.6941
Car -1 -1 -6.7202 487.3116 168.3556 539.4187 189.3598 1.5744 1.6768 3.6228 -7.4871 1.2369 55.7667 -6.8533 -1.7610
Car -1 -1 -7.7681 939.7677 169.9849 1025.8500 235.9252 1.4182 1.5700 3.6526 9.0500 1.3562 17.4840 -7.2978 -2.7840
Car -1 -1 -6.8713 542.0405 168.8282 594.8781 190.8632 1.6359 1.6527 3.7634 -3.1983 1.3367 55.3600 -6.9290 -3.0307
Car -1 -1 -7.8626 476.9147 167.6888 500.6636 189.2030 1.6093 1.7571 4.5248 -9.5139 1.2226 56.3536 -8.0294 -3.0962
Car -1 -1 -4.7017 486.8306 170.0442 510.7973 192.1587 1.5452 1.6592 4.0500 -8.1028 1.3486 52.5393 -4.8542 -3.1462
Car -1 -1 -3.0841 673.4687 166.6568 736.1672 189.0132 1.6194 1.7095 4.5230 7.0225 1.1702 53.5247 -2.9547 -3.1851
Car -1 -1 -7.1290 723.1437 168.3198 802.8502 201.2078 1.5337 1.6266 3.9538 7.5121 1.3220 35.4809 -6.9225 -3.4230
Car -1 -1 -4.2830 410.8589 170.1682 458.3113 195.0789 1.4968 1.5514 3.5524 -10.9819 1.3351 45.2457 -4.5200 -3.5902
Car -1 -1 -2.2121 286.0616 167.2500 332.7923 189.0011 1.5307 1.5921 3.0917 -21.7995 1.1360 52.2497 -2.6057 -3.6042
Car -1 -1 -7.9501 502.0298 168.2962 523.5370 184.8790 1.4477 1.5902 3.4366 -8.7815 1.0495 64.8436 -8.0844 -3.6912
Car -1 -1 -8.5482 724.4534 158.0951 771.3046 179.1792 1.7532 1.8065 4.0213 11.8178 0.5257 62.1947 -8.3614 -3.7853
Car -1 -1 -8.1304 710.6509 172.5055 753.6627 198.0041 1.4457 1.5653 3.6561 7.1608 1.4257 42.8137 -7.9661 -3.8645
Car -1 -1 -2.8165 446.0172 165.2462 497.0369 184.4338 1.6207 1.6840 3.9800 -11.9124 0.9778 62.0492 -3.0056 -4.4306
Car -1 -1 -7.2041 195.5108 174.1307 270.2858 203.7301 1.6215 1.6654 4.1597 -21.8398 1.6992 41.9069 -7.6822 -4.6602
Car -1 -1 -3.1650 211.3318 177.4957 289.0039 208.9697 1.3925 1.6326 3.1899 -16.8873 1.6192 33.8200 -3.6252 -4.8859
Car -1 -1 -7.0524 720.5957 170.4683 794.1914 198.6349 1.4322 1.5656 3.8284 7.8204 1.3106 38.3795 -6.8533 -4.9051
Car -1 -1 -6.6286 522.0508 166.8374 571.1876 183.7987 1.4438 1.6526 3.9475 -5.5550 0.9314 63.0000 -6.7164 -4.9270
Car -1 -1 -8.0738 829.5221 171.1278 896.6170 214.4109 1.5495 1.6551 3.6208 9.5897 1.4874 27.7210 -7.7445 -5.1432
Car -1 -1 -7.8413 566.3743 165.3586 583.2378 181.1045 1.5104 1.6147 3.7553 -3.4653 0.7911 71.1164 -7.8900 -5.1558
Car -1 -1 -2.9182 440.8956 169.0177 496.1375 191.1408 1.5333 1.7854 3.5203 -9.9901 1.2671 50.9527 -3.1111 -5.2034
Car -1 -1 -4.2528 570.4486 167.9953 602.1149 184.8626 1.4811 1.5154 3.3911 -2.1391 1.0542 65.2169 -4.2857 -5.2502
Car -1 -1 -7.9796 604.7806 166.2532 629.5484 185.4274 1.6790 1.7228 4.2126 0.5927 1.1007 65.3757 -7.9708 -5.5917
Car -1 -1 -7.0256 376.0456 159.4309 428.8996 181.8674 1.9113 1.8565 4.3937 -18.3293 0.7675 63.8240 -7.3043 -5.6220
Car -1 -1 -3.4138 726.3228 159.0032 791.7490 184.9249 1.6452 1.5889 3.8622 9.5879 0.7658 46.7251 -3.2128 -5.7725
Car -1 -1 -7.6279 1241.0000 143.5099 1241.0000 374.0000 1.3886 1.5683 4.2192 6.4106 1.2897 3.8875 -6.6353 -6.2089
Car -1 -1 -5.3943 0.0000 197.7664 0.0000 374.0000 1.4697 1.6310 3.8115 -8.5791 1.7345 6.8445 -6.2724 -6.4580
Car -1 -1 -7.4034 903.8748 308.0051 1241.0000 374.0000 1.5380 1.6320 3.6173 3.2973 2.4220 3.2912 -6.6642 -7.0607
