Car -1 -1 -7.1513 1170.4746 184.5671 1241.0000 294.0728 1.6079 1.6698 3.9925 11.7080 1.8168 11.8492 -6.3849 3.1112
Car -1 -1 -7.4429 396.5013 174.9164 461.0938 209.9865 1.5595 1.6406 3.6698 -8.5703 1.6627 34.2605 -7.6866 -1.8732
Car -1 -1 -8.3016 1181.2677 187.4575 1241.0000 374.0000 1.5072 1.5762 3.5260 7.0416 1.6840 6.8250 -7.5228 -2.3248
Car -1 -1 -4.4710 640.6662 177.0853 692.3409 208.9877 1.4822 1.6470 4.1890 2.8699 1.7084 36.3665 -4.3934 -2.4588
Car -1 -1 -7.8810 632.1953 174.1413 662.9615 203.4844 1.5939 1.6427 3.8392 2.0728 1.6707 41.3011 -7.8317 -2.6307
Car -1 -1 -3.5237 531.0914 177.0864 588.1238 199.9764 1.4948 1.6294 3.5243 -3.4653 1.7918 49.1789 -3.5941 -2.7037
Car -1 -1 -4.7396 535.4235 174.9193 567.5987 205.2851 1.4724 1.5447 3.3278 -3.0706 1.5828 36.9604 -4.8224 -2.7733
Car -1 -1 -4.6165 615.5319 177.2344 637.9336 195.0859 1.4469 1.5784 3.4630 1.4193 1.8290 61.1834 -4.5938 -2.9121
Car -1 -1 -5.0307 372.1986 184.6861 443.2992 226.7801 1.4083 1.5148 3.6154 -7.7067 1.8846 27.1421 -5.3053 -3.1028
Car -1 -1 -6.1573 648.3290 176.1839 737.6961 211.4501 1.5666 1.6410 3.9571 3.8394 1.7270 33.5562 -6.0449 -3.1892
Car -1 -1 -7.9546 752.4789 166.3535 792.5735 200.4486 1.6830 1.6477 3.7845 8.3734 1.3618 37.5917 -7.7375 -3.6328
Car -1 -1 -4.2426 625.0078 175.6203 663.1792 194.1032 1.4935 1.5969 3.9898 2.8962 1.7355 61.0696 -4.1958 -3.6694
Car -1 -1 -3.4454 681.8635 178.3067 748.7616 201.8477 1.5258 1.6448 4.1404 7.0155 1.9003 48.4414 -3.3029 -3.7805
Car -1 -1 -7.7822 733.8019 171.5938 762.0221 195.2610 1.5671 1.6497 3.8655 9.5299 1.4834 49.8558 -7.5948 -3.8693
Car -1 -1 -7.0258 0.0000 182.3832 158.8666 305.3567 1.4127 1.5054 3.8066 -8.8077 1.5786 10.5909 -7.7073 -4.0291
Car -1 -1 -7.1666 587.7260 177.8103 659.0911 211.8535 1.5087 1.6009 3.4022 0.6350 1.7566 34.3198 -7.1488 -4.0457
Car -1 -1 -4.6807 828.5973 171.3786 882.0889 219.7507 1.6742 1.7749 3.9922 9.2336 1.6229 27.1535 -4.3567 -4.0466
Car -1 -1 -7.6851 597.2764 167.5124 623.2712 187.4057 1.8141 1.7732 4.1946 0.0397 1.3267 68.0149 -7.6848 -4.1410
Car -1 -1 -8.1479 1012.8894 146.7819 1088.3136 183.6505 1.4600 1.6289 3.9748 18.5912 0.4272 30.6984 -7.6075 -4.2258
Car -1 -1 -8.0108 1078.0490 185.6360 1241.0000 374.0000 1.5046 1.5553 3.5791 5.9143 1.6717 7.5029 -7.3630 -4.2492
Car -1 -1 -5.1693 567.7007 174.7805 617.5435 199.7324 1.5766 1.6479 4.1692 -1.2433 1.7109 48.1639 -5.1954 -4.7246
Car -1 -1 -3.3233 919.8870 154.6686 1049.1156 204.9081 1.7317 1.6085 3.9290 13.4330 1.1046 26.1989 -2.8543 -4.8415
Car -1 -1 -3.4904 639.6038 169.5868 701.3688 193.5984 1.7995 1.7806 4.3906 4.6133 1.5544 55.5124 -3.4083 -5.4877
Car -1 -1 -5.4697 1241.0000 179.3257 1241.0000 374.0000 1.4787 1.6226 4.2377 8.5948 1.5539 6.1905 -4.5459 -5.7980
Car -1 -1 -6.7854 0.0000 0.0000 1241.0000 374.0000 1.5387 1.5877 3.8023 -2.9059 1.6208 1.0049 -7.9392 -5.8867
Car -1 -1 -7.8372 368.8411 171.1592 410.2272 206.2176 1.4936 1.6995 3.9638 -10.0435 1.4211 32.8781 -8.1317 -5.9912
