Car -1 -1 -4.6574 606.7841 170.4009 629.5923 191.9013 1.6369 1.5885 3.9715 0.6496 1.4499 56.9685 -4.6464 -1.7676
Car -1 -1 -7.6024 604.5709 169.6274 630.1532 186.4882 1.5315 1.5750 3.4847 0.6932 1.2381 67.4241 -7.5924 -2.5203
Car -1 -1 -7.9060 360.0911 179.6396 412.8329 226.3720 1.4574 1.5577 3.5550 -7.8437 1.7104 25.0018 -8.2075 -3.1647
Car -1 -1 -7.9030 643.0339 172.0016 683.2375 206.4558 1.4881 1.6380 3.7593 2.3398 1.4510 33.0592 -7.8334 -3.4131
Car -1 -1 -5.0925 614.3838 168.7920 652.3592 189.9229 1.5260 1.6966 3.3927 1.6853 1.2323 53.9900 -5.0618 -3.5098
Car -1 -1 -5.8778 1076.9735 145.7663 1241.0000 194.7845 1.5001 1.6757 4.3408 18.4880 0.6708 24.3801 -5.2347 -3.6854
Car -1 -1 -5.2142 881.5748 177.8418 1029.5341 243.1732 1.4672 1.6476 4.0427 8.6548 1.6098 18.5965 -4.7853 -3.9994
Car -1 -1 -4.8263 338.9584 162.5568 391.4431 202.9112 1.6115 1.6714 4.1815 -10.6372 1.2000 31.0611 -5.1539 -4.0032
Car -1 -1 -4.7025 497.6323 164.9815 531.3337 196.9588 1.5986 1.6752 4.1292 -5.0768 1.2048 38.2224 -4.8340 -4.1785
Car -1 -1 -7.5258 366.3262 174.0409 430.8030 208.8800 1.4161 1.5932 3.6290 -9.1367 1.4703 31.3035 -7.8079 -4.3223
Car -1 -1 -8.1697 626.0645 164.2742 658.2410 185.8611 1.8183 1.6467 3.9627 2.7418 1.0953 62.9044 -8.1266 -4.3405
Car -1 -1 -7.4314 651.4822 169.1927 681.3826 184.3466 1.4131 1.5364 3.5625 5.4183 1.0714 69.2152 -7.3539 -4.4104
Car -1 -1 -8.6029 1016.9529 157.4101 1218.7625 231.5572 1.7375 1.6930 4.5999 13.2422 1.3753 19.3108 -8.0093 -4.4181
Car -1 -1 -4.9166 660.3780 170.3292 699.8229 195.7361 1.5252 1.6144 4.3627 4.3363 1.3733 45.5711 -4.8227 -4.4604
Car -1 -1 -4.7266 685.9619 167.1894 711.8230 193.7040 1.6294 1.5804 3.8902 5.6417 1.2810 46.3573 -4.6066 -4.5546
Car -1 -1 -8.5785 727.3440 177.1519 844.4459 229.2691 1.4494 1.6054 3.4642 5.2917 1.5933 22.2867 -8.3490 -4.6170
Car -1 -1 -8.3887 1202.5133 167.7797 1241.0000 221.5190 1.5157 1.5452 3.7054 20.2921 1.3722 22.3180 -7.6577 -4.6217
Car -1 -1 -8.1304 1037.4285 150.3950 1127.6368 196.2081 1.6105 1.6950 4.5201 17.9933 0.8207 27.7740 -7.5604 -5.0081
Car -1 -1 -6.8027 517.4023 167.1179 580.9131 191.4177 1.6475 1.7245 4.1479 -4.2946 1.2583 50.8054 -6.8869 -5.0801
Car -1 -1 -8.4641 629.8245 168.7634 664.7965 184.2590 1.4443 1.4982 3.6975 3.5309 1.0627 69.2154 -8.4136 -5.0864
Car -1 -1 -4.4161 591.4531 166.0714 634.9882 190.6286 1.6663 1.8658 4.5139 0.2553 1.2058 51.3919 -4.4115 -5.1086
Car -1 -1 -6.5964 752.3044 153.2694 832.7440 184.2287 1.5982 1.6619 3.8001 9.5879 0.5869 38.2093 -6.3525 -5.1351
Car -1 -1 -7.9084 647.8964 175.2750 696.1485 213.4240 1.3948 1.6672 4.1606 2.3563 1.4980 28.7484 -7.8280 -5.1615
Car -1 -1 -5.3107 1118.1543 165.5593 1241.0000 229.4338 1.5494 1.6467 3.9724 15.8265 1.3722 19.5445 -4.6377 -5.2502
Car -1 -1 -8.0583 1053.1979 130.6562 1153.1996 191.3587 1.8085 1.8775 4.1189 16.0347 0.5510 23.7573 -7.4702 -5.3354
Car -1 -1 -4.9257 558.3445 163.9039 595.4374 190.4493 1.7355 1.6535 4.3282 -2.3506 1.1501 49.4780 -4.9732 -5.3853
Car -1 -1 -2.8945 523.8967 163.1685 577.1337 185.1716 1.6457 1.5987 3.7733 -4.5505 0.9210 55.0652 -2.9768 -5.5848
Car -1 -1 -2.1158 0.0000 135.3256 71.5444 374.0000 1.4154 1.5455 3.9521 -4.7047 1.3115 2.8446 -3.1007 -5.5886
Car -1 -1 -8.4257 637.3097 168.2489 692.1260 195.3221 1.7822 1.6783 4.3487 3.6883 1.4788 49.8094 -8.3526 -5.7822
Car -1 -1 -5.3948 1241.0000 176.2598 1241.0000 374.0000 1.4237 1.5918 4.1296 6.9881 1.4533 4.1359 -4.3895 -5.7833
Car -1 -1 -7.8584 401.2879 177.3433 452.7726 225.2822 1.5462 1.6506 3.7849 -6.5637 1.7185 25.6928 -8.1065 -5.8066
Car -1 -1 -7.3176 149.9044 0.0000 1241.0000 374.0000 1.5316 1.5864 3.8035 -0.9086 1.5692 0.9984 -7.9398 -5.8867
Car -1 -1 -6.8391 0.0000 0.0000 1241.0000 374.0000 1.5290 1.5864 3.8012 -2.5166 1.5790 0.9975 -7.9398 -5.8867
Car -1 -1 -5.9097 0.0000 0.0000 1241.0000 374.0000 1.4993 1.6039 3.9584 5.3707 1.4768 1.7188 -4.6976 -5.8867
Car -1 -1 -5.8931 1241.0000 174.4828 1241.0000 374.0000 1.5151 1.6066 3.9597 8.1937 1.5259 2.9321 -4.6976 -5.8867
Car -1 -1 -2.3646 0.0000 159.8949 54.3617 374.0000 1.5561 1.6440 4.0226 -6.0403 1.5000 4.2298 -3.2944 -5.9637
Car -1 -1 -7.7556 1077.8483 178.2449 1241.0000 374.0000 1.4765 1.4486 3.1715 5.3654 1.5372 6.5076 -7.0888 -6.4971
Car -1 -1 -4.9112 1241.0000 185.7352 1241.0000 374.0000 1.3688 1.6967 3.8675 4.9736 1.4771 4.0349 -4.0575 -7.2237
