Car -1 -1 -4.0919 871.4708 175.5766 1006.4108 232.8311 1.4183 1.5431 3.6035 8.9081 1.4979 19.6000 -3.6715 -2.7809
Car -1 -1 -7.7975 596.7235 171.0206 619.1743 190.4245 1.4901 1.5858 3.5531 -0.1629 1.3490 57.2249 -7.8007 -3.1091
Car -1 -1 -6.9658 666.2031 170.7433 718.6981 191.5194 1.4772 1.5973 3.6369 6.0327 1.3268 52.9555 -6.8533 -3.1096
Car -1 -1 -4.7843 578.5137 169.8912 596.7271 183.8022 1.3450 1.5582 3.4380 -2.2583 1.0582 71.5526 -4.8160 -3.5865
Car -1 -1 -4.9931 586.6161 168.8554 623.2139 190.5979 1.5402 1.6532 3.9895 -0.4475 1.2566 53.2593 -5.0018 -3.6988
Car -1 -1 -6.3728 1104.6106 141.9443 1241.0000 195.1638 1.6291 1.7010 3.5947 18.4607 0.6826 23.7673 -5.7184 -3.9771
Car -1 -1 -4.5629 614.0223 171.3354 643.6265 191.8931 1.4610 1.6607 3.6540 1.3928 1.3528 53.2234 -4.5372 -4.0345
Car -1 -1 -8.1047 585.9939 166.9418 613.8344 184.5236 1.5918 1.6702 3.9457 -0.9963 1.0562 67.4478 -8.1196 -4.1529
Car -1 -1 -8.5293 985.6150 153.2146 1176.9009 228.5152 1.7479 1.7606 4.5005 12.1322 1.2917 19.0857 -7.9703 -4.1659
Car -1 -1 -7.6588 346.9253 139.1012 402.8151 178.7202 1.6935 1.6633 4.0475 -10.6974 0.2504 32.9483 -7.9704 -4.1737
Car -1 -1 -6.8186 0.0000 180.9149 61.3167 325.5899 1.5526 1.4904 3.1683 -9.5522 1.6795 9.6608 -7.5846 -4.2127
Car -1 -1 -8.2793 625.8495 167.5083 657.4050 183.4732 1.4707 1.6057 3.6948 2.9504 0.9779 68.4801 -8.2366 -4.3242
Car -1 -1 -4.9827 1104.9567 171.8964 1225.9677 231.1685 1.4326 1.5888 3.7807 14.7817 1.4092 19.4898 -4.3415 -4.4755
Car -1 -1 -4.7532 338.3073 182.6918 392.2790 229.6883 1.3582 1.5224 3.2431 -8.0259 1.7011 23.3873 -5.0807 -4.4943
Car -1 -1 -5.7053 1228.9226 154.3035 1241.0000 209.4536 1.4582 1.5976 3.4282 20.3472 0.9674 20.9289 -4.9411 -4.5722
Car -1 -1 -6.4421 465.3965 161.9671 511.7634 180.1395 1.4927 1.5830 3.6354 -10.2281 0.5981 60.5989 -6.6087 -4.6517
Car -1 -1 -4.8611 667.8406 168.7462 701.4680 194.9712 1.5764 1.5363 3.8470 4.6118 1.3292 45.3306 -4.7608 -4.6965
Car -1 -1 -2.4049 626.5444 170.6539 694.7953 198.9197 1.6513 1.6981 4.0853 3.0279 1.5225 44.2123 -2.3374 -4.7782
Car -1 -1 -4.5607 586.6589 158.8218 626.3830 185.9320 1.7647 1.9957 5.0219 -0.2067 0.8510 49.5973 -4.5651 -4.7941
Car -1 -1 -2.6470 262.8992 177.7944 388.0806 221.8934 1.4542 1.6691 3.7015 -9.8854 1.6329 25.0838 -3.0192 -4.8334
Car -1 -1 -7.4359 0.0000 182.4630 12.3823 344.6820 1.2753 1.4608 3.6803 -8.2391 1.4063 7.8865 -8.2262 -4.9114
Car -1 -1 -7.5303 644.9999 169.1037 671.5470 184.3919 1.4110 1.5011 3.4369 4.5843 1.0646 68.4670 -7.4639 -5.3331
Car -1 -1 -7.4610 638.9760 168.2371 682.6622 193.7792 1.6670 1.5731 3.9773 3.4778 1.3653 49.2206 -7.3913 -5.4857
Car -1 -1 -2.1741 0.0000 170.8939 0.0000 374.0000 1.3622 1.5291 3.9263 -5.7959 1.3542 3.6305 -3.1517 -5.5509
Car -1 -1 -2.4709 0.0000 183.4405 0.0000 374.0000 1.4150 1.6143 4.2382 -8.2777 1.5192 5.7844 -3.4098 -5.7143
Car -1 -1 -5.0563 1241.0000 183.2030 1241.0000 374.0000 1.3529 1.5544 3.8360 5.1203 1.4412 4.1223 -4.1980 -5.7924
Car -1 -1 -3.6060 0.0000 0.0000 1241.0000 374.0000 1.4881 1.6000 3.9526 -3.8658 1.5374 1.7284 -4.6976 -5.8867
Car -1 -1 -4.9568 0.0000 0.0000 1241.0000 374.0000 1.5000 1.6049 3.9592 0.5468 1.5280 1.7193 -4.6977 -5.8867
Car -1 -1 -5.9535 0.0000 0.0000 1241.0000 374.0000 1.4908 1.6035 3.9548 6.1746 1.4367 1.7176 -4.6977 -5.8867
Car -1 -1 -5.6699 0.0000 0.0000 1241.0000 374.0000 1.4923 1.6025 3.9563 2.9586 1.4761 1.7192 -4.6977 -5.8867
Car -1 -1 -6.8393 0.0000 0.0000 1241.0000 374.0000 1.5257 1.5848 3.8005 -2.5167 1.5678 0.9982 -7.9398 -5.8867
Car -1 -1 -5.8755 1241.0000 152.5210 1241.0000 374.0000 1.5004 1.6032 3.9558 7.7899 1.4736 2.9316 -4.6975 -5.8867
Car -1 -1 -8.0736 303.7819 162.6409 378.5144 203.4470 1.5567 1.9239 4.7376 -11.3109 1.1668 30.0354 -8.4311 -5.9072
Car -1 -1 -7.6971 754.8253 172.2708 821.8605 225.1899 1.4595 1.4396 3.5751 5.4099 1.4431 21.8270 -7.4579 -5.9796
Car -1 -1 -4.8163 564.2040 166.3006 593.0991 190.7332 1.5749 1.5573 3.6857 -2.1716 1.1522 48.4474 -4.8612 -6.2443
Car -1 -1 -2.6571 463.7199 161.3125 529.8248 186.9231 1.7006 1.7929 4.1116 -7.7793 0.9339 49.4232 -2.8127 -7.3855
