Car -1 -1 -4.6695 0.0000 179.6131 104.2413 266.0341 1.4310 1.5115 3.4885 -10.8749 1.5803 14.1038 -5.3173 -0.4009
Car -1 -1 -7.2881 567.1809 179.0082 670.2435 225.1115 1.4194 1.6000 4.1277 0.3465 1.6504 24.9574 -7.2751 -1.5222
Car -1 -1 -7.0921 606.6195 175.9896 662.1562 197.7352 1.4591 1.6204 3.9830 1.7226 1.6888 50.9554 -7.0589 -2.7424
Car -1 -1 -7.6398 219.3537 176.5804 289.5832 219.1323 1.4432 1.5857 3.6395 -13.1415 1.5913 26.7704 -8.0925 -3.0647
Car -1 -1 -3.4299 608.7985 168.1541 685.2741 200.7713 1.6329 1.6084 3.6433 1.8585 1.3973 37.3349 -3.3810 -3.1449
Car -1 -1 -4.7717 532.9728 170.6037 559.7794 195.3612 1.6724 1.6507 3.7682 -4.5366 1.5201 50.7271 -4.8608 -3.1864
Car -1 -1 -4.7567 537.2454 170.8268 560.5552 192.6527 1.5964 1.6028 3.3898 -4.6744 1.4478 54.5594 -4.8421 -3.2902
Car -1 -1 -4.5350 769.7453 175.0421 838.6388 225.1159 1.5100 1.5677 3.8790 6.4879 1.5889 24.0300 -4.2750 -3.3056
Car -1 -1 -2.5762 134.7066 172.7407 262.3847 217.5671 1.4782 1.6242 3.4688 -14.0653 1.4742 24.6946 -3.0896 -3.3229
Car -1 -1 -3.3038 574.3011 175.4372 646.0853 202.6446 1.5654 1.6703 4.0476 -0.0491 1.7228 42.8871 -3.3055 -3.3365
Car -1 -1 -7.5382 562.8777 175.9118 627.0893 214.5841 1.4689 1.5599 3.7494 -0.5934 1.6032 29.7463 -7.5586 -3.3823
Car -1 -1 -2.5095 495.7659 170.0885 546.9910 189.2068 1.6492 1.7146 4.3372 -7.9005 1.4103 64.0467 -2.6320 -3.4128
Car -1 -1 -1.9492 0.0000 181.5050 60.2000 263.8714 1.3839 1.5648 3.7557 -12.6322 1.5699 13.9926 -2.6741 -3.5831
Car -1 -1 -6.7728 1064.6603 137.0634 1225.5009 187.4012 1.4826 1.6558 3.6486 16.3850 0.4281 22.3209 -6.1457 -3.7224
Car -1 -1 -7.9196 551.0314 175.3203 588.4937 206.9184 1.4162 1.5356 3.8500 -2.0208 1.5412 34.6565 -7.9779 -4.1367
Car -1 -1 -7.6890 9.9584 177.5903 99.6844 230.6540 1.5017 1.6107 3.9112 -17.5384 1.6655 22.9013 -8.3370 -4.4024
Car -1 -1 -4.3091 438.6025 168.7885 488.4481 195.5428 1.6302 1.6855 3.9955 -9.3290 1.3821 46.0911 -4.5079 -4.4815
Car -1 -1 -3.8609 0.0000 182.8583 39.2630 245.1041 1.4911 1.5901 3.6723 -18.0992 1.7922 19.8182 -4.5944 -4.6105
Car -1 -1 -8.3230 511.2364 170.2961 544.4551 186.7216 1.5191 1.6865 3.6193 -7.8670 1.2822 68.7049 -8.4369 -4.6377
Car -1 -1 -8.0066 445.7943 165.4734 476.1466 187.6249 1.7356 1.8182 4.0848 -12.1975 1.1570 58.7655 -8.2105 -4.6566
Car -1 -1 -3.0202 88.5403 166.6360 240.7034 217.1453 1.5059 1.7047 3.9598 -14.1406 1.3202 23.1023 -3.5645 -4.8588
Car -1 -1 -5.2683 555.0364 171.6562 616.9899 196.9774 1.6115 1.8038 4.9636 -1.7112 1.5350 48.4845 -5.3038 -4.9088
Car -1 -1 -8.1280 1044.1991 140.9496 1144.1627 195.7520 1.4247 1.4768 3.3597 13.6354 0.5950 20.5820 -7.5494 -5.1674
Car -1 -1 -6.8563 610.3845 173.5540 668.8361 197.6154 1.5221 1.5554 3.5548 1.9176 1.5692 47.3076 -6.8165 -5.4805
Car -1 -1 -2.2885 0.0000 170.5666 68.9587 282.9789 1.4744 1.5719 3.7654 -10.2700 1.4441 10.4109 -3.0542 -5.4824
Car -1 -1 -4.4619 0.0000 184.8770 76.2683 243.9264 1.4335 1.5470 3.3337 -16.2962 1.7988 20.1018 -5.1368 -5.4916
Car -1 -1 -5.1940 1100.4644 143.7671 1241.0000 201.5488 1.4516 1.6362 4.0357 15.6320 0.7206 20.2536 -4.5436 -5.8070
Car -1 -1 -4.0141 0.0000 160.7147 76.2968 374.0000 1.5326 1.9059 4.7985 -6.8227 1.4766 5.8237 -4.8556 -5.8849
Car -1 -1 -5.9211 1241.0000 174.7215 1241.0000 374.0000 1.5183 1.6095 3.9630 7.7832 1.5296 2.5213 -4.6976 -5.8867
Car -1 -1 -5.9534 0.0000 0.0000 1241.0000 374.0000 1.5092 1.6077 3.9604 6.1749 1.5047 1.7172 -4.6976 -5.8867
Car -1 -1 -6.8390 0.0000 0.0000 1241.0000 374.0000 1.5368 1.5885 3.8031 -2.5164 1.6071 0.9970 -7.9398 -5.8867
Car -1 -1 -7.5651 151.7680 0.0000 1241.0000 374.0000 1.5385 1.5865 3.8026 -0.4936 1.5949 1.0060 -7.9392 -5.8867
Car -1 -1 -3.5041 0.0000 178.3076 0.0000 374.0000 1.4828 1.6017 3.9490 -7.0823 1.5166 2.5318 -4.6968 -5.8867
Car -1 -1 -3.6563 0.0000 145.3268 0.0000 374.0000 1.4061 1.6377 4.3618 -5.4948 1.3794 2.8798 -4.7054 -6.0313
Car -1 -1 -2.1077 0.0000 141.5538 0.0000 285.7418 1.5834 1.6031 3.8862 -10.5638 1.2394 9.0732 -2.9542 -6.6609
