Car -1 -1 -6.5002 627.3417 172.4352 698.7106 202.2608 1.5172 1.6117 3.4552 2.7084 1.4956 37.7522 -6.4296 -1.0670
Car -1 -1 -7.8992 60.4174 169.7437 152.8174 242.7126 1.4847 1.5900 3.7741 -11.7429 1.4212 16.6641 -8.5057 -1.7962
Car -1 -1 -1.5957 0.0000 169.4141 83.2526 249.2359 1.4981 1.6345 3.6150 -12.4913 1.4333 15.4531 -2.2672 -2.4910
Car -1 -1 -4.9686 546.4655 168.4238 583.6732 190.6141 1.5283 1.7209 3.9314 -3.2992 1.2229 51.8306 -5.0322 -2.8189
Car -1 -1 -7.6800 258.1996 171.8027 322.0934 214.5275 1.5195 1.5985 3.7733 -12.2280 1.4819 27.6842 -8.0926 -3.0552
Car -1 -1 -7.2217 563.3882 169.0896 617.7045 191.6570 1.5272 1.6560 4.2410 -1.3593 1.2722 51.0432 -7.2485 -3.4086
Car -1 -1 -7.9095 246.3279 180.2222 311.2156 233.9421 1.3850 1.5243 3.7116 -9.8152 1.6211 21.1480 -8.3396 -3.4305
Car -1 -1 -7.3230 581.2444 177.5027 679.6439 222.5672 1.4299 1.6048 4.1374 0.7670 1.6081 25.5229 -7.2939 -3.4587
Car -1 -1 -7.6907 402.8726 166.1072 430.4745 184.2394 1.5166 1.6582 4.1279 -16.7258 0.9520 62.4873 -7.9514 -3.6019
Car -1 -1 -7.5597 547.1605 171.4115 578.1191 188.4583 1.4815 1.6381 4.1844 -4.2448 1.3559 64.9326 -7.6250 -4.2877
Car -1 -1 -4.9751 594.9992 173.0921 644.8908 203.1871 1.4831 1.6405 3.8810 0.4222 1.4959 37.6744 -4.9645 -4.4221
Car -1 -1 -3.2915 592.9968 173.6579 649.5639 199.3618 1.5769 1.6395 3.3464 0.6519 1.6283 45.3698 -3.2777 -4.4477
Car -1 -1 -4.6480 542.6047 170.7120 567.7154 190.4377 1.4532 1.6745 3.7380 -4.1788 1.2951 55.0348 -4.7237 -4.4989
Car -1 -1 -4.6336 1072.9897 195.1652 1168.4019 271.2561 1.4038 1.5149 3.0815 11.2948 1.9489 15.9653 -4.0274 -4.5049
Car -1 -1 -7.0387 1075.9125 132.0316 1230.4028 183.7066 1.5905 1.5960 3.9757 17.3842 0.3337 23.2363 -6.4023 -4.5551
Car -1 -1 -7.8447 406.3412 170.0005 431.1585 191.2089 1.4429 1.6391 3.5232 -13.5276 1.2484 50.9979 -8.1030 -4.5694
Car -1 -1 -7.6212 628.3591 173.6399 663.1882 195.4734 1.4913 1.6088 4.0114 2.5681 1.5495 51.5874 -7.5721 -4.7162
Car -1 -1 -4.4927 573.2733 165.2262 605.4916 185.8335 1.6489 1.7382 4.5374 -1.6975 1.0383 60.1269 -4.5210 -4.8431
Car -1 -1 -7.9029 466.7976 163.1034 489.4797 182.1326 1.5309 1.6743 3.7238 -11.0252 0.7461 60.0504 -8.0838 -4.8664
Car -1 -1 -7.6466 531.3712 171.0887 559.2328 187.7204 1.4522 1.7396 3.8852 -5.8184 1.2977 65.0319 -7.7357 -5.1086
Car -1 -1 -4.5986 32.1978 167.7626 159.0130 258.2179 1.5311 1.5766 3.7004 -10.0128 1.4447 14.2168 -5.2036 -5.1449
Car -1 -1 -6.3888 618.4819 175.8334 696.1438 205.1826 1.4066 1.6497 3.6724 2.2584 1.5573 35.6678 -6.3266 -5.1909
Car -1 -1 -6.6184 682.7255 178.7805 793.1936 223.4680 1.3556 1.5516 3.1573 4.0253 1.5542 23.1861 -6.4493 -5.3291
Car -1 -1 -4.1909 364.2486 162.6651 424.3586 189.1168 1.6647 1.8423 4.4406 -14.2361 1.0232 47.7830 -4.4791 -5.3320
Car -1 -1 -8.0960 583.2091 168.3422 616.4049 189.7910 1.8047 1.8331 4.6720 -0.9630 1.4247 63.2011 -8.1115 -5.3639
Car -1 -1 -2.5048 0.0000 171.9232 109.9789 374.0000 1.4236 1.6019 4.1955 -5.2697 1.4205 3.5840 -3.4433 -5.6274
Car -1 -1 -3.0428 542.2873 162.4583 589.2990 184.4781 1.7481 1.6130 3.6416 -3.5657 0.9225 58.1553 -3.1040 -5.7191
Car -1 -1 -4.5776 796.9890 183.1717 860.1146 233.1105 1.4094 1.5139 3.1763 6.9226 1.7610 22.8499 -4.2877 -5.8380
Car -1 -1 -5.8755 1241.0000 178.8936 1241.0000 374.0000 1.5283 1.6120 3.9653 7.7899 1.5692 2.9299 -4.6975 -5.8867
Car -1 -1 -5.9534 0.0000 0.0000 1241.0000 374.0000 1.5092 1.6073 3.9599 6.1749 1.5063 1.7170 -4.6976 -5.8867
Car -1 -1 -8.1635 0.0000 0.0000 852.7684 374.0000 1.5350 1.5852 3.8015 0.3103 1.5746 1.0064 -7.9393 -5.8867
Car -1 -1 -6.9177 0.0000 0.0000 1241.0000 374.0000 1.5338 1.5851 3.8010 -2.1017 1.5963 1.0064 -7.9393 -5.8867
Car -1 -1 -8.9124 0.0000 0.0000 1241.0000 374.0000 1.5332 1.5843 3.8005 1.9184 1.5532 1.0061 -7.9392 -5.8867
Car -1 -1 -4.8162 511.7570 165.8284 544.3231 191.9617 1.6995 1.7685 4.2463 -5.6618 1.2423 49.1872 -4.9304 -5.9912
Car -1 -1 -4.8903 529.7473 163.5105 560.8713 185.2509 1.7702 1.8340 4.6261 -5.5567 1.0091 61.2226 -4.9807 -6.0712
Car -1 -1 -4.2916 0.0000 165.0849 2.2152 255.8353 1.4578 1.5893 4.1168 -13.5795 1.3327 13.7966 -5.0594 -6.1746
Car -1 -1 -7.9987 680.9733 177.2363 721.4703 204.7413 1.3588 1.5733 3.8444 4.7376 1.6023 38.2029 -7.8768 -6.2193
Car -1 -1 -5.8157 0.0000 167.8490 22.6547 374.0000 1.7076 1.7775 4.2488 -8.0892 1.6756 6.2536 -6.7074 -6.3588
