Car -1 -1 -2.5348 244.2986 183.3193 347.5391 221.0206 1.3764 1.4993 3.4358 -12.2105 1.7980 28.0127 -2.9428 0.3765
Car -1 -1 -6.9794 704.2516 176.2718 765.7239 198.6349 1.4824 1.6591 4.0995 8.6622 1.7278 50.1111 -6.8097 0.2796
Car -1 -1 -7.6068 711.6907 166.2777 749.2592 191.3331 1.8035 1.7593 4.4544 9.0864 1.3298 54.3300 -7.4423 -0.7390
Car -1 -1 -2.9777 703.1015 170.8037 756.5978 190.8428 1.5747 1.6771 4.0346 9.6362 1.4133 58.1415 -2.8146 -1.9531
Car -1 -1 -5.1656 765.4875 174.9250 823.9512 202.2004 1.6561 1.8418 4.5321 11.8096 1.7964 46.5826 -4.9192 -2.1762
Car -1 -1 -5.7789 523.0724 178.4680 605.9833 212.3534 1.4841 1.5848 3.5198 -2.1581 1.7562 33.5531 -5.8432 -2.8236
Car -1 -1 -8.1497 848.4604 163.1832 923.2256 209.9800 1.7159 1.6819 3.8177 10.7159 1.3610 28.4127 -7.7929 -2.9109
Car -1 -1 -6.5803 736.8091 179.9302 846.4271 225.4405 1.4090 1.3931 3.1705 5.7888 1.6456 23.3704 -6.3411 -3.8616
Car -1 -1 -7.1115 0.0000 186.6191 95.0121 222.6112 1.4735 1.5704 3.8706 -25.9056 2.1418 33.0563 -7.7724 -3.8848
Car -1 -1 -4.3449 669.4708 176.8093 717.6186 204.6334 1.5079 1.5581 3.6491 4.8268 1.7467 41.6420 -4.2308 -3.8940
Car -1 -1 -5.1262 737.1533 164.6505 781.6306 187.3868 1.6788 1.7057 4.4369 11.4277 1.0728 55.6263 -4.9249 -4.0992
Car -1 -1 -7.1255 0.0000 197.0383 13.7743 248.6139 1.4893 1.5663 3.8381 -22.7037 2.3772 24.5719 -7.8661 -4.3350
Car -1 -1 -7.7087 744.4544 172.3471 777.2609 196.1952 1.5864 1.6485 4.2389 10.5180 1.5524 50.2712 -7.5040 -4.3466
Car -1 -1 -7.7198 781.9713 176.7831 829.4270 206.8416 1.4016 1.7437 4.6000 9.9853 1.6148 36.7457 -7.4570 -4.3608
Car -1 -1 -5.9119 426.7568 157.0312 507.6895 193.8517 2.0192 1.7516 4.1354 -8.0815 1.1512 40.7938 -6.1065 -4.4672
Car -1 -1 -4.5222 0.0000 189.0587 31.6812 223.8990 1.3892 1.5359 3.6698 -27.5240 2.1652 32.5870 -5.2197 -4.6125
Car -1 -1 -4.7653 713.2011 169.8068 731.4792 186.0708 1.4961 1.5147 3.5381 10.5758 1.2155 68.2072 -4.6124 -4.6214
Car -1 -1 -4.7294 676.7874 177.2835 711.4660 210.3124 1.4935 1.5877 3.9750 4.0221 1.7220 35.2303 -4.6172 -4.6768
Car -1 -1 -6.6903 942.0638 151.7167 1035.1671 184.8436 1.5316 1.6663 3.5494 17.9032 0.5540 34.3147 -6.2129 -4.7111
Car -1 -1 -4.5983 959.1843 164.9705 1020.5174 209.2910 1.5736 1.6425 4.2196 14.6585 1.2934 27.8261 -4.1182 -4.7498
Car -1 -1 -7.6109 686.1194 175.9962 729.5076 204.8658 1.4926 1.5303 3.6918 5.3920 1.6740 39.7364 -7.4775 -4.8015
Car -1 -1 -4.7684 915.9138 169.4613 955.2906 201.1267 1.4404 1.5106 3.5460 15.5870 1.2858 34.7482 -4.3502 -4.8156
Car -1 -1 -5.2854 848.9273 164.2303 888.8107 184.3101 1.5630 1.5011 3.2174 20.7087 0.8914 57.9027 -4.9437 -4.8389
Car -1 -1 -4.0700 888.7187 170.3495 997.9545 217.0108 1.5460 1.5973 3.7365 11.7510 1.4627 25.5046 -3.6431 -4.8838
Car -1 -1 -7.0259 197.1244 184.9336 315.3115 229.1306 1.3103 1.4765 3.4920 -11.8623 1.7489 24.3221 -7.4757 -5.0882
Car -1 -1 -5.0111 643.2927 177.2812 684.6986 205.4714 1.5852 1.5085 3.4271 3.1382 1.8600 42.9911 -4.9393 -5.1049
Car -1 -1 -4.5867 662.9901 178.6921 692.1196 200.4466 1.4032 1.5175 4.0008 4.6664 1.8229 49.7945 -4.4942 -5.1351
Car -1 -1 -7.7772 408.9138 174.2719 466.7040 222.1810 1.4852 1.6200 3.5984 -5.7901 1.5366 24.3834 -8.0084 -5.2485
Car -1 -1 -4.7808 323.1806 178.5785 385.8647 227.8606 1.4389 1.6628 4.2081 -8.5626 1.6457 23.8526 -5.1223 -5.4162
Car -1 -1 -7.6043 724.7158 178.8522 782.2694 214.1174 1.3372 1.5709 3.3121 5.9316 1.6000 29.8150 -7.4103 -5.4740
Car -1 -1 -4.2285 0.0000 187.6201 101.1538 237.1779 1.6668 1.8988 4.1441 -21.7684 2.2803 27.7884 -4.8886 -5.4875
Car -1 -1 -2.7927 554.8552 166.6703 611.7042 184.6669 1.5931 1.7808 4.8366 -2.4421 1.0454 65.4589 -2.8301 -5.5331
Car -1 -1 -2.2939 0.0000 185.8976 46.1253 374.0000 1.4049 1.5614 4.1584 -5.9528 1.4949 4.0105 -3.2406 -5.7031
Car -1 -1 -5.9437 0.0000 174.8396 0.0000 301.6519 1.6334 1.6489 4.1386 -12.6666 1.6683 11.0650 -6.7845 -5.8432
Car -1 -1 -2.3130 215.6802 183.6785 317.9343 226.7177 1.4578 1.4435 3.4330 -12.6098 1.8736 26.4176 -2.7548 -5.8657
Car -1 -1 -4.5262 348.7532 175.6096 424.9886 225.5070 1.4349 1.6061 3.9409 -7.0592 1.5304 23.0215 -4.8210 -5.8867
Car -1 -1 -4.4828 343.3793 176.4251 412.0691 217.5083 1.4064 1.5869 3.9388 -8.6659 1.5501 27.0773 -4.7901 -5.8867
Car -1 -1 -2.5366 369.9490 183.9135 479.1743 222.0209 1.4231 1.6130 4.1016 -7.5619 1.8939 29.2645 -2.7878 -5.9524
Car -1 -1 -5.0431 1241.0000 180.4081 1241.0000 374.0000 1.3137 1.5942 3.5959 5.0186 1.3754 3.9683 -4.1770 -6.4248
Car -1 -1 -6.6916 829.5608 165.8498 913.4582 200.0545 1.5884 1.4080 3.4789 12.3647 1.2628 34.3237 -6.3489 -6.5498
Car -1 -1 -5.6477 0.0000 194.6243 0.0000 362.6135 1.5883 1.6979 3.8206 -10.0390 1.8790 8.3963 -6.5062 -6.5601
Car -1 -1 -4.4181 0.0000 196.4545 59.6023 250.7026 1.6223 1.7900 3.1589 -20.6728 2.4969 24.9472 -5.1050 -6.8389
Car -1 -1 -7.9992 1095.2137 177.4545 1241.0000 374.0000 1.4989 1.6058 3.5774 5.4167 1.5524 6.4959 -7.3269 -7.6128
