Car -1 -1 -7.3850 1214.0322 185.1019 1241.0000 297.2936 1.4779 1.6096 3.7409 11.4563 1.6896 11.1455 -6.5996 -0.8251
Car -1 -1 -7.5579 650.0162 176.6267 723.1635 222.5986 1.4699 1.6233 3.4292 2.7003 1.6116 25.2761 -7.4534 -1.8478
Car -1 -1 -8.0805 671.4022 169.6943 703.5072 190.2539 1.5575 1.6477 3.9860 6.0216 1.3179 56.7401 -7.9756 -2.3385
Car -1 -1 -3.6135 566.8851 175.0046 658.1790 208.1341 1.4333 1.6310 3.8597 0.0832 1.5362 33.0260 -3.6116 -2.4122
Car -1 -1 -7.4998 403.9299 174.5740 466.5237 211.8524 1.5978 1.6139 3.6464 -7.9629 1.6807 33.0077 -7.7351 -2.8872
Car -1 -1 -4.3996 633.6625 174.4765 689.4021 206.7337 1.4374 1.5594 3.8089 2.4739 1.5191 34.4167 -4.3289 -3.4666
Car -1 -1 -5.0414 630.5842 172.8600 678.9859 199.6512 1.3883 1.5439 3.5936 2.3518 1.3884 39.3286 -4.9825 -3.5304
Car -1 -1 -8.7161 996.7367 180.7362 1241.0000 281.2789 1.4426 1.5878 3.8066 8.8987 1.6035 12.7171 -8.1170 -3.8234
Car -1 -1 -6.2122 503.7906 168.5189 566.4184 195.7008 1.5458 1.6468 3.5110 -4.3488 1.2989 41.9113 -6.3153 -3.8386
Car -1 -1 -4.4432 681.0433 172.1939 721.7553 197.6047 1.5409 1.6044 3.8528 5.8140 1.5006 45.8401 -4.3183 -4.1748
Car -1 -1 -6.8101 1241.0000 192.0962 1241.0000 324.4489 1.3759 1.6126 4.0957 11.0484 1.6624 9.3343 -5.9568 -4.2332
Car -1 -1 -8.0040 0.0000 0.0000 1241.0000 374.0000 1.4916 1.4262 3.2365 2.3071 1.5514 1.6431 -7.1336 -4.4424
Car -1 -1 -5.0600 1059.9785 170.0091 1178.8853 227.5055 1.5630 1.6117 4.0162 15.1377 1.4853 21.7601 -4.4589 -4.5450
Car -1 -1 -8.0701 499.5875 169.1380 527.5746 186.4001 1.4111 1.6128 3.5637 -8.1947 1.1071 60.9345 -8.2034 -4.6415
Car -1 -1 -8.2801 1003.6913 144.4953 1096.8895 187.9715 1.5754 1.5730 3.9897 17.0389 0.5475 28.2157 -7.7414 -4.6469
Car -1 -1 -7.6555 689.5815 172.8454 718.5837 191.6182 1.4035 1.5848 3.4285 7.2783 1.4026 55.8229 -7.5269 -4.7386
Car -1 -1 -6.9064 1213.5034 0.0000 1241.0000 374.0000 1.8278 1.7473 3.8250 4.6566 1.2846 2.4007 -5.8602 -4.7515
Car -1 -1 -7.9855 373.7391 176.0652 423.5593 211.0246 1.4830 1.7168 3.6703 -9.7557 1.6386 33.0050 -8.2711 -5.0205
Car -1 -1 -3.5026 311.3220 159.7228 405.3063 203.7524 1.7265 1.5643 3.3500 -10.4659 1.2113 29.9660 -3.8361 -5.0757
Car -1 -1 -7.9025 606.4803 172.1092 627.3982 187.7845 1.4696 1.7961 4.7121 0.6206 1.3995 70.0365 -7.8940 -5.0884
Car -1 -1 -8.0825 865.3346 176.9765 946.7355 226.1576 1.3838 1.5655 3.4503 9.0515 1.5221 22.4303 -7.7041 -5.1133
Car -1 -1 -7.9760 731.5997 164.6316 765.1390 191.1626 1.7157 1.7328 4.0305 9.2638 1.1836 48.7261 -7.7895 -5.4022
Car -1 -1 -7.6040 395.7877 156.4689 447.3627 196.1388 1.8657 1.5837 3.7949 -9.3304 1.0948 35.8347 -7.8572 -5.4795
Car -1 -1 -2.3796 0.0000 174.5741 114.2471 374.0000 1.3486 1.5737 4.1754 -5.2298 1.3596 3.5953 -3.3131 -5.7710
Car -1 -1 -7.2572 0.0000 173.2856 259.1327 374.0000 1.5038 1.6168 3.6769 -2.9132 1.5064 2.8598 -8.0064 -6.3484
Car -1 -1 -4.6005 589.4644 171.7748 615.2956 194.1613 1.5206 1.4295 3.6200 -0.5375 1.4470 50.8845 -4.6114 -6.4732
Car -1 -1 -3.1775 690.0859 170.0743 748.1756 193.1914 1.4965 1.5660 3.7373 7.1413 1.3163 47.6951 -3.0301 -7.4925
