Car -1 -1 -7.2196 1076.8130 175.3420 1241.0000 258.1601 1.6109 1.6348 3.6892 12.0928 1.6682 15.4092 -6.5641 0.0226
Car -1 -1 -7.5565 604.2460 167.6911 646.9992 194.4369 1.6415 1.6246 4.1044 1.0229 1.3243 46.4861 -7.5350 -0.8682
Car -1 -1 -7.5869 621.0713 170.3582 663.9738 196.0562 1.4981 1.6303 4.0064 2.0072 1.3523 44.2185 -7.5422 -1.2670
Car -1 -1 -5.2375 617.0551 174.7151 657.4717 194.5084 1.5143 1.6224 3.6150 2.1135 1.6676 57.5513 -5.2014 -1.9366
Car -1 -1 -7.8960 774.9763 178.8988 816.7313 215.7284 1.4808 1.5956 3.6698 8.0429 1.7617 31.6114 -7.6497 -2.5751
Car -1 -1 -7.7891 638.7623 171.9345 677.0839 203.7282 1.4817 1.6399 4.0583 2.3843 1.4385 35.7441 -7.7235 -2.6612
Car -1 -1 -6.5711 630.1625 171.0118 692.8667 195.1480 1.5729 1.6821 3.8634 3.3955 1.4526 48.2613 -6.5017 -2.8328
Car -1 -1 -5.1832 552.1809 174.5045 594.1879 195.9287 1.5448 1.6011 3.8153 -2.8409 1.6736 54.3961 -5.2356 -3.8783
Car -1 -1 -4.0159 696.3821 171.2026 790.2220 212.8694 1.6242 1.6791 3.9910 5.5485 1.5596 30.0482 -3.8356 -4.2243
Car -1 -1 -7.4337 642.0500 169.0350 691.9912 196.0153 1.5607 1.6333 3.7572 3.4678 1.3395 43.7783 -7.3555 -4.4382
Car -1 -1 -2.8553 535.3985 161.4599 588.3956 179.9705 1.5962 1.7092 4.3508 -4.2454 0.6134 63.5290 -2.9220 -4.4761
Car -1 -1 -5.1385 575.5547 167.2672 618.3748 190.1833 1.5711 1.6197 3.8150 -1.0025 1.1878 51.5370 -5.1582 -4.7356
Car -1 -1 -4.5831 550.4884 163.4583 582.6817 189.9923 1.8126 1.7541 4.3069 -3.0829 1.1705 51.4991 -4.6429 -4.8711
Car -1 -1 -4.1214 279.5998 161.4237 352.7479 190.6822 1.5442 1.7453 4.1797 -16.3564 0.9406 40.3057 -4.5048 -5.1118
Car -1 -1 -5.6019 1134.4585 181.0858 1241.0000 271.1642 1.6175 1.7006 4.3865 14.0235 1.8224 15.6828 -4.8823 -5.2324
Car -1 -1 -2.6712 362.2539 167.4222 437.1714 201.2135 1.6392 1.5613 3.2407 -10.5288 1.3754 36.0713 -2.9535 -5.2531
Car -1 -1 -4.7236 344.5180 162.3882 377.2030 191.8984 1.5787 1.6652 3.6127 -14.0646 1.0185 40.5816 -5.0554 -5.4112
Car -1 -1 -2.4083 0.0000 164.2822 86.6869 374.0000 1.4088 1.5926 4.1198 -5.4247 1.3796 3.6404 -3.3537 -5.4949
Car -1 -1 -4.9495 1241.0000 176.3001 1241.0000 374.0000 1.4746 1.6243 4.0245 4.8905 1.5028 3.8531 -4.0830 -5.5019
Car -1 -1 -9.0892 0.0000 0.0000 1241.0000 374.0000 1.5540 1.4906 3.5094 2.7081 1.5461 0.9744 -7.9572 -5.5458
Car -1 -1 -5.0202 623.8964 168.9145 649.0933 183.3978 1.3897 1.4839 3.5092 2.5669 1.0114 71.1242 -4.9845 -5.6039
Car -1 -1 -7.9329 1100.6542 182.9692 1201.8228 254.7417 1.4700 1.5631 4.6653 13.1716 1.7536 17.8518 -7.3057 -5.6475
Car -1 -1 -4.9794 635.6572 173.6943 668.7653 194.6676 1.5497 1.8143 2.9042 3.1639 1.6154 55.0519 -4.9227 -5.6930
Car -1 -1 -7.7641 343.8509 164.7926 380.7552 193.9398 1.6744 1.7317 4.2892 -14.9915 1.2110 43.7373 -8.0927 -5.6970
Car -1 -1 -3.7694 0.0000 0.0000 1241.0000 374.0000 1.4896 1.6028 3.9566 -2.6693 1.5220 1.7201 -4.6977 -5.8867
Car -1 -1 -5.8402 1241.0000 91.4359 1241.0000 374.0000 1.4805 1.5967 3.9484 6.1746 1.4197 2.5227 -4.6976 -5.8867
Car -1 -1 -3.5331 0.0000 0.0000 1241.0000 374.0000 1.4889 1.5997 3.9522 -4.6695 1.5516 1.7278 -4.6975 -5.8867
Car -1 -1 -5.8811 0.0000 176.9654 145.7540 328.8331 1.4209 1.6339 4.0919 -7.9814 1.4762 8.2956 -6.6311 -5.9341
Car -1 -1 -7.5602 560.5027 167.1741 603.1473 195.2541 1.4873 1.4890 3.2365 -1.5578 1.1862 39.9712 -7.5993 -5.9792
Car -1 -1 -5.7596 970.1669 175.2477 1148.7262 226.2196 1.4639 1.6604 4.7043 14.3315 1.5494 23.4141 -5.2164 -6.1079
Car -1 -1 -7.7034 411.8656 175.1247 454.5847 206.5031 1.5412 1.6666 3.3476 -9.1585 1.6642 37.4318 -7.9421 -6.1952
Car -1 -1 -7.8674 1022.6473 174.0690 1181.9463 299.9146 1.7307 1.9120 4.6504 8.2766 1.7555 12.4478 -7.2923 -6.7265
