Car -1 -1 -7.9874 496.5139 174.9121 527.9487 198.5954 1.4753 1.5676 3.6093 -6.4669 1.6153 47.2341 -8.1231 -0.4077
Car -1 -1 -5.7049 610.4708 175.8589 691.3204 201.9673 1.5220 1.7168 4.8432 2.4559 1.7166 44.6760 -5.6508 -2.2133
Car -1 -1 -3.3425 664.0991 176.7269 751.6710 208.3700 1.4541 1.6223 3.8793 4.5755 1.6431 34.3325 -3.2117 -2.3726
Car -1 -1 -4.7741 567.8679 173.8806 593.6490 194.7904 1.4418 1.6108 3.8945 -2.1697 1.5183 51.9700 -4.8160 -3.2885
Car -1 -1 -5.8790 434.8014 176.1562 514.1574 200.3080 1.4996 1.6907 4.7450 -8.7518 1.7183 46.5074 -6.0643 -3.2943
Car -1 -1 -8.1634 740.5320 171.0209 807.7726 210.2952 1.4591 1.5594 3.6059 6.3982 1.3907 28.6726 -7.9465 -3.3081
Car -1 -1 -6.7877 652.6466 179.0483 713.9170 201.4636 1.4142 1.5602 3.7508 4.8210 1.8366 47.7830 -6.6883 -3.6704
Car -1 -1 -3.1476 604.0991 178.3638 687.0925 209.5635 1.4166 1.6044 3.8083 1.6217 1.6823 33.9504 -3.1008 -3.7172
Car -1 -1 -7.7265 547.9291 178.4165 599.1628 217.5905 1.3783 1.5380 3.4383 -1.3842 1.6049 27.6638 -7.7766 -3.8431
Car -1 -1 -7.8539 575.5343 174.2591 594.6984 191.5491 1.4330 1.5962 3.6540 -2.1627 1.5570 61.9578 -7.8890 -4.0527
Car -1 -1 -7.7008 452.3384 169.8879 507.4217 213.5469 1.5775 1.5900 3.3463 -4.9872 1.4700 27.7623 -7.8773 -4.0755
Car -1 -1 -7.4557 611.4318 176.7044 681.6974 214.2725 1.5082 1.6292 4.0569 1.6300 1.6881 31.5939 -7.4052 -4.2720
Car -1 -1 -4.7109 665.2703 176.5613 695.4390 204.4663 1.4948 1.6323 3.5907 3.9580 1.7149 41.0133 -4.6159 -4.4181
Car -1 -1 -4.5780 583.9416 171.1267 613.5417 194.1376 1.6084 1.6303 4.0457 -0.8106 1.4873 52.5374 -4.5937 -4.4769
Car -1 -1 -6.7467 478.4388 168.3289 558.2344 199.5599 1.6757 1.6716 4.1397 -5.1648 1.4326 40.5593 -6.8729 -4.5788
Car -1 -1 -7.9111 460.0543 168.5819 482.7990 187.6566 1.5801 1.6959 3.8165 -11.9244 1.2259 61.8272 -8.1011 -4.5817
Car -1 -1 -3.3792 606.5214 177.6092 674.7532 201.4989 1.3680 1.5889 3.7860 1.7674 1.6581 42.9243 -3.3388 -4.6704
Car -1 -1 -7.5851 556.8835 174.7709 584.5699 190.3425 1.4642 1.7285 3.8942 -3.8206 1.6566 70.4463 -7.6394 -4.7415
Car -1 -1 -8.0846 553.8829 173.3126 582.6152 191.6774 1.5155 1.5686 4.0445 -3.6353 1.5559 61.8141 -8.1434 -4.7655
Car -1 -1 -2.8460 58.0615 169.3575 278.9436 236.3977 1.4571 1.6342 4.1308 -10.2372 1.3808 16.9675 -3.3821 -5.1246
Car -1 -1 -7.4792 248.5214 132.6376 325.8732 171.2040 1.5447 1.7491 3.8091 -13.8098 -0.0756 31.0036 -7.8950 -5.3193
Car -1 -1 -4.2847 148.4196 155.4296 222.9015 186.6934 1.3448 1.5760 3.5748 -19.2905 0.5950 32.8926 -4.8117 -5.4715
Car -1 -1 -5.7783 0.0000 163.2539 0.0000 371.9096 1.5786 1.5362 3.6974 -8.9350 1.5057 6.8738 -6.6743 -5.4850
Car -1 -1 -6.4672 508.7554 170.2599 577.7582 199.7103 1.5313 1.4971 3.4699 -3.6311 1.3961 38.7116 -6.5605 -5.6820
Car -1 -1 -2.2498 0.0000 163.0496 12.2874 374.0000 1.3595 1.5308 3.9673 -5.7077 1.3232 3.5801 -3.2263 -5.6826
Car -1 -1 -5.0665 523.3061 168.9520 569.1829 197.7408 1.8840 1.6455 4.5933 -4.4734 1.6284 49.6477 -5.1563 -5.8224
Car -1 -1 -6.7856 0.0000 0.0000 1241.0000 374.0000 1.5361 1.5859 3.8012 -2.9056 1.6140 1.0054 -7.9392 -5.8867
Car -1 -1 -7.1466 51.8001 0.0000 1241.0000 374.0000 1.5421 1.5887 3.8036 -1.2979 1.6146 1.0047 -7.9392 -5.8867
Car -1 -1 -5.9535 0.0000 0.0000 1241.0000 374.0000 1.5168 1.6099 3.9622 6.1750 1.5328 1.7164 -4.6976 -5.8867
Car -1 -1 -9.0639 0.0000 0.0000 1241.0000 374.0000 1.5396 1.5860 3.8022 2.7226 1.5681 1.0050 -7.9391 -5.8867
Car -1 -1 -5.9090 1241.0000 177.2382 1241.0000 374.0000 1.5253 1.6092 3.9636 8.5933 1.5549 2.9299 -4.6974 -5.8867
Car -1 -1 -8.4653 0.0000 0.0000 1034.2850 374.0000 1.4833 1.5937 3.8415 1.1292 1.4913 1.3738 -7.8745 -5.8867
Car -1 -1 -3.1762 366.4079 176.9527 466.0731 227.6543 1.3903 1.3581 2.7169 -5.6857 1.5152 21.0005 -3.4380 -5.8952
Car -1 -1 -2.9069 144.1122 142.7601 261.2623 181.9064 1.4875 1.7894 3.7534 -16.1831 0.3437 28.7856 -3.4152 -5.9717
Car -1 -1 -2.9944 796.0479 142.2056 885.6757 180.7330 1.7371 1.6276 3.8417 10.8641 0.3550 34.1052 -2.6885 -6.0190
Car -1 -1 -5.9335 0.0000 169.5960 4.2108 374.0000 1.6947 1.6937 3.9171 -7.8049 1.6751 6.0145 -6.8260 -6.0372
Car -1 -1 -2.3248 0.0000 161.0425 162.1020 222.0515 1.6851 1.7645 4.4097 -15.8253 1.3586 21.1947 -2.9603 -6.5722
Car -1 -1 -7.1211 218.6508 173.8569 384.3567 234.5862 1.3664 1.5052 4.1380 -7.7695 1.3949 18.5093 -7.5137 -7.2587
