Car -1 -1 -7.8670 586.9424 180.7455 612.7828 207.1513 1.6179 1.6159 2.9207 -0.7100 2.1432 46.5782 -7.8827 -0.4593
Car -1 -1 -5.0232 495.2774 184.6868 528.3525 203.6700 1.4411 1.5723 3.9309 -8.1581 2.4516 59.5209 -5.1592 -1.4582
Car -1 -1 -6.8593 476.0969 180.3256 535.0135 206.0248 1.6139 1.6015 3.5995 -6.9774 2.1306 48.1402 -7.0029 -1.9247
Car -1 -1 -4.7147 506.2209 183.2316 527.2178 203.2108 1.4286 1.5527 3.8774 -7.2366 2.2588 55.7188 -4.8437 -2.0505
Car -1 -1 -7.7126 577.5653 183.4882 629.1586 223.0119 1.4509 1.6129 3.6004 -0.2546 1.9117 29.3948 -7.7219 -2.2424
Car -1 -1 -7.4447 528.2262 182.8232 573.9900 207.4423 1.4739 1.5743 3.8298 -3.8151 2.1507 46.9379 -7.5259 -3.3222
Car -1 -1 -4.0722 512.3372 181.7947 561.7267 203.0541 1.5164 1.6335 4.1365 -5.5952 2.2311 55.5063 -4.1726 -3.3484
Car -1 -1 -7.7939 537.7882 184.4206 580.3093 222.9517 1.4315 1.5361 3.4438 -2.0816 1.9330 29.5749 -7.8642 -3.3490
Car -1 -1 -2.6565 95.8669 160.7184 235.4048 207.4344 1.6173 1.6833 3.9448 -15.9289 1.1969 25.9402 -3.2028 -3.3814
Car -1 -1 -5.8668 74.0011 159.2823 223.6193 212.4015 1.5881 1.6124 3.6115 -14.4033 1.1820 22.6304 -6.4285 -3.4434
Car -1 -1 -4.6953 465.6143 179.2149 483.8190 198.2130 1.7906 1.7059 3.7738 -13.3709 2.4369 71.3496 -4.8802 -3.5479
Car -1 -1 -4.6342 516.7161 181.8660 546.6109 205.8002 1.6009 1.8061 4.5322 -5.6587 2.2822 52.2794 -4.7420 -3.8191
Car -1 -1 -4.4844 488.4669 184.2706 526.1055 206.3364 1.4645 1.8121 4.1243 -7.4137 2.3243 52.2286 -4.6252 -3.9881
Car -1 -1 -4.8593 631.6086 182.4617 677.1310 216.0285 1.4039 1.5518 3.6697 1.9418 1.8705 33.1612 -4.8019 -3.9917
Car -1 -1 -6.6704 668.9154 178.2287 764.9973 215.1249 1.6069 1.6311 4.0398 4.8409 1.8625 33.0766 -6.5270 -4.1507
Car -1 -1 -4.6495 485.4133 184.7084 511.3232 204.1586 1.4228 1.7823 4.2809 -8.9124 2.4066 57.6886 -4.8025 -4.3268
Car -1 -1 -7.8438 771.3975 185.8492 835.1559 240.5164 1.4372 1.7265 4.0441 5.8902 1.8756 22.1818 -7.5883 -4.4268
Car -1 -1 -4.2903 358.7582 174.7607 426.5510 212.7325 1.7286 1.6695 3.9834 -10.5382 1.8266 35.1401 -4.5799 -4.5818
Car -1 -1 -4.1718 569.3397 185.1401 612.3808 205.4458 1.4538 1.5723 3.9047 -1.4813 2.4472 56.2712 -4.1985 -4.6461
Car -1 -1 -4.9559 651.9946 173.8159 688.1398 199.1402 1.6039 1.5698 3.5186 3.8978 1.6696 47.7019 -4.8753 -4.8021
Car -1 -1 -8.1860 616.0276 181.5892 711.4371 246.4274 1.5059 1.5175 3.1961 1.2734 1.7564 18.9694 -8.1209 -4.8841
Car -1 -1 -4.5251 164.8917 194.0634 298.8529 278.0721 1.2990 1.6547 3.3602 -7.1837 1.7625 13.9320 -4.9938 -4.9650
Car -1 -1 -4.9418 414.1071 169.1038 447.5895 197.0027 2.0830 1.7790 3.4268 -13.9095 1.8027 55.8032 -5.1852 -4.9845
Car -1 -1 -7.0087 0.0000 0.0000 1241.0000 374.0000 1.5540 1.5953 3.8090 -1.7119 1.6543 0.9957 -7.9398 -5.8867
Car -1 -1 -4.4638 462.8852 182.1803 495.1239 202.3013 1.5305 1.6458 4.0355 -10.6711 2.3180 58.8737 -4.6427 -5.8867
Car -1 -1 -8.6435 0.0000 0.0000 1048.9772 374.0000 1.5463 1.5902 3.8047 1.1140 1.6042 1.0034 -7.9392 -5.8867
Car -1 -1 -5.0115 530.3944 181.2619 566.1395 200.9544 1.4877 1.6789 4.3938 -5.1054 2.2007 58.8674 -5.0981 -5.9238
Car -1 -1 -5.0700 833.3132 182.5631 938.0245 238.9067 1.4420 1.5633 3.8531 7.8584 1.7511 21.0628 -4.7182 -6.1608
