Car -1 -1 -7.7171 524.0004 170.4015 547.7158 192.1267 2.0217 1.7140 4.1616 -7.1024 1.7932 69.2541 -7.8193 -1.4466
Car -1 -1 -7.5111 569.7640 181.4349 628.4451 215.2466 1.4678 1.6021 3.8521 -0.4978 1.9021 34.4613 -7.5261 -1.8937
Car -1 -1 -7.8974 653.5598 180.9398 687.4821 209.7508 1.3762 1.5781 3.7049 3.0537 1.8162 37.4020 -7.8172 -2.4153
Car -1 -1 -7.6071 535.1398 181.4522 575.9295 206.4769 1.5098 1.6939 4.1817 -3.5460 2.0988 47.2515 -7.6820 -2.7598
Car -1 -1 -4.9683 500.7152 179.8830 537.8745 201.5010 1.5638 1.7617 4.5952 -7.1459 2.1354 56.2533 -5.0945 -2.7765
Car -1 -1 -7.7616 542.5383 181.9198 576.0104 208.0880 1.4456 1.6340 4.1593 -3.0398 2.0171 43.4116 -7.8316 -2.7880
Car -1 -1 -6.7204 236.7078 180.0475 428.7607 259.3340 1.5608 1.6478 3.7464 -6.2783 1.7438 16.4670 -7.0799 -2.9061
Car -1 -1 -6.6348 477.5703 179.6994 535.7313 203.4230 1.6181 1.7588 3.7610 -7.4513 2.1255 51.8417 -6.7773 -3.0713
Car -1 -1 -6.4857 612.9022 181.9900 737.4678 230.9480 1.5053 1.5990 3.8058 2.0337 1.8165 23.5841 -6.4016 -3.1950
Car -1 -1 -7.3787 969.6514 172.2593 1085.7107 222.5504 1.4426 1.6048 3.7319 12.9395 1.4253 22.3885 -6.8607 -3.4142
Car -1 -1 -4.0346 402.8506 168.0172 449.2306 187.6133 1.7325 1.8590 4.2566 -16.8277 1.3046 66.1124 -4.2831 -3.5653
Car -1 -1 -4.2581 507.3733 178.6302 547.2270 197.5671 1.4786 1.6330 4.1518 -6.8479 1.9759 59.9290 -4.3718 -3.7154
Car -1 -1 -8.0685 573.6116 177.5876 606.4576 202.5103 1.6718 1.6307 3.3714 -1.4730 2.0176 50.9284 -8.0978 -4.0120
Car -1 -1 -7.6179 524.0038 182.9391 560.8041 204.7410 1.4311 1.6462 4.4042 -4.8293 2.1867 51.7849 -7.7109 -4.0974
Car -1 -1 -3.4129 860.2476 175.8318 1016.2057 226.3199 1.4720 1.6813 4.0776 9.9714 1.5684 22.2938 -2.9978 -4.2074
Car -1 -1 -8.0068 507.8697 181.8231 539.9997 206.3393 1.4823 1.5408 3.6092 -5.6732 2.0904 46.9957 -8.1267 -4.2477
Car -1 -1 -5.2223 477.2961 179.0178 521.7878 198.5274 1.5127 1.7765 4.2557 -9.1807 2.0403 59.5742 -5.3749 -4.2844
Car -1 -1 -5.0766 471.5338 183.9104 510.6888 206.7865 1.3998 1.4694 3.3043 -7.9188 2.1577 47.6848 -5.2407 -4.3931
Car -1 -1 -5.0490 990.5073 179.7008 1122.7030 243.6575 1.4948 1.7092 4.1593 11.8454 1.7010 19.5454 -4.5114 -4.4987
Car -1 -1 -6.1126 706.6924 187.0730 817.2155 230.8339 1.3632 1.5306 3.4985 5.1615 1.8764 24.7051 -5.9098 -4.5342
Car -1 -1 -4.9507 616.2574 178.7391 665.2868 209.4540 1.4868 1.6211 4.1852 1.5168 1.8144 37.9864 -4.9117 -4.6036
Car -1 -1 -5.9058 0.0000 0.0000 1241.0000 374.0000 1.3776 1.4865 3.4456 3.1074 1.6107 1.6556 -4.8967 -4.6560
Car -1 -1 -7.8932 0.0000 0.0000 1241.0000 374.0000 1.4906 1.4698 3.3191 0.7413 1.5203 1.1472 -7.4246 -4.7408
Car -1 -1 -2.8919 328.1931 177.6925 433.0383 218.4074 1.5114 1.5306 3.5893 -8.8370 1.7036 27.8524 -3.1968 -4.9186
Car -1 -1 -7.9311 519.7579 182.4074 551.1640 209.5680 1.4832 1.5508 3.9653 -4.5137 2.0794 42.9630 -8.0357 -5.2565
Car -1 -1 -3.4632 0.0000 194.5290 356.8813 374.0000 1.4802 1.7542 4.4449 -3.5332 1.6488 3.2439 -4.2509 -5.3085
Car -1 -1 -4.7840 589.8946 176.6243 618.2569 205.0401 1.7302 1.5660 3.4160 -0.4452 1.9804 46.1681 -4.7941 -5.3563
Car -1 -1 -4.3689 540.9628 181.0951 577.2210 199.7508 1.3789 1.6893 3.7951 -4.0229 2.0554 57.2009 -4.4392 -5.5035
Car -1 -1 -8.1179 571.0004 180.5999 604.6441 200.4627 1.4829 1.6960 4.0090 -1.8400 2.1255 57.7220 -8.1501 -5.5214
Car -1 -1 -2.2950 109.0070 188.7702 328.9409 281.5615 1.5062 1.5788 3.7210 -7.3970 1.8360 13.5758 -2.7862 -5.6924
Car -1 -1 -7.8015 426.7803 180.0429 463.7320 214.5918 1.4891 1.4959 3.6816 -7.7201 1.8454 33.8480 -8.0245 -5.7759
Car -1 -1 -4.7977 433.3668 179.9866 470.5608 209.3829 1.4645 1.6288 4.0308 -8.6597 1.8728 39.1647 -5.0143 -5.8867
Car -1 -1 -4.7948 442.3501 180.1909 474.5836 206.0714 1.4829 1.6224 4.0668 -9.4731 1.9599 44.7585 -5.0026 -5.9104
Car -1 -1 -4.9464 441.8214 180.1754 477.5005 201.6869 1.3793 1.5528 3.8569 -10.4334 1.9049 49.7535 -5.1524 -6.6103
