Car -1 -1 -8.1226 631.0322 175.6227 670.8581 198.5667 1.4991 1.6528 4.3318 2.7516 1.6995 49.9900 -8.0684 -0.1629
Car -1 -1 -5.3602 723.3373 176.0509 788.6766 205.5183 1.4748 1.5413 3.6091 7.6934 1.6538 38.4982 -5.1649 -2.6636
Car -1 -1 -8.1699 665.0782 168.6495 691.9792 185.9816 1.6416 1.5995 3.4765 6.6207 1.2430 70.2100 -8.0765 -2.7774
Car -1 -1 -6.4644 554.1431 172.8934 613.2658 197.6658 1.4790 1.5418 3.3957 -1.6619 1.4812 44.2039 -6.5021 -2.8203
Car -1 -1 -6.4628 641.5637 172.4219 703.2388 199.2164 1.6353 1.6968 3.5880 3.8329 1.6087 45.0531 -6.3790 -2.9663
Car -1 -1 -7.6755 655.4695 174.8074 689.0059 197.5861 1.5019 1.6316 4.0563 4.3320 1.6432 50.1172 -7.5902 -3.5835
Car -1 -1 -5.0084 740.1986 175.7360 801.4540 209.8851 1.4225 1.5729 3.9836 7.1093 1.5600 32.4513 -4.7951 -3.6176
Car -1 -1 -3.4721 576.1069 166.7181 625.6443 186.1890 1.5455 1.6372 3.6956 -0.7733 1.0582 58.6650 -3.4855 -3.8158
Car -1 -1 -7.6942 689.1326 175.8180 744.3554 215.7114 1.4656 1.6110 3.7821 4.2844 1.5923 28.8575 -7.5489 -3.8259
Car -1 -1 -7.6105 650.7894 173.2706 681.5839 192.0164 1.4782 1.6146 3.9518 4.6123 1.5133 59.1208 -7.5334 -3.9563
Car -1 -1 -4.2674 188.5104 164.5325 311.7731 223.0440 1.5030 1.6423 3.7553 -10.0723 1.2889 20.4186 -4.7208 -3.9619
Car -1 -1 -7.6932 690.9366 169.4777 718.4026 188.1695 1.5168 1.6646 4.0903 7.9782 1.2425 60.7480 -7.5636 -3.9697
Car -1 -1 -7.6384 511.0417 162.9665 578.7856 216.0211 1.7069 1.6101 3.6063 -2.2322 1.3885 25.1043 -7.7267 -4.0754
Car -1 -1 -8.2266 624.8040 169.9055 653.9561 185.2110 1.4700 1.6171 3.7596 2.8557 1.1865 71.3388 -8.1870 -4.1101
Car -1 -1 -7.7958 0.0000 166.3049 100.4980 263.2279 1.4669 1.5747 3.7856 -10.1818 1.3675 12.9273 -8.4530 -4.1858
Car -1 -1 -8.0337 621.7955 175.6896 645.4850 191.9275 1.4703 1.6042 3.6009 2.1765 1.7443 67.8959 -8.0021 -4.2035
Car -1 -1 -8.0201 631.1287 171.6319 658.1562 190.6710 1.5110 1.5865 3.9059 2.7865 1.4137 59.2969 -7.9737 -4.2489
Car -1 -1 -5.3946 670.1003 172.8320 737.6404 200.7083 1.5695 1.6893 4.2153 5.4770 1.5679 42.8596 -5.2688 -4.2565
Car -1 -1 -7.3998 760.5795 177.4433 822.1652 207.0903 1.4501 1.6014 3.8910 9.5341 1.7038 37.9183 -7.1558 -4.3577
Car -1 -1 -4.7446 694.5562 176.5618 717.0854 197.6721 1.4264 1.4662 3.2694 6.7217 1.6971 51.0482 -4.6148 -4.3980
Car -1 -1 -4.6510 711.0095 175.7136 747.5859 206.0906 1.4601 1.6225 4.1560 6.1751 1.6164 37.3033 -4.4888 -4.5263
Car -1 -1 -7.2748 703.2434 173.1267 744.6629 191.1053 1.4462 1.6000 3.7795 9.4812 1.4693 60.0378 -7.1192 -4.7160
Car -1 -1 -4.9062 658.0812 174.0111 695.6392 200.5099 1.5082 1.5908 3.4128 3.9068 1.5797 43.0019 -4.8166 -4.8024
Car -1 -1 -8.3424 479.3241 172.5574 554.9716 206.8871 1.4278 1.6690 3.9566 -4.2332 1.4152 32.1057 -8.4728 -4.8479
Car -1 -1 -4.3451 412.7563 170.4899 509.7751 224.4272 1.5158 1.6428 3.8849 -4.5320 1.4490 22.3296 -4.5436 -4.9020
Car -1 -1 -7.5527 634.9628 176.3996 662.9542 192.9651 1.4910 1.5776 3.7946 3.6733 1.8343 67.8741 -7.4992 -5.0394
Car -1 -1 -8.9129 0.0000 0.0000 1241.0000 374.0000 1.5524 1.5912 3.8066 1.9185 1.6177 1.0035 -7.9391 -5.8867
Car -1 -1 -9.1080 0.0000 0.0000 1241.0000 374.0000 1.5045 1.6025 3.8487 4.7453 1.5225 1.3683 -7.8743 -5.8867
Car -1 -1 -5.8402 1241.0000 181.9582 1241.0000 374.0000 1.5317 1.6156 3.9684 6.1754 1.5883 2.5205 -4.6976 -5.8867
Car -1 -1 -5.4021 0.0000 141.7254 261.0452 374.0000 1.5124 1.6085 3.8487 -3.7415 1.4250 2.8301 -6.2800 -5.8867
Car -1 -1 -8.1632 0.0000 0.0000 853.3151 374.0000 1.5464 1.5909 3.8053 0.3098 1.6104 1.0040 -7.9393 -5.8867
Car -1 -1 -6.8667 902.7352 142.4860 1002.8897 179.2319 1.5316 1.5853 3.6331 14.7075 0.2655 31.1227 -6.4288 -6.0618
Car -1 -1 -5.6022 0.0000 163.7065 0.0000 374.0000 1.5368 1.7370 4.2550 -8.4244 1.4762 6.1073 -6.5246 -6.3917
Car -1 -1 -2.7453 392.4000 178.9567 507.2461 224.5715 1.4873 1.5045 3.5595 -5.5335 1.7063 24.8665 -2.9625 -6.8077
