Car -1 -1 -4.4301 627.5355 165.1976 660.1549 191.1868 2.2143 1.7720 4.2400 3.0069 1.5617 63.7691 -4.3835 0.4372
Car -1 -1 -8.1541 653.1839 174.6734 682.6773 192.3667 1.5363 1.6168 3.7176 5.1668 1.7050 65.0495 -8.0756 -0.7754
Car -1 -1 -8.0100 798.1421 168.3980 826.3200 186.7646 1.4031 1.5826 3.6711 15.9210 1.0624 57.0352 -7.7393 -1.0565
Car -1 -1 -4.5424 665.1760 178.2728 688.3187 194.7149 1.5276 1.6355 3.7923 6.5218 2.0716 70.4266 -4.4508 -1.6543
Car -1 -1 -4.9099 621.3096 176.3843 653.6016 197.5892 1.6128 1.8044 4.1031 2.1293 1.9057 57.7694 -4.8737 -2.5036
Car -1 -1 -6.3414 635.5304 179.9912 691.0936 203.4848 1.5762 1.6844 3.7287 3.6147 2.0772 49.8034 -6.2699 -2.7699
Car -1 -1 -8.7935 1136.3673 181.6983 1241.0000 280.0747 1.4611 1.6087 3.9027 12.0168 1.6477 13.1667 -8.0653 -2.7883
Car -1 -1 -7.0192 655.3725 179.0650 774.0593 233.2896 1.4823 1.5555 3.3577 3.1211 1.6823 21.6738 -6.8789 -2.9679
Car -1 -1 -4.8960 518.9219 180.1746 542.7208 196.7925 1.4688 1.6057 3.4168 -7.4280 2.1701 67.2873 -5.0059 -3.1436
Car -1 -1 -3.2278 640.2272 171.3870 690.7474 195.9793 1.8062 1.7188 3.6227 4.0843 1.6981 53.8729 -3.1530 -3.3119
Car -1 -1 -3.2242 298.0772 181.6123 426.9431 234.6653 1.4512 1.5811 3.5393 -7.4737 1.7309 21.6421 -3.5535 -3.3490
Car -1 -1 -7.8427 611.0856 178.2395 642.5927 206.0625 1.4260 1.6501 4.0217 0.9097 1.7380 39.8064 -7.8205 -4.1081
Car -1 -1 -7.9586 607.1329 172.7245 627.8404 188.2800 1.4920 1.6548 3.7376 0.6939 1.4793 71.1461 -7.9492 -4.1899
Car -1 -1 -5.4706 950.0885 170.2027 1122.6646 241.3118 1.5402 1.5530 3.5745 10.1341 1.4825 17.5499 -4.9547 -4.1985
Car -1 -1 -6.9774 868.3974 145.6761 1003.6666 196.2702 1.6885 1.7329 4.2359 11.4481 0.7812 25.4918 -6.5598 -4.3419
Car -1 -1 -5.5277 474.9449 181.5065 535.7102 205.2917 1.4538 1.5772 3.9110 -6.8941 2.0402 47.1548 -5.6725 -4.3632
Car -1 -1 -7.3815 1116.5808 158.6644 1241.0000 212.9239 1.5619 1.6804 3.9370 17.7438 1.1532 22.3608 -6.7173 -4.4235
Car -1 -1 -7.1370 1220.4993 134.5021 1241.0000 186.2816 1.4934 1.6393 3.9566 20.9873 0.3870 21.8131 -6.3774 -4.4832
Car -1 -1 -7.8096 434.0914 180.3483 471.2562 213.0719 1.3868 1.5191 3.4441 -7.2426 1.7507 33.2400 -8.0229 -4.7321
Car -1 -1 -3.2537 349.0406 177.3203 464.5992 215.8383 1.4531 1.6609 4.3399 -8.2558 1.6432 29.1743 -3.5275 -4.7340
Car -1 -1 -8.3459 582.7465 171.2296 618.9241 188.6321 1.6566 1.8925 3.9838 -0.9514 1.5016 70.8850 -8.3596 -4.8207
Car -1 -1 -5.0160 531.4465 177.8198 566.9222 196.9968 1.4744 1.6918 4.2386 -5.0343 1.8955 58.9395 -5.1012 -5.6188
Car -1 -1 -8.2177 944.0281 131.7116 1031.8582 180.9769 1.7121 1.7084 3.6082 13.9621 0.2820 26.9617 -7.7442 -5.7000
Car -1 -1 -4.9913 692.3297 177.1385 733.0866 199.5575 1.4473 1.6574 4.2497 6.9793 1.7550 49.6483 -4.8529 -5.9342
Car -1 -1 -3.8548 0.0000 177.8786 77.5062 373.6925 1.5115 1.5977 3.8642 -8.0130 1.5783 7.6524 -4.6457 -6.4982
