Car -1 -1 -2.5358 646.5295 176.2233 691.6709 193.5963 1.5987 1.6726 4.0794 5.6188 1.9301 69.0887 -2.4554 -0.3078
Car -1 -1 -7.5313 680.9792 182.3029 715.5004 202.8782 1.5062 1.5903 3.7551 6.9425 2.2755 56.7288 -7.4107 -0.3415
Car -1 -1 -8.0325 401.9839 172.9583 483.5033 229.8581 1.4767 1.6061 3.9433 -4.9694 1.4797 20.8619 -8.2640 -0.7965
Car -1 -1 -7.1767 610.5670 174.3190 661.0925 197.0352 1.7121 1.6967 4.2386 2.0433 1.8316 56.8190 -7.1413 -0.9378
Car -1 -1 -7.8116 603.5660 179.8764 633.7761 207.0956 1.4954 1.6219 4.3332 0.5251 1.9350 42.9877 -7.8000 -1.0030
Car -1 -1 -5.1868 207.1709 188.6891 345.9447 257.5737 1.4027 1.4482 3.7603 -8.0642 1.8181 17.2160 -5.6193 -1.7407
Car -1 -1 -4.7613 571.9093 178.8544 624.3602 229.4543 1.4781 1.5073 3.2531 -0.4858 1.6842 23.1495 -4.7828 -2.0242
Car -1 -1 -5.1861 652.8171 178.3202 691.1086 195.4357 1.4641 1.6717 4.3152 5.5592 1.9776 65.5116 -5.1023 -3.0581
Car -1 -1 -2.8057 542.4841 174.6083 622.2443 208.2848 1.6101 1.5991 3.6461 -1.4036 1.7003 35.9300 -2.8450 -3.6695
Car -1 -1 -6.4451 821.2383 166.8818 904.4725 207.9454 2.2214 2.0321 4.1138 14.0363 1.8981 40.3825 -6.1134 -3.8377
Car -1 -1 -4.5855 532.3333 177.0048 565.2136 202.7133 1.5034 1.5631 3.8192 -3.7905 1.7718 44.7624 -4.6699 -3.9213
Car -1 -1 -8.1795 765.4615 184.6790 822.6055 215.3475 1.3784 1.5762 3.9045 9.0648 2.0009 35.9898 -7.9353 -4.0199
Car -1 -1 -6.7620 713.5426 178.8628 790.4100 207.7400 1.6058 1.6793 4.0855 8.2322 1.9675 42.0831 -6.5707 -4.1290
Car -1 -1 -4.4487 676.0513 178.6437 707.8575 196.9043 1.5573 1.8206 4.2483 7.4318 2.0996 65.3084 -4.3363 -4.1987
Car -1 -1 -4.5240 585.8567 175.5309 665.0443 236.7116 1.5851 1.6050 3.8278 0.4919 1.6699 20.9118 -4.5017 -4.3467
Car -1 -1 -8.1048 504.9276 179.3641 545.3432 204.3354 1.4220 1.5320 3.9187 -5.2876 1.8403 44.2886 -8.2234 -4.5322
Car -1 -1 -7.5857 525.0438 180.1034 609.3723 237.2102 1.4097 1.4946 3.3921 -1.1534 1.6295 20.0875 -7.6432 -4.5646
Car -1 -1 -3.0071 599.1893 174.1285 660.6291 200.1910 1.6437 1.6686 3.7910 1.2783 1.7280 46.7448 -2.9804 -4.6238
Car -1 -1 -4.6684 749.7186 176.8976 774.6455 203.0322 1.8608 1.6657 3.9846 11.4263 2.1761 54.1719 -4.4621 -4.6549
Car -1 -1 -3.6314 784.6465 183.6128 867.6939 213.7583 1.4986 1.6204 3.8727 11.2917 2.0810 37.8975 -3.3445 -4.7480
Car -1 -1 -4.5993 586.0483 181.6720 621.3536 208.8132 1.3579 1.5357 3.4417 -0.3393 1.8568 39.0553 -4.6084 -5.1357
Car -1 -1 -4.6343 530.1414 176.2850 582.0104 221.7879 1.5439 1.6147 3.9216 -1.9741 1.6801 26.7425 -4.7079 -5.2919
Car -1 -1 -7.9895 758.1046 178.7410 790.9165 206.3321 1.7931 1.6630 4.0609 11.2929 2.2168 49.8782 -7.7686 -5.5285
Car -1 -1 -2.4656 0.0000 175.2215 108.6080 374.0000 1.3794 1.5758 4.2304 -5.3102 1.3952 3.6014 -3.4056 -5.5762
Car -1 -1 -4.7622 345.7370 168.3790 423.6823 238.1864 1.7106 1.8378 4.2397 -6.3809 1.6006 19.9878 -5.0679 -5.6759
Car -1 -1 -4.6442 570.0814 179.0782 600.5040 204.9867 1.4453 1.5575 3.9732 -1.4747 1.8352 43.2281 -4.6786 -5.7366
Car -1 -1 -7.5635 152.1609 0.0000 1241.0000 374.0000 1.5513 1.5933 3.8067 -0.4944 1.6348 1.0026 -7.9392 -5.8867
Car -1 -1 -4.7989 548.4980 178.2782 584.5574 207.1748 1.5440 1.6970 4.3717 -2.5999 1.8743 41.6986 -4.8613 -6.5100
