Car -1 -1 -8.0459 554.7622 180.6008 589.6339 203.8619 1.4237 1.6262 3.5828 -2.5531 1.9530 47.3867 -8.0999 -2.6259
Car -1 -1 -3.0280 521.9356 180.1148 571.5652 199.4724 1.5630 1.6862 3.9345 -5.2426 2.1737 59.8245 -3.1155 -2.8008
Car -1 -1 -7.2576 0.0000 215.4867 562.0226 374.0000 1.4256 1.5635 3.6578 -1.2389 1.6516 1.9422 -7.7696 -2.9224
Car -1 -1 -7.5799 574.9197 181.7258 613.6967 203.9411 1.3640 1.5858 3.9098 -1.0325 1.9803 48.0621 -7.6018 -3.0390
Car -1 -1 -3.3338 433.3477 173.5562 548.4800 229.4511 1.6162 1.6159 3.2480 -3.7313 1.6389 22.2220 -3.4989 -3.0782
Car -1 -1 -5.0219 569.9266 175.1587 599.2872 191.6441 1.5570 1.7316 4.0414 -2.5487 1.7904 70.9554 -5.0581 -3.4002
Car -1 -1 -3.6693 3.3380 0.0000 1241.0000 374.0000 1.4311 1.5516 3.6117 -2.5291 1.7062 1.6795 -4.5815 -3.5687
Car -1 -1 -7.9134 486.1592 174.9215 508.4535 193.8884 1.5306 1.6230 3.8772 -9.5389 1.7102 60.7434 -8.0689 -3.6458
Car -1 -1 -7.3257 679.0152 175.0654 735.9673 201.3731 1.5186 1.6578 4.0105 5.9647 1.6598 44.0922 -7.1926 -3.6885
Car -1 -1 -5.1541 531.8110 176.6867 573.9503 199.6109 1.6933 1.7438 3.9491 -4.5110 2.0027 56.1604 -5.2343 -3.8109
Car -1 -1 -7.5008 611.5865 177.4702 667.3275 208.0685 1.5368 1.6649 4.2403 1.6255 1.8019 39.2032 -7.4602 -3.9510
Car -1 -1 -8.2814 686.7813 162.9200 753.9045 206.6627 2.2013 1.8427 4.5014 5.7954 1.7011 38.7285 -8.1345 -3.9838
Car -1 -1 -8.0128 465.4562 177.4423 531.2353 226.7735 1.5437 1.6324 4.0372 -4.0154 1.7172 25.1556 -8.1701 -4.0514
Car -1 -1 -8.0703 604.7213 178.0059 671.4924 224.6387 1.4893 1.5849 3.6322 0.8668 1.6841 25.3996 -8.0373 -4.1892
Car -1 -1 -4.7739 573.4337 178.5532 601.1239 201.5580 1.5568 1.7184 4.6172 -1.7223 1.9890 52.3857 -4.8071 -4.2052
Car -1 -1 -7.9048 0.0000 0.0000 1237.0339 374.0000 1.4646 1.4823 3.7905 1.0712 1.4144 1.6388 -7.4026 -4.2177
Car -1 -1 -7.6401 645.8053 178.0311 703.0803 218.0995 1.5060 1.6083 3.6511 2.6605 1.7324 29.6142 -7.5521 -4.2359
Car -1 -1 -6.2544 1080.7799 0.0000 1241.0000 374.0000 1.6335 1.6204 3.7934 3.8580 1.3796 2.2333 -5.2641 -4.3130
Car -1 -1 -8.8787 0.0000 0.0000 1241.0000 374.0000 1.4840 1.4298 3.2618 2.1153 1.4272 0.8509 -7.8045 -4.3461
Car -1 -1 -4.8795 547.8920 174.0139 582.1164 201.2722 1.8672 1.7556 4.3204 -3.3137 1.9541 51.9260 -4.9433 -4.3853
Car -1 -1 -4.3615 356.4472 186.6450 423.5231 225.9745 1.4576 1.5056 3.5930 -9.0699 2.0633 29.8674 -4.6543 -4.3890
Car -1 -1 -5.5752 463.0763 172.5964 534.5375 205.9486 1.6963 1.7089 3.4760 -5.9563 1.6829 38.3384 -5.7287 -4.5381
Car -1 -1 -8.3672 670.8456 172.6107 746.0455 209.1036 1.5556 1.6105 4.0346 4.3691 1.5450 32.9304 -8.2370 -4.7864
Car -1 -1 -4.9198 461.9771 175.6243 492.9753 197.7543 1.6060 1.5762 3.7600 -10.1454 1.8244 54.9132 -5.1020 -4.8393
Car -1 -1 -4.4424 441.6190 180.0155 501.6444 216.8190 1.4531 1.6045 3.7320 -5.9447 1.7812 31.1636 -4.6298 -5.1577
Car -1 -1 -7.7695 563.7408 177.8113 588.1575 197.5090 1.4578 1.5900 3.8128 -2.6533 1.8576 56.3081 -7.8168 -5.2292
Car -1 -1 -4.9397 530.2371 178.4491 569.8442 203.7772 1.5402 1.6687 4.1863 -3.9965 1.9227 47.1181 -5.0243 -5.2953
Car -1 -1 -4.5108 475.2344 183.2897 533.8752 220.4056 1.4012 1.6269 4.3440 -4.4440 1.8770 30.7019 -4.6539 -5.3310
Car -1 -1 -4.5827 460.3255 176.4656 485.1139 195.8947 1.4911 1.5111 3.5106 -11.0006 1.7893 57.8395 -4.7702 -5.3516
Car -1 -1 -4.5171 528.6362 179.0846 560.3513 202.3061 1.5547 1.5393 3.8070 -4.6520 2.0148 51.3404 -4.6074 -5.8356
Car -1 -1 -4.2017 492.6672 178.6584 549.6027 204.0550 1.4842 1.6746 4.3051 -5.5760 1.8687 45.5314 -4.3233 -5.8827
Car -1 -1 -5.9535 0.0000 0.0000 1241.0000 374.0000 1.4793 1.5974 3.9489 6.1744 1.4033 1.7182 -4.6976 -5.8867
Car -1 -1 -7.7431 476.9333 186.2323 519.0388 216.8086 1.3124 1.5807 3.8324 -5.3592 1.9902 34.6228 -7.8961 -5.9551
Car -1 -1 -6.8036 0.0000 0.0000 1241.0000 374.0000 1.4638 1.5249 4.0649 -3.7978 1.4865 0.8758 -8.0782 -5.9772
Car -1 -1 -7.2803 1241.0000 174.0628 1241.0000 359.9977 1.4138 1.5863 4.2547 8.5739 1.4261 6.4938 -6.3797 -5.9982
Car -1 -1 -7.5471 1241.0000 152.9966 1241.0000 374.0000 1.4160 1.5810 4.2253 6.2956 1.3455 3.8949 -6.5637 -6.1272
Car -1 -1 -5.0712 498.3633 178.8101 536.8894 199.7857 1.4619 1.5526 3.9276 -6.9253 1.9212 53.5779 -5.1995 -6.4468
Car -1 -1 -4.3251 407.3682 177.9831 484.7912 217.5600 1.3988 1.5895 3.8585 -6.3257 1.6125 28.0641 -4.5453 -6.4953
Car -1 -1 -5.8387 1096.1964 163.5418 1241.0000 254.3605 1.5772 1.7868 4.9196 13.2365 1.4152 15.1415 -5.1304 -6.7144
Car -1 -1 -4.3904 370.3116 179.3351 460.7207 228.7074 1.4496 1.6433 4.1473 -6.3537 1.6828 23.8645 -4.6483 -6.8972
Car -1 -1 -7.9131 1155.5634 140.1883 1241.0000 374.0000 1.6422 1.5664 4.0802 5.8392 1.4430 6.4909 -7.2033 -7.6627
