Car -1 -1 -6.8783 981.9443 177.9475 1146.8143 228.8993 1.4109 1.5717 3.8563 13.1109 1.5652 21.0249 -6.3275 -1.5363
Car -1 -1 -7.5232 542.4767 182.0186 588.8168 210.2071 1.4987 1.5527 3.7032 -2.5462 2.0527 41.6489 -7.5844 -2.0503
Car -1 -1 -8.2057 930.4700 179.4496 1032.4968 229.0555 1.3411 1.5780 3.5714 11.0765 1.5577 21.8646 -7.7428 -2.4451
Car -1 -1 -4.4769 499.9162 181.6150 530.0868 201.2290 1.5706 1.6774 3.9732 -8.1063 2.3443 61.6832 -4.6074 -2.8754
Car -1 -1 -6.5586 647.8926 180.0742 728.3755 210.6187 1.5012 1.6131 3.8184 3.9528 1.8834 37.1100 -6.4539 -3.2386
Car -1 -1 -4.5004 526.8123 183.5264 565.3265 208.2289 1.4464 1.6362 4.0799 -4.0770 2.1610 46.2098 -4.5884 -3.5963
Car -1 -1 -4.9779 479.1122 180.8798 512.6880 199.7422 1.5205 1.7927 4.3388 -9.9460 2.2416 62.5069 -5.1354 -3.7509
Car -1 -1 -4.9673 604.9722 181.4682 644.3898 207.1762 1.4902 1.5809 3.6659 0.8396 2.0519 45.1093 -4.9494 -3.9084
Car -1 -1 -6.8327 603.8685 174.0970 668.0762 201.3750 1.7965 1.7686 4.0752 1.7586 1.8845 49.4547 -6.7978 -3.9968
Car -1 -1 -5.0415 492.9688 181.0250 528.9919 203.1793 1.6866 1.6794 4.0577 -8.1226 2.3762 58.7351 -5.1787 -4.1661
Car -1 -1 -8.0727 426.3707 178.8297 453.8942 197.7245 1.7370 1.7255 4.2127 -16.5378 2.3356 70.0410 -8.3040 -4.2381
Car -1 -1 -4.6970 923.9034 183.4657 1021.5013 278.2198 1.4954 1.4692 3.6730 6.8630 1.7270 13.7991 -4.2448 -4.3930
Car -1 -1 -8.1373 569.2378 180.6917 606.8198 204.8601 1.5696 1.6578 3.6142 -1.5957 2.1351 50.1161 -8.1695 -4.4607
Car -1 -1 -4.9205 587.8982 180.7609 622.1747 207.1175 1.5231 1.4564 3.3033 -0.3759 2.0301 44.5278 -4.9294 -4.5567
Car -1 -1 -4.9711 483.3206 182.7143 519.9498 204.8990 1.5392 1.6979 4.2308 -8.2344 2.3129 54.3644 -5.1211 -4.6655
Car -1 -1 -4.4440 534.7022 184.3899 570.5277 206.4057 1.6504 1.8757 4.1242 -4.6410 2.6222 58.5990 -4.5232 -4.6947
Car -1 -1 -4.4748 510.0846 183.2343 544.2914 204.4399 1.4889 1.6463 4.2112 -6.2937 2.3114 54.9979 -4.5887 -4.8421
Car -1 -1 -3.1683 387.5120 177.5481 484.8512 245.1458 1.5467 1.4098 2.2219 -4.2947 1.6673 17.6134 -3.4047 -4.8735
Car -1 -1 -6.8264 973.6368 188.6647 1141.0028 242.7088 1.3498 1.5866 3.4884 11.8112 1.7894 19.2810 -6.2842 -4.9357
Car -1 -1 -7.7868 580.1626 181.1147 615.3460 214.5689 1.5796 1.5667 3.3957 -0.6216 2.0189 36.6606 -7.8043 -5.0256
Car -1 -1 -5.3035 574.3875 181.7810 643.8315 212.1627 1.5260 1.7097 4.3152 -0.1499 2.0466 39.8375 -5.3078 -5.0994
Car -1 -1 -7.8983 525.1282 181.3694 555.7185 209.3073 1.4979 1.5919 3.8715 -4.1201 2.0167 41.9518 -7.9961 -5.2126
Car -1 -1 -4.3491 463.8335 181.8919 504.5587 204.4782 1.6965 1.7688 4.4950 -10.1638 2.4584 58.4720 -4.5209 -5.3217
Car -1 -1 -4.8172 549.8630 183.2586 576.9569 204.1487 1.4774 1.6588 3.9236 -3.6245 2.3026 55.1699 -4.8830 -5.5498
Car -1 -1 -4.6977 523.3589 183.3479 543.8097 202.4102 1.4330 1.6011 4.4173 -6.2441 2.3241 59.0157 -4.8031 -5.6667
Car -1 -1 -4.4374 418.8646 181.4940 470.5654 212.1792 1.4936 1.6558 3.9640 -8.7387 1.9759 38.2817 -4.6608 -5.8405
Car -1 -1 -4.4264 429.7798 182.3422 475.8655 209.1404 1.4971 1.6569 4.0609 -9.5293 2.1011 43.8707 -4.6394 -5.8504
Car -1 -1 -7.8473 0.0000 0.0000 1110.2809 374.0000 1.5481 1.5927 3.8082 -0.1041 1.6165 0.9967 -7.9398 -5.8867
Car -1 -1 -6.8390 0.0000 0.0000 1241.0000 374.0000 1.5398 1.5896 3.8041 -2.5163 1.6172 0.9968 -7.9398 -5.8867
Car -1 -1 -5.9534 0.0000 0.0000 1241.0000 374.0000 1.4989 1.6038 3.9558 6.1747 1.4719 1.7173 -4.6976 -5.8867
Car -1 -1 -4.4065 449.9262 181.3151 483.3726 199.9565 1.4515 1.6355 3.8848 -11.9107 2.1789 60.0374 -4.6019 -5.8867
Car -1 -1 -8.7980 0.0000 0.0000 1144.5900 374.0000 1.5446 1.5912 3.8064 1.5037 1.5895 0.9964 -7.9398 -5.8867
Car -1 -1 -4.0357 73.1593 184.3501 264.2092 260.2020 1.4623 1.6257 3.9129 -9.9546 1.7590 16.5846 -4.5695 -5.8867
Car -1 -1 -2.5211 0.0000 174.6643 24.6372 374.0000 1.6759 1.6950 4.4862 -6.6248 1.6903 4.2890 -3.4884 -5.9554
Car -1 -1 -4.6465 294.6809 182.5426 368.8329 244.9106 1.5749 1.7387 3.9619 -8.0511 1.8859 21.0363 -5.0084 -6.0658
Car -1 -1 -2.5553 485.6424 179.0027 531.6445 195.7281 1.4332 1.5392 3.8644 -9.0848 1.9953 64.4791 -2.6950 -6.2302
Car -1 -1 -4.3729 474.2834 181.4168 523.6288 209.6729 1.6594 1.7380 4.4389 -7.0652 2.2344 46.1354 -4.5245 -6.3071
Car -1 -1 -3.6242 0.0000 0.0000 1241.0000 374.0000 1.4889 1.8060 4.6787 -4.7134 1.3560 2.2836 -4.6970 -6.4551
Car -1 -1 -7.8208 570.3804 182.6325 591.3331 203.6784 1.4966 1.4729 4.0009 -2.2281 2.2713 55.1800 -7.8615 -6.8580
