Car -1 -1 -4.4863 620.1407 177.0684 656.3236 200.9947 1.4733 1.5743 3.7068 1.8503 1.7599 47.1269 -4.4477 -0.8430
Car -1 -1 -8.2384 572.2235 172.5207 605.2023 191.0720 1.7184 1.7141 4.1656 -2.0939 1.6872 69.0873 -8.2689 -1.2277
Car -1 -1 -5.2003 0.0000 156.2353 128.7449 218.0306 1.6645 1.7047 3.9673 -16.2027 1.2166 21.0406 -5.8505 -2.4354
Car -1 -1 -5.1249 514.2824 176.6503 559.9583 200.9045 1.5616 1.6213 4.0221 -5.0523 1.8319 49.2783 -5.2270 -2.4572
Car -1 -1 -7.7522 627.8303 176.5434 662.1064 205.0777 1.5160 1.5991 3.3265 1.9642 1.7320 40.5532 -7.7047 -2.5646
Car -1 -1 -8.2672 482.9361 177.0414 534.5143 203.4063 1.5076 1.6410 4.0127 -6.2672 1.7755 44.0750 -8.4081 -2.6969
Car -1 -1 -8.0561 547.8790 178.0969 584.1315 202.2151 1.4379 1.5791 3.7194 -2.8721 1.7856 45.8890 -8.1187 -2.8948
Car -1 -1 -4.5494 599.3073 177.4791 631.4357 201.4158 1.4930 1.5949 3.3524 0.3541 1.8085 47.4803 -4.5425 -3.0580
Car -1 -1 -4.3871 548.8467 177.7997 590.5009 199.8199 1.4226 1.6235 4.1811 -2.7657 1.7792 49.8465 -4.4427 -3.1599
Car -1 -1 -7.9499 542.3810 179.6482 567.2763 199.1012 1.3595 1.5062 3.5435 -4.1564 1.8816 53.6091 -8.0273 -3.2455
Car -1 -1 -8.3075 498.1579 167.3031 531.5818 185.1437 1.5490 1.6063 3.4642 -8.5546 1.0668 64.5359 -8.4390 -3.4246
Car -1 -1 -2.4596 0.0000 190.4380 124.1234 271.0035 1.4084 1.6308 4.1518 -12.0202 1.7668 13.8540 -3.1648 -3.4958
Car -1 -1 -3.5912 555.3217 178.0784 628.0461 205.2879 1.4599 1.5922 3.8079 -1.0671 1.7672 40.8998 -3.6177 -3.5505
Car -1 -1 -8.2665 520.0554 177.9814 567.9060 202.8091 1.4652 1.5907 3.8451 -4.2408 1.8030 45.5028 -8.3594 -3.5718
Car -1 -1 -4.6582 460.9738 170.9393 481.5811 191.4254 1.9056 1.7198 4.1894 -13.3138 1.7272 69.3088 -4.8476 -3.6268
Car -1 -1 -7.5126 33.9780 194.0484 191.0618 275.2223 1.3392 1.5177 3.5240 -10.0424 1.8289 14.7873 -8.1011 -3.6521
Car -1 -1 -4.7210 583.4387 178.5733 607.9741 201.7431 1.4508 1.5707 3.9848 -1.0082 1.8484 48.1896 -4.7423 -4.0710
Car -1 -1 -3.0925 207.9230 161.0630 298.5227 192.2599 1.5536 1.8315 4.1415 -18.5228 0.9661 37.5914 -3.5476 -4.2968
Car -1 -1 -2.6811 367.3050 179.9665 467.1146 214.0744 1.4466 1.6102 4.0187 -8.6423 1.7762 32.2864 -2.9410 -4.5812
Car -1 -1 -4.7310 283.1596 157.6248 320.7004 188.9010 1.4953 1.6677 4.0728 -15.7397 0.7669 36.6969 -5.1337 -4.7415
Car -1 -1 -8.3793 566.7639 176.6805 637.9795 208.2234 1.5279 1.6310 4.6266 -0.5174 1.7415 37.9370 -8.3933 -4.9682
Car -1 -1 -6.6092 747.4567 175.5641 861.9048 216.9228 1.4636 1.6023 3.7530 7.0741 1.5667 26.5853 -6.3524 -5.2501
Car -1 -1 -3.7160 17.5586 187.1761 296.7709 282.8772 1.4651 1.7664 4.3355 -8.5892 1.7907 14.0803 -4.2557 -5.4681
Car -1 -1 -5.1657 685.7091 168.9337 751.2906 203.6816 1.7451 1.6959 4.3996 5.6810 1.5480 38.5913 -5.0211 -5.6178
Car -1 -1 -4.5764 477.7090 178.5807 516.9269 210.8642 1.6168 1.6227 3.3621 -5.9947 1.9350 38.4333 -4.7305 -5.7346
Car -1 -1 -4.6458 322.4115 178.9338 373.5400 222.8396 1.5603 1.6217 3.8195 -10.2383 1.8155 28.2705 -4.9906 -5.8398
Car -1 -1 -5.4179 1163.7871 94.7238 1241.0000 374.0000 1.4218 1.5839 4.1877 3.7932 1.3977 2.4427 -4.4728 -5.8859
Car -1 -1 -9.1138 0.0000 0.0000 1241.0000 374.0000 1.4974 1.5893 3.9025 2.2979 1.5333 0.5254 -7.8858 -5.8867
Car -1 -1 -5.9535 0.0000 0.0000 1241.0000 374.0000 1.4898 1.6022 3.9537 6.1746 1.4360 1.7178 -4.6976 -5.8867
Car -1 -1 -4.0563 0.0000 179.3103 249.9476 288.1562 1.4498 1.5818 3.9415 -7.8769 1.5739 11.8790 -4.6318 -5.9031
Car -1 -1 -4.3170 252.7969 177.8181 362.5372 236.4667 1.5565 1.6564 3.7564 -8.8530 1.7160 21.3511 -4.7061 -6.2510
Car -1 -1 -5.1198 552.9828 178.7016 598.7697 199.0536 1.4258 1.6770 4.8159 -2.6649 1.8880 54.5362 -5.1688 -7.3413
