Car -1 -1 -4.9677 526.0807 179.4616 557.1550 199.0337 1.6236 1.7120 4.2291 -6.0944 2.2273 63.6750 -5.0631 -1.1880
Car -1 -1 -7.6501 629.1029 176.5616 690.1462 220.7688 1.5961 1.6461 3.9499 1.9886 1.7533 28.5310 -7.5819 -1.6225
Car -1 -1 -8.3175 501.9570 174.0264 547.8736 198.3440 1.7667 1.7106 4.3297 -6.5473 1.8593 54.9188 -8.4359 -2.3622
Car -1 -1 -7.6690 669.1849 175.8461 708.5291 202.9782 1.5338 1.6401 4.0727 4.7607 1.7228 43.4588 -7.5611 -2.5119
Car -1 -1 -4.8538 726.6765 182.5482 781.5647 220.5602 1.3948 1.6177 4.1350 5.7990 1.8212 29.6540 -4.6632 -2.7279
Car -1 -1 -7.6793 594.9940 180.2686 645.4189 221.6135 1.4587 1.4465 2.9175 0.3903 1.7580 27.5867 -7.6660 -3.4072
Car -1 -1 -6.8781 658.3857 160.9619 718.4974 183.0672 1.6340 1.7072 4.3578 5.9740 0.7547 55.1108 -6.7709 -3.4761
Car -1 -1 -7.4115 559.4200 179.1671 610.5321 203.1755 1.4425 1.6725 4.2124 -1.6002 1.8715 46.8079 -7.4460 -3.7156
Car -1 -1 -4.9173 534.4864 180.1980 564.6882 200.4662 1.5802 1.7136 4.0251 -5.0847 2.2128 60.0030 -5.0019 -3.7391
Car -1 -1 -7.7854 434.4921 177.1310 460.3391 197.7034 1.4711 1.6608 3.4507 -12.2070 1.8029 54.1903 -8.0063 -3.7531
Car -1 -1 -5.2014 529.1694 179.3626 579.8257 204.6799 1.5142 1.5906 3.8955 -3.6371 1.9501 46.2876 -5.2798 -3.8263
Car -1 -1 -3.5217 528.4496 179.2432 607.2916 210.3235 1.4833 1.6113 3.6507 -2.1719 1.8200 36.5595 -3.5812 -3.9199
Car -1 -1 -4.6970 482.9227 181.5708 521.6752 216.9825 1.4036 1.5789 3.9471 -4.7375 1.8108 31.6737 -4.8448 -4.1551
Car -1 -1 -4.4695 595.5894 177.8847 638.7116 208.3772 1.4975 1.5272 3.2358 0.3763 1.7728 37.7714 -4.4602 -4.2559
Car -1 -1 -3.8252 223.3423 180.1008 418.7335 260.0289 1.4791 1.6106 3.7853 -6.1980 1.6577 15.7664 -4.1946 -4.4119
Car -1 -1 -8.6630 548.3432 179.6700 662.4954 229.9636 1.4755 1.5472 3.6440 -0.2503 1.7139 23.4666 -8.6744 -4.4739
Car -1 -1 -7.6236 427.0801 175.5599 510.8955 226.8917 1.5877 1.8041 4.6890 -4.7889 1.6899 24.9485 -7.8118 -4.7420
Car -1 -1 -2.8450 506.2733 179.7496 574.9014 202.1267 1.4847 1.7175 4.4203 -4.8174 1.9740 49.9459 -2.9411 -4.9245
Car -1 -1 -7.6736 665.4813 176.3268 722.4144 218.1991 1.4598 1.5066 3.7990 3.2207 1.6018 27.5300 -7.5590 -5.1136
Car -1 -1 -8.0154 599.3033 173.6606 631.0184 198.3812 1.8092 1.7613 4.2138 0.3234 1.8731 55.1707 -8.0100 -5.1210
Car -1 -1 -7.5380 0.0000 0.0000 1241.0000 374.0000 2.1178 1.9346 4.3162 -0.8598 1.4346 2.3144 -7.8618 -5.4212
Car -1 -1 -8.2095 678.9254 168.7691 740.2228 208.8892 1.9853 1.7464 4.4440 5.1303 1.7829 38.0646 -8.0771 -5.6538
Car -1 -1 -6.8383 0.0000 0.0000 356.4080 374.0000 1.8094 1.7477 4.0064 -2.9609 1.5676 2.7467 -7.6138 -5.6899
Car -1 -1 -7.0146 419.9864 182.6340 492.6443 216.2737 1.5286 1.5673 3.3085 -7.5855 2.0356 35.6302 -7.2234 -5.7500
Car -1 -1 -8.1962 542.5901 180.9181 578.6622 201.8124 1.5004 1.5494 3.8850 -3.8640 2.1440 55.5178 -8.2658 -5.7715
Car -1 -1 -4.2476 467.6471 179.6088 525.2432 207.5439 1.4410 1.6147 3.8697 -6.3190 1.8377 40.3179 -4.4025 -5.8867
Car -1 -1 -4.3851 473.0804 179.3622 518.3744 204.2059 1.4456 1.6241 3.9191 -7.1272 1.8711 45.1389 -4.5412 -5.8867
Car -1 -1 -7.6597 1241.0000 155.5279 1241.0000 374.0000 1.4053 1.5765 4.1654 7.0748 1.3364 4.3805 -6.6731 -6.0788
Car -1 -1 -6.5950 603.5629 166.5742 650.8265 185.9139 1.6050 1.4868 3.7259 1.4259 1.0836 61.1254 -6.5721 -6.3088
Car -1 -1 -7.9185 1148.1876 156.2299 1241.0000 374.0000 1.6510 1.5097 4.1615 5.7303 1.5503 6.4810 -7.2175 -7.6378
