Car -1 -1 -7.1151 659.7855 172.3546 694.8519 188.5002 1.5259 1.5542 3.3179 6.5137 1.4784 69.8828 -7.0229 0.5511
Car -1 -1 -7.7933 590.9818 180.1313 620.0452 204.6838 1.3907 1.5436 3.9099 -0.2707 1.8547 44.0444 -7.7999 -1.0934
Car -1 -1 -7.9944 780.4209 184.5730 827.4434 220.7368 1.3806 1.5090 2.6329 7.9323 1.8877 29.8451 -7.7377 -1.3394
Car -1 -1 -4.9121 651.2612 174.2486 678.1100 191.5242 1.5378 1.6813 4.1345 5.0002 1.6707 66.7344 -4.8380 -3.0859
Car -1 -1 -7.7315 697.6257 178.8736 730.5618 203.8131 1.4191 1.5530 3.7171 6.3514 1.8027 44.0185 -7.5896 -3.0883
Car -1 -1 -4.4649 509.0592 175.8842 579.4604 219.8603 1.5737 1.7008 4.5609 -2.5413 1.7032 28.5352 -4.5535 -3.2064
Car -1 -1 -7.5629 607.2300 178.1528 648.2635 202.8313 1.4352 1.5315 3.7902 1.1135 1.7795 44.8774 -7.5388 -3.3085
Car -1 -1 -7.0334 734.0081 178.2250 784.7865 200.8062 1.6332 1.6453 3.6149 11.2872 2.0517 54.6117 -6.8312 -3.4417
Car -1 -1 -4.8705 749.5699 181.2825 793.5303 210.0055 1.4509 1.7016 4.2624 8.8295 1.9421 39.9006 -4.6548 -3.6763
Car -1 -1 -4.6120 563.1772 177.3637 599.1090 201.7804 1.4031 1.7710 4.6298 -1.7664 1.6970 44.7005 -4.6518 -3.9032
Car -1 -1 -7.6376 696.3342 179.3534 734.3662 202.9433 1.4618 1.6499 4.2431 7.0557 1.9166 48.2423 -7.4937 -4.0177
Car -1 -1 -8.1365 776.4448 177.5038 833.5013 212.9637 1.6934 1.6810 4.3143 9.9297 1.9469 37.2053 -7.8782 -4.0348
Car -1 -1 -3.2734 561.5233 173.5554 621.0648 193.7989 1.5952 1.7424 4.6076 -1.5551 1.6527 58.1678 -3.3004 -4.0781
Car -1 -1 -4.2673 678.9079 178.5863 718.8846 198.1015 1.4706 1.6642 3.8882 7.1133 1.9452 57.6862 -4.1456 -4.2975
Car -1 -1 -2.3472 131.6076 166.5004 306.0174 227.7510 1.5147 1.6841 4.1384 -10.4711 1.3573 19.2629 -2.8396 -4.3816
Car -1 -1 -7.5828 536.3314 173.0772 608.7061 225.0763 1.5839 1.5839 3.1696 -1.2106 1.5915 23.7130 -7.6339 -4.4025
Car -1 -1 -5.1680 708.9709 177.0530 768.8985 207.3583 1.5985 1.6608 4.1783 7.2006 1.8493 40.9157 -4.9956 -4.4834
Car -1 -1 -4.6811 643.3313 181.1275 666.9952 201.9861 1.4101 1.5987 4.3907 3.3116 2.0415 52.8310 -4.6194 -4.5503
Car -1 -1 -4.9916 668.3403 177.6788 710.8525 204.5682 1.5461 1.5822 3.8369 4.7934 1.8551 44.2390 -4.8849 -4.6179
Car -1 -1 -5.0806 572.7303 179.8235 623.6723 206.7540 1.4161 1.5965 3.9036 -0.7630 1.8336 41.1416 -5.0995 -4.6464
Car -1 -1 -4.8822 586.1664 172.1973 617.1617 195.2462 1.6427 1.7177 3.4885 -0.6788 1.5956 53.2947 -4.8953 -4.7119
Car -1 -1 -7.7019 590.4407 178.4569 647.3542 227.1848 1.5071 1.4912 2.9096 0.3032 1.7070 24.2307 -7.6904 -5.0373
Car -1 -1 -4.2707 665.0140 175.7175 699.9895 192.7210 1.4892 1.5828 4.1190 6.6530 1.7599 66.1003 -4.1712 -5.3795
Car -1 -1 -7.4740 599.8511 171.8920 640.9992 194.6193 1.7596 1.7131 4.6888 0.8690 1.6848 58.3573 -7.4596 -5.4444
Car -1 -1 -4.9666 491.6886 176.5312 555.8619 215.6906 1.5277 1.6784 4.3377 -3.8131 1.6967 30.9105 -5.0888 -5.5653
Car -1 -1 -6.7497 656.2160 178.8573 711.0709 200.0346 1.5005 1.5037 3.7549 5.4070 1.9549 53.2771 -6.6496 -5.7331
Car -1 -1 -7.5633 152.2186 0.0000 1241.0000 374.0000 1.5537 1.5945 3.8075 -0.4945 1.6425 1.0021 -7.9392 -5.8867
Car -1 -1 -2.4615 179.0572 157.6738 300.6494 209.0901 1.6013 1.5123 3.3251 -12.0999 1.1283 23.5581 -2.9316 -5.9725
Car -1 -1 -6.6874 0.0000 190.1311 78.9330 374.0000 1.5637 1.6502 3.6559 -4.5878 1.6804 2.9271 -7.6484 -6.3969
Car -1 -1 -8.0243 720.4682 179.7871 755.6049 209.1190 1.7101 1.5789 3.3452 7.8264 2.1538 44.5320 -7.8520 -6.6661
Car -1 -1 -6.3449 824.8565 168.8924 881.9064 205.7642 2.0602 1.5962 3.0068 13.9066 1.8386 41.4727 -6.0240 -6.9450
Car -1 -1 -7.9270 724.6686 201.7242 815.1843 297.2491 1.2546 1.1977 3.4112 2.5635 1.8177 12.3124 -7.7278 -7.1815
