Car -1 -1 -4.5530 682.1797 181.0358 715.4596 203.6608 1.3870 1.6138 3.7686 5.8800 1.9511 47.7376 -4.4317 -1.2450
Car -1 -1 -7.7808 592.6600 177.6371 625.1859 205.5341 1.5738 1.6845 3.7815 -0.0592 1.8736 43.3189 -7.7827 -1.2601
Car -1 -1 -8.4617 652.3076 176.8236 687.8118 194.0985 1.5981 1.5863 3.6940 5.7496 1.9921 69.6639 -8.3801 -2.5952
Car -1 -1 -5.3290 642.7928 179.4537 684.8051 197.1211 1.5249 1.6768 4.2744 4.8760 2.1511 66.2320 -5.2563 -2.7323
Car -1 -1 -2.9132 784.3151 187.6222 864.1011 219.8335 1.5622 1.6370 3.7727 11.2712 2.3761 38.1364 -2.6286 -2.8480
Car -1 -1 -4.4528 613.3728 180.3678 655.2092 205.9611 1.4470 1.5777 4.0625 1.5041 1.9301 44.2433 -4.4196 -2.8634
Car -1 -1 -4.5575 550.6918 175.3465 613.7087 225.4323 1.5377 1.5889 3.4897 -0.9066 1.6271 24.1589 -4.5953 -2.8993
Car -1 -1 -7.6747 531.3560 181.5547 584.9635 219.1556 1.3952 1.5687 3.6126 -2.1017 1.7735 29.5230 -7.7458 -3.0611
Car -1 -1 -4.3201 697.1741 181.8088 742.9456 205.2418 1.4292 1.6173 3.9313 7.2852 2.0471 47.7138 -4.1700 -3.1911
Car -1 -1 -4.2061 175.3466 176.1854 324.0426 238.2507 1.4017 1.6009 4.1293 -9.1447 1.4972 18.6276 -4.6571 -3.3533
Car -1 -1 -4.3916 686.3738 179.4759 722.5958 200.6591 1.5734 1.6400 4.1063 7.4976 2.1181 57.1782 -4.2623 -3.3982
Car -1 -1 -4.7519 596.5001 179.2237 648.2570 229.4596 1.4774 1.5231 3.2831 0.2937 1.6974 23.3028 -4.7402 -3.7519
Car -1 -1 -8.1415 564.4479 177.8819 611.0691 205.0202 1.4989 1.6553 4.1360 -1.4133 1.8130 42.8994 -8.1747 -3.8278
Car -1 -1 -4.6766 735.7134 184.3067 764.3280 209.4644 1.3700 1.5549 3.9808 8.4080 2.0910 43.3304 -4.4868 -4.0758
Car -1 -1 -5.0059 659.2417 179.6087 693.8393 199.5144 1.4871 1.6177 4.1133 5.2367 2.0460 57.5587 -4.9161 -4.1455
Car -1 -1 -8.2715 599.4312 175.5990 636.0726 195.8822 1.5483 1.5822 3.6315 0.5574 1.7746 57.5946 -8.2623 -4.1529
Car -1 -1 -4.8220 705.7286 177.1928 726.5375 195.3825 1.6419 1.5151 3.9022 9.9604 2.0627 68.0490 -4.6777 -4.4944
Car -1 -1 -8.0587 812.4712 185.9174 901.4760 243.6992 1.4446 1.6282 4.0213 7.0349 1.8636 21.0730 -7.7415 -4.6688
Car -1 -1 -4.9373 493.2180 180.8518 555.8851 217.8766 1.3885 1.7125 4.1597 -3.7015 1.7487 30.2764 -5.0585 -5.1755
Car -1 -1 -3.0378 635.2444 174.7514 692.1486 197.0521 1.8450 1.7321 4.6585 4.5451 2.0089 61.1736 -2.9645 -5.2745
Car -1 -1 -3.0091 504.1518 174.5738 593.9030 210.3121 1.6512 1.5964 4.0792 -2.8978 1.7348 34.3185 -3.0933 -5.3979
Car -1 -1 -2.8724 564.7343 180.9405 636.5576 208.4473 1.4550 1.5969 3.7045 -0.5428 1.9184 40.1353 -2.8864 -5.4556
Car -1 -1 -7.5634 152.1082 0.0000 1241.0000 374.0000 1.5555 1.5944 3.8080 -0.4942 1.6496 1.0022 -7.9392 -5.8867
Car -1 -1 -9.0459 0.0000 0.0000 1241.0000 374.0000 1.5116 1.6065 3.8507 3.9407 1.5543 1.3661 -7.8743 -5.8867
Car -1 -1 -6.6247 0.0000 189.8999 83.0213 374.0000 1.5329 1.6476 3.6841 -4.5786 1.6477 2.8790 -7.5918 -6.4879
