Car -1 -1 -4.4453 718.8835 174.5382 745.3627 190.5078 1.4730 1.5911 3.6572 11.6769 1.6383 68.9652 -4.2786 -0.0507
Car -1 -1 -4.1332 107.8835 170.6707 224.5191 221.2290 1.7789 1.8118 4.1128 -16.7803 1.7018 27.4738 -4.6774 -0.5356
Car -1 -1 -2.7619 0.0000 193.3149 189.4395 257.7228 1.4526 1.6416 3.9578 -13.2064 2.0082 18.3398 -3.3793 -0.9010
Car -1 -1 -3.1099 347.9446 185.5292 453.9975 226.1183 1.4832 1.6599 3.9060 -8.2229 2.0053 28.4516 -3.3893 -1.4222
Car -1 -1 -4.6086 587.9953 180.0127 609.4011 198.4309 1.6822 1.6655 3.9469 -1.0806 2.3919 69.5246 -4.6245 -1.4943
Car -1 -1 -7.1074 158.3521 189.9464 313.7896 250.1556 1.4201 1.6043 3.9760 -10.4191 1.9526 20.3603 -7.5755 -1.9078
Car -1 -1 -7.7980 480.3562 174.5780 500.0102 190.7575 1.4346 1.5793 3.6671 -11.0041 1.5973 66.2929 -7.9621 -2.3184
Car -1 -1 -7.6513 690.2495 180.3811 735.9600 212.1727 1.4759 1.5751 3.7347 5.2201 1.8773 36.4787 -7.5109 -2.7417
Car -1 -1 -7.1782 0.0000 183.7120 112.1336 239.8752 1.4543 1.5882 4.1116 -17.1411 1.8093 21.5451 -7.8444 -2.8257
Car -1 -1 -3.4925 469.6517 182.2121 541.8702 211.2313 1.5068 1.5568 3.6519 -5.8101 2.0457 40.0193 -3.6363 -2.9325
Car -1 -1 -7.9870 651.8131 180.4832 689.6505 211.6654 1.5110 1.5139 3.3797 3.0769 1.9258 37.5356 -7.9064 -3.0141
Car -1 -1 -7.6287 567.8585 182.1246 605.3807 207.0416 1.4893 1.5854 3.9820 -1.5032 2.1174 46.8009 -7.6611 -3.2958
Car -1 -1 -7.7500 576.2656 183.2209 609.1302 209.2530 1.4127 1.5611 3.7877 -1.0175 2.0534 42.6603 -7.7743 -3.4751
Car -1 -1 -7.8821 585.8497 184.8113 617.8201 213.5903 1.3794 1.5689 3.6093 -0.5076 2.0384 37.9454 -7.8960 -3.5783
Car -1 -1 -2.4874 71.6296 184.1862 209.6846 229.1849 1.3930 1.5731 3.5987 -15.4279 1.7801 23.7380 -3.0588 -3.7819
Car -1 -1 -4.5363 602.2108 178.7384 631.4261 200.8229 1.5880 1.5915 3.7770 0.5253 2.0522 54.9540 -4.5273 -3.9962
Car -1 -1 -4.5921 608.8151 183.1722 644.6987 209.6122 1.4325 1.6251 4.5230 1.0223 2.0849 43.2855 -4.5692 -4.5900
Car -1 -1 -7.7321 356.0932 159.1037 385.6361 181.6569 1.6330 1.6620 3.7485 -17.9663 0.6371 54.2453 -8.0507 -4.8598
Car -1 -1 -3.5612 0.0000 197.7526 91.6909 374.0000 1.4213 1.4335 3.3417 -7.1043 1.7165 6.7460 -4.3527 -4.9474
Car -1 -1 -8.0546 543.0205 182.2852 583.5827 209.9427 1.4949 1.6104 4.0307 -2.8435 2.0799 42.6254 -8.1214 -5.7348
Car -1 -1 -5.9909 1119.1085 173.7369 1241.0000 347.3048 1.6713 1.5879 3.9863 8.9823 1.6848 9.0949 -5.2285 -6.0835
Car -1 -1 -3.3892 366.4090 175.8683 447.0157 208.6998 1.7662 1.6073 4.1260 -11.5296 1.9437 40.8559 -3.6629 -7.5685
