Car -1 -1 -7.9435 671.8273 178.3089 710.1035 209.7665 1.4665 1.5627 3.7374 3.9690 1.7539 36.1724 -7.8357 0.1775
Car -1 -1 -7.4685 606.5264 175.4316 681.9726 217.6150 1.6297 1.6892 4.3030 1.4861 1.7465 30.4653 -7.4209 -0.6576
Car -1 -1 -7.7264 584.7513 179.8395 618.1077 205.5385 1.4379 1.5631 3.5465 -0.5106 1.8741 43.2300 -7.7387 -1.4865
Car -1 -1 -4.9743 565.1575 177.7743 591.9972 193.8228 1.4924 1.6671 3.8784 -3.1184 1.9871 70.4854 -5.0187 -2.0833
Car -1 -1 -4.7955 615.3091 177.9381 634.1060 191.5663 1.2799 1.5809 3.1012 1.3996 1.7880 70.5555 -4.7761 -2.1612
Car -1 -1 -7.7398 582.4964 178.4223 630.3240 217.8663 1.5263 1.5987 3.7998 -0.1354 1.7762 30.4532 -7.7449 -2.4029
Car -1 -1 -4.7166 743.1703 170.1393 762.1665 187.0833 1.4946 1.6477 4.2182 12.9870 1.2549 65.8729 -4.5231 -2.6040
Car -1 -1 -4.1390 603.1624 175.2245 643.3665 193.2798 1.5895 1.6896 4.1979 1.2328 1.8143 66.3141 -4.1209 -2.6790
Car -1 -1 -7.7161 575.8420 178.6149 606.6126 201.4777 1.4070 1.5344 3.6126 -1.2257 1.7988 47.2323 -7.7423 -3.1119
Car -1 -1 -7.8458 486.8991 168.7321 507.2178 188.4991 1.6767 1.7065 3.9764 -9.9133 1.3268 63.2950 -8.0007 -3.2721
Car -1 -1 -2.3535 376.2269 180.8781 463.0159 217.6219 1.4672 1.5667 3.5487 -8.2547 1.8299 31.0715 -2.6115 -3.3269
Car -1 -1 -5.1095 549.0228 178.5381 604.6103 205.1470 1.4941 1.7903 4.4456 -2.1180 1.8587 43.9277 -5.1579 -3.5719
Car -1 -1 -4.3358 607.3207 176.4166 652.8784 201.5402 1.5238 1.6349 3.8450 1.3057 1.7632 46.4451 -4.3083 -3.6358
Car -1 -1 -7.3302 505.1499 178.2078 558.9636 207.6408 1.4734 1.5459 3.0228 -4.1503 1.7709 38.4315 -7.4376 -4.0535
Car -1 -1 -4.4768 581.3691 176.3670 605.2363 191.6951 1.4586 1.6548 3.2028 -1.6433 1.8134 71.1980 -4.5001 -4.1113
Car -1 -1 -5.7922 605.9045 177.4516 670.2103 201.5894 1.5567 1.6393 4.0631 1.8562 1.8792 48.9262 -5.7550 -4.1635
Car -1 -1 -4.9635 540.2928 174.9642 583.2734 198.8572 1.4804 1.8006 4.2915 -3.2553 1.6256 47.4354 -5.0320 -4.2064
Car -1 -1 -8.5306 892.3159 167.2960 962.2631 196.5731 1.5218 1.6063 3.5715 17.2320 1.2326 39.4397 -8.1217 -4.3411
Car -1 -1 -7.8455 603.0023 177.9004 638.6672 211.8333 1.5230 1.6316 4.0653 0.4978 1.7821 35.0440 -7.8321 -4.3891
Car -1 -1 -4.8927 623.2026 180.1153 650.9967 199.5170 1.4857 1.5834 3.8939 2.1480 2.0979 58.8200 -4.8568 -4.4170
Car -1 -1 -7.9624 413.8279 185.3816 464.0461 225.4688 1.3177 1.4644 3.0520 -6.3589 1.8059 26.4526 -8.1966 -4.5503
Car -1 -1 -4.6118 560.0198 182.4635 587.7311 203.6785 1.4590 1.6470 4.2345 -2.6797 2.2030 53.7314 -4.6619 -4.6973
Car -1 -1 -6.5501 734.2745 181.7433 823.7835 218.1155 1.4269 1.4765 3.2873 6.8272 1.8001 29.5087 -6.3256 -4.8007
Car -1 -1 -7.5209 811.6922 174.4639 899.6784 227.2715 1.4864 1.5533 3.4036 7.5785 1.5398 22.2431 -7.1972 -5.1163
Car -1 -1 -5.1450 595.2340 174.0416 624.1636 189.1695 1.4531 1.5828 3.3994 -0.0726 1.5735 71.4755 -5.1463 -5.1495
Car -1 -1 -7.4557 680.9264 182.1156 791.8723 250.0625 1.3779 1.4634 3.1005 2.9605 1.6150 16.7956 -7.2851 -5.1684
Car -1 -1 -6.8674 850.9734 180.1325 999.5386 236.4476 1.4280 1.4755 3.4668 8.4733 1.6359 19.6049 -6.4656 -5.2761
Car -1 -1 -4.3212 489.5225 177.6561 542.4285 204.8144 1.5764 1.6991 4.4780 -5.8415 1.8922 45.1080 -4.4497 -5.2762
Car -1 -1 -7.9977 562.9261 177.6208 603.6711 212.7063 1.5672 1.4876 3.2113 -1.3553 1.8056 34.4102 -8.0373 -5.5273
Car -1 -1 -6.8389 0.0000 0.0000 1241.0000 374.0000 1.5386 1.5896 3.8035 -2.5163 1.6133 0.9965 -7.9398 -5.8867
Car -1 -1 -4.4727 600.4667 175.7121 625.4996 192.9482 1.5780 1.5962 3.5030 0.2894 1.8569 68.5791 -4.4689 -6.3426
Car -1 -1 -5.5688 691.0770 177.3766 774.6082 209.4498 1.4839 1.5210 4.1132 6.0312 1.7224 36.0345 -5.4049 -6.7976
