Car -1 -1 -7.4728 724.1462 176.4422 788.8921 210.7695 1.4424 1.5993 3.7719 6.6606 1.6150 32.7562 -7.2745 0.1742
Car -1 -1 -4.6779 223.7936 172.0156 325.4498 264.9572 1.5898 1.6182 3.8945 -6.6538 1.5752 14.4509 -5.1028 -1.1344
Car -1 -1 -7.2147 710.2545 174.4463 786.2214 206.7838 1.5593 1.6679 4.1824 7.0958 1.6452 37.0227 -7.0273 -1.6096
Car -1 -1 -5.8643 725.2955 176.5718 798.3710 203.3717 1.5605 1.6767 4.0693 9.2825 1.7986 44.4007 -5.6600 -1.6522
Car -1 -1 -8.2305 723.2706 177.2589 832.6942 236.1912 1.4689 1.6152 3.9975 4.5599 1.6060 20.4005 -8.0144 -2.2534
Car -1 -1 -7.2963 545.5771 175.8475 620.2494 211.4352 1.5030 1.5942 3.8737 -1.2107 1.6478 32.8990 -7.3333 -2.5070
Car -1 -1 -7.6625 679.5236 177.1833 717.6794 203.1469 1.4062 1.5358 3.6051 5.1208 1.6677 41.6819 -7.5416 -2.7405
Car -1 -1 -7.6351 504.9070 173.8466 601.0527 245.5777 1.5284 1.5761 3.4150 -1.3079 1.5543 17.2270 -7.7105 -2.7791
Car -1 -1 -4.9758 918.5591 169.8250 1018.1953 227.0421 1.5353 1.6634 3.8215 10.4355 1.4537 21.3914 -4.5279 -2.8844
Car -1 -1 -7.7821 571.1753 175.9974 645.1124 246.2895 1.5008 1.5367 3.2096 -0.0167 1.5826 17.2076 -7.7840 -3.1878
Car -1 -1 -4.5352 580.9011 172.0558 626.3334 205.0896 1.6271 1.6493 4.2999 -0.3111 1.5874 37.7967 -4.5438 -3.1883
Car -1 -1 -7.4809 704.3009 175.8462 755.9560 203.3960 1.4807 1.5943 3.9528 6.8925 1.6606 41.3432 -7.3173 -3.2250
Car -1 -1 -7.3887 685.3261 175.3794 732.8398 197.2327 1.4673 1.6413 4.1764 7.0327 1.6536 51.1370 -7.2532 -3.4967
Car -1 -1 -4.7940 641.2561 173.6674 661.5586 190.6892 1.5704 1.6191 3.7800 3.8937 1.6496 68.6597 -4.7379 -3.6657
Car -1 -1 -7.7561 666.9581 172.2865 691.6730 192.1666 1.5950 1.6699 3.9772 5.7692 1.5491 60.0007 -7.6610 -3.8745
Car -1 -1 -7.1295 433.7369 173.0301 563.6554 232.0024 1.5803 1.6541 3.8752 -3.2479 1.5857 21.4232 -7.2788 -4.0262
Car -1 -1 -7.8572 548.4305 173.7724 567.3244 191.2559 1.4632 1.5839 3.6016 -4.5414 1.5447 62.4369 -7.9298 -4.2016
Car -1 -1 -4.9799 292.9074 180.2471 425.0408 264.5826 1.4285 1.5765 3.7082 -5.2101 1.5974 14.5399 -5.3188 -4.4336
Car -1 -1 -3.9952 0.0000 190.5067 221.7487 333.5368 1.2788 1.5177 3.0966 -6.2984 1.5249 8.4601 -4.6204 -4.4730
Car -1 -1 -7.7105 671.3889 174.3938 702.4197 197.0575 1.5493 1.6596 4.0358 5.5259 1.6641 51.7785 -7.6052 -4.5272
Car -1 -1 -8.3407 521.2816 173.3401 558.4020 191.1357 1.4789 1.5868 3.7923 -6.0914 1.5218 62.0947 -8.4383 -4.5806
Car -1 -1 -3.0100 649.4149 175.6592 739.4510 210.1000 1.4977 1.6074 3.8950 3.8191 1.6299 32.8339 -2.8958 -4.5974
Car -1 -1 -2.8995 552.0146 166.6476 623.3117 189.0728 1.5462 1.7782 4.7618 -1.5950 1.1180 51.1164 -2.9309 -4.8897
Car -1 -1 -4.2439 0.0000 154.2365 214.3035 296.5699 1.6569 1.7037 3.7283 -7.3996 1.4398 10.3638 -4.8521 -4.8990
Car -1 -1 -7.1629 553.6499 180.4712 714.9251 259.1619 1.4613 1.6283 3.5021 0.5588 1.6453 15.6078 -7.1288 -4.9094
Car -1 -1 -7.2607 457.4231 177.6321 602.5137 262.8933 1.5084 1.4250 3.1186 -1.5752 1.6166 14.6686 -7.3667 -4.9320
Car -1 -1 -7.5693 0.0000 185.5039 132.5272 295.2780 1.4403 1.6612 3.8928 -9.5067 1.6887 12.0696 -8.2259 -5.2579
Car -1 -1 -6.4050 609.0034 175.2396 680.4667 197.0769 1.5076 1.7510 4.8758 2.3950 1.6798 51.1017 -6.3588 -5.2683
Car -1 -1 -5.0901 1236.4948 142.7199 1241.0000 223.3639 1.4398 1.6223 3.7925 14.7415 0.9015 14.9441 -4.3213 -5.4898
Car -1 -1 -5.1312 640.9151 174.0199 688.3688 199.1741 1.6062 1.6491 4.0881 3.5849 1.6878 48.4813 -5.0583 -6.1350
Car -1 -1 -7.9099 692.5606 171.0857 713.2495 191.3698 1.8477 1.7056 3.8279 8.6674 1.6863 67.6955 -7.7834 -6.3044
Car -1 -1 -7.3159 84.9486 190.9981 266.8743 267.7629 1.4087 1.7817 3.6849 -9.4291 1.8566 15.9697 -7.8423 -6.6747
