Car -1 -1 -6.7624 543.9394 178.7901 623.8971 210.1699 1.4922 1.5586 3.7486 -1.3462 1.8055 36.5200 -6.7995 -1.5721
Car -1 -1 -7.4308 548.2788 178.7341 600.7991 207.2742 1.5081 1.5860 3.7390 -1.9990 1.8584 40.9924 -7.4797 -1.9703
Car -1 -1 -5.8851 40.3538 149.3394 219.2195 206.0039 1.5731 1.6977 4.0402 -14.0295 0.9200 21.2288 -6.4634 -2.6000
Car -1 -1 -8.2819 509.1658 179.6834 571.1270 212.0218 1.5018 1.6089 3.9748 -3.6324 1.8673 36.5260 -8.3808 -2.7521
Car -1 -1 -4.9190 515.8162 179.7077 547.8151 200.0894 1.4336 1.6301 3.8537 -5.9411 1.9683 54.2377 -5.0279 -3.0640
Car -1 -1 -7.4637 533.8151 180.3008 585.0734 205.1872 1.4412 1.6898 4.3738 -3.1601 1.9349 45.5279 -7.5331 -3.1875
Car -1 -1 -7.9424 506.0528 178.5401 530.6435 198.5213 1.5069 1.6127 3.8114 -7.3730 1.9765 57.6052 -8.0695 -3.2180
Car -1 -1 -4.6284 591.5054 179.0521 618.2438 201.2919 1.4854 1.5853 3.8652 -0.3606 1.9427 51.2865 -4.6358 -3.3608
Car -1 -1 -8.1190 470.8460 172.9974 501.4932 194.2925 1.9849 1.8051 4.4735 -12.0154 1.9989 69.6935 -8.2894 -3.5119
Car -1 -1 -4.5716 563.8458 180.7486 585.4967 198.0499 1.5746 1.5906 3.5792 -3.3832 2.3519 69.2153 -4.6207 -3.5316
Car -1 -1 -7.3485 537.5788 179.6931 612.9280 223.0242 1.5009 1.5138 3.1450 -1.3034 1.7757 27.2877 -7.3965 -3.6555
Car -1 -1 -7.8141 486.6375 178.8185 514.6894 203.3456 1.5039 1.6583 4.2526 -7.1908 1.9146 47.5180 -7.9638 -3.9852
Car -1 -1 -7.9768 599.0513 175.6409 631.1725 202.1983 1.5783 1.5787 3.5317 0.2481 1.7594 45.1158 -7.9718 -4.4240
Car -1 -1 -4.5950 11.0962 158.4228 96.1571 211.3378 1.4737 1.6308 3.5342 -16.9234 1.0715 22.0322 -5.2443 -4.4817
Car -1 -1 -5.0933 496.2264 179.5559 535.9427 200.6280 1.4622 1.5783 3.8991 -7.0267 1.9780 53.4802 -5.2237 -4.5137
Car -1 -1 -2.6298 0.0000 149.1010 105.5325 195.9975 1.4562 1.6567 4.1952 -19.2733 0.7183 23.5718 -3.3097 -4.6325
Car -1 -1 -8.0881 590.5568 177.9438 650.7193 222.2243 1.5321 1.5381 3.2315 0.2956 1.7354 27.1133 -8.0780 -4.7041
Car -1 -1 -7.3160 0.0000 144.0099 75.4801 210.0026 1.5509 1.6736 3.9981 -16.2394 0.8727 19.0642 -8.0147 -4.7303
Car -1 -1 -7.3472 0.0000 137.9725 95.8905 207.8884 1.5484 1.5633 3.3267 -14.4503 0.7756 17.7505 -8.0232 -4.8532
Car -1 -1 -7.8292 862.4799 182.4494 944.4576 246.8773 1.4179 1.7818 4.3681 7.6724 1.7008 18.9398 -7.4504 -4.9080
Car -1 -1 -7.7628 81.3396 161.2007 148.8401 207.1973 1.4907 1.6145 3.6252 -17.3501 1.1128 25.3618 -8.3580 -4.9234
Car -1 -1 -4.4185 416.9468 180.5330 463.0452 209.7822 1.4776 1.4831 3.5054 -9.2175 1.9135 39.1896 -4.6485 -4.9600
Car -1 -1 -2.2180 294.1280 182.8533 411.0011 234.8886 1.4811 1.5552 3.7243 -8.2319 1.8207 22.8528 -2.5605 -5.0321
Car -1 -1 -4.8838 568.8690 180.0310 605.2440 206.5846 1.5023 1.5672 3.8870 -1.4783 1.9601 43.9979 -4.9177 -5.0718
Car -1 -1 -4.6079 570.3896 180.5983 599.5153 202.2584 1.4397 1.6929 3.6958 -1.7730 2.0096 51.2219 -4.6428 -5.2383
Car -1 -1 -4.9601 540.1042 180.4497 568.3412 197.0869 1.4825 1.6897 4.2187 -5.3596 2.2286 68.6330 -5.0381 -5.3270
Car -1 -1 -7.9014 591.0457 179.7807 616.8447 199.8820 1.4203 1.7460 4.2011 -0.5237 1.9648 54.6077 -7.9114 -5.3476
Car -1 -1 -7.8554 372.7872 182.7681 448.3399 249.0701 1.4560 1.6868 3.9748 -5.1894 1.7411 18.6260 -8.1241 -5.3573
Car -1 -1 -4.6726 541.9282 177.9209 566.2576 198.1710 1.4537 1.6818 4.4296 -4.2650 1.8565 55.1649 -4.7498 -5.4294
Car -1 -1 -4.7041 484.9874 177.4452 507.2262 197.8909 1.4619 1.6062 4.4425 -8.6825 1.8260 54.9478 -4.8605 -5.4979
Car -1 -1 -4.7641 702.6296 165.5372 731.4800 188.9398 1.4064 1.5992 3.4251 6.6273 0.9664 45.1401 -4.6195 -5.6756
Car -1 -1 -2.2243 128.7802 162.9505 241.1221 206.3198 1.5880 1.6219 4.0566 -16.5035 1.2250 27.9366 -2.7538 -5.7919
Car -1 -1 -4.3412 357.6894 181.9766 431.0790 219.4662 1.3772 1.5561 3.9021 -8.7622 1.7752 29.4937 -4.6280 -5.7990
Car -1 -1 -4.3770 540.2927 180.0213 579.0875 202.2186 1.4765 1.5828 3.8372 -3.5694 2.0071 51.3838 -4.4464 -5.8690
Car -1 -1 -8.7980 0.0000 0.0000 1144.5317 374.0000 1.5408 1.5897 3.8049 1.5036 1.5774 0.9966 -7.9398 -5.8867
Car -1 -1 -5.9877 0.0000 0.0000 1241.0000 374.0000 1.4989 1.6015 3.9546 6.9787 1.4690 1.7176 -4.6975 -5.8867
Car -1 -1 -9.1167 0.0000 0.0000 1241.0000 374.0000 1.5349 1.5866 3.8026 3.1113 1.5433 0.9970 -7.9397 -5.8867
Car -1 -1 -5.9097 0.0000 0.0000 1241.0000 374.0000 1.5003 1.6032 3.9578 5.3707 1.4836 1.7187 -4.6976 -5.8867
Car -1 -1 -5.1068 1241.0000 171.9091 1241.0000 336.6493 1.3788 1.5558 4.0558 9.8323 1.3705 8.2005 -4.2490 -5.9250
Car -1 -1 -3.9422 411.3173 169.2461 563.0419 244.8551 1.6588 1.5045 3.7361 -2.9638 1.5793 17.7931 -4.1056 -6.0625
Car -1 -1 -6.9587 0.0000 14.0420 0.0000 374.0000 1.5933 1.6679 3.9995 -5.3191 1.4042 2.9489 -7.9841 -6.3825
Car -1 -1 -4.2214 320.4414 180.1080 412.7652 222.5354 1.3902 1.5637 3.8285 -8.8232 1.6751 26.3519 -4.5418 -6.5999
Car -1 -1 -7.7707 393.7260 184.6757 449.8259 224.6243 1.3195 1.7290 3.3405 -6.9376 1.7858 26.6858 -8.0231 -6.7879
Car -1 -1 -4.8178 1241.0000 228.6920 1241.0000 374.0000 1.6703 1.7638 3.5602 5.3394 2.1630 4.4591 -3.9766 -7.8732
