Car -1 -1 -7.1126 1007.9335 173.6587 1168.7035 226.3918 1.3822 1.5786 3.8565 13.3087 1.4058 20.1982 -6.5371 0.8725
Car -1 -1 -4.1175 313.0535 174.2985 396.9193 212.1102 1.5671 1.6783 3.7868 -11.2956 1.6351 32.1050 -4.4535 -2.2636
Car -1 -1 -7.7113 669.6911 180.6689 717.0322 214.7981 1.4444 1.6335 4.1532 3.9187 1.8338 33.7668 -7.5974 -2.5748
Car -1 -1 -6.5393 764.9160 164.1824 828.1069 191.4380 1.6188 1.6646 3.3906 11.2243 1.1035 43.6988 -6.2898 -3.0093
Car -1 -1 -7.8520 736.4041 174.1892 775.8378 211.1388 1.5206 1.6066 3.7660 6.3967 1.5829 31.8429 -7.6561 -3.3446
Car -1 -1 -7.8616 379.6022 176.1468 416.0318 210.8550 1.5530 1.5934 3.6505 -10.2356 1.7197 34.6366 -8.1472 -3.4104
Car -1 -1 -4.6988 922.4712 172.6975 995.7979 238.1010 1.5544 1.6005 4.1176 9.3036 1.5503 19.3489 -4.2571 -3.4557
Car -1 -1 -4.1703 397.4377 180.7977 458.4612 209.7136 1.5035 1.6366 3.7406 -10.2304 1.9732 40.6588 -4.4157 -3.5007
Car -1 -1 -7.5577 760.8898 173.9503 804.2623 197.8941 1.4423 1.5689 4.0584 10.9630 1.5149 45.8086 -7.3246 -3.6162
Car -1 -1 -4.5655 638.1910 181.7754 671.2914 205.9392 1.4415 1.5823 3.9430 2.9015 2.0443 46.6818 -4.5043 -4.0142
Car -1 -1 -7.8029 1026.6068 174.6290 1141.8596 264.9149 1.4280 1.5962 3.5329 8.7921 1.4654 13.3881 -7.2324 -4.0882
Car -1 -1 -3.7586 407.3441 181.5932 471.6583 207.4280 1.6332 1.6644 4.0388 -11.5854 2.2522 49.0742 -3.9896 -4.1077
Car -1 -1 -6.8544 1191.3965 147.7285 1241.0000 358.2160 1.5194 1.6237 3.8402 7.8801 1.3377 6.5283 -5.9976 -4.1404
Car -1 -1 -7.7154 403.7739 181.4895 449.9503 214.2832 1.4467 1.6198 4.0943 -8.8745 1.8916 35.0713 -7.9618 -4.2514
Car -1 -1 -7.0280 761.2122 179.6786 853.0605 215.4873 1.3869 1.5539 3.5935 8.1751 1.6852 30.0481 -6.7654 -4.2860
Car -1 -1 -4.6350 427.1723 180.0002 469.5702 210.6620 1.4837 1.8295 5.0976 -8.6524 1.8939 38.8020 -4.8534 -4.4996
Car -1 -1 -5.9839 272.4816 179.3210 402.6175 222.2237 1.4697 1.5786 4.0855 -9.7432 1.7097 25.8966 -6.3407 -4.6078
Car -1 -1 -7.6707 761.4853 176.9855 811.7609 213.1075 1.5131 1.5904 3.5948 7.9935 1.7110 32.6402 -7.4332 -4.6671
Car -1 -1 -7.6562 385.7188 165.6664 418.2238 190.6489 1.8897 1.7026 3.9662 -16.3072 1.3458 56.6248 -7.9356 -4.6675
Car -1 -1 -5.6552 707.6861 179.8900 769.4972 203.8705 1.4262 1.6385 3.5861 8.1082 1.8912 45.8598 -5.4818 -4.8035
Car -1 -1 -7.9411 1125.6432 177.2703 1241.0000 266.3889 1.3423 1.4446 3.3406 10.1176 1.4316 12.8425 -7.2853 -4.8516
Car -1 -1 -4.6711 572.2697 184.2149 590.3589 201.9088 1.5735 1.5644 3.7804 -2.7194 2.6813 68.4854 -4.7112 -4.8841
Car -1 -1 -4.9188 659.6473 181.5020 697.0027 206.2621 1.4818 1.6139 3.9736 4.3389 2.0658 46.6902 -4.8273 -4.9192
Car -1 -1 -7.7151 336.9818 183.8756 416.7401 238.9333 1.3969 1.6685 4.1386 -6.8299 1.7561 21.3586 -8.0215 -4.9598
Car -1 -1 -4.5250 450.6731 178.5860 486.6505 201.1070 1.4036 1.6050 4.1673 -9.4068 1.8022 48.1203 -4.7174 -5.3721
Car -1 -1 -5.2220 555.5610 180.0875 611.1907 207.8829 1.6282 1.6270 4.2881 -1.7745 2.1086 45.6938 -5.2611 -5.4733
Car -1 -1 -6.2105 562.8367 175.0742 622.9689 197.5103 1.7440 1.7212 4.6586 -1.3527 1.9229 57.2522 -6.2345 -5.5793
Car -1 -1 -5.0422 671.2060 179.8473 714.2399 202.6239 1.4117 1.6500 3.9483 5.4320 1.8982 48.1205 -4.9310 -5.7245
Car -1 -1 -5.4987 1241.0000 53.1677 1241.0000 374.0000 1.4040 1.5930 4.1009 6.1920 1.2172 3.3105 -4.4551 -5.7710
Car -1 -1 -7.7546 1050.0382 138.2966 1241.0000 374.0000 1.6798 1.5037 3.6723 5.2329 1.4547 6.5497 -7.1028 -5.8563
Car -1 -1 -4.4665 541.8464 181.2007 569.7755 198.0346 1.4844 1.6665 4.1474 -5.0891 2.2957 67.9770 -4.5414 -5.8768
Car -1 -1 -4.4324 418.3169 179.9788 464.3763 206.9106 1.5299 1.6601 4.1648 -10.3093 1.9873 44.2331 -4.6604 -5.8783
Car -1 -1 -7.0091 0.0000 0.0000 1241.0000 374.0000 1.5372 1.5888 3.8040 -1.7124 1.5983 0.9972 -7.9398 -5.8867
Car -1 -1 -5.5151 0.0000 0.0000 1206.3110 374.0000 1.4950 1.6042 3.9572 2.1547 1.4927 1.7188 -4.6977 -5.8867
Car -1 -1 -4.4992 370.2682 180.2395 414.5266 207.9434 1.4933 1.6290 4.1549 -12.6869 1.9464 42.1640 -4.7901 -5.9140
Car -1 -1 -8.3593 648.5676 181.3934 704.6580 212.3321 1.5041 1.4450 3.4394 3.4170 1.9753 37.9729 -8.2709 -5.9408
Car -1 -1 -7.9200 428.3297 164.6426 454.7832 188.7064 1.9316 1.8409 4.8424 -14.1872 1.2722 60.5028 -8.1496 -5.9636
Car -1 -1 -5.8098 0.0000 211.1512 84.7429 374.0000 1.3729 1.6694 4.1118 -5.3120 1.6500 3.5452 -6.7569 -6.2499
Car -1 -1 -7.0974 969.7150 233.4077 1241.0000 374.0000 1.4546 1.6890 4.0324 4.0730 1.8132 3.3956 -6.2646 -6.9322
