Car -1 -1 -6.2980 688.2883 183.2852 778.2941 221.6907 1.4184 1.5167 3.3748 4.7412 1.8402 28.1936 -6.1337 -2.3961
Car -1 -1 -7.3112 167.7692 156.7374 236.7377 187.9906 1.7496 1.7131 3.9792 -23.9076 0.8471 42.4080 -7.8220 -2.5590
Car -1 -1 -7.0275 838.6572 175.5810 965.9907 224.9705 1.5160 1.6355 3.7870 9.5660 1.6109 23.7479 -6.6494 -3.1016
Car -1 -1 -5.8213 655.3547 174.4520 733.5861 210.1224 1.8740 1.7011 3.9462 4.6084 1.9659 39.8546 -5.7076 -3.1457
Car -1 -1 -7.6033 389.9186 181.3843 442.2661 213.6432 1.4269 1.5623 3.6948 -9.3130 1.8594 34.7522 -7.8636 -3.6457
Car -1 -1 -6.7879 727.0175 181.2378 839.1771 226.4583 1.4247 1.5745 3.3442 5.7814 1.7219 24.3944 -6.5586 -3.7896
Car -1 -1 -7.4415 422.6657 183.3712 470.6833 209.9908 1.4704 1.6107 3.2805 -9.7237 2.1228 43.0129 -7.6629 -3.8600
Car -1 -1 -4.1284 418.7498 182.8661 466.9541 206.2100 1.5187 1.6184 3.5148 -11.6906 2.2463 50.5270 -4.3550 -3.9811
Car -1 -1 -6.0486 690.0091 173.4832 784.8046 212.7333 1.7350 1.6981 4.0564 5.8770 1.7653 33.5268 -5.8772 -4.2383
Car -1 -1 -2.4661 362.7812 182.5912 440.3743 209.0086 1.4285 1.6080 4.2355 -12.0919 2.0122 41.7204 -2.7469 -4.8224
Car -1 -1 -4.7698 632.5276 186.0434 659.2778 209.3777 1.5193 1.6536 4.3110 2.4965 2.5016 51.5888 -4.7223 -4.8741
Car -1 -1 -7.4809 185.5770 151.9714 248.0843 184.1976 1.7269 1.7538 4.0011 -22.1555 0.6076 40.7573 -7.9762 -4.8842
Car -1 -1 -4.8249 617.1663 181.7916 643.1436 201.3189 1.5244 1.7089 4.1753 1.6273 2.2996 60.4530 -4.7986 -4.8899
Car -1 -1 -4.8836 443.7764 181.4717 480.6422 204.5782 1.4427 1.7269 4.4375 -10.1558 2.0585 49.2070 -5.0864 -4.8980
Car -1 -1 -7.6432 785.9632 173.9663 831.7233 202.6152 1.4914 1.6444 4.0172 11.0004 1.5560 39.8923 -7.3765 -4.9971
Car -1 -1 -3.5057 713.1816 178.0531 798.5587 210.2328 1.6538 1.6947 4.1499 7.7458 1.9405 38.6474 -3.3099 -5.1040
Car -1 -1 -2.4707 396.6933 180.6928 476.6326 213.0639 1.5980 1.5868 3.9561 -9.1558 2.0265 37.9233 -2.7065 -5.1311
Car -1 -1 -7.9267 673.0776 182.3846 711.9112 216.5256 1.4252 1.4896 3.5482 3.6741 1.8837 32.9267 -7.8172 -5.1914
Car -1 -1 -6.5903 1131.4794 183.1449 1241.0000 290.6929 1.6829 1.5566 3.1957 11.3985 1.8857 12.8927 -5.8784 -5.4452
Car -1 -1 -8.3961 1054.7318 171.1990 1156.0642 211.2598 1.3988 1.6414 3.2642 18.2820 1.3407 26.8649 -7.8040 -5.5260
Car -1 -1 -4.6383 470.5356 181.3295 498.0315 204.0873 1.4515 1.5647 4.1560 -8.6611 2.0609 49.7614 -4.8101 -5.5567
Car -1 -1 -5.4103 557.0179 180.9242 623.6223 207.8722 1.6421 1.7366 4.7736 -1.3908 2.2022 47.7419 -5.4398 -5.7139
Car -1 -1 -5.8224 1241.0000 120.6032 1241.0000 374.0000 1.3855 1.5249 3.9452 5.0127 1.3448 2.5719 -4.7711 -5.7161
Car -1 -1 -4.4157 484.6642 179.7738 524.8367 203.0426 1.4692 1.6216 3.8966 -7.1045 1.9569 48.8269 -4.5599 -5.8528
Car -1 -1 -9.1143 0.0000 0.0000 1241.0000 374.0000 1.4941 1.5904 3.9020 2.2976 1.5176 0.5245 -7.8859 -5.8867
Car -1 -1 -4.2963 427.3789 179.1820 477.8651 203.7994 1.4544 1.6257 4.0785 -9.9814 1.8756 45.8999 -4.5096 -5.8867
Car -1 -1 -4.8864 641.4194 181.2787 668.1022 200.3087 1.5341 1.6154 3.9945 3.7919 2.2828 62.0796 -4.8262 -5.8867
Car -1 -1 -9.1828 0.0000 0.0000 1241.0000 374.0000 1.5020 1.5608 3.7379 3.9343 1.4697 1.0144 -7.9330 -5.9212
Car -1 -1 -7.8319 344.7814 163.1429 384.8131 209.2391 2.1205 1.7582 4.5866 -12.0874 1.6735 35.6432 -8.1569 -6.5305
Car -1 -1 -8.8711 746.5522 175.9185 821.0567 209.6656 1.5435 1.4063 3.2514 8.3433 1.6986 34.9462 -8.6392 -6.8337
Car -1 -1 -4.6138 388.4333 180.6071 419.9564 203.1710 1.4483 1.6789 4.4430 -14.3139 2.0130 50.2518 -4.8903 -6.8787
Car -1 -1 -8.9032 971.4809 200.0025 1241.0000 374.0000 1.7160 1.6952 4.8442 5.5353 2.0373 5.9830 -8.1824 -8.5637
