Car -1 -1 -6.9478 847.5033 177.0436 950.3173 213.9115 1.4270 1.5781 3.7300 11.7557 1.6055 29.5094 -6.5726 -2.3913
Car -1 -1 -5.8614 619.3000 180.5518 718.2719 219.6743 1.5264 1.6023 3.8375 2.4193 1.8678 30.4118 -5.7835 -2.9607
Car -1 -1 -3.8616 413.6208 181.0276 513.0217 220.2902 1.5033 1.6053 4.0874 -6.1893 1.8738 30.6173 -4.0599 -3.1052
Car -1 -1 -2.3508 418.7026 181.8293 478.9225 206.9174 1.6043 1.7521 3.9292 -11.0423 2.2387 49.2254 -2.5707 -3.2529
Car -1 -1 -2.3376 418.4034 181.6310 481.2310 208.8043 1.4855 1.5950 3.5053 -9.4030 2.0175 42.1318 -2.5563 -3.7494
Car -1 -1 -4.5133 428.9614 182.8610 475.8100 213.0305 1.3933 1.6131 3.6592 -7.9280 1.9231 36.3839 -4.7268 -3.8752
Car -1 -1 -4.5591 460.1929 180.2845 497.6479 207.1039 1.4853 1.6022 4.0492 -7.8192 1.9502 43.1361 -4.7378 -4.1276
Car -1 -1 -4.4292 605.2669 181.0376 639.5428 204.7517 1.7832 1.7478 3.8281 1.0039 2.4620 57.7842 -4.4124 -4.2461
Car -1 -1 -8.1233 756.5200 160.6144 800.6469 190.6665 1.9804 1.8064 4.5543 11.5500 1.1735 49.8625 -7.8973 -4.2557
Car -1 -1 -5.0014 692.2437 174.3149 740.4861 209.0570 1.7316 1.5561 3.5322 5.5052 1.8120 37.9801 -4.8591 -4.2969
Car -1 -1 -4.6759 494.9671 180.2263 520.5540 203.0068 1.4836 1.6257 4.0278 -7.1400 2.0199 50.4293 -4.8163 -4.3183
Car -1 -1 -6.3878 628.6528 182.4290 684.1167 205.1000 1.4774 1.6106 3.5794 3.0667 2.1343 48.6440 -6.3257 -4.4472
Car -1 -1 -7.6467 723.4348 180.5207 776.7477 215.8252 1.3774 1.5911 3.3279 5.9807 1.7239 30.7933 -7.4573 -4.6362
Car -1 -1 -6.3315 697.4955 177.6029 782.6495 211.1128 1.5582 1.6990 3.9669 6.1989 1.7951 34.9515 -6.1580 -4.6579
Car -1 -1 -3.6546 752.1708 164.5808 820.6249 191.5185 1.5809 1.6744 3.6747 10.6217 1.0951 43.6514 -3.4177 -4.6643
Car -1 -1 -4.6225 460.7786 180.3253 497.2427 211.2524 1.4976 1.5334 4.0224 -6.8873 1.9123 38.0112 -4.8010 -4.8100
Car -1 -1 -8.2052 1048.7097 165.6384 1127.4673 202.1983 1.3347 1.5175 3.2188 18.4660 1.0710 28.0803 -7.6284 -4.8124
Car -1 -1 -7.9456 798.9135 174.4270 846.1381 213.3776 1.5405 1.5443 4.0560 8.9722 1.6121 30.8456 -7.6656 -4.9320
Car -1 -1 -8.1985 730.7507 178.8188 816.0579 227.6013 1.5090 1.7121 3.5696 5.4396 1.7281 24.6602 -7.9846 -5.0398
Car -1 -1 -3.2270 835.4240 174.6626 912.8815 208.1664 1.4822 1.4860 3.2207 12.0423 1.5679 33.1741 -2.8821 -5.2719
Car -1 -1 -4.0199 557.6137 181.4634 607.6310 202.5943 1.5355 1.6729 4.0946 -2.1255 2.2325 56.3038 -4.0579 -5.4412
Car -1 -1 -4.9160 676.1921 178.8719 713.0780 201.5831 1.4083 1.6258 4.1099 5.5451 1.8259 47.9838 -4.8021 -5.4637
Car -1 -1 -4.3550 624.8477 181.5794 663.3063 202.8019 1.6166 1.7532 4.3274 2.8145 2.3606 59.2165 -4.3082 -5.6127
Car -1 -1 -5.7800 1241.0000 163.1017 1241.0000 374.0000 1.3725 1.5278 3.8864 4.9834 1.3632 2.6313 -4.7403 -5.6395
Car -1 -1 -4.6278 511.3957 179.0094 539.7277 200.3302 1.3572 1.5783 4.1151 -5.7503 1.7944 49.2119 -4.7439 -5.7217
Car -1 -1 -4.6209 609.9213 180.6106 641.2344 205.9360 1.4406 1.5633 4.1411 0.9686 1.9418 44.5032 -4.5998 -5.7442
Car -1 -1 -7.1696 1241.0000 168.4619 1241.0000 356.6589 1.3760 1.5852 4.1315 8.0883 1.3436 6.0993 -6.2681 -5.8281
Car -1 -1 -4.5295 474.8116 179.0984 509.3569 201.0367 1.3519 1.5386 4.0634 -7.7761 1.7819 47.6758 -4.6906 -5.8792
Car -1 -1 -8.8975 0.0000 0.0000 1241.0000 374.0000 1.4792 1.5941 3.8401 2.7365 1.4579 1.3726 -7.8745 -5.8867
Car -1 -1 -7.1475 52.4326 0.0000 1241.0000 374.0000 1.5400 1.5870 3.8035 -1.2976 1.6070 1.0066 -7.9393 -5.8867
Car -1 -1 -4.3116 395.4744 179.5167 440.9086 202.1434 1.4528 1.6155 3.9169 -13.1576 1.9294 49.5919 -4.5699 -5.8867
Car -1 -1 -4.7341 590.5327 178.3466 614.0289 199.9755 1.4706 1.6016 3.9193 -0.6187 1.8817 52.0535 -4.7464 -5.8867
Car -1 -1 -4.3539 385.0458 180.5300 436.9253 207.6420 1.4569 1.6285 3.9306 -11.5404 1.9245 41.9534 -4.6211 -5.8867
Car -1 -1 -4.8286 649.6191 180.3138 675.1835 200.0148 1.4994 1.6062 3.9794 4.1854 2.1245 58.4710 -4.7580 -5.8867
Car -1 -1 -4.7831 660.6447 179.1073 686.4329 200.5497 1.4761 1.5948 3.9450 4.5854 1.9507 52.8131 -4.6975 -5.8867
Car -1 -1 -8.6428 0.0000 0.0000 1048.2089 374.0000 1.5396 1.5864 3.8033 1.1145 1.5813 1.0067 -7.9393 -5.8867
Car -1 -1 -6.7860 0.0000 0.0000 1241.0000 374.0000 1.5330 1.5842 3.8004 -2.9054 1.6038 1.0067 -7.9392 -5.8867
Car -1 -1 -4.7088 336.3137 181.3330 406.6048 240.3403 1.4112 1.6830 4.3991 -6.7307 1.6769 20.2840 -5.0258 -5.8916
Car -1 -1 -7.4383 1241.0000 163.0488 1241.0000 374.0000 1.3997 1.5742 4.1157 6.9438 1.3550 4.4140 -6.4636 -6.0440
Car -1 -1 -6.7772 0.0000 138.4068 57.0913 374.0000 1.5836 1.6723 4.3472 -5.3269 1.5282 3.4080 -7.7427 -6.1506
Car -1 -1 -5.9560 537.3347 180.7888 587.1462 205.0147 1.6439 1.6255 3.1543 -3.3895 2.2169 50.9353 -6.0226 -6.2049
Car -1 -1 -7.8705 390.5226 179.4716 428.1025 213.8024 1.5805 1.7198 3.8337 -10.1094 1.9304 36.1015 -8.1420 -6.2863
Car -1 -1 -3.9217 0.0000 173.9865 145.1280 318.7531 1.3757 1.6152 3.8640 -7.9282 1.3924 8.8756 -4.6359 -6.3443
Car -1 -1 -4.3150 431.9453 183.2997 466.6604 204.7173 1.5625 1.5786 3.0161 -12.4339 2.3942 55.8477 -4.5335 -6.9101
