Car -1 -1 -7.7562 550.4198 172.1494 586.4704 201.3973 1.5363 1.6196 4.1551 -1.7828 1.0453 39.8458 -7.8056 4.4500
Car -1 -1 -7.8982 613.5946 169.7555 640.9688 193.3445 1.5732 1.6825 4.4717 1.7734 0.7900 50.1554 -7.8679 3.6531
Car -1 -1 -7.8792 592.5642 168.7494 613.1475 187.6905 1.5868 1.6619 3.7193 0.1249 0.5184 62.0622 -7.8821 2.0136
Car -1 -1 -7.8112 568.8547 170.1226 594.1343 193.6792 1.6083 1.6492 3.9098 -1.3694 0.8315 51.0077 -7.8428 0.9506
Car -1 -1 -7.5614 429.3963 169.9810 470.0246 193.8936 1.5537 1.6571 3.8854 -10.2194 0.8053 48.6756 -7.7721 -0.1116
Car -1 -1 -2.8854 0.0000 173.6566 79.7224 207.6396 1.6234 1.6672 3.9008 -28.6321 1.2490 35.8714 -3.5605 -0.5764
Car -1 -1 -4.3306 396.1582 172.5500 434.7108 192.1592 1.4946 1.6328 3.8866 -14.6329 0.8123 56.7817 -4.5866 -1.0530
Car -1 -1 -7.5247 824.6601 155.9005 876.8351 187.4022 1.7596 1.7228 3.9885 14.6945 0.3298 42.2300 -7.1966 -1.0537
Car -1 -1 -4.7204 642.0582 170.2746 662.8007 190.8852 1.5154 1.5207 3.5019 3.8682 0.6900 54.6070 -4.6550 -1.5608
Car -1 -1 -4.8098 0.0000 167.7590 64.3130 213.7755 1.7082 1.7160 3.7744 -22.7838 1.1985 28.6177 -5.4827 -1.6015
Car -1 -1 -5.0288 0.0000 166.9727 30.5577 205.4816 1.5248 1.6376 3.7115 -25.7456 0.9499 30.1066 -5.7368 -2.1750
Car -1 -1 -5.3704 643.9848 170.5461 691.6985 188.7942 1.5367 1.7275 4.5345 5.7935 0.6141 62.8666 -5.2838 -3.2203
Car -1 -1 -4.8723 625.4828 168.0895 647.7810 185.0793 1.6290 1.6115 3.6589 3.4827 0.3428 70.7849 -4.8281 -3.6126
Car -1 -1 -4.7197 530.4368 173.4619 554.0949 194.8690 1.4496 1.5995 4.3420 -4.2071 0.9053 50.8800 -4.8067 -3.7629
Car -1 -1 -2.6889 149.7570 178.1782 254.3496 212.7833 1.5209 1.6356 3.8052 -18.0131 1.3752 32.4930 -3.1967 -3.8631
Car -1 -1 -6.3753 378.2417 171.8407 459.7050 203.4882 1.5871 1.6454 3.9792 -9.5310 1.1029 37.4708 -6.6278 -4.0387
Car -1 -1 -7.8758 413.1763 170.7780 434.6563 190.3262 1.6076 1.6713 3.9232 -15.1191 0.7257 61.1885 -8.1219 -4.0964
Car -1 -1 -3.7988 376.5618 171.9737 428.3320 191.9963 1.5689 1.6346 3.8630 -16.0956 0.8223 58.3249 -4.0718 -4.1438
Car -1 -1 -4.0805 462.3111 170.1959 520.6861 196.0011 1.5750 1.6408 4.0333 -6.9790 0.8851 46.0099 -4.2351 -4.2179
Car -1 -1 -4.8186 54.4974 179.0597 95.9215 206.4749 1.5887 1.6251 3.7720 -31.9394 1.4474 43.5683 -5.4534 -4.2212
Car -1 -1 -4.6329 516.2521 169.3189 538.7589 188.7294 1.6480 1.6729 3.9672 -6.4221 0.6136 62.9947 -4.7390 -4.2708
Car -1 -1 -2.2433 459.8875 171.9113 504.2156 194.4803 1.5226 1.6000 2.8682 -8.3122 0.8757 50.0135 -2.4121 -4.7278
Car -1 -1 -8.3709 749.0645 165.9471 792.6243 188.5215 1.5405 1.6653 3.0992 11.9414 0.4792 50.7436 -8.1458 -4.9483
Car -1 -1 -5.5178 696.1807 166.6227 743.9175 185.3502 1.6647 1.6936 4.3648 10.9089 0.3420 66.1050 -5.3597 -4.9505
Car -1 -1 -5.0643 633.2953 169.0956 668.1488 187.2885 1.6562 1.8814 4.3206 4.6401 0.5267 67.7308 -5.0011 -5.2086
Car -1 -1 -4.7437 389.3430 169.0668 420.4485 196.3780 1.5188 1.6151 3.8741 -11.5370 0.8275 42.0369 -5.0149 -5.2203
Car -1 -1 -4.5173 460.4317 173.8710 486.5439 190.6843 1.5862 1.7206 4.2966 -12.3769 0.8661 69.9292 -4.6967 -5.3807
Car -1 -1 -2.8718 166.0835 180.1735 335.1452 237.1198 1.5614 1.6342 4.1289 -10.0862 1.5255 20.8709 -3.3224 -5.7365
Car -1 -1 -6.9174 738.3924 161.7662 793.5399 183.9789 1.6227 1.6644 3.7990 12.3863 0.1810 54.0045 -6.6978 -6.0562
Car -1 -1 -6.6845 1006.5699 173.2094 1237.0000 373.0000 1.6010 1.9952 4.7793 4.8219 1.5819 3.7056 -5.8083 -6.1607
