Car -1 -1 -7.7072 496.1671 174.5316 561.9363 223.1151 1.4792 1.6146 4.0655 -2.3479 1.2675 23.9379 -7.8091 6.7181
Car -1 -1 -7.8467 604.4870 170.5915 638.6830 202.9695 1.5516 1.6392 4.3222 1.0185 1.0291 36.6078 -7.8241 4.4400
Car -1 -1 -7.7409 536.7388 172.8168 577.0982 205.3887 1.4823 1.5629 3.5243 -2.1007 1.0874 34.4886 -7.8063 4.1663
Car -1 -1 -7.7919 571.0536 169.5782 600.7195 195.3263 1.6211 1.7153 4.3153 -0.9753 0.8706 47.4150 -7.8173 2.6704
Car -1 -1 -8.3282 625.7701 168.9812 668.6616 190.3955 1.6041 1.6474 4.0527 3.5429 0.6663 55.9952 -8.2702 -0.4076
Car -1 -1 -7.4985 492.0350 169.0244 540.5087 197.5514 1.6535 1.6746 3.9543 -5.1272 0.9305 43.7533 -7.6194 -0.4460
Car -1 -1 -4.1680 680.4405 171.5307 735.6207 198.3090 1.4931 1.5910 3.5508 6.2546 0.9374 41.9301 -4.0258 -0.6342
Car -1 -1 -8.4477 691.6201 165.3537 727.1844 181.7687 1.5727 1.6052 3.7965 10.6609 0.0254 70.8794 -8.3038 -1.9688
Car -1 -1 -7.5132 577.8356 172.4877 613.2037 192.0344 1.4497 1.6260 3.5981 -0.4010 0.7812 55.2399 -7.5254 -2.3020
Car -1 -1 -4.8637 465.5064 170.6046 492.6294 189.3887 1.5562 1.6713 4.1459 -10.5217 0.6534 61.7417 -5.0366 -2.9352
Car -1 -1 -7.4124 590.2266 167.2478 627.7175 184.5021 1.6074 1.7453 4.8347 0.8151 0.2794 69.4744 -7.4055 -2.9732
Car -1 -1 -3.3375 1194.7561 154.6095 1237.0000 181.1944 1.6092 1.7542 3.9278 40.0942 -0.0200 45.2626 -2.6203 -2.9868
Car -1 -1 -7.4436 596.1087 172.2837 638.0710 192.4558 1.4927 1.6618 4.3455 1.2755 0.8106 55.4766 -7.4257 -3.1170
Car -1 -1 -7.6010 347.1175 170.1188 374.9519 187.4852 1.6034 1.6439 3.7149 -22.7617 0.5523 68.2361 -7.9267 -3.1186
Car -1 -1 -8.1609 683.9769 176.5240 740.3118 207.5360 1.4161 1.5547 3.9310 5.2914 1.1892 34.8675 -8.0164 -3.4276
Car -1 -1 -4.8547 469.8977 170.7305 501.8866 195.3716 1.6025 1.6198 3.6530 -7.8581 0.9022 48.7028 -5.0188 -3.5099
Car -1 -1 -4.3731 363.9968 173.1235 424.8774 204.4839 1.5858 1.7294 4.5926 -11.0530 1.1625 38.6668 -4.6547 -3.6352
Car -1 -1 -8.4554 606.0170 168.4206 649.8524 187.4057 1.6155 1.7079 4.3138 2.3279 0.5023 63.4016 -8.4237 -3.7168
Car -1 -1 -2.0967 291.3132 177.9337 355.9080 206.1657 1.5112 1.6064 3.9456 -15.6203 1.3205 40.3093 -2.4692 -3.9780
Car -1 -1 -7.8033 1131.1702 159.6195 1178.4484 193.2147 1.5390 1.6542 4.1310 27.0012 0.5369 35.0196 -7.1551 -4.1551
Car -1 -1 -2.8775 261.3968 183.9484 341.7770 211.4894 1.4336 1.6265 3.6963 -16.0713 1.5690 38.6286 -3.2745 -4.1582
Car -1 -1 -6.0274 384.8482 175.6754 464.2036 206.0752 1.5471 1.6330 3.7231 -9.1733 1.2509 37.3957 -6.2714 -4.4451
Car -1 -1 -2.2071 391.8789 169.4036 431.1750 187.8661 1.7262 1.7219 3.7978 -18.2225 0.5949 69.0205 -2.4691 -4.4576
Car -1 -1 -5.2835 456.1350 173.5909 501.5625 194.9909 1.5254 1.5965 3.6145 -9.0670 0.9616 53.0748 -5.4568 -4.5831
Car -1 -1 -7.9847 649.1698 164.6773 672.1085 181.1647 1.5267 1.6832 3.7507 5.6554 -0.0332 68.5139 -7.9075 -4.6203
Car -1 -1 -4.3474 166.1796 177.0194 231.4537 211.9659 1.4961 1.4531 3.4406 -18.1818 1.3046 32.5598 -4.8583 -4.9880
Car -1 -1 -4.9134 532.5594 180.0725 557.4689 196.4419 1.5239 1.6543 3.7116 -5.3990 1.3907 68.8851 -4.9963 -4.9903
Car -1 -1 -8.3533 1118.7717 139.0809 1211.0713 175.5852 1.8796 1.9016 4.9618 31.5442 -0.3542 40.4294 -7.6987 -5.3771
Car -1 -1 -4.3142 387.3793 167.8445 436.0370 196.1014 1.9705 1.7416 4.7774 -13.7966 1.0182 52.5796 -4.5746 -5.3795
Car -1 -1 -7.5507 658.9254 174.6144 719.5352 211.4188 1.3896 1.5091 3.3583 3.5718 1.1300 28.9627 -7.4341 -5.3974
Car -1 -1 -4.6900 694.2834 161.1285 714.5473 181.5559 1.7777 1.7367 4.5630 9.3669 0.0046 64.9032 -4.5520 -6.2498
Car -1 -1 -4.8682 653.3493 167.1866 676.0943 182.3803 1.4657 1.6703 3.6963 6.2862 0.0846 71.1983 -4.7853 -6.3788
