Car -1 -1 -7.3770 439.5229 177.5928 494.6682 203.3910 1.4353 1.5798 3.8797 -7.8019 1.2181 42.0494 -7.5644 -0.5950
Car -1 -1 -9.0388 1127.1147 160.1745 1237.0000 199.0885 1.6426 1.6439 3.8208 26.2663 0.7427 32.3894 -8.3663 -1.4031
Car -1 -1 -5.2117 199.0224 178.1559 248.8413 199.1322 1.5683 1.6377 4.0959 -29.1737 1.3182 55.5199 -5.6985 -1.7063
Car -1 -1 -4.5573 16.0903 187.4268 55.5135 209.2760 1.4703 1.6567 3.8671 -40.5302 1.9129 51.5616 -5.2260 -2.0482
Car -1 -1 -3.8690 394.8235 172.2095 442.5745 191.2020 1.5660 1.6577 3.8190 -15.5237 0.7998 61.2775 -4.1210 -2.2260
Car -1 -1 -6.5385 252.5460 174.1628 331.6365 201.7303 1.5760 1.6809 4.0531 -18.4744 1.1567 42.9764 -6.9473 -2.5277
Car -1 -1 -8.0295 409.5716 172.5997 439.3978 193.2035 1.6140 1.6451 4.1147 -14.4158 0.9167 58.4857 -8.2751 -2.6459
Car -1 -1 -2.8676 254.8682 176.4243 320.1292 199.9931 1.5707 1.7206 3.7568 -21.3485 1.2325 48.9860 -3.2816 -2.7905
Car -1 -1 -7.9042 271.5596 177.9378 292.1537 193.5675 1.5021 1.6458 4.0784 -31.6660 1.1594 71.2250 -8.3262 -2.9033
Car -1 -1 -4.4241 38.5513 185.9231 84.1329 208.2445 1.5386 1.6252 3.9164 -39.3702 1.8747 52.4719 -5.0704 -2.9849
Car -1 -1 -4.7610 367.9196 175.5957 394.0457 196.9752 1.5842 1.6984 4.4280 -17.0766 1.1466 55.5994 -5.0626 -3.0610
Car -1 -1 -4.6588 194.8641 178.9533 218.5504 195.9577 1.4963 1.6991 3.8283 -35.8171 1.2720 65.3040 -5.1637 -3.0892
Car -1 -1 -4.4913 437.0734 175.0036 462.5691 190.8629 1.5023 1.6324 3.8979 -14.7005 0.8866 70.0026 -4.7025 -3.1411
Car -1 -1 -4.6486 194.3903 173.0380 230.9546 203.1293 1.7222 1.6915 4.1392 -23.4003 1.2380 43.3450 -5.1461 -3.1521
Car -1 -1 -4.1511 369.5566 171.0892 413.4714 190.1150 1.5651 1.7006 4.0721 -17.8283 0.7085 61.2814 -4.4379 -3.1854
Car -1 -1 -5.2368 737.2683 161.2523 782.4186 185.9623 1.9407 1.7664 4.0918 12.9014 0.3503 58.6363 -5.0260 -3.2726
Car -1 -1 -4.7514 230.2821 177.7216 269.7342 209.6353 1.5424 1.6478 4.0039 -18.0840 1.3601 36.8710 -5.2096 -3.3554
Car -1 -1 -6.9830 1197.9736 154.3385 1237.0000 203.4705 1.6517 1.6874 3.9311 23.4981 0.7390 25.0764 -6.2402 -3.3680
Car -1 -1 -3.8179 267.1605 174.0883 316.7251 193.8176 1.6788 1.6254 3.8388 -27.1546 1.0479 63.2016 -4.2271 -3.4924
Car -1 -1 -5.0095 1073.9656 168.5229 1116.1541 189.1648 1.5438 1.5831 3.9597 38.3361 0.5732 55.8502 -4.4151 -3.5558
Car -1 -1 -4.3203 487.2255 171.3261 529.3682 193.7256 1.5891 1.6621 4.1130 -6.8254 0.8673 53.1619 -4.4523 -3.6311
Car -1 -1 -4.3944 35.7445 187.0177 89.1739 211.4729 1.4798 1.5975 4.0465 -34.8922 1.8546 46.6191 -5.0393 -3.6489
Car -1 -1 -7.9226 516.7539 169.6574 537.4402 186.4108 1.6162 1.7491 4.0823 -7.3800 0.4734 71.4624 -8.0300 -3.6556
Car -1 -1 -6.0293 1202.9712 160.5158 1237.0000 199.3196 1.4443 1.5431 3.3467 26.2756 0.6636 28.5585 -5.2950 -3.6675
Car -1 -1 -7.8145 32.0647 166.1877 75.4195 198.9861 1.6505 1.6859 4.0950 -29.1496 0.8802 38.3089 -8.4666 -3.7196
Car -1 -1 -4.7522 1092.1190 162.2295 1121.9325 185.7875 1.6702 1.6173 3.7249 37.2300 0.3039 52.9335 -4.1464 -3.7874
Car -1 -1 -4.6408 1081.2297 162.7764 1116.9585 189.6104 1.7199 1.6995 4.3390 33.4778 0.5199 48.2687 -4.0419 -3.8214
Car -1 -1 -8.8446 939.8845 164.1416 1039.4071 197.9988 1.4953 1.6171 3.8530 18.1655 0.7290 33.8024 -8.3596 -3.8218
Car -1 -1 -4.2908 181.9138 178.1846 229.7692 200.6271 1.7306 1.7332 4.3850 -31.6520 1.4749 57.6514 -4.7959 -3.9669
Car -1 -1 -4.7525 426.2556 171.9109 444.9459 189.0879 1.6187 1.5924 3.9657 -16.1004 0.7147 69.8175 -4.9832 -4.0469
Car -1 -1 -4.3409 0.0000 182.3888 33.3489 206.5718 1.5631 1.6279 3.8538 -40.2874 1.6259 48.6679 -5.0347 -4.3034
Car -1 -1 -4.4293 245.4622 173.4780 282.7645 194.5921 1.5872 1.6599 3.7574 -26.2181 0.9841 55.9837 -4.8704 -4.4933
Car -1 -1 -5.6851 222.0182 169.1224 290.5393 193.9510 1.7704 1.7793 4.2400 -25.1432 0.8878 52.4139 -6.1353 -4.5417
Car -1 -1 -7.2849 641.6041 172.7581 690.4761 197.8590 1.5481 1.5295 3.4328 4.1845 1.0090 46.1299 -7.1999 -4.5852
Car -1 -1 -4.9820 719.6315 162.9518 748.8909 182.6446 1.7954 1.7143 3.8584 12.4783 0.1041 67.4904 -4.8046 -4.7620
Car -1 -1 -7.8574 917.7130 161.1056 955.1587 194.0604 1.6969 1.7638 4.5304 18.3356 0.6470 39.4166 -7.4294 -4.7926
Car -1 -1 -6.2642 139.9185 176.9364 234.2033 213.3463 1.5678 1.6277 3.6189 -18.6987 1.3716 32.5179 -6.7877 -4.8029
Car -1 -1 -5.3933 932.1036 165.9602 979.6055 185.1869 1.6721 1.6701 3.9956 31.8508 0.3204 64.6075 -4.9418 -4.8344
Car -1 -1 -4.5901 170.4670 179.4323 200.0653 196.4755 1.4700 1.8037 4.2257 -37.1482 1.2915 64.2564 -5.1175 -4.8509
Car -1 -1 -6.3281 1012.0248 161.3508 1128.9794 199.9850 1.6103 1.7309 4.2296 20.5676 0.7708 31.7452 -5.7620 -5.0534
Car -1 -1 -4.8739 393.7316 167.5488 418.0819 183.8021 1.5509 1.7211 3.6944 -19.1936 0.2193 70.5817 -5.1432 -5.2182
Car -1 -1 -4.8623 561.9114 174.6371 592.7460 197.9449 1.5781 1.5758 3.9736 -1.7294 1.1134 50.7360 -4.9012 -5.2896
Car -1 -1 -8.3082 1162.5509 159.7819 1236.0067 187.6478 1.4746 1.5968 3.8359 33.2346 0.3255 40.0631 -7.6238 -5.2935
Car -1 -1 -4.9700 432.9594 169.9394 470.7761 192.2176 1.7909 1.9217 4.8200 -12.5808 0.8614 60.3297 -5.1797 -5.3738
Car -1 -1 -7.5003 1093.5721 162.5785 1166.8621 195.7376 1.4169 1.5561 3.5264 23.7967 0.6087 32.3240 -6.8745 -5.5097
Car -1 -1 -4.6009 38.5022 182.8327 72.7467 203.4946 1.4988 1.6459 4.0075 -41.3590 1.6038 54.5222 -5.2525 -5.8867
Car -1 -1 -4.4942 0.0000 180.3279 0.0000 204.3756 1.4818 1.6483 4.0816 -41.3950 1.4097 46.4471 -5.2243 -5.8867
Car -1 -1 -2.1743 0.0000 180.9429 53.1621 211.0017 1.8120 1.7667 4.6105 -36.8024 1.7785 44.7820 -2.8644 -5.9644
Car -1 -1 -7.6763 1131.6692 166.1570 1170.1967 186.3879 1.4549 1.6303 3.9946 41.0490 0.3515 53.6140 -7.0301 -6.0286
Car -1 -1 -4.5672 300.2838 178.5571 333.1256 201.1579 1.5388 1.6397 3.8560 -20.1461 1.3385 50.9758 -4.9468 -7.5047
