Car -1 -1 -7.7531 541.7761 170.9625 581.7573 203.0164 1.5155 1.6170 4.1039 -1.9440 1.0176 36.0481 -7.8116 5.6970
Car -1 -1 -7.8336 612.4285 169.1685 639.1227 194.0402 1.5570 1.6718 4.2074 1.6328 0.7851 47.1112 -7.8041 3.0904
Car -1 -1 -7.8987 586.3318 168.5262 608.7956 188.1546 1.5355 1.6229 3.8884 -0.3205 0.5205 58.1818 -7.9090 1.8138
Car -1 -1 -7.9998 561.4034 171.1176 593.9247 195.1915 1.5153 1.5918 3.6914 -1.5921 0.8619 47.1750 -8.0383 1.7016
Car -1 -1 -4.4870 522.4458 170.8029 558.2765 193.8879 1.5224 1.6124 4.0509 -4.1501 0.8170 49.4878 -4.5751 1.2231
Car -1 -1 -6.4795 170.7461 176.0065 248.3427 206.6778 1.5118 1.5550 3.2729 -20.1980 1.2412 37.0533 -6.9806 0.3430
Car -1 -1 -4.2117 422.2708 173.2258 470.9443 197.2446 1.4695 1.6020 3.4146 -9.8213 0.9633 45.8110 -4.4267 -1.1222
Car -1 -1 -7.0791 625.7842 167.1408 673.5816 185.1294 1.6244 1.7561 4.5856 4.5689 0.3275 67.0552 -7.0162 -1.1823
Car -1 -1 -3.9046 480.0493 169.5132 528.8185 189.4092 1.5541 1.6533 3.8408 -7.7929 0.6177 58.1269 -4.0422 -1.4032
Car -1 -1 -4.4288 634.9330 168.9050 675.4697 193.2825 1.5719 1.6529 4.1654 3.6903 0.7598 48.5586 -4.3583 -2.0501
Car -1 -1 -6.2900 335.3454 178.0386 426.2884 212.2986 1.4435 1.5950 3.7329 -9.6912 1.2979 31.5901 -6.5905 -2.0844
Car -1 -1 -4.9245 729.8785 163.8707 763.3970 187.2346 1.7557 1.7428 3.9357 11.2865 0.4308 55.9643 -4.7313 -2.2481
Car -1 -1 -4.5429 501.1145 174.9897 523.4399 189.6235 1.4154 1.5979 3.8257 -8.7938 0.7854 71.4242 -4.6698 -2.3320
Car -1 -1 -7.3100 911.8868 159.8312 956.0726 178.8177 1.6528 1.7387 4.1637 30.1191 -0.2499 64.9600 -6.8822 -2.6896
Car -1 -1 -8.2298 442.1232 171.2862 487.0208 196.7602 1.5090 1.5883 3.3629 -8.4870 0.9041 44.3967 -8.4225 -2.7783
Car -1 -1 -4.8568 708.2677 164.9854 732.4596 182.3007 1.5827 1.6285 4.2615 11.2261 0.0729 67.8021 -4.6982 -4.1617
Car -1 -1 -7.8910 461.9182 169.9886 488.7614 194.2371 1.5697 1.6242 3.8397 -8.5454 0.8246 48.5498 -8.0692 -4.2557
Car -1 -1 -4.3906 727.1823 166.2714 758.3317 184.5656 1.5515 1.6027 3.7157 12.4375 0.2598 62.9335 -4.2011 -4.3095
Car -1 -1 -7.5992 513.4450 173.1498 540.1504 188.7927 1.5062 1.6921 4.0310 -7.3300 0.7018 71.2838 -7.7062 -4.4147
Car -1 -1 -4.7654 714.0481 164.8008 735.9750 183.7541 1.6225 1.6416 4.7378 10.9932 0.1927 63.9380 -4.6007 -4.4615
Car -1 -1 -2.6681 384.7102 175.1724 469.7183 200.6561 1.3533 1.5581 4.2917 -9.5444 1.0174 39.3981 -2.9092 -4.5317
Car -1 -1 -4.9935 479.8421 172.7393 507.4387 188.1250 1.4789 1.6408 4.0028 -10.6720 0.6364 71.2070 -5.1466 -4.5823
Car -1 -1 -6.7174 1002.5152 139.7729 1108.0503 172.0768 1.6890 1.8445 4.5436 24.8256 -0.5328 39.4384 -6.1634 -4.7140
Car -1 -1 -4.1522 352.9686 168.2815 403.8618 192.7357 1.7290 1.6064 4.2123 -16.3842 0.7944 53.0310 -4.4553 -4.9292
Car -1 -1 -2.9739 843.7240 161.1009 928.3304 193.9154 1.6412 1.5146 3.9233 14.8611 0.6212 37.5813 -2.6046 -4.9495
Car -1 -1 -4.3340 366.6478 168.4471 413.9753 193.5845 1.7365 1.7580 4.5021 -15.1822 0.8348 51.9454 -4.6219 -4.9567
Car -1 -1 -4.1751 442.0308 167.9357 494.2538 188.8842 1.5369 1.8363 4.6531 -10.1570 0.5417 55.2030 -4.3611 -5.0329
Car -1 -1 -4.0310 302.2228 173.6529 366.2430 200.5186 1.6214 1.6078 4.0690 -16.8594 1.1479 45.5364 -4.3887 -5.0616
Car -1 -1 -5.9904 905.0773 150.3484 1001.5323 183.5614 1.5713 1.6204 4.0402 17.5457 0.0978 35.9434 -5.5439 -5.1152
Car -1 -1 -4.9420 648.1022 167.8138 675.0441 183.3541 1.4799 1.7361 4.0539 5.9114 0.1762 70.5429 -4.8635 -5.3326
Car -1 -1 -7.3590 385.6368 167.8309 440.3121 194.8666 1.8753 1.8905 4.6293 -13.6292 0.9271 52.2974 -7.6176 -5.3771
Car -1 -1 -4.5597 384.0418 171.5284 413.0015 192.0324 1.6175 1.7187 3.9122 -16.5215 0.8308 58.7172 -4.8378 -5.7310
Car -1 -1 -5.0297 752.4011 161.3362 799.2372 187.2766 1.6257 1.7228 4.2397 11.3996 0.3621 47.2037 -4.7989 -5.8494
Car -1 -1 -5.1686 429.2856 168.1329 472.7209 189.6186 1.8060 1.7722 4.7842 -13.1638 0.6822 62.8078 -5.3792 -6.0255
