Car -1 -1 -7.6957 469.3759 173.7587 550.9147 232.7144 1.4538 1.6071 4.0937 -2.4329 1.2634 19.7851 -7.8217 5.9854
Car -1 -1 -7.8669 604.6281 170.0986 641.9375 205.6662 1.5607 1.6372 4.6344 0.9668 1.0607 33.8468 -7.8436 4.7458
Car -1 -1 -7.7645 527.0783 172.7215 570.6470 209.5679 1.4668 1.5395 3.6130 -2.1890 1.1177 30.4130 -7.8408 4.2821
Car -1 -1 -7.8012 568.1358 169.6066 597.4301 194.5318 1.4660 1.6205 3.8580 -1.1063 0.7666 44.1982 -7.8310 3.7088
Car -1 -1 -4.6653 139.9491 171.6945 178.9636 202.1748 1.5661 1.6272 4.0704 -23.9925 1.0625 39.0821 -5.2178 0.2710
Car -1 -1 -7.7705 593.8145 167.7561 614.8581 185.6265 1.5847 1.6358 3.7427 0.3250 0.3657 65.6329 -7.7704 -0.2529
Car -1 -1 -7.5746 426.3200 176.3043 488.2853 212.5916 1.4489 1.5868 3.9213 -6.0954 1.2417 30.6989 -7.7741 -0.4210
Car -1 -1 -6.0896 451.0944 170.8857 508.2771 193.4592 1.5047 1.5950 3.5890 -8.2184 0.7972 48.7206 -6.2607 -2.0354
Car -1 -1 -2.9607 329.8949 175.6724 441.2436 214.4902 1.5600 1.6741 4.2152 -8.9316 1.3262 29.9357 -3.2533 -2.0867
Car -1 -1 -4.6368 637.8057 167.2425 665.3329 191.8584 1.5826 1.5945 3.5289 3.3924 0.6660 48.0432 -4.5716 -2.3967
Car -1 -1 -8.2048 621.4717 169.2371 653.8646 187.2666 1.4883 1.6089 3.5748 3.0834 0.4758 61.2429 -8.1596 -2.7073
Car -1 -1 -4.5362 163.2794 173.4175 210.6263 202.9029 1.5301 1.6138 3.7952 -22.6343 1.1109 39.3369 -5.0604 -2.7146
Car -1 -1 -4.8886 303.1869 173.5612 340.1043 199.3431 1.5768 1.5757 3.6010 -17.8935 1.0913 45.8785 -5.2635 -2.7404
Car -1 -1 -4.6199 447.9332 167.8332 482.3190 196.7216 1.5998 1.6140 4.1216 -7.9028 0.8431 41.9107 -4.8101 -2.7659
Car -1 -1 -5.3667 731.5339 160.7755 778.4713 183.7292 1.8403 1.8221 3.8696 12.7501 0.1786 59.7291 -5.1622 -2.9306
Car -1 -1 -7.1064 719.0365 162.9429 763.6512 181.3592 1.7385 1.7725 4.3681 13.6633 -0.0145 69.8544 -6.9187 -2.9682
Car -1 -1 -4.9577 689.0035 167.1125 713.6707 182.5556 1.4456 1.5550 3.3728 9.6079 0.0985 69.0037 -4.8247 -3.0926
Car -1 -1 -2.3680 109.1340 159.1510 189.1109 184.8793 1.6507 1.7655 4.5176 -29.8312 0.2169 47.4221 -2.9317 -3.4083
Car -1 -1 -4.7283 506.2801 171.1026 526.9292 190.7277 1.6917 1.7374 4.5081 -7.5888 0.7952 64.2718 -4.8503 -3.5629
Car -1 -1 -4.8292 429.4962 168.7354 462.3014 193.8490 1.6071 1.6702 4.0222 -10.4530 0.7903 48.1427 -5.0468 -3.6340
Car -1 -1 -4.5548 290.8284 169.7707 321.5019 193.0383 1.7775 1.7332 3.4565 -23.2697 0.8813 56.7588 -4.9472 -3.6586
Car -1 -1 -5.1954 512.0551 181.6554 549.0297 199.2132 1.4527 1.6084 3.6779 -6.0645 1.4662 61.4448 -5.2984 -3.7529
Car -1 -1 -7.1569 219.3226 180.0016 285.8236 207.6373 1.4727 1.5531 3.3551 -19.4097 1.3931 40.0961 -7.6102 -3.7961
Car -1 -1 -6.2884 665.1478 165.5474 712.4858 182.8679 1.5798 1.7376 4.3011 8.1208 0.1245 66.6185 -6.1724 -3.8810
Car -1 -1 -8.0805 575.0463 168.7195 609.7167 190.0239 1.4861 1.6782 3.8281 -0.6834 0.5946 52.1677 -8.0984 -4.1941
Car -1 -1 -8.0746 966.2538 163.1120 997.5833 180.4426 1.5446 1.6997 3.9909 35.1764 -0.1013 66.4342 -7.5941 -4.3279
Car -1 -1 -6.8023 910.8961 157.1669 995.5525 185.3779 1.6215 1.6738 4.2007 20.6617 0.2230 42.2732 -6.3550 -4.4930
Car -1 -1 -7.8047 995.8289 146.3001 1040.0439 189.1503 1.7807 1.5444 3.7913 18.4965 0.3182 31.8646 -7.2872 -4.6958
Car -1 -1 -5.7008 1042.5238 164.4685 1104.7521 186.4297 1.6412 1.7817 3.6469 36.5829 0.3683 55.7087 -5.1268 -4.7564
Car -1 -1 -5.0836 508.1109 170.4268 537.9200 186.8261 1.5015 1.5490 3.6826 -7.3870 0.4874 67.7610 -5.1966 -4.7919
Car -1 -1 -5.0022 457.4677 161.7191 497.2058 185.8122 1.6409 1.6480 4.1615 -8.8655 0.2937 51.1516 -5.1777 -4.9130
Car -1 -1 -4.8007 651.1724 167.0684 677.3582 188.7466 1.5397 1.6083 3.2671 4.5908 0.5146 52.6577 -4.7191 -4.9864
Car -1 -1 -4.3929 0.0000 162.8235 22.3554 190.1896 1.4506 1.7630 4.2278 -34.4039 0.4608 40.3669 -5.1003 -5.1395
Car -1 -1 -7.9387 427.3674 165.9069 452.9265 186.4855 1.7051 1.7386 4.6907 -13.9315 0.4129 62.0176 -8.1636 -5.6273
Car -1 -1 -7.9676 650.2535 160.0513 674.8959 183.0874 1.8981 1.6444 3.8019 5.1967 0.1306 61.1157 -7.8879 -5.8850
Car -1 -1 -6.0069 730.3576 154.9121 810.0667 181.3272 1.7801 1.8419 5.1471 11.8488 -0.0127 50.4819 -5.7823 -5.9495
Car -1 -1 -8.0488 874.6032 119.4713 1237.0000 373.0000 1.5549 1.7764 4.2085 2.1047 1.4829 3.1242 -7.4997 -6.1449
Car -1 -1 -4.8442 427.8244 171.2102 463.7832 198.4610 1.6285 1.7179 3.6222 -9.7646 1.0137 44.9231 -5.0619 -6.4269
Car -1 -1 -2.4142 304.2708 165.3757 369.0904 195.1933 2.2817 1.8701 4.7555 -20.8774 1.0477 56.7019 -2.7704 -6.5287
Car -1 -1 -6.8199 875.0597 150.6838 955.0656 178.2826 1.6766 1.6663 4.3603 19.6266 -0.2066 45.0134 -6.4157 -6.7685
