Car -1 -1 -4.5626 522.1711 174.3851 558.6862 200.7418 1.6037 1.7508 4.0621 -3.8339 1.1709 45.7890 -4.6506 4.6358
Car -1 -1 -8.2586 635.0737 169.9966 681.1929 194.2641 1.6671 1.7019 4.3642 4.0357 0.8768 51.6881 -8.1860 0.1200
Car -1 -1 -7.9161 276.4705 167.8888 301.3665 187.7620 1.5979 1.6488 3.8839 -26.0416 0.5034 59.8622 -8.3297 -0.6352
Car -1 -1 -4.7084 203.6743 167.0880 232.8629 194.2596 1.8716 1.7901 4.1458 -27.5710 0.8789 51.7310 -5.2009 -1.4209
Car -1 -1 -6.2210 51.1821 187.6762 161.5009 229.0876 1.5374 1.5979 3.5434 -19.7051 1.7985 28.7389 -6.8230 -1.9308
Car -1 -1 -2.3666 473.3307 173.8759 524.0453 195.1250 1.4810 1.5601 3.5232 -7.4005 0.9496 51.7326 -2.5129 -2.1655
Car -1 -1 -4.5358 0.0000 167.7748 47.4561 199.8416 1.6040 1.6569 4.1015 -30.8322 0.9176 38.1260 -5.2173 -2.4809
Car -1 -1 -3.8269 698.3610 171.8260 739.4177 188.4110 1.5749 1.6136 3.7789 11.4701 0.6559 69.8619 -3.6697 -2.5859
Car -1 -1 -5.2171 281.0949 168.4780 328.4434 191.8318 1.7041 1.6478 3.8327 -22.4068 0.7538 54.2526 -5.6119 -2.5948
Car -1 -1 -5.2332 374.2094 174.0655 424.8003 197.2614 1.6438 1.6747 4.2738 -14.9139 1.1169 52.9965 -5.5112 -3.3332
Car -1 -1 -7.5039 165.7556 168.6090 219.9961 198.1604 1.6769 1.6457 3.6908 -24.2234 0.9456 42.7202 -8.0220 -3.3643
Car -1 -1 -5.3267 774.1265 173.6245 841.6641 202.7789 1.4713 1.5745 3.7287 10.9239 1.0741 38.2730 -5.0555 -3.4541
Car -1 -1 -5.1050 655.1208 174.0350 686.2103 189.6001 1.4707 1.6434 3.8568 6.7478 0.7650 69.9596 -5.0141 -3.4744
Car -1 -1 -8.2067 383.1989 176.8840 440.7318 207.7061 1.4893 1.5922 3.8623 -9.7454 1.2665 36.7460 -8.4692 -3.6219
Car -1 -1 -4.5546 661.4839 171.5122 685.0121 188.7605 1.5423 1.5975 3.8398 6.6890 0.6490 66.2914 -4.4594 -3.6950
Car -1 -1 -4.6378 282.7565 174.7886 305.6299 192.6921 1.5518 1.6133 3.9099 -27.4687 0.9699 64.3750 -5.0446 -3.7157
Car -1 -1 -6.6216 564.3228 173.9160 624.1723 196.6889 1.6382 1.6994 4.0974 -0.5203 1.0926 53.1793 -6.6363 -3.7722
Car -1 -1 -4.1418 209.6667 172.7664 262.5207 194.9813 1.6324 1.6766 4.0701 -27.8288 0.9906 54.8929 -4.6140 -3.8661
Car -1 -1 -4.8678 742.9080 170.4426 775.6191 193.9391 1.4987 1.5672 3.5029 10.4270 0.7935 47.6090 -4.6583 -4.0635
Car -1 -1 -5.2573 247.9596 178.4397 312.6923 207.8838 1.5544 1.5729 3.6766 -17.7294 1.3930 39.6122 -5.6807 -4.2064
Car -1 -1 -4.3405 218.3691 169.5683 263.9529 193.9116 1.7076 1.6758 3.9144 -26.2109 0.8706 52.4177 -4.8070 -4.3363
Car -1 -1 -7.6489 114.7965 172.2845 156.3971 195.7481 1.6078 1.7235 4.0364 -33.2676 0.9763 51.4173 -8.2258 -4.3503
Car -1 -1 -4.3760 578.4489 178.0354 608.0714 195.8276 1.5140 1.5593 3.4584 -0.6585 1.2189 63.0106 -4.3914 -4.4697
Car -1 -1 -7.8339 532.0991 172.4493 549.3367 188.5193 1.5491 1.6459 3.8571 -5.9548 0.6763 71.2256 -7.9219 -4.4756
Car -1 -1 -4.9221 374.7344 175.1050 411.6402 200.3189 1.6214 1.5881 3.8991 -14.0240 1.2102 48.2852 -5.2083 -4.5726
Car -1 -1 -6.6721 786.6263 166.8478 859.9517 190.6889 1.5593 1.6937 4.3677 14.8107 0.6010 48.0339 -6.3794 -4.7354
Car -1 -1 -4.8851 427.7135 174.6605 456.1804 192.4471 1.4739 1.7121 3.9611 -13.6968 0.9070 61.6823 -5.1077 -4.7456
Car -1 -1 -4.9596 604.2180 172.5821 645.3504 194.8789 1.4915 1.7467 4.7772 1.5943 0.8949 50.5725 -4.9332 -4.9205
Car -1 -1 -4.1148 632.1006 173.5699 676.6592 191.8848 1.5612 1.7558 4.4301 4.7492 0.8850 63.5173 -4.0454 -5.0490
Car -1 -1 -4.3739 72.9385 171.8523 124.0197 196.1534 1.5592 1.7864 3.3600 -33.4979 0.9402 47.9482 -4.9860 -5.0608
Car -1 -1 -5.0276 388.6864 177.1105 420.8959 197.3896 1.6342 1.4999 3.7004 -16.3824 1.2803 59.8442 -5.2987 -5.1017
Car -1 -1 -6.4767 515.4464 172.6274 566.2286 191.7668 1.5741 1.7186 3.9987 -5.0839 0.8442 60.4624 -6.5651 -5.1831
Car -1 -1 -4.1654 0.0000 163.0146 44.8762 197.8003 1.5936 1.6874 3.9455 -29.2614 0.7470 34.9851 -4.8631 -5.1911
Car -1 -1 -4.5506 404.8779 175.1387 442.4577 198.8200 1.4878 1.6921 4.7302 -11.6979 1.0882 47.5559 -4.7955 -5.3164
Car -1 -1 -7.5443 792.8434 166.0968 833.2323 190.3562 1.6251 1.5947 3.9744 14.8374 0.5933 50.2161 -7.2634 -5.3894
Car -1 -1 -4.5586 351.0376 176.1297 383.3679 198.9631 1.5845 1.6600 3.8838 -16.8635 1.2118 51.8998 -4.8763 -5.4017
Car -1 -1 -4.4869 560.6746 175.7814 600.3763 201.7309 1.4708 1.6056 3.6126 -1.1964 1.1468 42.6423 -4.5198 -5.6534
Car -1 -1 -4.8813 495.9645 170.7140 524.0798 190.9419 1.6618 1.7022 4.0256 -7.7924 0.7755 61.1901 -5.0123 -5.7917
Car -1 -1 -5.3831 437.3409 172.5466 479.0197 191.2101 1.6441 1.6477 3.8729 -12.9787 0.8551 65.1556 -5.5838 -5.8983
Car -1 -1 -3.7524 322.5190 169.0534 384.9163 194.9714 2.0688 1.7577 4.7710 -20.5308 1.0752 59.7872 -4.0867 -5.9638
Car -1 -1 -6.7067 1208.2769 132.8180 1237.0000 170.3562 1.5107 1.6033 3.2789 28.4967 -0.4992 30.9283 -5.9712 -6.0439
