Car -1 -1 -4.4193 121.1539 180.0927 167.7250 204.4325 1.6503 1.6407 4.2517 -32.3436 1.5549 50.9747 -4.9874 0.5059
Car -1 -1 -5.0966 723.6750 170.2376 775.8195 197.7771 1.4892 1.5809 3.7629 8.3678 0.8803 40.8395 -4.9008 -1.6313
Car -1 -1 -4.6276 198.6444 170.6611 230.3170 199.2968 2.0240 1.7242 4.1808 -28.5035 1.2579 53.0342 -5.1236 -1.8624
Car -1 -1 -4.5445 215.2634 170.5817 247.0065 190.5846 1.6548 1.7370 4.3571 -31.7604 0.7514 61.7657 -5.0226 -2.0165
Car -1 -1 -5.2788 860.7485 158.5281 916.5876 183.5216 1.6484 1.5993 4.1025 19.7485 0.1334 49.5439 -4.9061 -2.0958
Car -1 -1 -3.0350 34.8453 178.0648 101.2069 202.1472 1.6172 1.5792 3.5528 -36.9123 1.3865 49.8221 -3.6751 -2.1201
Car -1 -1 -5.1254 994.8956 162.5222 1044.3341 185.0854 1.6473 1.7156 4.1001 31.7145 0.2617 54.5738 -4.6060 -2.1992
Car -1 -1 -2.4627 457.3363 170.1009 512.8808 191.3372 1.6608 1.7006 4.3058 -9.3785 0.7692 57.9765 -2.6272 -2.2245
Car -1 -1 -4.9484 300.8418 178.2510 339.9912 202.0622 1.4549 1.6191 3.1250 -17.8704 1.2565 45.6349 -5.3247 -2.3009
Car -1 -1 -7.1198 41.7319 172.0343 123.6091 202.4194 1.5967 1.6492 3.6479 -28.5407 1.0995 39.6506 -7.7455 -2.3048
Car -1 -1 -2.3393 72.4768 178.5659 148.6157 203.1741 1.6325 1.7498 4.3484 -33.4150 1.4378 48.9438 -2.9408 -2.3217
Car -1 -1 -7.8594 504.0136 166.5782 523.4742 185.7283 1.6875 1.7056 4.1138 -7.9777 0.3723 65.4484 -7.9851 -2.3366
Car -1 -1 -7.8110 18.7340 174.9384 62.8569 209.1276 1.7720 1.7361 4.3527 -30.7679 1.4321 39.5061 -8.4745 -2.4350
Car -1 -1 -6.3655 41.7186 184.6324 166.3539 226.6072 1.4335 1.5731 3.6747 -18.3727 1.5574 26.5700 -6.9710 -2.5859
Car -1 -1 -4.9172 458.5033 170.5278 495.7598 194.8629 1.5069 1.6051 3.8772 -8.0932 0.8275 46.5788 -5.0932 -2.7178
Car -1 -1 -7.9917 884.9526 156.0839 918.8135 180.1350 1.6934 1.7082 4.2460 22.1732 -0.1053 53.1045 -7.6027 -2.8887
Car -1 -1 -7.8597 378.3426 166.5202 397.1651 184.4260 1.6463 1.6657 4.0114 -20.2712 0.2687 68.2083 -8.1523 -3.3513
Car -1 -1 -3.2745 977.4256 158.8013 1050.2892 183.2086 1.6386 1.7104 4.1772 28.5192 0.1147 49.7935 -2.7615 -3.4039
Car -1 -1 -6.5113 585.5688 172.9192 651.4775 196.7109 1.5737 1.6768 4.1985 1.1517 1.0061 48.7711 -6.4928 -3.4967
Car -1 -1 -4.2369 184.1008 176.2364 231.3502 196.6183 1.6280 1.7059 4.2080 -32.5179 1.2074 59.5026 -4.7401 -3.5349
Car -1 -1 -2.5142 252.0703 173.0314 319.7786 194.4482 1.5974 1.7253 4.5985 -24.0791 0.9656 54.9015 -2.9306 -3.8012
Car -1 -1 -4.4193 114.3384 184.7766 152.7003 205.1487 1.4924 1.5087 3.5823 -35.8685 1.7527 55.1721 -4.9986 -3.8421
Car -1 -1 -2.8986 132.0667 170.9683 235.0897 207.6258 1.6814 1.6331 3.9780 -19.8618 1.1986 34.2889 -3.4253 -3.9045
Car -1 -1 -4.9506 603.3757 175.0877 627.3279 190.3813 1.4660 1.5718 3.4383 1.3859 0.8510 70.7099 -4.9360 -3.9451
Car -1 -1 -4.8438 690.3414 166.5346 726.8789 196.2620 1.7252 1.6249 4.2730 6.4872 0.8568 43.8328 -4.7027 -3.9588
Car -1 -1 -7.6717 433.5928 171.0421 459.8420 189.2619 1.7337 1.7989 4.2306 -15.1041 0.7382 70.4972 -7.8868 -4.2936
Car -1 -1 -6.7283 1013.2499 157.6556 1103.9775 184.6925 1.6851 1.7560 4.5820 29.1471 0.1990 45.9016 -6.1700 -4.3111
Car -1 -1 -2.7588 525.4321 171.3549 592.4797 197.2769 1.7171 1.7469 4.2267 -2.8849 1.0451 49.0758 -2.8222 -4.3286
Car -1 -1 -4.2445 700.9078 169.0181 740.1851 187.5190 1.5079 1.7443 3.8310 10.1047 0.4904 60.6097 -4.0848 -4.3603
Car -1 -1 -4.5692 205.1954 171.6856 239.5212 197.4758 1.7107 1.5731 3.9071 -26.1941 1.0597 49.7518 -5.0566 -4.5613
Car -1 -1 -5.2018 384.3665 171.2043 432.3248 194.5134 1.6789 1.6722 4.2148 -14.4894 0.9372 53.8458 -5.4684 -4.6903
Car -1 -1 -4.0559 669.4771 168.8286 720.2314 192.2128 1.6035 1.5787 3.8464 6.6969 0.7346 51.1782 -3.9313 -4.7998
Car -1 -1 -4.6330 526.0914 171.7982 545.4506 188.8529 1.5071 1.4918 3.5609 -5.9090 0.6495 65.2681 -4.7278 -4.8739
Car -1 -1 -4.3572 173.3644 179.1220 208.4111 197.1114 1.5418 1.5564 3.5648 -36.1881 1.3378 63.4522 -4.8787 -5.0312
Car -1 -1 -7.1236 135.5413 176.4919 217.6069 209.8891 1.7099 1.6231 3.9228 -22.8883 1.4537 38.8599 -7.6580 -5.0976
Car -1 -1 -6.3527 1023.7827 156.2319 1121.4403 184.7375 1.6372 1.7467 4.7798 28.1885 0.1861 43.1720 -5.7819 -5.2378
Car -1 -1 -4.9668 618.6429 171.2538 648.2697 187.3121 1.5211 1.8257 4.4054 3.1380 0.5502 70.3911 -4.9273 -5.5450
Car -1 -1 -4.8637 686.8817 172.1840 708.9012 189.2620 1.6274 1.6294 3.3119 9.4313 0.7393 70.1254 -4.7354 -5.6870
Car -1 -1 -7.9310 729.3504 160.2818 753.9066 182.1711 1.7998 1.7138 4.0995 11.9337 0.0550 61.1942 -7.7441 -5.9810
Car -1 -1 -3.7246 755.6816 161.6305 818.0320 188.1650 1.7428 1.5593 3.8658 12.5380 0.4378 48.5553 -3.4781 -6.1371
Car -1 -1 -4.0782 277.2859 168.7349 324.5788 191.6621 1.5786 1.5712 3.1197 -21.3456 0.6997 51.1603 -4.4765 -6.2205
Car -1 -1 -4.4093 645.8647 168.9761 684.3328 194.3775 1.7928 1.7292 3.9822 4.7413 0.9089 52.8696 -4.3253 -6.3314
Car -1 -1 -4.2111 649.1370 174.0772 685.5330 190.9610 1.5789 1.7524 4.1181 6.4346 0.8844 69.3749 -4.1239 -6.3495
Car -1 -1 -7.2955 19.7815 183.9792 261.1273 306.1694 1.4981 1.4245 3.2574 -6.5176 1.5407 10.5082 -7.8452 -6.4026
Car -1 -1 -4.9121 417.8802 170.8694 446.6929 190.7328 1.6941 1.6905 4.0422 -14.9405 0.7872 63.4522 -5.1473 -6.7203
Car -1 -1 -7.4494 35.5933 182.5975 128.8096 220.2475 1.3682 1.6432 3.6959 -20.2766 1.4146 28.2008 -8.0734 -7.2767
