Car -1 -1 -7.8066 588.4929 166.4032 609.1179 185.6534 1.6510 1.6660 3.8054 -0.1752 0.3560 63.5408 -7.8142 1.5239
Car -1 -1 -7.7814 624.3813 168.9092 644.8824 186.1620 1.5493 1.6561 3.5857 3.1265 0.4184 66.3806 -7.7394 0.8879
Car -1 -1 -3.1786 916.8044 166.1073 1010.4116 200.7023 1.6061 1.7088 3.9771 17.5055 0.8917 34.9395 -2.7221 -0.7250
Car -1 -1 -4.8062 712.2833 169.1740 732.3807 185.2042 1.4969 1.5621 3.4372 11.6005 0.3456 68.8465 -4.6447 -0.9762
Car -1 -1 -4.0932 138.7583 170.3198 210.3158 199.8561 1.5983 1.6079 3.7762 -24.1702 0.9935 40.8188 -4.6299 -2.3851
Car -1 -1 -7.6732 0.0000 171.3900 50.3222 208.5609 1.5126 1.5435 3.7342 -25.3028 1.1016 31.2404 -8.3548 -3.1191
Car -1 -1 -5.7104 519.6025 172.1406 579.6547 194.5422 1.6362 1.6761 4.2934 -3.9057 0.9525 54.2259 -5.7870 -3.2865
Car -1 -1 -4.6012 194.7806 163.0863 231.2246 190.6339 1.7599 1.7246 3.9844 -25.9257 0.5836 48.0614 -5.0984 -3.3016
Car -1 -1 -4.2506 351.3708 167.8827 397.5807 190.7191 1.4727 1.5004 3.6501 -15.1802 0.5946 48.2440 -4.5588 -3.3781
Car -1 -1 -8.1306 866.4041 161.5500 900.9218 181.5378 1.6388 1.6995 3.8889 23.9092 0.0029 60.9094 -7.7629 -3.5322
Car -1 -1 -7.3200 657.2650 168.8159 703.6346 190.7108 1.4720 1.5690 3.7087 5.5715 0.6192 50.2498 -7.2150 -3.5711
Car -1 -1 -3.6497 910.5927 167.5974 1003.4344 201.6859 1.4729 1.6080 3.3394 15.7482 0.8725 31.9377 -3.1999 -3.7874
Car -1 -1 -4.3908 488.7378 166.6741 531.3574 192.7971 1.8681 1.8281 4.5828 -6.7656 0.8078 53.7924 -4.5202 -3.9393
Car -1 -1 -4.5439 425.9573 168.2443 447.4067 181.6738 1.3072 1.5367 3.5021 -16.3796 0.0166 71.7181 -4.7724 -3.9484
Car -1 -1 -8.3166 440.1382 170.1281 488.1866 193.9177 1.6708 1.7151 4.2764 -10.0892 0.8721 52.6681 -8.5099 -3.9658
Car -1 -1 -7.6988 642.3302 167.5723 666.9786 185.5434 1.6042 1.6630 4.2006 4.9827 0.3607 66.3553 -7.6290 -3.9697
Car -1 -1 -6.6423 378.6622 170.7236 445.5002 194.4532 1.6216 1.7532 4.2476 -13.4163 0.8852 51.0351 -6.9030 -4.0036
Car -1 -1 -4.9622 489.6074 167.4650 526.2793 188.2751 1.6880 1.8741 5.0293 -7.9565 0.5494 60.9505 -5.0963 -4.0206
Car -1 -1 -8.0017 875.2971 162.2667 910.3647 186.1286 1.6278 1.7102 4.0051 20.7084 0.3157 51.1474 -7.6236 -4.0968
Car -1 -1 -4.3559 444.2867 169.5054 488.3148 194.9862 1.5849 1.6226 3.7331 -8.7189 0.8389 46.6565 -4.5446 -4.1351
Car -1 -1 -7.5797 212.0432 171.4722 250.9510 193.4801 1.6830 1.7445 3.9896 -29.3088 0.9161 57.0641 -8.0572 -4.1398
Car -1 -1 -4.6481 495.3827 170.5328 521.3578 195.1068 1.6615 1.5932 3.6994 -6.4924 0.9200 50.4666 -4.7804 -4.1700
Car -1 -1 -5.2233 507.1472 168.4378 547.4214 187.0261 1.5632 1.6860 4.0960 -6.4624 0.4645 62.5664 -5.3307 -4.2396
Car -1 -1 -6.9136 690.9248 172.0237 770.5282 204.3734 1.5863 1.6763 3.7536 6.6210 1.1219 36.8079 -6.7419 -4.4632
Car -1 -1 -4.9042 966.8672 165.3717 1005.6523 189.9743 1.6293 1.6149 3.9129 26.5670 0.5612 49.6782 -4.4202 -4.5143
Car -1 -1 -4.5296 485.5669 169.2028 512.8082 185.2637 1.4524 1.8151 4.1300 -9.4707 0.3401 67.0567 -4.6742 -4.5590
Car -1 -1 -4.7740 506.0323 170.0548 527.4628 187.8945 1.6035 1.7070 4.0752 -7.8589 0.5745 66.7258 -4.8956 -4.5778
Car -1 -1 -4.1694 176.4164 168.0296 229.8204 189.4145 1.5412 1.6745 4.0126 -29.7442 0.5703 53.8035 -4.6771 -4.5810
Car -1 -1 -4.8642 388.0675 169.8020 419.4457 191.1662 1.6485 1.7502 4.5303 -15.9354 0.7457 57.8526 -5.1367 -4.6805
Car -1 -1 -5.6518 983.1378 164.8831 1053.3770 190.5159 1.5992 1.7058 3.6473 27.1159 0.5626 46.8305 -5.1342 -4.7055
Car -1 -1 -5.2906 689.6530 164.2310 736.8911 181.7764 1.5581 1.8937 4.9547 10.3175 0.0243 66.4385 -5.1419 -4.7213
Car -1 -1 -6.6026 437.5640 169.0772 490.3786 188.9429 1.5986 1.6582 3.9769 -11.3527 0.5988 59.5026 -6.7952 -4.7578
Car -1 -1 -4.8196 633.8006 167.7271 661.6595 189.9721 1.6739 1.7003 4.2708 3.6031 0.6374 56.2276 -4.7608 -4.7889
Car -1 -1 -5.2422 646.6391 163.3688 691.1477 186.7289 1.7839 1.6557 4.0993 5.3333 0.3992 57.0617 -5.1543 -4.8401
Car -1 -1 -3.9008 79.6683 162.5760 163.4763 187.4557 1.4847 1.7705 4.3716 -30.0741 0.3555 45.1946 -4.4901 -5.0095
Car -1 -1 -4.1626 0.0000 163.9521 17.0901 196.4900 1.4540 1.8074 4.4618 -30.4516 0.6701 34.4534 -4.8875 -5.0825
Car -1 -1 -4.7407 946.8297 160.0144 984.6938 191.4788 1.5349 1.5856 4.4679 18.9004 0.4870 37.4029 -4.2805 -5.0879
Car -1 -1 -6.0488 211.7126 180.6300 302.4691 213.7148 1.4295 1.4810 3.4121 -15.3444 1.3922 32.1211 -6.4964 -5.0925
Car -1 -1 -6.5804 819.5231 165.5366 897.3682 192.4818 1.5830 1.5950 4.1034 15.3658 0.6453 43.0774 -6.2446 -5.1330
Car -1 -1 -4.9821 659.6702 165.6357 695.4218 187.1498 1.7817 1.9448 4.3449 6.5263 0.4677 61.7955 -4.8821 -5.2567
Car -1 -1 -4.8410 219.6191 162.2810 251.8561 184.2350 1.5985 1.6927 3.7513 -27.6648 0.1991 54.3283 -5.3148 -5.4436
Car -1 -1 -4.7604 566.9768 169.7677 591.2733 193.6755 1.6568 1.5462 3.7493 -1.6232 0.8437 51.7120 -4.7965 -5.4676
Car -1 -1 -4.6302 529.7075 171.3087 557.9596 194.6872 1.5160 1.5591 4.7172 -3.8687 0.8552 48.9404 -4.7136 -5.5213
Car -1 -1 -6.8436 1237.0000 154.0674 1237.0000 341.3721 1.5934 1.7255 3.8380 9.6468 1.3607 7.5410 -5.9583 -5.5494
Car -1 -1 -2.3770 0.0000 180.0156 38.0993 317.5084 1.4891 1.7907 4.7208 -10.1210 1.4737 8.8568 -3.2197 -5.5622
Car -1 -1 -4.7474 634.0936 165.4997 658.4409 188.2916 1.8513 1.8517 4.9854 3.7824 0.5515 60.8588 -4.6904 -5.6126
Car -1 -1 -6.1944 612.5477 166.7517 681.8669 193.9135 1.7612 1.8330 4.4679 3.0822 0.8049 47.8128 -6.1353 -5.6434
Car -1 -1 -4.6519 722.3699 168.0863 741.4868 184.5468 1.4854 1.5678 3.2780 12.1525 0.2747 66.6003 -4.4770 -5.6512
Car -1 -1 -2.2190 0.0000 196.1194 41.1179 373.0000 1.3974 1.5727 4.1127 -5.9585 1.4989 4.1269 -3.1605 -5.6823
Car -1 -1 -4.4300 441.5656 167.5561 470.8893 185.9722 1.6821 1.6490 4.0990 -13.6124 0.4082 67.7210 -4.6325 -5.7045
Car -1 -1 -4.5585 0.0000 172.9027 0.0000 197.7596 1.5580 1.6899 4.0781 -41.1389 1.0192 47.1988 -5.2776 -5.8867
Car -1 -1 -4.5032 0.0000 176.4640 0.0000 202.7802 1.5626 1.6845 4.0921 -41.3531 1.2637 44.8425 -5.2501 -5.8867
Car -1 -1 -4.7052 409.8578 165.1025 430.1324 186.3661 1.7685 1.6409 4.2286 -15.6218 0.4045 61.9936 -4.9558 -5.9136
Car -1 -1 -4.9774 736.7299 163.1809 770.2783 188.7270 1.7110 1.4392 3.2984 10.5160 0.4840 49.8018 -4.7752 -5.9171
Car -1 -1 -5.8168 1237.0000 0.0000 1237.0000 373.0000 1.4307 1.6740 4.3991 5.4540 1.2875 2.7831 -4.7608 -6.0167
Car -1 -1 -7.3383 183.8158 170.3635 249.3497 198.6784 1.6387 1.6683 4.1966 -23.3108 0.9943 43.6901 -7.8309 -6.1766
Car -1 -1 -8.3352 987.0385 138.0491 1237.0000 373.0000 1.6069 1.7479 3.9826 3.2475 1.5358 3.3335 -7.6071 -6.1786
Car -1 -1 -6.9244 700.3760 163.9624 751.8225 183.0826 1.6279 1.6727 4.2973 10.9515 0.1345 62.8848 -6.7576 -6.2008
