Car -1 -1 -7.7131 583.4557 167.5315 608.9866 187.2135 1.6048 1.6421 3.9004 -0.3811 0.4657 60.6101 -7.7242 0.7383
Car -1 -1 -7.9181 619.8922 169.0228 641.0338 186.6785 1.5382 1.6475 3.5458 2.6076 0.4509 64.3784 -7.8826 0.5000
Car -1 -1 -5.4878 500.4925 170.9088 545.8211 188.7712 1.6028 1.7544 4.1517 -7.2257 0.6522 66.4455 -5.6005 -1.9725
Car -1 -1 -7.1469 719.8409 164.1590 759.0381 181.9911 1.6452 1.6406 3.7110 13.1304 0.0450 68.0775 -6.9619 -1.9841
Car -1 -1 -3.9296 348.6732 171.6066 413.5536 197.0675 1.5792 1.6727 4.0513 -14.2649 0.9656 46.7358 -4.2293 -2.4594
Car -1 -1 -8.0037 666.4177 168.9842 699.1166 193.1402 1.4905 1.5590 3.4737 5.1851 0.7183 46.0920 -7.8973 -2.5054
Car -1 -1 -5.0001 581.7495 175.9850 608.7338 190.3086 1.3821 1.6088 3.9482 -0.6048 0.8496 71.4374 -5.0134 -2.8979
Car -1 -1 -3.9692 130.5656 181.0052 222.3373 213.6984 1.4188 1.5832 3.6660 -19.5103 1.3976 33.1303 -4.5030 -2.9979
Car -1 -1 -4.3888 851.0430 157.1307 905.2561 189.0928 1.6771 1.7153 3.7438 15.3168 0.3986 39.6834 -4.0276 -3.1522
Car -1 -1 -7.6099 503.6060 168.0829 533.8196 188.9314 1.6254 1.6286 3.5253 -6.6055 0.5792 57.8543 -7.7279 -3.4849
Car -1 -1 -5.0539 513.0084 172.8725 557.2634 196.7271 1.5900 1.6868 4.3841 -4.6741 1.0149 50.2214 -5.1511 -3.5051
Car -1 -1 -4.7400 599.7441 175.0819 616.1867 189.2752 1.3808 1.5211 3.5893 0.6739 0.7561 71.6955 -4.7355 -3.5388
Car -1 -1 -4.1294 463.4123 169.4538 519.7304 195.0342 1.6617 1.6988 4.3426 -7.4200 0.8792 48.9919 -4.2839 -3.6566
Car -1 -1 -2.2664 387.8228 165.1616 430.1321 182.6718 1.5783 1.6431 3.9269 -17.8078 0.1054 66.5471 -2.5317 -3.7776
Car -1 -1 -3.0821 542.3248 172.2116 609.1270 196.4084 1.6190 1.7420 4.4645 -1.7052 0.9976 48.9801 -3.1217 -3.8578
Car -1 -1 -3.1502 849.4456 151.9999 938.3280 179.9590 1.7209 1.8535 5.1957 18.7454 -0.1030 46.2171 -2.7716 -3.8613
Car -1 -1 -4.8546 634.5388 173.2138 655.5701 189.1372 1.5114 1.5323 3.5886 4.2677 0.7246 70.0370 -4.7988 -4.2852
Car -1 -1 -7.9123 361.8722 163.9123 386.9979 185.8603 1.7183 1.7083 3.8206 -18.4351 0.3412 58.3283 -8.2219 -4.3998
Car -1 -1 -6.6467 331.3259 166.9460 395.9145 192.4420 1.8742 1.7941 4.3303 -18.1173 0.8043 54.8707 -6.9691 -4.4324
Car -1 -1 -6.1799 885.9492 156.4750 974.1408 185.6957 1.6262 1.7233 4.5282 19.1229 0.2336 41.8567 -5.7586 -4.4683
Car -1 -1 -4.1044 388.2439 170.8158 438.8412 195.8215 1.6567 1.5945 3.6388 -12.9058 0.9488 49.5727 -4.3627 -4.5417
Car -1 -1 -4.4855 383.1023 171.6927 417.9409 194.2633 1.6280 1.6613 4.0572 -15.0035 0.9206 53.8808 -4.7607 -4.5666
Car -1 -1 -4.5076 571.7153 166.7441 602.7289 189.2773 1.7153 1.6525 4.2201 -1.0635 0.5919 56.9067 -4.5311 -4.5882
Car -1 -1 -7.9254 879.3835 161.4909 910.0059 185.5809 1.6794 1.7401 4.1219 21.3203 0.2845 52.3053 -7.5450 -4.6692
Car -1 -1 -4.7679 597.1641 174.9401 615.3886 190.6817 1.4650 1.5543 2.9794 0.4802 0.8542 68.3832 -4.7658 -4.6961
Car -1 -1 -8.1669 817.8351 161.8738 871.1356 191.7805 1.5910 1.6160 4.0850 13.5433 0.5471 40.2614 -7.8493 -4.7248
Car -1 -1 -4.7608 657.3747 167.9915 680.4403 188.7233 1.5601 1.5781 3.8861 5.2508 0.5435 56.0300 -4.6727 -4.7499
Car -1 -1 -8.1475 890.9727 165.3351 966.0605 203.4737 1.4960 1.6744 4.2898 13.7113 0.8623 30.4075 -7.7321 -4.7868
Car -1 -1 -4.9542 528.7282 172.4772 554.0325 188.0525 1.4890 1.6170 3.7312 -5.8962 0.6261 70.7004 -5.0420 -4.8088
Car -1 -1 -7.7904 428.0966 171.4750 447.0156 185.9101 1.3982 1.6110 3.9296 -16.2758 0.4268 71.6476 -8.0178 -4.8339
Car -1 -1 -4.3829 477.7789 172.2810 510.5869 189.7416 1.4863 1.7698 3.6798 -9.3554 0.7013 63.1124 -4.5344 -4.9370
Car -1 -1 -4.9972 927.2091 150.4805 978.3340 181.2369 1.8247 1.8036 3.9009 21.8046 -0.0171 44.7253 -4.5507 -4.9990
Car -1 -1 -8.1438 1004.3008 159.4500 1054.2662 185.7249 1.6876 1.7581 4.0941 28.7214 0.2714 48.3358 -7.6149 -5.0339
Car -1 -1 -3.3734 458.6636 171.2991 512.0256 189.5196 1.6475 1.7500 4.6065 -10.7327 0.7248 66.6467 -3.5374 -5.0709
Car -1 -1 -4.5901 887.2407 161.1512 925.9559 194.4032 1.7133 1.5239 3.6725 16.5896 0.6650 38.9857 -4.1951 -5.0798
Car -1 -1 -4.5750 362.1230 168.4949 404.4955 198.8612 1.4798 1.5695 4.0357 -11.2179 0.8463 37.1227 -4.8714 -5.0803
Car -1 -1 -5.0120 350.8705 166.6316 395.5975 192.2938 1.7971 1.8678 4.4824 -16.7595 0.7558 52.6748 -5.3235 -5.2461
Car -1 -1 -4.3527 437.7061 171.7252 462.9105 185.1987 1.3092 1.4452 3.1632 -14.9688 0.3590 71.4713 -4.5633 -5.2576
Car -1 -1 -5.1315 733.6328 164.3341 775.2923 188.2389 1.7204 1.6942 3.6226 11.3986 0.4849 53.6470 -4.9280 -5.4884
Car -1 -1 -2.5120 0.0000 194.8520 5.0813 339.8904 1.4785 1.5897 4.0682 -10.1485 1.6647 8.7656 -3.3612 -5.6160
Car -1 -1 -4.9586 567.5098 168.8924 604.8598 193.2681 1.7289 1.6893 4.5478 -1.1683 0.8347 53.3683 -4.9853 -5.6293
Car -1 -1 -2.2208 0.0000 196.4364 38.8029 373.0000 1.4003 1.5638 4.0804 -5.9568 1.5040 4.1281 -3.1621 -5.6878
Car -1 -1 -8.9127 0.0000 0.0000 1228.7776 373.0000 1.5382 1.5869 3.8022 1.9202 1.5643 1.0228 -7.9392 -5.8867
Car -1 -1 -8.1635 0.0000 0.0000 841.0305 373.0000 1.5359 1.5859 3.8015 0.3123 1.5737 1.0311 -7.9392 -5.8867
Car -1 -1 -5.9030 1237.0000 168.0108 1237.0000 373.0000 1.5183 1.6084 3.9622 7.3999 1.5092 2.5208 -4.6973 -5.8867
Car -1 -1 -4.8440 688.3136 170.8359 709.5699 188.1288 1.6113 1.5356 3.5819 9.3405 0.6173 68.7258 -4.7144 -5.9256
Car -1 -1 -7.3895 33.1301 187.3653 251.2937 303.4635 1.4072 1.3436 3.2580 -6.5401 1.5078 10.5564 -7.9388 -7.6091
