Car -1 -1 -4.2780 163.8823 188.6061 379.4248 297.1353 1.4251 1.6646 3.8218 -5.0937 1.5597 11.6148 -4.6887 8.1789
Car -1 -1 -7.4546 0.0000 178.5436 61.0963 203.5869 1.4409 1.6064 3.8812 -34.4710 1.2709 43.4159 -8.1277 0.8307
Car -1 -1 -7.8215 625.8467 168.9635 643.8628 185.2921 1.5296 1.6358 3.6362 3.2786 0.3549 69.1660 -7.7792 0.7005
Car -1 -1 -7.7167 592.0373 167.9792 614.1778 184.1980 1.4810 1.6099 3.6897 0.2201 0.2461 67.5316 -7.7182 -0.6509
Car -1 -1 -7.8113 30.4851 178.4794 68.1506 205.4656 1.5133 1.6064 3.8151 -32.4615 1.3440 42.3028 -8.4678 -0.7087
Car -1 -1 -3.9415 101.8773 176.9178 191.8498 209.3091 1.5979 1.6335 4.0325 -23.6743 1.3721 37.5784 -4.5055 -2.0706
Car -1 -1 -4.7160 656.7424 171.0031 678.4623 191.0225 1.5195 1.6436 4.0645 5.2133 0.7227 56.6163 -4.6295 -2.2285
Car -1 -1 -4.2276 103.4603 181.5959 175.1321 213.7280 1.4480 1.4544 3.3941 -21.8846 1.4530 34.1337 -4.7993 -2.6017
Car -1 -1 -1.8501 0.0000 172.1248 39.4840 204.9518 1.7550 1.6978 3.9350 -33.2476 1.2540 40.2139 -2.5427 -3.0685
Car -1 -1 -8.0773 249.6031 169.1248 288.6245 192.7853 1.6575 1.6772 4.2348 -24.3086 0.7905 52.5080 -8.5139 -3.0720
Car -1 -1 -7.9899 430.8499 169.7432 453.2648 187.2794 1.6709 1.6399 3.7237 -15.6184 0.5503 70.4748 -8.2121 -3.1225
Car -1 -1 -4.6750 810.9576 157.0396 839.2905 182.8028 1.7540 1.7984 4.2656 15.9951 0.0887 51.2156 -4.3786 -3.1582
Car -1 -1 -8.0812 413.8736 170.8916 443.0112 189.4193 1.5783 1.6586 3.8285 -15.2346 0.6744 63.2732 -8.3214 -3.1672
Car -1 -1 -4.9239 364.3523 165.2375 395.9433 186.9513 1.6537 1.6299 3.6913 -17.4776 0.4151 56.7161 -5.2264 -3.5538
Car -1 -1 -4.6683 241.5645 174.9962 280.1075 207.1382 1.5976 1.6663 4.2833 -17.9632 1.2745 38.0010 -5.1123 -3.5904
Car -1 -1 -4.4058 533.2449 169.8103 560.8379 187.1363 1.5999 1.5927 3.6894 -5.1037 0.5201 68.3067 -4.4849 -3.6045
Car -1 -1 -4.2975 690.0253 173.2014 729.3187 189.5914 1.5312 1.8862 5.1365 10.6009 0.7556 69.7875 -4.1523 -3.6156
Car -1 -1 -5.3220 0.0000 183.2150 48.7813 216.6580 1.4630 1.5744 3.3194 -27.2607 1.5443 32.7414 -6.0174 -3.7033
Car -1 -1 -5.4418 648.9077 169.6454 692.3190 187.9216 1.5341 1.6840 3.7214 5.9977 0.5388 62.2916 -5.3511 -3.9061
Car -1 -1 -6.3039 560.2462 174.7314 614.8825 198.1629 1.6518 1.6851 3.8591 -1.0022 1.1746 51.5689 -6.3282 -3.9182
Car -1 -1 -7.6610 93.0809 166.4525 142.3269 196.5646 1.8175 1.7748 4.5460 -30.7512 0.9094 45.7964 -8.2545 -3.9642
Car -1 -1 -6.5132 675.9901 170.6978 739.3524 196.0650 1.6062 1.6638 3.7692 6.8508 0.9223 46.4809 -6.3727 -4.1315
Car -1 -1 -4.7137 641.9936 171.3278 657.6649 185.3646 1.3584 1.5141 3.4903 4.8321 0.3736 71.3055 -4.6511 -4.1616
Car -1 -1 -8.5629 853.3333 171.2874 926.1427 201.4207 1.6554 1.6498 4.0605 16.6322 1.0945 41.6516 -8.1902 -4.2053
Car -1 -1 -4.7384 132.8759 168.3631 165.4319 194.9413 1.6507 1.6764 3.9552 -29.4394 0.8349 46.7245 -5.3030 -4.2923
Car -1 -1 -3.0388 378.0434 174.8120 454.5543 205.9178 1.4975 1.5571 3.5381 -9.1351 1.1758 35.6196 -3.2931 -4.3624
Car -1 -1 -8.0698 825.4917 165.9636 855.3860 183.9340 1.5029 1.6765 3.6626 20.6109 0.2034 61.9809 -7.7549 -4.4122
Car -1 -1 -4.1504 531.3377 170.8951 569.2764 188.7430 1.5194 1.6026 3.7229 -4.4327 0.6164 63.1707 -4.2251 -4.4493
Car -1 -1 -7.9311 280.6124 166.3672 318.2333 199.2821 1.6926 1.5940 3.5497 -16.3845 0.9146 38.8825 -8.3324 -4.5776
Car -1 -1 -4.7557 538.5290 174.5111 564.1362 195.6084 1.4829 1.6526 4.6200 -3.7126 0.9917 52.8837 -4.8304 -4.6522
Car -1 -1 -5.0640 715.3223 167.8998 761.9447 196.0108 1.6707 1.6264 3.7611 8.4816 0.8625 44.6829 -4.8825 -4.7680
Car -1 -1 -6.8392 768.9960 171.2272 848.1926 204.8151 1.5099 1.5594 3.2103 9.6281 1.0484 33.4890 -6.5664 -4.8497
Car -1 -1 -5.0177 572.9030 172.9507 609.2493 193.9335 1.5915 1.6234 4.3264 -0.8436 0.9430 56.7943 -5.0375 -4.9211
Car -1 -1 -4.7825 251.3383 183.0718 348.3553 256.0433 1.3717 1.6515 4.1784 -6.7867 1.4117 15.8339 -5.1868 -5.1436
Car -1 -1 -5.2859 634.2280 169.9892 673.6053 188.4713 1.5372 1.6857 3.5828 4.5054 0.5796 61.7195 -5.2182 -5.2981
Car -1 -1 -6.3354 671.6486 167.1644 732.8159 190.3382 1.7168 1.8108 4.4780 7.5906 0.6547 54.3016 -6.2021 -5.3365
Car -1 -1 -5.2366 859.2914 170.2174 926.3533 200.4051 1.5387 1.6361 3.7881 15.5733 0.9638 38.6075 -4.8605 -5.7028
Car -1 -1 -5.2254 892.2921 169.5447 956.4138 198.9421 1.4965 1.6413 3.3973 17.1565 0.8881 38.3382 -4.8121 -5.7864
Car -1 -1 -4.5007 0.0000 179.2362 0.0000 204.2179 1.4720 1.6479 4.0341 -41.4298 1.3387 44.4810 -5.2526 -5.8867
Car -1 -1 -8.7690 1221.1031 132.6751 1237.0000 174.0049 1.6431 1.7265 3.8861 29.7449 -0.3485 31.3650 -8.0191 -6.1030
Car -1 -1 -8.6473 963.6296 121.7978 1237.0000 373.0000 1.6536 1.7790 4.2474 3.4851 1.5708 3.1294 -7.8547 -6.1605
Car -1 -1 -3.8302 655.8035 168.3672 708.1271 187.8865 1.7803 1.8270 4.8467 7.6368 0.5822 67.6105 -3.7230 -6.1816
Car -1 -1 -5.9425 0.0000 188.7638 17.9627 373.0000 1.7730 1.7978 4.3919 -9.1346 1.8688 7.5274 -6.8129 -6.2232
Car -1 -1 -4.6559 400.0759 171.6105 424.0393 195.2850 1.5880 1.4334 3.5156 -13.1529 0.9247 50.0501 -4.9166 -6.6811
Car -1 -1 -6.4565 835.9383 152.9676 918.1349 180.4897 1.8953 1.8487 5.1922 19.4834 -0.0737 50.9570 -6.0978 -7.0891
