Car -1 -1 -7.6598 564.7293 167.9962 598.7120 191.4517 1.5461 1.6347 3.8893 -1.3036 0.6560 49.4007 -7.6910 1.8150
Car -1 -1 -7.9392 612.1941 166.8782 637.0027 186.6671 1.5143 1.6228 3.7974 1.8242 0.3953 56.9118 -7.9122 1.3486
Car -1 -1 -6.8432 585.0058 169.1773 637.5065 187.6204 1.5032 1.6894 4.1518 0.8645 0.4987 60.3523 -6.8338 -0.4914
Car -1 -1 -4.7871 736.9752 158.9767 766.5782 182.8895 1.6831 1.7955 4.0705 10.9989 0.0978 52.6923 -4.5872 -0.9238
Car -1 -1 -4.9595 717.2351 158.5868 747.5700 182.3561 2.1217 1.7341 4.2785 12.0816 0.0762 66.3156 -4.7848 -2.4208
Car -1 -1 -8.1064 437.1919 168.1968 467.5539 186.2165 1.6130 1.7143 4.3145 -13.8208 0.4219 66.6140 -8.3150 -2.5675
Car -1 -1 -4.3431 421.8434 166.5185 455.7193 185.2305 1.6096 1.7321 3.6821 -14.3612 0.3207 63.7371 -4.5686 -2.6748
Car -1 -1 -7.8656 442.8212 168.0759 461.0954 184.3465 1.5676 1.7101 4.0923 -14.8371 0.2739 71.3935 -8.0746 -2.8844
Car -1 -1 -7.2411 1188.9841 155.2184 1237.0000 193.2216 1.6901 1.7100 4.1028 29.6711 0.5216 33.2613 -6.5215 -3.0472
Car -1 -1 -7.6922 530.9509 167.4586 552.9106 183.6609 1.5170 1.5716 3.5387 -5.6576 0.2020 69.0793 -7.7784 -3.3554
Car -1 -1 -7.9150 482.2086 166.8972 503.9065 184.1528 1.4657 1.6484 3.5303 -9.4861 0.2251 62.9165 -8.0689 -3.3886
Car -1 -1 -5.1702 1000.4859 157.6009 1067.2404 186.6576 1.5228 1.6566 3.6962 23.7164 0.2705 39.5512 -4.6378 -3.4777
Car -1 -1 -8.2136 565.2287 167.8022 601.1903 186.8284 1.5477 1.6572 4.1605 -1.5533 0.4333 60.6742 -8.2439 -3.5444
Car -1 -1 -4.8399 1111.2035 153.4519 1181.7455 198.7053 1.5861 1.6045 3.8593 20.5548 0.6035 27.2539 -4.2033 -3.6284
Car -1 -1 -4.4876 454.7253 170.0226 481.5870 185.5898 1.4985 1.7497 4.1813 -13.1433 0.3934 71.2713 -4.6741 -3.8499
Car -1 -1 -7.8564 278.1128 167.3477 305.9298 192.6005 1.5977 1.6289 3.7638 -20.4594 0.7024 47.4989 -8.2660 -3.9185
Car -1 -1 -6.7311 663.3574 164.3854 716.5811 183.7910 1.5934 1.7641 4.0871 7.4739 0.1879 60.4800 -6.6135 -4.0262
Car -1 -1 -7.5030 1147.7457 162.2651 1221.3651 191.6201 1.4578 1.7312 4.0182 30.4144 0.5028 37.4569 -6.8293 -4.0867
Car -1 -1 -5.5863 405.7531 167.3972 469.9073 189.8172 1.5681 1.7075 4.4689 -11.8438 0.5817 52.0139 -5.8140 -4.2447
Car -1 -1 -7.8682 417.5284 167.8610 452.7153 201.6398 1.4956 1.5274 3.4470 -7.8375 0.8920 33.6621 -8.1002 -4.3120
Car -1 -1 -8.3078 933.7932 152.6792 991.1876 177.4691 1.5487 1.7935 3.9988 23.8189 -0.2780 47.5335 -7.8503 -4.3645
Car -1 -1 -2.8281 516.0782 168.0281 584.2906 193.4138 1.7257 1.6541 4.4602 -3.5546 0.8099 50.1623 -2.9034 -4.3805
Car -1 -1 -4.8302 658.8024 164.8876 684.7657 183.0522 1.4215 1.6660 3.4759 5.6689 0.1213 57.9723 -4.7379 -4.4105
Car -1 -1 -8.2624 1153.0853 163.1919 1236.0096 196.0827 1.4418 1.6163 3.6816 27.5138 0.6395 33.4778 -7.5833 -4.4813
Car -1 -1 -4.7245 453.3781 165.1048 477.8243 187.5628 1.5824 1.6927 4.3341 -10.0226 0.4271 52.9069 -4.9157 -4.5182
Car -1 -1 -4.1918 382.0681 168.8113 431.2420 189.8703 1.4891 1.6955 4.1050 -14.2939 0.5919 52.9952 -4.4589 -4.5653
Car -1 -1 -4.7463 236.8437 161.9116 266.8838 187.5764 1.7143 1.7340 4.0801 -24.4428 0.4059 50.1905 -5.2023 -4.6566
Car -1 -1 -2.5355 340.2513 165.6074 445.5954 205.6410 1.7326 1.7404 4.3774 -9.4687 1.0451 32.6048 -2.8210 -4.6918
Car -1 -1 -4.6981 757.2156 162.7496 781.9948 189.0143 1.6238 1.4971 4.2759 10.9433 0.4646 46.6639 -4.4738 -4.7219
Car -1 -1 -8.1463 424.0659 164.5931 471.7682 195.4383 1.6810 1.5883 3.9531 -8.8643 0.7598 41.2602 -8.3615 -4.7846
Car -1 -1 -4.7589 427.3195 168.7134 448.2889 186.6664 1.6976 1.7725 4.4883 -16.0073 0.4882 70.3264 -4.9867 -4.9491
Car -1 -1 -7.9924 515.4620 166.6105 538.5090 183.9421 1.6204 1.6251 4.2266 -7.1842 0.2280 69.4086 -8.1000 -5.0930
Car -1 -1 -4.4337 122.1318 170.4426 188.8367 206.1730 1.5582 1.6972 3.6354 -20.5991 1.0763 33.3074 -4.9890 -5.2900
Car -1 -1 -2.4706 391.5505 169.0410 442.0306 187.3522 1.6812 1.7092 4.5147 -17.3565 0.5370 67.6474 -2.7257 -5.3359
Car -1 -1 -5.8551 0.0000 188.0801 18.7076 316.6246 1.5825 1.7928 3.9671 -11.4096 1.6945 10.5847 -6.6712 -5.4018
Car -1 -1 -4.4717 470.6205 170.9430 494.0314 186.0095 1.4599 1.5358 3.4305 -11.7652 0.4366 71.3705 -4.6393 -5.4322
Car -1 -1 -4.8380 598.4807 166.6002 631.3313 193.9063 1.7420 1.6113 4.5726 0.8620 0.7915 48.1897 -4.8252 -5.4921
Car -1 -1 -5.9982 693.0352 162.2765 742.2777 184.8489 1.6895 1.6432 3.4170 8.9558 0.2506 55.2361 -5.8430 -5.6163
Car -1 -1 -4.5179 1204.4418 152.9662 1237.0000 180.4597 1.7134 1.8090 4.0076 41.0396 -0.0707 46.8627 -3.8063 -5.6426
Car -1 -1 -2.2255 0.0000 196.1879 38.8447 373.0000 1.4045 1.5668 4.0932 -5.9722 1.5068 4.1332 -3.1674 -5.6796
Car -1 -1 -4.8570 404.7919 168.1226 437.6120 192.4122 1.6342 1.6430 4.1212 -12.7074 0.7342 50.5484 -5.1070 -5.7352
Car -1 -1 -6.6458 884.6320 141.4209 1013.1810 187.0268 1.9962 1.8294 4.9106 15.6282 0.2422 32.5424 -6.2061 -5.7740
Car -1 -1 -6.6580 762.3252 152.9095 823.1558 174.9929 1.6958 1.7041 4.3333 15.1554 -0.5258 56.9217 -6.4036 -5.7814
Car -1 -1 -9.1922 0.0000 0.0000 1237.0000 373.0000 1.5253 1.5865 3.7997 3.9171 1.4924 1.0038 -7.9398 -5.8867
Car -1 -1 -8.1122 870.2330 168.7135 1237.0000 373.0000 1.4939 1.6917 3.7509 1.9504 1.4828 2.7149 -7.5395 -6.0488
Car -1 -1 -4.1701 654.3659 163.5478 696.3465 183.9452 1.7950 1.7453 4.5182 6.8165 0.2149 65.5480 -4.0717 -6.0775
