Car -1 -1 -4.5217 208.2987 180.5518 241.3815 200.9190 1.4865 1.5635 3.6746 -28.4634 1.4172 54.4125 -5.0067 0.6182
Car -1 -1 -4.1292 0.0000 181.9071 78.6798 209.3006 1.6325 1.7026 4.5564 -35.2647 1.6595 45.2171 -4.7937 0.4116
Car -1 -1 -5.3201 366.6848 176.4891 414.9095 196.3777 1.5198 1.6320 4.0425 -16.6533 1.1368 56.7917 -5.6091 -0.0709
Car -1 -1 -5.2019 222.9345 172.3133 272.0965 195.7313 1.6739 1.7204 3.6893 -26.1692 1.0172 53.1198 -5.6626 -0.4093
Car -1 -1 -4.5182 289.9409 161.6732 323.6341 184.5688 1.7273 1.7004 4.0996 -23.0505 0.2314 56.3693 -4.9095 -0.5534
Car -1 -1 -4.5261 8.8930 173.6720 81.1481 212.5952 1.5290 1.6848 4.1381 -23.4873 1.2219 30.4441 -5.1841 -1.1182
Car -1 -1 -6.0797 1142.1185 159.1064 1237.0000 195.4721 1.5591 1.6530 3.9729 27.3833 0.5993 32.8599 -5.3938 -1.5118
Car -1 -1 -4.6301 224.9538 180.0240 250.7778 199.2450 1.5565 1.6294 3.9565 -30.4593 1.4368 60.3081 -5.1010 -1.7327
Car -1 -1 -7.5118 1118.6527 153.4908 1225.3994 204.3362 1.4888 1.5461 3.6109 17.9909 0.6691 22.6559 -6.8513 -2.0653
Car -1 -1 -3.5479 0.0000 183.4354 66.7887 217.8571 1.6314 1.6874 4.2139 -30.0370 1.7362 36.5574 -4.2373 -2.1324
Car -1 -1 -3.8279 0.0000 184.2867 57.2470 210.7217 1.6589 1.7153 4.0978 -38.7757 1.8524 47.7137 -4.5127 -2.3685
Car -1 -1 -4.7394 466.0073 178.3144 483.3664 193.7780 1.4694 1.5548 3.5794 -12.3600 1.1663 70.1682 -4.9181 -2.3828
Car -1 -1 -7.9280 1180.2787 162.3974 1237.0000 202.3761 1.5531 1.6982 4.5400 25.6193 0.8114 30.2478 -7.2345 -2.3852
Car -1 -1 -4.7302 1131.2924 160.1821 1167.1561 186.5752 1.5905 1.6907 4.2731 34.6585 0.3059 45.5161 -4.0870 -2.9320
Car -1 -1 -4.5104 409.4436 175.4103 437.3124 193.2081 1.5209 1.6305 4.0263 -15.6530 1.0003 63.4318 -4.7563 -3.0901
Car -1 -1 -6.4188 554.5277 174.7115 611.1173 197.2931 1.5631 1.6652 3.8082 -1.3257 1.0932 50.8614 -6.4497 -3.1593
Car -1 -1 -7.4272 146.3552 175.8660 280.9791 245.1362 1.5464 1.5632 3.6669 -9.5304 1.4212 17.9144 -7.9153 -3.2726
Car -1 -1 -3.1980 1007.1727 149.6795 1134.1577 199.4596 1.6967 1.6545 3.7546 16.8936 0.6125 26.1201 -2.6334 -3.5213
Car -1 -1 -8.3074 694.5537 169.2817 728.0634 185.2582 1.5205 1.6433 4.0055 10.7889 0.3573 70.5229 -8.1610 -3.5846
Car -1 -1 -4.9317 754.8408 165.9812 801.6146 197.4843 1.6358 1.6220 3.9871 9.6036 0.8302 39.3050 -4.6986 -3.8754
Car -1 -1 -4.7447 0.0000 190.8677 38.5892 218.8746 1.4268 1.5723 3.7493 -32.3216 1.9713 39.8147 -5.4284 -3.8852
Car -1 -1 -4.2057 33.1318 182.0387 112.4854 210.7553 1.4950 1.6489 4.3235 -29.1158 1.5266 39.7278 -4.8401 -3.9150
Car -1 -1 -4.6286 152.3259 179.8854 185.2158 204.2145 1.5168 1.5600 3.4171 -28.0565 1.4162 46.6623 -5.1725 -4.0609
Car -1 -1 -4.8308 500.5149 178.6215 521.7885 193.5717 1.4474 1.6353 3.9000 -8.9864 1.1684 71.6374 -4.9601 -4.1294
Car -1 -1 -4.5901 537.1279 176.8117 556.8245 191.6363 1.4459 1.5552 3.6085 -5.3839 0.9883 71.8996 -4.6695 -4.1971
Car -1 -1 -8.0490 1172.1571 154.5543 1218.9882 179.0514 1.5150 1.6424 3.6625 38.6739 -0.1665 46.8296 -7.3662 -4.4500
Car -1 -1 -3.7032 622.4131 170.9038 686.5569 195.6327 1.5288 1.6160 3.8306 3.4129 0.8738 46.0266 -3.6346 -4.4770
Car -1 -1 -3.2815 1075.8650 161.5718 1207.2242 201.1330 1.5719 1.6618 4.2164 22.5832 0.7804 30.2691 -2.6496 -4.5335
Car -1 -1 -8.0145 44.2021 174.6366 104.6648 211.4994 1.7723 1.7538 4.7145 -27.0585 1.4426 36.8123 -8.6500 -4.6905
Car -1 -1 -7.5435 0.0000 182.9100 36.0912 209.8806 1.5865 1.6787 4.3814 -37.0921 1.6791 44.8430 -8.2367 -4.8182
Car -1 -1 -4.7182 55.8257 181.8260 89.0837 207.5813 1.5355 1.6178 3.9971 -33.1183 1.5569 44.9627 -5.3553 -4.8252
Car -1 -1 -4.0115 0.0000 190.4086 65.6766 234.4730 1.3079 1.6074 3.6911 -20.0467 1.6278 23.9164 -4.7088 -4.9143
Car -1 -1 -6.8617 1167.9065 155.5363 1237.0000 194.0935 1.8861 1.6819 4.0754 31.3378 0.6163 36.2288 -6.1571 -5.0071
Car -1 -1 -4.7857 664.8265 169.5107 693.7700 195.9570 1.7609 1.6706 4.1355 5.3796 0.9626 49.9197 -4.6839 -5.1429
Car -1 -1 -6.0462 1051.7368 168.1462 1209.8383 225.8501 1.4238 1.4653 3.1935 14.1903 1.0948 19.4106 -5.4265 -5.1563
Car -1 -1 -4.8250 596.0136 176.4271 619.4714 194.8963 1.4878 1.5311 3.6266 0.5216 1.0790 59.7517 -4.8212 -5.1980
Car -1 -1 -4.8238 419.6571 176.5660 442.1053 193.0170 1.5732 1.6848 4.1572 -16.8267 1.1010 70.9348 -5.0609 -5.3863
Car -1 -1 -4.6949 963.7579 163.2980 1001.8654 196.3716 1.5036 1.5465 3.7783 18.4114 0.6763 34.6854 -4.2150 -5.6082
Car -1 -1 -4.6702 935.0486 162.3610 964.3113 190.7737 1.7340 1.5589 3.3820 22.1816 0.5660 45.6977 -4.2255 -5.6085
Car -1 -1 -7.6812 1101.8679 158.2673 1158.3390 192.2245 1.6942 1.7153 4.3452 27.9719 0.5353 37.9682 -7.0545 -5.8325
Car -1 -1 -6.9673 1193.2424 154.2324 1237.0000 183.1952 1.6798 1.5762 4.0609 37.7391 0.0984 42.5191 -6.2493 -5.8334
Car -1 -1 -4.5799 11.3144 181.1980 49.0194 202.1568 1.4579 1.6360 4.0163 -41.3724 1.4369 52.1115 -5.2535 -5.8867
Car -1 -1 -4.5401 0.0000 184.6597 0.0000 209.9407 1.4827 1.6542 4.0979 -41.2263 1.6896 44.8410 -5.2857 -5.8867
Car -1 -1 -4.4585 0.0000 184.5068 0.0000 212.8923 1.5114 1.6474 4.0095 -41.4242 1.6915 40.8442 -5.2527 -5.8867
Car -1 -1 -8.1193 998.3282 157.5357 1045.7886 181.5477 1.7356 1.8243 4.9966 31.8840 0.0034 54.5705 -7.5974 -6.4775
