Car -1 -1 -7.6635 414.1944 183.5697 523.6560 264.3560 1.4256 1.5405 3.4544 -2.5848 1.4729 14.5006 -7.8423 6.9768
Car -1 -1 -7.7580 530.0999 173.9039 581.4222 218.1120 1.6253 1.6797 3.8023 -1.7553 1.3464 28.3344 -7.8244 6.2297
Car -1 -1 -7.8656 588.6478 174.9954 644.4572 228.6883 1.5622 1.6238 4.4854 0.4097 1.3734 23.1429 -7.8533 5.5317
Car -1 -1 -7.3461 0.0000 195.9637 414.4502 373.0000 1.4821 1.5943 4.0533 -2.6168 1.6179 4.6695 -7.8405 5.0508
Car -1 -1 -4.4964 418.6197 172.5907 486.3871 217.3224 1.6322 1.7808 4.1110 -5.7866 1.3075 28.2756 -4.7016 4.8291
Car -1 -1 -4.5304 483.8239 178.0234 526.9276 205.9254 1.5145 1.6988 4.4142 -5.4512 1.3260 41.2361 -4.6660 3.6251
Car -1 -1 -2.9435 520.1000 174.7677 596.2330 200.1551 1.6519 1.7838 4.8205 -2.8504 1.2139 47.9471 -3.0075 1.3294
Car -1 -1 -7.9489 606.3037 177.2034 642.2897 204.1937 1.4488 1.6349 3.9533 1.2409 1.2183 40.5875 -7.9236 0.5526
Car -1 -1 -7.6106 589.4903 172.4341 618.0983 189.8929 1.4687 1.6093 3.9281 0.2686 0.7058 62.5290 -7.6112 -0.0066
Car -1 -1 -2.3385 249.7961 173.4404 299.7889 192.1512 1.5126 1.6622 3.7017 -27.0367 0.8609 59.5196 -2.7681 -0.8156
Car -1 -1 -7.1342 1105.8906 162.0870 1192.2656 192.3831 1.5442 1.6026 3.6736 28.7706 0.5549 37.7790 -6.4916 -0.9264
Car -1 -1 -7.9774 302.8399 177.4969 335.4078 202.0404 1.5475 1.5693 3.4014 -18.5529 1.2951 47.1603 -8.3553 -2.0206
Car -1 -1 -4.5712 577.8611 178.7073 617.5491 207.4127 1.4424 1.6000 3.8390 -0.1547 1.3023 38.1029 -4.5803 -2.0530
Car -1 -1 -4.5195 540.2556 173.9340 583.3289 206.3102 1.5368 1.5306 3.4640 -1.9433 1.1779 35.9156 -4.5783 -2.1004
Car -1 -1 -4.1908 54.1769 171.6140 115.5860 196.4075 1.4932 1.6548 3.4074 -32.3107 0.8979 45.0431 -4.8152 -2.5799
Car -1 -1 -5.1486 642.1548 174.0132 689.1427 197.1379 1.5510 1.7273 4.0070 4.4614 1.0489 50.3595 -5.0656 -2.7188
Car -1 -1 -4.6320 366.4522 176.8593 392.0286 198.1177 1.6557 1.6694 4.1191 -17.9217 1.2941 58.1390 -4.9348 -3.0702
Car -1 -1 -4.7230 102.7463 166.8306 136.6040 195.0430 1.6829 1.6976 4.3383 -30.2807 0.8080 45.1181 -5.3163 -3.0801
Car -1 -1 -4.8045 399.9570 178.0243 433.8555 204.1781 1.5194 1.6120 4.1494 -11.3295 1.3176 43.9576 -5.0604 -3.4076
Car -1 -1 -4.4486 572.9507 177.2007 599.4359 192.6830 1.4843 1.6429 4.0286 -1.4329 1.0718 71.0189 -4.4737 -3.5769
Car -1 -1 -5.0249 553.2025 177.1396 581.9370 192.6903 1.4888 1.6662 3.9971 -3.3342 1.0710 70.9348 -5.0767 -3.7378
Car -1 -1 -4.8047 461.7857 176.8523 489.9633 198.9852 1.5269 1.6194 3.9309 -9.0508 1.2063 51.6672 -4.9822 -3.7634
Car -1 -1 -4.5649 575.3290 178.8932 603.4629 199.7484 1.3964 1.4655 3.5740 -0.7937 1.2219 49.9629 -4.5857 -3.8841
Car -1 -1 -7.9029 658.4094 172.3096 676.3568 188.7583 1.5727 1.5757 3.1745 6.4738 0.6936 70.2958 -7.8163 -3.9405
Car -1 -1 -4.9509 368.1111 176.6555 403.2518 200.8894 1.7535 1.6060 4.0539 -16.2740 1.4029 54.1303 -5.2467 -3.9495
Car -1 -1 -4.4929 483.1333 176.3558 517.5465 198.4660 1.5268 1.6178 4.0930 -7.2160 1.1715 51.7054 -4.6359 -3.9928
Car -1 -1 -4.7422 696.8974 174.8456 715.8432 191.1396 1.5368 1.6753 4.0680 10.2181 0.9089 69.8667 -4.6025 -3.9998
Car -1 -1 -6.4600 479.7283 179.1134 542.5812 201.8955 1.5326 1.6500 4.0861 -6.2467 1.3721 49.7272 -6.5894 -4.1954
Car -1 -1 -4.7801 577.4518 178.5762 624.9465 215.0482 1.4584 1.6968 4.7915 -0.1036 1.3419 31.1779 -4.7885 -4.2417
Car -1 -1 -3.2076 712.6930 172.3489 780.6811 197.2841 1.5547 1.6512 4.1426 9.2287 0.9842 45.8689 -3.0152 -4.3515
Car -1 -1 -5.0584 467.6042 175.6559 512.9238 199.0441 1.4483 1.6920 3.8128 -7.2398 1.0865 46.5611 -5.2168 -4.7253
Car -1 -1 -8.1174 1115.2822 146.6422 1193.0435 186.6198 1.5903 1.6431 3.8459 23.4655 0.2040 30.6657 -7.4733 -4.7258
Car -1 -1 -5.1393 419.7055 181.3294 520.9875 231.2351 1.5646 1.8283 4.2129 -4.6300 1.5597 24.7688 -5.3275 -5.3275
