Car -1 -1 -7.7575 518.7611 168.4518 572.0524 213.8793 1.6130 1.6820 3.8481 -2.0917 1.1501 27.4439 -7.8379 6.5501
Car -1 -1 -7.6302 366.2948 181.9442 504.6035 280.9104 1.4535 1.5650 3.4152 -2.7168 1.4628 12.2765 -7.8492 6.4466
Car -1 -1 -7.1867 0.0000 201.1784 363.7967 373.0000 1.4691 1.6848 3.8509 -2.5988 1.6095 3.1626 -7.8426 4.9667
Car -1 -1 -4.4708 426.4906 173.2445 493.2971 214.8608 1.5552 1.7035 4.1738 -5.6326 1.2471 28.9683 -4.6663 4.5901
Car -1 -1 -7.8641 589.1717 169.8935 642.0195 219.7803 1.5450 1.6368 4.2948 0.4121 1.1860 24.3956 -7.8525 4.3812
Car -1 -1 -3.9686 0.0000 136.3121 142.7842 373.0000 1.7023 1.6698 4.0752 -6.2558 1.4288 6.4102 -4.7273 2.6763
Car -1 -1 -7.8264 556.1921 169.5523 585.7531 197.9221 1.6115 1.6714 4.0955 -1.7749 0.9330 42.8667 -7.8725 2.2257
Car -1 -1 -5.4288 697.8922 166.7583 745.7334 187.0587 1.5877 1.6511 3.9109 9.7480 0.4346 58.2763 -5.2686 -0.0000
Car -1 -1 -6.8759 635.4099 165.6500 685.7283 184.5751 1.5678 1.7011 4.0142 5.0771 0.2546 61.2378 -6.7983 -1.6778
Car -1 -1 -2.7332 551.6116 171.0511 607.0388 191.4322 1.5543 1.7017 3.9952 -1.7105 0.7574 56.3029 -2.7683 -1.9933
Car -1 -1 -7.1451 836.5095 165.4312 894.5804 191.0130 1.4847 1.5392 3.2516 15.8752 0.5522 43.1609 -6.7995 -2.0267
Car -1 -1 -4.3552 372.0536 177.5051 422.3537 203.4371 1.4869 1.6576 3.9139 -12.2165 1.2580 43.2044 -4.6342 -2.0864
Car -1 -1 -6.5333 0.0000 179.9862 129.5379 227.5484 1.4790 1.6373 4.1345 -18.7550 1.4324 24.4681 -7.1872 -2.6257
Car -1 -1 -6.0546 573.7020 167.5682 644.7287 196.0239 1.6341 1.6277 3.9398 0.4767 0.8342 42.5000 -6.0484 -2.9279
Car -1 -1 -7.9634 346.8950 168.3160 371.3916 187.1947 1.6670 1.6764 3.9933 -22.1158 0.5026 65.5939 -8.2922 -2.9525
Car -1 -1 -4.2658 273.3778 172.2892 332.2485 200.2161 1.6427 1.6905 4.2767 -18.3832 1.1010 44.4337 -4.6609 -3.0667
Car -1 -1 -6.1636 419.4156 172.8805 503.0394 202.4772 1.4884 1.6431 4.0773 -7.1922 1.0551 37.0976 -6.3587 -3.1393
Car -1 -1 -5.7491 689.0845 166.5145 736.1811 183.8328 1.4998 1.6390 3.8473 9.9283 0.2018 64.0567 -5.6008 -3.3155
Car -1 -1 -7.5396 491.0116 170.7987 523.6276 189.3482 1.5527 1.6471 4.0529 -8.0879 0.6567 62.2697 -7.6731 -3.5367
Car -1 -1 -5.1179 721.1334 162.2566 769.9949 190.0518 1.7197 1.6449 3.9730 9.2875 0.5292 46.5586 -4.9270 -3.9064
Car -1 -1 -4.4641 358.2655 172.0529 408.0926 202.5376 1.5274 1.5761 4.1140 -11.5054 1.0543 38.0846 -4.7605 -4.0276
Car -1 -1 -4.7990 637.6940 171.9597 657.2892 186.5334 1.4052 1.5923 3.7969 4.5801 0.4850 71.1837 -4.7398 -4.0566
Car -1 -1 -4.6306 403.3768 172.0260 434.5673 198.1741 1.5951 1.6305 3.9458 -11.6096 1.0172 45.9026 -4.8819 -4.2319
Car -1 -1 -7.2359 501.7970 170.4480 545.3575 188.9562 1.5386 1.6652 4.1208 -6.6407 0.6196 61.9196 -7.3472 -4.2461
Car -1 -1 -3.4146 716.5472 174.2946 786.1672 199.0923 1.4704 1.5626 3.8447 9.0528 1.0433 43.5167 -3.2157 -4.2786
Car -1 -1 -4.9041 1120.8263 171.1128 1162.1193 194.4630 1.5434 1.5943 3.5472 37.1112 0.8569 49.4248 -4.2675 -4.4758
Car -1 -1 -4.6494 559.9182 172.0771 595.0504 203.6491 1.5608 1.5854 4.5900 -1.2125 1.0952 37.8259 -4.6862 -4.4877
Car -1 -1 -6.0153 97.9693 173.2441 207.6077 211.7528 1.6429 1.6351 3.8474 -19.8875 1.2910 31.9804 -6.5729 -4.8040
Car -1 -1 -4.7442 642.1025 167.2762 670.8587 193.7619 1.7387 1.7946 4.6434 3.7571 0.8050 49.5116 -4.6738 -4.8422
Car -1 -1 -4.7912 504.6077 170.2896 524.1653 186.1232 1.5085 1.6019 3.6349 -8.5101 0.4401 70.3790 -4.9159 -4.9186
Car -1 -1 -7.7555 1095.0784 159.7557 1164.7344 200.5079 1.4520 1.8138 4.0141 20.3998 0.6776 27.6988 -7.1301 -5.0176
Car -1 -1 -4.6730 366.4536 169.2168 383.8842 186.5767 1.6613 1.5173 3.3402 -22.1610 0.4855 70.5546 -4.9811 -5.1335
Car -1 -1 -4.8749 679.5317 169.9396 717.1733 199.4265 1.5929 1.5474 3.4094 5.4223 0.9686 40.5364 -4.7477 -5.1830
Car -1 -1 -7.7804 653.0780 168.6407 687.1761 197.6733 1.5042 1.6110 3.5708 3.7737 0.8382 39.1109 -7.6898 -5.2416
Car -1 -1 -2.4141 446.5475 175.8085 503.5752 196.7878 1.4905 1.7009 4.0052 -9.2879 1.0861 52.8068 -2.5923 -5.2484
Car -1 -1 -5.1616 721.9055 164.0317 762.8256 186.6654 1.6392 1.7324 3.2971 10.5407 0.3740 53.8419 -4.9740 -5.3096
Car -1 -1 -4.8378 402.9590 179.9064 473.1046 228.7041 1.5060 1.7756 4.2892 -5.6798 1.4572 24.4884 -5.0686 -5.3692
Car -1 -1 -4.2377 318.1653 176.7773 371.1191 201.9276 1.4817 1.5258 3.7783 -15.7652 1.2035 44.2905 -4.5828 -5.3739
Car -1 -1 -3.6988 669.6815 165.4840 738.5564 193.7663 1.8133 1.6874 4.2890 6.8314 0.7865 47.7016 -3.5622 -5.5224
Car -1 -1 -5.0013 744.7622 173.1614 792.0311 201.3708 1.5617 1.7189 3.4727 9.6028 1.1002 41.5584 -4.7807 -5.8279
Car -1 -1 -4.8330 1197.7448 167.1417 1237.0000 189.2824 1.4326 1.6274 3.9872 41.6911 0.5036 48.5935 -4.1315 -5.8867
Car -1 -1 -4.7759 401.1185 178.8311 471.8119 230.2940 1.3353 1.6989 4.3705 -4.9393 1.2665 20.9764 -5.0096 -6.1878
Car -1 -1 -8.3373 717.3044 154.2909 755.4205 178.9681 2.2001 1.7087 4.1900 12.5294 -0.2436 66.7635 -8.1573 -6.3710
Car -1 -1 -5.6354 387.5713 166.4219 456.1532 189.6514 1.8451 1.8269 5.4568 -14.7256 0.6473 58.9596 -5.8840 -6.4805
