Car -1 -1 -7.6529 427.0299 179.9859 541.1630 258.4065 1.4553 1.6245 4.0609 -2.3958 1.4278 15.3944 -7.8102 7.1908
Car -1 -1 -7.7771 563.1431 169.4068 597.5190 199.6388 1.6406 1.6838 3.9192 -1.1602 0.9845 40.9774 -7.8102 5.3732
Car -1 -1 -7.7243 507.5395 176.8609 563.6075 220.2913 1.4390 1.5606 3.5150 -2.3030 1.2857 25.5851 -7.8183 5.3432
Car -1 -1 -7.8557 602.5654 172.0646 642.9149 209.4544 1.5173 1.6377 4.4272 0.8924 1.1348 31.3820 -7.8326 4.7979
Car -1 -1 -3.0336 293.8577 177.4173 355.4585 200.3261 1.4932 1.5989 3.7018 -18.4605 1.2271 48.0717 -3.4034 0.1558
Car -1 -1 -7.7880 590.0670 170.4867 612.4659 189.3220 1.5351 1.6510 3.9861 0.0423 0.6373 60.5845 -7.7922 -1.0029
Car -1 -1 -4.2849 0.0000 170.2707 61.6210 203.0011 1.5345 1.6441 3.8704 -28.7550 1.0083 35.7569 -4.9635 -1.6280
Car -1 -1 -5.8258 1050.5391 147.5094 1166.9839 184.3329 1.7004 1.7368 4.3768 24.9444 0.1311 35.5045 -5.2217 -2.0697
Car -1 -1 -6.1790 12.8943 175.1853 109.9703 206.2124 1.4691 1.5640 3.7104 -26.6907 1.1704 35.6377 -6.8232 -2.2298
Car -1 -1 -2.2792 466.3674 174.3855 518.3469 197.1033 1.6572 1.6742 4.0047 -8.2580 1.1382 54.3378 -2.4343 -2.3922
Car -1 -1 -7.6400 526.9957 170.9680 551.1195 187.0299 1.5142 1.6059 3.6602 -5.9787 0.5210 69.6366 -7.7302 -2.7723
Car -1 -1 -2.4382 607.1309 172.6688 678.0137 200.6201 1.4455 1.5618 3.6983 2.1929 0.9890 38.9827 -2.3874 -2.8031
Car -1 -1 -4.6171 640.4578 168.2477 662.0855 186.2083 1.6407 1.6807 4.0236 4.7642 0.4298 67.7393 -4.5520 -3.1857
Car -1 -1 -7.2640 0.0000 178.0285 88.4118 216.4483 1.4914 1.5601 3.7391 -23.3157 1.3570 29.8078 -7.9285 -3.2790
Car -1 -1 -7.7634 616.5753 169.8309 644.5488 192.6317 1.5932 1.6991 4.0294 2.1716 0.7778 52.2981 -7.7271 -3.3519
Car -1 -1 -8.4958 721.4135 167.1527 761.6313 182.2549 1.4511 1.6748 4.2754 13.9053 0.0722 71.3114 -8.3087 -3.4794
Car -1 -1 -7.8349 618.4297 171.1284 644.2013 195.9057 1.5853 1.6491 4.0977 2.0329 0.9217 48.0511 -7.7978 -3.7548
Car -1 -1 -4.9288 504.8275 188.8727 538.4454 210.9782 1.5036 1.5968 3.9900 -5.8488 2.0638 52.4374 -5.0445 -3.7645
Car -1 -1 -3.6999 756.5773 168.1863 837.8381 196.0711 1.4802 1.6484 4.0613 10.7547 0.7736 39.5169 -3.4408 -3.8726
Car -1 -1 -7.9633 514.4847 171.0082 536.2559 187.3224 1.5356 1.6459 4.0810 -7.3773 0.5477 69.7843 -8.0731 -3.9544
Car -1 -1 -4.9170 734.8140 164.8339 773.2202 190.7910 1.6363 1.6590 4.0287 10.0001 0.5858 47.2998 -4.7146 -4.0401
Car -1 -1 -5.1843 650.4235 168.4832 689.3621 187.2107 1.5008 1.6150 3.8757 5.6705 0.4575 59.6656 -5.0948 -4.2440
Car -1 -1 -3.1926 973.8820 159.4013 1071.2272 189.3531 1.5146 1.6774 4.3499 22.1859 0.3973 38.0554 -2.6727 -4.2706
Car -1 -1 -4.7206 487.2814 170.2866 506.2091 189.6484 1.7281 1.6716 4.0573 -9.6449 0.7270 66.2465 -4.8695 -4.3306
Car -1 -1 -6.1001 831.7612 153.7476 904.4918 179.7927 1.6729 1.7567 4.3370 17.9009 -0.1191 48.2407 -5.7513 -4.4379
Car -1 -1 -4.7646 743.0650 162.3918 768.2543 187.2263 2.1503 1.9483 4.5216 13.8554 0.4956 64.5797 -4.5590 -4.5612
Car -1 -1 -4.6070 826.6355 168.0507 868.4434 201.2948 1.5141 1.5709 3.5286 11.8961 0.9018 34.6476 -4.2835 -4.7109
Car -1 -1 -4.7320 485.3751 174.9455 502.3613 191.0674 1.5146 1.5335 3.5818 -10.3700 0.8985 69.3829 -4.8847 -4.7594
Car -1 -1 -7.6996 433.0776 172.4575 472.2413 199.7632 1.4286 1.5672 3.7280 -8.1302 0.9557 39.4839 -7.9063 -4.7918
Car -1 -1 -6.1702 383.4985 173.7168 481.9813 210.9569 1.5922 1.6690 4.0849 -7.4065 1.2597 31.7841 -6.4024 -4.8301
Car -1 -1 -5.6092 110.0241 176.0849 209.4727 208.9509 1.5561 1.5900 4.0192 -21.5205 1.3000 35.0435 -6.1616 -4.9676
Car -1 -1 -3.9504 734.6371 161.8737 796.3611 186.1956 1.6983 1.8044 4.4538 11.9451 0.3279 52.1472 -3.7311 -4.9945
Car -1 -1 -7.0711 885.7250 147.1809 954.5977 177.5725 1.6615 1.5731 3.5291 18.1910 -0.2317 41.0120 -6.6608 -5.0979
Car -1 -1 -6.6408 756.0014 161.5632 839.2427 190.2920 1.6970 1.6426 4.5731 11.8403 0.5195 43.4739 -6.3814 -5.1212
Car -1 -1 -2.9175 789.9621 160.3931 862.7670 187.7256 1.6833 1.8785 4.1493 14.4249 0.3835 46.0862 -2.6206 -5.2650
Car -1 -1 -4.3369 708.1565 167.0499 745.6423 186.9570 1.5432 1.6352 4.0079 10.1555 0.4229 57.8243 -4.1687 -5.2885
Car -1 -1 -5.9200 0.0000 184.3821 107.9516 250.1408 1.6575 1.7751 3.9373 -16.1575 1.7429 19.6999 -6.6056 -5.3156
Car -1 -1 -4.3342 507.4933 172.6189 540.4952 191.4500 1.5233 1.5461 3.5729 -6.4116 0.8047 60.0335 -4.4451 -5.3170
Car -1 -1 -5.5082 435.3918 175.2389 477.9303 193.0586 1.6937 1.7532 3.9683 -14.0950 1.0983 70.0856 -5.7109 -5.4602
Car -1 -1 -4.9652 489.7582 174.5570 561.6241 216.1998 1.5602 1.7721 4.6908 -3.2150 1.3005 29.4207 -5.0782 -5.5573
Car -1 -1 -4.5670 183.4199 163.9029 222.1210 190.7881 1.8051 1.7474 4.6399 -28.0635 0.6236 50.7080 -5.0751 -5.5921
Car -1 -1 -4.8482 467.6318 172.8770 491.6958 189.1090 1.4210 1.5756 4.1967 -11.0362 0.6659 65.1230 -5.0203 -5.6284
Car -1 -1 -5.8112 0.0000 172.1054 0.0000 326.5129 1.6062 1.7809 4.2443 -10.6688 1.5092 9.0934 -6.6674 -5.6382
Car -1 -1 -7.2382 30.1628 183.5482 281.0928 300.0372 1.4523 1.4149 3.4901 -6.4648 1.4889 10.8155 -7.7719 -5.7161
Car -1 -1 -4.9890 466.1360 169.7437 517.4370 198.7371 1.4776 1.6497 4.1412 -5.9880 0.8787 38.8351 -5.1460 -5.7449
Car -1 -1 -2.9951 284.4704 169.3815 337.4964 191.5845 1.8439 1.7199 3.9696 -24.5745 0.8373 60.9625 -3.3817 -5.8340
Car -1 -1 -4.6541 460.2465 177.9576 508.7538 217.0546 1.4285 1.6693 4.0882 -4.5666 1.2994 28.3659 -4.8175 -5.8360
Car -1 -1 -8.2297 986.1259 191.3773 1237.0000 373.0000 1.5296 1.6465 3.7087 2.7945 1.5990 2.9688 -7.5235 -5.8452
Car -1 -1 -4.9026 498.3290 172.2948 545.7248 201.7226 1.3991 1.6138 4.0804 -4.0825 0.9617 36.3408 -5.0187 -5.8867
Car -1 -1 -4.9493 492.7740 173.0028 552.2231 207.7307 1.4716 1.6914 4.3491 -3.6878 1.1118 32.7719 -5.0655 -5.9347
Car -1 -1 -4.2081 373.6285 172.2003 432.9197 201.8221 1.5223 1.5920 3.5250 -10.6499 1.0446 38.8153 -4.4791 -6.2829
Car -1 -1 -4.8274 1035.8754 151.9314 1072.9344 179.2512 1.7645 1.6641 3.8730 30.7591 -0.1596 48.8505 -4.2727 -6.3102
Car -1 -1 -4.8922 448.1909 176.7776 534.0600 227.7391 1.3482 1.7405 4.2705 -3.4057 1.2238 21.3068 -5.0539 -6.3994
Car -1 -1 -5.6130 611.4081 167.9712 662.8059 187.6943 1.6378 1.7242 4.2478 3.0649 0.5142 61.6919 -5.5685 -6.5628
Car -1 -1 -4.8052 696.8840 168.0377 719.1111 188.3625 1.7158 1.5387 3.8634 9.2865 0.5791 62.6086 -4.6635 -6.8288
