Car -1 -1 -7.6476 376.7964 181.3263 508.2363 277.8020 1.4648 1.5715 3.4126 -2.6782 1.4628 12.6159 -7.8582 6.9385
Car -1 -1 -7.7549 518.3341 169.9509 573.2242 217.2342 1.6182 1.6689 3.7483 -2.0036 1.2234 26.4739 -7.8348 5.8748
Car -1 -1 -7.8483 589.7725 172.2550 645.1184 224.4389 1.5411 1.6354 4.4116 0.4880 1.2686 23.4370 -7.8329 5.6043
Car -1 -1 -7.1891 0.0000 198.5442 368.6569 373.0000 1.4895 1.6504 3.8402 -2.6032 1.6140 3.2777 -7.8300 4.5077
Car -1 -1 -7.8044 553.6555 169.8863 586.7899 201.5650 1.6961 1.6859 4.1156 -1.7162 1.0745 40.5194 -7.8514 2.8860
Car -1 -1 -4.5428 497.5552 175.5771 532.0365 199.2452 1.3971 1.5250 3.6946 -5.2951 1.0476 44.2830 -4.6661 1.3227
Car -1 -1 -8.1401 569.0894 172.4782 614.5605 200.9971 1.5895 1.6297 3.8168 -0.6137 1.0868 42.1018 -8.1596 1.0426
Car -1 -1 -7.5072 418.3156 175.4651 466.9443 202.2285 1.4550 1.6253 3.4877 -8.9860 1.1271 40.8850 -7.7272 -0.7059
Car -1 -1 -8.1380 573.5692 172.9093 606.9344 192.8766 1.4524 1.5587 3.5712 -0.8608 0.8274 54.1867 -8.1587 -0.9748
Car -1 -1 -7.7059 591.1172 167.4378 614.6570 183.7770 1.4517 1.6364 3.7714 0.1955 0.2020 65.8058 -7.7077 -1.3258
Car -1 -1 -3.9739 367.4724 177.9879 452.1630 209.2970 1.5020 1.6878 4.3825 -9.7314 1.3337 36.7943 -4.2357 -1.5867
Car -1 -1 -4.5498 302.7566 176.9036 337.0900 200.9633 1.5089 1.5339 3.6440 -18.3635 1.2207 46.9931 -4.9254 -2.4430
Car -1 -1 -4.4265 642.8256 172.9638 673.1443 191.2346 1.5317 1.5974 3.9334 4.9696 0.8159 62.3428 -4.3522 -2.5996
Car -1 -1 -5.2192 460.8493 173.5082 514.8148 199.3305 1.5312 1.6492 3.8172 -7.0882 1.0574 44.6044 -5.3809 -2.8246
Car -1 -1 -3.3577 1179.8838 162.5903 1237.0000 198.9533 1.5533 1.6790 4.1396 28.8966 0.7458 32.4171 -2.6387 -2.8489
Car -1 -1 -8.2482 1158.2006 154.0018 1237.0000 223.3687 1.5161 1.5921 3.6925 15.4313 0.9156 17.7008 -7.5435 -3.1221
Car -1 -1 -2.3088 314.8978 169.9212 360.6737 186.5089 1.5263 1.6734 4.1780 -24.8542 0.4606 67.7986 -2.6638 -3.1925
Car -1 -1 -4.7276 225.5366 169.4593 256.0199 198.9697 1.9094 1.7674 4.4653 -24.5585 1.1304 48.8664 -5.1961 -3.2834
Car -1 -1 -7.5482 810.1637 158.4842 857.9698 188.1738 1.7133 1.6534 4.0005 14.1487 0.3853 43.5655 -7.2409 -3.5575
Car -1 -1 -7.5717 565.3100 172.0569 632.2360 213.8574 1.5578 1.6430 4.0745 -0.0462 1.2062 28.9540 -7.5784 -3.5640
Car -1 -1 -5.8978 274.4405 183.6068 337.5038 206.8086 1.3468 1.4773 3.1343 -17.4820 1.4740 42.5828 -6.2902 -3.5900
Car -1 -1 -7.8863 380.9467 169.0527 437.1646 221.8380 1.6433 1.6978 3.9945 -6.6585 1.2563 24.5225 -8.1539 -3.8514
Car -1 -1 -7.5307 445.4634 174.5763 492.0551 200.7582 1.4374 1.5641 3.6766 -7.5862 1.0574 41.3649 -7.7160 -4.0656
Car -1 -1 -7.8988 632.3173 168.5867 652.9824 186.5195 1.5606 1.6465 4.0862 3.7068 0.4366 64.5605 -7.8466 -4.1709
Car -1 -1 -4.3842 329.5453 163.5146 437.4782 233.4398 1.8401 1.8099 4.0107 -6.2363 1.3673 20.9409 -4.6755 -4.2017
Car -1 -1 -7.6255 807.0959 172.9300 860.0897 204.9677 1.5224 1.6539 4.2890 11.8078 1.1154 36.4007 -7.3190 -4.3460
Car -1 -1 -4.1851 597.2887 173.3755 659.9895 201.0456 1.4705 1.6542 4.1896 1.5846 1.0389 40.3887 -4.1512 -4.4640
Car -1 -1 -4.5955 728.9006 160.2791 752.2249 179.7677 1.8228 1.7263 4.6887 13.6552 -0.1755 70.1302 -4.4087 -4.5818
Car -1 -1 -8.0170 599.8748 174.0869 635.1956 198.5420 1.3738 1.4904 3.5780 0.9053 0.9575 42.2320 -8.0006 -4.7036
Car -1 -1 -6.7537 634.5851 170.1998 691.9127 192.9733 1.5260 1.6542 3.5823 4.2734 0.7688 49.5813 -6.6731 -5.1892
Car -1 -1 -4.8791 748.1812 169.7623 784.0687 196.0203 1.4998 1.5233 3.3263 9.7542 0.8295 42.7294 -4.6609 -5.3914
Car -1 -1 -4.7773 417.1909 173.3888 466.2259 210.5284 1.3868 1.6387 4.2211 -6.5469 1.0843 29.0803 -5.0018 -5.9147
