Car -1 -1 -7.7492 517.8080 170.7478 574.7419 217.0982 1.5844 1.7231 3.7306 -1.9809 1.2173 26.4419 -7.8284 6.8183
Car -1 -1 -7.6495 376.9243 179.9967 509.6200 277.6282 1.4920 1.6046 3.4761 -2.6830 1.4696 12.7192 -7.8589 6.4717
Car -1 -1 -7.2360 0.0000 200.9953 370.4440 373.0000 1.4920 1.6370 3.8201 -2.5768 1.6368 3.3999 -7.8561 5.3009
Car -1 -1 -7.8430 589.3888 171.7228 644.7937 224.4183 1.5486 1.6295 4.3091 0.4855 1.2618 23.2861 -7.8276 5.1304
Car -1 -1 -7.8474 552.1014 169.2011 584.7381 201.2442 1.6946 1.7260 4.1596 -1.8451 1.0444 40.1047 -7.8981 2.0369
Car -1 -1 -4.5927 506.2053 173.4156 538.2786 196.9569 1.4604 1.6020 4.1775 -5.0911 0.9589 46.6560 -4.7057 1.6470
Car -1 -1 -7.7473 591.3268 166.2343 613.4114 183.5169 1.5372 1.6446 3.8523 0.1478 0.1791 65.8929 -7.7499 -0.0461
Car -1 -1 -7.9346 569.8282 171.3887 596.2853 193.4828 1.5987 1.6520 3.9461 -1.4001 0.8670 54.0317 -7.9653 -0.2745
Car -1 -1 -6.7641 584.3773 173.7038 658.1828 199.5513 1.4440 1.6341 3.9861 1.1597 1.0086 41.7443 -6.7415 -1.3914
Car -1 -1 -8.0529 647.4874 172.0760 686.6334 197.7703 1.3984 1.5457 3.4354 3.6891 0.8857 40.8900 -7.9685 -1.5790
Car -1 -1 -4.1206 121.4430 162.6519 196.5165 192.4890 1.7142 1.7862 4.2835 -26.6481 0.6315 43.4444 -4.6730 -1.6060
Car -1 -1 -5.2856 699.3213 167.0785 742.1416 186.8956 1.6475 1.7140 4.0232 10.2644 0.4484 61.9054 -5.1268 -1.8292
Car -1 -1 -4.7853 1156.1956 164.3722 1208.3557 201.0187 1.6618 1.6226 4.0739 27.9804 0.8854 34.7141 -4.1156 -1.8319
Car -1 -1 -4.2228 438.0909 172.3493 494.1766 198.4496 1.5080 1.6457 4.0641 -8.1610 0.9794 43.6882 -4.4113 -2.1289
Car -1 -1 -1.8934 133.0038 161.9583 187.1328 190.7778 1.7781 1.7551 4.0942 -28.4693 0.5725 46.3044 -2.4470 -2.1923
Car -1 -1 -7.4788 645.8100 169.8231 680.7360 187.3740 1.5096 1.7242 4.1339 5.5785 0.5050 64.0224 -7.3971 -2.3019
Car -1 -1 -4.9141 178.9809 161.0863 222.7245 185.7364 1.6294 1.7493 4.5887 -27.7903 0.2801 49.7898 -5.4257 -2.3413
Car -1 -1 -7.5999 584.5729 170.2222 616.7360 190.3181 1.4514 1.6653 3.2002 -0.0120 0.6368 53.6378 -7.6050 -2.9651
Car -1 -1 -7.9249 998.3503 165.0755 1026.5077 184.6282 1.4967 1.6498 3.7225 32.6065 0.2394 57.0225 -7.4123 -3.1044
Car -1 -1 -4.5300 0.0000 166.2865 42.3946 197.4278 1.6271 1.7119 4.2921 -32.4922 0.8324 39.8246 -5.2160 -3.4126
Car -1 -1 -4.0873 471.8303 172.8935 530.4573 196.9470 1.5033 1.6436 4.2557 -6.5163 0.9655 47.1597 -4.2288 -3.4620
Car -1 -1 -7.5911 566.9558 172.2706 633.5197 213.5018 1.5386 1.7202 3.9921 0.0112 1.1946 28.9560 -7.5958 -3.5037
Car -1 -1 -4.4844 313.5196 173.0619 353.6052 198.9195 1.6604 1.6076 4.3217 -17.9681 1.1186 48.3746 -4.8432 -3.6519
Car -1 -1 -7.7739 636.9855 168.1339 658.5724 186.3235 1.5962 1.6548 4.0925 4.2667 0.4230 65.1787 -7.7137 -4.0141
Car -1 -1 -4.7512 562.0361 176.5403 596.7359 207.2709 1.4191 1.5205 3.7891 -1.1330 1.1904 35.1197 -4.7883 -4.0920
Car -1 -1 -4.3979 354.6898 165.0481 447.0156 226.8371 1.7954 1.7225 3.8435 -6.2828 1.3179 22.8307 -4.6687 -4.1320
Car -1 -1 -6.0514 217.6853 167.4424 298.3422 198.9521 1.9399 1.8196 4.3189 -21.7087 1.0745 45.5759 -6.4986 -4.1764
Car -1 -1 -4.9027 1150.1608 157.8169 1215.9165 197.8870 1.6613 1.5517 3.6775 25.6174 0.6797 31.7717 -4.2331 -4.2975
Car -1 -1 -5.3616 677.5384 169.3295 746.3481 200.3735 1.6163 1.6168 4.0290 6.0147 0.9828 39.5532 -5.2167 -4.3129
Car -1 -1 -4.1041 0.0000 169.8748 51.0059 197.0591 1.5221 1.7421 4.0040 -34.6885 0.8713 42.2851 -4.7930 -4.3189
Car -1 -1 -7.7994 364.0732 174.4733 416.3777 221.7094 1.5859 1.6311 3.7736 -7.6362 1.3504 26.1405 -8.0861 -4.7215
Car -1 -1 -8.1807 574.6679 170.4884 614.9185 193.0115 1.5059 1.6805 3.7169 -0.4931 0.7697 50.0621 -8.1954 -4.7288
Car -1 -1 -3.0451 170.8917 169.7980 238.2000 193.8135 1.7522 1.7452 4.2924 -29.7785 0.8984 54.0672 -3.5514 -4.8452
Car -1 -1 -7.8249 416.6107 175.4661 492.7552 236.3266 1.3963 1.7282 3.3426 -3.7167 1.2584 18.2763 -8.0280 -5.5777
Car -1 -1 -4.7835 690.9644 169.6460 711.0950 188.2655 1.7139 1.5921 3.8961 9.4530 0.6224 68.1139 -4.6511 -5.6500
Car -1 -1 -7.7174 48.1791 185.3222 229.4079 302.0313 1.4682 1.8040 4.2441 -7.1563 1.5422 11.4928 -8.2697 -5.7480
Car -1 -1 -4.8564 676.7929 170.9820 698.9874 186.7652 1.5249 1.6290 3.8518 8.6001 0.5084 71.3515 -4.7418 -5.8021
Car -1 -1 -2.9561 0.0000 85.3785 68.2610 373.0000 1.5957 1.7198 4.2357 -4.9981 1.4954 2.8969 -3.9688 -5.8082
Car -1 -1 -4.7255 386.6085 174.8081 424.2738 206.9339 1.4215 1.6202 3.9645 -9.2984 1.1257 33.9142 -4.9961 -5.8428
Car -1 -1 -4.7980 431.3533 176.8847 476.3460 209.0717 1.4077 1.6802 4.2821 -6.9950 1.2061 33.7086 -5.0062 -5.9847
Car -1 -1 -2.1543 0.0000 161.2807 91.8546 202.8025 1.8964 1.5862 3.8860 -26.4461 0.9732 34.1844 -2.8140 -6.2827
