Car -1 -1 -7.5492 204.1331 183.1223 486.0823 364.0044 1.4583 1.6151 4.1151 -2.4629 1.4814 7.8898 -7.8485 7.0310
Car -1 -1 -7.7066 454.5784 172.2524 539.9496 240.1309 1.5044 1.5884 3.4656 -2.4939 1.3000 17.6561 -7.8501 6.9094
Car -1 -1 -7.7637 545.3420 164.5843 588.5651 201.9873 1.6328 1.6834 3.7852 -1.5552 0.8946 33.2814 -7.8150 5.7909
Car -1 -1 -7.8663 591.5877 168.6078 640.4231 213.9709 1.5147 1.6306 4.4147 0.4593 1.0846 26.1926 -7.8540 4.9101
Car -1 -1 -7.7436 573.8596 167.7729 603.4098 191.7996 1.6217 1.6770 3.9026 -0.8499 0.6952 50.5020 -7.7652 -0.5320
Car -1 -1 -7.7621 527.7620 182.1324 559.7772 208.9420 1.5916 1.6330 4.2192 -3.5509 1.6330 44.8593 -7.8457 -1.3291
Car -1 -1 -8.0508 645.9103 166.7457 683.4822 191.2368 1.5110 1.6754 3.7986 4.0362 0.6008 46.3013 -7.9693 -1.6960
Car -1 -1 -7.8266 600.3956 170.9044 639.1597 206.4853 1.4402 1.5709 3.6483 0.8109 1.0116 30.9355 -7.8057 -1.8118
Car -1 -1 -6.5079 345.2006 171.3131 400.8633 191.0805 1.4115 1.6043 3.6396 -16.7989 0.6840 52.9097 -6.8188 -1.8161
Car -1 -1 -4.7974 429.2949 193.9893 481.6602 238.9232 1.4887 1.5637 4.2493 -5.6381 2.0033 27.3146 -5.0045 -2.3347
Car -1 -1 -8.0849 619.7741 166.9026 658.7392 191.9039 1.5397 1.6193 3.9631 2.3963 0.6408 46.3348 -8.0384 -3.1347
Car -1 -1 -6.4257 0.0000 177.3483 94.6723 222.5556 1.4848 1.6622 3.7983 -20.5302 1.3489 25.5491 -7.1027 -3.4356
Car -1 -1 -4.6716 398.3863 171.2054 421.7339 190.4262 1.5576 1.7502 4.0554 -16.0258 0.7232 60.3833 -4.9349 -3.6299
Car -1 -1 -4.3965 457.0263 170.3510 482.8235 186.4852 1.5174 1.5049 3.3180 -12.6209 0.4685 69.3022 -4.5808 -3.7169
Car -1 -1 -4.2873 408.6235 198.6793 479.8158 237.9298 1.4411 1.5189 3.7309 -6.5211 2.2085 30.0907 -4.5043 -3.7234
Car -1 -1 -4.5816 513.6594 179.7467 543.1140 201.5002 1.4702 1.6037 3.7182 -5.0788 1.3517 50.4266 -4.6865 -3.7264
Car -1 -1 -8.3126 897.4719 162.2768 938.6967 180.5711 1.6044 1.7446 4.1602 28.7765 -0.0875 65.3382 -7.9041 -3.9279
Car -1 -1 -4.6000 65.0452 170.6516 105.0951 197.2665 1.6723 1.6896 4.2601 -34.0063 0.9907 47.4054 -5.2246 -3.9556
Car -1 -1 -6.2808 524.8177 169.2213 599.5399 200.5897 1.6272 1.6946 3.8822 -2.0924 0.9904 38.2191 -6.3401 -3.9782
Car -1 -1 -7.4471 321.5154 160.5612 363.8852 186.2104 2.0651 1.7814 4.3178 -21.5393 0.3791 60.0432 -7.7950 -3.9921
Car -1 -1 -5.7757 572.2291 169.6841 656.1439 201.2498 1.4463 1.5797 3.7319 0.5871 0.9052 34.5244 -5.7638 -4.0210
Car -1 -1 -5.5205 642.5788 167.9880 684.4657 184.1199 1.4589 1.6176 3.8184 5.7942 0.2367 66.9273 -5.4393 -4.0849
Car -1 -1 -7.2172 374.6315 190.8203 475.6202 236.6469 1.3414 1.5408 3.3463 -5.7361 1.6721 23.6153 -7.4583 -4.0932
Car -1 -1 -5.0116 562.7684 175.0802 605.2075 200.9998 1.5416 1.5903 3.7347 -1.1283 1.1599 44.7491 -5.0417 -4.2700
Car -1 -1 -4.9091 365.6202 170.0406 414.2314 200.2567 1.5231 1.6835 4.2221 -11.3822 0.9457 38.4675 -5.1999 -4.2758
Car -1 -1 -5.2937 638.0796 167.6762 683.9344 189.1101 1.6655 1.7122 4.0830 4.7901 0.5912 58.0178 -5.2166 -4.3833
Car -1 -1 -4.9961 284.0345 180.8617 481.2149 290.2999 1.3905 1.7596 4.4826 -3.7273 1.3831 11.4754 -5.3091 -4.4785
Car -1 -1 -7.8219 355.6026 166.8984 379.2280 189.4057 1.6979 1.6511 3.9539 -18.2926 0.5963 56.3190 -8.1394 -4.5150
Car -1 -1 -4.7541 421.0623 168.4007 452.6124 195.3249 1.6088 1.7483 3.8069 -10.3406 0.8262 44.9907 -4.9837 -4.5834
Car -1 -1 -4.2470 57.6951 166.7170 131.2088 197.9610 1.6564 1.6804 4.1677 -28.3118 0.8729 40.2682 -4.8616 -4.6357
Car -1 -1 -7.2462 168.7293 157.8746 235.5596 189.2522 1.9204 1.8268 3.9378 -25.4852 0.4745 46.0140 -7.7544 -4.6477
Car -1 -1 -4.8360 922.6696 157.1550 957.1453 182.5599 1.5751 1.5832 3.3540 21.8125 0.0658 46.3741 -4.4033 -4.6785
Car -1 -1 -5.0966 1182.2472 162.5357 1237.0000 206.3668 1.5425 1.7223 3.8796 24.0331 0.8755 27.3936 -4.3862 -4.7557
Car -1 -1 -5.2406 421.2308 170.3975 470.4857 191.3666 1.5214 1.6963 4.2795 -11.7702 0.7158 54.2668 -5.4581 -4.8594
Car -1 -1 -8.1984 918.3776 166.9152 953.4918 184.9511 1.6871 1.7190 4.2302 32.2910 0.3225 69.3752 -7.7691 -4.8993
Car -1 -1 -6.9893 672.9656 165.2148 745.1396 197.4787 1.6506 1.6987 3.5779 5.7623 0.8177 38.4233 -6.8464 -4.9662
Car -1 -1 -4.6574 631.5382 164.2053 653.3595 184.9569 1.7114 1.6682 3.8866 3.5531 0.2849 61.2627 -4.6046 -5.0009
Car -1 -1 -7.3679 887.8167 156.7393 950.1495 187.0334 1.6250 1.6264 3.8201 17.8632 0.2970 40.3612 -6.9585 -5.0339
Car -1 -1 -4.3050 402.1680 171.2935 444.3692 191.4797 1.5957 1.7873 4.3988 -14.5739 0.7887 59.0967 -4.5507 -5.0368
Car -1 -1 -6.4579 923.8485 161.2204 976.4501 180.2854 1.6421 1.7859 3.9170 30.7726 -0.1099 63.4319 -6.0127 -5.0609
Car -1 -1 -5.3764 135.8513 171.4946 198.6658 195.6989 1.6619 1.6198 4.0902 -30.6914 0.9749 50.8006 -5.9225 -5.0684
Car -1 -1 -5.1735 630.3195 165.4270 669.6173 182.7680 1.5228 1.6479 4.6709 4.4123 0.1111 65.5514 -5.1114 -5.0791
Car -1 -1 -2.5966 255.6996 178.8350 439.6996 235.6599 1.4882 1.7806 4.6136 -7.0999 1.4189 20.1534 -2.9365 -5.0966
Car -1 -1 -7.9057 434.5207 183.1355 496.9626 229.7751 1.2937 1.6499 4.4140 -4.3506 1.3505 22.4299 -8.1004 -5.1699
Car -1 -1 -3.6591 794.2211 158.4765 871.4382 188.6224 1.8140 1.7014 4.2755 14.3195 0.4287 44.5076 -3.3544 -5.1800
Car -1 -1 -5.7049 0.0000 194.6395 599.7542 373.0000 1.5373 1.7993 4.3027 -2.3038 1.6388 4.3749 -6.1728 -5.4750
Car -1 -1 -5.5171 206.8720 160.4467 290.4076 193.1050 2.0780 1.9045 5.0233 -23.2514 0.7385 47.3747 -5.9760 -5.5944
Car -1 -1 -5.6953 466.1392 179.7560 546.5842 208.7723 1.7545 1.6639 4.9206 -6.0042 1.6491 45.2573 -5.8315 -5.7890
Car -1 -1 -3.6052 0.0000 0.0000 1237.0000 373.0000 1.5042 1.6096 3.9589 -3.8619 1.5731 1.7691 -4.6976 -5.8867
Car -1 -1 -5.8039 0.0000 188.5450 42.0598 373.0000 1.7767 1.9610 4.8011 -9.4998 1.8730 7.9434 -6.6679 -5.9435
Car -1 -1 -3.6499 627.0077 167.8241 705.0084 197.4437 1.5194 1.6328 3.8453 3.4469 0.8180 38.3830 -3.5659 -6.0202
Car -1 -1 -8.1235 384.1362 181.0850 456.2744 230.2422 1.6736 1.6090 3.7791 -6.7698 1.6598 26.4946 -8.3766 -6.0491
Car -1 -1 -4.8017 259.4393 186.1548 315.3260 230.4931 1.5018 1.5683 3.6634 -11.7564 1.6882 26.7290 -5.2177 -6.1928
Car -1 -1 -7.5200 441.3900 175.4813 529.2579 219.6325 1.4615 1.8421 4.3080 -4.1162 1.2627 26.0591 -7.6803 -6.5432
