Car -1 -1 -7.5489 241.3686 183.1359 498.9102 348.7806 1.4768 1.6363 4.0996 -2.4291 1.5015 8.5176 -7.8247 7.6285
Car -1 -1 -7.7005 464.6701 172.8392 547.0063 235.5236 1.4531 1.5826 3.4880 -2.3865 1.2529 18.4119 -7.8329 6.9332
Car -1 -1 -7.7733 550.0716 165.6263 592.1407 200.7207 1.5696 1.7051 3.8973 -1.3961 0.8599 34.1043 -7.8189 5.3473
Car -1 -1 -7.8563 596.2581 167.0606 643.8740 212.1394 1.5640 1.6524 4.5118 0.6579 1.0634 27.1912 -7.8374 3.6674
Car -1 -1 -7.9537 578.4316 164.3831 606.7337 185.9225 1.4760 1.6264 3.7622 -0.6532 0.3030 51.1873 -7.9712 0.6329
Car -1 -1 -4.8435 643.0403 163.6067 673.2418 187.3111 1.5909 1.6050 3.6986 3.9285 0.3900 50.1044 -4.7705 -0.9632
Car -1 -1 -6.3566 631.3899 167.6617 711.1240 200.8080 1.4803 1.6034 3.5153 3.1388 0.8626 32.9104 -6.2673 -1.3213
Car -1 -1 -1.9678 280.8333 167.7435 330.8797 195.1253 1.6715 1.6592 3.6329 -18.8307 0.8318 45.7165 -2.3614 -1.8743
Car -1 -1 -8.0894 591.6321 167.6315 645.9333 201.2379 1.4973 1.6224 4.1807 0.7438 0.8797 34.2203 -8.0728 -2.0866
Car -1 -1 -4.4234 429.8503 201.1914 484.8448 235.9821 1.4503 1.5717 3.7262 -6.7736 2.4367 34.0485 -4.6238 -2.8444
Car -1 -1 -4.1325 481.1388 166.1647 523.8721 184.7709 1.5290 1.7151 3.9850 -8.3582 0.2686 61.1974 -4.2725 -2.8524
Car -1 -1 -2.8156 38.3168 155.0587 127.7047 181.4112 1.5606 1.7097 4.1097 -31.6463 -0.0056 43.9751 -3.4413 -3.0377
Car -1 -1 -3.1261 1025.9750 152.8487 1130.3160 194.3843 1.5804 1.5546 3.4209 19.1132 0.4906 28.9303 -2.5514 -3.2065
Car -1 -1 -4.6800 455.3390 168.9066 480.5859 192.3125 1.5577 1.6170 3.7009 -9.2006 0.7196 49.7580 -4.8667 -3.2427
Car -1 -1 -4.6105 643.3163 168.7442 663.2790 184.3052 1.4945 1.6147 3.7431 5.1891 0.2691 70.9705 -4.5426 -3.2849
Car -1 -1 -2.8363 585.5302 166.0073 654.4153 190.7946 1.5817 1.6986 4.2228 1.2342 0.5931 47.3175 -2.8152 -3.2955
Car -1 -1 -6.9688 421.7023 169.5787 469.3985 186.2655 1.5051 1.6762 4.2535 -14.4614 0.4296 66.9795 -7.1855 -3.4174
Car -1 -1 -3.4979 482.7690 169.9382 529.1849 186.7622 1.5124 1.6609 3.9083 -8.7606 0.4728 66.2310 -3.6338 -3.4820
Car -1 -1 -8.1954 586.4861 165.8561 636.0617 194.2642 1.5309 1.6210 3.7684 0.5034 0.6880 40.7575 -8.1880 -3.5893
Car -1 -1 -4.3553 102.8870 171.6587 165.4357 203.5179 1.5944 1.6352 3.5380 -24.5473 1.1021 37.8533 -4.9324 -3.7085
Car -1 -1 -5.7848 444.8206 164.2761 525.5583 194.3303 1.6300 1.7114 4.1768 -6.5423 0.6960 40.4517 -5.9490 -3.8919
Car -1 -1 -7.0414 709.1868 159.9029 750.4778 177.6508 1.6317 1.6369 3.8015 12.2978 -0.3769 68.5305 -6.8693 -4.0342
Car -1 -1 -2.9974 530.0262 169.8886 605.7928 197.5859 1.5836 1.6884 4.2442 -1.9321 0.9198 42.1100 -3.0480 -4.0839
Car -1 -1 -5.4919 646.2381 166.9193 690.9226 184.2466 1.4951 1.6505 3.9556 5.9856 0.2368 64.0319 -5.4039 -4.0978
Car -1 -1 -6.4499 662.1904 163.6920 718.8490 182.1896 1.5708 1.7988 4.6116 7.6875 0.0583 62.0093 -6.3319 -4.1419
Car -1 -1 -6.0165 18.8241 169.2433 128.4195 204.1393 1.6919 1.7121 4.1718 -26.6178 1.0979 36.3742 -6.6498 -4.7052
Car -1 -1 -5.7636 658.0161 161.6167 721.3397 185.2299 1.6551 1.7408 4.2723 6.4163 0.2614 52.3201 -5.6470 -4.7057
Car -1 -1 -3.8054 413.1436 165.5313 477.9663 192.5929 1.6950 1.6909 3.9530 -10.1598 0.6948 47.0538 -4.0218 -4.7101
Car -1 -1 -4.8774 632.7291 165.8440 656.8294 182.5511 1.4811 1.6010 3.6226 3.9612 0.0929 65.5684 -4.8222 -4.7374
Car -1 -1 -8.0804 986.4602 157.8213 1031.7288 183.7005 1.6446 1.7013 4.1463 27.1084 0.1399 47.8777 -7.5724 -4.7738
Car -1 -1 -7.7239 329.2395 176.7855 436.0264 258.4894 1.3964 1.5469 3.6022 -4.2185 1.3164 14.1777 -8.0135 -4.7823
Car -1 -1 -5.8777 1169.9343 147.2002 1237.0000 176.5306 1.5124 1.8031 4.4198 34.8758 -0.2947 40.2290 -5.1715 -4.8147
Car -1 -1 -4.2682 560.8467 164.2974 617.0119 195.4373 1.5695 1.6914 3.4068 -0.6227 0.7027 38.1056 -4.2893 -4.9364
Car -1 -1 -4.7593 452.3009 169.0799 474.3048 187.8045 1.4973 1.5968 3.6972 -11.4272 0.5040 59.4255 -4.9533 -4.9802
Car -1 -1 -4.9966 678.4672 164.9923 725.4858 194.5224 1.5979 1.6171 3.8136 5.6613 0.7048 40.8778 -4.8648 -5.0229
Car -1 -1 -7.8499 1093.9528 151.0790 1138.9136 186.4733 1.5811 1.6555 4.2987 24.5623 0.2224 34.3208 -7.2372 -5.0749
Car -1 -1 -4.4958 687.3771 162.4311 716.5846 183.7874 1.6527 1.5716 3.7441 8.1170 0.1769 57.6177 -4.3613 -5.1044
Car -1 -1 -6.3691 876.6964 157.2013 980.9919 189.8723 1.6224 1.8405 4.7711 16.8818 0.4160 37.3177 -5.9518 -5.1923
Car -1 -1 -7.7972 448.4190 175.9935 505.9377 224.3356 1.4795 1.6839 4.0532 -4.1102 1.3114 24.0945 -7.9695 -5.2316
Car -1 -1 -4.7886 663.5511 165.3759 694.4799 192.0141 1.5464 1.5456 3.9210 4.6766 0.6105 43.6807 -4.6875 -5.3369
Car -1 -1 -4.5178 413.5347 172.7697 443.2087 192.7086 1.5711 1.6382 3.9433 -14.0553 0.8831 58.6087 -4.7571 -5.3419
Car -1 -1 -5.1158 1086.5209 149.5480 1157.1687 178.0181 1.6890 1.7027 5.2330 33.2136 -0.2364 46.0244 -4.4983 -5.3937
Car -1 -1 -6.0912 456.8507 168.7216 504.8654 185.5493 1.5758 1.6152 4.2655 -11.3720 0.3789 68.1218 -6.2608 -5.4203
Car -1 -1 -5.0705 373.4512 165.5808 407.2304 183.9863 1.6076 1.6719 3.8312 -19.0270 0.2169 64.7753 -5.3599 -5.4423
Car -1 -1 -6.1451 876.2224 159.7521 973.2618 197.5773 1.6344 1.5729 3.8593 14.6893 0.6950 32.7205 -5.7310 -5.4482
Car -1 -1 -2.2781 0.0000 193.6588 583.5257 373.0000 1.3310 1.6471 4.1803 -2.4048 1.4259 4.0756 -2.7906 -5.4540
Car -1 -1 -4.8441 711.4286 163.9603 738.7531 185.3603 1.4821 1.5036 3.1373 8.8205 0.2673 51.3411 -4.6796 -5.6662
Car -1 -1 -6.4474 1015.2062 151.0033 1146.3678 192.3387 1.7319 1.7315 4.5944 21.0556 0.4545 31.8107 -5.8714 -5.7057
Car -1 -1 -7.9166 1180.8271 144.8511 1237.0000 188.8934 1.6956 1.6409 3.8946 25.1239 0.2850 29.7123 -7.2239 -5.7199
Car -1 -1 -7.7167 449.0396 191.9843 495.5017 229.2794 1.4968 1.5477 3.6647 -5.6627 1.9875 31.7402 -7.8972 -5.8734
Car -1 -1 -4.3199 356.9418 167.5804 463.3356 222.7161 1.4336 1.5938 3.8941 -5.4132 1.0722 20.7145 -4.5775 -5.9130
Car -1 -1 -4.5515 510.9771 167.4451 536.2186 184.5723 1.5036 1.6525 4.1473 -6.9936 0.2695 65.1751 -4.6628 -5.9834
Car -1 -1 -4.4876 633.0247 163.6458 674.7576 190.4002 1.5493 1.5450 4.8154 3.2849 0.5155 44.1244 -4.4186 -6.5342
Car -1 -1 -7.5680 461.9673 170.9128 558.5837 229.9914 1.5757 1.7255 4.2629 -2.6145 1.2939 21.4015 -7.6933 -8.5593
