Car -1 -1 -7.6993 453.0601 174.0870 538.0198 241.9753 1.4951 1.5568 3.3264 -2.5168 1.3324 17.4895 -7.8455 7.2325
Car -1 -1 -7.5487 200.8934 185.0166 483.9473 368.3760 1.4561 1.6046 4.1004 -2.4724 1.5052 7.8356 -7.8510 6.8892
Car -1 -1 -7.7501 544.0128 166.0105 588.9629 204.1887 1.6575 1.6975 3.8763 -1.5680 0.9853 33.1656 -7.8019 5.5926
Car -1 -1 -7.8862 591.1254 169.0105 641.6713 214.6104 1.5135 1.6462 4.4163 0.4419 1.0994 26.0666 -7.8745 4.8010
Car -1 -1 -6.2546 575.0294 169.1480 657.2859 197.1205 1.4911 1.6912 4.3958 0.8125 0.8328 39.2328 -6.2390 -0.0856
Car -1 -1 -7.8815 597.6406 172.0625 638.3685 208.9083 1.4577 1.5826 3.6536 0.6285 1.0847 30.2554 -7.8660 -0.4378
Car -1 -1 -7.7662 578.9941 171.1118 605.3705 191.9687 1.3982 1.5517 3.5021 -0.6017 0.7018 49.9587 -7.7831 -0.7768
Car -1 -1 -8.2782 619.6173 167.6671 670.1411 191.9251 1.4852 1.6516 4.1675 2.7430 0.6384 46.2215 -8.2241 -1.5043
Car -1 -1 -7.4740 910.2579 156.8586 963.6816 184.0397 1.5897 1.6881 3.8127 20.5517 0.1487 43.9381 -7.0436 -1.5107
Car -1 -1 -7.6668 891.3522 156.5473 933.8284 182.9368 1.5778 1.7221 4.2276 19.6131 0.0860 45.1828 -7.2642 -2.2675
Car -1 -1 -4.1798 509.3202 171.8099 545.9229 188.5576 1.5869 1.6728 4.2099 -7.1460 0.6684 70.3264 -4.2856 -2.3175
Car -1 -1 -7.7726 556.1705 170.3670 590.4216 198.5801 1.5079 1.6220 4.0715 -1.5401 0.9130 40.4577 -7.8154 -2.5829
Car -1 -1 -5.1104 1079.8547 163.7822 1148.6017 193.4413 1.5465 1.6327 3.9802 28.1444 0.6228 39.5734 -4.5002 -2.7171
Car -1 -1 -6.2389 530.4570 171.7147 597.2268 196.5476 1.5413 1.6500 4.1444 -2.3403 0.9341 45.4356 -6.2950 -2.7902
Car -1 -1 -6.8848 458.6830 168.8618 519.6832 193.2406 1.5315 1.6267 3.6699 -7.3065 0.7376 46.9812 -7.0432 -3.0147
Car -1 -1 -4.3051 415.0342 174.3199 452.5870 193.1067 1.5597 1.6944 4.0476 -14.3400 0.9634 61.7790 -4.5372 -3.5117
Car -1 -1 -4.7910 208.4347 171.5305 240.3389 196.1793 1.6144 1.6264 3.7487 -25.7699 0.9614 49.0651 -5.2774 -3.7005
Car -1 -1 -5.0634 637.8931 165.0824 682.7305 190.9047 1.7251 1.7253 4.3112 4.0766 0.6283 50.2997 -4.9878 -3.7395
Car -1 -1 -4.3235 639.3424 169.8180 671.4234 184.6167 1.4111 1.7306 4.1296 5.3857 0.2969 70.7295 -4.2526 -3.8894
Car -1 -1 -5.0636 439.7217 172.1408 476.0367 191.1648 1.5394 1.6388 4.1692 -12.0651 0.7819 60.3316 -5.2650 -3.8901
Car -1 -1 -5.1861 468.1128 171.2700 505.1590 189.1379 1.5051 1.6733 3.6824 -9.9824 0.6432 62.4859 -5.3487 -3.9268
Car -1 -1 -3.4432 740.6828 162.9677 820.4418 191.9686 1.7350 1.7122 4.4243 10.9278 0.6264 43.9727 -3.2060 -3.9883
Car -1 -1 -4.5795 630.5311 166.4098 654.2555 185.3622 1.6337 1.6638 3.5803 3.6973 0.3327 63.8349 -4.5267 -4.4248
Car -1 -1 -4.3296 655.8334 167.5298 696.6543 186.8610 1.5132 1.7418 4.6057 6.1803 0.4195 58.6734 -4.2300 -4.4382
Car -1 -1 -4.8210 297.3575 184.2452 447.4222 296.2555 1.4011 1.7404 4.4966 -3.8897 1.4548 11.5085 -5.1457 -4.5942
Car -1 -1 -2.8993 850.5162 165.8814 959.8140 202.7831 1.5129 1.6229 4.1254 13.1857 0.8729 31.3252 -2.5089 -4.7118
Car -1 -1 -2.6050 339.6080 170.8673 465.8701 216.1574 1.5546 1.6266 4.1528 -7.1901 1.1900 25.9842 -2.8775 -4.7135
Car -1 -1 -4.1803 397.1548 172.7984 439.1858 190.4004 1.4678 1.6222 4.2145 -15.7747 0.7420 62.1501 -4.4327 -4.8051
Car -1 -1 -8.0132 680.9149 167.7113 722.9894 197.2666 1.5006 1.5956 3.9280 5.3186 0.8007 38.4576 -7.8817 -4.8320
Car -1 -1 -4.9533 268.2868 169.8026 308.5588 197.6611 1.8315 1.6369 3.8904 -21.4870 1.0625 49.2661 -5.3676 -5.0080
Car -1 -1 -8.0518 1013.3664 174.1070 1128.6877 238.8267 1.3767 1.6003 3.4241 11.0327 1.2200 17.1647 -7.4926 -5.1205
Car -1 -1 -2.8763 645.7180 166.7818 692.4260 182.3087 1.3912 1.6770 3.9640 6.2362 0.0722 65.8374 -2.7870 -5.2140
Car -1 -1 -2.7820 573.3007 168.8216 664.0964 201.8086 1.5261 1.5885 4.0911 0.8221 0.9398 34.7270 -2.7635 -5.2572
Car -1 -1 -4.0808 209.4411 161.6176 273.5907 185.2822 1.6556 1.7934 4.6919 -26.3027 0.2646 52.7180 -4.5464 -5.3477
Car -1 -1 -5.8729 40.9987 175.9963 132.5882 206.9205 1.5570 1.6435 3.5087 -26.6844 1.2801 37.3398 -6.4951 -5.7488
Car -1 -1 -5.7397 0.0000 204.6845 598.0020 373.0000 1.4469 1.7056 4.2688 -2.2736 1.6209 4.3500 -6.2044 -5.9367
Car -1 -1 -3.9948 837.0529 157.3634 931.6555 193.5340 1.6144 1.7538 4.3227 13.3332 0.5374 33.8464 -3.6270 -6.3871
