Car -1 -1 -7.6373 388.3517 178.8043 530.2449 276.7166 1.4685 1.6119 4.1269 -2.3869 1.4287 12.8613 -7.8227 6.2538
Car -1 -1 -7.7208 495.5410 173.6674 560.0230 224.0677 1.4809 1.5950 3.5983 -2.2998 1.2512 22.9286 -7.8248 5.9016
Car -1 -1 -7.8772 601.4312 168.7788 644.1891 209.1782 1.5691 1.6458 4.7723 0.8124 1.0754 30.2878 -7.8557 4.9493
Car -1 -1 -7.7636 559.4423 165.9986 596.9774 198.8156 1.6783 1.6982 3.8724 -1.2081 0.8858 38.7171 -7.7995 3.9510
Car -1 -1 -7.8093 589.6379 168.5950 611.6953 186.7938 1.3909 1.5993 3.7155 -0.0120 0.4045 56.7896 -7.8144 1.1941
Car -1 -1 -6.1481 548.3716 176.1431 609.0424 199.3945 1.5861 1.6662 4.0423 -1.5455 1.2207 50.0303 -6.1839 -1.5663
Car -1 -1 -5.0236 486.6927 174.6635 522.0767 196.5303 1.5743 1.6823 3.2579 -7.2457 1.0820 53.5479 -5.1624 -1.9650
Car -1 -1 -3.5466 429.9596 171.8290 503.8752 198.1951 1.6554 1.7164 4.4446 -8.7779 1.0483 47.0554 -3.7350 -2.2145
Car -1 -1 -3.0895 549.3109 177.3939 608.8505 202.3477 1.5158 1.6267 3.6131 -1.3489 1.2664 44.4774 -3.1247 -2.4546
Car -1 -1 -3.4831 578.8463 168.6589 662.7410 197.9801 1.5095 1.6708 4.1662 1.0216 0.8486 38.4287 -3.4616 -2.5783
Car -1 -1 -5.1238 380.2114 166.5325 420.3912 186.0096 1.7149 1.8748 4.4961 -18.3606 0.3968 65.5795 -5.4006 -2.6509
Car -1 -1 -4.0443 0.0000 173.0360 45.1617 198.8880 1.4938 1.6508 3.5300 -35.6860 1.0048 43.2909 -4.7356 -2.6586
Car -1 -1 -4.9036 462.8205 172.5284 496.1449 195.4050 1.6008 1.6591 3.9308 -8.9168 0.9730 52.3964 -5.0763 -2.7588
Car -1 -1 -4.4897 0.0000 180.0971 20.1309 202.5298 1.4477 1.5932 3.5137 -40.5200 1.3572 48.2831 -5.1901 -3.0100
Car -1 -1 -6.7709 1187.9315 152.2290 1237.0000 185.7324 1.6059 1.7215 4.2484 32.1460 0.2031 35.7652 -6.0472 -3.0969
Car -1 -1 -4.6037 736.6272 162.0784 767.7397 185.9866 1.6093 1.7241 4.2115 10.6728 0.3020 50.6215 -4.4018 -3.1295
Car -1 -1 -4.4304 448.7150 173.7827 475.6350 190.4451 1.5990 1.6528 3.7184 -13.6629 0.8581 70.8610 -4.6251 -3.2270
Car -1 -1 -5.1176 738.9025 164.8544 781.7089 187.8013 1.6710 1.7077 3.9904 12.0024 0.4588 54.4321 -4.9065 -3.3990
Car -1 -1 -5.5718 705.7333 163.6371 761.6577 185.7581 1.5984 1.6752 3.9983 9.9162 0.3076 53.9828 -5.3958 -3.5172
Car -1 -1 -4.9879 372.6520 175.1377 422.9848 206.9411 1.5066 1.5356 3.4029 -10.2165 1.2055 35.8798 -5.2685 -3.5231
Car -1 -1 -5.1382 408.8182 171.8347 446.9222 190.8495 1.5156 1.6298 3.7689 -14.3156 0.7451 59.2415 -5.3792 -3.5327
Car -1 -1 -5.0889 627.3069 166.8468 665.3403 187.1053 1.5932 1.6764 4.1380 3.6479 0.4407 58.7205 -5.0320 -3.5654
Car -1 -1 -8.2030 351.8667 164.2325 388.6515 184.3830 1.8262 1.8397 4.5107 -21.6993 0.2610 67.4430 -8.5179 -3.5875
Car -1 -1 -8.0733 399.3094 177.8253 452.7186 210.4486 1.4369 1.6032 3.9126 -8.3060 1.2754 33.7483 -8.3179 -3.7959
Car -1 -1 -5.8094 644.9385 166.2272 690.0754 183.9171 1.5351 1.6358 3.6597 5.9094 0.2095 64.0029 -5.7225 -3.8276
Car -1 -1 -5.6907 489.4814 165.9613 539.8618 184.9759 1.6289 1.7491 4.1267 -7.6144 0.2975 63.2468 -5.8149 -3.8377
Car -1 -1 -4.2749 0.0000 179.2891 52.6151 202.7559 1.5348 1.6212 3.7583 -39.3054 1.3902 49.0001 -4.9533 -3.9081
Car -1 -1 -2.9996 0.0000 160.0264 16.6621 199.1416 1.6924 1.7624 3.9964 -29.4852 0.7636 32.9236 -3.7308 -3.9761
Car -1 -1 -8.3201 612.7450 167.6196 661.8817 192.5103 1.5326 1.6208 3.7695 2.2697 0.6780 46.2829 -8.2763 -4.0858
Car -1 -1 -4.6272 156.7475 174.4914 188.5603 196.2521 1.5181 1.6792 3.8010 -31.0918 1.0291 52.1885 -5.1672 -4.1708
Car -1 -1 -4.6003 133.3909 176.5987 165.5039 198.0253 1.4836 1.5991 3.3389 -32.4052 1.1442 51.5876 -5.1639 -4.1798
Car -1 -1 -5.7293 720.1819 162.3809 769.3755 183.2009 1.8353 1.7186 4.0897 13.0457 0.1497 65.3389 -5.5378 -4.3024
Car -1 -1 -7.4578 23.1979 153.3203 88.5875 184.8493 1.6248 1.5516 3.6234 -29.5100 0.1728 38.9667 -8.1074 -4.3339
Car -1 -1 -4.9842 481.4760 189.8391 526.8049 216.1113 1.5508 1.7392 4.4481 -6.3191 2.1160 46.3012 -5.1243 -4.6255
Car -1 -1 -4.8794 643.5282 165.0728 674.0688 187.3058 1.6384 1.6515 4.0748 4.3719 0.4278 55.0396 -4.8053 -4.8716
Car -1 -1 -5.7265 0.0000 165.1891 96.5977 190.0823 1.4623 1.7497 4.3471 -33.2584 0.5043 43.2866 -6.3835 -4.9436
Car -1 -1 -7.6878 240.3392 165.2543 273.9484 188.4344 1.8883 1.8276 4.7743 -29.1809 0.5647 61.0641 -8.1368 -5.0815
Car -1 -1 -4.7791 277.9499 174.6776 318.8343 207.0576 1.6243 1.7157 4.1499 -16.1943 1.2823 38.2737 -5.1819 -5.0983
Car -1 -1 -2.9717 0.0000 149.3667 90.4837 181.5272 1.7338 1.8977 4.0239 -31.4123 0.0016 40.5108 -3.6329 -5.1546
Car -1 -1 -5.0486 674.8616 164.5308 708.0248 184.5828 1.6580 1.6533 3.7297 7.6823 0.2547 61.3942 -4.9295 -5.2920
Car -1 -1 -7.7264 422.2055 172.4055 504.1529 234.6824 1.3901 1.5940 3.1353 -3.3408 1.1876 17.6479 -7.9160 -5.3362
Car -1 -1 -3.8748 309.2894 170.5226 368.9576 193.0271 1.6083 1.7103 4.0917 -19.4784 0.8238 53.5455 -4.2270 -5.4271
Car -1 -1 -4.8772 496.3565 171.8915 539.9821 199.2901 1.3581 1.5804 4.2519 -4.4516 0.8821 37.8694 -4.9984 -5.5001
Car -1 -1 -4.6190 0.0000 180.1058 0.0000 204.9351 1.5550 1.7229 4.1192 -41.4106 1.4677 47.1589 -5.3418 -5.6614
Car -1 -1 -5.2786 436.0682 167.7319 479.8861 188.3407 1.6088 1.5954 3.9399 -11.5966 0.5339 58.0487 -5.4798 -5.6648
Car -1 -1 -4.9830 469.3788 172.2119 545.6293 214.6604 1.4807 1.7108 4.5150 -3.7058 1.1572 27.4695 -5.1209 -5.9639
Car -1 -1 -7.5225 207.5072 174.0798 264.3584 206.5155 1.8963 1.7671 4.5078 -22.4708 1.4626 44.3510 -7.9941 -6.1590
Car -1 -1 -3.3365 670.7517 162.9923 737.0797 185.7618 1.6045 1.8615 4.4396 7.3493 0.3003 51.6796 -3.2008 -6.2966
Car -1 -1 -5.1487 359.6436 174.8363 439.5764 212.2239 1.4965 1.6578 4.2312 -8.7554 1.2301 30.8934 -5.4277 -7.3843
Car -1 -1 -4.7212 739.6232 168.0808 767.7397 193.0412 1.6174 1.7886 2.5227 10.1472 0.7479 47.9565 -4.5187 -7.6390
