Car -1 -1 -7.6984 433.8567 177.1006 526.4728 249.5501 1.4787 1.5677 3.4607 -2.6946 1.3895 16.3996 -7.8641 6.8366
Car -1 -1 -7.5122 111.0067 189.9845 460.9638 373.0000 1.4295 1.5960 4.0002 -2.5475 1.5342 6.7967 -7.8647 6.8162
Car -1 -1 -7.7526 536.8172 167.8316 582.3488 207.1502 1.6504 1.6569 4.0114 -1.8280 1.0770 32.1892 -7.8139 6.2494
Car -1 -1 -7.8692 585.2361 170.6300 636.3521 219.5924 1.5378 1.6063 4.3794 0.2419 1.1968 24.7589 -7.8647 5.3403
Car -1 -1 -7.9614 563.9182 171.4778 593.8804 194.8549 1.5266 1.6270 3.6898 -1.5590 0.8721 48.8509 -7.9980 -0.2541
Car -1 -1 -8.1600 1009.0184 166.6363 1066.6124 194.6312 1.4160 1.5514 3.6897 23.1850 0.6644 38.3058 -7.6237 -0.8355
Car -1 -1 -8.0078 618.2109 169.5712 660.5772 199.3273 1.5828 1.6710 4.5870 2.0769 0.9485 40.5805 -7.9619 -1.2051
Car -1 -1 -7.6801 525.9335 172.1111 551.1275 189.0962 1.4332 1.6026 3.5887 -5.4109 0.6407 62.4659 -7.7711 -2.1255
Car -1 -1 -8.1330 586.6764 172.3096 634.9726 200.3244 1.4886 1.6274 4.0674 0.4657 1.0004 40.3463 -8.1265 -2.1579
Car -1 -1 -4.8479 617.5043 172.4094 652.6689 199.2805 1.5832 1.6139 4.0200 2.0356 1.0477 44.4014 -4.8073 -2.5010
Car -1 -1 -4.3683 432.8092 172.8801 481.4523 199.9625 1.4852 1.6243 3.6316 -8.2428 1.0126 41.3064 -4.5690 -2.5560
Car -1 -1 -4.6130 414.8495 172.7342 449.0669 199.8447 1.4815 1.5572 3.8005 -9.6848 1.0026 41.2420 -4.8472 -3.1904
Car -1 -1 -5.0795 634.0485 168.3296 666.1942 186.0405 1.5811 1.6846 3.7984 4.4857 0.4051 66.1905 -5.0170 -3.3743
Car -1 -1 -5.1705 394.8087 173.7174 437.0147 191.6689 1.4669 1.7210 4.3076 -15.7302 0.8308 60.8888 -5.4272 -3.4305
Car -1 -1 -3.7875 328.9243 174.3443 386.2524 197.1737 1.5781 1.6111 3.6781 -17.4703 1.0834 51.6298 -4.1172 -3.5188
Car -1 -1 -3.2143 730.3338 169.0831 807.4531 198.5489 1.6764 1.7250 4.2669 9.7361 0.9701 42.0367 -2.9931 -3.5258
Car -1 -1 -4.2833 376.3429 174.5446 421.8833 196.2904 1.5762 1.6773 4.3351 -15.2230 1.0720 54.3365 -4.5601 -3.7313
Car -1 -1 -5.1931 617.8649 171.7383 656.4407 191.3165 1.5262 1.6018 3.6166 2.8703 0.7651 57.9760 -5.1488 -3.8112
Car -1 -1 -7.5604 213.2562 169.9294 248.9997 189.0008 1.6025 1.6945 3.9857 -32.1231 0.6301 62.4719 -8.0384 -3.9838
Car -1 -1 -5.1277 984.5471 164.2300 1025.4563 183.1145 1.5507 1.6170 3.7705 34.2051 0.1324 60.9351 -4.6229 -4.0708
Car -1 -1 -4.5913 981.2878 158.2436 1024.0619 189.0398 1.6208 1.6403 3.9240 22.3036 0.3970 39.8775 -4.0890 -4.1471
Car -1 -1 -4.5991 194.3903 175.7457 225.4026 199.4995 1.5623 1.4853 3.5292 -26.7449 1.1839 49.1610 -5.1000 -4.3251
Car -1 -1 -6.8740 0.0000 190.6960 181.5269 373.0000 1.4761 1.4807 3.2626 -2.9555 1.5234 1.9648 -7.8054 -4.3530
Car -1 -1 -7.7524 1079.7578 161.6821 1123.7355 192.5142 1.6217 1.6239 4.1514 27.8128 0.5795 39.8919 -7.1516 -4.5112
Car -1 -1 -8.0655 569.8082 166.4196 601.8920 187.7978 1.6694 1.7482 4.1475 -1.2827 0.4917 58.3160 -8.0923 -4.5376
Car -1 -1 -4.8347 238.0941 189.9397 415.8042 319.4125 1.3739 1.7732 4.5783 -4.2049 1.5249 10.3717 -5.2169 -4.7796
Car -1 -1 -4.9476 425.8074 174.1680 459.8950 194.2325 1.4628 1.5862 4.1489 -12.0684 0.9282 54.5830 -5.1691 -4.9358
Car -1 -1 -5.1736 482.9986 171.9445 521.6630 189.4591 1.5280 1.7338 4.2506 -8.9570 0.6941 64.9128 -5.3151 -4.9527
Car -1 -1 -4.7646 513.8054 174.5130 544.0961 201.9400 1.5766 1.5963 3.7872 -4.4036 1.1751 43.2870 -4.8704 -4.9696
Car -1 -1 -5.2272 650.8948 166.7065 715.8276 198.6681 1.5809 1.6140 3.9682 4.2217 0.8494 37.6727 -5.1214 -5.0697
Car -1 -1 -4.8659 639.9918 169.9766 666.4532 188.4153 1.5318 1.6984 3.6704 4.4348 0.5743 61.5777 -4.7992 -5.1109
Car -1 -1 -8.0208 935.3470 159.2483 990.4006 193.9531 1.5555 1.6537 4.0957 17.2103 0.5584 34.3953 -7.5648 -5.1851
Car -1 -1 -5.0097 630.3975 168.0871 668.7700 191.7551 1.7274 1.7467 4.1564 3.6323 0.7484 54.6511 -4.9485 -5.3578
Car -1 -1 -8.1743 917.5424 166.4700 956.0540 186.7634 1.6511 1.7306 4.0342 28.2354 0.4281 60.5436 -7.7445 -5.3924
Car -1 -1 -6.6325 0.0000 183.7838 0.0000 373.0000 1.4625 1.5426 3.6547 -4.5010 1.4761 2.1430 -7.7181 -5.4387
Car -1 -1 -7.0085 0.0000 0.0000 1237.0000 373.0000 1.5244 1.5932 3.8022 -1.7105 1.5342 1.0296 -7.9399 -5.8867
Car -1 -1 -7.8121 452.0848 170.4994 524.4490 228.9468 1.5427 1.8995 3.8081 -3.2522 1.2528 20.9608 -7.9694 -5.9796
Car -1 -1 -4.1187 427.1460 172.9940 466.8802 193.8181 1.8782 1.5465 4.2111 -14.3281 1.1107 67.0319 -4.3334 -6.5059
Car -1 -1 -4.3032 567.8338 177.5530 616.2896 207.4074 1.5075 1.4155 3.2168 -0.4618 1.3084 38.0287 -4.3204 -6.7255
