Car -1 -1 -7.6591 415.0640 181.6186 524.3215 260.8112 1.4589 1.6006 3.4243 -2.6553 1.4622 14.9634 -7.8372 6.7392
Car -1 -1 -7.8730 586.8562 174.2185 641.8616 226.3816 1.5473 1.6327 4.4718 0.3298 1.3318 23.5518 -7.8643 6.6908
Car -1 -1 -7.7631 532.1213 172.5674 581.3291 215.8935 1.6619 1.6976 3.7363 -1.7885 1.3197 29.4438 -7.8284 6.6777
Car -1 -1 -4.3175 214.8671 187.6196 381.0047 268.8356 1.4046 1.6763 4.0799 -6.0486 1.5485 14.7770 -4.7054 6.2759
Car -1 -1 -7.3865 0.0000 195.8122 413.9441 373.0000 1.4612 1.5864 4.0241 -2.6587 1.6015 4.9896 -7.8616 5.9233
Car -1 -1 -4.6061 491.6754 172.6617 528.5005 201.8212 1.6736 1.7941 4.1085 -5.4522 1.1664 43.3021 -4.7356 3.5360
Car -1 -1 -7.7954 606.4473 175.2716 638.6948 202.2728 1.4481 1.6189 3.7726 1.2285 1.1143 40.4733 -7.7702 1.2346
Car -1 -1 -7.8431 566.7606 177.1576 591.4043 199.3424 1.4146 1.5714 3.8749 -1.4686 1.1378 47.7605 -7.8786 1.1058
Car -1 -1 -7.7656 585.4532 167.2419 608.6925 188.1364 1.7183 1.6631 3.8324 -0.3139 0.5456 61.0497 -7.7756 -0.0188
Car -1 -1 -5.0857 130.9176 174.5597 195.6319 203.8451 1.5681 1.6891 4.1794 -24.6712 1.1967 40.3985 -5.6360 -0.5830
Car -1 -1 -4.6832 350.8318 177.1478 376.7082 200.9747 1.5544 1.5782 3.7402 -16.1267 1.2705 48.8801 -5.0053 -0.8254
Car -1 -1 -4.6983 752.4490 172.9850 782.2078 199.4214 1.4295 1.5748 4.0594 9.4758 0.9692 40.9989 -4.4776 -1.0755
Car -1 -1 -2.8610 708.7589 172.8323 773.5895 198.8085 1.5496 1.5946 3.6355 8.6318 1.0327 44.3830 -2.6750 -1.5914
Car -1 -1 -3.4595 427.8158 174.8303 497.8897 198.0930 1.6045 1.7306 4.6173 -9.8912 1.1445 51.4327 -3.6535 -1.7239
Car -1 -1 -8.5196 713.3392 169.7083 770.2682 194.6837 1.6667 1.6659 4.1655 9.7564 0.8798 50.1680 -8.3334 -1.7310
Car -1 -1 -2.3211 272.7827 173.6328 340.3838 198.0801 1.5775 1.7256 4.2717 -19.7086 1.0699 48.0231 -2.7135 -1.7619
Car -1 -1 -3.1595 867.5082 160.4485 931.3526 187.4635 1.5894 1.6219 3.5209 18.0580 0.3510 43.6513 -2.7743 -1.8907
Car -1 -1 -4.5301 0.0000 176.7780 51.8774 206.0434 1.5600 1.6711 4.1331 -32.4375 1.3084 40.5057 -5.2071 -2.3226
Car -1 -1 -7.4522 528.3713 176.1678 566.1833 195.7356 1.4654 1.5783 3.8209 -4.1508 1.0660 55.8579 -7.5310 -2.7139
Car -1 -1 -4.6144 8.0232 170.9818 51.4109 198.5301 1.6234 1.6852 4.5470 -35.4996 1.0037 44.6972 -5.2876 -2.8219
Car -1 -1 -4.0408 302.3847 178.5819 366.0282 204.6830 1.5492 1.6432 3.9178 -16.5744 1.3761 44.7540 -4.3986 -3.0014
Car -1 -1 -4.9363 869.2301 161.3791 903.6273 181.7139 1.5461 1.6677 3.9063 22.4547 0.0162 56.6700 -4.5654 -3.2338
Car -1 -1 -7.2566 152.4527 175.0635 205.4782 196.0181 1.6056 1.6763 4.0102 -33.4854 1.1123 57.0942 -7.7899 -3.2943
Car -1 -1 -4.5544 517.3068 176.0182 544.5490 195.5099 1.4697 1.5609 3.7715 -5.4509 1.0563 56.0904 -4.6558 -3.5013
Car -1 -1 -4.8455 858.3846 170.0882 905.8475 204.4507 1.5276 1.5790 3.6359 13.1630 1.0206 33.8848 -4.4826 -3.9846
Car -1 -1 -4.7121 663.7496 174.3972 680.6025 190.8451 1.5500 1.5821 3.6303 6.8793 0.8803 69.5757 -4.6188 -4.0498
Car -1 -1 -7.2013 30.8133 178.2460 107.2489 205.7477 1.5103 1.6211 3.7030 -30.5226 1.3318 41.3116 -7.8396 -4.1201
Car -1 -1 -6.7578 436.1932 177.7213 503.9645 201.0364 1.4343 1.6000 3.9853 -8.3866 1.2019 46.0421 -6.9420 -4.2941
Car -1 -1 -7.5230 0.0000 193.8054 162.9319 288.4112 1.5256 1.6793 3.9131 -10.2714 1.8065 14.2484 -8.1444 -4.4179
Car -1 -1 -4.1848 557.1122 179.1963 622.1416 207.9497 1.4377 1.5891 4.1537 -0.5684 1.3227 38.1178 -4.2047 -4.4481
Car -1 -1 -6.5187 1184.5807 137.5788 1237.0000 195.2879 1.6790 1.6510 4.0158 21.0470 0.4016 22.5917 -5.7793 -4.6202
Car -1 -1 -7.3525 398.4676 172.1963 435.4853 190.9122 1.7713 1.7397 4.1431 -17.9417 0.8905 70.2072 -7.6067 -4.7403
Car -1 -1 -4.6066 540.1412 177.2342 573.9988 201.6547 1.4996 1.7213 4.7165 -2.8115 1.2377 46.5020 -4.6717 -4.7515
Car -1 -1 -7.7295 237.2509 163.2244 272.2118 190.6521 1.8204 1.6925 4.2058 -24.0377 0.6075 49.9400 -8.1809 -5.1291
Car -1 -1 -7.8729 1200.1649 159.1383 1237.0000 225.2878 1.4140 1.4946 3.4245 15.2323 0.9366 17.1490 -7.1592 -5.3211
Car -1 -1 -4.8030 327.5282 178.4381 363.1207 203.3167 1.3897 1.6348 3.5328 -15.0322 1.2188 42.0731 -5.1491 -5.8739
Car -1 -1 -4.8663 441.9106 183.6595 506.9442 223.8332 1.3759 1.7105 4.6272 -4.9407 1.4658 27.3315 -5.0486 -5.9832
Car -1 -1 -8.1796 713.7848 173.7699 739.8876 187.6678 1.3380 1.5560 3.2677 12.3898 0.5934 70.8915 -8.0121 -6.8922
