Car -1 -1 -7.5957 331.0191 184.0702 478.6600 285.2889 1.4596 1.5641 3.4242 -3.1958 1.5098 12.1580 -7.8531 7.2652
Car -1 -1 -7.8421 548.9763 174.0199 602.6597 223.8494 1.5434 1.6636 4.5219 -0.8888 1.3121 24.5331 -7.8831 6.7425
Car -1 -1 -7.8398 593.9997 172.1221 621.6987 202.0515 1.5188 1.4061 2.1963 0.3364 1.0431 37.5642 -7.8359 6.1760
Car -1 -1 -7.7570 527.6700 171.9697 568.9849 207.8730 1.5884 1.5885 3.8180 -2.4503 1.1671 33.7049 -7.8341 2.5567
Car -1 -1 -4.5580 487.9411 176.1592 520.4825 198.7466 1.4944 1.6424 4.0284 -6.6512 1.1411 49.5525 -4.6958 1.9012
Car -1 -1 -6.9227 0.0000 219.0986 230.1823 373.0000 1.4344 1.5850 3.8153 -2.8713 1.6385 1.9662 -7.8403 0.8939
Car -1 -1 -1.7408 53.0528 184.9595 117.1040 222.7743 1.5017 1.6105 3.7238 -22.1519 1.6591 30.7477 -2.3662 -0.7207
Car -1 -1 -3.1307 102.0520 174.5209 188.5291 205.6777 1.6492 1.7140 3.9735 -25.2046 1.2800 39.7997 -3.6972 -1.9365
Car -1 -1 -7.6623 812.2927 170.8976 858.1807 202.2161 1.4585 1.5392 3.4600 11.5284 0.9650 35.3393 -7.3542 -1.9600
Car -1 -1 -8.1027 704.7283 161.7046 733.5721 180.5103 1.7239 1.7172 4.1157 11.1746 -0.0973 68.2045 -7.9457 -2.7256
Car -1 -1 -4.9086 35.3490 179.8630 95.7747 213.5139 1.5603 1.6316 3.9256 -26.3185 1.4847 35.2259 -5.5517 -2.8938
Car -1 -1 -8.0854 0.0000 191.0299 1140.1818 373.0000 1.4735 1.6173 3.8330 -0.9164 1.5321 2.3205 -8.4347 -3.0996
Car -1 -1 -7.9507 530.6631 171.0875 568.6174 202.9433 1.6936 1.6937 4.3123 -2.9725 1.1402 40.4594 -8.0286 -3.1674
Car -1 -1 -7.7721 567.1379 172.3520 593.6711 194.9151 1.5680 1.6169 4.0037 -1.4713 0.9322 51.9587 -7.8052 -3.6969
Car -1 -1 -4.3733 422.0453 173.8134 469.1756 199.4005 1.5594 1.6861 4.1127 -9.8934 1.0910 45.9230 -4.5893 -4.0014
Car -1 -1 -5.2219 1101.8837 163.2446 1158.6489 186.2280 1.5983 1.6419 3.7860 38.1664 0.3288 51.9306 -4.5954 -4.1034
Car -1 -1 -3.0954 261.7184 174.8596 325.1605 200.0344 1.6262 1.7259 3.8177 -20.4572 1.1973 47.8828 -3.5022 -4.1611
Car -1 -1 -8.2980 1137.3800 166.0352 1203.4293 191.0027 1.4752 1.6488 3.9360 35.1857 0.5616 44.5408 -7.6372 -4.1908
Car -1 -1 -7.2969 157.5420 182.2563 391.5152 295.8323 1.5220 1.5978 3.9147 -5.0773 1.5370 11.7078 -7.7036 -4.3659
Car -1 -1 -8.6179 907.4377 164.4583 996.7441 199.3064 1.5156 1.5849 3.6845 16.1195 0.7747 33.2403 -8.1745 -4.3759
Car -1 -1 -4.6389 82.7852 168.0707 124.6481 197.3957 1.6585 1.7412 4.5587 -29.7454 0.8992 43.0324 -5.2458 -4.4048
Car -1 -1 -7.5251 258.7284 178.7853 313.0146 209.0910 1.5545 1.5840 3.6860 -16.9566 1.4155 38.7505 -7.9402 -4.6519
Car -1 -1 -4.5475 326.3839 180.3075 374.2906 214.4838 1.4664 1.4836 3.7138 -11.4064 1.4155 32.7773 -4.8850 -4.7696
Car -1 -1 -5.1855 510.3766 175.6598 562.9233 198.5919 1.4504 1.6526 4.3551 -4.3466 1.0811 47.7143 -5.2808 -4.7721
Car -1 -1 -7.6806 89.2375 177.7546 133.9712 203.5486 1.5831 1.6663 4.3959 -31.5838 1.3533 46.4329 -8.2803 -4.8722
Car -1 -1 -6.3322 811.8982 162.6740 889.6033 192.1445 1.6242 1.6638 4.0919 14.1360 0.5868 40.9474 -6.0066 -4.8997
Car -1 -1 -5.9274 370.8998 176.2121 438.0002 201.0540 1.5219 1.6435 3.7151 -12.3012 1.1980 44.9835 -6.1979 -5.1121
Car -1 -1 -8.0252 381.8611 179.2357 449.2137 223.7469 1.3654 1.5786 3.5032 -6.2859 1.2964 23.9561 -8.2843 -5.1197
Car -1 -1 -6.4949 396.5787 175.7565 470.1327 203.3071 1.4771 1.6006 3.7366 -9.3681 1.1693 40.0396 -6.7283 -5.2398
Car -1 -1 -4.7006 548.7800 174.8816 575.1489 197.8918 1.3725 1.5720 3.9435 -2.4486 0.9778 44.8539 -4.7598 -5.8867
Car -1 -1 -4.4876 0.0000 185.3663 0.0000 212.6658 1.5393 1.6576 4.0139 -41.4165 1.7837 43.2574 -5.2533 -5.8867
Car -1 -1 -4.7115 388.2039 179.7864 438.2605 219.6110 1.3671 1.6773 4.7216 -7.1397 1.3087 27.1553 -4.9714 -5.8958
Car -1 -1 -4.8904 367.1644 185.0959 458.1146 238.5665 1.3592 1.7477 4.6146 -5.6716 1.4773 21.0487 -5.1558 -6.0089
Car -1 -1 -4.5174 386.2450 173.5260 408.0636 190.9731 1.6803 1.5113 3.0869 -20.0638 0.9120 70.7825 -4.7975 -6.3330
