Car -1 -1 -7.8410 589.5209 171.5455 638.2031 217.4523 1.5377 1.6318 4.4887 0.4442 1.2047 26.3259 -7.8294 6.3343
Car -1 -1 -7.6342 370.5608 181.8516 504.7202 276.7002 1.4556 1.5892 3.4754 -2.7945 1.4632 12.7762 -7.8509 6.2550
Car -1 -1 -7.7459 528.5598 169.9247 576.5084 209.9303 1.6172 1.6609 4.0466 -2.0668 1.1496 31.0909 -7.8168 6.1215
Car -1 -1 -7.2723 0.0000 199.7246 380.2699 373.0000 1.4927 1.6264 3.8396 -2.6196 1.6379 3.7758 -7.8545 5.3743
Car -1 -1 -4.0932 0.0000 189.9292 228.7654 373.0000 1.4593 1.5198 3.9326 -5.8905 1.5755 7.8719 -4.7257 5.0125
Car -1 -1 -4.5773 492.3507 174.0764 526.2239 198.9799 1.5085 1.6371 3.8667 -5.7805 1.0589 45.4497 -4.7081 2.3812
Car -1 -1 -7.7954 561.5844 170.7323 590.4971 197.1857 1.6465 1.6634 4.1582 -1.6070 0.9764 46.8058 -7.8345 1.9846
Car -1 -1 -8.0714 574.6906 171.6871 603.5822 190.2171 1.4587 1.5725 3.6961 -1.0112 0.6861 58.5302 -8.0935 0.1366
Car -1 -1 -7.9590 359.2288 179.1371 402.7322 210.7502 1.3937 1.5513 3.6988 -10.3893 1.2898 33.6734 -8.2611 -0.8132
Car -1 -1 -7.9489 1132.5046 153.2437 1196.2379 194.8557 1.5235 1.5762 3.8219 22.0964 0.4894 28.3379 -7.2960 -0.9659
Car -1 -1 -5.4435 0.0000 172.0408 83.6839 200.3421 1.5582 1.6779 3.8417 -31.7368 1.0376 40.7117 -6.1074 -1.1799
Car -1 -1 -6.7747 1133.9521 161.7599 1237.0000 201.4730 1.6104 1.6727 3.9354 25.1226 0.8103 30.3241 -6.0920 -1.3218
Car -1 -1 -7.9814 478.5612 169.8642 505.0716 189.5617 1.5405 1.6432 3.7308 -8.8877 0.6304 58.2018 -8.1371 -1.8739
Car -1 -1 -8.2984 623.3751 171.4768 660.9172 190.4334 1.4690 1.5749 3.6476 3.2533 0.6922 57.6528 -8.2472 -2.0823
Car -1 -1 -8.0357 1079.7463 153.6747 1152.6414 194.3823 1.5290 1.6448 4.0898 20.7810 0.4842 29.1825 -7.4261 -2.5101
Car -1 -1 -5.3549 600.0895 172.0917 650.1942 193.2522 1.4976 1.6271 3.9578 1.7218 0.8317 52.9260 -5.3275 -2.7205
Car -1 -1 -5.8441 693.2633 170.8117 757.3749 194.5532 1.4963 1.6301 3.8014 8.0978 0.8227 47.0225 -5.6795 -2.7702
Car -1 -1 -7.8699 393.3153 176.6023 429.0110 207.4356 1.3888 1.5656 3.7272 -9.1506 1.1685 34.3635 -8.1333 -2.8077
Car -1 -1 -2.0930 0.0000 166.9776 83.0829 202.1576 1.6451 1.6784 3.5081 -27.3130 0.9662 35.0269 -2.7566 -2.8879
Car -1 -1 -4.4766 318.4278 173.5041 374.5397 208.4372 1.5600 1.6154 4.0893 -12.0670 1.2032 34.1981 -4.8184 -2.8956
Car -1 -1 -7.2812 107.2990 187.5672 211.6392 228.7013 1.4351 1.6151 3.7800 -16.8255 1.6841 27.5321 -7.8307 -3.3242
Car -1 -1 -4.7006 707.6691 169.9078 724.5241 184.2329 1.3750 1.6004 3.7819 11.3754 0.2620 70.9477 -4.5470 -3.4395
Car -1 -1 -7.8723 1182.6954 149.6253 1237.0000 193.2696 1.5691 1.6568 3.6372 23.5243 0.4235 27.7628 -7.1789 -3.4847
Car -1 -1 -2.7112 310.8572 174.7372 404.0201 203.9879 1.6122 1.7490 4.6974 -13.7854 1.2396 40.6979 -3.0409 -3.5246
Car -1 -1 -4.6806 239.6226 180.2950 269.9907 206.9663 1.4103 1.4224 3.1650 -19.1328 1.3467 39.7173 -5.1319 -3.5398
Car -1 -1 -5.0886 396.2545 174.9917 454.5516 204.0616 1.5297 1.6588 4.3385 -9.8694 1.1874 40.0471 -5.3337 -3.6491
Car -1 -1 -6.9684 3.9751 187.3887 155.8156 238.9292 1.4379 1.5676 3.6822 -16.1799 1.6388 22.4742 -7.5921 -3.7549
Car -1 -1 -3.9336 120.2857 175.2141 181.6550 199.5594 1.6962 1.6280 3.7220 -32.5513 1.2582 52.0419 -4.4953 -4.0087
Car -1 -1 -7.8262 122.9953 173.8085 162.6680 206.6345 1.6773 1.7039 4.5505 -24.8980 1.2845 39.0946 -8.3953 -4.0426
Car -1 -1 -4.4987 655.5582 168.9605 685.5034 188.2707 1.5242 1.6544 3.9865 5.7188 0.5343 58.8494 -4.4071 -4.2394
Car -1 -1 -4.7120 518.9465 174.1744 545.6091 198.6027 1.4817 1.6130 4.0493 -4.4017 1.0374 45.6651 -4.8125 -4.2992
Car -1 -1 -7.8482 1169.0714 174.3379 1214.6034 205.9293 1.4684 1.6595 4.2727 29.1957 1.1358 35.5694 -7.1696 -4.3486
Car -1 -1 -7.8603 776.0496 159.8496 802.1266 186.6516 1.7542 1.6579 3.9170 12.8078 0.3372 49.1162 -7.6114 -4.4982
Car -1 -1 -6.9157 0.0000 177.3851 64.5305 236.7283 1.4360 1.5362 3.9040 -17.0469 1.3370 19.4552 -7.6336 -4.5070
Car -1 -1 -5.3117 353.2192 169.3041 405.0718 189.8085 1.7175 1.8151 4.9488 -19.3143 0.6957 62.4125 -5.6155 -4.5369
Car -1 -1 -8.1509 1150.3109 159.9371 1216.9199 192.1486 1.6468 1.6158 4.1775 31.4698 0.5446 38.9642 -7.4797 -4.6561
Car -1 -1 -3.2453 621.7546 170.3176 692.6540 199.0009 1.6832 1.8382 4.0651 3.3079 1.0271 43.1381 -3.1742 -4.9574
Car -1 -1 -7.5857 297.1511 171.8029 326.6543 188.3090 1.5714 1.7229 3.9068 -28.3034 0.6479 70.4259 -7.9714 -4.9733
Car -1 -1 -8.1201 408.3568 175.0679 487.0529 220.8018 1.3563 1.6093 3.4669 -5.0595 1.1661 23.2128 -8.3375 -5.1135
Car -1 -1 -4.5562 336.8909 177.2264 367.2361 199.6959 1.5249 1.5348 3.2915 -17.4848 1.2349 50.5068 -4.8929 -5.2980
Car -1 -1 -6.6122 656.1694 168.0702 743.3832 196.8887 1.6418 1.7721 4.7650 5.7615 0.8768 42.2637 -6.4825 -5.6962
Car -1 -1 -4.9807 406.3221 180.0686 487.9574 221.6545 1.3684 1.7028 4.6064 -5.7170 1.3218 26.0714 -5.1996 -5.8535
Car -1 -1 -5.0422 385.5651 175.5939 500.9488 229.0340 1.3497 1.8184 4.5199 -4.6712 1.2011 20.5426 -5.2682 -6.2730
Car -1 -1 -7.6142 75.5986 183.6625 248.3685 284.4865 1.6168 1.8108 4.4817 -8.3344 1.6668 14.0289 -8.1476 -6.2942
Car -1 -1 -8.1217 406.3984 167.2899 442.5867 192.6307 1.7999 1.6144 3.8697 -13.0975 0.7905 53.1024 -8.3673 -6.3039
