Car -1 -1 -7.6531 384.7887 184.2209 505.7332 272.5340 1.4669 1.5964 3.4585 -2.8903 1.5262 13.7733 -7.8618 7.4304
Car -1 -1 -7.2917 0.0000 200.8459 387.7846 373.0000 1.4549 1.6233 3.9983 -2.6451 1.6170 3.9909 -7.8548 5.4776
Car -1 -1 -7.8529 587.6257 175.1427 633.8472 218.6686 1.5453 1.6413 4.3249 0.3214 1.3200 27.6718 -7.8465 4.8297
Car -1 -1 -7.7458 535.4733 176.1029 577.1775 209.0877 1.4897 1.6024 3.8818 -2.1178 1.2462 34.4158 -7.8119 4.5334
Car -1 -1 -7.8433 558.2477 173.6708 584.8101 200.4375 1.7151 1.7018 4.3081 -1.9881 1.2135 48.2121 -7.8894 1.1449
Car -1 -1 -7.9360 600.1381 174.6431 631.4495 200.1894 1.5746 1.6542 4.2086 0.8893 1.1521 46.4325 -7.9220 -0.0836
Car -1 -1 -4.5570 422.4975 181.2018 473.2186 216.7559 1.4036 1.5537 3.6392 -6.4131 1.3922 30.2195 -4.7695 -0.2036
Car -1 -1 -3.4066 697.6290 171.3699 743.2124 186.9905 1.5019 1.6350 4.0990 11.6322 0.5276 70.0972 -3.2477 -1.8332
Car -1 -1 -8.0762 467.7024 176.2360 499.3995 196.7833 1.5267 1.5981 3.7915 -9.1095 1.1355 55.4289 -8.2433 -2.3790
Car -1 -1 -4.9770 626.1435 176.2020 662.4617 200.8898 1.5776 1.5405 3.4458 2.8186 1.2391 47.7496 -4.9233 -2.5665
Car -1 -1 -4.5690 57.6983 184.8813 102.0495 212.4596 1.5982 1.6634 4.0494 -32.1231 1.8172 44.3386 -5.1982 -2.6869
Car -1 -1 -6.0401 596.6409 174.1575 658.8511 196.7402 1.5980 1.6742 4.2441 1.9364 1.0784 52.2121 -6.0082 -2.7103
Car -1 -1 -7.2194 80.4412 179.3479 161.5797 209.9772 1.5828 1.6371 3.9841 -26.0763 1.4718 39.1470 -7.8089 -2.9044
Car -1 -1 -4.7321 571.3487 175.6726 592.1874 195.1995 1.5640 1.6269 3.7593 -1.6298 1.0971 59.4538 -4.7643 -3.0947
Car -1 -1 -4.5333 585.3747 167.8865 612.4711 188.9101 1.9647 1.8709 4.5051 -0.1650 0.6922 69.5095 -4.5406 -3.2691
Car -1 -1 -4.5791 283.5294 179.6488 325.4272 211.8324 1.6825 1.6106 4.2201 -16.3917 1.5859 39.8002 -4.9726 -3.5301
Car -1 -1 -4.5803 363.0109 177.5131 403.4908 208.0195 1.6022 1.6359 4.1240 -12.0607 1.3930 39.8962 -4.8771 -3.5808
Car -1 -1 -4.6735 585.0864 175.6999 607.7907 196.6448 1.5116 1.5757 3.6762 -0.3286 1.0930 53.7024 -4.6845 -3.6192
Car -1 -1 -7.9327 634.9044 171.5553 660.1915 193.8664 1.6550 1.6057 4.0051 3.5338 0.9173 55.3040 -7.8741 -3.6258
Car -1 -1 -6.5099 571.9342 179.4014 649.4846 205.0129 1.4365 1.6447 4.2191 0.5165 1.3189 41.5513 -6.5026 -3.6382
Car -1 -1 -4.3459 580.6779 173.0874 616.7658 191.7771 1.5036 1.6484 4.1696 -0.1595 0.8266 60.0321 -4.3534 -3.6560
Car -1 -1 -7.2367 318.6488 176.1822 400.8552 212.6656 1.6610 1.7153 4.1403 -11.6654 1.4192 34.9344 -7.5618 -3.6812
Car -1 -1 -7.7833 736.2148 162.2074 757.3667 184.0034 1.7578 1.5093 3.3990 12.1411 0.2017 59.7715 -7.5886 -3.6819
Car -1 -1 -6.9262 0.0000 172.1997 62.5677 209.3930 1.5888 1.6588 3.5646 -26.8562 1.1918 32.6132 -7.6162 -3.7155
Car -1 -1 -3.2917 807.1904 158.4213 911.0168 193.9716 1.6087 1.7244 4.3698 12.0048 0.5646 33.7545 -2.9573 -3.7807
Car -1 -1 -4.2171 406.7242 179.2871 475.0095 209.1854 1.4517 1.6520 4.2096 -8.2216 1.3445 37.1293 -4.4386 -3.9308
Car -1 -1 -3.4332 890.4631 150.3712 976.0669 183.0715 1.8244 1.8125 4.1069 18.9825 0.0878 41.2476 -3.0091 -4.1234
Car -1 -1 -6.9014 0.0000 171.6180 104.1795 208.8645 1.5460 1.6049 3.6314 -24.3558 1.1361 31.7867 -7.5561 -4.1471
Car -1 -1 -4.5551 267.3235 174.0106 292.0514 191.0833 1.5847 1.5848 3.8937 -30.7260 0.8892 68.7645 -4.9788 -4.2239
Car -1 -1 -4.3717 23.9423 181.8515 80.0356 211.4226 1.7414 1.6215 3.6810 -33.8409 1.7641 44.3485 -5.0257 -4.2972
Car -1 -1 -5.1156 669.6379 172.8043 705.6743 190.1781 1.6521 1.9491 4.3437 8.4780 0.8249 70.6686 -5.0016 -4.4190
Car -1 -1 -8.1317 533.7414 175.7493 577.7618 203.6710 1.5760 1.6776 3.5175 -2.7438 1.2515 42.4835 -8.2009 -4.5733
Car -1 -1 -8.1267 437.4687 174.0049 474.4488 198.4510 1.6397 1.6339 3.4846 -10.1663 1.1370 50.1045 -8.3308 -4.6129
Car -1 -1 -4.3248 78.4719 183.9751 136.5730 210.6883 1.5727 1.6234 3.9403 -30.6991 1.7342 44.7762 -4.9281 -4.6371
Car -1 -1 -8.0064 0.0000 0.0000 1237.0000 373.0000 1.5244 1.4264 3.4185 0.8407 1.4414 1.0645 -7.4517 -4.7206
Car -1 -1 -7.1199 694.6890 167.8857 749.5424 191.8658 1.7366 1.7171 4.1847 9.1130 0.7506 53.9996 -6.9585 -4.7560
Car -1 -1 -9.1412 0.0000 0.0000 1237.0000 373.0000 1.5220 1.4897 3.2247 2.3830 1.4660 0.5814 -7.9170 -4.8542
Car -1 -1 -8.1201 535.7769 177.9623 598.6069 217.4446 1.5205 1.6169 3.8348 -1.5046 1.3846 29.7377 -8.1754 -4.9059
Car -1 -1 -6.9052 564.8552 176.7431 652.7758 208.6109 1.5443 1.6900 4.3314 0.4036 1.3141 36.7524 -6.8994 -4.9140
Car -1 -1 -5.0271 622.8398 179.4405 650.5429 195.3313 1.5041 1.5469 3.8998 3.4473 1.3089 70.0784 -4.9832 -4.9467
Car -1 -1 -2.2741 434.5805 174.4109 488.7180 196.3818 1.6114 1.6764 4.2587 -10.6449 1.0914 54.6636 -2.4705 -5.0108
Car -1 -1 -7.2090 1212.1830 196.5819 1237.0000 373.0000 1.5527 1.4994 3.5475 4.4906 1.6240 2.4396 -6.1858 -5.1609
Car -1 -1 -4.9259 767.0045 178.8584 815.1486 210.6612 1.4906 1.5465 3.5622 9.2951 1.3671 35.4770 -4.6766 -5.6374
Car -1 -1 -4.5808 15.9188 183.2576 53.3018 204.8273 1.5021 1.6451 4.0080 -41.3682 1.6358 52.5148 -5.2506 -5.8867
Car -1 -1 -4.5502 0.0000 182.8319 18.7890 205.5730 1.4850 1.6408 4.0075 -41.3848 1.5803 49.2964 -5.2509 -5.8867
Car -1 -1 -4.5211 0.0000 182.1671 0.0000 206.5061 1.4982 1.6481 4.0148 -41.4000 1.5434 46.4790 -5.2509 -5.8867
Car -1 -1 -4.9853 405.5846 186.0344 491.4388 230.3822 1.3611 1.7303 4.5021 -5.4269 1.5340 24.9285 -5.2028 -5.9413
Car -1 -1 -4.6873 726.2311 167.0790 751.0068 191.4055 1.6673 1.6649 4.0871 9.8615 0.6789 51.4050 -4.5036 -6.0134
Car -1 -1 -4.9146 404.0583 178.5747 495.2704 229.1856 1.3502 1.7937 4.3743 -4.6824 1.2726 21.5262 -5.1315 -6.4753
