Car -1 -1 -7.4769 160.1360 190.7585 436.7447 361.6197 1.4269 1.5541 3.4908 -3.0674 1.5526 7.9446 -7.8406 7.8187
Car -1 -1 -7.8146 504.9437 172.9720 584.3953 246.4656 1.5540 1.6799 4.1932 -1.3275 1.3743 17.3188 -7.8953 6.6866
Car -1 -1 -7.8138 599.7999 170.6630 639.6688 209.7794 1.4965 1.5138 2.3555 0.7424 1.0823 28.7032 -7.7933 5.9909
Car -1 -1 -4.3626 300.5411 181.7673 398.0848 238.4219 1.4193 1.5827 2.9498 -6.7764 1.4276 19.4946 -4.6983 5.3096
Car -1 -1 -4.4902 451.4841 175.8869 504.1284 206.5340 1.4668 1.7896 4.0915 -6.2117 1.1984 36.4669 -4.6628 4.5343
Car -1 -1 -7.7646 501.5340 170.7719 561.2213 224.3745 1.6097 1.6240 3.7533 -2.2371 1.2880 23.4562 -7.8638 3.4888
Car -1 -1 -7.6807 576.0914 174.0703 622.6765 207.1068 1.5351 1.6243 4.2206 -0.0487 1.1901 35.5947 -7.6871 2.8739
Car -1 -1 -7.7949 575.6769 173.1356 605.0540 198.1169 1.4129 1.5469 3.5600 -0.6184 0.9399 42.4357 -7.8144 -0.7135
Car -1 -1 -7.7171 413.5656 175.2050 438.3556 194.3717 1.5878 1.5971 3.5990 -14.9342 1.0661 61.3803 -7.9597 -1.0108
Car -1 -1 -2.0630 379.5621 173.3617 434.8363 200.4484 1.5346 1.5919 3.6987 -11.5458 1.0737 42.5868 -2.3312 -1.5455
Car -1 -1 -7.8107 529.5417 172.5594 573.3633 212.2239 1.5377 1.6643 4.0041 -2.0353 1.1915 29.8740 -7.8832 -2.1169
Car -1 -1 -7.4788 266.7739 170.5538 309.4089 191.7708 1.6385 1.7083 4.2521 -25.0536 0.7931 57.6320 -7.8921 -2.4946
Car -1 -1 -5.9585 79.8599 186.6172 178.4227 217.0086 1.4912 1.6256 3.9278 -24.2236 1.7639 36.9647 -6.5405 -2.8442
Car -1 -1 -4.4024 692.7994 173.1963 722.7598 190.7813 1.5389 1.6026 3.8413 9.6755 0.8120 64.9418 -4.2600 -3.1807
Car -1 -1 -2.3096 349.7103 173.6718 429.3534 204.1392 1.5617 1.6945 4.2283 -11.4230 1.1606 38.6357 -2.6003 -3.2189
Car -1 -1 -7.4329 279.7158 176.9413 330.1511 201.1962 1.4710 1.5827 3.7038 -18.6869 1.1946 45.4385 -7.8260 -3.2660
Car -1 -1 -5.0727 671.2193 171.5447 705.8796 189.8783 1.5003 1.6810 3.7387 7.3610 0.6854 60.7992 -4.9577 -3.4443
Car -1 -1 -8.4236 984.2086 201.3062 1237.0000 373.0000 1.3571 1.5453 3.8272 2.7911 1.4853 2.5956 -7.6567 -3.7673
Car -1 -1 -2.4879 217.9839 178.8568 292.5600 203.8558 1.4830 1.6247 3.9141 -21.0854 1.3263 43.8022 -2.9392 -3.8240
Car -1 -1 -4.7634 358.2815 178.0022 397.1559 208.8735 1.4782 1.6591 4.2112 -11.4712 1.3110 36.6593 -5.0697 -3.9706
Car -1 -1 -4.4264 403.2693 175.8750 452.3594 204.1895 1.5232 1.6606 3.9723 -9.7652 1.2208 40.6658 -4.6656 -3.9731
Car -1 -1 -4.7813 99.4075 173.4637 134.5961 199.8667 1.7216 1.6935 4.1713 -33.0641 1.1976 49.0020 -5.3773 -4.0215
Car -1 -1 -4.4524 477.2816 172.4149 511.5889 194.9534 1.6875 1.6506 4.1378 -8.2648 1.0072 55.9310 -4.6034 -4.0221
Car -1 -1 -7.7317 305.2961 171.4372 333.2565 192.6723 1.7483 1.7669 3.9447 -23.9984 0.9196 61.2714 -8.1085 -4.1013
Car -1 -1 -4.8859 724.8884 167.8703 764.4843 194.8728 1.6301 1.7094 4.3036 9.0245 0.8074 45.5310 -4.6963 -4.2069
Car -1 -1 -7.6329 123.6624 171.3426 167.3934 196.2174 1.6442 1.6862 4.2077 -31.4938 0.9728 49.7473 -8.1998 -4.3540
Car -1 -1 -7.7851 278.8221 183.2600 368.0948 259.2263 1.4038 1.5215 3.4372 -5.8160 1.4463 15.2263 -8.1497 -4.4019
Car -1 -1 -5.1900 614.9511 176.7101 657.9439 197.8998 1.4865 1.5381 3.8066 2.5286 1.1505 52.4440 -5.1470 -4.4376
Car -1 -1 -8.1286 1100.1960 155.0644 1170.1019 187.5529 1.4871 1.7309 3.7847 25.8599 0.2773 34.9561 -7.5002 -4.6307
Car -1 -1 -4.4445 493.0096 174.2380 526.2368 194.3790 1.4946 1.5598 3.9802 -7.0167 0.9556 55.3821 -4.5749 -4.7174
Car -1 -1 -4.2832 286.1817 176.0613 336.5637 201.6347 1.6902 1.6673 4.1313 -19.9378 1.3308 49.5772 -4.6688 -4.7441
Car -1 -1 -4.3974 377.7888 176.6836 416.8745 199.5130 1.6418 1.6576 4.0308 -15.1889 1.2954 53.7041 -4.6768 -4.7702
Car -1 -1 -6.0507 784.2249 169.6875 859.6069 198.4812 1.5082 1.5857 3.6736 12.0239 0.8896 39.2296 -5.7602 -4.9074
Car -1 -1 -4.7853 443.1119 175.3589 476.6142 202.9392 1.4686 1.5629 3.5541 -7.9556 1.1418 40.1717 -4.9846 -4.9266
Car -1 -1 -4.4953 114.3288 180.9688 155.0526 206.4164 1.5906 1.5356 3.4022 -30.3259 1.5575 46.7632 -5.0731 -5.1386
Car -1 -1 -4.6985 510.6265 174.8711 541.9218 203.5303 1.5150 1.6491 3.9888 -4.1741 1.1648 40.0368 -4.8067 -5.1678
Car -1 -1 -4.2180 0.0000 167.6162 14.9423 200.8751 1.6625 1.8952 4.2031 -33.4625 0.9687 38.1682 -4.9393 -5.5790
Car -1 -1 -5.3659 744.4962 168.0972 808.6158 195.9945 1.5425 1.6337 3.7943 10.1231 0.8016 41.7844 -5.1346 -5.6546
Car -1 -1 -5.0344 230.4537 184.1148 426.5355 285.1664 1.3438 1.7255 4.2354 -4.6904 1.3955 11.8425 -5.4096 -5.6576
Car -1 -1 -3.6682 0.0000 191.7806 5.0626 373.0000 1.5017 1.6099 3.9586 -4.6624 1.5679 2.5776 -4.6977 -5.8867
Car -1 -1 -6.2046 697.4870 161.6111 755.3167 183.9352 1.8813 1.8974 4.7948 10.8347 0.2050 62.0390 -6.0372 -6.0262
Car -1 -1 -5.8028 142.2659 175.8270 220.9352 200.8994 1.8702 1.6449 4.9575 -31.8001 1.4470 54.5283 -6.3336 -6.0381
Car -1 -1 -2.6121 236.4181 177.6969 305.4924 202.1301 1.6334 1.6311 4.0080 -22.5160 1.3792 49.0264 -3.0456 -6.4712
