Car -1 -1 -7.6497 393.2159 184.2314 507.3630 268.4743 1.4669 1.5674 3.3542 -2.9157 1.5282 14.2948 -7.8529 7.6956
Car -1 -1 -4.4272 325.6303 184.4035 420.8065 239.6104 1.4404 1.5927 3.9569 -6.5535 1.5335 20.9444 -4.7322 5.9059
Car -1 -1 -7.3177 0.0000 201.8802 385.2540 373.0000 1.4534 1.6306 4.1176 -2.6603 1.6277 4.0417 -7.8780 5.4520
Car -1 -1 -7.8645 586.3192 175.6452 631.1385 218.7434 1.5640 1.6270 4.6184 0.2227 1.3519 28.3828 -7.8619 5.2171
Car -1 -1 -7.7735 536.4909 174.5700 575.7628 209.0651 1.6289 1.6747 3.7716 -2.2178 1.3019 35.8188 -7.8400 4.4273
Car -1 -1 -7.7630 555.7615 174.4661 586.9948 201.3082 1.7289 1.7355 4.4115 -1.9741 1.2759 48.5117 -7.8084 3.2445
Car -1 -1 -4.3938 525.5569 177.1820 558.4939 196.0860 1.4834 1.5793 3.7808 -4.7681 1.1445 58.3909 -4.4799 1.2098
Car -1 -1 -6.4022 196.4016 178.0963 273.2931 207.0262 1.5645 1.6131 3.6993 -20.6770 1.3806 40.5495 -6.8762 -1.5889
Car -1 -1 -3.5938 692.6577 169.2649 741.4253 187.5850 1.7121 1.7340 4.2696 11.0689 0.5683 68.5853 -3.4392 -1.8941
Car -1 -1 -8.0223 592.8837 175.5586 629.7051 201.0901 1.5666 1.6813 4.0807 0.5916 1.2021 46.2244 -8.0146 -2.1817
Car -1 -1 -4.7987 573.1016 175.3610 597.3989 194.6894 1.5738 1.6696 4.2037 -1.3743 1.0738 60.6728 -4.8262 -2.2346
Car -1 -1 -6.8625 566.6505 178.5723 648.8487 207.8400 1.4694 1.6478 4.1071 0.3505 1.3227 37.8739 -6.8584 -2.2812
Car -1 -1 -1.7144 16.5661 184.9135 63.3988 213.2843 1.5606 1.6317 3.6567 -32.7019 1.7682 41.8102 -2.3802 -2.6788
Car -1 -1 -7.2852 513.0778 180.9132 559.0609 203.8883 1.5884 1.6957 3.4739 -4.6446 1.5478 51.5936 -7.3796 -2.6858
Car -1 -1 -4.9203 623.7629 173.1840 656.6900 194.1736 1.5054 1.6337 4.0244 2.8701 0.9089 53.6372 -4.8720 -2.7143
Car -1 -1 -4.6892 463.7425 175.1208 487.2059 198.0661 1.6517 1.6587 3.7871 -9.3687 1.1925 53.7069 -4.8661 -2.7168
Car -1 -1 -7.9909 1125.7604 143.5598 1176.2557 175.6756 1.7650 1.7507 4.4493 32.5929 -0.3655 42.7100 -7.3468 -3.0097
Car -1 -1 -4.7144 234.9651 175.7001 263.8615 202.9185 1.7626 1.6949 4.1291 -23.8841 1.3870 48.7433 -5.1729 -3.0698
Car -1 -1 -5.4448 234.5795 178.0558 294.5116 201.8512 1.6839 1.6868 4.0350 -24.5571 1.4402 52.3924 -5.8862 -3.0786
Car -1 -1 -4.4240 270.3914 175.8645 298.5491 192.5544 1.6039 1.6089 3.5614 -31.2068 1.0620 70.9003 -4.8422 -3.3385
Car -1 -1 -6.8401 774.8445 165.4151 835.7199 190.6546 1.7084 1.6842 3.7528 14.1770 0.6197 49.9614 -6.5699 -3.4665
Car -1 -1 -4.8558 556.6335 176.2553 596.0809 203.2260 1.5727 1.7380 4.7751 -1.6072 1.2670 44.3946 -4.8968 -3.4988
Car -1 -1 -7.6979 250.3689 175.6027 279.2426 194.3615 1.5073 1.6121 3.8438 -27.9530 1.0333 59.7914 -8.1385 -3.9778
Car -1 -1 -4.5979 314.1924 180.7251 354.9456 211.7989 1.4961 1.5418 3.7159 -13.5400 1.4590 36.5746 -4.9552 -4.1240
Car -1 -1 -4.1672 334.5824 179.3122 403.8806 210.6046 1.5098 1.5556 3.9573 -11.8074 1.4044 36.7616 -4.4810 -4.2602
Car -1 -1 -5.1749 672.6158 175.4505 728.3852 203.1517 1.5769 1.6315 4.0972 5.8792 1.2327 43.0950 -5.0451 -4.2879
Car -1 -1 -4.4685 283.7473 176.9669 313.5296 194.7668 1.5369 1.6146 3.6882 -26.8948 1.1453 63.9733 -4.8700 -4.9015
Car -1 -1 -5.1185 57.4509 185.1876 143.3537 226.1151 1.6368 1.5756 3.9518 -21.4831 1.8037 30.7442 -5.7296 -4.9155
Car -1 -1 -7.9515 377.0825 179.8553 406.6753 202.2715 1.3871 1.4774 3.5574 -13.5516 1.2854 46.3756 -8.2393 -4.9637
Car -1 -1 -7.8773 50.1281 183.3900 87.7109 212.2500 1.6225 1.6906 4.0988 -31.7542 1.7408 42.7967 -8.5178 -5.0706
Car -1 -1 -4.8164 338.5222 181.9287 382.8848 213.3802 1.4011 1.6338 3.3129 -11.4081 1.4227 33.8966 -5.1438 -5.3126
Car -1 -1 -5.2082 408.9706 177.8915 481.1941 207.1715 1.5123 1.8084 4.7688 -8.6617 1.3262 39.4957 -5.4277 -5.5908
Car -1 -1 -3.9388 326.9373 176.5960 384.6077 200.0548 1.6484 1.7120 3.9811 -17.9300 1.3037 52.6398 -4.2705 -5.6456
Car -1 -1 -4.2328 411.5059 177.8178 480.4867 209.3047 1.4143 1.6233 3.8867 -7.3658 1.2492 34.3539 -4.4475 -5.8867
Car -1 -1 -2.5207 195.7477 177.1723 268.3757 205.5236 1.6525 1.6503 3.5669 -22.0527 1.4004 42.9429 -2.9976 -5.9321
Car -1 -1 -4.7256 431.7675 179.6124 477.6530 218.5224 1.4755 1.7173 4.4348 -6.1021 1.4042 29.5905 -4.9324 -6.0742
Car -1 -1 -4.7358 391.5417 185.5013 425.1382 212.8418 1.4729 1.7591 3.8867 -11.1759 1.7155 41.4295 -5.0029 -6.1469
