Car -1 -1 -7.5875 308.9576 186.4551 469.0712 293.4500 1.4158 1.5521 3.4484 -3.2225 1.5070 11.3965 -7.8628 7.6125
Car -1 -1 -7.7809 590.2888 172.0128 621.0825 201.5517 1.4574 1.4256 2.1772 0.2299 0.9895 36.5794 -7.7797 6.6099
Car -1 -1 -7.8550 544.7073 173.2730 598.6164 225.2836 1.5492 1.6075 4.5667 -1.0300 1.3047 23.7173 -7.9031 5.8841
Car -1 -1 -4.5461 466.7652 176.4632 503.1575 201.3399 1.4111 1.5724 3.5729 -6.8515 1.1255 42.5343 -4.7099 4.4666
Car -1 -1 -7.7726 523.7764 171.3264 566.0992 209.5848 1.6297 1.6247 3.7541 -2.5136 1.1966 32.4759 -7.8543 3.4319
Car -1 -1 -6.9193 0.0000 0.0000 1237.0000 373.0000 1.4982 1.5813 3.7313 -2.7204 1.6298 1.3580 -7.9595 -1.4421
Car -1 -1 -7.8234 532.8475 170.4547 565.6379 202.4158 1.6506 1.6789 4.1928 -2.8065 1.0804 39.2294 -7.8993 -1.9528
Car -1 -1 -4.4545 1159.3228 158.9104 1226.1108 191.5982 1.5791 1.6552 4.1443 30.1388 0.4881 36.5941 -3.7739 -2.0100
Car -1 -1 -7.4110 288.9990 177.0062 323.0756 193.4177 1.5443 1.5982 3.7752 -28.5051 1.1211 69.5194 -7.8037 -2.3387
Car -1 -1 -3.4325 573.2785 174.5479 647.0945 200.6041 1.5262 1.6337 4.1679 0.5203 1.1191 43.4429 -3.4256 -2.6064
Car -1 -1 -7.1774 111.1258 171.4135 189.1368 204.6831 1.7330 1.6404 3.7480 -24.6462 1.2078 39.3745 -7.7387 -3.0836
Car -1 -1 -7.9927 0.0000 0.0000 1237.0000 373.0000 1.4543 1.6114 4.0556 -1.0390 1.5741 1.7253 -8.4834 -3.1755
Car -1 -1 -4.6813 593.2144 173.7146 611.4432 190.4989 1.6074 1.6949 4.0301 0.1546 0.8615 70.8338 -4.6841 -3.1797
Car -1 -1 -5.0420 398.6677 171.7623 445.6725 199.9483 1.6176 1.5912 3.7798 -10.8279 1.0589 43.2423 -5.2909 -3.2423
Car -1 -1 -7.3856 0.0000 192.1084 12.9406 250.1599 1.4144 1.5803 3.7068 -18.5024 1.7431 20.2282 -8.1253 -3.6451
Car -1 -1 -6.2461 0.0000 217.7455 170.0866 373.0000 1.4148 1.5588 3.7728 -3.9016 1.6385 2.4380 -7.2177 -3.6520
Car -1 -1 -2.2092 0.0000 165.4827 73.2175 194.4458 1.6121 1.7069 4.1261 -32.8275 0.7207 41.3360 -2.8822 -3.7337
Car -1 -1 -4.3387 377.3986 178.5809 430.0308 206.7056 1.4214 1.4968 3.5966 -10.4497 1.2741 38.1693 -4.6092 -3.7550
Car -1 -1 -4.9371 636.0873 176.6144 660.5068 191.8279 1.4587 1.6070 3.6560 4.6322 0.9899 70.8106 -4.8769 -3.8247
Car -1 -1 -4.7077 475.1316 174.1596 495.9270 194.0567 1.5422 1.5953 3.7380 -9.2792 0.9732 57.6502 -4.8715 -3.8332
Car -1 -1 -5.0478 488.5532 176.0933 520.1204 192.8961 1.5812 1.7367 4.2039 -9.4365 1.0721 69.8662 -5.1865 -3.9301
Car -1 -1 -4.3147 360.1663 172.4185 402.0151 193.1623 1.6549 1.7156 4.5297 -18.2072 0.9302 59.6437 -4.6146 -3.9583
Car -1 -1 -4.6413 21.0986 181.0748 69.4259 217.0370 1.6302 1.5374 4.6575 -26.9743 1.6112 34.9275 -5.3003 -4.1411
Car -1 -1 -2.8170 670.5850 167.9527 728.2159 188.0801 1.5116 1.6634 4.1044 7.5951 0.4941 55.5974 -2.6867 -4.1654
Car -1 -1 -4.6721 38.3444 178.5023 79.3222 212.8429 1.7426 1.6097 3.6931 -28.9758 1.5907 38.4269 -5.3200 -4.3223
Car -1 -1 -4.7312 435.8287 174.9003 460.2805 196.9657 1.5780 1.6880 3.6223 -11.3980 1.1060 53.3296 -4.9458 -4.3512
Car -1 -1 -7.8391 353.3354 176.8734 392.6601 212.1989 1.4365 1.5364 3.4876 -9.8812 1.2487 31.1033 -8.1493 -4.3582
Car -1 -1 -6.8958 1011.0958 147.5968 1137.3451 191.6525 1.5981 1.6451 3.6901 17.6541 0.3687 26.9570 -6.3254 -4.3667
Car -1 -1 -7.3713 38.0158 174.7840 122.8082 211.6900 1.6697 1.6258 4.0286 -24.9897 1.3661 34.6091 -7.9981 -4.5057
Car -1 -1 -4.1900 387.5406 177.9065 425.3199 193.5102 1.4735 1.6843 4.2310 -18.9397 1.1338 70.0933 -4.4579 -4.6985
Car -1 -1 -3.0714 956.8104 157.8312 1023.9896 180.3389 1.5279 1.7522 4.0725 27.4914 -0.0851 50.7777 -2.5822 -4.7066
Car -1 -1 -2.2570 327.9068 174.4225 404.8633 203.8461 1.4677 1.6785 3.9809 -12.3313 1.1149 37.6052 -2.5768 -4.7465
Car -1 -1 -2.7883 239.3455 176.5420 358.9849 217.8691 1.6062 1.7024 4.0972 -12.0859 1.4138 28.8610 -3.1867 -4.8047
Car -1 -1 -2.9600 780.7793 169.7664 861.5295 199.4506 1.4919 1.6400 3.8259 11.5171 0.9024 37.7017 -2.6704 -4.8769
Car -1 -1 -8.4737 990.6774 163.9784 1035.4143 182.1504 1.4750 1.5574 3.3764 34.3946 0.0526 60.0671 -7.9604 -4.9852
Car -1 -1 -7.7821 372.4054 177.5888 430.1021 223.1904 1.3855 1.5915 3.5437 -6.5615 1.2671 23.7201 -8.0542 -5.1302
Car -1 -1 -3.9861 195.9272 187.1731 401.2379 289.6223 1.4005 1.4257 2.9997 -4.7899 1.5062 11.6538 -4.3739 -5.3373
Car -1 -1 -5.0248 417.0593 176.0988 468.3365 205.6271 1.4882 1.5800 3.7135 -8.4911 1.2162 38.2032 -5.2471 -5.3735
Car -1 -1 -4.7298 356.5520 185.9765 426.1097 241.2147 1.3634 1.7088 4.4601 -6.0712 1.5065 20.4998 -5.0196 -5.7718
Car -1 -1 -7.6709 493.6734 172.4849 533.2410 201.4792 1.4876 1.4803 3.7320 -4.7027 1.0253 38.7618 -7.7958 -5.8446
Car -1 -1 -7.3515 43.4733 181.0085 132.5979 219.3678 1.8948 1.8594 4.5581 -26.9152 1.8708 37.8554 -7.9714 -5.8853
Car -1 -1 -4.7201 565.1075 178.1763 593.3273 203.4822 1.3996 1.5616 3.1742 -1.3032 1.2159 41.3491 -4.7565 -5.9671
