Car -1 -1 -7.4649 137.4496 191.7104 429.0250 369.0919 1.4255 1.5687 3.4800 -3.1199 1.5608 7.7220 -7.8434 6.6626
Car -1 -1 -7.8494 599.1440 170.6929 636.5858 208.0836 1.4655 1.4679 2.2859 0.6474 1.0423 29.3129 -7.8326 6.5512
Car -1 -1 -4.4730 441.6960 176.9215 491.0013 208.5177 1.4266 1.5797 3.2816 -6.3726 1.2202 34.1132 -4.6614 6.4981
Car -1 -1 -7.8437 509.9971 171.7462 588.3525 244.1653 1.5611 1.6910 4.2485 -1.3114 1.3514 17.6615 -7.9221 5.8394
Car -1 -1 -7.7845 503.9670 171.1926 558.9940 222.1466 1.5777 1.6002 3.6740 -2.3028 1.2590 24.1027 -7.8839 3.1959
Car -1 -1 -7.8541 583.0775 172.8349 615.7444 203.7752 1.4832 1.5663 3.8379 -0.1252 1.0680 36.3599 -7.8626 2.4407
Car -1 -1 -7.8819 555.8198 173.3070 584.4297 199.1617 1.4881 1.5935 3.6522 -1.9182 1.0167 43.2263 -7.9310 0.3285
Car -1 -1 -5.1396 394.2105 175.7040 442.9565 200.3959 1.4728 1.5476 3.6710 -11.4223 1.1272 44.7601 -5.3931 0.1893
Car -1 -1 -4.5725 312.9669 171.8178 341.6523 192.0148 1.6352 1.6993 4.2025 -22.9768 0.8511 60.3951 -4.9394 -1.0455
Car -1 -1 -7.7718 292.7430 177.7188 323.4939 200.9925 1.4700 1.6020 3.5420 -19.2659 1.2312 47.3005 -8.1617 -1.0616
Car -1 -1 -4.5873 526.1218 167.7538 572.9082 207.9631 1.5974 1.5590 3.5219 -2.1544 1.0517 30.3355 -4.6627 -2.0772
Car -1 -1 -7.8671 578.3885 172.7318 605.8659 198.2102 1.4667 1.5787 3.7437 -0.5947 0.9621 43.2475 -7.8857 -2.4828
Car -1 -1 -7.7609 405.4904 173.6874 425.7340 189.1927 1.4987 1.6256 3.7217 -18.4008 0.7432 71.4015 -8.0171 -2.5046
Car -1 -1 -4.2193 345.9231 175.0968 388.0479 196.0530 1.5949 1.5918 3.7326 -18.4183 1.1075 56.6479 -4.5373 -2.6244
Car -1 -1 -4.8791 420.8504 169.4124 462.6203 199.1537 1.6543 1.6863 4.2955 -9.4449 0.9821 42.2639 -5.1026 -3.1024
Car -1 -1 -7.7414 213.4197 188.4517 286.0013 241.8639 1.3673 1.4999 3.5051 -10.1131 1.5873 20.7858 -8.1946 -3.2732
Car -1 -1 -7.4737 211.2690 187.0319 311.6682 237.4529 1.4876 1.6565 3.8859 -11.0659 1.6852 23.6172 -7.9129 -3.5107
Car -1 -1 -4.4129 371.0040 174.3133 415.7888 200.5338 1.6277 1.7032 3.9851 -13.4277 1.1816 46.5978 -4.6970 -3.5803
Car -1 -1 -7.8529 294.7177 173.1563 317.5193 192.3201 1.5424 1.7078 4.1716 -24.6716 0.8707 60.0687 -8.2460 -3.7595
Car -1 -1 -4.5621 734.9374 169.3490 758.5900 186.0092 1.4758 1.5945 3.7660 13.3447 0.3992 65.6718 -4.3673 -3.8370
Car -1 -1 -4.9703 716.6172 168.5586 751.1829 188.4901 1.5525 1.7080 4.1973 10.6902 0.5443 58.1122 -4.7941 -3.9240
Car -1 -1 -7.1862 408.9389 173.4315 455.1675 192.0224 1.5721 1.6573 4.2929 -14.7838 0.8896 63.0417 -7.4205 -4.1145
Car -1 -1 -4.6231 644.6813 163.6889 680.0048 196.4009 1.7686 1.6643 4.2375 3.5278 0.8058 41.0669 -4.5428 -4.1243
Car -1 -1 -8.1055 269.2716 183.7066 360.3282 234.6079 1.3805 1.5834 4.0457 -8.7865 1.4542 21.7603 -8.4904 -4.5087
Car -1 -1 -4.5652 389.0533 175.9483 416.9710 194.9233 1.5295 1.6595 4.2834 -16.5410 1.0819 60.1316 -4.8374 -4.5112
Car -1 -1 -7.9045 322.0797 176.8006 381.8625 226.2943 1.5181 1.6789 3.9922 -8.4939 1.3744 24.1985 -8.2438 -4.5621
Car -1 -1 -8.0262 555.2933 171.4560 607.4396 209.5617 1.5722 1.6246 3.9098 -0.9653 1.1581 31.7185 -8.0614 -4.6971
Car -1 -1 -4.1884 489.8655 173.4404 528.3077 191.3195 1.5583 1.7063 3.9424 -8.2525 0.8556 64.7547 -4.3196 -4.7170
Car -1 -1 -4.2798 433.2926 176.4482 464.5956 192.8492 1.5264 1.5356 3.7045 -14.5376 1.0560 68.8302 -4.4921 -4.7691
Car -1 -1 -7.2288 540.1802 170.1487 592.4792 195.4953 1.8566 1.7446 4.4332 -2.6169 1.0251 54.9530 -7.2811 -4.9101
Car -1 -1 -7.8083 480.4674 175.3554 511.9206 207.2743 1.6458 1.5350 3.8281 -5.6788 1.3292 39.0223 -7.9569 -4.9978
Car -1 -1 -4.6725 724.6245 167.5563 751.6783 193.9261 1.6257 1.5824 4.1273 8.8854 0.7662 46.4739 -4.4896 -5.0891
Car -1 -1 -3.9354 621.4492 171.9806 676.3914 196.0755 1.6242 1.6279 3.8340 3.3629 0.9825 50.3094 -3.8740 -5.1065
Car -1 -1 -5.2320 768.2681 163.9312 846.4656 199.6066 1.6521 1.7818 4.3163 10.0872 0.8388 35.5770 -4.9626 -5.1814
Car -1 -1 -4.6118 295.0870 173.2269 315.8856 190.2148 1.6286 1.5595 3.5676 -29.0989 0.8351 70.7974 -5.0054 -5.3597
Car -1 -1 -3.2265 730.7309 163.6886 795.1783 192.7067 1.9172 1.8789 4.1005 10.8956 0.7404 48.6557 -3.0123 -5.4932
Car -1 -1 -4.7681 394.3667 170.3915 427.9796 200.1124 1.6367 1.6417 4.0869 -11.1000 1.0251 41.7553 -5.0314 -5.5172
Car -1 -1 -4.8208 509.4637 173.5318 550.6191 201.9686 1.3600 1.6077 4.2381 -3.7003 0.9792 36.5957 -4.9258 -5.6194
Car -1 -1 -4.5858 246.0806 180.5895 346.5292 247.8367 1.3546 1.6066 4.2975 -6.9949 1.3369 16.7551 -4.9810 -5.8533
Car -1 -1 -3.6028 0.0000 195.3555 0.0000 373.0000 1.5075 1.6130 3.9611 -4.6653 1.5887 2.1752 -4.6978 -5.8867
