Car -1 -1 -7.6342 376.2414 185.8899 498.3123 272.1218 1.4508 1.5850 3.4962 -3.0951 1.5477 14.0117 -7.8533 7.2671
Car -1 -1 -7.8711 564.4063 177.2614 613.2521 223.1739 1.5559 1.6580 4.6272 -0.5520 1.4126 26.6894 -7.8968 5.5963
Car -1 -1 -7.7085 536.4514 176.6949 579.5260 209.3594 1.5663 1.6482 3.9299 -2.1579 1.3361 36.4699 -7.7722 4.2749
Car -1 -1 -7.2134 0.0000 205.3615 334.6034 373.0000 1.4748 1.6979 3.7745 -2.7458 1.6461 3.2192 -7.8881 3.9941
Car -1 -1 -7.8209 598.8575 176.8452 626.5693 204.5168 1.4996 1.4859 2.2723 0.6472 1.2475 40.0952 -7.8099 3.3994
Car -1 -1 -4.1518 26.9954 188.4545 86.7048 212.2543 1.5650 1.6013 3.7292 -38.0341 2.0705 50.2895 -4.8019 -1.0077
Car -1 -1 -7.9162 58.4046 177.4350 107.3552 213.3616 1.5756 1.6079 3.7679 -24.2062 1.3977 33.4692 -8.5436 -1.3119
Car -1 -1 -6.8532 747.8098 171.0275 817.6183 197.1115 1.6288 1.7481 4.0709 11.6917 0.9749 46.3400 -6.6123 -1.3813
Car -1 -1 -4.3945 394.0924 178.4132 446.8982 207.9801 1.5244 1.6166 4.0444 -9.7839 1.3654 39.1088 -4.6431 -1.5390
Car -1 -1 -4.8073 396.7431 179.3854 417.2076 194.7177 1.4692 1.5826 3.7521 -19.1648 1.2662 70.8696 -5.0755 -1.6302
Car -1 -1 -7.8384 634.3183 176.9608 666.4123 206.7718 1.5344 1.6509 4.2103 2.6782 1.3010 39.1374 -7.7757 -1.7815
Car -1 -1 -7.6351 631.2430 176.0283 658.5184 193.6641 1.5229 1.6146 4.0397 3.9468 1.0502 64.1946 -7.5789 -2.1809
Car -1 -1 -7.3494 145.7978 180.2576 197.5655 202.9777 1.6925 1.7652 3.9233 -33.1157 1.5999 55.5045 -7.8902 -2.2048
Car -1 -1 -4.0975 21.6411 184.5375 101.9959 212.4488 1.5791 1.6895 4.3322 -32.4082 1.7716 43.3062 -4.7421 -2.3023
Car -1 -1 -8.3932 715.6847 170.6326 777.9282 199.1870 1.5956 1.6691 4.1706 8.5049 0.9885 42.3860 -8.2014 -2.4097
Car -1 -1 -8.3876 750.1623 168.1220 817.9033 199.7739 1.5513 1.6102 3.9267 9.4010 0.8959 37.3187 -8.1475 -2.8232
Car -1 -1 -7.5560 220.5800 185.6785 288.4392 223.7383 1.5026 1.5936 3.7401 -14.7803 1.6933 30.7607 -8.0058 -3.0013
Car -1 -1 -7.7950 820.9052 168.2718 862.3868 202.4501 1.4599 1.5972 3.9252 10.9992 0.8952 32.8023 -7.4788 -3.1344
Car -1 -1 -2.9695 571.0914 177.9599 654.7673 206.9236 1.4518 1.6341 4.1176 0.6121 1.2746 37.1849 -2.9583 -3.3445
Car -1 -1 -4.5825 502.5935 176.2381 526.5797 193.5190 1.5618 1.6686 4.5956 -8.0533 1.0860 67.2239 -4.7062 -3.3749
Car -1 -1 -4.6427 373.6852 179.8589 409.8702 208.6743 1.4917 1.6344 4.1507 -11.4457 1.4070 39.3899 -4.9288 -3.4027
Car -1 -1 -4.7159 371.4379 178.6976 408.0065 211.9585 1.5348 1.6309 4.2228 -10.4581 1.4058 35.4052 -5.0062 -3.4934
Car -1 -1 -4.4739 20.7373 181.5949 80.0682 214.6201 1.5986 1.5957 3.6633 -28.1398 1.6039 36.7802 -5.1286 -3.5814
Car -1 -1 -4.7536 127.3654 181.3666 163.0469 209.2919 1.5918 1.6341 3.7891 -27.3160 1.5843 42.9677 -5.3222 -3.6667
Car -1 -1 -4.6186 430.9940 179.0085 461.0978 203.9397 1.5464 1.5669 3.8939 -10.0283 1.3919 46.5826 -4.8346 -4.1056
Car -1 -1 -4.5222 526.9487 178.8352 550.7795 195.4610 1.5281 1.5820 3.7605 -5.8541 1.2829 67.9728 -4.6128 -4.2056
Car -1 -1 -4.8829 186.4771 180.8753 230.1397 208.5509 1.5895 1.6757 3.7860 -23.7026 1.5538 43.2591 -5.3867 -4.3163
Car -1 -1 -4.6798 174.9156 172.5955 207.7857 201.7263 1.7527 1.6843 4.0941 -25.8760 1.2170 45.4221 -5.2001 -4.6018
Car -1 -1 -4.7896 137.7762 183.4723 179.2595 215.0371 1.6005 1.5989 3.8251 -23.8918 1.7124 38.6892 -5.3448 -4.6687
Car -1 -1 -4.9758 444.0361 180.0561 472.5932 196.9640 1.4453 1.5360 3.7345 -12.6312 1.3217 63.4173 -5.1766 -4.6969
Car -1 -1 -2.0762 79.3182 180.0163 159.9632 211.5342 1.7329 1.8048 4.6868 -27.7598 1.6515 41.3642 -2.6694 -4.8984
Car -1 -1 -7.9690 145.6102 179.2015 180.0947 204.4069 1.7446 1.6409 4.1904 -31.6858 1.5855 51.8742 -8.5201 -4.9070
Car -1 -1 -5.0162 748.7248 164.4430 786.1988 187.6441 1.6847 1.6680 3.7907 12.4780 0.4461 54.1198 -4.7955 -5.0206
Car -1 -1 -4.8688 456.3061 179.1401 487.0341 202.6437 1.5000 1.4887 3.3258 -8.6303 1.3494 47.6591 -5.0521 -5.0507
Car -1 -1 -4.5438 543.6655 178.2650 581.7136 201.7427 1.3723 1.6870 4.1090 -2.3261 1.1834 44.1241 -4.6012 -5.2938
Car -1 -1 -4.5351 402.2006 179.1307 445.4617 204.4788 1.4366 1.7636 4.5014 -10.5657 1.3025 43.0172 -4.7795 -5.2946
Car -1 -1 -4.9098 93.0366 184.2007 142.2615 210.6276 1.5363 1.7084 4.2267 -29.8476 1.7107 44.2776 -5.5052 -5.3358
Car -1 -1 -5.0049 481.4550 177.8435 511.8911 194.4732 1.4631 1.6107 4.0920 -9.5357 1.1412 65.3943 -5.1541 -5.4351
Car -1 -1 -4.5866 0.0000 189.3590 30.8081 211.7579 1.4416 1.6568 4.1638 -41.0245 2.0125 49.9788 -5.2764 -5.8199
Car -1 -1 -4.8201 409.4027 185.6192 476.4803 233.1038 1.4966 1.8049 4.6355 -5.7520 1.6578 25.5562 -5.0446 -6.2870
Car -1 -1 -4.5261 291.2563 179.0282 330.6116 204.8520 1.5647 1.6164 4.0094 -18.3988 1.4150 45.6505 -4.9122 -6.5858
