Car -1 -1 -7.6279 364.4033 183.2633 502.6300 281.7158 1.4568 1.5767 3.4327 -2.7801 1.4921 12.4102 -7.8494 7.3753
Car -1 -1 -4.3951 261.3594 181.8322 401.2488 257.3173 1.4731 1.6808 4.2583 -5.9176 1.4821 16.1924 -4.7457 6.7659
Car -1 -1 -7.7646 523.3710 172.0332 572.5557 212.5737 1.5436 1.6801 3.8290 -2.1334 1.1835 29.2756 -7.8418 6.3268
Car -1 -1 -7.2202 0.0000 196.8492 376.4918 373.0000 1.4979 1.6394 3.9218 -2.6100 1.6153 3.4837 -7.8355 4.7930
Car -1 -1 -7.8710 590.1854 173.7352 639.8682 219.1695 1.4746 1.6131 4.2585 0.3993 1.2230 25.4484 -7.8606 4.2020
Car -1 -1 -7.7623 559.8201 169.6916 592.5379 198.5778 1.7418 1.7150 4.1630 -1.5471 1.0299 45.4392 -7.8011 2.3700
Car -1 -1 -5.4174 89.0423 166.4889 174.1622 195.3176 1.6671 1.7385 4.5325 -28.1184 0.7992 43.0097 -5.9985 -0.4250
Car -1 -1 -4.8275 699.0435 169.1268 727.8606 191.7520 1.6328 1.6581 3.9963 8.3757 0.7398 53.8658 -4.6789 -0.6921
Car -1 -1 -4.5357 507.8383 173.2966 537.3768 193.6668 1.4829 1.6276 3.5628 -5.8870 0.8857 54.1239 -4.6485 -0.9316
Car -1 -1 -7.1392 482.7120 172.0243 527.6611 192.1717 1.6147 1.6642 3.7345 -7.9247 0.8551 59.5888 -7.2757 -1.0598
Car -1 -1 -7.9108 582.8032 169.8582 605.9885 188.6748 1.4528 1.6188 3.7433 -0.5699 0.5538 57.3857 -7.9256 -1.4653
Car -1 -1 -6.6999 843.5920 160.4162 921.5540 187.4489 1.5414 1.6904 3.8812 16.3583 0.3393 41.9026 -6.3347 -1.8560
Car -1 -1 -6.9116 633.7153 168.9725 684.9571 187.8896 1.5068 1.6571 3.9858 4.7891 0.5088 58.9672 -6.8358 -2.4777
Car -1 -1 -8.7201 1065.5983 152.0360 1200.8573 200.1469 1.6317 1.6988 3.7738 19.3659 0.6328 26.3978 -8.0968 -2.9623
Car -1 -1 -3.5768 588.6973 174.3368 654.0179 199.5887 1.4922 1.6175 3.6511 1.2197 1.0690 43.9201 -3.5542 -3.1443
Car -1 -1 -7.5308 405.7982 174.0402 462.8753 205.2752 1.4642 1.5989 3.9656 -8.2442 1.1148 35.7226 -7.7610 -3.2295
Car -1 -1 -4.9012 366.0744 172.6984 415.2835 205.7537 1.5299 1.5991 3.9079 -10.4289 1.1228 35.3502 -5.1910 -3.3897
Car -1 -1 -4.3622 409.5754 174.8772 459.0421 202.4161 1.4966 1.6238 3.5856 -9.4634 1.1368 40.9140 -4.5931 -3.4246
Car -1 -1 -4.9009 698.1674 171.3081 721.8674 185.9619 1.4175 1.6195 3.8205 10.8087 0.4313 71.4321 -4.7561 -3.4464
Car -1 -1 -7.3029 1121.4594 134.7168 1231.6240 177.1795 1.6575 1.7144 4.0852 23.8816 -0.1884 29.8615 -6.6374 -3.4975
Car -1 -1 -7.9483 565.9859 175.4563 615.2979 213.6211 1.4516 1.6101 4.0437 -0.5269 1.2221 29.4235 -7.9712 -3.8777
Car -1 -1 -4.9446 681.4050 168.6229 712.2941 187.2906 1.7664 1.9503 4.6656 9.3429 0.5476 70.3922 -4.8181 -4.0978
Car -1 -1 -8.0228 585.4366 166.9391 610.9724 184.1402 1.5805 1.7499 4.0140 -0.3015 0.2423 68.1337 -8.0320 -4.1570
Car -1 -1 -7.7896 869.1329 150.2582 923.7422 207.1901 1.9192 1.6352 3.9346 10.8491 0.8665 26.3435 -7.4074 -4.2215
Car -1 -1 -4.5570 100.0799 172.4230 140.2274 198.3956 1.6805 1.6701 4.0004 -32.5226 1.0933 48.6450 -5.1487 -4.2522
Car -1 -1 -1.9605 62.6811 177.4921 118.3668 202.2267 1.5774 1.6432 3.8821 -33.8160 1.3218 47.5368 -2.5812 -4.3135
Car -1 -1 -5.1708 325.2017 169.5945 370.9759 193.7125 1.8444 1.7127 4.2432 -20.1188 0.9339 57.0266 -5.5135 -4.3292
Car -1 -1 -4.9526 1084.4819 166.4209 1126.6097 188.7993 1.5448 1.5847 3.8211 36.2019 0.5038 51.6536 -4.3486 -4.5024
Car -1 -1 -4.9027 693.3063 166.9181 724.1177 187.3044 1.6685 1.7318 4.5542 9.1052 0.4749 61.1092 -4.7603 -4.5363
Car -1 -1 -7.2668 383.3693 168.8459 423.7725 188.5621 1.7813 1.7099 4.0161 -18.3936 0.6378 67.0743 -7.5384 -4.5753
Car -1 -1 -3.3074 788.1393 159.3961 876.3851 187.3284 1.5468 1.7799 4.5490 13.0902 0.3229 40.9717 -3.0048 -4.6825
Car -1 -1 -2.9906 0.0000 163.0631 91.2986 208.3844 1.7682 1.7478 4.3189 -23.9607 1.0492 29.8653 -3.6674 -4.8759
Car -1 -1 -4.5957 565.6429 175.3414 604.2003 205.2484 1.5408 1.6245 4.4335 -0.8507 1.2237 39.2894 -4.6222 -4.9904
Car -1 -1 -4.4059 437.6891 173.9858 482.4114 201.0836 1.4697 1.5422 3.4155 -7.9714 1.0623 40.7423 -4.6029 -5.0504
Car -1 -1 -7.9816 427.0699 170.7941 488.2691 215.5650 1.5031 1.7000 3.7091 -5.3196 1.1441 26.1462 -8.1854 -5.1733
Car -1 -1 -2.7494 397.0601 171.6917 479.9700 207.6303 1.5417 1.5266 3.2485 -7.2081 1.1212 31.8358 -2.9754 -5.1963
Car -1 -1 -4.7110 302.6206 168.2180 324.3297 186.8878 1.5700 1.7043 4.2859 -25.1125 0.4529 62.7135 -5.0952 -5.5449
Car -1 -1 -3.7784 655.4381 168.8881 704.7710 188.5195 1.6576 1.6066 4.1174 6.8737 0.5925 62.3899 -3.6740 -5.5625
Car -1 -1 -5.2597 558.1115 170.0953 605.7072 192.1000 1.5355 1.7606 3.7217 -1.4395 0.7396 52.1633 -5.2921 -5.7360
Car -1 -1 -4.6931 43.8179 184.0215 72.2887 204.2979 1.4511 1.6437 4.0730 -40.8383 1.6482 54.0651 -5.3427 -5.7516
Car -1 -1 -4.3977 332.5984 174.5900 422.7099 223.4218 1.4091 1.5818 3.9226 -6.9785 1.2102 22.7007 -4.6979 -5.8867
Car -1 -1 -4.5395 387.5952 180.2414 466.9742 229.6182 1.4056 1.6970 4.4791 -5.4147 1.3702 22.7371 -4.7759 -5.9738
Car -1 -1 -5.2330 638.2327 166.3926 694.5052 196.0029 1.8718 1.7364 4.4166 4.2626 0.9169 47.7782 -5.1495 -6.0097
Car -1 -1 -5.0029 623.2620 170.7856 658.8229 191.8144 1.6024 1.6222 4.3243 3.1184 0.7859 57.0305 -4.9534 -6.1318
Car -1 -1 -2.7146 708.6173 159.3982 761.2251 184.7333 2.1785 1.7844 4.2253 11.8516 0.2778 63.7039 -2.5362 -7.6049
