Car -1 -1 -7.4815 152.8328 192.0164 419.7783 357.2838 1.4122 1.5259 3.4182 -3.2723 1.5561 8.0711 -7.8616 7.7092
Car -1 -1 -7.8516 515.7190 172.4410 584.6517 237.2842 1.5478 1.6473 4.5461 -1.4327 1.3321 19.4748 -7.9293 6.8304
Car -1 -1 -4.0882 0.0000 195.9771 185.9859 334.7079 1.4033 1.5466 3.4649 -7.2158 1.6283 9.3815 -4.7362 6.4953
Car -1 -1 -7.8052 585.4997 169.7144 621.7780 205.1318 1.4974 1.4975 2.2673 0.1084 0.9994 31.5374 -7.8068 5.8178
Car -1 -1 -7.7363 501.3572 170.3931 555.5018 216.0250 1.5789 1.6048 3.5622 -2.6647 1.1950 26.6474 -7.8401 3.5538
Car -1 -1 -4.5273 565.9848 168.5407 607.9337 197.8818 1.4993 1.5684 4.0425 -0.7333 0.8373 38.8261 -4.5510 0.3681
Car -1 -1 -4.3580 345.8816 172.4281 377.9288 189.2545 1.5980 1.6996 4.0153 -23.3413 0.7361 70.2525 -4.6826 -1.0144
Car -1 -1 -4.2133 663.8306 169.5322 714.1081 195.9268 1.6208 1.6184 3.7558 5.6614 0.8860 46.1108 -4.0967 -1.6452
Car -1 -1 -4.2214 660.0900 168.2070 694.8749 185.1305 1.5811 1.6146 4.0869 7.4010 0.3389 69.2566 -4.1202 -1.6894
Car -1 -1 -7.5882 0.0000 210.9377 116.8531 309.7636 1.3844 1.6005 3.9587 -10.5433 2.0245 13.4692 -8.2486 -1.8854
Car -1 -1 -4.4869 96.8866 177.1369 146.6109 203.7491 1.4562 1.6106 3.6459 -27.5103 1.2176 41.2974 -5.0765 -2.0814
Car -1 -1 -8.0653 263.4401 168.6732 295.0038 188.3474 1.7829 1.7803 4.5128 -30.2431 0.6203 67.4412 -8.4902 -2.1695
Car -1 -1 -4.5577 99.1017 171.6611 137.9395 196.2449 1.6038 1.6388 3.8078 -32.8315 0.9619 48.9339 -5.1511 -2.6676
Car -1 -1 -8.0493 518.2009 169.4443 570.6094 207.1309 1.5867 1.6178 3.7808 -2.6361 1.0794 32.2842 -8.1352 -2.7957
Car -1 -1 -3.7439 64.4561 176.3866 158.8987 209.2878 1.5885 1.6099 3.7377 -24.9461 1.3419 36.7162 -4.3424 -3.0055
Car -1 -1 -4.5155 420.9150 173.0301 446.9016 192.2119 1.7725 1.6366 4.2256 -15.9031 0.9895 68.5187 -4.7476 -3.0552
Car -1 -1 -4.7211 263.5694 176.8880 290.4789 200.9718 1.6205 1.6632 4.0491 -22.8273 1.3102 50.5214 -5.1485 -3.2368
Car -1 -1 -2.2443 291.6311 176.1423 345.5437 197.6179 1.5510 1.6475 3.9212 -21.0855 1.1640 53.5661 -2.6226 -3.2756
Car -1 -1 -5.0607 1156.0415 153.2866 1220.4943 181.4738 1.5085 1.6087 3.7139 32.9653 -0.0014 40.4669 -4.3852 -3.5979
Car -1 -1 -7.3455 385.1776 172.0467 422.2458 191.3079 1.8330 1.7178 4.1578 -19.3408 0.9331 70.5844 -7.6169 -3.7195
Car -1 -1 -7.7535 235.1109 172.1721 268.9294 198.0380 1.7144 1.7053 4.2885 -24.2161 1.0961 49.9176 -8.2081 -3.8124
Car -1 -1 -4.3711 640.7259 169.7831 675.5394 189.2599 1.5941 1.6743 4.1510 4.8817 0.6349 61.0290 -4.2965 -3.9362
Car -1 -1 -5.0878 412.4554 172.5643 453.3925 196.3255 1.6229 1.5981 3.6241 -11.9822 1.0126 51.0057 -5.3223 -4.1332
Car -1 -1 -7.4996 1.2416 180.0109 105.9652 229.5789 1.5231 1.5640 3.8167 -18.2764 1.4778 24.1257 -8.1478 -4.1558
Car -1 -1 -7.6591 550.6755 170.6141 588.1129 195.5487 1.5289 1.6758 4.0122 -2.0048 0.8615 46.1522 -7.7072 -4.2032
Car -1 -1 -8.0643 835.5482 177.4730 892.4835 214.1281 1.4407 1.5274 3.3710 10.8791 1.2828 30.0035 -7.7244 -4.3109
Car -1 -1 -4.5487 608.5183 169.4818 644.3879 197.8442 1.6236 1.5844 3.7248 1.5437 0.9357 43.1008 -4.5181 -4.6335
Car -1 -1 -4.5738 90.8034 181.3890 158.9682 225.5621 1.5730 1.6260 4.2952 -18.4007 1.5694 27.8681 -5.1582 -4.6809
Car -1 -1 -4.0464 163.5713 186.7808 357.4902 273.7202 1.4555 1.5290 3.6333 -6.5686 1.5748 14.2062 -4.4780 -4.6891
Car -1 -1 -3.8057 0.0000 217.7169 44.6498 324.9514 1.3222 1.4969 3.4175 -11.4567 2.0119 11.8701 -4.5680 -4.7889
Car -1 -1 -4.6495 643.3127 182.5618 668.8196 203.6988 1.4345 1.5644 4.4700 3.9519 1.5137 51.3028 -4.5781 -4.9345
Car -1 -1 -4.3179 195.4067 169.4478 241.6162 196.0852 1.7790 1.5397 3.6945 -26.5213 0.9741 49.8873 -4.8093 -4.9463
Car -1 -1 -4.6708 231.3811 183.4135 358.4017 288.8322 1.4715 1.6950 4.3346 -5.2106 1.5114 12.4377 -5.0656 -5.3700
Car -1 -1 -4.1776 211.0894 180.6389 247.5434 196.8053 1.5347 1.5576 3.5817 -36.1898 1.4526 70.0233 -4.6581 -5.5200
Car -1 -1 -4.9845 861.9653 174.5885 929.9163 211.0533 1.4156 1.5982 3.8463 12.1390 1.1477 29.8838 -4.6068 -5.7164
Car -1 -1 -2.2791 512.2727 170.9479 591.6201 202.1328 1.5697 1.6986 4.4867 -2.7026 1.0388 38.3462 -2.3540 -5.7538
Car -1 -1 -4.7930 258.5697 183.0157 351.4337 250.8506 1.3950 1.6722 4.4768 -7.2584 1.4369 17.2490 -5.1913 -5.7904
Car -1 -1 -6.9900 312.9923 188.7108 1237.0000 373.0000 1.4690 1.9696 4.6872 1.1897 1.5196 3.1846 -6.6652 -5.9904
Car -1 -1 -4.8650 547.4799 173.6035 587.8574 201.5285 1.5760 1.8154 3.7544 -2.0472 1.1305 42.5644 -4.9178 -6.0059
Car -1 -1 -3.1706 783.8558 155.0014 853.1438 187.3358 2.1232 2.0529 4.4083 14.6641 0.3832 48.7219 -2.8846 -6.6998
Car -1 -1 -4.8628 267.7668 176.4264 360.9919 231.1890 1.4392 1.8416 4.8691 -8.7041 1.3064 21.4413 -5.2494 -6.9025
