Car -1 -1 -7.5938 323.8076 184.6364 477.2968 287.9523 1.4483 1.5857 3.4660 -3.1896 1.5084 11.9089 -7.8557 7.6967
Car -1 -1 -7.8714 549.7066 174.0513 601.9517 224.4655 1.5425 1.6018 4.4771 -0.9506 1.3151 24.2625 -7.9153 5.3440
Car -1 -1 -7.8598 593.5332 171.9843 621.4926 201.9043 1.5045 1.4060 2.1522 0.2931 1.0262 37.1981 -7.8570 4.7306
Car -1 -1 -7.6922 526.1302 172.3715 573.7333 209.1676 1.6038 1.6427 3.6579 -2.3362 1.2062 33.2031 -7.7670 3.2992
Car -1 -1 -7.6466 481.6515 177.2133 517.2379 199.1949 1.3871 1.5580 3.9562 -6.6685 1.1167 47.3526 -7.7908 1.6929
Car -1 -1 -6.9863 0.0000 0.0000 1237.0000 373.0000 1.4252 1.5692 3.7081 -2.7640 1.6506 1.7707 -7.9297 0.4514
Car -1 -1 -8.1691 0.0000 186.4123 1119.5414 373.0000 1.5038 1.6196 3.9222 -0.9414 1.5348 2.3827 -8.5193 -0.9074
Car -1 -1 -4.6730 0.0000 182.9143 54.2272 223.5376 1.5842 1.6586 4.2192 -24.2232 1.6486 30.3551 -5.3474 -1.3279
Car -1 -1 -4.3305 281.6612 183.9806 357.8052 219.6336 1.3735 1.5739 4.0302 -11.6667 1.4843 29.9746 -4.7039 -2.0630
Car -1 -1 -7.9885 472.1174 173.4801 498.6983 192.5467 1.5159 1.6290 3.9455 -9.5744 0.8782 59.2380 -8.1529 -2.1706
Car -1 -1 -4.6574 45.2773 184.0322 97.5608 223.7247 1.5410 1.5712 3.5409 -22.1149 1.6539 30.0421 -5.2929 -2.1804
Car -1 -1 -4.5887 638.5317 170.8836 665.3542 193.1122 1.5943 1.5611 3.7695 3.8109 0.8328 53.5202 -4.5229 -2.2590
Car -1 -1 -4.0121 294.3033 177.5297 353.2733 201.3537 1.5308 1.5764 3.8743 -18.5744 1.2758 48.2451 -4.3828 -2.5672
Car -1 -1 -4.2505 399.5509 176.8808 457.0944 206.4080 1.5447 1.6415 3.6334 -9.4679 1.3033 39.5332 -4.4891 -2.8428
Car -1 -1 -7.9487 523.6348 170.4382 563.2087 203.3005 1.7268 1.7507 4.5355 -3.3018 1.1457 40.1335 -8.0353 -3.2861
Car -1 -1 -7.4233 0.0000 185.4624 72.9701 216.9129 1.3691 1.6074 3.9623 -26.8274 1.5680 33.9164 -8.0938 -3.4595
Car -1 -1 -4.1590 34.8265 171.1873 120.8118 208.8582 1.7345 1.6348 3.8078 -25.4316 1.2599 35.0349 -4.7883 -3.5453
Car -1 -1 -4.9490 631.1499 175.0754 656.2876 189.3604 1.3809 1.6100 3.8841 4.2199 0.7595 71.4975 -4.8952 -3.6353
Car -1 -1 -4.3494 50.4759 178.3796 104.8828 202.6192 1.5716 1.6299 4.1431 -35.4788 1.3693 48.7868 -4.9806 -3.7463
Car -1 -1 -7.8942 133.6488 171.4922 171.9382 202.6457 1.6556 1.6504 3.9350 -25.1814 1.1239 40.2641 -8.4551 -3.7961
Car -1 -1 -7.6555 567.6226 172.3991 599.6319 194.7037 1.5373 1.5703 3.9423 -1.2253 0.9100 51.5848 -7.6841 -3.8986
Car -1 -1 -3.1449 654.4314 172.5759 722.9712 197.4928 1.5283 1.6590 4.1950 5.4648 0.9810 45.1183 -3.0300 -4.0804
Car -1 -1 -3.8274 3.0596 173.2253 98.7011 205.0864 1.6715 1.7240 4.0354 -30.4258 1.2376 39.8463 -4.4813 -4.1016
Car -1 -1 -5.0024 491.8253 177.6306 519.1412 192.5870 1.4381 1.6222 3.8819 -9.4926 1.0657 71.1737 -5.1395 -4.1166
Car -1 -1 -2.7688 0.3843 175.4371 92.1446 203.9911 1.6510 1.6610 4.0093 -33.0655 1.3006 42.8966 -3.4275 -4.3954
Car -1 -1 -8.1074 819.6122 162.7377 849.8260 180.9893 1.6864 1.6941 4.3054 22.3011 -0.0508 68.6951 -7.7994 -4.5344
Car -1 -1 -7.6824 852.7176 149.8276 896.5848 180.9510 1.6731 1.6448 4.3819 15.6392 -0.0330 41.0058 -7.3250 -4.5888
Car -1 -1 -4.4256 275.4950 176.7131 318.9295 200.5249 1.5347 1.6426 3.9922 -20.4161 1.2262 48.3751 -4.8279 -4.6168
Car -1 -1 -4.2188 510.7537 176.5416 544.8239 192.0047 1.4855 1.6382 4.0763 -7.2210 1.0088 71.2047 -4.3245 -4.6474
Car -1 -1 -4.5880 0.0000 180.8031 46.6656 210.2317 1.5574 1.6205 4.0198 -32.2875 1.5207 40.1502 -5.2671 -4.6533
Car -1 -1 -4.7224 0.0000 186.6855 10.0931 218.9701 1.3639 1.5897 3.9561 -28.2929 1.6169 33.0035 -5.4323 -4.7846
Car -1 -1 -7.5889 342.8189 181.6225 399.8174 213.8919 1.3758 1.5577 3.6725 -10.3549 1.3819 32.5099 -7.9001 -4.8928
Car -1 -1 -4.5871 533.3724 175.3505 566.5274 197.9541 1.3615 1.6195 3.9804 -3.1976 0.9912 45.2970 -4.6622 -5.1437
Car -1 -1 -7.9867 381.7617 182.1348 443.4275 224.9179 1.3320 1.5394 3.5872 -6.4923 1.3557 24.3736 -8.2495 -5.2056
Car -1 -1 -8.1443 301.6617 170.3143 338.6764 197.4518 2.2196 1.7603 4.2738 -23.8780 1.3045 60.9768 -8.5210 -5.3052
Car -1 -1 -6.8488 705.8544 154.1946 763.2266 178.4274 2.0198 1.7323 4.6726 11.5172 -0.2726 61.9853 -6.6706 -5.4617
Car -1 -1 -4.9185 284.1319 173.6342 318.7050 198.1627 1.9661 1.8839 3.8757 -24.9382 1.3355 59.7088 -5.3176 -5.6703
Car -1 -1 -4.5076 0.0000 186.6892 0.0000 213.0018 1.5193 1.6611 4.0320 -41.4196 1.8562 44.4782 -5.2595 -5.8867
Car -1 -1 -4.5316 0.0000 182.6503 0.0000 206.3795 1.4844 1.6413 4.0082 -41.3949 1.5635 47.2820 -5.2530 -5.8867
Car -1 -1 -5.3917 748.3126 166.0319 814.0846 196.7519 1.6355 1.5914 3.6905 10.0086 0.8122 40.2507 -5.1544 -5.9862
Car -1 -1 -4.9699 355.4117 186.0991 460.6426 241.0457 1.3483 1.7241 4.6769 -5.6651 1.4957 20.4908 -5.2417 -6.0466
Car -1 -1 -5.2055 1116.9164 160.7125 1192.0638 193.3299 1.8683 1.7624 4.2474 33.2831 0.6778 43.3799 -4.5589 -6.2598
Car -1 -1 -4.5429 386.8667 171.4235 408.2024 188.8902 1.6587 1.4800 3.2788 -19.7836 0.7015 69.9270 -4.8225 -6.6258
