Car -1 -1 -7.6589 404.5337 183.8531 510.6883 260.1505 1.4395 1.5952 3.3747 -2.9871 1.4958 15.3440 -7.8535 6.7401
Car -1 -1 -7.7638 540.8162 175.1180 578.6414 208.3608 1.6529 1.6604 3.8243 -2.1435 1.3358 37.6517 -7.8254 5.9895
Car -1 -1 -7.2992 0.0000 202.2664 379.9485 373.0000 1.4508 1.6225 4.0132 -2.6901 1.6256 3.9998 -7.8689 5.7394
Car -1 -1 -7.8803 579.3696 175.8304 624.9345 218.0933 1.5503 1.6571 4.1110 -0.0565 1.3427 28.4325 -7.8874 5.3783
Car -1 -1 -4.4039 441.9364 179.1291 498.6104 213.7774 1.4750 1.5299 3.5244 -5.8699 1.3744 32.4239 -4.5867 1.1483
Car -1 -1 -7.6789 161.7175 177.0591 204.6568 206.3142 1.7643 1.7153 3.8306 -26.3765 1.4966 45.4160 -8.2076 -0.2578
Car -1 -1 -4.5892 660.4363 174.8403 691.4064 198.4327 1.5291 1.6329 3.9838 5.0949 1.0975 48.6816 -4.4905 -1.2923
Car -1 -1 -4.7943 633.5186 176.8754 660.8751 199.4525 1.4189 1.4489 3.8906 2.9710 1.1284 47.1088 -4.7367 -1.5558
Car -1 -1 -8.3583 722.7154 170.2598 775.9015 196.0988 1.5743 1.6235 3.8932 9.3872 0.8895 45.8664 -8.1626 -1.6253
Car -1 -1 -6.4616 178.1104 183.0713 261.8753 212.3627 1.4588 1.5570 3.6653 -20.0001 1.5453 37.7087 -6.9515 -1.8031
Car -1 -1 -4.3156 229.4761 174.9526 272.3560 195.3638 1.5806 1.6513 4.1023 -28.0810 1.0734 57.7213 -4.7716 -1.9499
Car -1 -1 -5.5041 175.6487 181.5849 247.0680 209.4223 1.5983 1.5491 3.6856 -23.0690 1.6036 42.5036 -6.0038 -2.6721
Car -1 -1 -5.1444 382.2865 183.4253 428.4763 205.1895 1.4620 1.6089 3.9789 -13.8439 1.6031 50.6492 -5.4149 -2.8651
Car -1 -1 -2.3577 200.2296 180.8904 252.0644 199.1315 1.5921 1.6824 4.1065 -33.4544 1.5387 64.1084 -2.8419 -3.0918
Car -1 -1 -7.7509 549.7149 171.5749 581.3253 199.0001 1.7224 1.6820 4.0982 -2.3091 1.0991 47.2028 -7.8045 -3.2970
Car -1 -1 -7.9183 703.1339 170.2182 724.9243 187.8697 1.4951 1.6282 3.5734 9.8280 0.5393 62.6932 -7.7683 -3.3355
Car -1 -1 -8.1010 1194.5104 157.1127 1237.0000 181.8027 1.5109 1.6703 3.6912 39.5806 0.0186 45.9821 -7.3980 -3.4058
Car -1 -1 -4.8527 436.4290 177.6930 469.2230 201.9332 1.5508 1.5992 3.8934 -9.9702 1.3073 48.0605 -5.0612 -3.4392
Car -1 -1 -4.6633 243.3974 182.7511 264.3721 199.2042 1.4551 1.5672 3.6537 -31.7802 1.5728 65.8150 -5.1166 -3.6089
Car -1 -1 -7.0450 727.5782 166.0258 776.2070 185.4065 1.5511 1.6818 3.8301 12.4388 0.3125 59.2216 -6.8437 -3.8874
Car -1 -1 -6.3359 112.4705 183.5745 206.8692 215.7511 1.4441 1.6009 3.7467 -21.0090 1.5481 34.1855 -6.8886 -4.0121
Car -1 -1 -7.9389 161.4907 177.1853 201.4291 208.3598 1.7302 1.6554 4.1721 -24.6189 1.4909 42.0493 -8.4709 -4.0900
Car -1 -1 -5.9377 963.9592 170.0779 1051.7966 200.7619 1.4483 1.5425 3.4865 20.1553 0.9095 35.7262 -5.4322 -4.0911
Car -1 -1 -4.5070 575.8894 172.8779 604.3878 192.9171 1.6083 1.6137 3.9699 -0.8789 0.9162 59.7516 -4.5266 -4.1560
Car -1 -1 -5.8288 343.4308 174.0429 402.3623 195.0959 1.7609 1.7577 4.4728 -19.4435 1.1370 61.2709 -6.1398 -4.2356
Car -1 -1 -5.2089 627.1197 174.7105 669.4540 195.0678 1.5663 1.6482 4.0068 3.7244 1.0438 57.4323 -5.1494 -4.3148
Car -1 -1 -7.7781 847.9717 164.6645 877.9573 188.7687 1.5187 1.5978 3.8146 17.2675 0.4580 47.3279 -7.4349 -4.3823
Car -1 -1 -4.5808 475.2906 178.1447 521.5412 214.2632 1.5234 1.5866 3.7594 -4.5705 1.3822 32.1883 -4.7259 -4.6481
Car -1 -1 -6.3144 225.5606 189.8377 340.4290 232.4072 1.4137 1.5796 3.6954 -11.4980 1.7330 25.9620 -6.7329 -4.6681
Car -1 -1 -4.6961 528.6357 182.5684 552.1090 204.3542 1.4999 1.6190 4.0187 -4.3600 1.5798 51.7178 -4.7848 -4.7197
Car -1 -1 -2.5624 394.2596 180.6932 455.7682 204.4489 1.4949 1.6697 3.5340 -11.4235 1.4442 46.5731 -2.8067 -4.7291
Car -1 -1 -3.0182 0.0000 180.8878 73.7215 225.5093 1.5438 1.6543 4.0622 -22.1750 1.5230 26.6457 -3.7125 -4.8207
Car -1 -1 -4.4425 582.7411 178.7405 629.0861 206.1694 1.4558 1.5975 4.0427 0.3038 1.3095 40.2883 -4.4401 -4.9503
Car -1 -1 -7.0279 1223.4125 156.5786 1237.0000 182.2891 1.5413 1.9062 4.2256 41.0557 0.0474 44.0209 -6.2852 -4.9978
Car -1 -1 -5.2262 446.6300 178.0258 500.4153 202.6567 1.4951 1.6847 3.8264 -8.1522 1.2843 45.6108 -5.4071 -5.0169
Car -1 -1 -4.8594 442.8046 179.1500 468.5491 196.2591 1.4933 1.6838 4.0490 -13.1624 1.2879 64.8858 -5.0638 -5.7707
Car -1 -1 -4.8452 465.9297 177.4142 490.1657 192.9249 1.3681 1.6116 4.2506 -11.2694 1.0075 65.6285 -5.0195 -5.8261
Car -1 -1 -4.8356 431.7531 182.1686 498.5242 224.8752 1.3767 1.7510 4.6555 -4.9941 1.4033 25.7175 -5.0307 -6.0482
Car -1 -1 -8.4057 444.8745 167.9978 488.8232 190.7683 1.7263 1.5469 3.9361 -10.5817 0.7026 56.4343 -8.5951 -6.9891
