Car -1 -1 -7.4404 100.4139 188.6854 417.7326 371.5621 1.4054 1.5658 3.5504 -3.2099 1.4984 7.4456 -7.8409 7.6037
Car -1 -1 -7.8547 509.8597 167.0905 586.6949 237.7428 1.5514 1.6902 4.1346 -1.3760 1.2356 17.9028 -7.9355 6.7092
Car -1 -1 -7.8430 591.4662 166.0493 630.4597 204.1696 1.5249 1.5605 2.2811 0.3822 0.9072 29.8902 -7.8353 4.5546
Car -1 -1 -7.7062 499.3680 165.3760 561.2846 215.6570 1.6013 1.5954 3.8280 -2.4027 1.0883 24.8267 -7.8068 3.5762
Car -1 -1 -7.7182 558.2381 165.2722 601.4022 198.2328 1.6060 1.6904 4.2828 -1.0662 0.8155 37.2167 -7.7516 -0.4737
Car -1 -1 -4.2828 0.0000 168.7836 71.3911 201.3640 1.5847 1.6465 3.8995 -29.2065 0.9664 37.0290 -4.9521 -0.9917
Car -1 -1 -6.7801 559.5426 165.5324 625.8766 190.9136 1.4926 1.6424 3.7201 -0.5218 0.5537 43.8720 -6.7968 -1.2238
Car -1 -1 -5.9064 237.7566 168.8972 317.5078 196.2360 1.7841 1.7398 4.5234 -21.5096 0.9617 47.8553 -6.3317 -1.3428
Car -1 -1 -2.4869 206.2651 169.4366 263.4894 188.2466 1.5972 1.6966 4.2603 -31.6999 0.5727 62.2131 -2.9613 -1.9107
Car -1 -1 -7.4373 577.8123 166.0713 639.0413 198.2898 1.5519 1.6382 4.0861 0.4149 0.8090 36.7994 -7.4311 -2.1819
Car -1 -1 -7.9254 517.9514 164.2461 562.3027 203.7187 1.5944 1.6153 3.7447 -2.7151 0.8978 30.9940 -8.0170 -2.3246
Car -1 -1 -3.8889 177.6091 171.8859 260.8948 201.5672 1.7006 1.7335 4.4796 -23.0666 1.1499 43.5574 -4.3784 -2.4662
Car -1 -1 -4.9438 478.3327 166.5126 508.7707 185.8187 1.5710 1.6744 3.8780 -9.1014 0.3513 60.5667 -5.0971 -2.5373
Car -1 -1 -3.7756 11.1805 168.1804 108.4979 201.7213 1.6216 1.6700 3.7101 -27.6089 0.9779 36.7455 -4.4215 -2.7717
Car -1 -1 -6.3068 458.6296 168.4568 519.1177 191.6893 1.5807 1.7342 4.0996 -7.8494 0.6933 50.1000 -6.4663 -3.0319
Car -1 -1 -4.8491 715.9222 160.9407 752.0214 188.4519 1.6746 1.7248 3.8034 8.3803 0.4232 45.6593 -4.6734 -3.0863
Car -1 -1 -7.4968 321.5107 170.7457 351.9633 186.5341 1.5320 1.6679 3.7083 -26.2865 0.4881 71.5572 -7.8525 -3.2354
Car -1 -1 -7.4171 364.0547 157.9414 462.1043 215.8880 2.0251 1.8507 4.6372 -7.1022 1.2022 27.5525 -7.6721 -3.2602
Car -1 -1 -7.5541 1077.5935 154.2065 1138.5812 182.9185 1.4726 1.6376 3.8780 27.3010 0.0730 38.6824 -6.9475 -3.4789
Car -1 -1 -7.0596 475.7081 171.2561 518.6204 188.0730 1.5474 1.6491 4.0446 -9.8300 0.6045 68.2075 -7.2070 -3.5880
Car -1 -1 -3.1408 192.0783 167.5198 256.2425 189.9496 1.6419 1.7311 4.2389 -28.4790 0.6185 54.3366 -3.6265 -3.8039
Car -1 -1 -7.7496 579.7503 161.6918 607.9785 188.0278 1.8600 1.6651 4.2753 -0.5024 0.4610 52.9381 -7.7639 -3.8950
Car -1 -1 -4.3898 172.5735 171.5468 207.0243 189.7319 1.5404 1.5810 3.5396 -35.8776 0.6971 62.7395 -4.9123 -4.0753
Car -1 -1 -8.2014 1099.0577 142.0782 1192.0248 184.2902 1.5984 1.6831 4.1287 22.1210 0.1060 29.4191 -7.5658 -4.0807
Car -1 -1 -5.0192 645.5465 165.3195 686.0138 186.5761 1.4940 1.7061 4.3322 4.6893 0.3567 52.7887 -4.9358 -4.2773
Car -1 -1 -4.4333 1099.6469 164.7212 1139.9728 181.8473 1.3329 1.6890 3.7245 41.6939 0.0269 57.7269 -3.8148 -4.3219
Car -1 -1 -6.9621 486.4026 168.1223 535.5077 187.1977 1.6297 1.7145 4.1563 -7.9322 0.4866 63.4635 -7.0908 -4.3925
Car -1 -1 -5.2038 702.4781 158.9614 749.7715 180.9551 1.5813 1.7701 4.0653 9.3303 -0.0427 53.9672 -5.0382 -4.3936
Car -1 -1 -2.5095 585.4369 169.5173 653.8137 195.2438 1.6398 1.7089 4.3750 1.1871 0.8761 47.7936 -2.4897 -4.5111
Car -1 -1 -7.5644 455.4426 166.3756 490.3013 189.0764 1.6114 1.6015 3.5086 -9.3985 0.5378 52.8215 -7.7445 -4.6653
Car -1 -1 -7.9383 831.3798 157.0869 866.6675 185.5512 1.4987 1.5438 3.2072 13.5889 0.2135 39.5625 -7.6143 -4.7347
Car -1 -1 -8.5623 734.4225 159.7546 792.6552 188.5444 1.7663 1.6204 3.6852 10.3532 0.4323 46.0783 -8.3474 -4.7530
Car -1 -1 -4.0801 322.0566 170.4814 368.7511 191.7967 1.5706 1.5311 3.6110 -19.4934 0.7587 54.8802 -4.4248 -4.8940
Car -1 -1 -7.9887 690.9851 168.7132 721.8123 191.1042 1.4542 1.5814 3.4420 7.0404 0.6238 48.3770 -7.8499 -4.9327
Car -1 -1 -4.6714 646.3202 164.7923 665.9039 183.3073 1.5581 1.5631 3.8375 4.8069 0.1519 62.4456 -4.5997 -4.9618
Car -1 -1 -4.8275 735.2856 161.7486 762.1622 183.1800 1.7155 1.7266 3.8126 12.1816 0.1343 59.4699 -4.6311 -5.3010
Car -1 -1 -7.8092 357.0795 166.5055 381.3901 188.6684 2.0794 2.0597 4.8361 -22.5437 0.6722 70.0012 -8.1245 -5.3718
Car -1 -1 -7.7908 217.9279 184.8204 334.2907 281.2667 1.3434 1.5300 3.4678 -5.3379 1.4083 12.0264 -8.2060 -5.5109
Car -1 -1 -4.2073 336.4317 169.6670 387.0102 189.6990 1.4596 1.7473 4.4093 -18.1546 0.5974 54.6678 -4.5313 -5.6698
Car -1 -1 -7.2352 217.0236 198.1225 1237.0000 373.0000 1.5014 1.8728 4.3902 0.9879 1.6191 2.9678 -6.9465 -5.7089
Car -1 -1 -4.6868 250.7343 168.1175 272.6247 190.0857 1.7547 1.5528 3.9973 -28.0936 0.6856 59.5186 -5.1309 -5.8126
Car -1 -1 -3.6027 0.0000 192.4170 0.0000 373.0000 1.5004 1.6111 3.9585 -4.6656 1.5644 2.1749 -4.6979 -5.8867
Car -1 -1 -6.5848 309.1034 169.5839 361.2100 190.8022 1.6046 1.6207 3.4867 -20.7348 0.7034 56.0307 -6.9425 -5.9971
Car -1 -1 -3.0060 112.2337 171.2098 182.0255 199.1428 1.6265 1.5004 3.3811 -27.2616 1.0274 43.2132 -3.5710 -7.1531
