Car -1 -1 -7.4953 179.0622 191.1897 441.9948 358.8095 1.4357 1.5474 3.4506 -3.0087 1.5687 8.0828 -7.8473 7.4114
Car -1 -1 -7.8272 599.5923 172.9630 640.5513 215.1443 1.5140 1.4719 2.4899 0.7035 1.2080 27.0614 -7.8066 6.5403
Car -1 -1 -4.0816 0.0000 189.9367 220.2349 329.4314 1.4699 1.6159 3.8298 -7.0459 1.6073 9.7251 -4.7016 6.1171
Car -1 -1 -7.7982 494.7088 175.0236 578.5838 252.7293 1.5369 1.6582 4.2482 -1.3942 1.4094 16.3580 -7.8873 4.8699
Car -1 -1 -4.5322 454.5033 178.2544 504.1316 209.1965 1.4426 1.7101 4.2265 -5.9915 1.2915 35.6121 -4.7027 4.6463
Car -1 -1 -7.6853 495.3912 173.3791 567.9793 229.9164 1.5987 1.6517 3.6568 -2.0954 1.3695 22.1939 -7.7835 3.2275
Car -1 -1 -7.7920 575.8895 176.2052 615.0021 208.2896 1.4431 1.6366 4.3062 -0.2419 1.2052 34.4997 -7.8041 2.3662
Car -1 -1 -7.6576 516.4758 171.5330 576.9476 215.0472 1.6028 1.6614 3.9999 -2.1154 1.2361 28.5434 -7.7360 0.4928
Car -1 -1 -4.4659 392.7190 176.8586 428.6107 199.4323 1.7483 1.8274 4.2331 -15.2652 1.3887 57.7641 -4.7281 0.0066
Car -1 -1 -5.1643 353.3107 176.8600 413.2589 206.0999 1.5066 1.5825 3.8314 -11.8706 1.2677 38.9525 -5.4633 -0.2856
Car -1 -1 -4.4817 184.0912 169.9940 227.4805 196.4790 1.8156 1.7863 4.3854 -28.3335 1.0268 51.5948 -4.9867 -0.7753
Car -1 -1 -4.7352 759.3425 164.6999 789.2845 193.9600 1.7140 1.6689 3.7829 10.5736 0.7300 44.1006 -4.5062 -1.2627
Car -1 -1 -7.4783 170.5444 176.6726 207.5938 194.4480 1.5425 1.6528 3.6757 -36.8151 1.1233 64.2735 -8.0017 -2.0195
Car -1 -1 -4.6373 587.4049 171.4335 615.6443 196.3305 1.6331 1.6564 4.0499 0.0544 0.9728 49.1975 -4.6412 -2.0618
Car -1 -1 -4.5649 421.4659 177.5127 458.8340 203.3287 1.4888 1.6730 3.8302 -9.6919 1.2590 43.4002 -4.7884 -2.0876
Car -1 -1 -3.9229 250.9555 178.0723 319.1117 205.1487 1.4989 1.5241 3.5987 -18.3110 1.3093 41.7197 -4.3392 -2.2528
Car -1 -1 -7.7518 61.8375 179.9802 107.3167 210.4828 1.5426 1.6180 3.5790 -27.4892 1.4659 38.2822 -8.3763 -3.1391
Car -1 -1 -4.1573 440.5844 176.9473 496.2172 201.2504 1.4479 1.5951 3.9399 -8.2560 1.1768 44.9221 -4.3431 -3.1617
Car -1 -1 -5.7407 86.9148 175.1099 179.7782 205.1661 1.5860 1.6622 3.9074 -25.2336 1.2490 38.8048 -6.3192 -3.4261
Car -1 -1 -5.0292 736.3221 170.2709 774.8431 192.4683 1.6211 1.6481 4.0705 11.6769 0.8010 54.5744 -4.8243 -3.4973
Car -1 -1 -5.4147 198.2755 174.0287 262.4345 198.6318 1.7899 1.7388 4.5596 -27.8446 1.2463 53.9283 -5.8943 -3.5126
Car -1 -1 -4.5238 56.0638 181.7051 102.2397 209.3560 1.5694 1.5716 3.6786 -31.0519 1.5822 42.7969 -5.1535 -3.5224
Car -1 -1 -4.5035 686.2270 170.3707 716.6329 191.3570 1.6224 1.6709 3.8667 8.0773 0.7619 57.6327 -4.3698 -3.6405
Car -1 -1 -4.5119 438.9680 178.1868 471.1946 199.2717 1.5133 1.6212 3.9162 -10.8435 1.2754 53.5166 -4.7159 -3.8088
Car -1 -1 -3.9744 0.0000 182.0391 86.9454 212.4337 1.5770 1.6110 4.0942 -30.6302 1.6083 39.4455 -4.6365 -4.0428
Car -1 -1 -5.3679 395.8004 176.5862 451.6734 200.5063 1.5067 1.6347 3.6848 -11.6473 1.1973 47.0311 -5.6144 -4.1204
Car -1 -1 -7.7314 634.0056 166.6520 655.6940 183.1456 1.5083 1.6089 3.7867 4.1539 0.1502 67.6946 -7.6751 -4.2695
Car -1 -1 -4.8462 422.4126 178.2375 450.6812 199.1220 1.4798 1.5337 3.6747 -12.1534 1.2486 52.8878 -5.0760 -4.3015
Car -1 -1 -7.8956 573.1257 169.7876 592.1554 186.0680 1.5322 1.6609 3.8707 -1.8063 0.4296 69.5966 -7.9263 -4.3067
Car -1 -1 -4.8187 423.3260 177.7724 443.6133 195.5296 1.7159 1.5823 3.5011 -16.6556 1.3553 71.3263 -5.0522 -4.3389
Car -1 -1 -3.2663 946.2880 160.6660 1019.5956 183.4778 1.5109 1.6906 4.2353 26.0115 0.1310 49.1058 -2.7862 -4.4084
Car -1 -1 -4.4059 450.7429 181.5631 478.6405 197.6781 1.5308 1.6011 3.8791 -13.3006 1.5368 70.2695 -4.5973 -4.5610
Car -1 -1 -4.9184 120.5018 177.5139 157.5506 197.3676 1.6721 1.8470 4.3890 -40.3601 1.3362 62.7071 -5.4933 -4.6012
Car -1 -1 -4.7642 399.8222 176.2787 434.2112 203.9770 1.5133 1.6786 4.4010 -10.7251 1.2282 41.5985 -5.0200 -4.6129
Car -1 -1 -4.6853 743.3438 174.1444 774.5431 203.4777 1.5414 1.6093 3.9054 8.7664 1.1551 39.8342 -4.4751 -4.6485
Car -1 -1 -7.7169 564.3274 169.4723 590.0066 187.5742 1.4865 1.6636 4.0563 -2.0022 0.4986 61.0878 -7.7544 -4.6890
Car -1 -1 -5.1711 32.9376 185.5284 91.5159 210.5134 1.5876 1.6291 3.7138 -35.8089 1.8639 47.7090 -5.8174 -4.8700
Car -1 -1 -5.0635 566.5800 173.7832 615.4532 203.5715 1.8249 1.7235 4.3879 -0.7258 1.3522 46.3632 -5.0841 -5.0403
Car -1 -1 -4.7371 744.5128 170.9669 765.6621 189.7798 1.5301 1.6164 3.9381 12.9381 0.6733 60.5073 -4.5323 -5.0436
Car -1 -1 -4.5118 501.6588 176.0083 554.1152 209.5340 1.4640 1.6384 4.2585 -3.3753 1.2245 33.5664 -4.6163 -5.0954
Car -1 -1 -2.1082 93.0641 176.5069 142.2812 194.7785 1.5010 1.6226 3.9902 -40.7842 1.0907 60.5935 -2.7035 -5.2918
Car -1 -1 -6.4884 622.5012 204.9059 1237.0000 373.0000 1.3576 1.7187 3.9182 2.1646 1.5314 3.9770 -6.0231 -5.6955
Car -1 -1 -3.8792 162.3859 179.9032 364.7885 252.8647 1.4064 1.6084 4.0435 -7.3567 1.3763 16.0221 -4.3088 -5.7829
Car -1 -1 -4.5080 0.0000 183.7943 0.0000 209.0563 1.5031 1.6463 4.0106 -41.4033 1.6546 45.2732 -5.2509 -5.8867
Car -1 -1 -4.7234 551.0413 176.4223 577.0876 200.8576 1.5456 1.6477 3.8254 -2.4919 1.2244 47.4002 -4.7807 -6.5171
Car -1 -1 -7.8882 303.4074 175.4896 330.3562 200.6254 1.8536 1.7614 4.3738 -21.9292 1.4103 55.3278 -8.2689 -6.6489
Car -1 -1 -6.2623 982.1839 154.7146 1045.3756 179.9649 1.7146 1.5687 3.8087 29.0403 -0.1118 50.6245 -5.7485 -7.7984
