Car -1 -1 -7.4838 174.6255 191.0188 442.5546 361.4325 1.4398 1.5372 3.4441 -2.9919 1.5695 7.9975 -7.8373 7.9133
Car -1 -1 -4.4866 430.4612 178.5748 492.6133 213.4604 1.4436 1.7857 4.3958 -6.1440 1.3228 31.9500 -4.6802 7.3368
Car -1 -1 -7.8667 599.5955 173.0526 642.8305 216.0916 1.5308 1.5378 2.3676 0.6877 1.2307 26.7385 -7.8463 7.0364
Car -1 -1 -7.7729 491.0123 175.0200 581.0583 255.4798 1.5675 1.6720 4.3055 -1.3738 1.4419 16.1539 -7.8618 5.5150
Car -1 -1 -7.6865 494.5228 173.1563 568.1965 230.3040 1.5973 1.6663 3.6459 -2.0813 1.3646 21.9541 -7.7852 3.0995
Car -1 -1 -7.9015 576.0859 177.2229 614.1898 209.8000 1.4612 1.5935 4.1005 -0.3657 1.2696 34.3154 -7.9172 1.6879
Car -1 -1 -4.0191 0.0000 201.9424 47.2466 373.0000 1.4223 1.5953 3.8334 -6.8627 1.6545 6.1302 -4.8457 1.6588
Car -1 -1 -7.7053 517.9024 172.1727 575.5785 215.8792 1.5988 1.6993 4.0902 -2.1017 1.2580 28.3766 -7.7836 0.2292
Car -1 -1 -7.8647 812.0916 158.7248 837.0966 182.0916 1.6559 1.6887 4.1299 16.4807 0.0419 53.1252 -7.5701 -0.5815
Car -1 -1 -4.5167 377.5417 177.5571 421.7434 205.8994 1.4615 1.6102 3.8262 -10.9038 1.2584 39.0125 -4.7925 -1.7004
Car -1 -1 -7.4705 176.7959 168.9338 227.7509 193.6173 1.6688 1.7194 4.1738 -28.1067 0.8192 50.7416 -7.9791 -1.7063
Car -1 -1 -4.6489 955.8777 158.0207 980.7190 178.6439 1.6618 1.6537 3.7332 30.9331 -0.2488 60.4768 -4.1827 -2.2663
Car -1 -1 -7.8616 350.2410 175.5763 385.1194 207.4214 1.5418 1.6185 3.8562 -12.0234 1.2552 36.8639 -8.1798 -2.3639
Car -1 -1 -4.9784 743.6428 166.9484 785.9794 195.9758 1.6899 1.5682 3.6909 9.8879 0.8429 43.7015 -4.7621 -2.5993
Car -1 -1 -4.6040 586.9853 171.5012 617.5857 196.9651 1.6611 1.6804 4.0239 0.1080 1.0089 48.9484 -4.6068 -2.6562
Car -1 -1 -4.4542 409.2368 176.7112 448.0919 201.3399 1.5285 1.5757 3.6468 -11.1104 1.2314 46.4206 -4.6929 -2.7205
Car -1 -1 -2.3179 247.6308 180.9164 325.4160 209.2969 1.4958 1.6038 4.0095 -17.2761 1.4652 39.3901 -2.7338 -2.8218
Car -1 -1 -8.2934 741.2245 167.6015 786.0637 189.8688 1.6259 1.6824 4.1871 12.3070 0.6110 54.6789 -8.0779 -2.8220
Car -1 -1 -1.9087 37.5641 184.0386 106.7612 215.5810 1.5868 1.6646 4.1960 -28.2501 1.7288 38.3010 -2.5460 -2.8989
Car -1 -1 -4.1373 418.7302 176.9575 479.4587 203.3112 1.5650 1.7093 4.2143 -9.4548 1.2953 44.9306 -4.3486 -3.0455
Car -1 -1 -4.7945 35.1544 175.3188 70.8880 198.4133 1.6342 1.7593 3.9736 -40.3890 1.1968 52.8942 -5.4492 -3.2382
Car -1 -1 -3.1193 67.3775 171.5271 167.3313 205.6219 1.6389 1.6582 4.1165 -24.3995 1.1598 36.3399 -3.7122 -3.2671
Car -1 -1 -5.0081 641.7088 174.7482 686.0378 201.1102 1.5812 1.6217 4.1309 3.8826 1.1763 45.2774 -4.9281 -3.5049
Car -1 -1 -5.0464 730.5167 172.1293 766.0410 190.2924 1.4684 1.6413 4.0912 12.2875 0.7107 60.2137 -4.8508 -3.6379
Car -1 -1 -4.3245 8.1415 183.1769 74.3715 214.1106 1.6167 1.6119 3.7143 -30.9210 1.7143 39.7644 -4.9873 -3.7355
Car -1 -1 -8.0103 1091.4188 144.2617 1146.8608 177.7760 1.5307 1.6129 3.7069 25.3361 -0.1932 35.2776 -7.3958 -3.8447
Car -1 -1 -6.1732 79.4140 175.0814 174.0247 206.7420 1.6048 1.6226 4.0316 -25.0464 1.2797 38.0537 -6.7571 -3.9421
Car -1 -1 -7.8643 602.6002 174.6190 644.3173 212.7517 1.5332 1.6774 3.5349 0.8892 1.2569 30.6615 -7.8407 -4.0131
Car -1 -1 -4.2302 347.5497 180.9872 408.9804 208.2515 1.4445 1.6093 4.0220 -12.4078 1.4175 40.1795 -4.5330 -4.0347
Car -1 -1 -4.9448 676.2213 171.9422 709.8191 190.8561 1.4638 1.7731 4.0159 7.3327 0.7240 57.6881 -4.8239 -4.0443
Car -1 -1 -7.5315 190.1491 175.9788 235.2690 198.2148 1.6299 1.7166 4.4911 -29.6793 1.2251 55.0155 -8.0292 -4.2079
Car -1 -1 -4.5704 476.2259 173.9066 501.0844 192.2301 1.5542 1.6710 3.5808 -9.7887 0.9099 62.7336 -4.7295 -4.6109
Car -1 -1 -4.2369 132.9785 171.1388 176.4050 190.4805 1.5805 1.6138 3.6828 -37.6042 0.7337 60.5999 -4.7952 -4.6336
Car -1 -1 -4.1762 483.9225 182.1692 530.6829 203.6890 1.4100 1.4910 3.7300 -6.3907 1.4576 49.1953 -4.3097 -4.6778
Car -1 -1 -7.5349 570.0813 166.9393 599.6599 183.5313 1.5395 1.6909 3.9626 -1.5141 0.1882 68.7923 -7.5616 -4.8307
Car -1 -1 -3.1047 858.2054 157.1778 942.1286 193.0058 1.6973 1.6466 3.7536 14.7540 0.5453 35.5515 -2.7188 -5.0037
Car -1 -1 -6.2878 956.6490 146.4860 1047.2949 179.5552 1.5894 1.6044 3.9273 20.1910 -0.1027 36.3579 -5.7887 -5.2134
Car -1 -1 -5.0169 932.0590 163.3954 970.9407 185.8157 1.5524 1.5447 3.3609 25.0683 0.2988 51.5121 -4.5709 -5.2875
Car -1 -1 -4.8437 295.4065 175.4773 327.0346 199.4219 1.7679 1.6806 4.3934 -22.3807 1.3232 55.3613 -5.2312 -5.3490
Car -1 -1 -4.5637 492.1191 174.5979 515.5897 192.0214 1.4799 1.5673 3.3426 -8.4596 0.8934 62.6911 -4.7022 -5.4122
Car -1 -1 -6.2040 491.3392 179.7963 557.6332 203.0900 1.5133 1.6458 4.2541 -5.0458 1.4026 47.5546 -6.3142 -5.7949
Car -1 -1 -4.8353 267.0030 191.2344 388.0859 278.9450 1.4124 1.6971 4.4627 -5.6846 1.6409 14.4578 -5.2094 -5.8033
Car -1 -1 -4.7293 524.0224 174.0944 556.2274 202.8301 1.4358 1.6005 3.9545 -3.2874 1.0660 37.9447 -4.8202 -5.8867
