Car -1 -1 -7.4831 176.3607 190.3689 443.3856 360.9542 1.4553 1.5497 3.4278 -2.9959 1.5765 8.0356 -7.8356 7.9219
Car -1 -1 -7.8507 599.5056 173.9151 642.0485 216.3269 1.5145 1.5197 2.4104 0.6947 1.2441 26.8746 -7.8302 6.9303
Car -1 -1 -4.4814 441.6358 178.2411 500.8190 211.6010 1.4674 1.7793 4.4871 -6.0639 1.3244 33.8831 -4.6623 5.5252
Car -1 -1 -7.7732 492.1771 174.8467 581.1785 253.3212 1.5411 1.6622 4.3862 -1.3720 1.4111 16.3063 -7.8612 5.5108
Car -1 -1 -4.0005 0.0000 194.4433 147.6834 372.4265 1.4146 1.5530 3.8445 -7.0320 1.5926 7.9144 -4.7163 5.4023
Car -1 -1 -7.6921 495.2139 173.0169 567.1417 230.0076 1.6012 1.6387 3.6729 -2.0989 1.3634 22.0666 -7.7911 3.7477
Car -1 -1 -7.7745 575.5397 176.4638 615.6006 209.0819 1.4619 1.6106 4.1470 -0.2360 1.2364 34.3169 -7.7864 1.9653
Car -1 -1 -7.6703 519.2369 172.4160 576.1409 215.5906 1.5904 1.5976 3.7715 -2.0761 1.2561 28.4202 -7.7477 0.8969
Car -1 -1 -2.7264 80.9259 184.0750 182.6619 217.1708 1.4994 1.5807 3.6838 -22.0296 1.6247 33.7927 -3.3056 -0.5031
Car -1 -1 -4.3289 135.9553 178.3167 176.3282 196.8926 1.5192 1.6290 3.7449 -37.5666 1.2587 60.7341 -4.8858 -0.9128
Car -1 -1 -3.7691 239.3631 178.6463 314.0064 206.0501 1.5135 1.5817 3.7343 -18.7832 1.3560 41.6864 -4.1951 -0.9755
Car -1 -1 -4.2737 0.0000 185.3266 56.0240 215.1092 1.4590 1.6334 3.8052 -30.5571 1.6711 37.7564 -4.9557 -1.3671
Car -1 -1 -6.3680 744.8192 164.4106 817.3383 194.2120 1.7949 1.7375 4.2071 11.0579 0.7657 44.4439 -6.1305 -1.6483
Car -1 -1 -1.9478 165.5908 167.2796 218.6147 194.7712 1.8658 1.7864 4.3069 -28.9549 0.9007 50.7922 -2.4686 -2.2839
Car -1 -1 -5.8441 342.2615 176.2023 429.9429 207.4041 1.5264 1.6335 3.9144 -10.8388 1.2675 36.2337 -6.1378 -2.4869
Car -1 -1 -8.1699 358.7646 177.5526 408.6788 206.2444 1.4754 1.5376 3.5610 -11.8109 1.2726 38.8358 -8.4683 -2.5483
Car -1 -1 -5.1216 420.3388 173.2303 471.8953 201.1529 1.5849 1.5974 3.8200 -9.2900 1.1156 42.7883 -5.3391 -2.6047
Car -1 -1 -5.8348 82.6598 177.7400 179.6803 209.3792 1.6575 1.6913 4.0466 -25.2898 1.4607 38.7359 -6.4151 -2.6881
Car -1 -1 -4.4516 585.6240 172.0653 624.2702 197.2800 1.6464 1.6900 3.9706 0.2949 1.0304 49.0407 -4.4506 -2.7759
Car -1 -1 -7.9855 171.8442 170.8900 201.0243 191.1512 1.6926 1.6751 3.8801 -35.8437 0.8061 62.0560 -8.5123 -3.1251
Car -1 -1 -4.8689 33.6319 175.8376 73.7806 198.0011 1.5763 1.7444 4.0141 -40.4973 1.1735 53.1040 -5.5230 -3.2800
Car -1 -1 -5.2308 667.1650 172.1278 706.7455 191.0971 1.4687 1.6273 3.4674 6.8361 0.7429 57.5314 -5.1180 -3.5812
Car -1 -1 -7.9571 628.4221 165.9264 650.7546 183.9171 1.6446 1.6919 3.8185 3.5991 0.2207 67.6189 -7.9090 -3.7688
Car -1 -1 -7.9743 574.0129 167.2395 596.4731 183.8813 1.5606 1.6707 4.0894 -1.5572 0.2230 69.5065 -8.0014 -3.9287
Car -1 -1 -2.3184 323.6275 177.9980 409.7218 209.7145 1.4704 1.6139 4.1129 -11.4671 1.3083 35.0016 -2.6379 -3.9442
Car -1 -1 -6.3379 813.8453 167.3736 910.1161 202.0476 1.6002 1.6833 4.2492 12.4267 0.9485 34.5519 -6.0000 -4.1314
Car -1 -1 -4.5196 174.9104 179.6755 209.1601 200.6767 1.5294 1.5967 3.6163 -30.8723 1.3965 54.2810 -5.0396 -4.2125
Car -1 -1 -5.1059 616.0881 179.5600 659.4950 202.0899 1.4539 1.5303 3.8781 2.4130 1.3287 48.4393 -5.0615 -4.2822
Car -1 -1 -2.3114 0.0000 189.6803 144.9350 263.3340 1.4556 1.6203 3.9966 -12.3382 1.6463 15.5693 -2.9787 -4.3663
Car -1 -1 -4.7938 433.6267 176.0354 459.8479 196.9833 1.4905 1.5796 3.7093 -11.4514 1.1016 53.1151 -5.0101 -4.4717
Car -1 -1 -4.6833 757.1401 172.8774 776.0234 190.3246 1.5320 1.5813 3.8218 15.0260 0.7746 65.1207 -4.4623 -4.8875
Car -1 -1 -8.1073 943.8034 159.3731 988.3802 183.9287 1.5393 1.6714 3.8100 23.8366 0.1523 47.0670 -7.6456 -5.1576
Car -1 -1 -4.7512 744.7680 170.4234 766.6992 189.5279 1.5466 1.6185 3.9066 12.9279 0.6497 60.2125 -4.5455 -5.2327
Car -1 -1 -4.7575 482.6306 176.8915 502.7516 194.5551 1.5062 1.5647 3.7191 -9.5654 1.1130 63.2311 -4.9120 -5.3236
Car -1 -1 -5.0904 570.7967 172.0696 623.9089 203.3150 1.8975 1.7897 4.6545 -0.3239 1.3249 46.1156 -5.1024 -5.3896
Car -1 -1 -7.9692 282.2789 182.6953 388.4377 259.3769 1.3721 1.6080 3.9480 -5.7138 1.4012 15.0415 -8.3318 -5.4628
Car -1 -1 -4.7770 181.8966 177.6491 208.1683 199.1771 1.6764 1.5979 3.6431 -32.7531 1.3764 57.8971 -5.2948 -5.5105
Car -1 -1 -4.8263 297.5416 177.2154 325.2968 199.6336 1.6599 1.5307 3.8948 -22.3190 1.3426 55.2631 -5.2135 -5.5953
