Car -1 -1 -7.4754 156.0247 190.6969 437.8843 369.6075 1.4494 1.5458 3.4134 -2.9875 1.5708 7.7133 -7.8398 7.5545
Car -1 -1 -4.4080 347.0397 181.7376 442.7857 231.3600 1.4268 1.7297 4.2386 -6.4486 1.4355 22.8157 -4.6857 6.8553
Car -1 -1 -7.8075 598.9435 171.5914 643.6027 216.3845 1.5453 1.5231 2.3655 0.7294 1.2039 26.0137 -7.7849 6.2601
Car -1 -1 -7.7840 484.9667 175.3803 576.2289 259.4283 1.5589 1.6588 4.3039 -1.4295 1.4460 15.4966 -7.8799 5.2472
Car -1 -1 -7.7476 566.6219 176.6053 610.2728 211.0026 1.5217 1.6443 4.2184 -0.5646 1.3055 33.9501 -7.7692 1.8517
Car -1 -1 -7.7088 491.0408 174.2032 563.9998 232.4283 1.5803 1.6521 3.6959 -2.1385 1.3828 21.3773 -7.8126 1.1183
Car -1 -1 -7.7122 521.1187 172.4038 576.2397 216.4077 1.5905 1.6140 3.9604 -2.0033 1.2621 27.9935 -7.7881 -0.2024
Car -1 -1 -4.7197 268.2726 178.4241 294.6494 201.6195 1.6363 1.7127 4.5478 -23.6594 1.4193 53.0982 -5.1420 -0.3024
Car -1 -1 -4.6179 37.0725 181.5270 79.7327 208.5763 1.4733 1.6056 3.8236 -31.0688 1.4750 41.1763 -5.2662 -1.2324
Car -1 -1 -4.5781 427.4014 175.7936 461.1897 202.9325 1.5573 1.4962 3.8719 -9.4052 1.2300 43.2128 -4.7962 -1.2633
Car -1 -1 -4.5156 750.9991 166.2271 784.3220 190.1235 1.7068 1.6779 4.0702 12.4332 0.6159 53.5085 -4.2933 -1.6117
Car -1 -1 -8.0130 155.2988 169.7381 198.1352 196.6750 1.7600 1.8011 4.6483 -29.1717 0.9915 49.2946 -8.5500 -2.4964
Car -1 -1 -8.0602 808.8725 165.6949 843.3355 187.7183 1.5216 1.6179 3.6529 16.0815 0.4296 51.5207 -7.7639 -2.6423
Car -1 -1 -6.1728 300.7859 180.4115 370.7928 202.8130 1.4693 1.6713 4.2760 -17.8416 1.3979 48.4442 -6.5289 -2.6987
Car -1 -1 -4.0921 428.7221 177.1667 478.4622 199.7024 1.5536 1.5748 3.8333 -10.5558 1.2549 51.5941 -4.2979 -2.7287
Car -1 -1 -3.7276 746.7822 165.8857 824.3326 193.7276 1.5817 1.6764 4.2042 10.8380 0.6948 42.3029 -3.4832 -2.7643
Car -1 -1 -8.0579 206.6482 179.9018 244.6489 202.8920 1.5444 1.6143 3.7538 -26.2833 1.4370 50.2160 -8.5430 -3.2734
Car -1 -1 -5.3496 173.1644 182.0246 249.5606 210.9532 1.4977 1.6439 3.8658 -21.0796 1.5273 38.8024 -5.8495 -3.3644
Car -1 -1 -8.0933 567.6482 166.8401 596.1157 183.8959 1.5562 1.7453 4.0762 -1.8415 0.2183 67.7400 -8.1252 -3.7011
Car -1 -1 -6.3739 574.9554 171.5134 633.6877 198.7792 1.7866 1.6851 3.7851 0.1741 1.1323 48.0835 -6.3753 -3.9394
Car -1 -1 -8.0109 570.1357 170.6472 596.9562 188.8669 1.4554 1.6223 3.7916 -1.4866 0.5883 59.3946 -8.0407 -3.9404
Car -1 -1 -4.8864 732.2798 172.5824 760.0767 191.3595 1.4851 1.5828 3.7058 11.8114 0.7797 58.6805 -4.6935 -4.1528
Car -1 -1 -7.9562 954.4775 158.8010 994.1115 188.9914 1.8321 1.7467 4.6618 23.8547 0.4547 46.0799 -7.4857 -4.2944
Car -1 -1 -4.5331 749.4617 172.3599 777.2044 191.6931 1.5221 1.5770 3.8027 13.2615 0.8024 58.6125 -4.3165 -4.3248
Car -1 -1 -8.3493 783.5219 164.2309 840.5894 190.4352 1.5286 1.6473 3.9552 12.8375 0.5214 44.0134 -8.0720 -4.3930
Car -1 -1 -6.2526 49.8830 176.2985 145.6568 210.3176 1.5842 1.6186 3.7688 -24.5661 1.3422 35.1614 -6.8639 -4.6040
Car -1 -1 -4.9863 242.9668 185.4233 435.7582 297.3977 1.3937 1.6869 4.3681 -4.3561 1.4687 11.3552 -5.3506 -4.8640
Car -1 -1 -4.6252 119.1672 174.7614 148.0523 195.1748 1.7332 1.8256 3.6495 -40.9769 1.1608 63.0279 -5.2047 -4.8778
Car -1 -1 -7.9192 244.4127 179.0153 274.7738 202.1398 1.6103 1.7278 3.8279 -24.8117 1.4372 52.1124 -8.3666 -5.1442
Car -1 -1 -4.5302 499.0001 178.1137 545.0138 206.1896 1.3588 1.6612 4.0121 -4.0179 1.1952 36.8251 -4.6432 -5.4109
Car -1 -1 -4.3934 163.6086 176.5167 212.5685 205.2884 1.7972 1.6063 4.0221 -26.9670 1.4860 47.0022 -4.9169 -5.5131
Car -1 -1 -4.8090 501.7409 177.4110 538.0913 203.1126 1.4419 1.7227 4.0966 -4.8672 1.2126 42.4836 -4.9274 -5.5457
Car -1 -1 -4.7450 262.2146 188.5233 357.4943 266.4812 1.4038 1.6863 4.3857 -6.4832 1.5807 15.7022 -5.1362 -5.8238
Car -1 -1 -4.4139 524.2946 175.8041 577.9197 205.3755 1.4658 1.6607 4.2432 -2.5891 1.1837 37.8599 -4.4867 -5.8736
Car -1 -1 -6.2061 56.9871 177.4631 158.9213 210.0697 1.6009 1.6366 4.2218 -25.3245 1.4029 37.0342 -6.8076 -6.0607
Car -1 -1 -6.4152 290.0251 178.8367 366.4825 205.3151 1.6604 1.6989 4.4753 -17.7978 1.4935 46.8613 -6.7813 -6.0896
Car -1 -1 -4.9181 393.2268 169.8670 434.7153 198.1560 1.9353 1.8378 5.2614 -13.5881 1.1394 51.9054 -5.1779 -6.3019
Car -1 -1 -4.7258 157.9194 188.9278 301.0502 322.6595 1.6608 1.6916 3.8999 -5.8732 1.7999 11.2743 -5.2025 -6.5639
Car -1 -1 -4.2621 334.3930 177.5752 371.3676 202.6863 1.8552 1.3725 3.3091 -18.9013 1.5652 54.7937 -4.5979 -6.8455
