Car -1 -1 -4.1933 0.0000 195.1944 302.3090 374.0000 1.5024 1.6237 4.0480 -4.3935 1.7667 6.4780 -4.7708 7.4523
Car -1 -1 -4.3997 265.0261 187.2093 448.9237 296.4907 1.5013 1.7058 4.4072 -4.2263 1.7975 12.6984 -4.7156 7.1689
Car -1 -1 -4.4695 397.4033 186.0284 497.4543 249.9624 1.4012 1.6080 3.8812 -4.1051 1.7760 18.5842 -4.6846 6.7190
Car -1 -1 -4.9102 724.8710 170.6317 804.7548 220.8226 1.5134 1.7183 4.4177 4.9725 1.4460 23.9678 -4.7086 6.1249
Car -1 -1 -6.8288 1025.1732 121.7758 1241.0000 221.8766 1.8426 1.7671 4.6433 11.0914 0.9021 14.3950 -6.1821 4.2392
Car -1 -1 -4.5025 459.9500 179.7705 528.5839 230.2147 1.5645 1.5883 3.6831 -3.9356 1.8198 24.7758 -4.6590 4.1504
Car -1 -1 -7.7754 642.4011 177.5981 681.7814 210.6400 1.5129 1.6525 3.7655 2.5765 1.7596 35.5914 -7.7043 4.1166
Car -1 -1 -7.4730 654.6324 176.7583 705.6233 205.5809 1.4957 1.6031 3.5613 3.8851 1.7219 39.9205 -7.3772 3.9513
Car -1 -1 -4.5771 503.6364 182.3443 550.4389 218.6014 1.4158 1.5129 3.6970 -3.5501 1.8480 31.0167 -4.6906 3.3582
Car -1 -1 -7.2898 683.0433 175.3844 733.4114 201.9621 1.5322 1.5732 3.1665 5.9306 1.6910 43.6431 -7.1561 3.1658
Car -1 -1 -4.6220 522.2513 181.5942 560.5025 212.8505 1.4219 1.5418 4.0161 -3.4068 1.8815 35.9589 -4.7163 2.7500
Car -1 -1 -6.3942 716.7732 171.8550 829.4810 211.1460 1.4842 1.5535 4.1483 6.2635 1.4462 28.2450 -6.1787 2.3788
Car -1 -1 -4.9794 537.9534 179.8248 574.0021 201.6268 1.4379 1.5474 3.9608 -3.8949 1.9515 51.0719 -5.0556 0.5074
Car -1 -1 -4.6442 409.0373 178.0446 434.3457 198.5864 1.4242 1.5443 3.7872 -13.8376 1.8199 53.0419 -4.8985 -1.2308
Car -1 -1 -5.0987 411.1418 176.2537 451.4425 198.8417 1.4859 1.4903 3.5091 -12.4130 1.7293 49.8792 -5.3417 -1.4926
Car -1 -1 -4.6141 425.7497 175.7600 453.0538 197.1316 1.5550 1.6365 4.1192 -13.0468 1.7858 55.2328 -4.8453 -1.8703
Car -1 -1 -2.5298 289.1682 169.9083 374.6404 201.9469 1.5596 1.6432 3.7611 -14.0404 1.4159 36.3772 -2.8960 -2.0213
Car -1 -1 -2.8942 675.5060 165.0089 735.6592 186.9749 1.6383 1.7165 4.2902 7.3115 1.0529 55.4052 -2.7640 -2.0348
Car -1 -1 -4.5064 43.1947 178.7437 116.1522 219.1143 1.4416 1.5958 3.5505 -20.7313 1.6880 28.2789 -5.1346 -2.3233
Car -1 -1 -2.9178 147.4707 156.9073 240.5579 202.5191 2.0790 1.7501 3.5238 -19.6934 1.3519 34.2382 -3.4366 -2.4642
Car -1 -1 -5.4059 348.7352 168.0631 428.5706 200.8467 1.5281 1.6238 3.9011 -10.9154 1.3045 35.3792 -5.7033 -2.8479
Car -1 -1 -8.2806 654.0324 176.8951 733.9597 217.7377 1.5169 1.6181 4.2324 3.2937 1.6946 29.5095 -8.1711 -3.6392
Car -1 -1 -2.5646 362.3466 175.1789 427.8997 197.0398 1.5109 1.7028 4.2529 -15.3854 1.6814 51.5922 -2.8533 -3.6490
Car -1 -1 -4.4444 442.3750 181.9173 470.6458 199.2327 1.4868 1.5643 3.8537 -14.0223 2.3401 65.9873 -4.6533 -4.0395
Car -1 -1 -7.8004 333.3682 177.5092 360.6912 200.1696 1.4794 1.5745 3.7897 -18.2110 1.8148 49.9865 -8.1484 -4.2854
Car -1 -1 -4.4138 94.9349 179.2859 173.4014 214.5123 1.3719 1.7137 3.9520 -20.3807 1.6671 31.0152 -4.9915 -4.7387
Car -1 -1 -4.1122 1138.0543 168.8489 1241.0000 238.0910 1.4281 1.5980 3.5718 13.9003 1.3452 16.1258 -3.4101 -4.8111
Car -1 -1 -5.1942 555.4935 179.5290 601.7764 204.3582 1.4928 1.5522 3.4168 -2.0793 1.9377 46.2518 -5.2393 -4.9777
Car -1 -1 -5.0786 432.0966 172.2750 476.3063 196.9995 1.6900 1.6865 4.2141 -11.2004 1.6501 51.5448 -5.2918 -5.0613
Car -1 -1 -7.6488 654.7927 170.2687 678.7895 188.8323 1.5996 1.4770 3.3330 5.0359 1.3765 63.9808 -7.5710 -5.4591
Car -1 -1 -7.6903 453.3320 186.5186 487.9039 212.5683 1.4150 1.4419 3.6790 -8.2978 2.2642 42.9996 -7.8802 -5.4924
Car -1 -1 -7.0339 756.4681 243.4795 1241.0000 374.0000 1.6459 1.9372 4.5558 3.1591 2.1001 3.5314 -6.3470 -6.2979
Car -1 -1 -6.4681 472.6756 176.4152 549.5469 210.4025 1.6690 1.7149 3.6637 -5.1389 1.8587 37.1167 -6.6052 -6.9757
