Car -1 -1 -6.9362 1078.3821 149.5237 1204.4238 186.0964 1.5452 1.7536 4.2311 23.0218 0.5592 31.4150 -6.3083 3.4619
Car -1 -1 -3.3338 677.0897 169.7370 792.8351 208.2306 1.6272 1.7610 4.7149 5.3369 1.4951 31.4428 -3.1677 3.3905
Car -1 -1 -4.6345 501.0930 182.4337 535.4494 211.0605 1.4905 1.6228 4.1624 -5.2122 2.0641 41.1039 -4.7604 2.9700
Car -1 -1 -6.8051 1021.5849 151.2522 1136.7153 184.1259 1.5720 1.7098 4.4941 22.9436 0.5387 35.4669 -6.2347 2.6170
Car -1 -1 -6.7465 923.1718 155.9894 1001.7546 180.3496 1.5030 1.6136 4.1557 22.0762 0.4622 45.3504 -6.2961 2.0817
Car -1 -1 -6.7711 907.7735 157.5345 981.7609 182.0829 1.5950 1.7101 4.1324 22.1311 0.5993 47.8524 -6.3404 1.9126
Car -1 -1 -8.2260 829.4548 158.6470 865.4666 179.9080 1.6918 1.6796 3.3870 19.4003 0.5610 59.1527 -7.9107 1.8554
Car -1 -1 -7.7356 601.5790 177.6742 622.2608 193.5358 1.4835 1.6011 3.6966 0.1937 1.9677 70.5894 -7.7332 1.5491
Car -1 -1 -4.7147 566.4821 178.3922 585.3417 195.2169 1.4991 1.7145 3.9678 -3.2231 2.0335 67.6454 -4.7625 1.3970
Car -1 -1 -5.0749 627.7010 175.5639 664.9586 196.7273 1.6465 1.6599 4.1727 2.8973 1.8760 58.9481 -5.0265 1.0839
Car -1 -1 -6.9890 1121.7535 146.2435 1241.0000 184.5178 1.4774 1.6706 4.3302 23.0868 0.4499 28.7614 -6.3175 0.2741
Car -1 -1 -8.2252 859.3903 160.5482 898.3627 180.6880 1.6066 1.7068 3.8897 22.1009 0.6246 59.5176 -7.8714 0.0912
Car -1 -1 -3.1819 403.7147 168.5680 445.8633 186.5987 1.7124 1.7294 3.8893 -17.9726 1.3050 69.9105 -3.4328 -0.6433
Car -1 -1 -7.4296 992.7844 158.7432 1035.4749 178.1839 1.6612 1.7184 4.1869 35.6100 0.4551 63.5908 -6.9212 -1.3329
Car -1 -1 -6.5291 810.0436 163.2574 869.0978 181.9704 1.5991 1.7507 4.5973 19.8743 0.7787 62.6698 -6.2235 -1.9320
Car -1 -1 -4.9734 766.1497 164.5716 803.5762 186.5969 1.4984 1.6160 3.8730 12.2895 0.9346 51.0428 -4.7387 -2.2479
Car -1 -1 -8.0628 506.4169 181.9982 542.6630 206.1481 1.4593 1.6052 3.7474 -5.6585 2.0826 47.1717 -8.1820 -2.3847
Car -1 -1 -4.8923 628.9196 178.5909 660.0594 199.6688 1.4465 1.5837 3.9316 2.4489 1.8815 52.6907 -4.8466 -3.1509
Car -1 -1 -5.3654 0.0000 189.9005 60.9950 266.8052 1.5850 1.6661 4.1643 -15.2167 2.0052 16.6017 -6.0994 -3.2964
Car -1 -1 -5.2263 711.7388 169.2224 759.4240 195.1244 1.7010 1.6285 3.6368 8.5133 1.4622 49.3708 -5.0569 -3.6676
Car -1 -1 -8.1110 981.7762 149.2904 1034.1355 177.5704 1.6996 1.8335 4.3687 25.0880 0.2831 45.7033 -7.6117 -4.4223
Car -1 -1 -4.8862 601.2715 177.2378 627.7874 194.6735 1.5401 1.7179 4.4628 0.3634 1.9627 67.2577 -4.8812 -4.5389
Car -1 -1 -6.9582 895.1448 157.2103 967.8116 179.7017 1.5363 1.7025 4.6169 22.5460 0.4674 50.6995 -6.5420 -4.8998
Car -1 -1 -6.2924 976.3390 154.1737 1051.8372 180.8941 1.7030 1.7441 4.2910 26.6560 0.5121 47.7763 -5.7862 -5.1335
Car -1 -1 -5.2543 542.1428 178.2620 584.4090 200.6738 1.6384 1.5351 3.7529 -3.6663 2.0703 55.6827 -5.3201 -5.2944
Car -1 -1 -2.8609 393.5575 170.9172 459.4401 204.1012 2.0499 1.6724 3.7056 -11.5624 1.9299 45.4680 -3.1089 -5.7698
Car -1 -1 -4.8782 662.8632 173.4587 687.4470 191.7629 1.5817 1.5464 3.9769 5.7714 1.6372 64.5283 -4.7897 -6.3238
Car -1 -1 -4.1463 799.8611 158.9643 853.9925 184.1984 1.7418 1.7360 4.2235 15.5834 0.7828 51.8439 -3.8561 -6.3265
Car -1 -1 -2.2020 403.0598 158.8008 447.9399 181.3695 1.8890 1.7959 3.9077 -15.9792 0.7125 62.3297 -2.4521 -6.5904
