Car -1 -1 -4.4321 363.0455 185.5367 490.8643 273.4325 1.5304 1.5849 3.6890 -3.6931 1.8264 14.9806 -4.6706 7.6252
Car -1 -1 -4.2640 119.8262 196.1357 413.8966 360.6709 1.4476 1.6373 3.8907 -3.8958 1.7981 8.8893 -4.6670 7.2443
Car -1 -1 -5.0357 803.0673 169.0501 974.4241 260.0616 1.5083 1.7554 4.3121 5.1471 1.4449 14.1295 -4.6938 7.0107
Car -1 -1 -7.8239 664.4189 179.4007 715.6362 226.8794 1.5312 1.6867 3.5259 2.8425 1.7805 25.6460 -7.7155 6.1023
Car -1 -1 -4.5212 459.5035 186.9393 535.7651 242.3729 1.4142 1.5256 3.7735 -3.2677 1.8670 21.2966 -4.6723 5.4070
Car -1 -1 -7.5184 680.4597 180.0541 741.2749 217.5838 1.4284 1.4868 3.3599 4.1987 1.7457 29.9997 -7.3813 5.1224
Car -1 -1 -4.5925 491.9535 184.7320 551.5109 229.3727 1.4203 1.6445 4.2626 -3.1661 1.8868 26.2226 -4.7121 4.7709
Car -1 -1 -3.8587 0.0000 211.3994 184.4539 374.0000 1.4866 1.6884 4.1312 -4.0712 1.7730 3.2976 -4.7092 4.3272
Car -1 -1 -7.2738 715.4229 175.7132 777.5444 211.8056 1.5993 1.5800 2.8110 6.3686 1.7391 33.7817 -7.0896 4.3153
Car -1 -1 -6.5299 775.8619 165.5890 974.9854 229.9423 1.5412 1.6776 4.4610 6.5442 1.3669 18.3177 -6.1924 3.1329
Car -1 -1 -5.0323 521.0693 183.1726 572.3363 211.2900 1.4499 1.6525 4.2420 -3.7044 2.0706 41.1502 -5.1221 1.3481
Car -1 -1 -6.9331 800.3668 164.1234 848.4606 181.0471 1.5855 1.6516 4.2953 20.5230 0.7673 69.1316 -6.6458 0.2138
Car -1 -1 -7.8188 347.3732 178.8778 378.9302 206.6326 1.5097 1.6074 3.9775 -14.4645 1.8804 42.3101 -8.1466 -0.1565
Car -1 -1 -3.2203 377.2580 177.1461 466.7732 208.8189 1.4920 1.6438 4.1875 -9.3854 1.7136 35.8474 -3.4749 -0.5222
Car -1 -1 -4.6032 546.3654 181.0913 587.1164 212.8407 1.4713 1.6362 3.9812 -2.1743 1.9110 36.5179 -4.6629 -0.9243
Car -1 -1 -4.6163 519.8448 181.8772 559.0323 214.2996 1.5043 1.6115 3.8279 -3.5532 1.9839 36.4576 -4.7133 -1.4145
Car -1 -1 -5.0203 620.8876 176.2026 652.0435 191.7336 1.4293 1.7211 4.5070 2.5003 1.7642 69.8382 -4.9850 -2.3223
Car -1 -1 -7.5720 707.4565 176.6481 774.4011 220.6250 1.5368 1.5367 3.7785 5.0256 1.6923 27.5997 -7.3944 -2.7123
Car -1 -1 -6.3626 454.6815 178.8781 526.4949 210.2735 1.5291 1.5913 3.4965 -6.1468 1.8460 36.7966 -6.5274 -2.8734
Car -1 -1 -3.1367 330.6701 181.2651 408.4148 210.2655 1.4771 1.6657 3.9021 -12.9832 1.9472 38.9571 -3.4567 -3.0460
Car -1 -1 -4.5688 221.2410 188.0913 273.1102 223.9214 1.5173 1.6510 4.0173 -17.3437 2.2927 34.5640 -5.0311 -3.2924
Car -1 -1 -7.5602 514.7803 178.3678 541.8329 193.9949 1.4701 1.6372 3.7649 -8.0580 2.0299 71.2880 -7.6727 -3.4315
Car -1 -1 -8.2409 359.6112 176.0924 413.5013 205.5123 1.6723 1.6472 4.2022 -13.5892 1.8775 43.6342 -8.5414 -3.4701
Car -1 -1 -6.9304 353.8732 175.3532 398.1124 192.6395 1.5659 1.6214 3.7415 -22.0212 1.8079 67.9374 -7.2430 -3.7231
Car -1 -1 -7.8673 261.1499 187.7108 301.1849 223.8090 1.5067 1.6295 4.0667 -15.6025 2.2537 34.1036 -8.2938 -3.9654
Car -1 -1 -7.0991 758.7645 166.0147 807.4391 184.6515 1.4781 1.6385 3.9096 14.1376 0.9354 58.9837 -6.8651 -3.9679
Car -1 -1 -6.4845 707.4270 171.1414 779.4102 198.4342 1.6960 1.7252 4.2244 8.3838 1.5893 45.7454 -6.3048 -4.0475
Car -1 -1 -5.0177 764.2551 168.3681 796.4044 187.1027 1.6152 1.6460 4.0170 15.1067 1.2282 64.2738 -4.7882 -4.0538
Car -1 -1 -5.0726 495.1784 178.1276 526.0110 193.8289 1.4668 1.6474 4.1571 -9.8468 2.0025 71.1151 -5.2100 -4.2505
Car -1 -1 -4.8390 299.6055 185.5631 338.2342 212.8369 1.4116 1.5485 4.1941 -16.8621 2.1831 41.6108 -5.2221 -4.6073
Car -1 -1 -4.6604 567.4424 180.2436 586.0458 195.6679 1.4423 1.6391 3.8924 -3.2794 2.1921 71.2910 -4.7066 -4.8408
Car -1 -1 -4.7815 464.1744 174.5081 483.9886 191.5141 1.6326 1.6977 3.3778 -13.5024 1.8004 71.4769 -4.9678 -4.9423
Car -1 -1 -4.3323 0.0000 194.2545 377.3874 374.0000 1.4348 1.6037 3.8108 -2.2674 1.5953 3.4052 -4.8858 -5.0275
Car -1 -1 -4.2919 671.7534 170.7969 727.7451 201.5705 1.7767 1.7638 4.3634 5.4901 1.6576 43.9814 -4.1690 -5.3057
Car -1 -1 -4.5817 682.0721 177.1783 724.9304 206.5516 1.4218 1.6947 4.2829 4.9255 1.6623 37.8858 -4.4539 -5.7495
Car -1 -1 -4.7823 829.5594 163.2304 854.0459 182.7619 1.5857 1.6842 3.8301 19.4204 0.8041 60.6374 -4.4739 -5.7627
Car -1 -1 -4.6100 524.5188 177.2319 550.9897 196.6663 1.3977 1.5988 4.0321 -5.4808 1.7423 54.8207 -4.7095 -5.8828
Car -1 -1 -4.5992 268.3916 187.9742 303.9896 215.5175 1.4239 1.4310 3.9892 -18.7176 2.3427 41.7428 -5.0187 -6.0505
Car -1 -1 -8.3769 1041.5686 185.0978 1241.0000 374.0000 1.4375 1.5751 3.7816 3.0943 1.5191 2.7907 -7.5915 -6.1117
Car -1 -1 -7.7071 405.1890 181.5383 440.7574 208.2205 1.4849 1.5420 3.6840 -11.2156 2.0289 43.3131 -7.9594 -6.1174
