Car -1 -1 -4.3056 193.8078 187.0921 437.2173 341.0980 1.5613 1.5664 3.6933 -3.6483 1.7866 9.5468 -4.6623 6.9012
Car -1 -1 -4.4687 402.9850 189.2778 513.3875 265.5789 1.3852 1.4904 3.7170 -3.2377 1.7875 15.8016 -4.6684 6.8493
Car -1 -1 -5.2001 903.3132 156.8178 1241.0000 327.9649 1.5209 1.7470 4.4308 5.1710 1.3781 8.6569 -4.6771 6.3427
Car -1 -1 -7.8564 683.7549 177.8499 749.1803 236.0925 1.4499 1.6503 3.5708 2.9038 1.6022 20.1664 -7.7162 5.7853
Car -1 -1 -7.5350 699.0610 177.3159 772.6118 224.0521 1.4503 1.5204 3.2787 4.2880 1.6129 24.5391 -7.3647 5.3845
Car -1 -1 -4.5561 462.0194 183.5215 540.0814 241.6844 1.4407 1.5846 4.0640 -3.0599 1.7761 20.6615 -4.7020 5.2903
Car -1 -1 -3.8681 0.0000 217.6771 219.3072 374.0000 1.4177 1.6058 3.8108 -3.8581 1.7556 3.5017 -4.6644 5.1507
Car -1 -1 -7.3245 737.5880 172.3924 814.4003 215.0376 1.5762 1.5946 3.1118 6.5084 1.5588 28.3488 -7.1017 5.0435
Car -1 -1 -4.5832 506.2979 178.9408 552.6910 218.1445 1.5445 1.5314 3.4339 -3.4135 1.8177 30.6947 -4.6936 4.3849
Car -1 -1 -6.7107 846.7975 162.4807 1126.7030 251.4727 1.4933 1.5933 4.1818 6.5500 1.3189 12.9677 -6.2526 4.3528
Car -1 -1 -6.2872 337.2671 174.9630 393.8421 194.1356 1.4697 1.6214 4.1822 -19.3387 1.6404 57.0718 -6.6127 2.5104
Car -1 -1 -4.9639 515.0513 179.7532 568.8332 212.3705 1.4703 1.6407 4.2273 -3.4761 1.8336 35.7513 -5.0606 2.3376
Car -1 -1 -3.9371 880.3719 164.7991 950.7029 191.0203 1.4820 1.6000 3.7938 17.8556 1.0264 42.2528 -3.5400 1.8255
Car -1 -1 -3.1827 350.4328 175.4367 448.5699 214.7122 1.5694 1.6607 3.8729 -8.9114 1.6830 30.4193 -3.4657 -0.3778
Car -1 -1 -4.7059 497.9635 180.4118 516.6186 198.1374 1.4744 1.5834 3.8781 -9.0882 2.1633 63.7731 -4.8473 -0.5163
Car -1 -1 -6.2395 287.9273 179.3747 385.3552 212.6595 1.4604 1.6405 4.1544 -12.7017 1.7769 33.6389 -6.5983 -1.0468
Car -1 -1 -7.7825 275.8669 184.1700 313.8751 214.0211 1.4111 1.5526 3.6023 -16.3866 2.0303 37.5478 -8.1917 -1.6153
Car -1 -1 -3.0282 699.9915 168.5502 779.4400 199.1649 1.6391 1.6721 4.1786 7.1696 1.4084 40.0275 -2.8527 -1.9208
Car -1 -1 -4.0060 273.7713 181.5856 327.5720 205.3859 1.5426 1.5763 3.4306 -21.4205 2.1702 50.0134 -4.4090 -1.9954
Car -1 -1 -5.4200 861.2897 157.9165 907.7150 177.6984 1.7619 1.7801 4.0589 25.2172 0.4312 66.4768 -5.0590 -2.5722
Car -1 -1 -3.2969 600.0629 177.7240 653.1560 196.4392 1.4865 1.6371 4.1321 1.3114 1.8915 58.9632 -3.2752 -2.6250
Car -1 -1 -7.6663 346.9972 182.6874 387.6621 209.4921 1.4186 1.5537 3.6876 -13.9518 2.0107 41.5357 -7.9888 -3.0758
Car -1 -1 -6.7025 563.5999 170.7721 607.1713 187.2493 1.5310 1.6491 3.7989 -2.3582 1.3372 68.6150 -6.7370 -3.1802
Car -1 -1 -7.9343 308.4709 183.7468 347.1623 212.5487 1.3299 1.5471 3.7002 -14.4796 1.9158 36.8317 -8.3068 -3.2599
Car -1 -1 -4.7664 304.5860 173.7078 328.3737 193.3911 1.5743 1.6347 3.6545 -24.4075 1.6472 59.8834 -5.1521 -3.3336
Car -1 -1 -4.8563 399.1155 176.6561 449.5740 214.3201 1.5740 1.6441 4.1008 -8.5387 1.7582 32.8075 -5.1094 -3.9796
Car -1 -1 -3.8246 826.0085 181.5742 931.3731 220.0903 1.3529 1.5565 3.5498 10.0926 1.6979 27.2554 -3.4741 -4.0366
Car -1 -1 -7.9977 663.3812 168.5977 685.7465 183.9094 1.4650 1.6540 3.8265 6.3049 1.0575 70.9935 -7.9097 -4.2968
Car -1 -1 -6.3010 429.7836 176.3737 515.8362 216.1671 1.6429 1.6078 3.5577 -5.9581 1.8001 31.1434 -6.4890 -4.6354
Car -1 -1 -4.6678 717.7493 168.4539 755.1109 198.8065 1.4892 1.7387 4.3922 6.6233 1.2730 37.7333 -4.4957 -4.6622
Car -1 -1 -8.3113 641.2797 166.7451 677.5361 183.4960 1.5924 1.8369 4.3069 4.7970 1.0113 70.9317 -8.2443 -4.6860
Car -1 -1 -7.9196 693.6497 162.6738 719.0425 184.6999 1.6377 1.6654 4.1648 7.3829 0.8805 55.7819 -7.7889 -4.7340
Car -1 -1 -4.4292 380.2018 182.5802 416.4648 204.4990 1.4562 1.5275 3.6055 -15.0466 2.1723 51.3408 -4.7132 -4.8413
Car -1 -1 -4.9149 492.7320 170.6741 518.2062 188.1463 1.5695 1.6098 3.7579 -9.7330 1.3734 66.8537 -5.0592 -4.9119
Car -1 -1 -6.1556 309.8488 179.2854 355.2709 196.6925 1.6387 1.7181 3.9372 -26.9649 2.2755 70.1836 -6.5214 -4.9258
Car -1 -1 -4.5564 689.7660 173.5799 739.4248 205.7668 1.4259 1.7110 4.2136 4.9962 1.4624 34.3316 -4.4136 -5.6254
Car -1 -1 -7.9759 0.0000 184.8591 143.9859 289.8094 1.5106 1.6259 4.0064 -9.7544 1.7577 12.8568 -8.6152 -5.6999
Car -1 -1 -4.6639 301.3717 180.5640 320.9930 196.6671 1.4929 1.5941 3.9263 -29.4097 2.2743 71.0380 -5.0553 -5.8575
Car -1 -1 -4.8259 746.0195 170.8477 788.9189 200.5325 1.3904 1.6139 4.0671 7.7315 1.2961 35.8969 -4.6158 -5.8800
Car -1 -1 -7.2859 1220.4962 141.5595 1241.0000 374.0000 1.4567 1.6501 4.2636 6.0464 1.3258 3.9221 -6.3243 -5.9062
Car -1 -1 -5.1359 987.2244 160.2800 1128.6675 223.3843 1.4340 1.5456 3.9129 11.1907 1.1480 18.4284 -4.5975 -6.5331
Car -1 -1 -3.9146 802.6103 158.5995 856.8245 181.1375 1.7770 1.9032 4.0383 17.8415 0.6528 58.6660 -3.6209 -8.0720
