Car -1 -1 -4.5716 407.3310 182.8404 476.3086 235.8008 1.5143 1.6334 3.9352 -5.4111 1.8663 23.4257 -4.7968 6.7281
Car -1 -1 -3.5671 762.4150 164.0503 1031.6230 252.7746 1.6069 1.6799 4.5967 5.4098 1.4471 14.0567 -3.2074 5.6336
Car -1 -1 -4.8382 640.7369 174.0044 681.1820 202.0666 1.5276 1.7858 4.3225 2.8472 1.5973 41.6693 -4.7710 5.5448
Car -1 -1 -6.9892 1100.5303 146.5595 1233.7711 187.2394 1.5420 1.6480 4.0406 21.7313 0.5450 28.2861 -6.3391 4.1530
Car -1 -1 -4.5513 445.0402 181.1384 504.0554 223.6370 1.5830 1.7181 4.3926 -5.5764 1.9520 29.9537 -4.7344 3.6981
Car -1 -1 -6.9760 1063.4214 150.4628 1186.9613 185.3901 1.4384 1.6638 4.1916 21.8273 0.5160 30.7100 -6.3626 3.6512
Car -1 -1 -4.6464 505.3461 176.6663 557.4696 222.0839 1.6607 1.7911 4.4310 -3.1231 1.8256 29.0110 -4.7533 3.6427
Car -1 -1 -7.7919 593.3854 178.6409 617.8797 199.4088 1.4431 1.5825 3.6090 -0.3208 1.8827 53.0112 -7.7984 3.4424
Car -1 -1 -8.4265 941.1422 154.8817 1007.7473 185.2000 1.7009 1.6654 3.8522 21.3387 0.6923 42.4852 -7.9639 3.3553
Car -1 -1 -8.2987 907.0630 154.3737 965.7717 186.5605 1.7952 1.6752 3.7074 18.9425 0.7642 42.1172 -7.8788 3.1277
Car -1 -1 -6.5810 768.0961 155.8154 891.6456 196.3806 1.7803 1.8570 5.0153 9.8187 1.0322 32.6154 -6.2913 2.8919
Car -1 -1 -7.8883 470.6335 183.8858 506.9042 216.1131 1.4319 1.6219 4.1211 -6.0908 2.0112 35.7330 -8.0565 1.7818
Car -1 -1 -6.4401 635.9661 173.1006 709.0575 198.9330 1.6089 1.6535 4.4296 3.9127 1.6246 45.9432 -6.3561 1.5763
Car -1 -1 -6.8721 1028.1428 147.3634 1157.2362 185.4377 1.6940 1.8148 4.7014 21.9704 0.5596 33.0242 -6.2892 1.0894
Car -1 -1 -4.6041 625.4725 172.2660 649.2130 190.9156 1.5489 1.6307 3.8850 2.3535 1.4997 61.9644 -4.5666 -0.2206
Car -1 -1 -8.3208 1011.5330 147.1143 1085.5804 181.0617 1.8822 1.7864 4.6684 25.6118 0.4548 42.3996 -7.7805 -0.4263
Car -1 -1 -3.7694 945.0036 159.0053 1019.9038 182.4916 1.4526 1.6437 4.0254 23.5547 0.5958 45.7482 -3.2967 -1.9570
Car -1 -1 -4.4822 386.7494 176.0599 432.7693 205.2789 1.5408 1.5887 4.1365 -11.2397 1.7303 40.6071 -4.7509 -2.2113
Car -1 -1 -4.8115 424.6073 175.0712 447.0485 192.1590 1.5183 1.6272 4.0422 -16.1846 1.7302 66.8536 -5.0484 -2.6084
Car -1 -1 -7.4576 601.9647 174.1070 640.3123 193.8216 1.5148 1.6348 4.0718 0.9081 1.6189 57.9137 -7.4424 -2.6288
Car -1 -1 -6.4593 716.1138 177.5496 789.4224 202.0766 1.4696 1.6717 4.1967 8.7130 1.7641 44.4349 -6.2673 -2.8844
Car -1 -1 -7.9823 1206.7626 159.9974 1241.0000 195.7333 1.5617 1.6181 3.7748 29.0258 0.9996 33.5550 -7.2736 -3.2689
Car -1 -1 -3.1582 275.8049 156.2385 342.2885 184.0252 1.8979 1.8030 4.2648 -21.2623 0.7627 50.9596 -3.5518 -3.3517
Car -1 -1 -5.0984 436.8403 174.0284 470.9042 191.3720 1.5781 1.6616 4.2616 -14.8043 1.6924 68.1819 -5.3117 -3.5058
Car -1 -1 -5.6289 438.8075 170.0062 488.0930 189.2683 1.5902 1.6343 3.9061 -12.4510 1.3548 61.1599 -5.8291 -3.6766
Car -1 -1 -7.3192 615.7329 174.7038 661.1081 194.5284 1.5029 1.6453 4.3011 2.2754 1.6554 57.3716 -7.2802 -3.7344
Car -1 -1 -4.7807 486.4738 173.7506 522.8658 205.0031 1.7167 1.7901 4.5425 -6.2452 1.7718 42.1817 -4.9272 -5.0314
Car -1 -1 -6.5939 824.8839 157.6570 907.8154 189.3782 1.9896 1.8381 4.6668 16.3368 1.0361 46.2367 -6.2565 -5.1058
Car -1 -1 -7.9136 491.7075 171.0049 511.3344 187.6330 1.5887 1.6789 3.8731 -10.7175 1.4117 71.0058 -8.0632 -5.4316
