Car -1 -1 -4.4564 391.7504 189.2005 511.2827 269.1449 1.3639 1.4974 3.7612 -3.1968 1.7470 15.0077 -4.6635 7.0325
Car -1 -1 -4.2801 147.2297 185.1694 428.2416 356.3960 1.5656 1.5987 3.7526 -3.6244 1.7480 8.7871 -4.6617 6.8645
Car -1 -1 -5.2495 928.5515 151.7550 1241.0000 343.0969 1.5201 1.7086 4.3226 5.1990 1.3521 7.9153 -4.6858 6.1567
Car -1 -1 -7.8562 690.1017 176.4882 757.2289 238.3272 1.4795 1.6174 3.5075 2.9730 1.5860 19.3347 -7.7067 5.9557
Car -1 -1 -4.5637 456.6848 182.9474 538.3854 242.8030 1.4208 1.6121 4.1845 -3.0375 1.7286 19.9271 -4.7138 5.7026
Car -1 -1 -7.3432 743.7343 171.3982 823.0228 214.7009 1.5537 1.6255 3.1457 6.6192 1.5011 27.5961 -7.1107 5.5110
Car -1 -1 -7.5398 703.6417 176.2894 781.1838 224.6407 1.4469 1.5211 3.4663 4.3730 1.5687 23.7472 -7.3605 4.9936
Car -1 -1 -6.7516 864.4356 159.2336 1175.3203 255.8172 1.5139 1.6112 4.3071 6.6710 1.3001 12.1638 -6.2606 4.3801
Car -1 -1 -3.7977 0.0000 221.7530 158.0306 374.0000 1.4194 1.5651 3.8225 -3.7964 1.7369 2.7627 -4.6933 4.0932
Car -1 -1 -4.5918 505.9721 177.5114 554.4365 219.0199 1.6016 1.5803 3.6454 -3.3098 1.8073 30.0832 -4.7010 3.5375
Car -1 -1 -3.1360 360.1499 174.7907 417.9050 194.3347 1.4972 1.6221 4.2995 -17.4364 1.6535 56.9426 -3.4321 2.8565
Car -1 -1 -3.9304 886.6916 162.7504 963.1655 190.5960 1.5409 1.6498 4.0611 18.0539 0.9815 41.4493 -3.5224 2.7259
Car -1 -1 -5.0456 510.0534 179.5175 569.4793 212.1752 1.4403 1.6245 4.0130 -3.4958 1.7820 34.8671 -5.1453 2.3263
Car -1 -1 -7.6912 269.8255 181.3770 316.0549 212.7407 1.4733 1.5775 3.7336 -16.2280 1.9336 36.9863 -8.1023 0.4301
Car -1 -1 -6.1747 366.7580 177.9403 458.1871 218.1171 1.5964 1.6244 3.5116 -8.1935 1.8153 30.0183 -6.4393 -0.3372
Car -1 -1 -6.2018 704.8252 165.7139 786.4798 198.8294 1.7335 1.7502 4.2317 7.3423 1.3595 39.1697 -6.0182 -0.8529
Car -1 -1 -4.0376 890.9309 154.9854 934.0377 174.2645 1.7058 1.7125 3.6386 27.4254 0.1245 65.4640 -3.6425 -1.6277
Car -1 -1 -4.6664 348.5879 180.2021 382.3174 209.8316 1.5461 1.6205 4.0923 -13.8568 1.9848 40.9260 -4.9913 -1.9496
Car -1 -1 -4.0547 270.1533 180.6640 323.9385 204.3444 1.5144 1.5697 3.4753 -21.3422 2.0676 49.2598 -4.4619 -2.2382
Car -1 -1 -8.0393 623.7337 163.3816 650.6667 182.9975 1.8308 1.8250 4.3188 2.5673 0.9464 69.6130 -8.0028 -3.9684
Car -1 -1 -4.6854 542.1225 171.5843 561.1276 188.5926 1.5195 1.6413 3.9588 -5.3737 1.4058 66.4829 -4.7660 -4.2738
Car -1 -1 -6.3625 588.5715 165.0836 642.2236 183.9641 1.6916 1.8910 4.7523 0.4413 0.9951 65.7618 -6.3561 -4.2791
Car -1 -1 -7.8712 219.3578 178.5611 263.5966 218.5210 1.5641 1.5942 3.6676 -15.7988 1.8232 30.8055 -8.3418 -4.4413
Car -1 -1 -7.4565 370.6811 179.0457 430.2344 208.7034 1.4054 1.5554 3.8667 -10.7217 1.7402 37.0427 -7.7367 -4.5270
Car -1 -1 -8.3137 897.4931 166.8985 977.0399 200.8435 1.4613 1.6781 4.0519 14.8705 1.2046 33.1198 -7.8953 -4.6410
Car -1 -1 -8.1566 648.0838 162.3515 677.6403 181.2550 1.7528 1.6358 4.2155 5.0076 0.7787 69.1440 -8.0848 -5.1057
Car -1 -1 -4.9364 481.3892 175.4530 510.2201 193.2705 1.4827 1.6278 4.0013 -9.9991 1.7165 62.8321 -5.0939 -5.1136
Car -1 -1 -4.4296 772.4890 158.0114 809.9695 179.2034 1.5672 1.6484 4.4018 13.9943 0.4692 55.6746 -4.1847 -5.2714
Car -1 -1 -5.2393 894.3184 169.3949 977.3427 205.4738 1.4498 1.5629 3.7224 13.8225 1.3105 30.9299 -4.8229 -5.5477
Car -1 -1 -5.1860 493.8108 172.2615 540.5504 194.3841 1.4787 1.7258 3.7023 -6.5284 1.4388 50.2432 -5.3148 -5.5981
Car -1 -1 -3.8950 1097.3364 170.0486 1241.0000 374.0000 1.5902 1.9169 4.5482 5.5989 1.5796 3.9697 -2.9760 -5.6011
Car -1 -1 -3.1341 283.8511 180.1214 377.2211 214.2953 1.4559 1.5673 3.8649 -12.6766 1.7998 32.7547 -3.5010 -5.6863
Car -1 -1 -5.0607 989.2908 162.0315 1128.3243 225.8995 1.4214 1.6031 4.1523 11.0887 1.1802 18.2483 -4.5221 -6.0573
Car -1 -1 -4.3785 695.8038 160.3918 732.7876 183.1541 1.6792 1.5877 4.0078 8.0119 0.7595 55.3730 -4.2358 -6.1515
