Car -1 -1 -4.3924 248.0008 179.0517 505.5795 347.7021 1.6483 1.8039 4.3083 -2.7195 1.7476 9.4054 -4.6675 7.0556
Car -1 -1 -4.8526 669.1566 173.6663 721.2010 209.6931 1.5205 1.7446 4.2321 3.7412 1.5594 32.6875 -4.7402 5.5282
Car -1 -1 -7.7407 608.1807 178.0925 642.3876 204.8004 1.5341 1.6792 3.8275 0.9443 1.8696 44.2421 -7.7200 5.2657
Car -1 -1 -8.4359 1007.3318 144.6933 1094.4044 185.3442 1.7389 1.7207 3.4695 19.7941 0.5340 32.6325 -7.8947 5.0592
Car -1 -1 -4.5447 444.6556 184.1965 505.4199 226.4610 1.4031 1.5927 3.9444 -5.0129 1.8585 27.0025 -4.7271 4.7720
Car -1 -1 -6.6847 851.3912 139.7251 1022.1503 203.7344 1.9876 1.7953 4.7039 10.4095 0.9586 23.3335 -6.2699 4.6697
Car -1 -1 -8.4807 1053.1344 149.0194 1146.8629 184.6017 1.5309 1.6161 3.7774 22.2213 0.5051 32.9610 -7.8917 3.4861
Car -1 -1 -4.5710 476.3742 178.4010 522.1687 217.1175 1.6554 1.5746 3.7328 -5.0869 1.9253 33.2626 -4.7221 3.0361
Car -1 -1 -6.3570 665.7979 173.5355 753.1840 203.7170 1.5071 1.6612 4.3254 5.0086 1.5427 37.0309 -6.2241 2.2810
Car -1 -1 -4.1217 1035.2257 165.6359 1241.0000 374.0000 1.4599 1.6567 4.3851 5.5358 1.4201 5.1735 -3.3308 2.2388
Car -1 -1 -4.4126 293.6946 186.6690 430.0672 273.6003 1.4743 1.5765 3.6610 -4.9230 1.7902 14.6685 -4.7317 1.8984
Car -1 -1 -7.6417 638.8160 174.0970 674.9329 199.0537 1.7502 1.7789 4.3748 3.4719 1.8456 53.1829 -7.5773 0.9138
Car -1 -1 -5.2889 1137.8073 137.4653 1240.6317 176.3644 1.6789 1.7667 4.0193 26.4808 0.1512 33.2243 -4.6201 -0.5311
Car -1 -1 -4.5009 400.2583 182.2387 480.3057 236.8746 1.4520 1.5772 3.7680 -5.0533 1.7589 21.7226 -4.7274 -0.7374
Car -1 -1 -4.9664 483.5038 182.7526 530.9597 210.6818 1.3727 1.5853 4.0046 -5.6639 1.9389 39.1425 -5.1096 -0.7564
Car -1 -1 -4.5380 619.1572 175.0114 654.7675 201.0319 1.6698 1.7058 4.2495 1.8431 1.8226 48.9345 -4.5011 -1.6426
Car -1 -1 -4.8355 504.4262 180.4563 539.2428 206.7272 1.4880 1.6351 3.9742 -5.4807 1.9760 44.2248 -4.9585 -2.9593
Car -1 -1 -4.2017 426.0399 173.0190 470.7259 192.4121 1.5279 1.7109 4.2601 -13.2241 1.5416 59.1709 -4.4209 -3.0185
Car -1 -1 -4.9620 519.6337 180.6882 549.4609 199.3162 1.4290 1.5868 3.5673 -6.2184 2.0898 58.9383 -5.0671 -3.2861
Car -1 -1 -4.7794 1178.0626 159.2688 1241.0000 209.7533 1.5552 1.6207 3.8177 20.1878 1.1364 24.2506 -4.0913 -3.8917
Car -1 -1 -4.7291 1231.6737 155.0190 1241.0000 205.3709 1.4131 1.6307 3.8687 20.2007 0.9123 22.2456 -3.9985 -4.0124
Car -1 -1 -3.7550 931.8162 151.3977 1026.6884 186.7324 1.6997 1.7805 3.8853 18.2768 0.6673 35.8695 -3.2871 -4.3975
Car -1 -1 -4.5663 529.9632 179.6028 565.2806 206.4620 1.5429 1.6114 3.9611 -3.8342 1.9777 44.4923 -4.6522 -4.7371
Car -1 -1 -6.4484 427.6997 176.0045 485.3001 196.9345 1.5032 1.6518 3.9810 -11.4696 1.7442 53.7681 -6.6578 -4.8514
Car -1 -1 -4.8956 413.7721 175.7348 442.3394 194.8825 1.4731 1.5924 3.6381 -14.7016 1.7127 58.0928 -5.1426 -5.4403
Car -1 -1 -4.7456 366.5770 182.6415 426.8823 243.3125 1.4486 1.4513 3.6676 -5.9706 1.7440 19.8321 -5.0349 -6.0193
