Car -1 -1 -4.5708 421.5110 182.1165 486.6916 233.0553 1.5491 1.6344 3.9079 -5.2883 1.8913 24.6765 -4.7804 7.4717
Car -1 -1 -4.8455 641.8588 173.8338 682.0033 201.4063 1.5502 1.8215 4.2157 2.9934 1.6110 42.8814 -4.7768 5.7010
Car -1 -1 -3.5454 751.2727 164.6545 994.0182 245.1502 1.5972 1.7168 4.5418 5.4123 1.4342 15.3348 -3.2127 5.4164
Car -1 -1 -8.2847 901.3738 153.8011 957.6458 186.7952 1.8968 1.6974 3.6722 19.0813 0.8012 43.3314 -7.8725 4.4033
Car -1 -1 -6.9604 1084.4189 146.7052 1211.8383 185.2710 1.5280 1.6890 4.0139 21.9039 0.4917 29.5181 -6.3267 4.0847
Car -1 -1 -4.5864 457.5991 182.4764 508.6497 220.1540 1.4562 1.6392 4.3210 -5.4525 1.9013 31.2046 -4.7585 3.9694
Car -1 -1 -4.6257 515.6055 176.6046 564.7380 218.3201 1.6944 1.8021 4.0774 -3.0430 1.8696 31.7215 -4.7211 3.8765
Car -1 -1 -7.7185 595.1704 178.6646 623.3268 199.2216 1.4601 1.6271 3.7941 -0.0510 1.9136 54.3613 -7.7199 3.4656
Car -1 -1 -6.5842 766.4017 154.3577 883.8833 195.8137 1.8902 1.8741 4.9502 9.9871 1.0466 33.8777 -6.3001 3.1771
Car -1 -1 -6.9241 1049.6202 150.3552 1173.1918 184.4470 1.4618 1.6916 4.3395 22.0399 0.4968 31.8709 -6.3234 3.0378
Car -1 -1 -8.3808 934.4847 156.4229 997.1816 186.0209 1.7110 1.6320 3.9434 21.4505 0.7608 43.7359 -7.9276 2.7765
Car -1 -1 -6.7381 1017.4981 151.1709 1142.0576 185.1367 1.5490 1.7698 4.6204 22.0299 0.5599 34.0514 -6.1678 1.3585
Car -1 -1 -4.5844 478.9422 182.0994 520.6948 213.1905 1.4653 1.6437 3.8450 -5.6486 1.9652 37.0996 -4.7350 0.8683
Car -1 -1 -6.3790 642.6935 174.3651 708.9760 198.5344 1.5510 1.6350 4.1803 4.2400 1.6513 47.2383 -6.2904 0.0334
Car -1 -1 -4.5807 627.8069 173.7266 651.4080 192.2272 1.5632 1.5851 3.7808 2.5961 1.6417 63.1531 -4.5402 -0.0607
Car -1 -1 -7.0438 977.9971 158.5451 1040.4158 181.2299 1.4540 1.6367 3.4085 26.2188 0.5366 47.4763 -6.5420 -1.7364
Car -1 -1 -8.2460 1003.0665 147.5085 1065.4156 181.1904 1.9470 1.7881 4.1854 25.6831 0.4816 43.9024 -7.7197 -2.3471
Car -1 -1 -6.4839 711.0507 174.7474 783.7417 199.2769 1.5178 1.6807 4.2653 8.6188 1.6396 45.6551 -6.2990 -2.8176
Car -1 -1 -7.7146 431.4297 176.5493 456.7632 195.2502 1.5891 1.6621 3.9510 -14.7393 1.9279 64.1589 -7.9398 -3.0058
Car -1 -1 -7.8842 1192.6965 158.7392 1241.0000 193.0854 1.5273 1.6398 4.0997 28.6798 0.8993 34.2053 -7.1908 -3.0152
Car -1 -1 -8.0019 400.6054 180.0976 437.0699 206.4196 1.4921 1.6080 3.8067 -11.7560 1.9553 44.1035 -8.2613 -3.1495
Car -1 -1 -2.4632 443.9633 174.4065 491.2797 193.1023 1.5683 1.6536 3.8247 -12.3455 1.7058 62.4159 -2.6579 -3.2086
Car -1 -1 -4.9516 431.7975 177.0788 459.1151 193.8047 1.5066 1.6269 3.9450 -15.5990 1.9181 68.1968 -5.1759 -3.6911
Car -1 -1 -6.3532 392.0752 179.0626 463.3094 205.2449 1.4471 1.6177 3.9080 -10.6340 1.8193 41.9115 -6.6006 -3.9729
Car -1 -1 -6.4751 433.6861 172.7090 497.1857 197.9789 1.7510 1.7308 4.1991 -10.3680 1.7406 51.5942 -6.6728 -4.0297
Car -1 -1 -4.9928 400.7873 180.8524 436.4949 202.9463 1.6159 1.6610 3.9825 -15.0309 2.2650 56.4516 -5.2522 -4.3212
Car -1 -1 -3.1816 307.6427 163.1322 371.9573 186.7971 1.6782 1.7602 4.3438 -19.8083 0.9885 52.8193 -3.5389 -4.4815
Car -1 -1 -7.6699 601.8943 176.1100 629.5704 195.8073 1.5418 1.6026 3.8078 0.4769 1.8176 59.1675 -7.6623 -4.7414
Car -1 -1 -7.6106 630.3954 177.0734 665.9897 200.2911 1.4792 1.5716 3.6320 2.5799 1.7749 48.6497 -7.5584 -4.7724
Car -1 -1 -7.5737 618.0736 176.7842 649.4426 195.8990 1.4859 1.6109 3.6682 1.9458 1.8172 58.9003 -7.5413 -5.0968
Car -1 -1 -4.5552 485.7981 172.8746 528.6795 205.3295 1.8468 1.8051 4.9651 -6.1658 1.8478 43.5580 -4.6954 -5.5029
Car -1 -1 -4.9110 802.1488 170.3712 838.1755 194.8144 1.4788 1.4784 3.6435 13.1800 1.3283 45.5289 -4.6313 -5.5279
Car -1 -1 -4.5439 1181.9900 142.2440 1241.0000 184.7972 1.7117 1.9501 4.6673 26.5546 0.4801 31.2759 -3.8445 -5.6501
Car -1 -1 -3.6562 814.2053 147.9133 890.0250 184.5011 2.3389 1.7926 4.4161 15.8582 0.7442 47.4297 -3.3356 -7.7713
