Car -1 -1 -4.2889 124.6049 188.5956 409.4097 367.9352 1.4821 1.4938 3.3615 -3.5102 1.6924 7.9555 -4.6931 8.1276
Car -1 -1 -4.3449 642.7682 172.7329 709.5439 210.2896 1.5947 1.7256 3.9381 3.0280 1.5893 32.7858 -4.2541 7.4752
Car -1 -1 -8.0044 749.6315 177.3326 853.3554 257.2208 1.5355 1.6218 3.7744 4.0645 1.6469 16.0415 -7.7615 7.3932
Car -1 -1 -8.2462 806.3693 180.3211 1107.5671 344.8710 1.4801 1.6618 4.0912 3.7119 1.5913 8.7241 -7.8571 7.0795
Car -1 -1 -4.3699 499.4029 175.4440 586.1141 231.6999 1.5790 1.5644 3.5616 -2.0394 1.6659 22.3490 -4.4605 6.7909
Car -1 -1 -4.4840 376.5356 170.1667 498.8482 267.3134 1.7985 1.6204 4.0973 -3.5594 1.7484 15.4100 -4.7081 5.0086
Car -1 -1 -3.8745 0.0000 192.9982 174.1585 374.0000 1.5478 1.6423 3.9983 -3.5410 1.6759 2.5558 -4.7706 3.9264
Car -1 -1 -7.8992 744.0095 177.3526 807.6074 232.2112 1.4511 1.6299 4.0582 4.8147 1.5987 21.5752 -7.6832 3.8173
Car -1 -1 -8.1063 903.9286 155.2158 960.0085 192.5997 1.8100 1.7555 3.5881 16.3280 0.9557 36.8468 -7.6924 2.5042
Car -1 -1 -4.7896 714.4778 170.2023 745.4617 196.6637 1.6293 1.6507 4.0166 7.6531 1.4658 46.4988 -4.6278 1.2780
Car -1 -1 -7.4719 277.3661 187.7805 314.8954 204.9967 1.4629 1.7154 4.3312 -29.2369 2.9000 67.2936 -7.8806 0.8980
Car -1 -1 -4.4206 737.7260 166.0420 773.0899 187.6258 1.6367 1.6467 4.0380 11.4701 1.1198 56.8828 -4.2229 0.7393
Car -1 -1 -7.8524 824.9325 164.3718 850.9651 188.0064 1.5768 1.6644 4.0517 15.8575 1.0106 50.3194 -7.5491 0.4406
Car -1 -1 -5.1558 954.7628 159.7431 1023.1536 192.4983 1.5478 1.6060 3.6033 18.7406 0.9280 35.9237 -4.6784 -0.4145
Car -1 -1 -7.7699 782.9113 171.1886 827.7805 208.9987 1.5000 1.5487 3.6321 8.2849 1.4336 30.5959 -7.5084 -0.4186
Car -1 -1 -7.6363 748.1434 174.5134 813.5145 218.4350 1.4858 1.5733 3.7985 6.3177 1.5514 26.6160 -7.4063 -1.6657
Car -1 -1 -5.0874 966.3492 164.2596 1035.9365 200.4543 1.4708 1.5641 3.1442 16.6661 1.1212 30.9705 -4.5979 -2.6715
Car -1 -1 -8.0962 1182.6387 199.1772 1241.0000 374.0000 1.3843 1.5360 3.6591 2.7379 1.5316 2.1053 -7.2467 -2.6847
Car -1 -1 -9.2939 1161.4749 154.4134 1241.0000 374.0000 1.4856 1.6106 3.8481 4.5071 1.4733 2.5539 -8.2872 -2.9908
Car -1 -1 -5.3131 39.4751 191.7136 146.8914 232.1499 1.4313 1.6001 3.7230 -20.2588 2.2054 28.2323 -5.9313 -3.4925
Car -1 -1 -5.0663 846.7885 160.6277 890.7468 183.1529 1.5872 1.7558 3.9528 18.8565 0.7254 52.8290 -4.7253 -3.4950
Car -1 -1 -5.2570 844.5827 165.4522 898.1608 192.1176 1.6113 1.5326 3.5806 16.3909 1.1637 45.5074 -4.9136 -3.5224
Car -1 -1 -4.6871 483.5742 184.5861 506.3047 207.3836 1.5382 1.5414 3.0952 -8.2976 2.4101 52.0049 -4.8450 -3.9461
Car -1 -1 -3.4202 827.4008 173.2187 922.2551 208.7543 1.5360 1.6478 3.6509 11.6962 1.5525 32.1520 -3.0746 -4.1038
Car -1 -1 -4.8282 693.3391 171.0936 724.5162 195.9683 1.5509 1.5695 3.7725 6.3539 1.4408 46.8867 -4.6947 -4.5503
Car -1 -1 -4.3129 148.1690 195.1672 205.2982 224.0925 1.4245 1.5307 3.3403 -23.9919 2.7158 40.0079 -4.8504 -4.6513
Car -1 -1 -7.7416 0.0000 199.7038 51.2885 243.8279 1.4168 1.5865 3.9983 -22.8321 2.5314 27.8486 -8.4238 -4.7033
Car -1 -1 -4.8476 344.6037 182.3904 385.3942 211.4421 1.4592 1.5916 4.1250 -13.6238 2.0152 39.8872 -5.1750 -4.8889
Car -1 -1 -4.5939 879.6600 222.6224 1241.0000 374.0000 1.4281 1.5425 3.1203 2.8208 1.8369 4.2308 -4.0391 -4.9298
Car -1 -1 -7.7662 459.3985 179.5507 500.2243 210.9602 1.3704 1.5897 3.5983 -6.1484 1.7043 34.1388 -7.9435 -5.1734
Car -1 -1 -4.8439 369.4294 180.6378 408.4469 211.7384 1.6068 1.5784 4.0198 -12.4904 2.0668 40.5136 -5.1415 -5.3081
Car -1 -1 -4.7317 477.9127 181.3115 501.9284 205.1218 1.4406 1.4642 3.2954 -7.8227 2.0077 46.6544 -4.8973 -5.3146
Car -1 -1 -2.2199 0.0000 188.5862 72.9091 216.7432 1.6852 1.6262 4.4348 -36.8119 2.7172 46.0116 -2.8920 -5.3635
Car -1 -1 -4.6966 312.0240 184.2419 331.6643 201.2273 1.4798 1.6530 4.1063 -27.1631 2.5882 68.0399 -5.0754 -5.6699
Car -1 -1 -4.3383 293.2607 175.9479 413.6766 240.6693 1.4410 1.5354 3.8540 -6.3671 1.5272 18.2093 -4.6706 -6.1858
Car -1 -1 -6.5815 431.6042 177.4070 493.8127 204.2286 1.5185 1.5399 3.3109 -8.7717 1.7977 42.8182 -6.7828 -7.4281
