Car -1 -1 -4.3547 262.4413 200.6839 478.8638 340.1661 1.3701 1.5034 3.6679 -3.0115 1.8169 9.7149 -4.6487 7.3747
Car -1 -1 -4.5069 403.8408 190.7778 527.1262 277.6758 1.4009 1.6031 4.0584 -2.7891 1.8120 14.5185 -4.6943 6.4993
Car -1 -1 -7.8830 736.1538 181.3925 837.2735 274.0455 1.4960 1.6589 3.7050 3.2754 1.6847 13.9930 -7.6587 5.9703
Car -1 -1 -7.4080 789.8304 174.9961 887.7850 231.1612 1.5768 1.6104 3.3032 7.0201 1.6475 22.1492 -7.1056 5.5139
Car -1 -1 -3.0813 733.0520 169.9293 833.0126 208.9114 1.7393 1.7084 4.4294 8.0332 1.6085 33.6498 -2.8494 5.4187
Car -1 -1 -4.5687 492.5945 182.0210 552.0569 234.2745 1.6109 1.5333 3.4314 -2.9647 1.9450 24.5864 -4.6882 4.8489
Car -1 -1 -3.9937 940.6791 166.8279 1031.5199 198.5009 1.5031 1.7316 4.1045 18.6172 1.2168 35.8002 -3.5178 4.8189
Car -1 -1 -7.1689 1000.7330 170.1877 1112.1821 213.0890 1.4925 1.6467 3.4951 16.3099 1.3994 26.4579 -6.6218 4.7004
Car -1 -1 -3.9113 0.0000 205.4274 261.8763 374.0000 1.5232 1.5555 3.6150 -3.4797 1.7647 3.5072 -4.6555 4.6917
Car -1 -1 -7.6072 744.4674 180.6808 841.7048 247.3980 1.4682 1.5827 3.5258 4.6614 1.6868 18.2581 -7.3619 4.4504
Car -1 -1 -5.0555 501.4642 184.0469 573.2366 223.7968 1.4376 1.6331 4.0706 -3.0898 1.9292 29.5166 -5.1595 3.4040
Car -1 -1 -6.4906 508.2563 172.9687 569.5868 192.6214 1.4708 1.5594 4.4633 -5.4920 1.4796 55.4328 -6.5892 3.0088
Car -1 -1 -6.9743 1062.0629 160.5333 1241.0000 339.3308 1.4047 1.5887 4.1588 6.7004 1.3076 6.6223 -6.2053 2.5014
Car -1 -1 -7.8586 246.7125 193.8423 284.0006 227.3024 1.3948 1.5374 3.7724 -16.5955 2.4619 34.6610 -8.3025 0.3524
Car -1 -1 -3.0897 298.8811 179.5315 423.0540 229.0700 1.5584 1.6396 3.8418 -8.3627 1.7957 24.3637 -3.4175 -0.1797
Car -1 -1 -6.9338 831.2847 163.6473 902.6789 187.6940 1.5397 1.6911 4.3008 16.9360 0.9499 47.6649 -6.5946 -1.5381
Car -1 -1 -7.0388 630.5649 169.7305 674.2633 187.1181 1.4865 1.6332 3.7390 3.7274 1.2191 63.5113 -6.9807 -1.6029
Car -1 -1 -8.0548 298.5667 188.2440 353.0024 221.8859 1.2677 1.4675 3.6575 -12.2545 1.9676 30.8920 -8.4299 -1.6929
Car -1 -1 -4.4705 257.9666 178.6975 300.4236 203.9612 1.5053 1.5952 3.7639 -21.0254 1.8930 45.9134 -4.8980 -1.8829
Car -1 -1 -7.9928 688.7878 171.2750 723.7678 197.9654 1.4911 1.5445 3.4592 5.5323 1.4026 42.0469 -7.8633 -2.2125
Car -1 -1 -3.2665 579.8096 178.2411 634.1553 197.7639 1.4586 1.5959 4.0137 -0.2805 1.8809 55.5422 -3.2720 -2.8888
Car -1 -1 -7.7144 400.8760 188.0785 459.1436 232.8140 1.4174 1.5490 3.5405 -6.4463 2.0036 25.9537 -7.9560 -2.8899
Car -1 -1 -6.4839 348.2465 179.8633 392.8058 197.1429 1.6114 1.6278 3.8752 -23.3471 2.3104 70.3110 -6.8036 -3.1168
Car -1 -1 -4.7416 285.3915 180.1784 310.6715 201.9131 1.5268 1.6309 4.0260 -23.5395 2.0999 54.3165 -5.1490 -3.1296
Car -1 -1 -4.8780 250.7498 187.9497 304.4760 224.0126 1.3572 1.5106 3.5324 -14.1873 2.0370 30.6193 -5.3089 -3.4321
Car -1 -1 -4.9002 840.7782 169.1513 866.2434 184.9220 1.4466 1.6146 3.6512 22.9298 1.1067 68.1038 -4.5769 -3.7887
Car -1 -1 -6.2144 278.1952 180.5087 329.5333 198.2136 1.6088 1.6532 4.3728 -28.9648 2.3493 68.3448 -6.6141 -4.2293
Car -1 -1 -6.2081 444.7386 178.4777 503.3752 202.2145 1.5046 1.6077 3.6601 -8.8874 1.8800 47.2100 -6.3935 -4.5665
Car -1 -1 -6.6563 572.1594 172.9187 618.5230 191.5170 1.5689 1.6488 3.6552 -1.2925 1.5743 62.3402 -6.6772 -4.7673
Car -1 -1 -4.4255 235.9101 185.6455 272.9906 207.3655 1.5338 1.5803 3.6096 -27.1395 2.5446 55.1177 -4.8814 -5.0613
Car -1 -1 -4.8210 646.0685 173.1882 674.2291 195.9374 1.6427 1.6972 3.7738 3.6934 1.6684 54.0788 -4.7536 -5.1071
Car -1 -1 -4.7792 1005.1624 168.1554 1064.9502 210.4201 1.5822 1.7598 4.6115 17.2135 1.4060 29.4678 -4.2552 -5.2761
Car -1 -1 -6.0539 225.9226 181.7410 350.4037 223.7877 1.5121 1.6657 4.0825 -12.2747 1.8671 27.6486 -6.4685 -5.2833
Car -1 -1 -4.7783 755.2972 176.5555 804.9357 214.2479 1.3863 1.6509 4.1947 6.7575 1.5469 29.1709 -4.5534 -5.4991
Car -1 -1 -7.1906 1182.9360 143.9612 1241.0000 374.0000 1.4322 1.6513 3.9080 5.8267 1.3015 4.1121 -6.2676 -5.5952
Car -1 -1 -6.5211 1033.4338 155.7624 1094.9408 176.4908 1.6370 1.6361 3.9332 36.6625 0.2869 58.3800 -5.9626 -5.6961
Car -1 -1 -4.5545 293.6783 184.8529 316.0478 201.2148 1.3888 1.3997 3.0623 -27.6228 2.5024 65.3259 -4.9534 -5.8356
Car -1 -1 -4.6150 788.8177 173.6817 840.5677 212.0448 1.4064 1.6167 3.9209 8.1421 1.4415 28.6642 -4.3414 -5.8867
Car -1 -1 -7.8375 487.2479 178.4824 535.5646 228.3402 1.7040 1.6769 4.3455 -3.7539 1.9352 27.4263 -7.9728 -7.2463
