Car -1 -1 -3.1787 76.7665 166.7203 521.9009 344.1084 1.7423 1.7670 4.5323 -3.5744 1.6817 8.8058 -3.5548 8.1351
Car -1 -1 -4.5034 799.5605 170.2947 866.4964 214.3381 1.5785 1.7193 3.9060 8.6650 1.4865 27.9848 -4.2066 7.9060
Car -1 -1 -4.3688 666.4937 176.8274 788.3484 246.1328 1.4426 1.6764 3.9243 2.8884 1.5497 17.3847 -4.2078 7.7518
Car -1 -1 -7.9520 1031.0801 176.1101 1114.9879 237.2516 1.4556 1.5234 3.2340 12.1384 1.5499 19.1557 -7.3947 7.1430
Car -1 -1 -8.0504 1089.9659 184.2166 1241.0000 341.5552 1.4794 1.5801 3.4253 7.0988 1.6496 8.9423 -7.3962 6.7889
Car -1 -1 -7.6753 837.0244 173.4626 885.7690 207.1189 1.4354 1.5074 3.4652 11.3972 1.4643 32.7214 -7.3434 3.5451
Car -1 -1 -4.5419 864.7288 169.2963 908.8367 199.5820 1.5563 1.5873 4.0448 15.0480 1.3731 39.2215 -4.1784 2.7449
Car -1 -1 -4.3658 904.9207 169.2211 953.9040 194.5982 1.5066 1.5676 3.8714 19.8172 1.2906 44.7787 -3.9519 1.4187
Car -1 -1 -4.1339 994.8495 168.6035 1052.3411 190.0611 1.4707 1.6227 3.9884 29.2607 1.1791 51.0875 -3.6165 0.7524
Car -1 -1 -7.8706 1032.6849 174.9465 1094.3770 223.2818 1.4514 1.6107 3.6740 14.8546 1.5259 23.8288 -7.3192 -0.0446
Car -1 -1 -7.5028 1059.1758 169.0960 1114.2078 193.5990 1.4432 1.5855 3.8998 29.2499 1.2215 44.2964 -6.9225 -0.1972
Car -1 -1 -7.7868 1100.2679 163.6322 1134.6558 187.1407 1.4569 1.5855 3.7195 32.8062 0.8851 46.6612 -7.1771 -0.2738
Car -1 -1 -7.4377 618.3109 172.0464 647.7718 187.0424 1.3974 1.5413 3.4985 2.2135 1.3218 69.1459 -7.4061 -1.2523
Car -1 -1 -7.9389 1027.1560 170.2831 1085.7562 210.6672 1.5464 1.6742 4.2774 18.3750 1.4477 29.9178 -7.3928 -1.3981
Car -1 -1 -5.3774 403.6668 171.2612 442.3438 188.7218 1.6432 1.6879 3.7085 -18.0956 1.4930 69.7011 -5.6307 -2.5232
Car -1 -1 -4.1995 458.4060 170.7229 502.1374 191.0508 1.5871 1.7723 3.9637 -10.4963 1.4204 58.4985 -4.3765 -3.1739
Car -1 -1 -7.3457 927.4243 169.8073 987.8721 195.0688 1.4646 1.6082 3.8956 20.9993 1.2877 43.6166 -6.8999 -3.9310
Car -1 -1 -4.1781 175.2273 175.2102 228.0898 197.0190 1.5070 1.6879 3.6639 -29.4529 1.6829 52.1069 -4.6905 -3.9391
Car -1 -1 -4.5881 693.8982 167.1222 720.6586 188.4389 1.6384 1.6199 4.1805 7.7837 1.1975 57.6840 -4.4549 -3.9732
Car -1 -1 -6.4917 303.5795 165.9964 374.8639 191.5130 1.5749 1.6936 4.0233 -17.4021 1.1514 46.3286 -6.8493 -4.1466
Car -1 -1 -4.5527 735.1421 171.7519 759.3601 188.6279 1.5213 1.6284 3.8434 12.7738 1.4217 67.1287 -4.3657 -4.6721
Car -1 -1 -7.5773 1177.1980 162.2270 1229.4913 185.1620 1.5381 1.8294 3.8961 41.3082 0.8251 50.2551 -6.8923 -5.2523
Car -1 -1 -4.1966 639.6105 170.4145 683.2512 193.6085 1.5415 1.7013 3.0850 3.5361 1.3790 49.7091 -4.1263 -5.3894
Car -1 -1 -2.1011 0.0000 175.6529 30.5346 203.4087 1.6060 1.6069 3.5627 -36.9482 1.7792 43.3708 -2.8038 -5.7931
Car -1 -1 -5.1089 976.4216 171.3394 1031.1261 198.2630 1.6661 1.5594 4.3032 25.4601 1.5721 46.8677 -4.6142 -5.9858
Car -1 -1 -5.8493 196.3033 172.9449 270.1422 195.1107 1.5545 1.6309 4.3974 -26.8882 1.5608 51.5223 -6.3283 -6.5930
Car -1 -1 -5.3027 1050.1399 173.6549 1192.9025 219.6241 1.3701 1.6118 4.4260 16.6087 1.3987 23.8052 -4.6996 -6.8694
Car -1 -1 -8.3452 829.6801 156.2098 869.3890 178.5200 2.0220 1.7682 4.1600 22.3665 0.5132 67.5935 -8.0271 -7.1734
