Car -1 -1 -4.3738 530.3543 172.0161 658.3561 253.1600 1.6251 1.7010 4.0019 -0.2678 1.6080 16.6175 -4.3906 7.6607
Car -1 -1 -7.9434 810.5943 181.3382 946.9585 301.0669 1.4334 1.5085 3.4061 3.7687 1.5809 10.7314 -7.6152 6.7378
Car -1 -1 -8.2444 835.7154 187.0363 1241.0000 374.0000 1.4196 1.5407 4.2069 2.9899 1.5724 5.6340 -7.7790 6.2728
Car -1 -1 -4.0553 0.0000 178.4965 335.6955 374.0000 1.6107 1.5388 3.5395 -3.7694 1.6688 5.6400 -4.6235 5.5067
Car -1 -1 -4.5076 627.9886 168.8458 684.2383 208.2220 1.5562 1.5761 4.1887 1.9920 1.3975 30.7438 -4.4440 4.0992
Car -1 -1 -7.9754 808.2022 173.2485 914.9778 257.0862 1.5523 1.6419 3.7283 5.1582 1.5615 15.3665 -7.6581 3.5473
Car -1 -1 -4.0187 914.1212 158.4154 993.3715 194.0995 1.5800 1.5754 3.2897 15.8487 0.9404 33.3568 -3.5788 2.6080
Car -1 -1 -4.4988 670.7841 165.4054 713.2825 194.4127 1.5845 1.6128 4.0747 4.7422 1.1773 41.6013 -4.3865 2.0750
Car -1 -1 -7.9551 790.5095 167.5670 831.4784 199.6087 1.4981 1.5686 3.6766 9.8428 1.2506 35.6770 -7.6884 1.8956
Car -1 -1 -8.3334 944.6887 143.7857 1069.5521 211.3319 1.9365 1.7536 4.0045 12.2700 1.1029 22.6976 -7.8435 1.4306
Car -1 -1 -4.5792 686.2479 161.4946 722.5427 190.7030 1.8089 1.7855 4.3811 6.1668 1.1051 47.0314 -4.4499 0.7308
Car -1 -1 -4.4368 122.2316 189.1961 164.2156 211.3935 1.4894 1.6138 3.8937 -34.6422 2.7505 53.5984 -5.0085 0.5205
Car -1 -1 -4.1541 110.2391 188.3615 161.4933 208.6995 1.5051 1.5963 3.9893 -38.3791 2.8048 58.4739 -4.7330 0.1749
Car -1 -1 -4.3374 584.8316 170.6843 664.8502 216.4167 1.5098 1.6210 3.7072 0.5627 1.4379 25.8438 -4.3165 -0.1740
Car -1 -1 -3.7458 881.1592 162.3786 954.1448 189.1288 1.5040 1.6346 3.5928 17.7353 0.9147 41.7323 -3.3466 -0.3357
Car -1 -1 -4.8199 1120.9557 172.8603 1188.3695 215.9407 1.4661 1.5502 3.7891 19.9255 1.4661 26.5824 -4.1823 -1.3250
Car -1 -1 -6.2968 899.4859 160.7243 991.5507 194.4083 1.5587 1.6558 3.9553 16.1395 0.9971 34.9451 -5.8675 -1.4936
Car -1 -1 -8.5190 1027.2810 134.8759 1190.9086 209.7056 2.0573 1.8420 4.2519 14.9545 1.0129 22.0262 -7.9289 -2.1212
Car -1 -1 -8.4349 824.4835 159.9183 875.7930 183.6694 1.7381 1.7689 4.0479 18.2100 0.7912 54.9852 -8.1169 -2.5272
Car -1 -1 -4.6214 542.6233 177.8927 573.2558 203.0803 1.4801 1.5735 3.7774 -3.2464 1.8078 45.0651 -4.6933 -3.5229
Car -1 -1 -4.3428 253.3807 189.8687 309.5522 218.1653 1.4701 1.6315 4.0049 -19.0756 2.5082 41.9891 -4.7671 -3.6410
Car -1 -1 -4.6678 523.1843 178.8783 551.1026 204.1565 1.4808 1.5719 3.7781 -4.5530 1.8733 45.1178 -4.7683 -4.1213
Car -1 -1 -5.1848 0.0000 199.8031 47.9163 233.3014 1.4577 1.6527 3.7075 -29.5799 2.8309 35.2834 -5.8790 -4.2279
Car -1 -1 -7.5372 177.5873 184.9845 214.8940 204.0967 1.5470 1.6285 4.1445 -36.3132 2.6492 63.3831 -8.0559 -4.2658
Car -1 -1 -6.7574 699.7133 164.5372 776.5667 193.8179 1.6667 1.6958 4.1398 7.5002 1.1930 42.4951 -6.5842 -4.4326
Car -1 -1 -8.8024 828.8303 163.9869 878.4237 183.3749 1.5927 1.6603 3.7150 20.6259 0.8640 61.2640 -8.4793 -4.5939
Car -1 -1 -7.8900 90.1455 190.5913 115.7550 209.7895 1.4023 1.5645 3.3265 -40.6776 2.8677 57.8249 -8.5010 -4.6237
Car -1 -1 -4.9377 430.9743 180.2260 477.7805 210.0517 1.5898 1.6975 4.4962 -9.1580 2.0435 42.0396 -5.1513 -4.6872
Car -1 -1 -8.0323 198.5926 188.3696 233.6858 214.9798 1.6709 1.5556 3.1912 -26.8294 2.7628 49.0576 -8.5307 -4.7683
Car -1 -1 -2.4988 477.0573 179.4050 520.7374 194.2852 1.3818 1.5808 4.0561 -10.8223 2.0330 70.1073 -2.6517 -4.7782
Car -1 -1 -9.1732 0.0000 0.0000 1241.0000 374.0000 1.4783 1.4370 3.1445 2.6822 1.4278 0.7142 -7.9618 -4.8324
Car -1 -1 -4.6749 341.9498 185.1057 377.6012 215.0028 1.4686 1.6837 4.0448 -13.6509 2.1744 39.4085 -5.0067 -5.2526
Car -1 -1 -9.3548 0.0000 0.0000 1241.0000 374.0000 1.4643 1.4372 3.1323 3.8854 1.4311 0.6575 -8.0237 -5.3397
Car -1 -1 -8.5661 0.0000 0.0000 1127.8352 374.0000 1.5058 1.5276 3.5943 1.1041 1.4246 0.9384 -7.8391 -5.5810
Car -1 -1 -4.8207 447.9476 180.1559 473.2476 197.8079 1.3943 1.6442 4.2749 -12.7220 2.0361 61.1700 -5.0252 -5.8290
Car -1 -1 -4.6452 54.9471 187.6535 86.2315 208.6716 1.4654 1.6508 4.0701 -41.4742 2.6478 55.5023 -5.2848 -5.8867
Car -1 -1 -4.7573 161.4021 186.9666 191.5554 213.4696 1.7953 1.7276 4.5315 -32.3614 2.8929 53.7633 -5.2972 -6.3583
Car -1 -1 -6.1301 755.9425 156.9189 804.3885 177.5040 1.7031 1.7519 3.7793 14.4153 0.3844 61.2140 -5.9000 -6.4175
Car -1 -1 -2.2317 247.0437 186.4958 300.8636 208.0727 1.8305 1.9006 4.7853 -30.5847 3.1071 65.6021 -2.6667 -6.4594
Car -1 -1 -6.2001 632.5527 157.4950 692.2997 180.2954 1.7650 1.9024 4.5793 4.1493 0.5757 57.1483 -6.1282 -6.5930
