Car -1 -1 -8.0208 861.6462 174.1380 955.7444 242.7912 1.4834 1.5373 3.2248 7.0353 1.5171 17.3929 -7.6429 7.7623
Car -1 -1 -4.5163 611.3091 173.4355 682.0087 221.1025 1.5074 1.7238 3.8617 1.3021 1.5289 24.9510 -4.4654 7.5244
Car -1 -1 -4.3636 442.9766 182.1579 603.4610 277.7260 1.4228 1.6561 3.9098 -1.4580 1.6203 13.2459 -4.4721 7.3053
Car -1 -1 -4.5391 648.5773 172.1855 698.9514 211.5613 1.5437 1.5200 3.5236 2.6764 1.5172 30.1853 -4.4521 5.4141
Car -1 -1 -8.3030 1011.4426 189.3380 1241.0000 374.0000 1.4075 1.5405 3.3290 4.7958 1.5883 6.1475 -7.6643 5.3638
Car -1 -1 -7.9489 846.8676 175.0224 914.2793 226.0185 1.4501 1.5982 3.7608 8.3733 1.5241 22.7096 -7.6004 5.1187
Car -1 -1 -4.5885 675.8939 171.1341 716.4239 204.1099 1.6160 1.6277 3.8779 4.4783 1.5314 37.4360 -4.4709 3.8374
Car -1 -1 -7.9561 830.6487 173.5632 884.7531 211.6106 1.4251 1.6344 4.1272 9.9319 1.4557 29.2996 -7.6328 3.2775
Car -1 -1 -4.4419 712.3944 171.0600 754.4391 196.4870 1.4771 1.5747 3.7947 7.5256 1.3726 43.9681 -4.2738 2.8435
Car -1 -1 -4.3099 790.9794 167.6539 835.7385 191.1008 1.6476 1.6762 4.1342 14.8963 1.2819 52.8398 -4.0369 1.7576
Car -1 -1 -2.7758 0.0000 199.7465 68.7757 374.0000 1.4821 1.6596 4.1917 -5.3022 1.6792 3.4333 -3.7359 0.7597
Car -1 -1 -7.4686 455.0642 175.8712 485.4539 191.3129 1.4626 1.6166 3.8453 -13.7687 1.7686 71.1850 -7.6592 -0.7794
Car -1 -1 -4.4044 846.2790 168.7407 890.8464 195.0200 1.5924 1.6406 3.6290 16.3582 1.3428 45.6625 -4.0628 -0.9380
Car -1 -1 -7.8718 831.9698 171.5578 867.0563 202.6193 1.4885 1.6022 3.6924 12.0528 1.4260 36.5759 -7.5562 -0.9979
Car -1 -1 -7.4464 932.8680 162.6526 968.6571 179.4142 1.5054 1.6542 3.7256 31.4748 0.5889 66.6586 -7.0070 -1.1523
Car -1 -1 -7.1848 876.0804 162.8640 939.7184 187.3536 1.6171 1.7012 4.3587 20.4012 0.9572 49.4558 -6.7958 -1.6577
Car -1 -1 -7.4932 907.1962 160.7426 943.6360 181.6267 1.9563 1.7613 4.5037 30.5255 0.8215 69.8161 -7.0827 -3.2698
Car -1 -1 -6.8165 0.0000 0.0000 1241.0000 374.0000 1.4518 1.5136 3.3383 -2.9308 1.4802 1.3683 -7.8750 -3.6069
Car -1 -1 -4.1753 277.1549 174.0739 326.6714 195.3059 1.6002 1.6736 4.1923 -24.2222 1.6997 56.8217 -4.5768 -3.7233
Car -1 -1 -6.9028 308.3441 171.7063 394.0024 206.2473 1.5605 1.6076 3.5919 -12.3677 1.5084 34.5307 -7.2446 -3.7772
Car -1 -1 -7.9824 441.6264 175.6938 463.6444 191.0154 1.4571 1.6796 3.5833 -15.5946 1.7453 71.3196 -8.1971 -4.0309
Car -1 -1 -7.9410 123.2099 180.3112 166.6385 211.0291 1.4978 1.6051 3.9016 -24.6962 1.9134 38.2052 -8.5118 -4.0343
Car -1 -1 -7.8568 199.9909 181.1669 239.9872 215.8393 1.5537 1.6436 3.7223 -19.1303 1.9838 35.3325 -8.3502 -4.3018
Car -1 -1 -4.2209 745.0435 166.9286 788.4122 187.4996 1.6887 1.7098 4.4692 13.3661 1.2020 61.4886 -4.0082 -4.3750
Car -1 -1 -5.0157 379.9914 172.8290 436.2519 205.7568 1.4808 1.5601 3.6548 -9.7109 1.4794 34.4066 -5.2891 -4.7165
Car -1 -1 -4.6513 102.8671 181.0572 140.2977 209.0627 1.5126 1.5739 3.8262 -28.5617 2.0156 42.2189 -5.2433 -4.8789
Car -1 -1 -4.8644 301.5430 177.6236 330.1718 197.0829 1.5296 1.6097 4.0322 -24.4754 1.9395 59.9118 -5.2510 -5.0120
Car -1 -1 -7.7399 789.2947 173.4795 837.4946 211.0584 1.4471 1.5135 3.7782 8.4303 1.4745 29.8884 -7.4680 -5.4569
Car -1 -1 -6.1249 890.5386 164.5167 953.6755 185.9338 1.5186 1.5829 4.0531 22.8405 0.9272 52.9141 -5.7196 -5.5132
Car -1 -1 -4.5042 286.1913 177.6737 332.0185 203.5076 1.3583 1.5842 4.0584 -17.0151 1.6453 40.8754 -4.8966 -5.5168
Car -1 -1 -4.4845 238.9862 179.7727 269.5678 197.2590 1.4529 1.5594 3.9862 -31.4044 2.0841 63.7437 -4.9409 -5.5893
Car -1 -1 -4.9649 377.2510 178.0373 404.5707 195.4782 1.6091 1.6550 3.7026 -21.2289 2.1246 69.7781 -5.2594 -5.7481
Car -1 -1 -6.7881 1021.8944 181.8469 1241.0000 280.4476 1.4301 1.5879 3.9881 9.1132 1.5893 11.7300 -6.1403 -6.0067
Car -1 -1 -4.1110 183.1064 180.7552 251.3999 205.9897 1.5244 1.7266 4.4244 -25.6872 2.0673 47.3135 -4.6062 -6.0286
