Car -1 -1 -3.2159 732.2302 161.7679 912.5154 227.4694 1.7237 1.7437 4.6650 5.7717 1.4325 20.2451 -2.9427 8.0672
Car -1 -1 -4.4048 199.0361 182.7173 393.0556 322.6165 1.5759 1.4797 3.3728 -4.2223 1.7376 10.1128 -4.7918 6.9279
Car -1 -1 -7.7479 998.2051 175.4517 1182.1212 333.8738 1.5075 1.5469 3.1966 5.7971 1.5446 8.6519 -7.1739 4.9815
Car -1 -1 -8.1295 1033.7456 190.2210 1241.0000 374.0000 1.4408 1.5624 3.4222 3.7633 1.5941 4.5000 -7.4656 4.9221
Car -1 -1 -4.1780 1043.2278 162.9559 1175.1298 211.5940 1.4687 1.7597 3.9789 16.1654 1.1695 23.4291 -3.5801 4.8085
Car -1 -1 -4.9104 328.5340 187.5497 449.0445 270.4722 1.3920 1.6078 4.0990 -4.7910 1.7431 15.0702 -5.2139 3.7499
Car -1 -1 -6.3815 497.6317 178.2502 554.5742 196.6541 1.4471 1.6297 4.4662 -6.8704 1.8957 58.7524 -6.4978 -0.4559
Car -1 -1 -4.1032 105.6879 175.5010 170.1562 200.4938 1.5946 1.6353 3.9819 -31.6645 1.7796 48.4812 -4.6795 -2.3327
Car -1 -1 -3.6574 0.0000 173.4928 102.1833 205.6253 1.5754 1.6705 4.2227 -29.3269 1.6105 37.7362 -4.3148 -3.0691
Car -1 -1 -4.5645 1031.2722 153.4848 1072.8403 180.3436 1.6604 1.7112 4.1867 28.6460 0.4627 46.7618 -4.0177 -3.1733
Car -1 -1 -3.0089 327.5524 171.3121 403.4607 196.5841 1.5498 1.6832 4.3470 -15.3828 1.4549 45.4880 -3.3334 -3.3666
Car -1 -1 -3.3288 448.0885 168.2014 511.5567 192.6598 1.5397 1.6864 3.8116 -8.4980 1.2465 46.8903 -3.5074 -3.3847
Car -1 -1 -4.2563 299.3008 174.1695 343.1737 197.3271 1.6306 1.6607 3.3701 -21.0910 1.7297 52.7484 -4.6351 -3.3951
Car -1 -1 -8.0214 1131.4135 160.0076 1171.1643 181.8600 1.5056 1.6705 3.7084 38.7301 0.6202 51.7425 -7.3817 -3.5451
Car -1 -1 -3.2504 1044.1526 153.8893 1160.3470 189.0362 1.5626 1.7109 4.3302 22.9032 0.7191 33.8401 -2.6595 -4.0909
Car -1 -1 -6.6378 596.3018 161.0851 651.5038 183.4253 1.5351 1.6018 3.5601 0.9437 0.7261 50.9241 -6.6196 -4.5525
Car -1 -1 -4.1936 280.0758 172.6661 346.8650 201.8925 1.5224 1.5164 4.1963 -16.2884 1.5123 39.7651 -4.5803 -4.5869
Car -1 -1 -2.8568 0.0000 198.7376 42.4134 331.1092 1.3339 1.5451 3.1119 -9.4471 1.7163 9.2473 -3.6385 -4.6155
Car -1 -1 -7.6925 151.3399 173.2052 201.5427 203.0766 1.5728 1.7318 4.2629 -24.1997 1.5932 40.3443 -8.2300 -4.7456
Car -1 -1 -3.8908 870.4314 153.7190 951.1539 181.3148 1.5063 1.7304 4.1692 17.0187 0.4615 40.9242 -3.4993 -4.9893
Car -1 -1 -7.1380 1123.1732 147.0982 1208.7665 178.6627 1.6913 1.6425 3.8290 30.6438 0.3109 39.8508 -6.4860 -5.0869
Car -1 -1 -4.8763 1207.2310 145.3772 1241.0000 179.1072 1.5558 1.5623 3.5966 30.4596 0.2881 35.2236 -4.1674 -5.0925
Car -1 -1 -6.4849 671.0284 161.8371 739.7504 187.9730 1.7174 1.7338 4.3104 6.3367 0.9932 48.4332 -6.3558 -5.2065
Car -1 -1 -3.6285 675.9764 159.3042 741.9348 180.3784 1.5703 1.6807 4.7861 7.5680 0.5604 55.3767 -3.4935 -5.2968
Car -1 -1 -7.8901 346.1692 179.6846 406.2144 231.5812 1.3725 1.5712 3.5442 -7.0825 1.5943 21.5263 -8.2047 -5.3093
Car -1 -1 -7.7267 345.1212 176.6613 407.8429 221.2548 1.3779 1.5852 3.4633 -7.8818 1.5163 24.4558 -8.0358 -5.3446
Car -1 -1 -7.3854 1158.9968 160.1499 1224.4060 181.7820 1.4668 1.8575 4.2677 40.8078 0.6051 50.6543 -6.7102 -5.3571
Car -1 -1 -3.6313 447.2334 176.7418 500.7065 197.1854 1.5515 1.6523 3.8494 -10.8107 1.8699 57.3085 -3.8173 -5.5253
Car -1 -1 -2.6003 233.0403 171.9642 311.5751 201.0675 1.4866 1.5845 3.4001 -17.7086 1.4409 37.8247 -3.0357 -5.5887
Car -1 -1 -4.5481 260.6305 184.1668 352.6729 242.7080 1.4348 1.7517 4.2256 -8.6550 1.7961 20.8110 -4.9382 -5.6408
Car -1 -1 -8.2730 756.4907 163.7531 804.8870 188.4023 1.6125 1.6416 4.2110 11.5960 1.0169 49.4251 -8.0441 -5.6437
Car -1 -1 -5.6143 1148.1858 185.2698 1241.0000 369.5328 1.4678 1.4451 3.2716 7.7541 1.6295 7.6959 -4.8448 -5.6604
Car -1 -1 -4.5546 272.0503 183.2482 344.3983 230.4770 1.4590 1.6991 4.2353 -10.6149 1.8591 25.5392 -4.9452 -5.7311
Car -1 -1 -4.1382 0.0000 175.3443 51.6831 204.7955 1.4304 1.5392 3.5884 -30.8545 1.5651 37.2315 -4.8268 -5.8189
Car -1 -1 -4.6328 325.0395 178.3579 381.4442 221.0218 1.4161 1.6305 4.1502 -9.4730 1.6366 26.7353 -4.9706 -5.8676
Car -1 -1 -3.6980 1147.0873 152.1235 1241.0000 183.8277 1.4310 1.6341 3.5604 27.4002 0.4950 33.5971 -3.0181 -6.1326
Car -1 -1 -6.1802 927.5047 161.5482 1003.3367 194.5351 1.8313 1.7256 3.7877 20.5343 1.2033 41.7895 -5.7265 -6.1501
Car -1 -1 -5.5518 1111.2556 164.9996 1241.0000 295.3108 1.3616 1.4545 3.6288 8.6164 1.2792 9.4248 -4.8269 -6.1922
Car -1 -1 -3.0820 78.4886 174.6771 183.3663 205.6059 1.5262 1.7018 4.4634 -24.9177 1.6258 37.6725 -3.6633 -6.2087
Car -1 -1 -4.9097 356.2949 187.9163 408.6768 222.8260 1.3650 1.5149 3.6677 -10.1423 2.0716 31.8869 -5.2157 -6.3158
Car -1 -1 -4.6435 249.6823 173.3870 284.3701 201.0164 1.6013 1.6369 3.9555 -20.9179 1.6351 44.0404 -5.0848 -6.5435
Car -1 -1 -3.5926 450.2131 167.8889 509.0356 192.6357 1.5010 1.6820 3.2322 -8.2259 1.1995 45.3953 -3.7711 -7.0526
Car -1 -1 -4.4733 1046.0227 152.9455 1111.1477 187.6541 1.4223 1.5634 3.6896 20.3839 0.6062 31.4047 -3.9019 -7.3861
