Car -1 -1 -4.2786 63.7937 185.3079 410.9128 374.0000 1.5323 1.6342 3.8350 -3.5155 1.6961 7.5838 -4.7003 7.5076
Car -1 -1 -8.1224 757.7178 178.3998 911.3969 274.8052 1.4972 1.6129 4.1630 3.9358 1.6170 13.5338 -7.8462 7.4982
Car -1 -1 -8.2853 875.1149 187.6622 1241.0000 374.0000 1.4218 1.6049 3.7407 3.8046 1.5991 6.7344 -7.7907 7.3463
Car -1 -1 -4.4171 347.2860 183.4822 489.3002 283.1840 1.5051 1.5263 3.3550 -3.3386 1.7210 12.9689 -4.6650 7.2036
Car -1 -1 -4.3396 648.7829 173.6413 709.9903 205.5649 1.5638 1.8016 4.1476 3.6489 1.6071 37.7137 -4.2444 6.3743
Car -1 -1 -4.3650 530.2853 176.1271 604.0553 221.7195 1.5820 1.6341 3.6720 -1.5889 1.7147 27.3156 -4.4232 5.8998
Car -1 -1 -7.9723 729.7858 176.7181 803.1694 235.6398 1.5365 1.6247 3.6647 4.3997 1.6586 20.9593 -7.7689 5.7643
Car -1 -1 -4.5407 453.5684 174.9515 535.7278 242.0552 1.6956 1.6098 4.0664 -3.1972 1.7606 20.4069 -4.6949 4.8633
Car -1 -1 -7.6541 768.3477 171.9752 815.7706 203.5580 1.4615 1.5602 3.7062 8.9352 1.4206 35.3986 -7.4092 3.7780
Car -1 -1 -7.9644 890.0686 159.8208 928.8883 190.7943 1.6954 1.6574 3.5811 17.1128 0.9817 41.4452 -7.5755 1.7984
Car -1 -1 -7.5371 744.6674 174.6488 805.3240 210.8225 1.4747 1.5843 3.4802 7.2065 1.5575 31.5028 -7.3147 1.0098
Car -1 -1 -7.8942 193.4671 196.2755 319.6226 304.9416 1.3177 1.5736 3.8384 -5.8388 1.7642 11.7012 -8.3485 0.9360
Car -1 -1 -7.8480 731.0374 177.6605 779.2752 221.6824 1.4521 1.5997 3.8880 5.2443 1.6409 26.3160 -7.6541 0.6785
Car -1 -1 -7.4504 298.6242 187.7671 334.7268 204.1854 1.4324 1.6661 4.2313 -27.9990 2.9013 68.9535 -7.8351 0.5935
Car -1 -1 -4.8991 813.6334 164.1661 846.2801 186.0487 1.6051 1.6554 3.9886 16.6894 0.9675 54.9948 -4.6062 0.5615
Car -1 -1 -4.2713 685.2662 171.4030 734.6841 196.8160 1.5658 1.6439 3.9261 6.4572 1.4761 46.5505 -4.1347 -0.0190
Car -1 -1 -7.8093 944.4274 165.3579 983.8427 195.5177 1.4391 1.6345 3.8594 17.9169 1.0811 36.5135 -7.3565 -2.9364
Car -1 -1 -4.4443 310.6844 184.0319 355.7926 211.4862 1.6173 1.7416 3.7990 -17.6504 2.3616 46.0882 -4.8085 -3.1232
Car -1 -1 -3.0170 825.8438 176.5284 892.8257 200.6494 1.3872 1.5372 3.6524 14.9713 1.6158 43.4426 -2.6876 -3.1500
Car -1 -1 -6.2741 921.2379 166.1794 985.3074 189.2074 1.5261 1.6308 3.9012 23.4361 1.0834 49.3983 -5.8337 -3.2526
Car -1 -1 -4.7884 768.4488 203.2270 1241.0000 374.0000 1.6002 1.7345 3.7595 1.9720 1.8644 4.2246 -4.3802 -3.4460
Car -1 -1 -4.5116 629.5190 172.0103 666.6382 197.2210 1.5735 1.6150 4.2688 2.5111 1.5206 47.3029 -4.4593 -3.7558
Car -1 -1 -4.7692 912.7555 165.4334 951.8110 195.7008 1.4359 1.5768 3.3283 16.0192 1.0836 36.0654 -4.3545 -3.8946
Car -1 -1 -4.9450 735.3354 166.8999 765.0267 185.5766 1.5485 1.6666 3.7421 11.9305 1.0545 61.7285 -4.7552 -3.9104
Car -1 -1 -5.0059 95.3809 195.5065 163.3761 228.1549 1.4207 1.7497 4.0038 -24.0849 2.6136 36.0548 -5.5917 -4.4719
Car -1 -1 -7.8187 271.7305 189.2690 389.6683 293.9922 1.4030 1.6195 4.0836 -4.7904 1.7380 12.5471 -8.1771 -4.4997
Car -1 -1 -4.4311 337.8503 184.9106 380.4485 211.3248 1.5950 1.6263 3.8687 -16.4348 2.4188 47.3444 -4.7638 -4.7734
Car -1 -1 -7.6409 812.1053 161.1567 841.2119 184.5074 2.1771 1.8050 4.4116 20.9218 1.0862 69.6408 -7.3504 -5.1405
Car -1 -1 -5.3343 0.0000 195.1111 23.0008 222.7282 1.4526 1.5407 3.6655 -35.6391 2.7544 41.0312 -6.0464 -5.2936
Car -1 -1 -4.8225 325.2961 183.1754 362.7145 211.3486 1.3860 1.5070 3.5637 -14.3905 1.9690 38.8430 -5.1754 -5.7249
