Car -1 -1 -4.4925 378.7674 189.1233 520.5659 287.3302 1.4026 1.5962 4.1330 -2.7571 1.7439 13.0721 -4.6973 7.4549
Car -1 -1 -4.3353 190.6738 200.2015 460.1021 374.0000 1.3895 1.4484 3.7604 -2.9430 1.7720 8.1910 -4.6711 7.4291
Car -1 -1 -4.5511 485.7780 178.8536 549.8843 234.4448 1.6180 1.5229 3.2479 -2.9162 1.8227 23.0072 -4.6765 5.9461
Car -1 -1 -7.8776 754.9030 179.8153 868.9534 285.0753 1.4907 1.6229 3.4907 3.3113 1.6278 12.3528 -7.6227 5.8135
Car -1 -1 -3.0850 738.8346 165.5084 844.7011 208.3194 1.8182 1.6965 4.4589 8.0443 1.5059 32.1119 -2.8422 5.5719
Car -1 -1 -7.4234 805.5091 171.8855 908.1912 231.1848 1.5498 1.5610 3.2721 7.0393 1.5242 20.5840 -7.0989 5.4419
Car -1 -1 -7.6148 758.5450 177.9061 862.8583 251.4580 1.4933 1.5994 3.3436 4.6856 1.6232 16.7527 -7.3475 4.7926
Car -1 -1 -6.5425 550.2208 168.0623 610.4618 189.2887 1.5742 1.6816 4.2957 -2.2942 1.2185 54.9496 -6.5844 4.7638
Car -1 -1 -7.2028 1024.1553 168.0111 1137.7341 211.1107 1.4080 1.6142 3.3166 16.1884 1.2495 24.8974 -6.6320 4.5400
Car -1 -1 -3.9523 957.5430 164.0044 1054.2339 195.4214 1.4309 1.6382 4.1355 18.7583 1.0276 34.2808 -3.4554 4.4704
Car -1 -1 -5.0368 497.5345 181.9673 571.8707 223.6470 1.4327 1.6101 4.1660 -3.0476 1.8142 28.0051 -5.1448 3.1601
Car -1 -1 -7.7398 211.4300 186.2798 260.7401 221.5258 1.4272 1.5787 3.5110 -16.8716 2.0693 32.6020 -8.2143 0.9845
Car -1 -1 -6.8194 0.0000 204.7032 147.5100 374.0000 1.5110 1.5607 3.6025 -3.5057 1.6901 2.2047 -7.7739 0.8841
Car -1 -1 -7.1919 1167.2855 160.6497 1241.0000 374.0000 1.4506 1.6256 3.9470 6.6217 1.3754 5.3227 -6.3251 0.6619
Car -1 -1 -7.8815 303.3665 186.1883 341.7903 219.7427 1.4042 1.5727 3.8631 -13.5991 2.0696 33.9371 -8.2603 0.5258
Car -1 -1 -2.9762 291.1616 184.0525 412.3440 227.1494 1.4936 1.6198 4.0146 -9.5224 1.9262 26.7460 -3.3156 0.3017
Car -1 -1 -2.7277 305.5341 181.6621 425.0020 230.5029 1.4962 1.5571 3.3174 -7.9198 1.7923 23.3614 -3.0515 -0.6080
Car -1 -1 -7.1908 1012.3917 155.6168 1062.4974 177.6060 1.8230 1.7174 3.7589 36.2901 0.3937 61.3068 -6.6585 -2.0194
Car -1 -1 -7.5254 853.8788 159.0619 895.4044 181.9459 1.5361 1.6509 3.6112 18.4637 0.6100 50.3567 -7.1760 -2.7741
Car -1 -1 -5.5095 255.0810 179.1635 325.1425 206.5931 1.5499 1.6165 3.7389 -19.0198 1.9365 42.8310 -5.9254 -3.0586
Car -1 -1 -6.9119 439.5193 169.1607 494.7786 189.9684 1.6185 1.6727 4.1931 -11.5182 1.3310 58.2314 -7.1066 -3.3015
Car -1 -1 -7.4451 329.2885 181.7828 403.1440 219.3780 1.4263 1.5935 3.6598 -10.1456 1.8227 30.1645 -7.7673 -3.4762
Car -1 -1 -7.9520 936.4124 156.2309 969.1652 181.7491 1.8144 1.7722 4.2668 25.3872 0.6322 53.6098 -7.5120 -3.4809
Car -1 -1 -4.9100 153.4905 184.5139 210.4190 218.8933 1.5192 1.6313 4.0945 -21.0540 2.1237 35.3564 -5.4440 -3.7532
Car -1 -1 -4.5523 0.0000 210.5390 541.6182 374.0000 1.4601 1.5727 3.4340 -1.5791 1.6660 2.0600 -5.1487 -3.8821
Car -1 -1 -4.2584 231.0056 183.7069 309.5407 218.3586 1.4328 1.5641 4.2476 -15.6116 1.9657 33.3120 -4.6939 -3.9347
Car -1 -1 -4.8215 226.7181 181.5053 264.8310 208.7611 1.5075 1.6328 3.8591 -21.9141 2.0508 43.2800 -5.2879 -3.9956
Car -1 -1 -4.8111 534.2635 166.7331 558.6326 187.6667 1.6926 1.6595 3.8007 -5.3708 1.1974 60.3617 -4.8997 -4.0780
Car -1 -1 -4.8687 268.3851 180.6281 319.8105 217.3910 1.4518 1.5439 3.2189 -13.6558 1.8048 31.0153 -5.2806 -4.3138
Car -1 -1 -8.6130 726.8945 160.5473 776.0908 181.3831 1.8071 1.9306 4.2667 12.6602 0.7394 64.8979 -8.4214 -4.5132
Car -1 -1 -4.4824 419.2149 178.4602 442.3451 195.0955 1.5875 1.5090 3.3350 -17.7916 2.1570 71.6628 -4.7252 -4.7115
Car -1 -1 -3.8554 310.7417 175.5893 366.8836 196.8916 1.5499 1.5879 3.9375 -20.7032 1.7667 55.1480 -4.2132 -4.7815
Car -1 -1 -3.3217 658.7002 169.5391 725.2670 198.2007 1.5240 1.5571 3.3708 4.3922 1.3474 39.2594 -3.2116 -4.8637
Car -1 -1 -4.7227 658.7972 171.7643 679.8809 192.3238 1.5534 1.5893 3.8047 4.5914 1.4707 56.4692 -4.6424 -5.0377
Car -1 -1 -7.6987 327.9482 184.3388 375.3771 219.1583 1.5086 1.5734 3.7268 -12.3437 2.0896 34.5427 -8.0399 -5.2933
Car -1 -1 -4.8489 302.6583 178.5381 345.0169 208.3274 1.5730 1.7470 3.6882 -16.2978 1.9111 40.9130 -5.2261 -5.3617
Car -1 -1 -3.0541 369.6303 180.5965 425.8603 201.8265 1.4995 1.5804 3.8354 -15.5626 2.0798 52.9544 -3.3389 -5.6568
Car -1 -1 -6.7161 132.5657 170.3710 201.8318 193.8915 1.6143 1.6677 3.8810 -31.6409 1.4436 51.5983 -7.2640 -5.8012
Car -1 -1 -4.4908 231.4878 179.4384 266.4452 202.2168 1.5647 1.5181 3.6146 -26.3125 2.0623 52.6200 -4.9527 -6.4922
