Car -1 -1 -3.2617 342.8409 168.1956 645.1107 287.8968 1.6769 1.7505 4.4692 -1.8927 1.6114 11.5666 -3.4214 7.9807
Car -1 -1 -4.3449 769.6520 175.6311 886.1696 237.1611 1.4392 1.6708 3.9209 5.8097 1.5205 19.1256 -4.0549 7.6352
Car -1 -1 -4.4704 903.9520 168.6589 974.8431 210.3980 1.5408 1.6946 3.8983 13.1032 1.3856 28.6915 -4.0462 5.6057
Car -1 -1 -7.9574 1152.6282 181.8939 1241.0000 317.2159 1.4967 1.5861 3.6017 8.7137 1.6482 10.1772 -7.2642 5.2701
Car -1 -1 -4.4933 945.8680 169.3749 998.3738 203.9014 1.4887 1.4634 3.3220 16.4807 1.3384 32.8619 -4.0323 5.1037
Car -1 -1 -7.9490 1136.3713 173.4724 1225.2310 233.4667 1.4695 1.5408 3.2444 15.2609 1.4874 19.4933 -7.2925 3.6874
Car -1 -1 -4.5552 977.9602 168.1452 1025.1625 198.3631 1.5357 1.6086 4.2069 21.0726 1.2961 38.8302 -4.0614 2.1997
Car -1 -1 -7.3505 699.9724 169.1816 738.0526 186.7082 1.5644 1.6794 4.1580 10.0652 1.2363 66.5631 -7.2013 1.0041
Car -1 -1 -4.4608 1125.1201 165.4349 1173.7415 189.1982 1.5490 1.6896 4.0930 36.6041 1.0651 48.9761 -3.8221 0.3413
Car -1 -1 -4.7356 1023.1620 165.6838 1055.7078 192.4114 1.5529 1.5998 3.6079 26.0404 1.1360 43.8870 -4.2032 0.1958
Car -1 -1 -7.6366 1201.4371 163.0109 1241.0000 190.4755 1.5185 1.5606 3.7115 35.6321 0.9740 41.6368 -6.9324 -0.2028
Car -1 -1 -1.7350 0.0000 172.0403 23.8962 213.7710 1.4207 1.5790 3.8470 -22.9665 1.3927 26.4023 -2.4460 -0.7345
Car -1 -1 -5.6231 706.9889 164.3825 779.3386 192.6077 1.6134 1.6581 4.1150 7.9121 1.1289 43.3298 -5.4440 -1.7043
Car -1 -1 -7.0269 352.2941 170.0239 419.7599 195.4501 1.5505 1.6659 4.0686 -14.3052 1.3776 46.1767 -7.3259 -2.7742
Car -1 -1 -4.8779 994.4092 165.2972 1035.4634 191.5151 1.5459 1.5908 3.7976 24.9364 1.1000 44.5995 -4.3711 -3.3994
Car -1 -1 -5.4981 1121.4004 166.8210 1241.0000 218.8477 1.5461 1.6315 3.7904 18.8470 1.3666 23.4188 -4.8269 -3.5421
Car -1 -1 -4.2287 857.5549 170.0071 902.4473 190.6362 1.5432 1.7147 3.7494 20.8968 1.3300 55.8676 -3.8728 -3.6978
Car -1 -1 -4.5887 709.6896 170.2902 740.3608 193.7838 1.5259 1.5969 3.8601 7.8042 1.3591 48.9397 -4.4319 -3.7299
Car -1 -1 -4.1474 43.5222 175.0867 127.3489 204.6855 1.6067 1.8010 4.4764 -30.2929 1.7428 41.8002 -4.7716 -4.6900
Car -1 -1 -2.7680 543.4968 170.7426 632.7299 202.0064 1.5348 1.6814 4.2437 -1.1547 1.4308 36.9253 -2.7995 -4.7545
Car -1 -1 -7.3398 177.9808 164.1764 253.7255 198.6613 1.6724 1.6416 4.0081 -20.1534 1.2513 37.0121 -7.8355 -4.8204
Car -1 -1 -4.8746 494.2372 173.3523 516.3107 189.6213 1.5480 1.5981 3.4633 -10.2967 1.5978 70.6626 -5.0191 -5.0884
Car -1 -1 -6.6816 392.9339 171.9055 469.3438 200.4092 1.4721 1.5533 3.6951 -9.6782 1.4228 38.9906 -6.9236 -5.2316
Car -1 -1 -4.8877 302.8217 174.0230 350.7072 207.5831 1.4483 1.4509 3.5556 -13.0990 1.5049 33.1665 -5.2614 -5.3516
Car -1 -1 -7.4515 700.8078 174.5439 759.2248 208.0801 1.4074 1.4437 3.1871 5.3500 1.4865 32.1865 -7.2888 -5.4140
Car -1 -1 -7.8533 467.1759 171.9631 484.6304 188.8449 1.5424 1.5715 4.0387 -12.6659 1.4607 68.0537 -8.0368 -5.4519
Car -1 -1 -4.5220 21.7262 183.7125 75.3426 213.2052 1.4881 1.5574 4.3700 -31.3906 2.1304 40.4017 -5.1794 -5.6168
Car -1 -1 -7.6371 228.5818 170.1786 286.9276 202.5005 1.5836 1.8194 4.4215 -18.3544 1.4522 37.7124 -8.0875 -5.6174
Car -1 -1 -4.4561 274.8505 173.3352 318.5970 202.9338 1.5557 1.5044 2.9150 -17.1538 1.5828 39.5296 -4.8633 -5.6205
Car -1 -1 -4.8604 610.0336 176.6909 648.6144 206.4547 1.4819 1.5246 3.5663 0.9413 1.6951 38.2696 -4.8366 -6.0996
Car -1 -1 -2.9572 130.7757 180.6779 254.7430 219.0290 1.7165 2.0432 4.8769 -20.0015 2.1125 34.7802 -3.4760 -7.0594
