Car -1 -1 -5.4243 442.1585 178.6514 491.2075 201.8805 1.5931 1.5800 3.4770 -10.3784 2.0244 52.0214 -5.6206 0.3638
Car -1 -1 -7.5219 356.4452 190.0239 402.3954 215.0693 1.3854 1.5332 3.8205 -14.1910 2.4896 44.4858 -7.8294 -0.2191
Car -1 -1 -4.0751 634.4589 184.8078 704.6417 214.5520 1.4667 1.6602 4.1829 3.2640 2.1543 39.4039 -3.9937 -0.8444
Car -1 -1 -5.0020 328.4798 191.6995 375.2444 218.5641 1.4712 1.6406 4.0144 -16.0163 2.6899 44.5679 -5.3455 -1.7415
Car -1 -1 -4.5624 888.7365 184.7195 921.7381 208.1977 1.5098 1.6227 3.5890 20.5905 2.3694 50.3354 -4.1767 -2.8016
Car -1 -1 -1.9401 298.1248 189.8622 348.8209 216.3277 1.4348 1.5897 3.7649 -17.3427 2.5054 43.5087 -2.3177 -3.1274
Car -1 -1 -4.5917 794.8566 178.4252 825.6530 203.8851 1.7027 1.6504 4.0156 14.2607 2.1158 51.3750 -4.3229 -3.2612
Car -1 -1 -4.6465 621.9565 184.6638 657.3088 213.5979 1.4367 1.6752 4.4201 1.6559 2.1282 39.9810 -4.6061 -3.2982
Car -1 -1 -4.8350 489.5384 186.5362 528.2943 214.7192 1.4060 1.6296 4.3298 -5.7665 2.2180 40.5342 -4.9759 -3.3304
Car -1 -1 -4.4131 794.6382 175.5591 829.3734 197.0601 1.6121 1.6148 3.6863 15.8420 1.8314 56.5882 -4.1418 -3.7674
Car -1 -1 -5.0725 962.5255 173.7137 1005.4541 195.4598 1.5268 1.5685 3.7018 27.2493 1.5916 52.7404 -4.5982 -3.9233
Car -1 -1 -5.0557 925.9498 178.0692 976.6322 204.8733 1.5365 1.5675 3.8918 20.7798 1.8699 44.1551 -4.6188 -4.0080
Car -1 -1 -4.3885 1119.7202 180.9974 1184.1608 210.4474 1.4364 1.5880 3.8189 28.4449 1.8835 37.8974 -3.7488 -4.0919
Car -1 -1 -4.7512 988.9365 167.9814 1017.0575 191.0559 1.6179 1.6335 4.0418 28.6672 1.2759 52.7654 -4.2561 -4.2361
Car -1 -1 -5.5941 993.8663 164.2523 1060.8837 188.2023 1.5859 1.6759 3.8043 28.7370 1.0160 49.8531 -5.0739 -4.5302
Car -1 -1 -3.6244 130.5039 199.0546 212.2177 227.6769 1.4580 1.6281 3.7950 -25.8304 3.0767 42.5419 -4.1676 -4.6751
Car -1 -1 -7.8044 914.4236 178.7608 951.6820 210.8248 1.6025 1.6639 3.6315 17.3619 1.9361 38.7918 -7.3869 -4.6924
Car -1 -1 -5.1437 906.8755 178.3605 955.9559 207.7848 1.8321 1.5723 3.5985 21.0285 2.2075 47.4173 -4.7291 -4.7769
Car -1 -1 -3.8453 155.4346 202.4642 238.0061 238.2659 1.5342 1.5432 3.3499 -20.4696 3.0784 35.7979 -4.3618 -4.8128
Car -1 -1 -4.8857 53.3382 180.0747 90.1747 203.9936 1.7115 1.6002 3.8669 -40.8468 2.2776 54.6926 -5.5250 -4.8384
Car -1 -1 -4.7788 1058.2581 178.3327 1093.1949 203.0735 1.3761 1.4912 3.6102 27.6284 1.7165 42.9325 -4.2105 -4.8506
Car -1 -1 -7.6979 588.5719 183.3957 642.6245 227.1621 1.5360 1.5488 3.8103 0.2403 1.9784 28.2955 -7.6903 -4.8569
Car -1 -1 -5.4035 763.6971 176.3649 811.4317 198.8015 1.6927 1.6136 3.7973 13.9894 1.9804 57.1393 -5.1650 -4.8692
Car -1 -1 -2.2672 14.3018 176.9386 79.3296 202.8455 1.8399 1.7732 3.7455 -41.3040 2.1463 52.9065 -2.9278 -4.8700
Car -1 -1 -4.6018 304.6808 177.9531 328.8758 196.6866 1.6238 1.6306 3.7850 -26.6857 2.1022 65.6962 -4.9864 -4.9731
Car -1 -1 -4.6048 122.1912 194.1706 179.2784 234.9840 1.3538 1.4849 3.3099 -17.5672 2.2237 27.6408 -5.1668 -5.1139
Car -1 -1 -4.6949 797.9114 180.9209 827.3531 211.4067 1.5175 1.4590 3.5789 10.8960 1.9732 38.8579 -4.4240 -5.2767
Car -1 -1 -3.2777 771.8064 177.0583 831.3209 203.4057 1.4674 1.5452 3.1175 10.9264 1.7141 41.4419 -3.0222 -5.2782
Car -1 -1 -4.6620 449.4686 185.1547 479.6932 211.3835 1.4251 1.5762 3.9793 -8.7073 2.1976 43.2428 -4.8600 -5.2979
Car -1 -1 -8.7479 889.2499 178.9516 1017.5629 232.5209 1.5660 1.6753 3.4727 11.0120 1.7802 23.4590 -8.3145 -5.5002
Car -1 -1 -7.9887 614.9418 191.7989 641.4730 211.7079 1.5251 1.7080 4.1854 1.4931 3.1990 61.5873 -7.9652 -5.5208
Car -1 -1 -5.1871 1157.2102 166.9091 1241.0000 208.5287 1.3984 1.6054 4.1381 22.0111 1.1983 26.4347 -4.4985 -5.5267
Car -1 -1 -4.3128 110.7099 194.2617 168.9043 220.4590 1.4664 1.6619 4.0359 -29.9270 2.8943 46.0043 -4.8872 -5.5492
Car -1 -1 -4.4872 254.7762 179.2326 281.5404 196.8334 1.5716 1.5406 3.4111 -32.0066 2.1850 67.5850 -4.9282 -5.5713
Car -1 -1 -5.0837 892.4456 175.7337 967.9640 214.2270 1.4702 1.5992 3.6534 13.0354 1.5958 29.6916 -4.6741 -5.6661
Car -1 -1 -4.5775 66.5124 180.3713 101.6278 202.2539 1.6240 1.7259 3.9568 -41.6528 2.2419 57.1791 -5.2050 -5.7935
Car -1 -1 -4.9759 860.0871 179.5874 901.3359 204.0051 1.6197 1.7095 4.1135 19.1026 2.1166 51.1592 -4.6209 -5.8106
Car -1 -1 -4.4187 508.0268 181.6847 553.8499 209.4431 1.5268 1.6446 3.9661 -4.7040 2.0800 43.1242 -4.5272 -5.8644
Car -1 -1 -4.5800 0.0000 184.0527 23.6526 208.7113 1.5517 1.6640 3.9998 -41.6055 2.3524 49.4768 -5.2767 -5.8867
Car -1 -1 -5.0313 831.0003 175.6161 901.1854 213.2004 1.4592 1.5938 3.9422 10.6098 1.5825 30.2878 -4.6979 -5.8867
Car -1 -1 -4.5787 506.5007 179.9230 540.0740 204.7930 1.4637 1.5948 3.9434 -5.4659 1.9293 45.5755 -4.6978 -5.8867
Car -1 -1 -4.4880 0.0000 190.3358 0.0000 220.0886 1.5962 1.6822 4.0435 -41.5658 2.7005 43.4240 -5.2485 -5.8867
Car -1 -1 -5.1648 938.8261 175.0897 1024.2385 212.8758 1.4699 1.5968 3.9458 15.4340 1.5696 30.2866 -4.6978 -5.8867
Car -1 -1 -4.4504 0.0000 184.8590 0.0000 215.1774 1.5284 1.6542 4.0158 -41.6102 2.2331 40.2236 -5.2495 -5.8867
Car -1 -1 -4.5203 0.0000 189.3098 0.0000 217.0942 1.6145 1.6847 4.0286 -41.6177 2.7275 46.6517 -5.2460 -5.8867
Car -1 -1 -6.7853 0.0000 0.0000 1241.0000 374.0000 1.5420 1.5874 3.8026 -2.9053 1.6362 1.0045 -7.9391 -5.8867
Car -1 -1 -4.2277 196.3864 182.5597 281.4103 220.2615 1.4678 1.5935 3.9424 -15.9204 1.9125 31.0947 -4.6977 -5.8867
Car -1 -1 -3.5046 0.0000 192.2231 0.0000 374.0000 1.5007 1.6049 3.9561 -7.0816 1.6218 2.5305 -4.6973 -5.8867
Car -1 -1 -8.3335 1041.1080 187.6159 1241.0000 374.0000 1.4579 1.5897 3.9434 3.1175 1.5600 2.8839 -7.5595 -6.0569
Car -1 -1 -4.4043 28.9176 197.7190 79.8267 226.1045 1.5862 1.5409 3.5465 -35.1037 3.2248 45.6294 -5.0575 -6.0941
Car -1 -1 -2.3418 87.6503 195.9280 191.9727 232.3172 1.6220 1.6991 4.3690 -22.9185 2.7877 35.1454 -2.9165 -6.2093
Car -1 -1 -7.0803 1214.0057 173.5578 1241.0000 285.7934 1.5126 1.6504 4.1409 11.5956 1.5235 10.5992 -6.2642 -6.2481
Car -1 -1 -5.0094 806.7141 179.2160 849.0500 206.2729 1.8841 1.7066 4.6683 16.1137 2.3778 53.6854 -4.7198 -6.3727
Car -1 -1 -6.1749 235.8509 166.4832 303.7875 194.0612 1.9392 1.7921 4.2822 -24.6052 1.4909 52.2785 -6.6130 -7.6432
