Car -1 -1 -3.8003 923.2756 147.3117 1241.0000 298.7465 1.7298 1.6777 3.5252 6.0798 1.4378 9.2389 -3.2334 7.9008
Car -1 -1 -4.3368 102.7968 186.0148 364.9312 332.8661 1.5280 1.6832 4.2654 -4.9161 1.7515 10.0844 -4.7807 6.9206
Car -1 -1 -4.0173 0.0000 136.6165 208.2624 374.0000 1.8268 1.7692 4.5398 -4.5482 1.7201 4.4456 -4.7844 3.7095
Car -1 -1 -4.9170 644.8767 177.2773 701.1710 212.4340 1.4027 1.5902 4.3073 2.6364 1.6097 31.5852 -4.8351 -1.6503
Car -1 -1 -5.8709 402.7617 187.5208 473.0918 212.0968 1.4938 1.6169 4.0954 -11.0787 2.4603 46.4015 -6.1044 -1.7367
Car -1 -1 -6.5968 435.0920 185.1355 517.5848 215.8169 1.4367 1.6468 3.8062 -6.8322 2.0892 36.7236 -6.7799 -2.0706
Car -1 -1 -3.0728 350.0034 191.6351 420.1164 216.4462 1.4700 1.6866 4.1616 -14.3157 2.7012 46.0135 -3.3732 -2.4803
Car -1 -1 -3.7127 860.0380 148.2063 1162.4379 265.8054 1.7710 1.6900 4.1123 6.4163 1.3995 11.8869 -3.2287 -2.5199
Car -1 -1 -4.9452 707.9495 179.3153 738.4020 199.7157 1.5514 1.6063 3.6584 9.0264 2.0870 57.9544 -4.7919 -3.1350
Car -1 -1 -4.3134 176.4234 201.4243 232.4358 229.7998 1.5758 1.7246 3.9548 -25.9664 3.4895 46.2780 -4.8226 -3.4696
Car -1 -1 -7.3468 90.6368 216.1231 218.9438 279.4099 1.5262 1.6382 3.8245 -13.7630 2.9628 22.0126 -7.9005 -3.5691
Car -1 -1 -3.9323 647.5934 177.2071 750.7933 218.1991 1.4143 1.5700 3.8891 3.3472 1.5885 27.1040 -3.8113 -3.6946
Car -1 -1 -4.8005 749.4948 179.9099 778.3683 203.6066 1.4786 1.5495 3.7007 10.1904 1.9676 48.1010 -4.5934 -3.9295
Car -1 -1 -7.3605 203.1396 169.3340 241.0766 185.1617 1.5201 1.6934 3.8073 -38.2464 1.1817 71.2024 -7.8520 -4.1333
Car -1 -1 -4.6355 327.3013 193.6969 359.5955 220.1788 1.4370 1.5780 3.6217 -16.3163 2.7697 44.1905 -4.9876 -4.3280
Car -1 -1 -7.8585 278.9296 183.6755 335.3635 234.1174 1.3871 1.5093 3.3549 -9.4732 1.7514 22.4693 -8.2537 -4.3413
Car -1 -1 -4.7066 501.4174 181.5135 531.6115 211.2735 1.4652 1.5272 3.8928 -5.0448 1.9540 38.7284 -4.8358 -4.3467
Car -1 -1 -5.3859 585.8251 176.9313 676.7164 213.6225 1.4323 1.6647 4.1099 0.7926 1.6180 30.7818 -5.3610 -4.3736
Car -1 -1 -4.7332 437.5469 171.9712 456.3617 188.6115 1.6066 1.7478 3.3469 -16.1930 1.5210 71.4966 -4.9554 -4.4282
Car -1 -1 -4.7289 565.5735 179.4732 602.4730 209.8502 1.3813 1.7287 4.3177 -1.3764 1.7312 35.9727 -4.7674 -5.2566
Car -1 -1 -4.8984 322.9104 186.3535 397.5947 237.4356 1.4126 1.5658 3.8700 -8.1152 1.8834 23.1137 -5.2330 -5.2746
Car -1 -1 -5.3007 100.3052 201.1326 167.7480 228.0470 1.4977 1.5852 3.9297 -29.5855 3.3116 44.7937 -5.8819 -5.5153
Car -1 -1 -4.3503 611.4927 177.0372 678.2244 214.9069 1.6237 1.6232 4.5555 1.6770 1.8338 33.8814 -4.3019 -5.5338
Car -1 -1 -4.9174 120.0745 181.3868 155.2375 203.5535 1.8107 1.7458 4.1703 -41.0546 2.5760 62.6451 -5.4957 -5.5412
Car -1 -1 -4.7912 556.8206 180.4862 581.2213 199.9910 1.4783 1.6503 4.1050 -3.3821 2.1196 58.5127 -4.8492 -5.8581
Car -1 -1 -4.6955 604.5453 175.8419 638.7807 206.1371 1.4077 1.6109 3.9768 0.5707 1.5646 35.9383 -4.6802 -5.8867
Car -1 -1 -4.5227 212.7107 187.9427 262.4778 221.2611 1.5953 1.6346 3.9965 -19.9073 2.4479 38.6393 -4.9959 -5.9063
Car -1 -1 -4.1081 0.0000 180.0965 249.1033 288.6739 1.4874 1.5942 3.9621 -7.9751 1.6293 12.1589 -4.6789 -6.0319
Car -1 -1 -7.5989 408.0713 180.2455 442.6368 210.7031 2.5425 1.7539 5.0337 -16.3351 3.2234 63.9774 -7.8483 -6.1188
Car -1 -1 -2.5018 0.0000 147.5397 125.4324 208.5735 1.9783 1.5988 3.3563 -18.5165 1.1575 24.1998 -3.1497 -6.3736
