Car -1 -1 -8.0729 730.7039 173.4193 897.3806 291.0333 1.5590 1.6565 3.8976 2.9844 1.5693 11.5530 -7.8274 7.1466
Car -1 -1 -4.3352 1012.0947 152.1278 1178.9822 247.9471 1.5384 1.5372 3.0083 8.7743 1.2053 13.0788 -3.7550 6.8028
Car -1 -1 -4.4077 393.7285 175.5582 515.7488 254.9277 1.5400 1.5639 3.8262 -3.3663 1.6076 16.1177 -4.6111 6.5118
Car -1 -1 -4.0549 0.0000 198.6177 338.7769 374.0000 1.4465 1.6296 4.3143 -3.7220 1.7088 5.1555 -4.6566 6.1572
Car -1 -1 -4.0158 893.2777 159.6595 1034.6816 223.9307 1.5673 1.5367 3.3941 9.2693 1.2452 18.9966 -3.5683 5.8395
Car -1 -1 -3.3352 758.8390 160.3898 854.2090 202.2533 1.7265 1.6787 3.6557 8.2591 1.2121 30.7153 -3.0753 5.7509
Car -1 -1 -7.9919 705.5070 180.0874 795.4899 244.1772 1.3435 1.5913 3.7185 3.2270 1.5370 17.4422 -7.8127 5.3137
Car -1 -1 -4.1656 944.7695 156.9503 1099.5353 234.5914 1.5793 1.5354 3.3052 9.1937 1.2555 16.1593 -3.6566 5.3058
Car -1 -1 -6.2493 565.3842 173.7819 627.0156 194.9102 1.5905 1.7584 4.6509 -1.0587 1.6625 55.3080 -6.2688 4.4088
Car -1 -1 -4.4630 1137.2208 146.1720 1241.0000 275.2051 1.5716 1.6157 3.4294 9.1983 1.2463 10.4358 -3.7547 4.1771
Car -1 -1 -3.9351 828.7083 163.2282 940.1204 211.3528 1.5626 1.6112 3.4973 9.4224 1.2497 24.8967 -3.5776 3.4670
Car -1 -1 -4.6058 525.4530 175.4948 572.6819 211.3754 1.5073 1.6976 4.1924 -2.7388 1.6345 32.7369 -4.6891 3.4129
Car -1 -1 -4.0142 854.2817 163.1582 991.0786 216.3019 1.5036 1.6381 4.0384 9.5284 1.2290 22.0596 -3.6117 2.9663
Car -1 -1 -3.3389 747.7858 156.8643 843.0394 200.9948 1.9722 1.7568 3.9739 8.4303 1.2573 33.2198 -3.0929 2.2982
Car -1 -1 -4.5968 504.0984 171.0642 561.0260 221.5190 1.7522 1.6570 4.1555 -2.8772 1.6898 27.1445 -4.7020 1.4629
Car -1 -1 -3.1796 673.7382 177.0330 730.5358 194.7780 1.4239 1.6320 4.5738 7.5173 1.7733 59.3837 -3.0547 -0.4773
Car -1 -1 -7.5524 529.3481 173.6966 578.0005 203.2435 1.6037 1.6232 4.1749 -3.2144 1.6545 41.5056 -7.6296 -0.9794
Car -1 -1 -7.2639 824.9889 165.3359 924.2269 207.1850 1.5302 1.6441 4.1234 10.3591 1.2550 28.2653 -6.9164 -1.9345
Car -1 -1 -3.0551 620.7362 172.6890 681.0976 199.5370 1.5195 1.5841 3.3741 2.3600 1.5099 41.8594 -2.9996 -2.6459
Car -1 -1 -4.4922 453.6207 157.5047 547.7950 230.7810 1.9852 1.8684 4.4795 -3.2176 1.5691 21.8519 -4.6372 -2.7228
Car -1 -1 -4.4891 722.5959 172.4935 752.5729 191.6837 1.5425 1.6388 3.9153 10.6359 1.5132 60.1189 -4.3152 -3.5686
Car -1 -1 -2.6505 364.7026 185.0598 419.1474 205.1746 1.5871 1.7562 3.9515 -18.0508 2.6178 59.6979 -2.9433 -4.0520
Car -1 -1 -3.7274 1053.5830 146.7980 1185.8746 191.9441 1.8815 1.8025 4.3857 21.7832 0.7953 31.0192 -3.1197 -4.3279
Car -1 -1 -4.4302 399.3356 184.3662 433.4802 206.0985 1.6629 1.7684 3.5684 -15.7933 2.6314 58.9212 -4.6913 -4.3961
Car -1 -1 -7.3216 215.9825 194.6253 272.8894 220.5415 1.5839 1.6827 4.0114 -25.0898 3.1426 49.6100 -7.7881 -4.5843
Car -1 -1 -6.9099 0.0000 208.8821 104.4479 249.0069 1.6086 1.6251 3.8265 -26.8008 3.4441 34.7008 -7.5640 -4.7270
Car -1 -1 -4.3709 0.0000 211.3325 44.1296 256.2069 1.4757 1.6948 4.4635 -25.6184 3.2137 30.2089 -5.0700 -4.7534
Car -1 -1 -3.4017 1039.4847 144.5880 1187.0159 190.5033 1.7772 1.7595 4.6503 20.3889 0.6828 29.5310 -2.8022 -4.9310
Car -1 -1 -4.0665 0.0000 212.1270 94.3693 252.3467 1.4395 1.5432 3.5459 -24.2821 3.2285 31.0900 -4.7257 -4.9428
Car -1 -1 -4.4647 726.6133 174.7619 825.6982 231.0907 1.3991 1.7212 4.3634 4.7577 1.4589 20.4138 -4.2396 -5.2362
Car -1 -1 -8.2627 721.2258 168.0983 756.1112 187.3552 1.7950 1.6889 4.4142 12.3449 1.3514 69.6015 -8.0881 -5.2515
Car -1 -1 -4.7263 606.1573 176.6430 625.2042 195.9976 1.5354 1.5206 3.6250 0.4211 1.8585 59.7687 -4.7197 -5.2856
Car -1 -1 -5.1610 1152.5579 133.6752 1241.0000 185.4488 1.7706 1.6224 3.9531 22.0155 0.4304 26.7865 -4.4784 -5.3191
Car -1 -1 -4.5361 511.7195 169.9632 561.0199 203.9151 1.6880 1.8668 4.2665 -3.8536 1.5440 38.0701 -4.6367 -5.3376
Car -1 -1 -7.9814 555.2167 174.7267 609.9547 213.3047 1.4770 1.7593 4.0024 -1.2511 1.5600 29.9524 -8.0233 -5.3697
Car -1 -1 -8.8665 1155.6290 136.1158 1241.0000 178.8371 1.9238 1.7099 4.3590 29.1570 0.2691 34.8303 -8.1736 -5.5185
Car -1 -1 -3.8609 462.0225 171.2479 551.4780 206.3136 1.7694 1.8110 4.7419 -5.5153 1.6880 38.7958 -4.0016 -5.5592
Car -1 -1 -4.8432 407.9562 187.0709 430.2729 204.9938 1.6280 1.6312 3.8533 -18.8122 3.0670 70.9521 -5.1018 -5.5950
Car -1 -1 -4.6109 430.0677 180.5885 470.1536 209.7255 1.3682 1.6064 4.0590 -8.2039 1.7882 37.1082 -4.8274 -5.6479
Car -1 -1 -4.6687 127.4036 192.2831 152.5972 211.5061 1.5249 1.6856 4.1381 -41.6191 3.3052 63.9169 -5.2442 -5.8815
Car -1 -1 -4.4414 0.0000 185.3008 0.0000 216.0602 1.5150 1.6498 4.0102 -41.6098 2.2316 39.4175 -5.2506 -5.8867
Car -1 -1 -4.6430 101.9871 188.3671 130.1305 208.3230 1.5227 1.6643 4.1497 -41.5382 2.8751 60.7043 -5.2413 -5.8867
Car -1 -1 -6.4323 1197.9797 115.8633 1241.0000 192.1978 1.6854 1.5263 3.4696 16.5553 0.4268 17.5395 -5.6838 -5.9094
Car -1 -1 -7.3338 1241.0000 165.2923 1241.0000 374.0000 1.3938 1.5983 4.3005 6.8340 1.3575 4.4163 -6.3669 -6.0078
Car -1 -1 -7.1490 1227.8629 169.3337 1241.0000 364.2381 1.4087 1.6233 4.1729 7.9627 1.3829 6.0866 -6.2543 -6.0127
Car -1 -1 -4.8762 550.4478 175.2698 582.8265 196.1954 1.3885 1.5805 4.3069 -3.1199 1.5654 50.6762 -4.9377 -6.1029
Car -1 -1 -4.0319 0.0000 178.7436 202.1167 371.8642 1.4842 1.6006 4.0225 -6.3482 1.5631 7.6848 -4.7056 -6.2525
