Car -1 -1 -4.2035 871.8569 166.0013 984.8557 224.0756 1.5036 1.5315 3.2474 8.9260 1.3259 20.2760 -3.7946 8.1097
Car -1 -1 -4.3398 175.2213 187.3958 409.5080 334.5506 1.4854 1.5116 3.6360 -3.9291 1.7128 9.4708 -4.7240 7.5270
Car -1 -1 -4.4927 471.7059 175.9270 538.7035 222.5182 1.5215 1.5874 3.7165 -3.7003 1.6390 25.7303 -4.6347 6.2801
Car -1 -1 -4.4173 339.5934 182.2468 485.0844 270.2346 1.4712 1.6236 4.3498 -3.8762 1.6916 14.7428 -4.6707 5.6172
Car -1 -1 -7.9803 670.0549 176.1498 744.6989 233.1891 1.5078 1.6555 3.9963 2.7226 1.6139 21.3036 -7.8557 5.3042
Car -1 -1 -3.2966 715.3404 165.9595 785.7379 197.1447 1.7129 1.6635 3.6630 7.8122 1.3339 40.5242 -3.1078 5.0997
Car -1 -1 -4.3022 972.8594 157.9685 1103.5151 224.6458 1.5814 1.6082 3.7207 11.1831 1.2281 18.8611 -3.7741 4.8122
Car -1 -1 -3.9581 787.4755 165.9973 880.8341 207.4257 1.5689 1.5478 3.5747 8.9425 1.3089 28.8838 -3.6611 3.4061
Car -1 -1 -3.9896 806.3309 166.5610 906.8999 212.1138 1.5471 1.4825 3.5217 8.8664 1.3331 26.0278 -3.6652 2.8709
Car -1 -1 -4.1175 828.0999 165.6815 922.0346 217.8201 1.5533 1.4745 2.8367 8.3898 1.3393 22.9264 -3.7713 2.8409
Car -1 -1 -7.9377 664.8448 179.5863 716.7100 219.4016 1.3538 1.5933 3.9367 2.9270 1.6257 27.1895 -7.8323 2.1746
Car -1 -1 -3.8672 754.1372 170.1673 841.1741 203.2513 1.5261 1.6051 4.0320 9.0529 1.4018 34.9175 -3.6160 1.7182
Car -1 -1 -3.2325 713.1427 162.0348 786.8914 194.3130 1.8751 1.7075 4.1676 8.2483 1.2463 42.9676 -3.0444 1.5618
Car -1 -1 -6.0508 358.2749 185.8908 413.7915 202.4306 1.4188 1.5977 4.4809 -19.9573 2.5981 64.3387 -6.3508 0.9015
Car -1 -1 -4.6706 527.1124 174.6776 562.1512 207.9607 1.6024 1.6225 4.1302 -3.3468 1.7011 37.0696 -4.7605 -0.0078
Car -1 -1 -3.7718 0.0000 0.0000 1241.0000 374.0000 1.4943 1.5345 3.6125 -2.3895 1.6351 0.9540 -4.8654 -0.2226
Car -1 -1 -3.8811 772.4485 171.3391 861.6035 205.7758 1.4384 1.5487 3.6833 9.0475 1.3748 31.6538 -3.6056 -0.3668
Car -1 -1 -7.0344 741.6964 176.6998 810.7803 203.9568 1.3449 1.5436 3.3558 8.6184 1.5528 37.5403 -6.8109 -0.7210
Car -1 -1 -4.7534 615.2298 173.2096 640.7549 195.6468 1.5147 1.6260 3.9189 1.1998 1.5404 50.7459 -4.7303 -1.6948
Car -1 -1 -3.2481 650.3464 179.3191 695.4966 194.6887 1.4409 1.6020 4.1646 5.9910 2.0682 69.1999 -3.1625 -2.1899
Car -1 -1 -4.9628 551.1199 175.0158 592.9984 202.2803 1.5599 1.6310 3.8033 -2.3772 1.6966 43.6670 -5.0173 -2.4254
Car -1 -1 -4.6407 567.7480 179.9900 587.7402 195.1293 1.3722 1.6350 4.0977 -3.0951 2.0789 69.4199 -4.6854 -2.4938
Car -1 -1 -7.7396 529.5104 172.6837 560.4568 197.0609 1.6424 1.7069 4.1290 -4.5557 1.6306 50.6983 -7.8292 -2.5653
Car -1 -1 -4.5991 497.6764 163.6277 551.2717 213.8947 2.0309 1.8281 4.3369 -3.6753 1.6579 31.3235 -4.7155 -2.7727
Car -1 -1 -5.0361 527.9122 175.9264 573.0300 202.5603 1.4974 1.5986 3.6411 -3.6269 1.6887 43.0123 -5.1202 -3.8096
Car -1 -1 -8.7679 1041.7471 118.0456 1241.0000 303.0616 1.8438 1.7189 4.0423 7.8980 1.2973 9.3538 -8.0825 -4.0188
Car -1 -1 -4.5279 648.7598 178.6329 683.1408 203.4594 1.4557 1.4992 3.7024 3.5094 1.8334 45.2133 -4.4514 -4.0294
Car -1 -1 -6.3683 964.9413 166.0918 1061.7230 200.8905 1.5582 1.6887 3.8226 18.7791 1.2551 33.8544 -5.8658 -4.3442
Car -1 -1 -7.7056 552.2380 173.0478 595.0121 205.2515 1.6634 1.7178 4.3509 -1.9700 1.6743 39.5458 -7.7555 -4.6860
Car -1 -1 -6.5068 1081.3177 144.8549 1188.4669 174.6114 1.5304 1.7365 4.3723 28.0350 0.0901 38.7594 -5.8841 -5.1935
Car -1 -1 -4.6210 217.1645 197.4188 244.6735 219.7737 1.5893 1.5942 4.1566 -30.6731 3.6534 58.4131 -5.1030 -5.5067
Car -1 -1 -4.6905 361.2484 182.8659 384.4060 204.7285 1.5622 1.6082 4.0322 -18.3025 2.3648 55.7008 -5.0069 -5.5093
