Car -1 -1 -4.4215 787.3721 182.8161 821.4432 203.4098 1.5340 1.6451 3.7009 15.5454 2.3580 57.6959 -4.1601 -1.2244
Car -1 -1 -5.2748 347.1415 195.0910 408.4739 222.5755 1.5478 1.6907 4.2856 -14.8462 3.0255 45.9324 -5.5862 -1.4886
Car -1 -1 -5.8019 0.0000 201.2950 132.3916 244.2058 1.5256 1.6479 4.1723 -21.4845 2.6874 28.3311 -6.4464 -2.0673
Car -1 -1 -4.1158 293.8646 193.3200 363.8888 222.2892 1.4720 1.6524 4.3545 -16.3965 2.7350 42.2311 -4.4845 -2.3463
Car -1 -1 -7.8268 732.5336 170.0326 755.0084 194.7905 2.0809 1.8158 4.5470 11.6990 1.8435 63.0588 -7.6446 -2.4755
Car -1 -1 -4.6911 62.4094 182.2097 91.1038 204.3748 1.5942 1.6931 3.9812 -41.2211 2.3448 55.7957 -5.3252 -2.9412
Car -1 -1 -5.2435 830.0168 183.2153 893.1998 213.0712 1.4400 1.6167 3.4094 13.1126 2.0103 37.9045 -4.9134 -3.1282
Car -1 -1 -5.8750 424.7758 194.3025 495.7209 221.4613 1.5403 1.6596 3.9020 -9.1545 2.8850 44.0377 -6.0793 -3.4029
Car -1 -1 -4.4868 736.2723 183.3791 766.9463 204.5904 1.5890 1.6075 3.8866 11.4346 2.4689 58.2407 -4.2944 -3.6043
Car -1 -1 -5.5966 718.7504 188.9854 772.9696 211.4616 1.4670 1.6000 3.6218 9.6755 2.6655 51.7211 -5.4134 -3.6449
Car -1 -1 -8.6057 774.5324 172.3640 832.9352 198.4085 1.7753 1.7171 4.0317 13.7050 1.7415 51.3637 -8.3468 -3.9798
Car -1 -1 -7.4805 563.5331 192.4792 611.3167 221.3534 1.5755 1.6576 3.8054 -1.3696 2.8352 44.2546 -7.5120 -3.9802
Car -1 -1 -8.6328 1184.7942 177.1167 1241.0000 252.4106 1.3553 1.5280 3.4731 14.0424 1.4537 14.9493 -7.8888 -3.9812
Car -1 -1 -4.4573 917.3677 177.7856 963.1675 205.4886 1.7426 1.7341 4.4889 22.2013 2.0894 48.4915 -4.0307 -4.5746
Car -1 -1 -5.2417 792.4882 178.1754 863.9744 209.0477 1.6199 1.7335 4.7404 12.3304 1.9422 41.2332 -4.9536 -4.6525
Car -1 -1 -4.2854 299.9719 198.7949 372.3934 240.5593 1.4882 1.4753 3.4709 -11.2329 2.6200 29.7061 -4.6445 -4.8261
Car -1 -1 -4.7746 245.1425 181.6877 268.1530 200.3042 1.6146 1.6651 4.0896 -32.7782 2.4594 66.8443 -5.2292 -4.8889
Car -1 -1 -8.6517 833.9814 184.2356 895.4976 208.2119 1.3462 1.5571 3.4339 15.5136 2.0726 44.1848 -8.3167 -5.0325
Car -1 -1 -7.9641 888.7639 178.3539 931.4979 209.4978 1.5962 1.7499 3.7676 16.4387 1.9146 39.7571 -7.5751 -5.0368
Car -1 -1 -2.7134 672.1824 182.2945 731.6691 209.3448 1.8510 1.7348 3.9159 6.6301 2.5590 52.3713 -2.5888 -5.0741
Car -1 -1 -4.8470 635.9290 178.6170 662.5098 200.5728 1.5567 1.5868 2.8863 2.8504 1.9953 53.4491 -4.7944 -5.1733
Car -1 -1 -4.0284 0.0000 194.9268 29.3634 239.8177 1.5145 1.6846 4.1549 -25.4557 2.4514 28.5269 -4.7524 -5.7748
Car -1 -1 -4.5865 85.8811 181.2124 118.0930 201.2539 1.5362 1.6704 3.9807 -41.6951 2.2472 59.2514 -5.1978 -5.8310
Car -1 -1 -5.5069 1156.4545 168.6216 1241.0000 231.1519 1.3677 1.6397 4.0553 15.9334 1.2748 17.8646 -4.7870 -5.8470
Car -1 -1 -4.7117 474.2556 184.2853 495.5841 207.0697 1.5966 1.5288 3.3598 -9.4124 2.4824 54.1397 -4.8834 -5.8725
Car -1 -1 -4.4919 0.0000 183.9325 0.0000 211.5365 1.5142 1.6501 4.0082 -41.5980 2.2138 43.4426 -5.2526 -5.8867
Car -1 -1 -4.5373 0.0000 188.3400 5.5924 215.1796 1.6074 1.6803 4.0171 -41.6152 2.6804 47.8545 -5.2505 -5.8867
Car -1 -1 -4.5992 509.8491 183.6602 543.8550 211.7984 1.5790 1.6264 3.9262 -5.0552 2.2666 43.9629 -4.7136 -5.8867
Car -1 -1 -4.6628 115.4262 181.1261 141.2044 199.6231 1.4940 1.6501 4.0191 -41.6098 2.2332 62.3507 -5.2495 -5.8867
Car -1 -1 -7.1460 51.3867 0.0000 1241.0000 374.0000 1.5493 1.5916 3.8059 -1.2980 1.6386 1.0035 -7.9392 -5.8867
Car -1 -1 -4.5786 6.6599 181.1372 46.5968 205.1014 1.5876 1.6823 4.0454 -41.5807 2.2030 51.4649 -5.2558 -5.8867
Car -1 -1 -4.4401 0.0000 184.6349 0.0000 215.5291 1.5257 1.6539 4.0163 -41.6108 2.2041 39.4197 -5.2493 -5.8867
Car -1 -1 -9.1923 0.0000 0.0000 1241.0000 374.0000 1.5130 1.5831 3.7957 3.9148 1.4544 0.9965 -7.9398 -5.8867
Car -1 -1 -6.7850 0.0000 0.0000 1241.0000 374.0000 1.5576 1.5919 3.8075 -2.9049 1.6896 1.0033 -7.9390 -5.8867
Car -1 -1 -5.8254 1241.0000 0.0000 1241.0000 374.0000 1.3974 1.5968 4.2520 5.4470 1.1680 2.5581 -4.7367 -5.9519
Car -1 -1 -8.3342 963.3163 180.8388 1241.0000 374.0000 1.5470 1.7023 3.8470 2.7334 1.6012 2.8511 -7.6209 -6.1575
Car -1 -1 -7.8861 192.4133 172.7178 214.6669 194.2580 1.8132 1.5729 3.5772 -35.3481 1.8015 62.6759 -8.3980 -6.6337
Car -1 -1 -4.9431 374.7642 193.5572 412.2478 221.5303 1.5081 1.4195 3.4000 -13.0963 2.8064 43.4322 -5.2347 -6.7286
Car -1 -1 -7.9253 1050.6321 148.7097 1241.0000 374.0000 1.8023 1.6028 4.6178 4.8372 1.6653 6.4742 -7.3062 -6.9013
