Car -1 -1 -4.1635 840.9568 167.1089 938.0039 216.2853 1.5333 1.6033 3.1942 9.3135 1.3539 24.1080 -3.7994 7.3419
Car -1 -1 -4.4395 337.5289 182.2646 476.8479 277.7956 1.5079 1.5681 3.6228 -3.6934 1.7083 13.5675 -4.7012 6.4148
Car -1 -1 -7.9455 676.4243 175.5246 734.3616 223.7207 1.5398 1.6247 4.0152 3.2179 1.6407 25.3101 -7.8212 6.3869
Car -1 -1 -4.5108 505.8547 176.1042 561.7736 215.6746 1.5137 1.5854 3.7228 -3.1267 1.6565 29.8474 -4.6149 6.2662
Car -1 -1 -8.4264 857.1115 181.5806 1241.0000 374.0000 1.5146 1.5883 3.4595 2.7520 1.5849 4.0963 -7.8686 5.7585
Car -1 -1 -4.0906 0.0000 180.6973 428.8924 374.0000 1.6404 1.6580 4.0964 -2.7335 1.7128 4.5615 -4.6063 5.6857
Car -1 -1 -4.4632 418.8354 179.7633 520.8938 245.4900 1.4776 1.6129 4.1562 -3.5576 1.6776 18.7929 -4.6485 5.5969
Car -1 -1 -3.2627 718.0994 165.2869 784.1377 195.3424 1.8099 1.6671 3.8107 8.6072 1.3539 44.4131 -3.0729 5.1166
Car -1 -1 -4.3137 927.6208 162.8716 1024.7504 215.2154 1.5253 1.5212 3.4583 11.5234 1.2341 22.7284 -3.8500 3.2621
Car -1 -1 -3.8367 793.5345 166.8488 889.9037 206.6834 1.5738 1.5216 3.6908 9.5614 1.3362 29.9104 -3.5305 2.8496
Car -1 -1 -7.7215 525.6359 170.3412 573.0131 210.9412 1.8690 1.7500 4.4252 -2.9520 1.7530 35.4685 -7.8044 2.2252
Car -1 -1 -4.1208 785.8452 167.5943 858.6172 202.5085 1.4999 1.5036 3.4446 9.5963 1.2736 32.6783 -3.8379 2.1866
Car -1 -1 -6.1113 325.7383 188.2933 377.9196 204.1504 1.4258 1.5265 4.4494 -24.3852 2.9092 68.2087 -6.4538 2.0370
Car -1 -1 -4.0759 808.4251 166.5870 900.9376 212.4225 1.6087 1.5572 3.4116 9.1122 1.3884 26.9409 -3.7535 1.9067
Car -1 -1 -3.2588 718.5918 161.3803 788.1259 192.4414 1.9762 1.7052 4.2595 9.2395 1.2459 46.9169 -3.0659 1.1987
Car -1 -1 -5.7364 1177.8430 110.0616 1241.0000 244.4921 1.7217 1.6941 3.7490 11.3590 0.9172 11.2656 -4.9597 0.6340
Car -1 -1 -3.7985 755.2526 169.6513 831.0555 199.1355 1.5165 1.6328 3.7085 9.7598 1.3515 38.6021 -3.5530 0.5717
Car -1 -1 -7.8776 674.4963 176.7059 715.4434 213.1791 1.4459 1.6377 4.0887 3.5662 1.6232 31.1578 -7.7652 0.1902
Car -1 -1 -4.8407 556.4621 178.7141 592.4908 205.7555 1.4307 1.5586 3.8596 -2.1043 1.7808 41.0973 -4.8921 -0.8355
Car -1 -1 -3.4491 912.7220 144.8545 991.7974 172.3286 1.6572 1.7284 4.0910 21.1025 -0.0337 44.6907 -3.0104 -0.9599
Car -1 -1 -4.5121 560.1259 176.2297 597.3416 202.0346 1.5735 1.6432 3.9995 -2.0076 1.8013 46.6511 -4.5554 -1.0473
Car -1 -1 -4.8309 545.3335 176.3329 572.1942 196.9189 1.4826 1.6080 3.5685 -3.9296 1.7543 54.5124 -4.9029 -1.0851
Car -1 -1 -4.7960 622.9816 171.0250 648.3005 192.8227 1.6404 1.6511 3.8170 1.9383 1.5024 56.2465 -4.7621 -1.7005
Car -1 -1 -6.0495 622.6517 176.6126 686.9213 202.4777 1.5374 1.6316 3.6875 2.7435 1.7762 44.5853 -5.9890 -2.0571
Car -1 -1 -4.5484 742.4393 169.8200 780.6960 197.5160 1.5324 1.5756 3.8808 8.8300 1.3642 42.0166 -4.3430 -2.5109
Car -1 -1 -4.4769 738.9662 173.9205 789.6186 204.9279 1.4335 1.6400 3.6416 7.5943 1.4886 35.4914 -4.2683 -2.6539
Car -1 -1 -4.6606 778.8420 171.7086 816.2223 202.4310 1.4475 1.6160 4.0870 9.4094 1.3932 36.1868 -4.4086 -3.1112
Car -1 -1 -3.9170 617.2885 169.4600 666.2465 193.2052 1.7147 1.5868 3.5620 2.3635 1.4693 53.8852 -3.8738 -3.4740
Car -1 -1 -4.1351 575.2771 176.5476 633.0178 202.0058 1.5276 1.6566 4.2292 -0.3550 1.7750 46.1688 -4.1433 -3.8377
Car -1 -1 -4.7630 506.8559 181.9999 527.7320 202.3356 1.5995 1.5411 3.8708 -7.8407 2.3936 60.6301 -4.8915 -4.4574
Car -1 -1 -7.8656 566.0829 175.7495 588.1880 196.1973 1.4742 1.6114 4.0043 -2.5438 1.7014 54.6443 -7.9123 -4.6637
Car -1 -1 -4.8448 547.9531 179.1018 576.7923 200.9919 1.4801 1.6164 3.4313 -3.4723 1.9433 51.6804 -4.9120 -5.8455
Car -1 -1 -4.6259 298.8091 189.3892 322.1505 207.0545 1.4202 1.5921 3.6405 -26.4269 2.9246 63.6828 -5.0181 -6.0068
Car -1 -1 -8.1229 0.0000 0.0000 696.0234 374.0000 1.5159 1.6000 3.7350 -0.1010 1.5031 0.9599 -8.2147 -6.1480
Car -1 -1 -4.6326 0.0000 245.5763 130.7386 374.0000 1.3043 1.2567 3.3141 -7.5613 2.4937 10.0641 -5.2647 -6.7495
