Car -1 -1 -4.2688 323.3484 193.1682 380.0600 220.8178 1.5726 1.7128 4.4358 -16.6687 2.9517 46.7018 -4.6102 -0.4584
Car -1 -1 -5.5625 6.5941 207.1240 123.9967 245.8765 1.5897 1.7272 4.0957 -24.4633 3.1779 32.4246 -6.2051 -0.8688
Car -1 -1 -5.0514 768.6811 174.9166 804.0908 196.4384 1.5509 1.5464 3.3369 13.1492 1.7101 54.0671 -4.8145 -1.3365
Car -1 -1 -4.2307 769.7125 175.0644 808.5777 194.0740 1.5757 1.6346 3.9124 15.4645 1.7724 62.2828 -3.9888 -1.4437
Car -1 -1 -3.6977 978.6921 172.6401 1173.3578 221.5991 1.3303 1.6494 4.4425 13.0399 1.3242 20.4409 -3.1367 -1.7065
Car -1 -1 -4.4403 530.8397 192.4078 571.8419 218.9853 1.5101 1.6988 3.5508 -3.7049 2.8000 45.7042 -4.5214 -2.0902
Car -1 -1 -6.1360 607.9147 187.9275 675.5886 213.7689 1.4959 1.6894 3.9549 1.9391 2.4478 44.3751 -6.0932 -2.2577
Car -1 -1 -5.0497 573.8751 181.3327 607.2268 203.8098 1.6944 1.5528 3.6319 -1.6191 2.3971 57.8538 -5.0781 -2.8189
Car -1 -1 -5.5222 291.7049 193.4124 382.5612 228.8648 1.4670 1.6459 3.8185 -12.5590 2.4526 33.1009 -5.8826 -2.9626
Car -1 -1 -4.9796 788.6638 167.7302 825.2242 189.7462 1.6724 1.7185 4.2107 15.4553 1.2829 56.9188 -4.7161 -3.3138
Car -1 -1 -5.7671 125.6368 208.3459 202.5085 233.7263 1.4581 1.5810 3.7632 -27.6158 3.6987 44.7015 -6.3182 -3.3350
Car -1 -1 -8.3183 1094.0370 172.6147 1229.7914 224.9290 1.3730 1.5982 3.6968 15.7502 1.3664 20.8963 -7.6795 -3.5543
Car -1 -1 -8.0475 376.6164 191.2412 412.8527 215.7034 1.5060 1.6317 4.1708 -14.9829 2.8363 49.9908 -8.3376 -3.6404
Car -1 -1 -5.7988 127.8300 206.3986 228.5105 243.1031 1.5166 1.6681 3.5107 -19.3824 3.0665 32.4226 -6.3343 -3.9406
Car -1 -1 -7.5157 789.7667 180.5151 831.8300 203.8591 1.5023 1.6211 3.8448 13.8636 2.0525 49.8140 -7.2463 -3.9570
Car -1 -1 -4.5835 737.1267 181.7992 762.9164 201.6230 1.5682 1.6573 3.9610 11.8714 2.3526 61.1525 -4.3932 -4.0835
Car -1 -1 -4.6284 95.6831 184.0050 125.1027 205.5517 1.6563 1.6988 3.5086 -41.1315 2.6044 59.4224 -5.2320 -4.2210
Car -1 -1 -3.1980 589.9453 190.8753 637.3769 210.8853 1.6197 1.6387 3.9199 0.2610 3.1656 60.9848 -3.1943 -4.2479
Car -1 -1 -5.8731 0.0000 203.8136 134.8525 253.4793 1.4642 1.5689 3.2242 -17.8618 2.5340 23.8089 -6.5116 -4.3234
Car -1 -1 -4.7514 710.3596 179.8013 730.9541 203.1644 2.0590 1.7206 4.1256 10.2251 2.7246 67.0111 -4.6012 -4.3764
Car -1 -1 -4.9540 436.5284 182.4494 470.1003 207.3319 1.8938 1.6086 4.7216 -12.9438 2.7150 59.2977 -5.1684 -4.7089
Car -1 -1 -7.7474 561.7784 188.0607 592.0889 214.7189 1.6348 1.6274 3.9984 -2.2200 2.7024 48.6253 -7.7934 -4.7346
Car -1 -1 -5.4615 458.0102 183.6151 508.4938 205.4027 1.6383 1.6658 4.0777 -10.2386 2.5316 58.0202 -5.6359 -4.8600
Car -1 -1 -8.0018 304.1904 179.2599 329.8281 198.1988 1.7632 1.7218 4.3168 -28.8846 2.4138 71.0246 -8.3870 -4.8639
Car -1 -1 -4.3524 211.3281 196.3399 285.4241 234.6410 1.5108 1.6624 4.2357 -16.6378 2.6669 33.3379 -4.8125 -5.0919
Car -1 -1 -2.7104 0.0000 204.8572 127.1272 245.7502 1.5940 1.4717 4.4277 -23.7132 3.0296 31.1817 -3.3567 -5.1043
Car -1 -1 -5.1127 661.1063 186.8421 710.5568 213.3727 1.4845 1.6469 3.8958 4.6071 2.3915 44.6962 -5.0113 -5.2510
Car -1 -1 -4.3487 794.2933 181.7384 837.0865 206.8459 1.4262 1.4421 3.2818 12.5255 1.9888 43.9697 -4.0734 -5.3352
Car -1 -1 -4.7242 121.2178 179.6795 147.4241 200.0792 1.6666 1.8486 4.0880 -41.3352 2.2797 62.6372 -5.3057 -5.5246
Car -1 -1 -4.5077 556.1478 190.6616 590.2234 217.0701 1.5123 1.4983 3.3495 -2.3183 2.6780 45.4755 -4.5590 -5.6627
Car -1 -1 -5.1604 859.9254 171.7108 964.5250 220.4721 1.4791 1.6037 3.9644 9.8299 1.4441 23.9152 -4.7752 -5.8495
Car -1 -1 -6.1304 338.9052 188.7112 464.5420 238.5110 1.4757 1.5994 3.6523 -6.6129 2.0044 23.0502 -6.4074 -5.9977
Car -1 -1 -4.8149 368.8734 183.3172 428.1092 231.2615 1.4692 1.5841 3.8530 -7.4664 1.8632 25.1034 -5.1016 -6.0114
Car -1 -1 -7.7370 482.1546 177.9970 540.4423 228.2103 1.5663 1.5853 3.2900 -3.3323 1.7525 24.5047 -7.8714 -6.0287
