Car -1 -1 -4.2706 0.0000 186.0762 336.5145 362.3643 1.5320 1.7024 4.3176 -4.9527 1.7335 8.8059 -4.7707 7.1283
Car -1 -1 -3.9024 971.2581 144.4179 1241.0000 323.8559 1.7048 1.6860 3.7337 6.1662 1.4344 7.9106 -3.2587 6.0893
Car -1 -1 -3.7688 910.0020 141.8090 1241.0000 279.2820 1.8172 1.7656 4.1105 6.7557 1.4066 10.5653 -3.2131 1.9026
Car -1 -1 -3.9594 0.0000 196.0434 126.3788 374.0000 1.4903 1.6497 4.1839 -4.4992 1.6746 3.5746 -4.8224 1.3486
Car -1 -1 -7.1674 636.8284 176.6963 724.4777 213.6214 1.4310 1.6011 3.8281 2.9698 1.6022 30.2836 -7.0712 -0.3746
Car -1 -1 -4.7155 756.5099 180.5968 783.0656 205.3398 1.4930 1.6170 3.8889 10.3376 2.0182 46.9044 -4.5004 -2.3067
Car -1 -1 -4.3585 513.8681 185.5505 551.0352 206.5779 1.5622 1.6949 4.0456 -6.2571 2.6275 58.3920 -4.4653 -2.3976
Car -1 -1 -5.1843 485.8691 187.7451 526.0930 207.9391 1.4783 1.6208 3.8393 -8.3984 2.7141 57.8578 -5.3283 -3.1343
Car -1 -1 -2.1812 349.3716 186.5316 414.1170 213.4634 1.5421 1.7172 4.3099 -14.4030 2.4389 45.3310 -2.4876 -3.2596
Car -1 -1 -4.4941 0.0000 179.5263 298.8019 374.0000 1.5240 1.6505 4.3151 -2.6463 1.5794 3.7097 -5.0814 -3.4563
Car -1 -1 -4.2540 395.4097 186.7710 447.3451 212.0148 1.4661 1.6119 4.0295 -12.0976 2.4019 46.3964 -4.5081 -3.5442
Car -1 -1 -4.6342 493.8932 183.3107 531.0682 215.7095 1.5304 1.6055 3.9561 -5.0429 2.1015 37.4061 -4.7678 -3.6608
Car -1 -1 -4.2424 449.8869 184.7365 495.7976 209.5307 1.4459 1.5064 3.3314 -8.6625 2.2267 45.6221 -4.4295 -3.7319
Car -1 -1 -4.4945 623.5714 175.7485 683.0167 211.6265 1.4419 1.7421 4.1676 1.9261 1.5774 31.6025 -4.4348 -3.9901
Car -1 -1 -5.1433 269.3437 197.1126 323.2635 225.8167 1.5752 1.6580 3.7121 -19.4435 3.1364 44.5887 -5.5527 -4.1595
Car -1 -1 -4.0657 82.2972 203.0166 149.2232 229.7496 1.4399 1.6324 3.5078 -30.5731 3.3830 44.6985 -4.6631 -4.1898
Car -1 -1 -6.7363 0.0000 194.3408 0.0000 374.0000 1.4952 1.6935 3.7992 -6.0455 1.6638 3.6827 -7.7271 -4.2834
Car -1 -1 -7.7732 241.8274 188.9964 312.4497 241.9888 1.3525 1.6092 3.8233 -9.9805 1.8851 21.7483 -8.1992 -4.3407
Car -1 -1 -5.0194 0.0000 205.0438 39.3391 239.2896 1.4731 1.5989 3.5653 -30.0148 3.1402 35.7422 -5.7144 -4.3953
Car -1 -1 -7.6634 32.6673 202.8987 91.7173 238.4582 1.5179 1.6760 3.7489 -27.5310 3.1154 36.3201 -8.3087 -4.5960
Car -1 -1 -4.3724 372.9058 186.1629 434.5214 219.2400 1.4579 1.6360 4.1233 -10.1360 2.1534 35.6112 -4.6482 -4.6232
Car -1 -1 -5.0795 419.2309 185.9201 478.3742 218.6735 1.4858 1.6438 3.8268 -8.2213 2.1819 36.4121 -5.3005 -4.8078
Car -1 -1 -4.5162 128.4419 188.2224 275.4380 274.4048 1.3470 1.6887 4.2632 -7.9526 1.7017 14.3792 -5.0139 -4.8199
Car -1 -1 -4.4166 93.6130 205.1593 161.8993 243.7019 1.5335 1.6502 3.7688 -22.7830 3.1545 34.1709 -5.0014 -4.9387
Car -1 -1 -4.3545 532.8427 185.5909 566.6252 206.4091 1.5572 1.5743 3.5541 -4.8568 2.6191 58.2490 -4.4378 -4.9581
Car -1 -1 -4.7892 725.3696 177.4906 750.7661 197.7274 1.5180 1.6863 3.6485 10.0369 1.8955 56.8905 -4.6158 -5.0223
Car -1 -1 -4.9125 562.6842 179.0082 619.4407 215.3396 1.4566 1.6977 4.1630 -0.9520 1.7473 31.8998 -4.9427 -5.6512
Car -1 -1 -4.6071 156.0671 190.8876 195.5353 221.1858 1.6908 1.6833 4.1207 -27.1345 2.8741 45.1348 -5.1461 -5.8092
Car -1 -1 -5.0413 553.0306 179.6484 599.2118 204.0949 1.4316 1.6849 4.0789 -2.2302 1.8823 45.6875 -5.0903 -5.8186
Car -1 -1 -4.9054 567.2417 179.1634 616.3771 210.1322 1.3970 1.6617 4.0557 -0.9988 1.7268 35.5892 -4.9338 -5.8259
Car -1 -1 -4.4962 594.3041 175.7854 647.6334 210.1258 1.4393 1.6196 3.8945 0.5177 1.5802 32.6781 -4.4811 -5.8867
Car -1 -1 -4.2187 45.1121 205.6243 122.2041 240.2260 1.3815 1.5396 3.2805 -24.6113 2.9952 33.8081 -4.8444 -5.9168
Car -1 -1 -7.2069 1241.0000 161.3017 1241.0000 374.0000 1.4237 1.5535 3.9294 6.7127 1.3673 4.3615 -6.2429 -5.9279
Car -1 -1 -4.3812 178.9935 186.2099 243.1112 222.2206 1.6174 1.6264 3.8346 -19.8214 2.3199 35.9392 -4.8824 -5.9358
