Car -1 -1 -4.4520 444.0042 177.2461 529.1829 234.3078 1.5372 1.5936 3.7846 -3.6534 1.6809 21.6989 -4.6174 7.2989
Car -1 -1 -4.3015 941.0765 163.7080 1080.3131 239.2660 1.5297 1.5636 3.3274 9.0092 1.3442 16.2466 -3.8033 7.1860
Car -1 -1 -7.9994 686.4854 177.7872 783.5841 250.0325 1.5009 1.6762 3.9761 2.8050 1.6323 17.2608 -7.8419 6.5592
Car -1 -1 -4.3380 215.5900 186.6175 447.7973 316.5257 1.4510 1.6430 4.3500 -3.8494 1.6974 10.7298 -4.6755 6.2765
Car -1 -1 -4.1242 0.0000 200.3631 300.0461 374.0000 1.4269 1.5405 3.5247 -3.9093 1.7019 5.4500 -4.7241 5.8033
Car -1 -1 -4.2113 881.6936 164.5795 996.8263 229.1473 1.5515 1.4619 3.0565 8.5754 1.3523 18.8434 -3.7906 5.6605
Car -1 -1 -4.4702 1083.7239 152.2800 1240.1722 242.5283 1.6241 1.6670 4.1101 11.4384 1.2535 14.9297 -3.8262 5.5427
Car -1 -1 -3.2489 726.8174 165.5372 808.0515 202.2172 1.8024 1.7209 3.8464 7.8667 1.4426 36.5084 -3.0387 4.9436
Car -1 -1 -4.0168 846.3843 167.2572 960.3450 221.6048 1.5439 1.4931 3.2329 8.8737 1.3846 21.9233 -3.6373 4.8480
Car -1 -1 -7.9347 676.1029 182.1932 735.6822 229.4478 1.3425 1.5677 3.7694 2.9526 1.6670 23.1738 -7.8103 4.3727
Car -1 -1 -3.9722 819.0419 168.7528 924.4114 217.1621 1.5603 1.4877 3.4149 8.9281 1.4278 24.7140 -3.6298 3.5314
Car -1 -1 -3.8083 777.6201 169.2260 877.1681 209.9803 1.6485 1.6134 3.8898 9.1904 1.5015 30.6546 -3.5201 2.2801
Car -1 -1 -3.2974 722.8981 160.3457 812.5532 198.7051 2.0182 1.7628 4.5054 8.4171 1.3598 38.9661 -3.0866 1.9828
Car -1 -1 -6.0903 427.8601 184.7356 482.5358 202.9612 1.4835 1.6390 4.2630 -13.0164 2.4969 60.7041 -6.3010 1.8891
Car -1 -1 -3.9024 762.7695 172.2128 851.2426 205.7347 1.4799 1.5788 3.9753 9.1194 1.4512 33.4955 -3.6393 1.7129
Car -1 -1 -4.0892 797.6589 169.0693 902.7123 211.6458 1.5346 1.6860 4.2872 9.3017 1.3979 27.9514 -3.7715 1.0891
Car -1 -1 -4.6435 515.1204 171.7985 558.3886 212.4476 1.7230 1.6620 4.2730 -3.3015 1.6780 32.7457 -4.7437 0.4798
Car -1 -1 -4.5742 528.9410 178.7099 570.1354 207.8421 1.4344 1.6391 4.1028 -3.2045 1.7633 38.4621 -4.6573 0.0713
Car -1 -1 -7.6173 1227.6399 160.9248 1241.0000 221.0139 1.4251 1.6148 3.8563 17.8030 1.1419 18.8505 -6.8684 -1.7592
Car -1 -1 -8.0592 526.2995 174.4431 564.7668 200.0189 1.5748 1.6670 4.1850 -4.2753 1.6829 46.9515 -8.1500 -2.2610
Car -1 -1 -3.9902 1065.9766 160.5650 1194.1605 204.9562 1.4825 1.6079 3.7115 18.1608 1.0718 25.3049 -3.3734 -2.2833
Car -1 -1 -3.7440 192.2412 197.0876 283.7186 229.4402 1.5148 1.7169 4.2093 -20.2758 2.9147 39.4287 -4.2165 -2.6585
Car -1 -1 -3.0197 223.5253 196.4157 318.3188 231.1223 1.4727 1.6217 3.8517 -15.8523 2.6218 33.8354 -3.4552 -2.7652
Car -1 -1 -4.5367 482.7708 163.7054 552.3062 220.8853 1.9829 1.8232 4.6564 -3.4460 1.6654 27.3939 -4.6613 -2.8284
Car -1 -1 -4.6775 635.2696 173.7732 662.4509 198.7597 1.6050 1.6904 4.2229 2.6279 1.6695 48.6863 -4.6244 -3.1704
Car -1 -1 -3.3029 1062.5499 161.8788 1241.0000 220.8758 1.4809 1.6478 4.1528 14.8908 1.2051 19.7958 -2.6653 -3.3237
Car -1 -1 -4.7734 434.6721 180.1456 468.9708 209.7626 1.5072 1.6078 3.9746 -8.8250 1.9316 39.8997 -4.9901 -4.0479
Car -1 -1 -6.3009 665.5696 176.5644 719.2577 193.3813 1.4948 1.5850 4.7918 7.4462 1.8371 65.5981 -6.1888 -4.2182
Car -1 -1 -8.0660 551.9599 175.6934 600.7204 207.2020 1.4871 1.6483 4.0262 -1.8058 1.6393 36.6014 -8.1154 -4.3809
Car -1 -1 -4.4918 261.4575 193.4732 305.8973 222.7679 1.5191 1.5811 3.7499 -19.0690 2.7823 42.2192 -4.9140 -4.6172
Car -1 -1 -3.5556 1123.0709 125.5523 1241.0000 170.3061 1.6332 1.6611 4.5275 22.7434 -0.1037 27.8855 -2.8763 -5.1567
Car -1 -1 -3.5946 64.3734 201.8386 145.3585 231.3327 1.5244 1.5142 3.6756 -30.1719 3.3366 43.1456 -4.2022 -5.6124
Car -1 -1 -6.4788 1231.1738 117.7907 1241.0000 167.6425 1.4600 1.5601 3.5081 22.2480 -0.1784 23.0643 -5.7174 -6.1162
