Car -1 -1 -6.1687 589.0875 181.1342 677.2277 211.9457 1.4374 1.6438 4.1604 1.1260 1.8558 35.3746 -6.1378 -0.4401
Car -1 -1 -4.7285 683.6808 174.1178 707.8929 198.3039 1.7035 1.6935 4.4193 6.2742 1.8006 53.3421 -4.6125 -0.5381
Car -1 -1 -2.2009 544.6280 177.3610 595.6865 201.1241 1.5671 1.6156 3.8120 -2.8443 1.8936 50.3231 -2.2575 -1.3098
Car -1 -1 -4.9598 660.2081 176.0052 692.2074 197.8105 1.6312 1.6252 3.7204 5.1196 1.8862 56.5084 -4.8704 -2.0959
Car -1 -1 -4.8884 853.1193 178.4067 897.9227 209.4514 1.4455 1.5451 3.1560 13.1129 1.7343 35.8851 -4.5412 -2.4392
Car -1 -1 -4.4569 0.0000 175.9485 49.2889 214.0601 1.7182 1.7008 4.3423 -29.0955 1.8790 35.2361 -5.1436 -2.8097
Car -1 -1 -8.1808 817.2318 178.9648 866.2480 205.8517 1.4364 1.5560 3.6680 13.1460 1.8010 41.2384 -7.8747 -2.8352
Car -1 -1 -5.6931 494.6997 178.5173 568.7861 208.6690 1.5023 1.5105 3.6604 -4.1735 1.8125 38.0370 -5.8021 -2.8696
Car -1 -1 -8.2664 654.9525 177.4091 711.0649 205.7668 1.5541 1.6483 4.4310 4.2088 1.8380 42.6628 -8.1692 -3.7767
Car -1 -1 -3.2630 645.3583 178.1546 705.2916 200.0019 1.4925 1.6349 4.0144 4.5191 1.8704 50.6042 -3.1749 -3.8768
Car -1 -1 -6.3287 878.6638 183.6043 959.0137 214.1052 1.5209 1.6566 3.8534 16.3339 2.1148 38.4390 -5.9303 -3.8832
Car -1 -1 -5.1209 362.9728 184.9030 411.8900 208.7149 1.4907 1.6606 4.2303 -15.3339 2.3527 49.4896 -5.4203 -3.9127
Car -1 -1 -5.2668 215.6658 182.4813 271.3862 207.6870 1.6787 1.6636 4.0078 -26.0224 2.3843 51.1483 -5.7356 -3.9415
Car -1 -1 -4.8252 301.7389 183.9585 335.5487 209.2222 1.4989 1.6021 3.9033 -18.9424 2.2503 46.7497 -5.2085 -4.0399
Car -1 -1 -4.6780 414.7385 179.6262 445.5687 205.7919 1.5517 1.7696 4.0290 -11.4679 2.0038 46.0569 -4.9210 -4.0887
Car -1 -1 -3.4438 688.4919 173.1861 755.7956 196.3554 1.6143 1.7220 4.4329 7.9478 1.6382 51.4898 -3.2919 -4.1152
Car -1 -1 -4.7764 903.5495 179.5638 925.7163 197.1702 1.5603 1.6509 4.0279 28.5587 2.2104 67.7709 -4.3796 -4.2623
Car -1 -1 -7.4788 0.0000 182.6169 41.1557 222.0758 1.4583 1.5935 3.6297 -25.1257 1.8854 29.6166 -8.1780 -4.2665
Car -1 -1 -4.1830 327.8383 183.6227 376.5220 207.1566 1.5035 1.5458 3.6163 -17.7628 2.2748 49.7764 -4.5244 -4.3152
Car -1 -1 -3.7343 642.2816 178.5884 701.4948 203.4826 1.5188 1.5883 3.4936 3.9417 1.8985 46.2759 -3.6503 -4.3619
Car -1 -1 -2.0712 167.7612 176.8862 226.3102 203.0659 1.6916 1.7061 4.0759 -28.0734 1.9750 48.9697 -2.5896 -4.3795
Car -1 -1 -5.1484 435.7153 181.0234 479.4327 203.4808 1.5678 1.6337 4.0704 -11.4772 2.2032 54.0288 -5.3571 -4.4699
Car -1 -1 -4.6992 586.9479 175.2042 603.3701 191.7618 1.5096 1.5055 3.4920 -1.4001 1.7366 68.0353 -4.7201 -4.5318
Car -1 -1 -5.6477 134.6523 182.5446 218.0948 209.6043 1.5905 1.6932 4.2001 -26.5645 2.1980 44.2054 -6.1864 -4.5583
Car -1 -1 -4.7041 269.4348 182.7653 290.7193 202.9634 1.5043 1.5010 3.5516 -26.3222 2.3211 57.5564 -5.1316 -4.5867
Car -1 -1 -2.5013 274.8015 181.9986 367.2913 219.5446 1.5859 1.6514 3.5726 -12.9761 2.0116 32.3502 -2.8803 -4.8400
Car -1 -1 -4.7433 682.3281 174.6471 707.8658 200.0266 1.6237 1.5734 3.7536 5.6379 1.7484 48.3706 -4.6284 -4.9674
Car -1 -1 -5.0288 335.0479 181.3056 395.1660 210.4612 1.3815 1.7591 4.1680 -12.8670 1.8479 37.6553 -5.3563 -5.2534
Car -1 -1 -5.0890 721.5162 173.3004 760.0651 194.7365 1.5893 1.6675 3.6999 9.9985 1.6246 55.5575 -4.9122 -5.2900
Car -1 -1 -2.5438 284.0497 183.7455 347.4383 207.7447 1.5476 1.7388 3.6281 -19.9454 2.3037 48.8787 -2.9296 -5.3027
Car -1 -1 -7.9780 399.1281 177.9362 426.1808 199.3401 1.8664 1.8260 4.8412 -18.3085 2.3544 66.7321 -8.2450 -5.3869
Car -1 -1 -4.5947 414.9395 182.5558 442.3340 202.9619 1.5274 1.6784 4.0161 -14.5913 2.3366 58.1027 -4.8400 -5.5501
Car -1 -1 -4.8057 523.9188 177.5629 546.0901 193.0417 1.3308 1.6012 4.3995 -6.8873 1.7747 65.7555 -4.9100 -5.5633
Car -1 -1 -4.5869 518.5808 177.4635 545.5573 200.4880 1.8523 1.7504 4.2707 -6.5799 2.2558 61.0575 -4.6942 -5.6540
Car -1 -1 -6.7425 0.0000 151.1358 154.1852 374.0000 1.6527 1.8135 4.2920 -4.4733 1.6297 3.0245 -7.6775 -5.7059
Car -1 -1 -4.5539 612.9498 177.1567 646.5575 198.8659 1.4079 1.6675 4.3354 1.3828 1.7193 49.9838 -4.5268 -5.7432
Car -1 -1 -4.7434 612.3264 176.2424 631.9346 192.7224 1.3622 1.5670 4.0005 0.9994 1.6648 62.4809 -4.7279 -5.8358
Car -1 -1 -4.7416 362.3391 181.1758 383.8599 200.2682 1.4902 1.5923 4.1898 -19.9179 2.2136 60.5106 -5.0586 -5.8424
Car -1 -1 -4.5477 413.4308 179.1183 445.2896 200.0583 1.4265 1.6149 3.9683 -13.1080 1.8990 52.4175 -4.7919 -5.8867
Car -1 -1 -4.7685 634.4107 175.9436 655.3576 192.3686 1.3691 1.5964 3.9447 2.9871 1.6464 62.8662 -4.7216 -5.8867
Car -1 -1 -4.5925 614.0038 176.2414 641.3056 195.5004 1.3800 1.6106 3.8861 1.3378 1.6450 54.4589 -4.5685 -5.8867
Car -1 -1 -4.5494 383.2826 181.1286 416.5729 203.0401 1.4491 1.6236 4.1767 -14.9827 2.0646 51.5278 -4.8313 -5.9279
Car -1 -1 -4.3951 402.1036 181.5939 446.4905 205.8159 1.5096 1.6759 4.1783 -12.4918 2.1245 48.6526 -4.6455 -6.1282
Car -1 -1 -8.2444 1009.1304 86.5591 1241.0000 374.0000 1.4326 1.6469 3.7626 2.7255 1.3513 2.7258 -7.5114 -6.1939
Car -1 -1 -7.7679 1162.1969 111.9299 1241.0000 374.0000 1.8047 2.0250 5.0629 5.3825 1.6350 4.3049 -6.9053 -6.8135
