Car -1 -1 -4.3071 46.5158 190.7543 126.9511 228.5399 1.5185 1.6661 3.5857 -23.6891 2.3787 32.7554 -4.9296 -2.6642
Car -1 -1 -7.3395 399.2833 177.0562 439.3084 198.5298 1.9828 1.7698 4.4918 -18.4556 2.4039 69.9583 -7.5969 -2.8150
Car -1 -1 -7.9832 959.4045 171.3400 1015.3066 208.0540 1.4866 1.6119 4.0950 16.3018 1.4250 31.4156 -7.5087 -3.3423
Car -1 -1 -5.1061 795.6866 180.6817 848.8084 208.6591 1.4911 1.5977 3.7554 12.1071 1.9623 41.5057 -4.8247 -3.3621
Car -1 -1 -5.4512 715.8923 175.8481 762.4871 197.0112 1.6280 1.5866 3.7318 10.3337 1.8770 58.0716 -5.2764 -3.5527
Car -1 -1 -6.1693 884.6241 182.9431 966.3831 214.2759 1.4573 1.4830 3.6069 15.7275 1.9832 36.0927 -5.7619 -3.5764
Car -1 -1 -4.3947 383.7805 178.3788 426.3727 202.3401 1.5732 1.5945 4.3373 -14.3364 1.9772 50.5902 -4.6699 -3.6544
Car -1 -1 -7.2879 0.0000 156.0786 27.9669 184.5210 1.4761 1.6267 3.8593 -34.0424 0.6052 39.4719 -7.9963 -3.7649
Car -1 -1 -7.7159 0.0000 195.1985 8.6987 252.8759 1.4605 1.6192 3.7861 -19.5824 2.2000 21.8640 -8.4404 -3.8125
Car -1 -1 -4.6888 620.9329 176.3986 643.5294 198.9861 1.5612 1.5570 3.4955 1.6053 1.8262 52.2194 -4.6587 -4.0737
Car -1 -1 -4.6530 642.3743 176.7704 662.2151 192.7130 1.4750 1.6822 4.1424 4.1090 1.8662 69.9714 -4.5949 -4.1675
Car -1 -1 -4.3543 709.1926 177.2871 755.9621 202.8362 1.5540 1.6719 4.0880 7.9666 1.8549 46.8348 -4.1873 -4.1751
Car -1 -1 -7.7697 0.0000 185.9708 20.3108 223.5199 1.5429 1.6878 3.4992 -28.1642 2.1755 32.9002 -8.4738 -4.4410
Car -1 -1 -4.8998 769.0355 176.6581 816.7081 206.7215 1.5331 1.7402 4.3022 9.9127 1.7529 39.5477 -4.6565 -4.4536
Car -1 -1 -4.6098 774.4484 174.1805 807.7197 201.2162 1.5833 1.6149 3.8610 11.1815 1.6688 44.5509 -4.3659 -4.6810
Car -1 -1 -5.2162 366.8891 182.8248 441.6818 213.7734 1.3968 1.7663 4.2354 -10.3662 1.9241 36.0585 -5.4946 -4.6857
Car -1 -1 -4.6847 902.1400 175.0236 932.6580 202.6521 1.5168 1.5427 3.6653 17.8478 1.6485 41.9119 -4.2851 -4.6917
Car -1 -1 -7.5094 325.0527 181.2830 405.2542 220.4069 1.4599 1.7640 4.4295 -10.1429 1.8376 30.1207 -7.8320 -4.7671
Car -1 -1 -2.4928 409.3831 179.1487 459.1223 199.5405 1.5642 1.6505 3.6015 -14.0874 2.0804 57.7313 -2.7314 -4.8964
Car -1 -1 -4.9336 373.0548 179.7303 402.8156 199.4803 1.6464 1.6617 4.0775 -19.7025 2.2754 63.8516 -5.2321 -4.9119
Car -1 -1 -5.1414 773.1783 175.9322 813.9313 196.1634 1.5151 1.6239 3.8890 14.3522 1.7656 56.7213 -4.8952 -4.9720
Car -1 -1 -4.8936 452.4118 178.8435 494.2958 204.1257 1.4328 1.7404 4.5356 -8.5094 1.8219 44.4718 -5.0820 -5.0335
Car -1 -1 -4.7080 709.6233 177.3513 733.1483 198.4384 1.4589 1.6432 4.2741 8.1717 1.8036 53.1124 -4.5566 -5.1404
Car -1 -1 -4.8068 695.2267 178.2452 731.9277 208.2129 1.6208 1.7074 4.1677 5.9252 1.9494 41.9062 -4.6679 -5.3569
Car -1 -1 -7.8636 879.2640 171.3742 910.3190 201.6778 1.7154 1.6467 3.7280 16.8539 1.6314 42.8802 -7.4918 -5.4652
Car -1 -1 -4.5545 472.9666 179.1992 501.3026 197.2861 1.3961 1.6415 4.3099 -10.0941 1.9370 59.3759 -4.7225 -5.4712
Car -1 -1 -4.9333 659.9382 176.4749 691.8331 194.9918 1.3820 1.6128 4.2023 5.1244 1.6782 56.8975 -4.8443 -5.4944
Car -1 -1 -4.3281 153.4020 182.5161 199.6203 205.6503 1.5055 1.5083 3.6498 -30.2963 2.2069 50.4780 -4.8666 -5.5346
Car -1 -1 -4.9226 498.8339 180.5704 524.8816 196.8406 1.4431 1.6101 4.1477 -9.3452 2.1974 68.3324 -5.0584 -5.5367
Car -1 -1 -5.2537 598.4259 176.9241 638.9759 194.3268 1.4322 1.6372 4.0914 0.6928 1.7972 62.5807 -5.2431 -5.5415
Car -1 -1 -5.1387 575.4370 178.7635 611.0584 199.4735 1.6941 1.6804 3.7143 -1.5010 2.2201 62.2220 -5.1632 -5.5467
Car -1 -1 -4.7797 392.8803 185.0741 425.9063 211.7224 1.4008 1.5789 4.2162 -11.8210 2.1541 42.2447 -5.0514 -5.5468
Car -1 -1 -4.3497 427.3297 181.1637 469.5971 205.4338 1.5499 1.5866 3.7787 -11.0447 2.1416 49.4206 -4.5689 -5.5509
Car -1 -1 -3.7439 325.7325 177.6967 388.1750 201.9229 1.6277 1.5713 4.0128 -18.0051 1.9863 51.3945 -4.0796 -5.5987
Car -1 -1 -4.8314 669.4077 179.2742 706.4641 204.0878 1.3961 1.7212 4.3616 4.6535 1.8062 43.9250 -4.7270 -5.6485
Car -1 -1 -5.1275 659.8907 176.7657 704.1545 197.4408 1.4040 1.6408 4.1315 5.1133 1.6979 52.0547 -5.0305 -5.7025
Car -1 -1 -7.2805 866.2045 250.0426 1241.0000 374.0000 1.6436 1.8721 4.1174 3.6122 2.1922 3.6899 -6.5473 -5.7088
Car -1 -1 -4.5077 587.2293 176.9954 616.8026 195.5299 1.4008 1.5823 4.0044 -0.6272 1.7432 57.5955 -4.5189 -5.7826
Car -1 -1 -4.7830 671.9856 176.0851 693.5822 192.6760 1.3727 1.5741 4.0065 6.2516 1.6614 62.5126 -4.6841 -5.7840
Car -1 -1 -4.5519 458.6284 178.2088 492.0427 201.3927 1.4740 1.6076 3.9651 -9.0935 1.8507 48.7982 -4.7355 -5.8154
Car -1 -1 -4.6318 423.1315 179.0050 456.8857 206.8168 1.5578 1.6547 4.0949 -10.2367 1.9467 43.5126 -4.8619 -5.8211
Car -1 -1 -4.8138 493.0790 178.8888 520.3187 199.4639 1.4384 1.5936 4.2158 -7.7943 1.9084 53.9935 -4.9568 -5.8311
Car -1 -1 -4.7919 686.5300 176.2252 712.7911 196.8977 1.4605 1.6174 3.9560 6.5998 1.7202 53.6427 -4.6705 -5.8332
Car -1 -1 -4.6113 663.6631 176.2248 693.2264 198.9805 1.4394 1.5799 4.0498 4.5975 1.6753 48.4137 -4.5176 -5.8406
Car -1 -1 -5.1142 658.5015 181.6332 717.2755 209.7502 1.4221 1.7154 4.2496 4.2298 1.9387 40.2029 -5.0107 -5.8561
Car -1 -1 -4.5141 492.3470 179.9617 519.8757 197.8503 1.4664 1.6053 4.0676 -9.0383 2.1059 62.8717 -4.6567 -5.8699
Car -1 -1 -4.6695 492.6215 178.2743 514.9346 197.3748 1.4700 1.6294 4.0056 -8.6482 1.9269 58.7846 -4.8153 -5.8748
Car -1 -1 -4.8187 687.6465 175.6263 710.2622 191.7778 1.3661 1.5662 3.9060 7.7952 1.6180 63.6683 -4.6978 -5.8867
Car -1 -1 -4.6785 1046.2089 173.0222 1068.7512 189.6936 1.4952 1.6514 3.9992 41.4736 1.5110 66.8779 -4.1257 -5.8867
Car -1 -1 -4.7000 603.0250 176.4619 620.5153 191.8841 1.3597 1.5646 3.9025 0.1638 1.7017 66.4944 -4.6979 -5.8867
Car -1 -1 -4.7039 1068.9098 173.4738 1091.7727 190.9652 1.4881 1.6450 3.9937 41.4759 1.5443 63.6538 -4.1288 -5.8867
Car -1 -1 -4.5698 507.1160 178.2231 532.8469 196.0446 1.4052 1.5871 3.9044 -7.4821 1.8664 60.0451 -4.6936 -5.8867
Car -1 -1 -4.5089 454.7218 179.3875 488.1727 200.7270 1.4318 1.5865 3.9332 -9.8941 1.9167 51.6018 -4.6977 -5.8867
Car -1 -1 -7.1465 51.5161 0.0000 1241.0000 374.0000 1.5399 1.5894 3.8037 -1.2985 1.6034 1.0049 -7.9394 -5.8867
Car -1 -1 -4.7566 624.7998 174.5270 650.6658 198.6673 1.8299 1.8414 4.5714 2.1345 1.9678 57.3041 -4.7200 -6.0557
Car -1 -1 -4.6847 776.0876 177.6266 793.8408 193.8031 1.5062 1.5855 3.8849 17.0947 1.9859 70.4915 -4.4481 -6.1297
Car -1 -1 -4.6043 758.1224 182.8088 789.6287 208.5840 1.3928 1.4593 3.2656 9.5644 1.9985 42.1461 -4.3832 -6.4274
Car -1 -1 -2.6704 434.2273 175.6201 488.3433 198.8386 2.0549 1.7761 4.5085 -13.5451 2.3119 65.6585 -2.8734 -7.0739
