Car -1 -1 -4.9472 710.7941 186.9129 740.7432 209.3910 1.5293 1.5283 2.8041 8.3449 2.5779 52.3712 -4.7906 -0.6951
Car -1 -1 -2.9552 300.3472 187.8277 367.1649 213.3847 1.5959 1.6410 3.8752 -18.1857 2.6063 47.5527 -3.3189 -2.1101
Car -1 -1 -4.3967 57.0331 197.3903 129.3262 234.8122 1.4944 1.5999 3.8886 -24.0419 2.7097 33.6535 -5.0135 -2.1445
Car -1 -1 -4.2998 214.5695 192.2328 279.7267 224.4312 1.4876 1.6537 3.7608 -18.8433 2.5477 37.5646 -4.7622 -2.4267
Car -1 -1 -4.9706 689.1728 176.6030 731.3699 204.0625 1.6029 1.6098 4.0074 6.1324 1.8461 44.7757 -4.8359 -2.5987
Car -1 -1 -4.6186 729.0162 176.2143 758.0179 199.8395 1.4819 1.5309 4.0905 8.8949 1.7156 48.0552 -4.4371 -2.6892
Car -1 -1 -7.4959 191.2553 193.2756 250.3448 223.1135 1.3817 1.4958 3.8205 -20.5259 2.5170 38.1321 -7.9871 -2.7187
Car -1 -1 -4.4901 902.6381 183.9371 940.0701 207.6620 1.5268 1.6226 3.7299 21.6899 2.3292 50.2754 -4.0855 -2.9926
Car -1 -1 -4.7387 1220.5846 167.8303 1241.0000 191.9623 1.5036 1.6314 3.8166 40.8069 1.1903 46.9494 -4.0265 -3.0727
Car -1 -1 -5.4866 708.4451 182.2226 779.8699 210.5736 1.5150 1.6417 4.1818 7.7463 2.0910 42.1965 -5.3069 -3.1515
Car -1 -1 -8.1299 465.9696 178.9963 503.7473 203.6393 1.5282 1.5718 3.4446 -8.3170 1.9490 47.5800 -8.3024 -3.4664
Car -1 -1 -4.5776 80.1244 176.9353 117.9515 199.4579 1.5783 1.7010 4.5311 -38.0898 1.8961 53.8347 -5.1911 -3.7323
Car -1 -1 -8.0901 608.4255 183.8172 643.1823 210.3443 1.9838 1.8510 4.2256 1.2008 2.9006 58.0920 -8.0702 -3.7716
Car -1 -1 -3.1974 631.1863 175.6936 698.2119 203.2249 1.7439 1.7047 4.2395 3.4712 1.9312 46.7771 -3.1243 -3.8088
Car -1 -1 -4.7392 173.1107 192.2341 210.7718 223.9331 1.4528 1.6048 4.0414 -21.9917 2.5261 37.8300 -5.2630 -3.9512
Car -1 -1 -4.6083 839.6846 171.5557 873.5122 197.6878 1.5719 1.6454 3.7532 15.5309 1.4935 45.4502 -4.2814 -4.0996
Car -1 -1 -4.7468 77.0558 172.3108 106.8742 194.4644 1.6856 1.7827 3.9941 -40.9910 1.6440 57.0257 -5.3680 -4.1262
Car -1 -1 -5.4868 928.0001 174.6084 986.6257 197.9979 1.5432 1.5975 3.5751 23.9045 1.6688 49.8481 -5.0423 -4.6351
Car -1 -1 -4.5885 376.2013 190.0644 440.6297 240.6705 1.4113 1.5358 4.0221 -6.5618 2.0253 23.6516 -4.8569 -4.6947
Car -1 -1 -3.9164 910.8570 176.6799 986.3391 204.7577 1.5537 1.5547 4.0152 19.5336 1.7820 41.7105 -3.4815 -4.6984
Car -1 -1 -8.1502 438.8900 193.5977 493.7130 228.7321 1.4839 1.6322 3.4814 -6.9874 2.5353 34.6609 -8.3482 -4.7754
Car -1 -1 -5.4877 1156.2008 165.8027 1234.9894 192.5668 1.6577 1.6470 3.9674 37.8022 1.2207 46.7465 -4.8110 -4.8020
Car -1 -1 -4.4238 715.4420 180.3636 753.9716 205.8809 1.4972 1.5035 3.3193 7.8134 1.9866 45.2288 -4.2544 -4.9275
Car -1 -1 -4.6502 1.2727 181.0129 36.8070 205.5829 1.5679 1.6341 3.9791 -40.5444 2.1513 49.5270 -5.3337 -4.9397
Car -1 -1 -8.2770 716.4592 177.6452 774.9287 212.0453 1.6707 1.6901 3.4820 6.9458 1.9317 37.4629 -8.0956 -4.9949
Car -1 -1 -3.0431 277.3598 189.0614 477.6841 270.5334 1.4609 1.5329 3.6561 -4.5885 1.8115 14.5035 -3.3450 -4.9982
Car -1 -1 -8.1445 1004.9636 157.4781 1050.3757 182.7257 1.7872 1.7640 4.1815 30.7609 0.6985 53.3132 -7.6237 -5.1968
Car -1 -1 -2.7479 134.4295 189.6102 301.6187 243.2615 1.4841 1.6395 4.0841 -11.6686 2.0091 21.6051 -3.2383 -5.3025
Car -1 -1 -6.2878 451.8501 184.6837 582.6816 232.9604 1.4255 1.6229 3.9734 -2.9717 1.8181 22.8960 -6.4162 -5.3447
Car -1 -1 -7.3302 1241.0000 162.7905 1241.0000 188.5244 1.5227 1.7589 4.3296 41.2021 0.9269 44.1735 -6.5830 -5.4622
Car -1 -1 -2.3649 243.9469 190.7594 305.6422 216.1345 1.5183 1.7266 3.3613 -21.6247 2.7061 46.4977 -2.7983 -5.5041
Car -1 -1 -4.5626 48.3101 194.8089 100.1364 227.0826 1.5040 1.6352 4.0664 -28.7490 2.7497 38.7702 -5.1975 -5.7431
Car -1 -1 -4.2505 395.7259 183.2935 459.6275 215.9987 1.5613 1.6638 3.9509 -9.5382 2.1399 37.8993 -4.4958 -5.8645
Car -1 -1 -7.6529 71.0123 166.4201 121.8855 202.1096 2.1022 1.6845 4.6045 -31.9397 1.7230 44.9476 -8.2681 -5.8677
Car -1 -1 -4.6766 376.4237 181.9169 411.2975 214.6680 1.5946 1.6345 3.8371 -11.4721 2.1017 38.3341 -4.9659 -5.8714
Car -1 -1 -4.9138 1241.0000 167.1225 1241.0000 193.8779 1.4469 1.6325 3.9882 41.4722 1.1366 41.1325 -4.1281 -5.8867
Car -1 -1 -4.9520 1241.0000 166.2476 1241.0000 196.2630 1.4890 1.6469 4.0011 41.4676 1.1610 37.9156 -4.1259 -5.8867
Car -1 -1 -4.6855 34.1218 178.1879 64.9361 199.1532 1.4463 1.6695 4.1989 -41.2120 1.8546 53.0773 -5.3434 -5.8867
Car -1 -1 -4.8017 1181.5562 161.4035 1218.3885 182.1452 1.3994 1.6386 4.0211 41.4578 0.6266 50.8074 -4.1202 -5.8867
Car -1 -1 -6.9844 1105.2484 178.0457 1241.0000 231.2321 1.5903 1.6848 4.4346 18.2782 1.7595 22.6575 -6.3124 -5.9917
Car -1 -1 -7.1992 1235.5927 177.1471 1241.0000 305.5330 1.5461 1.6529 4.3027 11.1732 1.6097 9.7467 -6.3611 -6.2195
Car -1 -1 -4.5618 51.2432 175.5328 86.3031 195.3115 1.4489 1.5960 3.8103 -41.5871 1.6622 55.4708 -5.2029 -6.2916
Car -1 -1 -8.0092 620.4537 189.3446 651.0073 215.1174 1.7514 1.7439 3.3206 1.8287 3.0032 53.0308 -7.9756 -6.4098
