Car -1 -1 -4.1777 677.1167 186.6021 735.3507 222.8693 1.7641 1.7470 3.0487 5.0764 2.5239 38.1537 -4.0472 -0.1588
Car -1 -1 -4.5757 757.9099 179.3429 780.3938 196.8324 1.5735 1.5796 3.8736 15.1254 2.2085 68.5559 -4.3599 -1.3685
Car -1 -1 -5.7990 979.2140 185.7543 1104.0542 228.5069 1.5096 1.6229 3.9856 17.1213 2.0635 28.8779 -5.2689 -1.8173
Car -1 -1 -2.4860 0.0000 191.7908 44.3525 227.2718 1.6030 1.6568 4.0346 -29.8125 2.5334 34.5293 -3.1945 -1.8294
Car -1 -1 -4.2667 571.8024 181.3367 616.9600 206.2854 1.4845 1.5138 3.5374 -0.9926 2.0495 46.1643 -4.2886 -1.8592
Car -1 -1 -5.2983 989.8998 186.7236 1056.1360 215.0495 1.5119 1.5944 3.6571 24.0582 2.3596 42.2346 -4.7841 -2.1985
Car -1 -1 -4.6795 107.5077 179.8423 147.5498 213.1208 1.6866 1.6851 4.1182 -26.5136 2.0919 39.6855 -5.2656 -2.3187
Car -1 -1 -7.4048 101.3769 181.7781 181.1137 218.8929 1.5906 1.5924 3.9142 -21.9805 2.0354 33.9435 -7.9761 -2.3229
Car -1 -1 -2.1075 0.0000 190.1191 77.7113 225.7523 1.6180 1.7427 4.1011 -28.7398 2.5111 35.7948 -2.7806 -2.6950
Car -1 -1 -2.2310 48.1484 186.8482 138.1447 221.5188 1.6082 1.6661 3.7991 -25.7391 2.3302 35.8980 -2.8497 -3.5416
Car -1 -1 -4.2594 626.0197 172.7425 668.2297 194.9556 1.6817 1.6846 4.1337 2.9383 1.6730 56.8427 -4.2084 -3.6307
Car -1 -1 -2.6165 152.1018 187.2171 268.1159 225.0182 1.4767 1.6166 3.8920 -16.4361 2.0843 29.6875 -3.1186 -4.0084
Car -1 -1 -4.5803 362.2487 181.2532 397.6772 207.8134 1.5421 1.6683 3.3415 -14.2789 2.0844 44.8163 -4.8874 -4.0288
Car -1 -1 -8.0976 568.9620 168.6727 602.7363 190.6895 1.6898 1.7533 4.0859 -1.9948 1.3686 57.5847 -8.1324 -4.0738
Car -1 -1 -5.6290 913.7654 186.9801 1013.0810 224.1736 1.4293 1.5294 3.6792 15.1616 2.0792 31.2234 -5.1813 -4.4341
Car -1 -1 -2.1924 11.0503 187.5935 121.5645 227.1530 1.5243 1.6197 4.1034 -22.8120 2.1700 30.2314 -2.8348 -4.4963
Car -1 -1 -4.7433 1172.5984 179.0080 1241.0000 235.8174 1.6481 1.6692 3.8722 19.3001 1.8650 23.4217 -4.0608 -4.5241
Car -1 -1 -4.1958 0.0000 183.0605 68.8008 222.6844 1.5425 1.5103 3.5083 -25.0687 2.0054 30.8945 -4.8734 -4.5767
Car -1 -1 -4.7745 1222.8270 175.3730 1241.0000 201.1715 1.5901 1.5696 3.8093 40.9166 1.7603 46.8502 -4.0600 -4.6419
Car -1 -1 -4.8108 880.1805 187.6196 914.5679 213.7346 1.5246 1.6462 4.3044 18.6369 2.5334 47.0148 -4.4361 -4.7147
Car -1 -1 -4.8223 1202.0189 177.5299 1241.0000 204.7471 1.5946 1.7017 4.4302 38.5742 1.9034 45.3832 -4.1214 -4.7389
Car -1 -1 -2.2713 47.0657 191.5848 130.1814 223.0092 1.5291 1.6274 3.5518 -27.3273 2.5417 37.7926 -2.8942 -4.7587
Car -1 -1 -7.8526 208.9005 180.5976 251.0995 219.8192 1.5898 1.5735 3.6839 -16.8950 1.9548 32.0330 -8.3348 -4.8146
Car -1 -1 -6.2951 385.8636 173.5432 457.3307 200.3073 1.6280 1.7180 4.2678 -11.8590 1.6723 45.3517 -6.5498 -4.9438
Car -1 -1 -4.7067 1233.0146 182.5281 1241.0000 239.3495 1.5409 1.6720 4.1376 20.4453 1.8686 22.3717 -3.9733 -5.0002
Car -1 -1 -4.9069 1178.7838 191.8221 1231.2865 219.3987 1.4537 1.6891 3.7979 35.3181 2.6373 42.9617 -4.2228 -5.0489
Car -1 -1 -4.8279 851.3091 184.2057 886.5159 209.9220 1.5579 1.7130 4.1558 17.0958 2.3458 47.8849 -4.4875 -5.4711
Car -1 -1 -4.8276 1241.0000 173.8662 1241.0000 199.3417 1.5130 1.6893 4.1730 41.4734 1.5792 45.2135 -4.0889 -5.5126
Car -1 -1 -7.7379 800.3140 182.6170 835.8596 211.6320 1.5832 1.6105 3.7695 12.3423 2.1897 42.7994 -7.4596 -5.7376
Car -1 -1 -4.8261 1199.7950 175.7825 1240.2333 200.4968 1.5993 1.6593 3.8947 41.5628 1.8074 49.2683 -4.1287 -5.7627
Car -1 -1 -5.0174 1156.0287 176.3949 1209.8767 201.5229 1.5867 1.6669 4.0593 38.2968 1.8345 48.3726 -4.3511 -5.7828
Car -1 -1 -5.0403 1093.4409 177.3813 1161.1886 209.4825 1.5626 1.6723 3.9872 27.0173 1.8135 37.8781 -4.4248 -5.8380
Car -1 -1 -4.8323 888.1398 182.7967 919.0974 205.8381 1.5979 1.6741 3.8987 21.8797 2.3699 53.9496 -4.4494 -5.8402
Car -1 -1 -8.4288 0.0000 0.0000 949.0472 374.0000 1.5600 1.5951 3.8105 0.7002 1.6527 0.9958 -7.9397 -5.8867
Car -1 -1 -4.9614 1241.0000 165.5634 1241.0000 196.6020 1.5050 1.6539 4.0080 41.4669 1.1512 37.1127 -4.1247 -5.8867
Car -1 -1 -5.9099 0.0000 0.0000 1241.0000 374.0000 1.5178 1.6104 3.9627 5.3711 1.5438 1.7165 -4.6976 -5.8867
Car -1 -1 -5.6699 0.0000 0.0000 1241.0000 374.0000 1.5337 1.6161 3.9709 2.9593 1.6173 1.7173 -4.6976 -5.8867
Car -1 -1 -6.7852 0.0000 0.0000 1241.0000 374.0000 1.5524 1.5899 3.8059 -2.9049 1.6723 1.0042 -7.9390 -5.8867
Car -1 -1 -4.7047 1066.1185 173.3887 1088.7773 190.7394 1.4861 1.6437 3.9921 41.4760 1.5348 64.0501 -4.1324 -5.8867
Car -1 -1 -4.8020 1173.1704 170.9755 1209.2371 192.4609 1.4731 1.6402 3.9917 41.4717 1.3440 51.5889 -4.1279 -5.8867
Car -1 -1 -4.9229 1241.0000 169.8121 1241.0000 197.8088 1.4977 1.6456 3.9913 41.4714 1.3347 40.7187 -4.1322 -5.8867
Car -1 -1 -7.1454 50.9160 0.0000 1241.0000 374.0000 1.5572 1.5947 3.8083 -1.2980 1.6649 1.0021 -7.9391 -5.8867
Car -1 -1 -4.8951 1241.0000 171.6304 1241.0000 198.5548 1.5299 1.6596 4.0027 41.4734 1.4601 43.1285 -4.1330 -5.8867
Car -1 -1 -4.8570 837.6481 182.2349 875.1282 208.6817 1.5396 1.6776 3.8885 15.4600 2.1581 45.5315 -4.5322 -5.8867
Car -1 -1 -4.5824 651.7844 181.4610 699.8105 219.8047 1.5331 1.6214 3.9587 2.9251 1.9386 31.9049 -4.4925 -5.8867
Car -1 -1 -6.6732 0.0000 186.4115 73.4113 374.0000 1.4927 1.6801 3.8611 -4.9179 1.5907 3.1632 -7.6335 -6.1984
Car -1 -1 -8.1524 1122.9084 173.2117 1211.1411 214.2127 1.7397 1.9050 4.6022 25.3950 1.7570 33.1466 -7.5034 -6.3304
Car -1 -1 -4.7910 679.7260 172.4404 704.1581 199.2303 1.9899 1.5887 3.4259 6.2261 1.9589 55.3325 -4.6800 -7.1831
