Car -1 -1 -4.6423 672.8254 180.4372 698.9666 202.7704 1.5442 1.6518 4.0939 5.6336 2.1291 53.5158 -4.5385 -0.7270
Car -1 -1 -4.6481 986.6576 183.8224 1028.9058 217.6474 1.5385 1.6229 4.1120 20.0641 2.1245 36.3975 -4.1483 -0.9463
Car -1 -1 -4.0397 790.4988 178.9528 841.0400 200.7004 1.5494 1.6261 3.8232 15.4371 2.0221 54.1769 -3.7640 -1.6623
Car -1 -1 -7.0874 488.5658 177.7019 539.4276 203.2764 2.0282 1.7406 4.2682 -8.0065 2.4481 60.3029 -7.2193 -1.9005
Car -1 -1 -4.7260 694.5255 181.2724 714.8792 200.0385 1.5012 1.6546 3.4396 7.9746 2.2353 61.1416 -4.5974 -1.9861
Car -1 -1 -4.9543 247.9673 185.6504 295.5504 212.8888 1.4899 1.6550 4.1717 -20.5217 2.3013 43.6236 -5.3920 -2.2745
Car -1 -1 -8.0435 683.1952 185.2234 731.3621 217.9843 1.4382 1.5822 4.0439 4.6531 2.0785 35.3019 -7.9142 -2.6159
Car -1 -1 -4.6577 373.4107 176.9655 396.6230 198.4522 1.7077 1.6422 3.7681 -18.7482 2.0617 60.1500 -4.9589 -2.8730
Car -1 -1 -6.8550 737.1601 183.1183 828.3019 216.9551 1.5095 1.6422 3.9869 8.2116 2.0205 34.5020 -6.6239 -3.2137
Car -1 -1 -6.1346 77.0258 168.8494 170.7697 201.7776 1.7208 1.7165 4.0264 -26.4364 1.5112 39.3415 -6.7233 -4.0192
Car -1 -1 -4.5985 849.2410 181.3078 876.7218 201.4178 1.4632 1.6020 3.9090 19.7667 2.1482 56.3797 -4.2634 -4.0250
Car -1 -1 -7.6019 111.9489 162.8358 161.8608 188.1751 1.5653 1.7620 3.9651 -30.6006 0.9462 46.7330 -8.1792 -4.0690
Car -1 -1 -4.3458 760.7340 179.1770 810.3840 205.8949 1.6243 1.7387 4.2960 11.4944 2.0574 47.1982 -4.1088 -4.2386
Car -1 -1 -4.5302 700.6140 180.2193 724.7302 196.7978 1.5307 1.6786 3.7964 10.0419 2.2714 70.5241 -4.3898 -4.3251
Car -1 -1 -4.2236 459.1629 182.4857 501.3092 203.8076 1.5267 1.6566 3.6777 -9.9621 2.2937 55.4790 -4.4008 -4.4142
Car -1 -1 -4.9985 845.5087 179.2201 901.5193 207.5153 1.5119 1.7692 4.7690 15.2371 1.9043 42.0797 -4.6538 -4.4395
Car -1 -1 -4.5851 598.5645 182.6412 621.9683 200.6232 1.5103 1.6013 4.1570 0.0334 2.4227 65.1211 -4.5851 -4.4495
Car -1 -1 -4.3206 472.8146 179.4581 502.7090 194.9732 1.4560 1.6621 3.6073 -12.0672 2.1262 71.3121 -4.4879 -4.5489
Car -1 -1 -2.6250 199.7627 181.9064 283.3142 211.4242 1.6403 1.7401 3.9535 -21.2599 2.1746 41.6482 -3.0946 -4.5916
Car -1 -1 -5.3511 488.1355 182.8082 537.2218 204.6865 1.5696 1.6372 4.0832 -7.5639 2.3650 55.6454 -5.4860 -4.6202
Car -1 -1 -7.5210 623.6031 183.2929 672.9658 212.9913 1.5181 1.5879 3.8753 2.1599 2.1333 40.4488 -7.4687 -4.7801
Car -1 -1 -6.3177 861.4735 181.0235 947.6882 211.1146 1.4217 1.6102 3.9333 14.7004 1.8484 36.2902 -5.9362 -4.9845
Car -1 -1 -4.9662 659.3035 183.8002 697.2196 207.1338 1.4516 1.5576 4.1823 4.5651 2.2299 49.1325 -4.8747 -5.0495
Car -1 -1 -5.0127 821.3528 180.3332 847.9126 195.1760 1.3901 1.5233 3.4985 22.0804 2.1448 71.0874 -4.7131 -5.0637
Car -1 -1 -4.6712 687.1866 181.3171 712.2119 205.0651 1.5335 1.5739 3.7409 6.2105 2.1425 49.9724 -4.5488 -5.0914
Car -1 -1 -4.9386 640.8843 180.8552 669.9325 202.5592 1.7083 1.5827 3.8982 3.7371 2.4001 60.3579 -4.8776 -5.1507
Car -1 -1 -4.3670 72.6211 159.9064 132.7950 187.3347 1.5724 1.7894 3.7497 -30.4696 0.8299 43.4084 -4.9763 -5.1581
Car -1 -1 -4.6021 826.6113 180.4089 848.8054 197.7160 1.5224 1.6130 3.3344 21.1216 2.2424 66.9369 -4.2981 -5.1731
Car -1 -1 -4.2946 438.7368 184.1584 499.3045 214.8994 1.3794 1.6611 3.4927 -6.9431 1.9673 35.6539 -4.4861 -5.1929
Car -1 -1 -4.0667 6.8305 183.4520 127.3134 226.3024 1.6504 1.7235 4.6144 -23.3648 2.1431 31.2492 -4.7048 -5.2281
Car -1 -1 -4.6971 686.5336 178.1643 709.0688 202.3437 1.7873 1.6863 4.0973 6.8641 2.2180 56.4199 -4.5771 -5.3122
Car -1 -1 -8.0049 712.1445 187.9267 755.1169 220.1094 1.3494 1.4927 3.0617 5.6076 2.0757 33.2395 -7.8400 -5.3155
Car -1 -1 -4.4589 603.7471 180.8571 631.9406 198.6858 1.5902 1.6301 4.4452 0.7659 2.3795 68.8314 -4.4483 -5.3432
Car -1 -1 -3.7730 105.1995 180.2396 210.9441 221.5183 1.7794 1.6871 4.0019 -21.2565 2.1499 34.0515 -4.3277 -5.4526
Car -1 -1 -5.0435 705.4446 178.5752 746.1607 199.3335 1.4010 1.6174 4.1889 8.2798 1.8315 52.1165 -4.8873 -5.4723
Car -1 -1 -2.2709 0.0000 190.1070 72.1898 374.0000 1.6132 1.7361 4.1959 -6.2629 1.7458 4.6082 -3.1793 -5.4853
Car -1 -1 -4.4693 515.7672 182.3786 548.1203 203.4389 1.5673 1.6614 3.9875 -6.2243 2.3559 57.6730 -4.5768 -5.6043
Car -1 -1 -4.4716 458.1350 184.1737 489.0810 202.7019 1.4307 1.6109 4.1083 -11.3940 2.4104 60.3700 -4.6578 -5.7022
Car -1 -1 -4.7236 555.5106 181.3038 578.4359 200.6825 1.3913 1.7051 4.2194 -3.3853 2.0705 55.8581 -4.7843 -5.7025
Car -1 -1 -4.7515 660.3166 179.2713 681.0768 197.8246 1.5601 1.6705 4.2062 5.3545 2.1506 64.2897 -4.6693 -5.7182
Car -1 -1 -4.9525 716.6087 178.4047 746.9151 196.3244 1.4303 1.5967 4.0520 10.2210 1.9149 60.9595 -4.7875 -5.7430
Car -1 -1 -4.9272 715.1844 177.4816 743.2686 194.3636 1.4438 1.6491 4.0939 10.6692 1.8734 64.9401 -4.7655 -5.7684
Car -1 -1 -4.4487 1026.7883 180.4161 1060.0073 198.0408 1.5779 1.7064 4.0646 41.0598 2.3153 68.3614 -3.9101 -5.7989
Car -1 -1 -4.4511 755.8304 179.8579 792.6568 200.3684 1.6215 1.8580 4.9147 14.0030 2.2428 61.4296 -4.2285 -5.8267
Car -1 -1 -4.7393 716.2209 178.6734 742.6447 202.8462 1.4911 1.5986 3.9756 7.8052 1.8913 47.5840 -4.5782 -5.8400
Car -1 -1 -4.5378 668.0674 178.1596 692.4832 194.8955 1.4718 1.6004 3.9237 6.5221 1.9788 66.8923 -4.4415 -5.8468
Car -1 -1 -4.7613 720.3211 177.7801 744.1593 198.2797 1.4936 1.6066 4.0303 9.3694 1.8877 55.6743 -4.5958 -5.8584
Car -1 -1 -4.5991 577.2147 179.3112 600.3675 196.6452 1.4784 1.6413 4.1089 -1.9079 2.0808 65.2298 -4.6287 -5.8745
Car -1 -1 -8.4297 933.2169 175.8112 999.0400 205.7468 1.6213 1.7129 3.5444 20.2764 1.7979 41.3089 -7.9766 -5.8834
Car -1 -1 -6.9170 0.0000 0.0000 1241.0000 374.0000 1.5504 1.5913 3.8064 -2.1017 1.6508 1.0043 -7.9392 -5.8867
Car -1 -1 -4.5954 555.2169 179.6063 580.2407 198.5611 1.4660 1.6073 3.9149 -3.4630 2.0387 59.2323 -4.6540 -5.8867
Car -1 -1 -4.5203 527.3014 180.0546 558.3557 200.5047 1.4553 1.6297 3.9346 -5.0918 2.0224 54.8203 -4.6129 -5.8867
Car -1 -1 -4.8577 743.7739 177.1312 769.2432 194.6404 1.4433 1.5992 3.9195 12.6217 1.8250 62.4523 -4.6596 -5.8867
Car -1 -1 -7.5639 151.5694 0.0000 1241.0000 374.0000 1.5549 1.5938 3.8083 -0.4941 1.6465 1.0034 -7.9392 -5.8867
Car -1 -1 -4.4318 579.9285 180.3531 608.0184 196.6777 1.4585 1.6183 4.0360 -1.5101 2.1936 68.6041 -4.4541 -5.8867
Car -1 -1 -4.6194 729.5614 178.1872 759.0444 200.1770 1.4371 1.6626 4.0476 9.3814 1.8252 50.3811 -4.4368 -5.8981
Car -1 -1 -4.3155 475.5353 179.7385 525.8864 205.9422 1.5008 1.6586 4.0005 -6.7289 1.9465 44.5943 -4.4649 -5.9344
Car -1 -1 -4.9401 798.7761 174.2568 843.5639 204.4235 1.8369 1.7869 4.4517 13.4802 1.9312 46.4163 -4.6597 -6.1059
Car -1 -1 -8.6665 1000.9051 171.2224 1066.5172 195.9322 2.1830 2.0139 5.2667 38.9605 2.0386 66.5562 -8.1392 -6.1224
