Car -1 -1 -4.4202 363.2231 189.7672 408.6788 215.5629 1.6060 1.8367 4.3060 -15.4624 2.8263 49.9129 -4.7195 3.1736
Car -1 -1 -4.4895 410.1022 185.8164 436.8822 203.4194 1.5518 1.6361 3.9173 -17.6922 2.8179 68.5089 -4.7417 0.9958
Car -1 -1 -4.1770 519.3120 183.8640 570.9529 207.7665 1.5168 1.6566 4.2121 -4.4825 2.3158 50.1234 -4.2663 -1.4719
Car -1 -1 -4.5203 187.5154 177.0282 218.2791 195.6908 1.5508 1.6237 3.8808 -35.5198 1.9270 62.9916 -5.0321 -1.8336
Car -1 -1 -4.6207 538.1068 182.4835 561.7238 202.8008 1.5861 1.6102 3.9621 -5.0063 2.4158 60.2019 -4.7038 -1.8836
Car -1 -1 -4.4686 737.4101 181.2179 767.7972 200.6706 1.4779 1.5933 3.6342 11.5646 2.1788 58.5080 -4.2749 -2.3677
Car -1 -1 -4.6459 597.2072 182.0811 630.9136 212.1986 1.5536 1.6319 4.1213 0.2379 2.1000 40.6302 -4.6407 -2.4470
Car -1 -1 -2.6058 607.8615 181.6178 668.6533 205.6106 1.6044 1.6825 4.0283 1.9645 2.2498 51.3636 -2.5684 -2.8926
Car -1 -1 -4.7733 645.6643 179.7139 670.3315 201.1884 1.5372 1.6288 3.8422 3.5841 2.0763 54.8039 -4.7089 -3.3748
Car -1 -1 -5.1699 192.4358 182.1289 243.6308 206.6602 1.6977 1.6835 4.0994 -28.9595 2.4056 53.2219 -5.6664 -3.3909
Car -1 -1 -6.5679 462.9014 187.5966 531.9109 215.8878 1.4502 1.5549 3.4767 -6.2675 2.2953 39.9336 -6.7231 -3.5105
Car -1 -1 -7.7621 502.7658 186.3027 532.5701 210.6390 1.5013 1.6389 4.0164 -6.2347 2.4485 48.7974 -7.8890 -3.8592
Car -1 -1 -4.7612 731.6177 173.5629 764.8646 203.9524 1.6503 1.6619 3.9994 7.8422 1.6927 41.3760 -4.5757 -4.0781
Car -1 -1 -4.9277 388.7952 186.1033 417.6143 205.8410 1.7169 1.7463 4.2480 -19.5716 3.0093 68.1150 -5.2068 -4.1697
Car -1 -1 -6.1323 0.0000 191.4257 42.8539 227.6577 1.4625 1.5775 3.4108 -27.6974 2.3339 32.2993 -6.8372 -4.1796
Car -1 -1 -4.9036 454.6832 185.3150 478.0364 202.6971 1.5871 1.6253 3.3522 -14.0553 2.8348 70.4057 -5.1003 -4.1859
Car -1 -1 -4.5170 0.0000 214.4549 67.6090 276.8378 1.4022 1.5610 3.5260 -16.9318 2.7068 20.7082 -5.1963 -4.2371
Car -1 -1 -4.5595 187.6669 180.3940 216.1405 198.2440 1.5503 1.6981 3.9864 -37.6803 2.2692 66.6585 -5.0725 -4.3216
Car -1 -1 -4.8078 544.1326 182.9867 565.5878 200.7986 1.5249 1.6057 3.6969 -5.0876 2.4784 65.9605 -4.8849 -4.3960
Car -1 -1 -4.9148 714.1734 178.5382 748.6176 199.6258 1.6227 1.8786 4.6264 9.8687 2.1067 59.1342 -4.7507 -4.5326
Car -1 -1 -4.3747 182.8417 180.3940 216.3941 197.8104 1.5789 1.6103 3.8487 -39.3380 2.3232 69.2127 -4.8901 -4.7646
Car -1 -1 -4.3898 467.8185 184.3087 494.9160 200.8732 1.5266 1.5784 3.5564 -12.6389 2.6826 70.9624 -4.5658 -4.8200
Car -1 -1 -2.5091 142.8484 178.9656 200.3963 197.9440 1.7214 1.9019 4.2979 -40.8885 2.3009 67.3145 -3.0534 -4.9044
Car -1 -1 -4.4722 423.1126 185.0260 455.8281 205.1015 1.5191 1.7184 3.9153 -13.9137 2.5464 58.9474 -4.7034 -5.1029
Car -1 -1 -4.8425 882.8209 174.8642 906.4827 192.0637 1.5802 1.5876 3.9784 27.1309 1.7778 68.9107 -4.4693 -5.1941
Car -1 -1 -5.3760 626.3229 180.7659 682.4591 205.6826 1.4878 1.5964 3.7944 2.7764 2.0181 46.3773 -5.3172 -5.2601
Car -1 -1 -7.0198 107.2908 186.7477 185.3440 221.9202 2.0167 1.7893 3.9246 -28.9797 2.9274 45.1811 -7.5877 -5.2719
Car -1 -1 -4.8533 555.0664 180.7959 579.9020 201.4232 1.7023 1.6532 3.7380 -3.7692 2.4183 63.0788 -4.9132 -5.3227
Car -1 -1 -4.9318 558.9402 179.8804 592.6315 201.4367 1.6544 1.8055 4.6024 -2.8905 2.2568 59.4372 -4.9806 -5.3561
Car -1 -1 -4.4460 9.4820 206.4091 81.2592 246.8029 1.4708 1.5801 3.4994 -24.5026 3.0190 31.3787 -5.1051 -5.4150
Car -1 -1 -5.2582 969.1639 182.6131 1028.8356 211.3402 1.8384 1.6639 4.2119 26.7230 2.5405 49.7839 -4.7686 -5.4219
Car -1 -1 -4.7913 707.1604 175.6644 739.7103 204.0925 1.5605 1.5654 3.6983 6.5053 1.7307 41.8846 -4.6388 -5.4774
Car -1 -1 -4.6184 555.8059 182.0329 586.0912 207.0802 1.5651 1.6571 4.2518 -2.6310 2.2134 48.8243 -4.6725 -5.5029
Car -1 -1 -4.3922 149.1697 200.6771 199.5549 229.1498 1.4051 1.4130 3.5339 -24.8211 3.0644 41.1579 -4.9323 -5.6214
Car -1 -1 -4.9490 484.9907 182.8927 511.5793 200.0013 1.5047 1.5986 3.9292 -10.5873 2.4809 68.0677 -5.1032 -5.6590
Car -1 -1 -4.5124 374.3453 185.7840 405.9339 207.6296 1.6460 1.7074 3.9757 -17.9170 2.7374 58.8618 -4.8070 -5.7077
Car -1 -1 -4.3426 591.7548 179.3596 629.3035 199.4977 1.5700 1.7050 4.2514 0.0620 2.1316 60.0233 -4.3421 -5.8114
Car -1 -1 -4.4917 518.5309 180.8593 545.2709 197.7509 1.4524 1.6118 3.9362 -7.1342 2.2074 66.0285 -4.5993 -5.8190
Car -1 -1 -4.8487 483.0862 182.4495 509.7836 202.8301 1.5653 1.6453 4.0025 -9.4371 2.3862 59.5977 -5.0054 -5.8240
Car -1 -1 -4.6223 587.9847 179.8723 613.7789 198.8128 1.3782 1.6368 4.3049 -0.7026 1.9474 56.3472 -4.6351 -5.8764
Car -1 -1 -4.6292 76.3195 182.7811 106.6538 202.8673 1.4939 1.6438 4.0097 -41.6075 2.3200 57.9243 -5.2501 -5.8867
Car -1 -1 -4.6805 587.8866 178.0322 607.6822 195.3726 1.4157 1.5816 3.9266 -1.0482 1.8749 62.0597 -4.6977 -5.8867
Car -1 -1 -6.8226 0.0000 0.0000 1241.0000 374.0000 1.5036 1.6029 3.8487 -2.8910 1.5991 1.3709 -7.8745 -5.8867
Car -1 -1 -4.5869 25.6289 183.9451 62.8485 206.6936 1.5401 1.6577 4.0195 -41.6069 2.3890 53.0958 -5.2493 -5.8867
Car -1 -1 -4.6925 577.2561 180.0808 594.9886 196.5241 1.4674 1.5984 3.9826 -2.2513 2.1698 68.1534 -4.7258 -5.8867
Car -1 -1 -5.0782 775.3405 178.3518 813.1909 197.9819 1.4812 1.6028 3.9796 14.6526 1.9361 57.6746 -4.8310 -5.8867
Car -1 -1 -4.5391 501.5931 180.5756 528.8915 199.3862 1.4711 1.6018 3.9215 -7.8763 2.1348 60.0576 -4.6693 -5.8867
Car -1 -1 -4.7126 575.6377 179.0222 594.0397 195.9622 1.4327 1.5937 3.9903 -2.2753 2.0013 64.5196 -4.7481 -5.8867
Car -1 -1 -4.6784 602.7880 180.3029 621.0651 195.9184 1.4004 1.6086 3.9804 0.1879 2.1296 68.6498 -4.6761 -5.8867
Car -1 -1 -4.6471 98.3867 182.0058 126.1460 201.2274 1.4958 1.6464 4.0149 -41.6084 2.2881 60.3406 -5.2489 -5.8867
Car -1 -1 -4.6095 52.1997 183.4898 85.5871 204.6434 1.5014 1.6451 4.0083 -41.6069 2.3509 55.5090 -5.2506 -5.8867
Car -1 -1 -4.4015 572.4669 179.7484 614.5020 202.9025 1.4400 1.6603 4.0434 -1.0896 1.9224 48.3434 -4.4244 -5.9164
Car -1 -1 -4.7832 438.0956 183.5053 460.4373 200.5963 1.4878 1.7364 4.6969 -15.2943 2.5345 68.4258 -5.0027 -5.9351
Car -1 -1 -4.8598 630.9975 179.3640 656.1306 199.0220 1.7189 1.7427 3.9693 3.0401 2.3374 66.5222 -4.8148 -6.0737
Car -1 -1 -4.5475 392.1345 185.3133 417.2846 203.5528 1.6840 1.7711 3.9557 -20.3257 2.9540 71.5004 -4.8238 -6.4577
