Car -1 -1 -4.3957 339.4467 189.1327 389.5992 216.3003 1.5152 1.7231 4.2109 -15.2325 2.5753 44.8872 -4.7215 3.7635
Car -1 -1 -4.4146 392.3563 184.1979 427.0297 204.2787 1.6410 1.7459 4.3513 -17.6416 2.6760 63.6499 -4.6843 2.2585
Car -1 -1 -7.9220 586.5500 180.6568 619.7609 210.7764 1.5747 1.6161 3.5620 -0.4611 2.0325 40.5164 -7.9339 0.8999
Car -1 -1 -4.6380 534.6124 179.6133 560.1649 201.3480 1.6305 1.7054 4.6229 -5.0094 2.1943 57.8932 -4.7243 0.3468
Car -1 -1 -8.6301 1107.9440 192.6184 1200.1637 226.0592 1.5163 1.5611 3.7876 27.7790 2.5850 37.0436 -7.9911 -2.0960
Car -1 -1 -4.3453 68.7041 183.0915 126.2710 214.9117 1.7566 1.6555 3.4536 -30.4452 2.3919 42.9169 -4.9596 -2.2706
Car -1 -1 -4.6553 554.5037 182.2954 573.0410 197.9117 1.4040 1.5564 3.9057 -4.4281 2.3348 69.1969 -4.7193 -3.0681
Car -1 -1 -7.3824 455.1024 184.0966 520.4025 218.5420 1.5146 1.6004 3.7467 -5.9137 2.0924 35.0767 -7.5487 -3.2770
Car -1 -1 -4.6433 746.9626 177.5360 771.8907 197.7863 1.5058 1.6675 3.7551 11.7265 1.8861 56.6249 -4.4405 -3.3125
Car -1 -1 -6.2213 1170.7793 188.7534 1241.0000 227.8517 1.6146 1.6903 4.1752 28.7566 2.3984 33.5255 -5.5173 -3.5463
Car -1 -1 -4.8160 644.2307 174.9375 663.3124 190.8688 1.5304 1.5337 3.4525 4.2986 1.7417 71.5317 -4.7565 -4.0548
Car -1 -1 -4.8360 475.1500 184.5662 514.2534 215.1430 1.4967 1.6210 3.7924 -6.3029 2.1616 38.9333 -4.9960 -4.2230
Car -1 -1 -4.5866 623.3959 177.5125 652.2747 200.6037 1.6777 1.7169 4.1466 2.1506 2.0498 55.4921 -4.5485 -4.2714
Car -1 -1 -5.5720 502.3500 181.1975 557.6084 203.4719 1.5491 1.6278 3.9512 -5.9584 2.1859 53.3060 -5.6832 -4.2786
Car -1 -1 -4.8396 1034.5199 174.1449 1076.9589 206.4571 1.8594 1.6571 4.2045 27.0545 1.9418 43.9589 -4.2913 -4.3324
Car -1 -1 -4.6838 606.4069 179.0600 634.9439 206.0693 1.5479 1.6437 4.2185 0.6640 1.9486 44.4781 -4.6695 -4.5266
Car -1 -1 -4.9453 472.3759 181.8231 499.9000 199.7613 1.5589 1.6605 3.8883 -11.5388 2.4168 66.9307 -5.1157 -4.6027
Car -1 -1 -4.8583 624.2868 178.5621 646.8743 195.7835 1.5368 1.5967 3.6205 2.3463 2.0856 67.5260 -4.8242 -4.6085
Car -1 -1 -7.5271 395.7075 185.1019 435.1555 206.7666 1.3965 1.5365 3.7877 -13.6369 2.2887 50.6416 -7.7892 -4.6526
Car -1 -1 -7.9402 188.4638 182.2102 222.2735 209.4391 1.7930 1.7342 4.3526 -28.8713 2.4886 51.3735 -8.4503 -4.8482
Car -1 -1 -4.0615 174.6106 194.1858 235.2487 219.2894 1.5077 1.6612 3.6893 -27.2348 3.0012 48.5825 -4.5704 -4.9265
Car -1 -1 -4.7372 453.3497 184.4917 471.3651 201.6464 1.4692 1.5319 3.8533 -13.6756 2.5765 66.6244 -4.9392 -5.0646
Car -1 -1 -4.7389 114.0810 187.5360 145.0829 213.9721 1.5338 1.5523 3.6997 -30.6853 2.5094 46.0005 -5.3248 -5.1075
Car -1 -1 -5.2192 527.8745 179.5882 581.1552 206.2482 1.5123 1.6186 3.7389 -3.4558 1.9408 43.9471 -5.2977 -5.1287
Car -1 -1 -4.8467 566.2343 178.5810 597.9292 200.1483 1.4709 1.7123 4.5932 -2.1231 1.9096 52.9006 -4.8871 -5.2725
Car -1 -1 -7.4680 158.2843 181.3582 205.8136 203.9324 1.7523 1.7542 4.7484 -35.7390 2.4925 60.3519 -8.0009 -5.3103
Car -1 -1 -4.8016 148.6177 183.1616 184.7996 211.8555 1.8030 1.7355 4.2035 -30.2437 2.5360 49.1271 -5.3512 -5.3634
Car -1 -1 -4.7858 149.6172 176.6094 181.9152 204.1408 1.9091 1.7186 4.1242 -32.5661 2.1950 52.8036 -5.3364 -5.4545
Car -1 -1 -4.4345 585.3605 176.2570 625.5833 198.1607 1.4923 1.7131 4.6491 -0.3030 1.7508 52.3958 -4.4407 -5.5035
Car -1 -1 -4.8927 696.3355 170.7442 728.3530 192.9133 1.7169 1.7464 4.6115 8.1809 1.5532 58.2186 -4.7542 -5.5388
Car -1 -1 -4.5598 346.5317 185.9838 379.0049 207.4270 1.4011 1.6137 4.0088 -17.7488 2.3828 51.8492 -4.8884 -5.5891
Car -1 -1 -4.9600 553.8583 179.1093 586.2739 201.5766 1.7183 1.6570 4.1515 -3.3114 2.2458 58.6521 -5.0166 -5.7327
Car -1 -1 -4.8106 469.5868 181.4544 497.8181 204.3542 1.5818 1.6768 4.0044 -9.4472 2.2463 53.6133 -4.9846 -5.7394
Car -1 -1 -4.4859 356.1375 183.0664 390.4210 204.6864 1.5537 1.6573 4.0369 -18.3199 2.3741 55.9054 -4.8015 -5.7890
Car -1 -1 -4.7054 504.9699 180.0634 524.7938 199.1561 1.5611 1.6542 4.1286 -8.2840 2.2095 62.7705 -4.8365 -5.7950
Car -1 -1 -4.4092 475.5057 183.6629 501.5679 198.6846 1.3960 1.5981 3.4183 -12.0178 2.4931 71.4501 -4.5756 -5.8298
Car -1 -1 -4.3960 489.3701 179.8578 525.7942 199.9933 1.4486 1.6125 3.9872 -7.8570 2.0072 55.4773 -4.5364 -5.8307
Car -1 -1 -4.4255 387.8859 182.5140 426.3543 203.2830 1.4345 1.6484 4.1783 -15.1266 2.1838 53.8903 -4.6982 -5.8338
Car -1 -1 -4.7662 495.7299 179.2496 516.2203 197.0082 1.5188 1.6235 3.8919 -9.4566 2.1153 65.2661 -4.9099 -5.8445
Car -1 -1 -4.7721 1133.4764 161.9664 1163.8810 180.5178 1.3764 1.6291 3.9795 41.4696 0.5683 55.6442 -4.1342 -5.8777
Car -1 -1 -5.2088 99.2936 192.6832 169.1793 222.5028 1.4015 1.5444 3.5151 -24.7315 2.4716 37.4367 -5.7896 -5.8789
Car -1 -1 -4.6229 520.8490 179.5537 542.4049 195.8628 1.3944 1.5969 3.9182 -7.0841 2.0186 65.2860 -4.7309 -5.8825
Car -1 -1 -4.6301 76.2067 184.5262 106.7491 205.4081 1.5444 1.6598 4.0181 -41.6039 2.5159 57.9190 -5.2510 -5.8867
Car -1 -1 -4.7929 1180.5615 159.8812 1217.2294 181.1060 1.4307 1.6573 4.1130 41.3778 0.5560 50.8032 -4.1123 -5.8867
Car -1 -1 -7.0088 0.0000 0.0000 1241.0000 374.0000 1.5535 1.5950 3.8094 -1.7119 1.6516 0.9961 -7.9398 -5.8867
Car -1 -1 -4.7889 913.2124 177.2074 942.6371 199.7676 1.5467 1.6438 3.9392 23.0233 1.8755 52.4189 -4.3775 -5.8867
Car -1 -1 -4.4107 377.9576 181.8161 414.0139 202.0538 1.4779 1.6005 3.9495 -16.7181 2.2032 56.4362 -4.6977 -5.8867
Car -1 -1 -4.5725 6.6415 183.9539 46.3799 207.2499 1.5269 1.6532 4.0157 -41.6075 2.3517 51.4866 -5.2498 -5.8867
Car -1 -1 -4.7368 602.1815 176.5399 622.7299 194.3138 1.3912 1.5856 3.8917 0.1482 1.7036 59.2521 -4.7347 -5.8867
Car -1 -1 -4.6027 43.6960 183.0220 78.1379 204.3018 1.4899 1.6417 4.0083 -41.6080 2.2907 54.7055 -5.2507 -5.8867
Car -1 -1 -4.7461 581.7725 179.1535 600.1050 195.2192 1.4363 1.5911 3.9887 -1.8454 2.0488 68.1449 -4.7735 -5.8867
Car -1 -1 -4.6488 98.3905 183.7567 126.1337 203.4185 1.5208 1.6522 4.0124 -41.6046 2.4646 60.3346 -5.2506 -5.8867
Car -1 -1 -4.6666 118.7758 183.3835 144.1028 202.0530 1.5056 1.6486 4.0074 -41.6047 2.4523 62.7492 -5.2503 -5.8867
Car -1 -1 -4.6621 766.3564 176.9090 789.2046 196.7812 1.4782 1.5631 3.7847 13.1438 1.8070 56.5342 -4.4352 -5.9840
Car -1 -1 -4.7292 488.5099 180.3130 510.1239 205.5946 1.9278 1.6560 3.8640 -8.9913 2.5510 58.2686 -4.8821 -6.0705
Car -1 -1 -7.9258 1153.7986 155.0506 1188.2870 176.7484 1.5230 1.6731 4.3250 41.0575 0.2731 52.9106 -7.2685 -6.2318
