Car -1 -1 -7.5116 761.1018 185.5780 821.4078 218.4485 1.4183 1.6016 3.9429 8.7592 2.0690 34.8317 -7.2678 -0.5745
Car -1 -1 -4.5124 313.1355 186.6432 350.6873 210.7658 1.3860 1.5519 3.4068 -17.4585 2.2865 45.3311 -4.8784 -1.3750
Car -1 -1 -4.6198 827.9911 180.4445 858.1454 206.4126 1.5656 1.5246 3.8001 15.0961 2.0786 46.7451 -4.3098 -1.8303
Car -1 -1 -4.7650 242.3893 184.1934 276.5922 211.8834 1.4560 1.5757 4.0516 -20.4035 2.1473 41.8581 -5.2164 -1.9133
Car -1 -1 -8.0539 980.0103 180.6814 1025.4788 206.9192 1.3873 1.5682 3.6802 22.3943 1.8569 41.3250 -7.5607 -2.3153
Car -1 -1 -4.8653 266.5597 181.7423 308.1675 210.5049 1.5651 1.6529 4.0526 -19.1840 2.1178 42.7412 -5.2852 -2.4142
Car -1 -1 -4.5797 715.6070 183.4246 745.0151 205.0961 1.4925 1.6508 4.1130 9.0192 2.3165 54.0542 -4.4158 -2.7246
Car -1 -1 -5.0107 729.5953 186.1776 787.2148 218.5025 1.4019 1.5993 4.0790 7.1093 2.0894 35.1410 -4.8134 -3.0444
Car -1 -1 -4.6084 678.9905 183.1747 712.3651 209.2934 1.4868 1.6705 3.8771 5.3229 2.1568 44.7873 -4.4915 -3.5803
Car -1 -1 -4.9732 803.3703 180.8577 837.6750 201.3640 1.5518 1.6574 4.0472 16.9161 2.2201 58.2349 -4.6923 -3.5934
Car -1 -1 -4.6813 883.0927 182.7738 916.8398 212.9320 1.4414 1.5407 3.7617 15.2064 1.9894 37.8534 -4.3026 -3.7867
Car -1 -1 -4.4371 850.8799 178.4986 897.9724 205.6386 1.6142 1.6962 4.4426 16.9282 1.9930 46.1682 -4.0882 -3.8199
Car -1 -1 -7.7604 961.6507 181.9721 1005.8456 216.4335 1.5294 1.5920 3.5517 18.1042 1.9953 34.9665 -7.2866 -3.9417
Car -1 -1 -7.3131 194.3852 187.7941 267.7347 221.3197 1.5556 1.6112 3.7987 -19.4602 2.3649 37.1577 -7.7929 -4.0359
Car -1 -1 -4.4240 867.4897 183.3116 932.4360 219.5402 1.5124 1.6866 4.2157 13.4949 2.0301 33.5572 -4.0452 -4.0967
Car -1 -1 -4.6617 413.8569 177.8065 437.6332 199.6851 1.7822 1.7702 4.1467 -15.8163 2.2225 61.9834 -4.9108 -4.2286
Car -1 -1 -4.6548 698.2315 183.6851 726.2603 207.2158 1.5304 1.7387 4.1728 7.2587 2.3317 51.1848 -4.5153 -4.2355
Car -1 -1 -4.6448 717.4999 180.0974 740.9717 202.5331 1.7530 1.6656 3.9316 9.8912 2.3746 59.8405 -4.4822 -4.3573
Car -1 -1 -4.5224 701.1713 179.3430 739.6786 207.4588 1.6234 1.6297 4.0991 6.8783 2.0465 44.8818 -4.3718 -4.5493
Car -1 -1 -4.8622 462.7687 185.5332 498.3936 212.0936 1.5570 1.6978 3.8118 -8.3868 2.4078 46.3588 -5.0407 -4.6510
Car -1 -1 -7.0602 858.3866 177.0769 932.9615 204.6057 1.6184 1.7111 4.3313 17.6094 1.8884 44.5567 -6.6866 -4.6638
Car -1 -1 -4.5794 825.7756 181.0160 857.3058 204.4964 1.5088 1.5822 3.9171 16.0248 2.0972 49.9383 -4.2711 -4.6674
Car -1 -1 -4.3312 785.6122 183.1425 839.6818 212.2542 1.5598 1.6659 4.0656 11.8797 2.1926 42.2797 -4.0597 -4.7095
Car -1 -1 -8.0765 950.4818 174.4790 999.1350 206.5943 1.7868 1.5909 4.5202 21.5076 1.8882 42.7691 -7.6138 -4.7409
Car -1 -1 -5.0200 485.7574 184.8318 521.7085 206.4117 1.5502 1.6283 4.0442 -8.3736 2.5226 56.4203 -5.1671 -4.8562
Car -1 -1 -7.3121 518.8933 183.3367 559.9291 206.8809 1.8661 1.7150 3.8687 -5.9716 2.7855 61.1870 -7.4095 -4.9770
Car -1 -1 -4.3230 605.9366 181.3811 639.5745 201.3109 1.5278 1.5629 3.4185 1.0426 2.2446 58.7998 -4.3058 -5.1539
Car -1 -1 -4.8342 882.6149 178.5919 912.6897 201.4660 1.5933 1.5813 3.9864 21.2370 2.0350 53.4555 -4.4584 -5.1620
Car -1 -1 -7.9834 490.7534 179.6365 513.6779 199.0543 1.8044 1.6964 4.1883 -10.6332 2.4914 70.8656 -8.1322 -5.2872
Car -1 -1 -4.7453 669.0277 182.4448 692.8452 207.1517 1.6868 1.5936 4.2245 5.1546 2.4209 53.0951 -4.6497 -5.2878
Car -1 -1 -4.9837 736.5653 177.5731 767.2949 194.3611 1.4409 1.6516 4.2080 12.7812 1.8819 65.3097 -4.7916 -5.3148
Car -1 -1 -4.4125 507.8552 182.8989 547.7194 206.2004 1.4878 1.6421 3.9824 -5.6785 2.2129 49.9966 -4.5255 -5.5750
Car -1 -1 -4.7452 173.8272 176.2557 217.7714 216.4509 1.9005 1.8049 4.7495 -21.3459 2.0866 37.0335 -5.2652 -5.5816
Car -1 -1 -5.8455 0.0000 189.4200 48.5065 374.0000 1.6550 1.7560 3.9513 -5.8370 1.7863 4.0193 -6.7818 -5.6638
Car -1 -1 -4.7448 782.4392 179.3143 807.3831 201.5151 1.5726 1.6852 3.7008 13.8412 2.0759 54.2566 -4.4968 -5.7461
Car -1 -1 -4.4037 585.0058 180.8862 618.2310 200.1797 1.5019 1.6558 3.9166 -0.6854 2.1936 60.0443 -4.4155 -5.7753
Car -1 -1 -4.2284 538.3926 181.3103 589.3401 204.6585 1.4855 1.7002 4.3262 -3.1653 2.0973 49.9098 -4.2919 -5.8010
Car -1 -1 -4.5617 759.7916 178.4967 791.8812 200.4869 1.5053 1.6920 4.1481 12.1370 1.9353 52.7803 -4.3373 -5.8148
Car -1 -1 -4.6557 527.2496 179.8679 557.2045 203.6876 1.3937 1.6535 4.0871 -4.2662 1.8560 45.5114 -4.7490 -5.8171
Car -1 -1 -4.9396 502.5235 179.7584 543.5715 207.3407 1.5743 1.6532 3.9477 -5.4292 2.0192 44.3893 -5.0610 -5.8488
Car -1 -1 -4.9197 745.5511 178.8580 776.1741 197.9473 1.5110 1.6814 4.1605 12.5817 2.0315 60.5063 -4.7161 -5.8669
Car -1 -1 -7.1456 50.7973 0.0000 1241.0000 374.0000 1.5495 1.5936 3.8066 -1.2987 1.6349 1.0029 -7.9393 -5.8867
Car -1 -1 -4.5724 568.1738 180.3471 595.1279 200.1218 1.4821 1.6252 3.9064 -2.2568 2.1014 57.6375 -4.6118 -5.8867
Car -1 -1 -7.7302 748.7338 178.7577 779.5977 201.9877 1.5049 1.6186 3.9913 10.6833 1.9312 49.9864 -7.5213 -5.8867
Car -1 -1 -4.7518 762.1645 178.3700 783.3914 195.9678 1.4603 1.6510 3.9322 14.2181 1.9596 63.2638 -4.5321 -5.8867
Car -1 -1 -8.7137 907.8022 176.7548 984.2860 207.2945 1.6050 1.7943 3.5730 18.7247 1.8340 40.4275 -8.2832 -5.9565
