Car -1 -1 -4.4449 538.9356 183.8013 568.5943 202.8110 1.4850 1.5439 3.7810 -4.7187 2.4357 60.6740 -4.5226 -1.4120
Car -1 -1 -4.5514 527.8820 183.1783 559.6137 207.4852 1.6020 1.6194 4.0907 -4.7098 2.3677 51.4333 -4.6428 -2.4200
Car -1 -1 -4.7808 1167.7012 195.6022 1217.1768 232.1221 1.5723 1.6146 3.9108 28.7134 2.7630 35.7086 -4.1083 -2.4962
Car -1 -1 -4.7163 722.4727 179.7495 758.1214 212.7799 1.4736 1.6138 3.9370 6.2843 1.8289 35.1346 -4.5413 -2.5492
Car -1 -1 -4.8783 291.5277 187.5698 318.2043 205.6889 1.6151 1.7089 4.2846 -29.7583 3.0940 70.2636 -5.2779 -2.5658
Car -1 -1 -5.0110 1195.0822 197.4146 1241.0000 234.2042 1.5507 1.6287 3.5973 30.0013 2.8098 35.0236 -4.3076 -2.5928
Car -1 -1 -7.7789 25.1453 195.8164 68.7554 229.6358 1.5628 1.5198 3.8712 -29.7376 2.8409 38.1371 -8.4380 -3.1058
Car -1 -1 -7.6809 53.4371 191.1891 106.0269 224.9265 1.7194 1.7194 4.2728 -30.4994 2.8336 41.5645 -8.3111 -3.3569
Car -1 -1 -4.9697 640.6020 181.1173 672.2990 201.2784 1.5520 1.6486 3.9238 3.7553 2.2552 59.3383 -4.9073 -3.3670
Car -1 -1 -4.8407 689.3522 181.4460 731.6619 214.7050 1.4997 1.5859 3.5801 4.8179 1.9406 35.2571 -4.7066 -3.5745
Car -1 -1 -4.7935 92.6691 190.2843 130.3741 219.0657 1.5869 1.5949 3.9348 -30.6453 2.7050 44.2690 -5.3964 -3.5782
Car -1 -1 -4.9288 696.4168 178.8686 731.1833 201.3557 1.4945 1.6186 3.9210 7.2674 1.9366 51.0501 -4.7887 -3.6156
Car -1 -1 -4.8022 601.5456 186.2482 635.3732 212.6996 1.4342 1.6611 4.0646 0.4264 2.2771 43.3334 -4.7931 -3.6546
Car -1 -1 -4.7727 959.1289 167.1375 988.7301 189.0535 1.5122 1.6494 3.9797 26.1232 1.1175 51.9406 -4.3091 -3.6907
Car -1 -1 -4.4165 611.4300 181.1956 667.2261 215.5823 1.6240 1.6839 4.4517 1.5600 2.0860 37.6101 -4.3760 -3.7041
Car -1 -1 -4.5427 0.0000 209.6087 51.2922 252.6789 1.4299 1.6233 3.8613 -24.3199 3.0426 29.5855 -5.2264 -3.8790
Car -1 -1 -4.7448 660.1384 182.9011 690.1727 210.9982 1.4608 1.5570 3.5971 3.5967 2.0524 40.6668 -4.6578 -3.9919
Car -1 -1 -5.0668 117.6293 200.9675 189.0899 236.0055 1.4483 1.6290 3.9689 -21.9994 2.8704 34.6527 -5.6292 -4.1223
Car -1 -1 -4.2387 531.1476 185.6992 571.5587 207.2987 1.5265 1.5351 3.7979 -4.4966 2.5503 55.4776 -4.3197 -4.1269
Car -1 -1 -4.9140 624.4876 180.2590 653.2828 201.5565 1.7254 1.6705 4.1635 2.4263 2.3856 62.1679 -4.8757 -4.1431
Car -1 -1 -4.5336 28.3425 183.2563 74.2424 211.8639 1.6489 1.6246 3.7137 -34.8790 2.3277 45.0825 -5.1894 -4.1714
Car -1 -1 -4.6219 532.1300 184.6082 555.7701 205.2111 1.5352 1.5808 3.2888 -5.2443 2.4949 57.2869 -4.7133 -4.5361
Car -1 -1 -4.7207 630.4733 180.6388 653.6750 202.5111 1.5183 1.6576 4.1143 2.3334 2.1194 53.6545 -4.6780 -4.6466
Car -1 -1 -4.5047 246.9078 181.2146 276.3419 198.4200 1.5642 1.7123 4.3594 -33.8541 2.4039 70.1750 -4.9530 -4.6621
Car -1 -1 -4.0554 885.6678 178.8035 931.7786 197.4000 1.5463 1.6523 3.9361 25.9777 2.0777 62.7836 -3.6651 -4.7585
Car -1 -1 -4.3040 246.8757 193.1278 327.1173 230.6739 1.4022 1.6652 4.1016 -13.9070 2.3371 31.2253 -4.7202 -4.7960
Car -1 -1 -6.6833 685.4830 181.0256 737.7504 201.3447 1.6766 1.8355 4.0584 8.7064 2.3955 62.0856 -6.5452 -5.0052
Car -1 -1 -4.1936 181.7309 190.3309 252.4613 227.2666 1.7464 1.5265 3.8988 -20.6068 2.7129 37.9450 -4.6884 -5.3349
Car -1 -1 -4.9920 710.2402 171.9732 754.7119 202.1827 1.8997 1.7703 4.2601 7.9832 1.8440 47.5916 -4.8273 -5.3831
Car -1 -1 -5.0641 564.9869 188.3397 618.0443 216.4782 1.4681 1.6932 4.4502 -1.1930 2.4341 42.6454 -5.0925 -5.4802
Car -1 -1 -4.9908 559.9057 180.3312 597.9113 203.7899 1.5160 1.6180 3.9009 -2.2314 2.0565 50.0780 -5.0356 -5.7406
Car -1 -1 -4.8544 567.9325 182.0284 593.8342 200.4912 1.4848 1.6505 4.2390 -2.5801 2.3074 62.4825 -4.8960 -5.7592
Car -1 -1 -4.7446 506.3582 181.4907 528.0048 202.3373 1.6493 1.6806 3.9393 -7.8843 2.4026 60.8847 -4.8733 -5.7937
Car -1 -1 -4.3115 162.9086 196.9641 207.1937 221.2018 1.5701 1.5187 3.4796 -30.7123 3.3747 52.1913 -4.8415 -5.7976
Car -1 -1 -4.6866 592.9778 180.1299 619.3517 205.5629 1.5699 1.6453 3.9894 -0.2504 2.0708 47.6984 -4.6923 -5.7987
Car -1 -1 -4.2739 589.2924 180.9303 632.6498 202.2672 1.4813 1.6564 4.1140 0.0888 2.1100 53.9819 -4.2728 -5.8024
Car -1 -1 -4.7931 601.0220 180.9605 624.2320 198.9632 1.4781 1.7060 4.0209 0.1753 2.2109 63.1783 -4.7908 -5.8568
Car -1 -1 -4.6497 587.1681 178.6857 613.7626 200.3413 1.4284 1.6244 4.0422 -0.6655 1.8550 50.7608 -4.6632 -5.8610
Car -1 -1 -9.2439 0.0000 0.0000 1241.0000 374.0000 1.5114 1.5818 3.7940 4.7187 1.4435 0.9962 -7.9398 -5.8867
Car -1 -1 -6.8228 0.0000 0.0000 1241.0000 374.0000 1.5043 1.6017 3.8484 -2.8906 1.6049 1.3714 -7.8744 -5.8867
Car -1 -1 -4.6791 585.9171 178.8424 607.5818 198.1802 1.4479 1.5913 3.9398 -1.0488 1.9390 57.2322 -4.6977 -5.8867
Car -1 -1 -4.5392 0.0000 183.0264 10.5399 207.8337 1.5250 1.6570 4.0208 -41.6102 2.2356 48.2719 -5.2480 -5.8867
Car -1 -1 -4.7421 577.6460 181.3374 595.9302 198.3375 1.5101 1.6029 3.9559 -2.2370 2.3348 68.1396 -4.7752 -5.8867
Car -1 -1 -4.4929 0.0000 182.0346 0.0000 209.2408 1.5173 1.6559 4.0234 -41.6131 2.1023 43.8456 -5.2493 -5.8867
Car -1 -1 -4.6180 577.0256 179.2704 603.6665 200.2819 1.4553 1.6053 3.9143 -1.4439 1.9460 53.2070 -4.6455 -5.8867
Car -1 -1 -4.7690 610.3699 179.5207 633.7873 199.6218 1.5065 1.6275 4.1485 0.9038 2.0577 57.5812 -4.7538 -5.9131
Car -1 -1 -4.3551 534.2746 180.3097 567.5703 202.3734 1.9378 1.7698 4.0837 -5.4726 2.6533 67.0660 -4.4367 -6.2186
Car -1 -1 -4.6898 200.3863 178.8412 228.3765 209.6929 2.1835 1.7439 4.1309 -29.6871 2.6513 54.1700 -5.1893 -7.0067
