Car -1 -1 -6.3091 579.2757 186.4642 652.6025 211.5288 1.3605 1.6307 4.0802 0.2786 2.1487 40.9491 -6.3030 -0.5013
Car -1 -1 -4.2691 1158.4135 197.8534 1241.0000 235.4707 1.5505 1.6647 4.3051 27.6999 2.7739 33.6435 -3.5853 -0.7100
Car -1 -1 -4.5782 529.8450 182.8110 557.6621 203.9573 1.5091 1.6057 4.0375 -5.0833 2.3026 55.4739 -4.6696 -1.6086
Car -1 -1 -4.7818 523.7270 182.0497 552.8771 207.0625 1.5464 1.6492 4.2779 -4.8925 2.1930 48.5087 -4.8823 -2.8238
Car -1 -1 -5.3941 706.2971 174.8290 774.7080 204.1787 1.5523 1.6163 4.0022 7.2401 1.6690 40.5922 -5.2193 -2.8322
Car -1 -1 -4.6276 458.7526 184.8351 478.8147 201.8897 1.5255 1.5812 3.6891 -13.5284 2.7055 69.1574 -4.8205 -2.8595
Car -1 -1 -4.7513 550.6104 182.4777 568.3205 198.5431 1.4661 1.5670 3.7933 -4.9566 2.4282 70.1806 -4.8220 -3.0213
Car -1 -1 -4.3952 540.3700 180.4383 574.1106 201.6813 1.6548 1.6098 4.0615 -4.3654 2.3071 59.9184 -4.4681 -3.0560
Car -1 -1 -6.0035 275.4737 187.4940 364.0140 220.2762 1.4898 1.6003 3.6433 -13.9169 2.2123 34.6428 -6.3832 -3.0626
Car -1 -1 -4.5953 525.9064 181.3072 560.2314 210.7853 1.6386 1.5980 3.9678 -4.0018 2.1685 43.2590 -4.6875 -3.1510
Car -1 -1 -4.7119 274.8357 184.1417 294.8500 203.1102 1.6614 1.6745 4.1465 -30.6988 2.7613 68.0917 -5.1343 -3.3374
Car -1 -1 -4.1571 320.1707 185.4523 355.0532 202.6503 1.5891 1.6041 3.5322 -26.9062 2.8671 71.3244 -4.5169 -3.4994
Car -1 -1 -5.6881 1228.6736 196.7759 1241.0000 237.7182 1.6222 1.6826 3.4120 30.3862 2.7645 32.6080 -4.9432 -3.7659
Car -1 -1 -4.7783 899.3888 176.0031 920.8511 193.2908 1.5997 1.6478 3.8972 28.9169 1.9125 69.6437 -4.3866 -3.8741
Car -1 -1 -4.2484 129.6641 194.3157 205.2073 227.8977 1.4299 1.5775 3.8545 -21.5553 2.5370 35.2459 -4.7942 -3.9800
Car -1 -1 -4.6848 543.7724 180.3560 564.2267 199.0086 1.5818 1.7259 4.1437 -5.0373 2.2792 64.9989 -4.7622 -4.0463
Car -1 -1 -5.0002 447.0803 185.3364 479.6263 204.1965 1.5701 1.7264 4.3518 -13.3635 2.7428 65.4743 -5.2012 -4.1667
Car -1 -1 -4.8093 226.0022 183.5308 252.8270 205.7542 1.6800 1.5510 4.1652 -30.2532 2.5820 58.8042 -5.2829 -4.2378
Car -1 -1 -4.3288 63.5276 192.8029 155.1052 230.6937 1.4479 1.8292 4.4606 -22.4075 2.4104 32.4477 -4.9296 -4.2587
Car -1 -1 -4.5321 1.6857 176.7783 59.4323 211.2625 1.7608 1.6939 4.4601 -31.8615 1.9895 39.7456 -5.2047 -4.2866
Car -1 -1 -4.3863 542.1698 181.0081 579.6581 203.1420 1.5804 1.6579 4.0487 -3.7441 2.2293 55.2849 -4.4541 -4.4668
Car -1 -1 -4.9733 687.8116 176.5382 718.6925 194.9760 1.4381 1.5648 3.8249 7.5708 1.7496 59.0770 -4.8469 -4.4968
Car -1 -1 -4.6255 207.9627 181.6692 235.0057 202.7523 1.6134 1.6136 3.8903 -31.7993 2.3606 59.0814 -5.1176 -4.6944
Car -1 -1 -4.1928 470.3661 184.1400 502.7722 199.3958 1.4026 1.6027 3.5429 -12.1578 2.5454 71.1434 -4.3619 -4.7612
Car -1 -1 -3.3965 799.2751 170.0558 905.7860 207.9776 1.4738 1.5993 3.7652 9.6216 1.3648 28.9580 -3.0791 -4.9731
Car -1 -1 -3.0682 968.0491 174.0504 1045.0656 200.5263 1.6411 1.7170 4.2658 25.6489 1.7215 46.7714 -2.5696 -5.0413
Car -1 -1 -5.0147 711.9717 171.7404 752.2183 196.9680 1.6441 1.5970 3.9029 8.2197 1.5713 49.0666 -4.8501 -5.1427
Car -1 -1 -5.2371 186.1518 190.5674 237.6373 214.1314 1.5324 1.5673 3.6541 -28.1609 2.8229 50.9657 -5.7399 -5.1774
Car -1 -1 -4.7806 635.8671 181.8488 676.0690 217.8007 1.5621 1.6231 4.0276 2.0933 2.0156 34.3818 -4.7210 -5.1962
Car -1 -1 -5.0386 560.2970 178.5021 595.4830 196.1676 1.4789 1.7069 4.7418 -2.9409 2.0035 64.5335 -5.0844 -5.3993
Car -1 -1 -4.8890 557.5730 182.3211 592.9944 204.9139 1.4883 1.7361 4.7710 -2.5924 2.2055 52.1632 -4.9389 -5.4381
Car -1 -1 -4.8742 651.3354 175.9304 681.9857 199.1668 1.6406 1.6516 3.8792 4.1304 1.8769 53.4778 -4.7979 -5.4417
Car -1 -1 -6.0632 0.0000 205.1593 5.0209 246.0421 1.4467 1.6189 3.5931 -27.3993 2.8455 29.6531 -6.8048 -5.5498
Car -1 -1 -4.9860 510.6046 182.0113 542.6887 201.0354 1.5526 1.7187 4.2131 -7.3780 2.3852 63.3515 -5.1019 -5.6289
Car -1 -1 -4.8093 567.8623 180.3807 592.4206 198.9261 1.4476 1.6603 3.9736 -2.5438 2.0959 60.0951 -4.8518 -5.6760
Car -1 -1 -4.3890 580.8665 180.5186 622.6837 202.3025 1.3639 1.6127 4.1194 -0.5405 1.9069 48.9368 -4.4004 -5.6903
Car -1 -1 -4.4698 589.8423 177.6047 621.8938 197.1707 1.4929 1.6494 4.1313 -0.3202 1.8911 58.3256 -4.4757 -5.6965
Car -1 -1 -4.7430 570.5054 179.9807 593.4081 199.8253 1.4179 1.6171 4.1244 -2.2051 1.9835 55.1861 -4.7832 -5.7254
Car -1 -1 -7.1677 20.1810 179.2455 104.9791 211.4531 1.6429 1.6361 3.8332 -29.9170 2.0100 39.5283 -7.8125 -5.7584
Car -1 -1 -4.5881 595.3093 177.6641 625.3566 199.4047 1.5496 1.7399 4.5130 0.0410 1.9304 54.8151 -4.5878 -5.7687
Car -1 -1 -5.0562 576.8701 178.4154 617.5969 200.9970 1.5264 1.6620 4.0470 -0.9961 1.9441 52.0366 -5.0757 -5.8260
Car -1 -1 -4.6871 592.5790 177.8723 612.3230 195.3880 1.4118 1.5810 3.9238 -0.6390 1.8513 61.2623 -4.6978 -5.8867
Car -1 -1 -4.6410 516.3183 180.9418 536.6158 197.6901 1.4893 1.6277 3.9425 -7.8767 2.2749 68.1026 -4.7561 -5.8867
Car -1 -1 -6.9165 0.0000 0.0000 1241.0000 374.0000 1.5532 1.5939 3.8076 -2.1023 1.6571 1.0031 -7.9393 -5.8867
Car -1 -1 -2.1245 0.0000 193.5480 0.0000 374.0000 1.5304 1.6056 4.0343 -7.6144 1.7282 5.8594 -3.0171 -6.1702
Car -1 -1 -4.5539 435.1347 182.5576 462.2581 203.3516 1.5113 1.4911 3.7104 -12.5354 2.2911 56.1078 -4.7731 -6.7006
