Car -1 -1 -4.8590 403.0675 190.1067 435.0835 214.0167 1.5247 1.6601 3.7063 -13.5491 2.7917 50.9719 -5.1180 -1.3175
Car -1 -1 -5.1586 592.1405 185.2986 640.4941 209.2285 1.4753 1.6011 4.2571 0.3447 2.3610 49.1069 -5.1522 -1.8437
Car -1 -1 -8.1817 734.4891 174.6950 770.7944 195.5234 1.5983 1.6461 3.9930 11.3584 1.7509 57.8286 -7.9892 -1.8505
Car -1 -1 -4.5767 542.5734 186.2093 569.6004 207.5075 1.6437 1.7756 3.5128 -4.4591 2.7830 59.7603 -4.6513 -2.4640
Car -1 -1 -4.7259 579.6314 185.3711 604.9101 208.3813 1.4008 1.6206 4.1759 -1.2532 2.2761 48.3500 -4.7522 -3.0399
Car -1 -1 -4.8592 725.6492 174.2355 763.2443 202.6594 1.6421 1.6362 4.2380 8.1148 1.7303 44.0391 -4.6787 -3.1778
Car -1 -1 -7.9367 725.6191 176.5701 774.9377 217.9593 1.5735 1.6583 3.9136 5.6856 1.7373 29.8280 -7.7508 -3.3677
Car -1 -1 -6.5375 496.5514 186.0148 560.9498 212.5984 1.4934 1.5427 3.5608 -4.9083 2.3066 43.2391 -6.6504 -3.4079
Car -1 -1 -4.6012 22.2857 197.7726 73.4685 232.7122 1.5207 1.6252 3.5583 -28.1079 2.8347 36.1161 -5.2592 -3.4983
Car -1 -1 -4.3165 286.0426 189.7080 325.3778 212.3132 1.7858 1.7199 3.9434 -26.0822 3.2779 61.9165 -4.7140 -3.5826
Car -1 -1 -8.5472 619.7441 183.5348 675.5343 206.4791 1.4652 1.5980 4.1311 2.5414 2.2394 50.1918 -8.4975 -3.8814
Car -1 -1 -4.6072 540.9653 186.8046 569.8730 210.0770 1.4811 1.6272 3.6138 -3.7741 2.4819 49.9450 -4.6828 -3.9021
Car -1 -1 -4.8200 702.1677 175.8804 735.3339 202.6898 1.5578 1.5937 3.8791 6.6024 1.7517 44.3384 -4.6736 -3.9789
Car -1 -1 -4.8342 533.6721 186.3428 561.8700 208.1095 1.4618 1.6043 3.8310 -4.6363 2.4909 53.0252 -4.9215 -4.0411
Car -1 -1 -4.3315 308.3446 190.6210 365.2234 220.8567 1.4049 1.5795 3.4410 -14.0978 2.3659 37.3041 -4.6909 -4.0592
Car -1 -1 -4.4962 91.9634 180.0662 135.1232 208.8746 1.6899 1.5356 3.3321 -30.9933 2.1584 45.0742 -5.0960 -4.1920
Car -1 -1 -4.8739 707.4010 177.1447 739.1832 198.0117 1.4091 1.6521 3.6820 7.9884 1.7250 51.3304 -4.7208 -4.2795
Car -1 -1 -4.8933 422.9720 189.1468 456.0453 213.2269 1.5585 1.6348 3.8391 -12.2577 2.7706 51.6077 -5.1258 -4.3358
Car -1 -1 -7.2339 341.2712 195.4634 386.9949 216.6124 1.5280 1.6455 3.7305 -19.9045 3.4235 58.4794 -7.5610 -4.3437
Car -1 -1 -8.3294 514.9160 185.9545 556.3527 208.0871 1.7034 1.8869 3.8351 -6.2576 2.8340 60.1650 -8.4331 -4.4209
Car -1 -1 -4.7664 518.8373 185.8469 546.9623 210.8792 1.5587 1.6825 4.2580 -5.3583 2.4898 49.4874 -4.8742 -4.6551
Car -1 -1 -4.8452 713.4621 175.9485 741.8792 197.1545 1.6009 1.6898 4.0259 9.2447 1.8542 57.1001 -4.6859 -4.7979
Car -1 -1 -2.6564 466.2744 184.0396 542.5511 213.0213 1.5818 1.6906 4.0746 -6.1758 2.2554 41.9962 -2.8020 -4.8533
Car -1 -1 -4.5681 681.7556 174.6882 704.1017 191.6611 1.5385 1.5682 3.7604 7.8036 1.7159 67.8591 -4.4545 -4.9426
Car -1 -1 -4.7466 655.7666 184.1485 680.7377 207.8884 1.4325 1.4914 3.7271 3.7474 2.2013 47.2359 -4.6685 -4.9895
Car -1 -1 -4.6698 631.9938 180.3216 668.4347 213.1134 1.6286 1.7938 4.4294 2.1983 2.0574 39.1703 -4.6148 -5.0483
Car -1 -1 -4.6385 613.4956 186.8129 638.0656 207.0312 1.5121 1.7156 4.0995 1.2979 2.6945 59.0143 -4.6171 -5.3969
Car -1 -1 -4.5004 634.9598 179.7871 674.1332 209.2554 1.6599 1.6213 3.7174 2.6987 2.0978 43.5961 -4.4396 -5.3970
Car -1 -1 -5.0496 623.2192 183.1578 666.7691 207.3309 1.4442 1.5920 4.0071 2.1992 2.1470 47.0859 -5.0037 -5.5971
Car -1 -1 -4.6843 44.3051 195.0037 90.5928 230.6290 1.6731 1.8682 4.3048 -29.3212 2.9418 39.0412 -5.3254 -5.6216
Car -1 -1 -4.6816 573.4062 181.9245 605.3240 212.1134 1.4836 1.5886 3.5336 -1.0947 1.9868 38.2890 -4.7106 -5.6767
Car -1 -1 -4.9254 565.5660 184.7800 594.5696 204.7407 1.5714 1.6450 4.0597 -2.6140 2.6246 61.5687 -4.9681 -5.7228
Car -1 -1 -4.7411 481.7847 183.7515 503.4744 205.7126 1.7107 1.6743 3.9499 -9.8749 2.6541 60.3863 -4.9030 -5.7426
Car -1 -1 -4.7138 584.7269 180.2064 607.8480 202.9022 1.5548 1.6233 3.7299 -1.0340 2.1090 52.5321 -4.7339 -5.8479
Car -1 -1 -4.5241 501.8883 182.9040 529.9144 202.7391 1.5507 1.6222 3.9348 -7.8729 2.4206 60.4603 -4.6535 -5.8867
Car -1 -1 -6.9726 0.0000 0.0000 1241.0000 374.0000 1.5035 1.6006 3.8484 -2.0863 1.5937 1.3724 -7.8744 -5.8867
Car -1 -1 -3.4937 0.0000 201.6075 0.0000 374.0000 1.5209 1.6098 3.9630 -6.2782 1.6848 2.1292 -4.6976 -5.8867
Car -1 -1 -6.7023 0.0000 0.0000 1241.0000 374.0000 1.5581 1.5914 3.8074 -3.7086 1.7013 1.0035 -7.9389 -5.8867
Car -1 -1 -4.6871 593.0571 180.4841 612.3733 198.5586 1.4932 1.5984 3.9497 -0.6361 2.1830 63.2731 -4.6976 -5.8867
Car -1 -1 -2.1350 0.0000 197.4746 72.4418 228.3813 1.6978 1.6712 4.2471 -34.7871 3.2324 43.4932 -2.8068 -5.9947
Car -1 -1 -7.8888 606.2362 182.7896 641.0724 216.7469 1.6662 1.7101 4.6036 0.6461 2.2360 39.0787 -7.8730 -6.2436
