Car -1 -1 -5.5050 588.6099 184.2336 642.5974 205.8823 1.4202 1.5677 3.8337 0.3373 2.2583 51.2504 -5.4990 -0.1029
Car -1 -1 -4.6532 537.1553 183.4369 559.0204 203.1864 1.5619 1.6134 4.1642 -5.2630 2.4933 61.4205 -4.7388 -0.4134
Car -1 -1 -4.8165 538.7427 184.1125 561.1920 202.9049 1.6019 1.6345 4.0639 -5.5608 2.6686 66.2306 -4.9004 -1.3647
Car -1 -1 -7.0742 2.7620 192.3262 97.8606 227.0228 1.6150 1.6922 3.8959 -29.3252 2.6928 37.9103 -7.7293 -2.4497
Car -1 -1 -4.7240 706.4775 177.0782 729.0483 199.4732 1.5528 1.5720 3.3841 7.7821 1.8702 52.4851 -4.5781 -2.4859
Car -1 -1 -4.2858 577.9836 178.2032 629.4954 204.3805 1.6281 1.7557 4.4663 -0.3912 2.0033 48.2529 -4.2944 -2.5271
Car -1 -1 -4.2512 161.2948 180.5612 210.5709 201.4936 1.5329 1.6296 4.1930 -33.2004 2.1598 56.5672 -4.7801 -2.7832
Car -1 -1 -4.6584 745.8265 177.3783 777.6237 205.7905 1.4672 1.5317 3.6889 8.3809 1.7293 39.8694 -4.4532 -3.0147
Car -1 -1 -4.5317 509.8923 182.1070 545.9496 206.4271 1.4526 1.6156 4.0840 -5.3057 2.0791 46.7813 -4.6444 -3.1864
Car -1 -1 -5.3303 696.5715 173.4041 762.1971 202.6130 1.5706 1.6196 4.0616 6.6902 1.6033 41.0608 -5.1704 -3.3183
Car -1 -1 -5.0074 670.2781 177.5836 699.6487 195.9224 1.7222 1.7357 4.1628 7.3309 2.2025 71.1091 -4.9055 -3.4693
Car -1 -1 -4.7424 629.5170 180.7156 662.7690 211.1530 1.5439 1.6912 4.1989 1.9072 2.0003 39.8031 -4.6955 -3.7901
Car -1 -1 -4.9709 1086.7029 171.5744 1129.2559 194.1502 1.5515 1.6550 3.4645 35.4528 1.4632 51.4948 -4.3709 -3.9716
Car -1 -1 -3.8985 911.8415 182.6087 972.7044 205.4535 1.7612 1.7580 4.5140 26.9174 2.5731 58.5186 -3.4698 -4.0379
Car -1 -1 -6.5442 613.5822 180.5482 674.0062 205.2500 1.4874 1.5755 3.5002 2.0710 1.9825 45.3057 -6.4994 -4.1105
Car -1 -1 -4.1050 321.6049 184.3166 368.7224 207.4565 1.6639 1.5222 3.8158 -20.5069 2.5847 55.9411 -4.4552 -4.1167
Car -1 -1 -4.6995 147.8517 181.7395 172.7191 202.3758 1.4775 1.5651 3.5844 -34.4420 2.1817 55.2680 -5.2548 -4.1990
Car -1 -1 -4.4872 694.2047 177.6799 719.0035 194.3225 1.5763 1.6834 3.5718 9.5712 2.0670 71.4490 -4.3550 -4.2248
Car -1 -1 -5.1386 84.1484 190.7713 141.9363 219.0062 1.4710 1.5203 3.1944 -28.2421 2.5240 40.9409 -5.7397 -4.3876
Car -1 -1 -4.2683 516.1915 181.6951 557.0251 204.1376 1.5859 1.7046 3.5621 -5.5329 2.2775 54.4991 -4.3695 -4.5236
Car -1 -1 -5.3119 619.4611 180.0376 667.7084 202.6967 1.6171 1.6292 4.1217 2.4899 2.1866 55.0569 -5.2675 -4.5530
Car -1 -1 -4.3970 3.8194 197.5634 77.0449 232.8037 1.4932 1.6935 3.9407 -28.1252 2.7893 35.7159 -5.0606 -4.5589
Car -1 -1 -5.0071 488.6437 182.5152 526.6805 203.3938 1.5011 1.7792 4.2358 -8.0529 2.2853 56.2944 -5.1490 -4.6341
Car -1 -1 -4.7198 602.7390 183.0693 624.5839 203.6790 1.5462 1.7042 4.3386 0.2498 2.4043 58.4577 -4.7161 -4.7484
Car -1 -1 -5.3429 127.1129 189.3137 213.1712 221.3977 1.5044 1.5805 4.2275 -22.5745 2.3824 36.9579 -5.8882 -4.7850
Car -1 -1 -4.3361 351.8133 181.1134 401.1514 206.3728 1.4465 1.6497 3.6848 -14.3591 1.9766 44.4479 -4.6472 -4.9180
Car -1 -1 -7.7242 871.0069 179.9449 917.9643 212.2067 1.4350 1.5783 4.6739 14.0458 1.8083 35.5890 -7.3517 -4.9701
Car -1 -1 -5.1927 550.7708 182.7328 588.4811 202.8397 1.7313 1.7595 4.1270 -3.7792 2.6725 66.5370 -5.2497 -5.0741
Car -1 -1 -4.8992 603.8629 181.3711 642.0142 210.8268 1.5030 1.4940 3.3138 0.6323 1.9909 39.5959 -4.8840 -5.1107
Car -1 -1 -5.1001 459.1971 182.3553 499.5767 204.3409 1.5837 1.6074 4.2248 -10.2211 2.3513 56.1012 -5.2799 -5.4338
Car -1 -1 -2.3965 366.8937 182.5998 427.9312 206.4496 1.5911 1.5726 4.1915 -15.0973 2.3031 51.1043 -2.6827 -5.4950
Car -1 -1 -5.2069 550.1404 182.3100 591.5873 202.6011 1.6194 1.7319 4.2667 -3.4250 2.4611 61.9738 -5.2623 -5.5080
Car -1 -1 -4.9047 447.7497 184.9949 472.3314 203.4523 1.6067 1.5399 3.8825 -14.1050 2.7798 67.6444 -5.1099 -5.6163
Car -1 -1 -4.8093 334.0932 180.4899 369.6672 206.4274 1.4456 1.6316 4.2133 -15.7402 1.9326 43.7932 -5.1527 -5.6823
Car -1 -1 -4.5559 501.4568 183.1390 527.9951 203.4399 1.5779 1.6160 3.7887 -7.9054 2.4593 59.9372 -4.6869 -5.7007
Car -1 -1 -4.5980 370.2838 184.3632 398.1605 204.0005 1.4173 1.6274 4.1879 -17.7813 2.3594 56.8741 -4.9000 -5.7479
Car -1 -1 -4.8393 479.5549 179.5734 504.5197 199.0273 1.5893 1.6530 3.8729 -10.2675 2.1904 62.4845 -5.0019 -5.7725
Car -1 -1 -4.3797 461.3217 183.4725 493.4434 202.4202 1.6601 1.7333 4.0695 -12.4335 2.6886 67.7624 -4.5609 -5.8657
Car -1 -1 -4.3662 400.7752 181.1415 437.2083 200.0108 1.4395 1.6515 3.8782 -15.5474 2.1377 58.8086 -4.6239 -5.8867
Car -1 -1 -4.4576 0.0000 184.4402 0.0000 214.1838 1.5172 1.6503 4.0116 -41.6105 2.2037 40.6220 -5.2519 -5.8867
Car -1 -1 -4.7861 1152.8165 169.4418 1185.8312 189.6733 1.4435 1.6322 3.9918 41.4701 1.1998 53.5975 -4.1304 -5.8867
Car -1 -1 -4.8334 1204.3531 170.2263 1241.0000 192.8515 1.4628 1.6344 3.9873 41.4716 1.2926 48.7664 -4.1318 -5.8867
Car -1 -1 -4.2725 376.2447 180.5547 418.5037 200.5244 1.4382 1.6245 3.8761 -16.3533 2.0528 55.5763 -4.5577 -5.8867
Car -1 -1 -4.5994 39.2257 182.6175 74.3868 204.3216 1.5107 1.6503 4.0161 -41.6088 2.2742 54.3013 -5.2510 -5.8867
Car -1 -1 -4.7570 1126.6721 170.7055 1155.8451 190.3401 1.4776 1.6441 3.9994 41.4711 1.3156 56.4205 -4.1259 -5.8867
Car -1 -1 -4.5160 509.9692 182.0260 536.3738 199.9459 1.5291 1.6466 3.9632 -7.8924 2.3897 65.6930 -4.6355 -5.8867
Car -1 -1 -4.5089 578.4481 179.7395 606.6659 197.9411 1.4534 1.6415 3.9076 -1.4707 2.0573 61.2481 -4.5332 -5.8867
Car -1 -1 -4.4764 383.9255 181.9287 414.9414 200.6589 1.4574 1.5965 3.9633 -17.5254 2.2385 60.1148 -4.7592 -5.8867
Car -1 -1 -4.3675 422.7450 182.9363 454.8016 200.2969 1.5114 1.6628 3.9734 -15.9467 2.4802 67.2854 -4.5997 -5.8867
Car -1 -1 -4.7308 468.8672 178.2502 493.4227 200.7054 1.4691 1.6088 4.0292 -9.0565 1.8614 50.3634 -4.9081 -5.8867
Car -1 -1 -4.8100 1177.4229 170.1246 1214.2863 191.4126 1.4476 1.6317 3.9874 41.4710 1.2617 51.1803 -4.1321 -5.8867
Car -1 -1 -4.4197 223.4600 185.9392 262.8160 212.8524 1.8526 1.5702 3.8133 -27.2480 2.8616 53.6411 -4.8880 -7.2449
