Car -1 -1 -4.7423 610.1012 181.4191 638.7050 208.7310 1.4864 1.5555 3.5968 0.7707 2.0086 42.2101 -4.7247 -0.4720
Car -1 -1 -4.6069 666.7040 176.9350 702.0646 206.6048 1.5755 1.5938 3.9982 4.2355 1.8192 41.0190 -4.5053 -0.5113
Car -1 -1 -4.7296 528.1354 181.5690 552.0585 203.3826 1.4531 1.6341 3.9783 -5.0791 2.1034 51.7895 -4.8273 -1.2197
Car -1 -1 -7.9838 638.4202 180.3288 689.5045 219.3902 1.5402 1.6888 3.9463 2.2256 1.8845 31.2438 -7.9140 -2.1188
Car -1 -1 -4.3006 716.2159 175.7235 751.5543 194.8185 1.7682 1.7569 4.4121 12.0051 2.0549 69.8400 -4.1315 -2.2704
Car -1 -1 -5.5151 524.9388 180.3006 570.7517 198.6195 1.5332 1.6477 4.0211 -5.5427 2.2114 63.8439 -5.6017 -3.1924
Car -1 -1 -4.4483 69.8840 184.2685 122.8130 213.7459 1.6288 1.6206 3.9699 -31.0459 2.3533 43.6714 -5.0636 -3.4804
Car -1 -1 -4.3865 257.0512 182.9578 292.9465 200.8857 1.6083 1.7935 4.5050 -32.3208 2.6167 69.6967 -4.8195 -3.4903
Car -1 -1 -7.9016 1160.8179 191.2905 1208.4518 225.7158 1.5541 1.6941 3.9517 29.2976 2.5510 36.9242 -7.2354 -3.5471
Car -1 -1 -8.3589 718.7689 174.9956 777.1196 206.0626 1.5166 1.5069 3.3776 7.0396 1.6325 37.3167 -8.1744 -3.8104
Car -1 -1 -4.7454 189.3393 183.9048 217.7796 210.0674 1.9517 1.8537 4.9503 -33.0779 2.8890 58.6178 -5.2574 -4.0628
Car -1 -1 -4.6589 950.3146 180.7228 976.8127 207.0988 1.9097 1.6399 3.8693 27.2298 2.5383 55.5785 -4.2059 -4.0993
Car -1 -1 -5.3082 897.3098 183.0998 948.0923 204.3862 1.5034 1.6257 3.9160 23.7605 2.3141 55.0353 -4.9031 -4.1000
Car -1 -1 -6.7182 6.2288 194.5279 123.1346 232.3020 1.3330 1.5808 3.4794 -22.2889 2.2779 29.5573 -7.3602 -4.1931
Car -1 -1 -4.3976 598.7615 180.1094 639.4491 204.8510 1.5242 1.6091 3.7516 0.6114 2.0238 47.6786 -4.3854 -4.4448
Car -1 -1 -6.1545 266.7926 188.2334 351.7283 220.1844 1.4202 1.5453 3.5722 -14.3279 2.1800 34.4480 -6.5463 -4.6418
Car -1 -1 -8.0928 235.2473 187.1551 272.6133 214.4692 1.9491 1.7102 3.9157 -27.5336 3.0932 55.6868 -8.5504 -4.7303
Car -1 -1 -4.9763 533.0447 178.5182 573.9745 204.7010 1.6067 1.6486 4.1614 -3.7982 1.9967 47.4807 -5.0561 -4.7536
Car -1 -1 -7.7595 234.3607 177.2164 261.0741 200.1403 1.9247 1.7090 4.2802 -31.9946 2.3238 63.7605 -8.2231 -4.8659
Car -1 -1 -4.2071 477.0410 183.0849 508.8971 198.3903 1.4092 1.5456 3.6000 -11.5037 2.4434 71.0034 -4.3675 -4.9081
Car -1 -1 -4.4096 599.8588 177.7240 639.5287 200.2917 1.5403 1.6459 4.4456 0.7282 1.9113 52.6375 -4.3963 -4.9185
Car -1 -1 -5.1752 556.2925 178.5076 600.4008 198.5870 1.5956 1.8189 4.7179 -2.7613 2.0949 61.2507 -5.2205 -4.9729
Car -1 -1 -4.9590 575.0104 181.7949 616.3439 207.2253 1.5400 1.7382 4.2071 -1.0283 2.1567 47.5403 -4.9810 -5.1201
Car -1 -1 -4.3048 391.3406 181.6105 440.0256 203.3122 1.3978 1.7431 4.2575 -13.5667 2.0375 50.5076 -4.5663 -5.1600
Car -1 -1 -7.0695 338.0596 201.8209 1238.3199 374.0000 1.4016 1.6864 4.1177 0.9781 1.6090 3.4045 -6.8146 -5.1955
Car -1 -1 -4.8873 514.3597 177.8279 551.2938 206.7888 1.7683 1.7244 3.9202 -5.0927 2.1060 46.9085 -4.9953 -5.5094
Car -1 -1 -7.5222 288.0778 180.9681 321.0708 198.0858 1.5721 1.6790 4.2306 -29.8068 2.3888 70.4876 -7.9211 -5.5217
Car -1 -1 -4.3238 422.1413 181.9899 461.9195 204.2149 1.5200 1.5050 3.8342 -12.3223 2.2164 53.0139 -4.5515 -5.5707
Car -1 -1 -4.7826 573.0197 179.2367 599.1783 201.2027 1.4827 1.5892 4.2091 -1.7941 1.9630 52.1458 -4.8173 -5.6404
Car -1 -1 -4.8163 494.2397 180.1190 521.2144 202.5562 1.5393 1.5919 3.4595 -7.5114 2.0873 52.5851 -4.9579 -5.7166
Car -1 -1 -4.7137 488.0816 180.5443 506.7288 197.2113 1.4070 1.6081 3.9933 -10.1592 2.1212 64.9436 -4.8686 -5.7241
Car -1 -1 -7.6247 289.1238 185.8483 318.3368 206.4565 1.7190 1.6106 3.6812 -27.4018 2.9171 64.5952 -8.0247 -5.7473
Car -1 -1 -4.3788 391.7582 183.0912 433.5934 203.5630 1.4023 1.6849 4.3282 -14.6969 2.1975 53.8568 -4.6443 -5.7956
Car -1 -1 -4.4886 371.0499 184.4285 404.8426 205.8826 1.5283 1.6492 3.9662 -17.1024 2.4531 55.6357 -4.7859 -5.8013
Car -1 -1 -4.7775 414.6372 183.2141 435.4974 201.2588 1.5859 1.6475 3.9787 -17.4794 2.5931 68.0253 -5.0285 -5.8084
Car -1 -1 -4.9709 685.8477 178.4538 712.3583 194.6171 1.4604 1.5464 3.9135 8.4239 2.0087 68.6514 -4.8497 -5.8696
Car -1 -1 -4.6840 505.2756 179.5972 525.0074 197.1408 1.4411 1.5952 3.9412 -8.2626 2.0475 62.8806 -4.8145 -5.8867
Car -1 -1 -4.6011 39.2567 184.3938 74.3410 206.5019 1.5294 1.6529 4.0095 -41.6056 2.4317 54.2962 -5.2527 -5.8867
Car -1 -1 -4.3264 365.0605 181.5609 408.7077 203.6017 1.4661 1.6247 3.9187 -15.9342 2.1130 51.6147 -4.6247 -5.8867
Car -1 -1 -4.6935 597.0870 176.7543 617.0676 194.4000 1.3797 1.5709 3.9112 -0.2391 1.7103 59.2511 -4.6979 -5.8867
Car -1 -1 -4.2989 336.5353 183.3121 389.9662 209.9264 1.5007 1.6440 3.9758 -15.1307 2.1729 44.3489 -4.6262 -5.8867
Car -1 -1 -4.6469 94.8162 183.7855 122.9625 203.8037 1.5380 1.6552 4.0136 -41.6049 2.4782 59.9294 -5.2519 -5.8867
Car -1 -1 -4.5216 0.0000 184.0387 0.0000 210.1646 1.5304 1.6542 4.0159 -41.6091 2.2804 46.2539 -5.2514 -5.8867
Car -1 -1 -4.6723 125.1572 184.1889 149.8650 203.0691 1.5393 1.6561 4.0120 -41.6028 2.5711 63.5521 -5.2502 -5.8867
Car -1 -1 -6.9166 0.0000 0.0000 1241.0000 374.0000 1.5515 1.5928 3.8069 -2.1021 1.6527 1.0035 -7.9392 -5.8867
Car -1 -1 -4.5501 0.0000 184.6518 19.7896 209.1957 1.5259 1.6536 4.0141 -41.6070 2.3631 49.0707 -5.2509 -5.8867
Car -1 -1 -4.4782 431.6223 180.8667 459.5245 197.4387 1.4370 1.6317 3.9600 -15.1329 2.1970 66.4787 -4.7015 -5.8867
Car -1 -1 -4.7367 584.8955 177.7478 603.9255 194.3651 1.4022 1.5874 3.9892 -1.4339 1.8505 64.1097 -4.7594 -5.8867
Car -1 -1 -4.5737 6.7477 183.5893 46.2614 206.4527 1.4998 1.6455 4.0102 -41.6079 2.2974 51.4860 -5.2510 -5.8867
Car -1 -1 -5.1856 630.2525 175.3686 673.6411 197.6469 1.5520 1.5560 3.9042 2.9978 1.7432 52.8393 -5.1297 -6.0608
Car -1 -1 -4.3235 69.0866 189.1608 118.4328 212.7489 1.5236 1.5618 3.7020 -36.6829 2.7279 51.3224 -4.9418 -6.1513
Car -1 -1 -4.8538 929.7161 183.0296 958.4448 207.8961 1.7575 1.4340 3.8462 25.2669 2.5578 54.7208 -4.4238 -6.5322
