Car -1 -1 -7.8176 600.4269 180.0772 629.3980 206.5479 1.4629 1.5891 3.6212 0.2904 1.9087 42.7231 -7.8114 0.5078
Car -1 -1 -7.4319 89.8847 175.2611 150.0665 201.5487 1.7130 1.7305 4.5177 -33.7722 1.8869 49.8270 -8.0252 -1.3063
Car -1 -1 -4.6641 534.7606 179.4976 560.8519 202.2918 1.5674 1.7074 4.3523 -4.5676 2.0765 53.1090 -4.7499 -1.7497
Car -1 -1 -4.7612 635.8237 176.1167 662.0102 201.5068 1.7522 1.6823 4.3374 2.7635 1.9992 52.5241 -4.7094 -2.0186
Car -1 -1 -4.4095 25.9233 178.4049 76.8413 202.5753 1.5031 1.5826 3.8747 -37.0608 1.8876 47.9224 -5.0653 -2.2394
Car -1 -1 -5.0019 720.1990 179.3777 748.8067 196.3641 1.4594 1.5728 3.6353 11.2203 2.0672 65.3508 -4.8330 -2.4853
Car -1 -1 -4.6570 548.4326 179.4413 569.7380 198.3008 1.5591 1.6425 3.9599 -4.4422 2.1525 63.0338 -4.7275 -2.7116
Car -1 -1 -7.2663 131.4460 179.9860 191.4358 206.0075 1.8411 1.7398 4.3118 -33.7806 2.4005 54.4340 -7.8197 -3.6502
Car -1 -1 -7.4050 670.5931 179.3817 724.4247 210.4639 1.5315 1.6375 3.1016 4.6061 1.8911 38.0335 -7.2860 -3.7182
Car -1 -1 -4.7179 236.4396 189.1356 268.6494 217.7956 1.5141 1.6428 4.2420 -21.3193 2.5342 42.9563 -5.1764 -3.8598
Car -1 -1 -5.3871 234.3538 189.7266 332.0589 227.1530 1.4852 1.6564 4.2255 -14.4888 2.2697 31.8627 -5.8111 -3.9389
Car -1 -1 -4.6066 551.5193 180.2541 573.7217 198.4212 1.5796 1.6353 3.9191 -4.3488 2.2802 66.3495 -4.6723 -4.0050
Car -1 -1 -5.5928 273.9330 186.8244 318.7969 205.1203 1.5371 1.5814 3.4095 -27.7190 2.7948 63.7363 -6.0018 -4.2072
Car -1 -1 -4.4738 486.3953 183.4255 515.8741 203.7119 1.5298 1.5829 3.4158 -8.7488 2.4057 58.0291 -4.6232 -4.3101
Car -1 -1 -5.2761 301.1401 186.2821 339.6297 202.9899 1.4737 1.5846 3.8167 -27.4204 2.7760 68.2316 -5.6572 -4.3768
Car -1 -1 -4.0952 121.5307 191.2957 194.7199 218.7397 1.4848 1.5897 4.3126 -27.6072 2.6704 44.1964 -4.6511 -4.5752
Car -1 -1 -4.6218 522.7184 180.5843 552.5661 206.0364 1.5888 1.6344 3.9761 -4.8298 2.1267 48.2469 -4.7215 -4.8389
Car -1 -1 -4.8163 443.0168 181.8529 466.7690 201.3845 1.5670 1.5951 3.8891 -13.3607 2.3651 61.9164 -5.0283 -4.8577
Car -1 -1 -4.8656 434.7959 182.7035 463.0239 202.6626 1.4886 1.6241 3.9984 -13.0290 2.3109 58.1015 -5.0856 -4.9449
Car -1 -1 -5.0355 510.9001 182.4894 547.9294 202.6203 1.4837 1.6974 4.1606 -6.4960 2.2821 57.5701 -5.1478 -4.9465
Car -1 -1 -4.5029 197.2548 191.4804 243.3388 219.7077 1.5629 1.6731 4.3369 -24.4398 2.7924 45.3235 -4.9953 -5.0321
Car -1 -1 -4.5278 239.7597 194.2887 289.6881 227.0041 1.3861 1.5173 3.8264 -16.8581 2.4949 35.2919 -4.9709 -5.0662
Car -1 -1 -5.2024 552.8422 177.6587 596.4343 200.4480 1.5979 1.6227 3.8073 -2.6885 1.9676 53.5069 -5.2528 -5.1985
Car -1 -1 -5.1798 337.2714 185.8392 389.9455 209.9289 1.6011 1.8018 4.4861 -18.0103 2.5865 52.5549 -5.5088 -5.4697
Car -1 -1 -4.5530 394.8521 184.2616 423.2195 203.8737 1.5281 1.6648 4.1661 -16.9442 2.5248 60.8992 -4.8236 -5.6538
Car -1 -1 -4.7124 524.2668 178.1507 543.9555 195.6740 1.4492 1.6570 4.1398 -6.6626 1.9280 63.1151 -4.8175 -5.7007
Car -1 -1 -4.4688 371.3341 181.7594 410.1160 203.9418 1.4199 1.6179 4.1321 -15.1633 2.0624 49.9778 -4.7622 -5.7264
Car -1 -1 -4.4197 592.1519 178.4311 630.3962 199.8766 1.4542 1.6387 4.1852 0.1090 1.8758 52.3337 -4.4181 -5.7596
Car -1 -1 -4.9918 486.5833 179.9550 518.0442 199.0562 1.5644 1.6497 4.0752 -9.4476 2.2049 62.9227 -5.1406 -5.7752
Car -1 -1 -4.8920 577.0476 178.2256 603.6503 195.6478 1.4128 1.5795 4.0502 -1.7458 1.8899 61.9784 -4.9204 -5.7879
Car -1 -1 -4.5372 407.2946 180.6931 436.2802 199.6427 1.4272 1.5866 3.9846 -15.1377 2.0803 58.0878 -4.7914 -5.8613
Car -1 -1 -4.3426 418.0891 181.2536 453.3062 198.8249 1.4309 1.6522 3.9839 -15.1569 2.1863 62.8329 -4.5787 -5.8867
Car -1 -1 -4.6231 68.4645 184.1311 99.8731 205.0623 1.5276 1.6516 4.0124 -41.6051 2.4535 57.1166 -5.2506 -5.8867
Car -1 -1 -4.8357 600.0823 177.2667 625.9219 195.7175 1.3972 1.5847 3.9411 0.1797 1.7622 57.6731 -4.8331 -5.8867
Car -1 -1 -4.6547 105.3506 184.0964 132.3055 203.6471 1.5316 1.6538 4.0115 -41.6038 2.5173 61.1390 -5.2503 -5.8867
Car -1 -1 -4.6678 606.1980 176.7879 626.9370 194.0137 1.3838 1.5811 3.8830 0.5561 1.7260 60.8477 -4.6591 -5.8867
Car -1 -1 -4.6910 579.4961 177.9203 602.2709 200.8980 1.6388 1.6334 4.1296 -1.4387 2.0354 54.4440 -4.7177 -6.0243
Car -1 -1 -7.6278 497.8656 178.6445 534.6693 204.1943 1.7885 1.7601 4.5077 -6.9753 2.2394 53.8927 -7.7564 -6.2196
