Car -1 -1 -4.3992 330.5270 190.6219 375.7424 215.0292 1.4606 1.7014 3.9474 -17.0871 2.6935 48.0813 -4.7393 4.3450
Car -1 -1 -6.1508 744.1595 175.0284 811.4431 200.3708 1.5955 1.6199 4.1079 10.9354 1.7417 47.1577 -5.9247 0.0530
Car -1 -1 -4.7440 771.1793 171.0282 800.6022 197.7847 1.5855 1.6343 4.1018 10.8737 1.4770 44.9302 -4.5084 -0.9412
Car -1 -1 -4.5918 524.6324 183.8386 555.9064 208.2842 1.4663 1.5678 3.9541 -4.5397 2.2129 47.0676 -4.6879 -1.1600
Car -1 -1 -8.8582 846.8492 177.0311 919.0054 204.7806 1.5673 1.6304 3.7631 16.3091 1.8294 43.3441 -8.5010 -1.6218
Car -1 -1 -3.0892 540.6995 183.0479 607.1968 206.4919 1.4352 1.6354 4.1285 -2.2806 2.0923 45.7085 -3.1393 -1.9703
Car -1 -1 -4.4343 1064.6113 185.6792 1114.1238 213.3369 1.6278 1.6621 3.8176 30.6010 2.4799 46.0797 -3.8516 -2.0782
Car -1 -1 -4.7623 794.0024 174.8131 824.9696 202.5144 1.6237 1.6433 3.7412 12.2474 1.7499 44.5804 -4.4964 -2.3193
Car -1 -1 -4.8288 549.0663 182.5595 574.0613 201.2888 1.5260 1.7025 4.2355 -4.3091 2.4078 63.3450 -4.8969 -2.6520
Car -1 -1 -8.9448 981.0157 161.5086 1147.2091 224.0981 1.5155 1.5616 3.4344 12.0012 1.2405 19.3440 -8.3966 -2.7117
Car -1 -1 -4.9478 987.2098 175.9469 1029.6772 201.4510 1.5604 1.5928 3.5715 25.6126 1.7679 46.5457 -4.4478 -2.7645
Car -1 -1 -4.8650 658.6206 178.7164 691.1068 203.8169 1.4474 1.4674 3.4232 3.8994 1.8204 44.1838 -4.7781 -3.0123
Car -1 -1 -8.3789 628.3468 177.9232 694.7795 210.2612 1.6314 1.6719 4.3120 2.7074 1.9243 39.4271 -8.3114 -3.1331
Car -1 -1 -4.8003 637.6565 177.6351 659.7538 195.8336 1.5129 1.5941 3.7277 3.3207 1.9418 62.8703 -4.7482 -3.1892
Car -1 -1 -8.5747 1177.7363 181.7716 1241.0000 215.4230 1.5289 1.5946 3.5480 30.1293 1.9898 35.5230 -7.8759 -3.2298
Car -1 -1 -4.9771 358.6146 184.6849 390.1546 203.9905 1.6209 1.6567 4.3030 -21.4721 2.7332 65.5975 -5.2926 -3.5390
Car -1 -1 -4.3974 693.9337 174.1224 741.2320 200.5108 1.5496 1.6472 4.3630 6.7141 1.6324 44.9148 -4.2504 -3.6794
Car -1 -1 -4.3117 197.0274 179.1732 238.7475 200.5403 1.7125 1.6450 4.0742 -33.2110 2.2664 61.1790 -4.8074 -4.0219
Car -1 -1 -4.2697 0.0000 192.5622 48.3140 233.3325 1.6474 1.5711 3.8369 -27.7650 2.6098 33.1935 -4.9625 -4.0239
Car -1 -1 -4.9828 1169.1804 176.9528 1215.8839 200.5560 1.4971 1.6069 3.2383 38.8204 1.7808 48.1968 -4.3081 -4.2381
Car -1 -1 -7.9558 166.8795 179.8162 199.5570 203.1483 1.7253 1.7816 4.4844 -33.8178 2.2982 57.0790 -8.4889 -4.3134
Car -1 -1 -4.8004 657.6727 179.5781 684.1435 202.3782 1.4701 1.4658 3.9066 4.1225 1.9507 49.6372 -4.7185 -4.3188
Car -1 -1 -4.6070 196.9942 184.1317 229.2179 206.9026 1.6127 1.7103 4.5877 -30.7604 2.5254 55.9696 -5.1078 -4.3683
Car -1 -1 -4.5437 553.5897 183.0117 579.4564 202.0263 1.4730 1.5374 3.7636 -3.6051 2.3440 59.9368 -4.6040 -4.4280
Car -1 -1 -5.2346 361.7021 187.7941 414.8307 213.3516 1.4482 1.5559 3.6159 -13.8247 2.4127 44.7939 -5.5327 -4.6945
Car -1 -1 -3.5944 1133.6166 174.9408 1241.0000 212.7179 1.5759 1.7030 4.0075 25.5164 1.6704 31.5126 -2.9188 -4.7300
Car -1 -1 -4.5602 1127.2067 182.4914 1175.0349 213.6346 1.5709 1.6176 3.2462 29.3596 2.1168 39.1744 -3.9211 -4.7559
Car -1 -1 -3.8893 612.4077 180.4801 665.2039 202.2631 1.4299 1.5102 3.6220 2.0005 1.9802 50.3424 -3.8503 -4.7859
Car -1 -1 -4.9379 449.4601 184.0388 474.8998 200.6391 1.4517 1.5222 3.8493 -13.9670 2.5368 67.9511 -5.1403 -4.8239
Car -1 -1 -4.4993 535.0208 182.6560 567.7994 204.9593 1.6105 1.7153 4.0981 -4.5421 2.4018 56.1290 -4.5801 -4.8918
Car -1 -1 -6.4337 672.2717 178.5139 747.2427 208.5792 1.5335 1.5859 3.7041 5.1663 1.8372 37.9359 -6.2999 -5.0219
Car -1 -1 -5.0014 531.3663 178.7136 570.3180 203.5043 1.6816 1.6092 4.4579 -4.3772 2.1264 52.4325 -5.0848 -5.0457
Car -1 -1 -4.8165 743.9387 174.2016 768.3519 196.1414 1.7411 1.5790 3.7552 11.9808 1.8554 59.4407 -4.6189 -5.0463
Car -1 -1 -4.5890 116.1311 185.4815 161.1324 216.7121 1.6487 1.6378 4.7762 -27.8031 2.4382 42.6233 -5.1644 -5.1305
Car -1 -1 -3.9715 383.6808 185.0189 447.4307 211.6441 1.4733 1.5300 3.8727 -11.8024 2.2478 43.8888 -4.2331 -5.3045
Car -1 -1 -8.5374 903.5963 208.8694 1241.0000 374.0000 1.4112 1.5063 3.3572 2.6687 1.6505 3.1065 -7.8744 -5.4472
Car -1 -1 -4.5163 515.3111 179.8587 542.3420 197.1061 1.4320 1.6024 4.1211 -7.1579 2.0712 63.7498 -4.6280 -5.8113
Car -1 -1 -4.7245 489.0247 179.5433 508.3354 197.8544 1.5244 1.6321 3.9172 -9.8663 2.1333 63.6430 -4.8780 -5.8429
Car -1 -1 -4.7734 478.1854 178.9730 503.1006 199.9555 1.4863 1.6145 3.8953 -9.0580 1.9650 54.4033 -4.9380 -5.8527
Car -1 -1 -4.7958 1160.6505 173.4683 1195.5077 195.3846 1.5350 1.6589 4.0007 41.4759 1.5815 52.7834 -4.1327 -5.8867
Car -1 -1 -4.5230 0.0000 184.4250 0.0000 210.3348 1.5151 1.6492 4.0106 -41.6082 2.2909 46.2518 -5.2528 -5.8867
Car -1 -1 -4.5573 607.5717 177.4109 635.0288 195.8430 1.4026 1.6229 3.9323 0.9160 1.7818 58.0071 -4.5420 -5.8867
Car -1 -1 -4.5572 0.0000 182.4500 28.8503 205.7481 1.4844 1.6426 4.0116 -41.6105 2.1760 49.8803 -5.2499 -5.8867
Car -1 -1 -4.8182 1186.0496 171.4221 1224.5933 193.6939 1.4893 1.6450 3.9963 41.4729 1.3933 50.3725 -4.1325 -5.8867
Car -1 -1 -4.8941 1241.0000 168.7680 1241.0000 194.4747 1.4614 1.6342 3.9874 41.4699 1.2288 43.1346 -4.1320 -5.8867
Car -1 -1 -4.7389 1106.2010 172.9225 1132.7616 191.9805 1.4974 1.6483 3.9946 41.4740 1.5029 58.8287 -4.1275 -5.8867
Car -1 -1 -4.7598 1126.6509 173.5065 1156.1559 193.6742 1.5136 1.6536 3.9963 41.4750 1.5662 56.4112 -4.1286 -5.8867
Car -1 -1 -4.6345 609.6326 177.0673 631.9426 194.3524 1.4232 1.6315 3.9571 0.9390 1.7995 62.4507 -4.6199 -5.8867
Car -1 -1 -4.8837 386.7047 183.8073 421.2670 206.1978 1.4488 1.6539 4.2550 -14.6837 2.2601 51.1888 -5.1620 -5.8867
Car -1 -1 -4.8440 1241.0000 170.3774 1241.0000 195.3472 1.4894 1.6300 4.0098 41.4388 1.3414 45.1494 -4.1049 -5.9299
Car -1 -1 -4.6087 560.5199 182.1265 580.8685 199.4799 1.6151 1.6398 3.5615 -3.8576 2.5496 70.9185 -4.6633 -5.9531
Car -1 -1 -4.5195 472.0494 182.9504 496.6500 201.3517 1.7041 1.7014 3.6845 -12.3033 2.7194 70.7204 -4.6915 -6.1948
Car -1 -1 -4.9416 1209.1603 172.8455 1241.0000 195.9909 1.4680 1.7238 4.0586 41.4463 1.4671 47.9601 -4.2322 -6.2516
Car -1 -1 -4.4532 412.2140 181.9055 445.4362 203.1037 1.4911 1.5160 3.7267 -13.6025 2.1945 54.2268 -4.6982 -6.2970
Car -1 -1 -5.1504 955.7377 193.4539 999.7876 215.6348 1.5565 1.5253 3.9320 28.6130 3.2206 56.3113 -4.6831 -6.8573
