Car -1 -1 -4.6303 532.5658 180.8071 560.3445 203.4990 1.5142 1.6530 4.0775 -4.5378 2.1055 51.6240 -4.7180 -0.1484
Car -1 -1 -5.1237 596.6658 182.0446 644.7109 207.1738 1.3628 1.5237 3.5605 0.5483 1.9282 42.4820 -5.1114 -1.0380
Car -1 -1 -8.0963 702.8617 171.8374 753.2395 206.0613 1.7200 1.6735 4.1827 6.1765 1.6686 38.4174 -7.9386 -1.9249
Car -1 -1 -4.7479 614.7246 179.8462 640.9811 203.1678 1.4508 1.6025 3.5405 1.1160 1.9303 47.7338 -4.7252 -2.3389
Car -1 -1 -4.6343 550.5137 179.9140 571.7000 198.6631 1.5610 1.5649 3.8768 -4.2970 2.2009 63.4851 -4.7021 -2.5504
Car -1 -1 -4.6308 520.6572 181.0764 549.0256 205.6982 1.4925 1.5368 3.7115 -4.8779 2.0475 46.8598 -4.7344 -2.6114
Car -1 -1 -7.6856 293.9829 177.1438 321.2618 196.2910 1.7709 1.7121 4.5147 -29.3916 2.2021 70.1965 -8.0810 -3.0115
Car -1 -1 -4.5799 163.8251 190.8376 209.4712 223.6346 1.4292 1.5189 2.9794 -20.4877 2.3413 34.9384 -5.1072 -3.0440
Car -1 -1 -3.4443 607.8651 176.1653 674.0416 199.1034 1.5850 1.6967 4.4278 2.1739 1.8282 51.6523 -3.4029 -3.2185
Car -1 -1 -4.8909 722.3551 173.8246 747.3698 190.5694 1.4525 1.5800 3.6287 11.1289 1.5416 64.6225 -4.7214 -3.4034
Car -1 -1 -7.8041 185.4753 183.8207 216.0730 213.1300 1.8454 1.6135 3.8696 -27.8278 2.6230 49.0867 -8.3178 -3.5787
Car -1 -1 -8.2318 1054.7003 189.6979 1117.5345 219.9003 1.5704 1.6942 3.9439 27.5608 2.5987 41.9613 -7.6545 -3.7142
Car -1 -1 -5.8126 105.1162 188.0842 187.0818 215.9953 1.5947 1.6588 3.8044 -27.8424 2.5305 43.3391 -6.3811 -3.7204
Car -1 -1 -5.4126 718.1502 172.2678 776.8373 196.5908 1.5418 1.6523 3.9624 9.0353 1.5044 47.8694 -5.2275 -4.1444
Car -1 -1 -4.6661 955.9072 178.2214 979.4253 198.2094 1.5200 1.5356 3.5776 28.6667 1.9644 57.8456 -4.2084 -4.2382
Car -1 -1 -3.9864 311.8234 183.3053 358.1277 201.8899 1.5363 1.6536 3.9324 -24.4344 2.4964 64.1742 -4.3491 -4.3052
Car -1 -1 -4.3811 268.2121 183.6086 341.0673 222.6307 1.5190 1.6258 4.2209 -13.2375 2.0194 31.4348 -4.7770 -4.3826
Car -1 -1 -4.9764 420.0128 182.4316 454.4963 203.0591 1.4986 1.6215 4.0745 -13.6159 2.2787 56.6169 -5.2117 -4.3856
Car -1 -1 -4.8661 304.0919 188.9989 351.8093 222.0698 1.4697 1.6441 3.9745 -14.2640 2.3288 36.2773 -5.2387 -4.4134
Car -1 -1 -5.9465 513.6591 178.0908 574.3369 197.1885 1.5656 1.8508 4.8044 -5.6319 2.0220 61.4436 -6.0379 -4.4271
Car -1 -1 -8.0095 881.2533 176.0335 908.1783 198.1198 1.9547 1.6794 4.1523 26.2584 2.2581 66.7036 -7.6364 -4.4635
Car -1 -1 -5.1158 633.3108 178.8192 680.4921 205.1393 1.5583 1.5804 3.8774 2.8891 1.9536 45.7587 -5.0537 -4.4841
Car -1 -1 -3.3762 470.0862 178.9018 580.0374 221.9783 1.4423 1.5456 3.6593 -3.1020 1.6704 25.8979 -3.4949 -4.4885
Car -1 -1 -4.9733 583.7739 182.3348 623.4694 207.4785 1.5296 1.6317 4.0181 -0.5017 2.1840 47.6726 -4.9843 -4.7172
Car -1 -1 -4.5566 118.2789 187.0549 152.4458 210.3692 1.5835 1.5477 3.7494 -35.1769 2.6761 53.5035 -5.1361 -4.8324
Car -1 -1 -5.0636 506.8817 182.5329 546.9833 203.0106 1.4431 1.6756 4.2855 -6.4379 2.2153 55.3029 -5.1794 -4.8372
Car -1 -1 -4.8952 303.5310 183.7200 330.9535 202.4847 1.6320 1.6521 4.1374 -27.4231 2.6808 67.4752 -5.2801 -4.9193
Car -1 -1 -4.7231 1225.7675 188.1674 1241.0000 226.9080 1.4553 1.6661 4.4104 27.5776 2.1614 31.0708 -4.0024 -5.0076
Car -1 -1 -4.3144 358.2896 186.5798 393.5546 206.6636 1.5569 1.6098 3.3746 -19.4755 2.7327 60.0754 -4.6269 -5.0305
Car -1 -1 -2.6207 355.2374 180.7278 432.2328 205.9186 1.5827 1.7597 4.5985 -14.2758 2.1166 47.5777 -2.9110 -5.2035
Car -1 -1 -4.8981 501.3636 179.2607 543.6671 209.1014 1.6180 1.7284 4.0808 -5.2116 2.0127 42.2763 -5.0205 -5.2349
Car -1 -1 -5.2130 552.0700 180.0996 601.9200 201.5634 1.5607 1.8068 4.8364 -2.6767 2.1554 56.7122 -5.2604 -5.2443
Car -1 -1 -3.7028 156.7730 191.1001 239.9545 222.1883 1.6116 1.5656 3.9850 -23.9310 2.7277 42.0233 -4.2181 -5.2603
Car -1 -1 -4.4516 337.2643 188.9689 383.7600 216.3261 1.4884 1.6669 4.0845 -15.1201 2.5137 43.8215 -4.7824 -5.2696
Car -1 -1 -4.6321 445.8768 180.9541 468.4243 200.3290 1.5139 1.5166 4.1456 -12.7724 2.2151 60.3325 -4.8402 -5.3041
Car -1 -1 -4.0598 0.0000 190.7722 159.7119 259.8662 1.5223 1.7327 4.0826 -14.0939 2.0456 19.0245 -4.6909 -5.3217
Car -1 -1 -4.2804 458.1206 182.2042 494.3099 201.2523 1.6585 1.7588 4.0993 -12.4346 2.5574 67.1884 -4.4630 -5.3961
Car -1 -1 -4.6314 349.8918 183.8264 377.8566 205.0724 1.3663 1.5443 3.8869 -17.2570 2.1673 50.6165 -4.9587 -5.5503
Car -1 -1 -4.8672 204.7544 181.4608 240.0766 205.4738 1.7516 1.7868 4.3865 -30.4404 2.4533 56.5621 -5.3592 -5.7245
Car -1 -1 -5.0201 482.3782 179.5176 515.6121 198.7478 1.5260 1.6301 4.0136 -9.4291 2.1081 60.9123 -5.1734 -5.7364
Car -1 -1 -4.6864 615.6462 176.0205 636.9806 194.3099 1.4103 1.6258 4.1116 1.3250 1.6757 58.4561 -4.6642 -5.7816
Car -1 -1 -4.6954 507.9408 178.4321 528.8107 197.8810 1.5070 1.6320 3.9912 -7.5097 1.9802 59.1699 -4.8215 -5.8213
Car -1 -1 -4.6749 401.1105 181.5676 422.0850 200.5050 1.5645 1.6370 3.9386 -17.4947 2.3583 63.6501 -4.9425 -5.8359
Car -1 -1 -4.5335 590.9930 178.0784 622.0406 199.0900 1.4350 1.5873 3.9012 -0.2446 1.8287 52.3600 -4.5386 -5.8393
Car -1 -1 -4.6171 334.3396 183.4549 359.5570 203.2094 1.5851 1.6658 4.0911 -22.7474 2.5342 62.4340 -4.9654 -5.8463
Car -1 -1 -4.7929 590.5520 176.0163 615.5774 195.9066 1.4977 1.6489 4.0959 -0.6103 1.7570 57.1160 -4.8039 -5.8821
Car -1 -1 -4.5254 425.6878 179.8685 453.5177 197.0154 1.3969 1.6361 3.9563 -14.7307 2.0231 62.4390 -4.7564 -5.8867
Car -1 -1 -4.5542 0.0000 182.4042 24.2846 206.0808 1.4963 1.6458 4.0133 -41.6107 2.1793 49.4751 -5.2510 -5.8867
Car -1 -1 -4.4936 0.0000 180.8111 0.0000 207.1875 1.4770 1.6447 4.0193 -41.6145 1.9839 43.8469 -5.2499 -5.8867
Car -1 -1 -4.7662 582.9647 177.1485 604.4930 194.7712 1.3933 1.5735 3.9859 -1.4094 1.7629 60.0943 -4.7899 -5.8867
Car -1 -1 -4.6677 576.3824 177.8684 601.5608 199.2735 1.4097 1.5871 3.9698 -1.4673 1.7739 50.4504 -4.6970 -5.8867
Car -1 -1 -6.9164 0.0000 0.0000 1241.0000 374.0000 1.5520 1.5938 3.8071 -2.1024 1.6535 1.0028 -7.9392 -5.8867
Car -1 -1 -6.5570 528.9071 179.1468 601.1683 206.5806 1.5841 1.7562 4.0587 -2.7759 1.9793 43.8518 -6.6204 -6.0113
