Car -1 -1 -4.6538 526.4992 178.2842 552.3047 200.9344 1.4984 1.5760 4.0019 -4.9592 1.8953 50.7372 -4.7511 -1.5003
Car -1 -1 -7.9323 1157.9843 191.4434 1206.4163 223.9556 1.4962 1.6602 3.7842 29.6850 2.5162 37.5681 -7.2681 -2.2096
Car -1 -1 -4.5738 694.3132 173.4026 731.7698 201.3922 1.5591 1.6256 4.2146 6.0841 1.5928 42.5290 -4.4331 -2.4414
Car -1 -1 -4.8380 297.0687 182.4468 321.3602 202.9611 1.8714 1.6899 3.9784 -29.2116 2.8299 69.9746 -5.2324 -2.6754
Car -1 -1 -5.5371 318.4568 185.1220 393.5595 213.2811 1.4995 1.6232 4.0246 -14.5821 2.2278 41.3116 -5.8748 -3.4532
Car -1 -1 -4.6308 33.1592 192.6518 79.2670 225.3241 1.4910 1.5765 3.9008 -28.7562 2.5765 37.5018 -5.2817 -3.5830
Car -1 -1 -7.4240 487.3170 178.4566 538.8587 207.4429 1.5558 1.5825 3.5846 -5.5480 1.8923 41.4261 -7.5568 -3.6649
Car -1 -1 -4.5292 636.3098 176.6290 660.3099 192.3812 1.4791 1.6567 4.0090 3.7758 1.8610 70.9197 -4.4766 -3.7160
Car -1 -1 -8.3037 550.7754 180.3790 603.0799 206.2021 1.3762 1.5535 3.6960 -1.9894 1.8306 41.6089 -8.3517 -3.7348
Car -1 -1 -6.0492 119.2037 190.4497 197.5631 219.6167 1.5213 1.5982 3.4518 -25.3237 2.5408 40.5125 -6.6051 -3.7496
Car -1 -1 -4.8035 635.0994 177.9659 674.5508 211.2473 1.4819 1.5463 3.6166 2.0549 1.7391 34.5224 -4.7452 -3.7880
Car -1 -1 -4.6906 232.5582 188.4684 265.4193 216.1604 1.4712 1.6571 4.1434 -21.5364 2.4513 43.0737 -5.1521 -3.8695
Car -1 -1 -4.7572 369.0652 181.5129 399.8860 205.1228 1.3974 1.7152 3.9907 -14.5906 1.9807 46.4646 -5.0602 -3.9543
Car -1 -1 -5.1009 615.5129 177.4600 646.4709 193.1868 1.4708 1.6599 3.9539 2.0098 1.9366 70.8778 -5.0731 -3.9715
Car -1 -1 -4.9156 679.7444 173.4299 708.7770 191.7554 1.5073 1.6449 4.1750 7.1330 1.5579 61.6365 -4.8013 -4.1022
Car -1 -1 -6.5459 1030.8872 179.6689 1147.8890 219.0545 1.7478 1.7508 4.2834 22.4506 2.0832 34.0359 -5.9673 -4.2383
Car -1 -1 -4.1997 678.4079 172.5377 729.5547 197.7880 1.5270 1.6176 3.6674 5.9386 1.5076 45.5888 -4.0714 -4.2724
Car -1 -1 -5.1892 500.3956 178.6460 555.1242 204.5789 1.5909 1.6930 4.5357 -5.5201 1.9922 47.6714 -5.3043 -4.3930
Car -1 -1 -4.4019 313.5706 184.2910 343.1265 203.6927 1.7884 1.5992 3.8542 -27.6172 2.9416 70.8050 -4.7729 -4.6699
Car -1 -1 -4.6042 1187.4939 194.7583 1241.0000 231.5503 1.5546 1.5948 3.8947 29.0668 2.6667 34.7127 -3.9120 -4.7069
Car -1 -1 -5.0827 146.3171 189.9214 205.7350 220.4619 1.4165 1.4631 3.4439 -22.2698 2.3284 36.9278 -5.6224 -4.7783
Car -1 -1 -4.6653 251.6189 187.2364 297.4962 224.1801 1.4678 1.6777 3.9939 -15.0912 2.1588 32.5183 -5.0970 -4.8196
Car -1 -1 -5.8827 21.7445 181.7204 112.1325 210.7680 1.6338 1.8004 3.8838 -32.1184 2.1751 42.7375 -6.5243 -4.8923
Car -1 -1 -4.5547 321.3319 181.4081 367.5005 213.3120 1.5113 1.6460 3.8878 -13.7217 1.9783 37.3517 -4.9048 -4.9057
Car -1 -1 -7.9119 606.7956 178.8078 643.7137 211.7397 1.4673 1.5472 3.7981 0.6465 1.7698 34.7733 -7.8940 -4.9300
Car -1 -1 -4.3039 0.0000 186.0025 48.6042 217.8143 1.6182 1.7182 3.6904 -33.3336 2.3903 40.3759 -4.9910 -5.1925
Car -1 -1 -4.2490 206.9407 186.9755 256.5572 208.6599 1.4611 1.6490 3.9361 -27.8401 2.5404 53.1800 -4.7295 -5.3320
Car -1 -1 -4.8087 605.1734 177.1922 632.2420 198.0792 1.4775 1.6063 4.4388 0.5857 1.8172 54.2671 -4.7984 -5.3583
Car -1 -1 -2.3130 432.1331 178.7573 478.1819 197.1457 1.6328 1.6374 4.4230 -14.4759 2.1988 67.2658 -2.5245 -5.3682
Car -1 -1 -4.7743 589.5862 177.0388 617.3976 197.9053 1.3636 1.6700 4.1286 -0.5222 1.6663 50.1225 -4.7851 -5.4206
Car -1 -1 -4.8018 564.2448 176.3281 590.5397 195.5045 1.4098 1.6581 4.2847 -2.5994 1.6903 56.0897 -4.8483 -5.4499
Car -1 -1 -4.5871 414.1639 182.7506 437.6143 199.4087 1.4645 1.6392 4.1619 -17.3816 2.4291 68.1766 -4.8361 -5.6406
Car -1 -1 -7.0693 0.0000 203.5847 88.7562 374.0000 1.5661 1.6470 4.1461 -7.1779 1.9391 6.6791 -7.8707 -5.6479
Car -1 -1 -6.7617 618.0381 236.6091 1241.0000 374.0000 1.3869 1.6097 3.4784 1.7177 1.7194 2.9536 -6.2788 -5.6561
Car -1 -1 -4.7241 567.9692 177.7054 594.9906 204.1446 1.5784 1.6415 3.9613 -1.8728 1.8999 45.8388 -4.7652 -5.6660
Car -1 -1 -4.8771 478.9387 179.6128 505.1841 196.7925 1.4359 1.6407 4.1856 -10.5677 2.0592 64.3210 -5.0397 -5.6900
Car -1 -1 -4.7978 343.7079 184.2429 377.7168 210.0275 1.5082 1.6927 4.6861 -16.2742 2.2872 46.8843 -5.1305 -5.7188
Car -1 -1 -4.3183 365.5643 183.4931 400.1713 199.8072 1.4391 1.6543 4.1965 -21.5782 2.4828 68.6372 -4.6221 -5.7266
Car -1 -1 -4.9513 472.0215 178.7488 506.1035 200.0949 1.5546 1.6826 4.0943 -9.4482 2.0298 55.9849 -5.1181 -5.7274
Car -1 -1 -4.3947 587.0403 176.0270 624.1597 195.2278 1.4216 1.6539 4.2767 -0.3262 1.6796 56.4659 -4.4008 -5.7534
Car -1 -1 -4.4924 401.9542 179.2185 435.2324 199.8142 1.5367 1.6702 4.2285 -15.1795 2.0608 57.3053 -4.7505 -5.7685
Car -1 -1 -4.8657 504.7099 177.6125 530.0071 196.6198 1.6066 1.6518 3.8854 -8.2861 2.0431 64.1337 -4.9941 -5.7806
Car -1 -1 -4.5456 348.3467 183.2997 374.1151 200.2292 1.4885 1.6526 4.0426 -23.4953 2.5063 68.1972 -4.8765 -5.7995
Car -1 -1 -4.5095 497.7142 178.6044 527.0489 196.8720 1.3848 1.5667 3.9906 -7.8382 1.8633 58.0289 -4.6435 -5.8355
Car -1 -1 -6.9385 729.6725 163.3448 805.3774 195.0355 1.7828 1.6626 4.1873 9.1931 1.2476 42.2402 -6.7260 -5.8612
Car -1 -1 -4.7892 573.0520 176.3589 595.9172 193.6865 1.3901 1.6116 4.0921 -2.2083 1.6958 60.8702 -4.8257 -5.8754
Car -1 -1 -4.6872 592.9174 176.1835 612.1758 192.6748 1.3557 1.5622 3.9008 -0.6396 1.6509 62.0694 -4.6978 -5.8867
Car -1 -1 -4.4300 394.6096 179.2488 427.5276 197.2648 1.3954 1.5752 3.9176 -16.3180 1.9377 59.2532 -4.6979 -5.8867
Car -1 -1 -4.6421 490.6399 178.7652 510.6260 194.5682 1.4053 1.5812 3.9700 -10.2592 1.9766 67.7333 -4.7922 -5.8867
Car -1 -1 -4.6794 586.7346 176.3614 607.4845 193.9873 1.3703 1.5673 3.9074 -1.0495 1.6656 58.8425 -4.6975 -5.8867
Car -1 -1 -4.6463 381.6139 178.9231 405.5195 197.4081 1.4077 1.5941 3.9714 -17.5235 1.9168 58.4478 -4.9366 -5.8867
Car -1 -1 -4.5248 360.6386 180.3866 396.0058 203.5730 1.4847 1.6052 3.9355 -15.9028 2.0234 49.5849 -4.8340 -5.8867
Car -1 -1 -6.6119 0.0000 171.4332 23.0156 374.0000 1.5518 1.6511 3.8205 -5.2857 1.5492 3.2103 -7.5993 -6.0078
Car -1 -1 -2.4258 424.2025 179.5588 476.3622 198.5421 1.6273 1.8582 4.4698 -14.4345 2.2491 65.0668 -2.6436 -6.0110
Car -1 -1 -5.1749 354.3541 187.3285 393.0393 206.3031 1.5648 1.6341 4.1033 -21.2163 2.9020 64.6410 -5.4911 -7.1354
