Car -1 -1 -4.7519 720.2849 176.8472 744.3587 200.4452 1.6015 1.5354 3.8743 8.6951 1.8983 51.6688 -4.5866 0.0370
Car -1 -1 -5.2577 1109.3973 183.0782 1174.5304 210.1077 1.5884 1.5957 3.7588 33.6516 2.2647 45.8090 -4.6277 -0.0689
Car -1 -1 -4.7161 539.2943 187.1528 559.0195 207.1632 1.5722 1.6195 3.6303 -5.1984 2.8231 61.2565 -4.8010 -0.1178
Car -1 -1 -4.6400 589.6927 182.5276 619.0582 206.7032 1.4824 1.6484 4.5946 -0.3648 2.1633 48.4655 -4.6481 -2.0213
Car -1 -1 -8.2073 724.7714 176.4361 769.8450 200.7028 1.4985 1.6310 3.9181 8.8995 1.7430 47.2352 -8.0227 -2.0491
Car -1 -1 -4.9128 715.4396 174.0590 746.1113 195.5340 1.5911 1.5974 3.7931 9.2390 1.6869 55.6013 -4.7494 -2.0804
Car -1 -1 -6.0575 500.6284 185.1920 558.6934 207.5477 1.5394 1.6315 3.8817 -5.7809 2.4435 51.8579 -6.1684 -2.1159
Car -1 -1 -4.5927 649.4673 178.6520 677.6050 201.7532 1.5290 1.5533 3.6263 3.7589 1.9512 50.6535 -4.5196 -2.3864
Car -1 -1 -4.7458 629.1693 183.3389 651.4038 203.9887 1.5583 1.6595 3.8692 2.3932 2.4342 58.3587 -4.7056 -2.6618
Car -1 -1 -4.9268 0.0000 185.3134 44.8937 217.7079 1.5813 1.7166 4.2801 -32.0949 2.2847 38.7573 -5.6152 -2.7483
Car -1 -1 -4.4960 601.7664 180.7514 634.6544 203.7200 1.5720 1.6034 3.9618 0.6125 2.1744 52.9464 -4.4850 -2.9887
Car -1 -1 -4.1155 164.7295 191.9150 242.6217 222.7182 1.4753 1.6449 4.1498 -22.0861 2.5708 39.3433 -4.6244 -3.5388
Car -1 -1 -4.5538 531.3018 185.7645 558.2949 206.8414 1.5599 1.5896 3.6614 -5.1977 2.6237 57.5871 -4.6440 -3.5536
Car -1 -1 -6.2122 547.8958 181.3510 611.3489 204.6512 1.6213 1.7319 4.4422 -2.1767 2.2421 51.8141 -6.2545 -3.6563
Car -1 -1 -4.8835 1026.8024 181.0036 1063.4398 205.7288 1.6322 1.5863 3.7480 30.6765 2.2310 51.0062 -4.3451 -3.8354
Car -1 -1 -4.2706 612.3154 181.1004 665.1957 208.2888 1.5080 1.5943 4.0910 1.7520 2.0301 43.5253 -4.2312 -3.9303
Car -1 -1 -8.7616 1080.5643 182.1610 1170.7833 211.1070 1.6291 1.7303 4.3756 31.6257 2.2326 44.4615 -8.1470 -3.9879
Car -1 -1 -8.2736 1143.1410 183.5656 1200.5278 210.2775 1.5574 1.5967 3.3732 35.2140 2.2577 45.3613 -7.6171 -4.1082
Car -1 -1 -4.2111 661.3364 178.4632 718.5173 206.9835 1.5502 1.6423 3.9141 4.6730 1.8934 42.1090 -4.1019 -4.4527
Car -1 -1 -4.7918 553.7548 185.7109 577.1205 206.4019 1.6289 1.6713 3.9589 -3.8505 2.7609 61.4643 -4.8546 -4.5199
Car -1 -1 -5.1801 620.7002 183.1527 660.7318 203.5366 1.6108 1.6581 4.2764 2.5542 2.5226 61.6195 -5.1394 -4.7032
Car -1 -1 -6.1603 1154.2753 185.6514 1241.0000 216.3201 1.5864 1.6466 4.3647 33.9509 2.3560 41.2601 -5.4758 -4.7309
Car -1 -1 -4.0878 282.0227 187.0025 362.2407 221.5190 1.5163 1.6449 3.9915 -14.1414 2.2557 35.5852 -4.4638 -4.7402
Car -1 -1 -3.9644 682.8714 175.9208 753.9066 205.0158 1.5557 1.7006 4.0286 6.1375 1.7375 40.9095 -3.8171 -4.8210
Car -1 -1 -4.8201 605.2194 182.3000 629.9715 201.3943 1.5302 1.6813 4.2037 0.5955 2.3719 62.1481 -4.8111 -4.8248
Car -1 -1 -5.6002 670.5875 177.4728 734.0283 199.9919 1.4934 1.6776 4.3498 6.4352 1.8326 50.8853 -5.4756 -4.9168
Car -1 -1 -5.6121 43.9572 188.3167 138.9856 216.7856 1.4895 1.6082 4.1434 -28.4837 2.3583 39.6465 -6.2321 -4.9205
Car -1 -1 -4.1157 402.8361 188.0568 452.3722 209.9567 1.4994 1.5455 4.2084 -13.8111 2.7000 54.7539 -4.3621 -4.9443
Car -1 -1 -4.5728 210.2241 191.5812 252.0349 223.3925 1.5615 1.5624 3.3791 -20.7006 2.6333 39.4528 -5.0535 -4.9657
Car -1 -1 -4.9780 1205.4689 174.2164 1241.0000 200.0554 1.5160 1.5572 3.7885 38.3529 1.6038 44.5951 -4.2713 -5.0919
Car -1 -1 -4.6981 793.7048 187.7035 817.9932 210.5649 1.4564 1.5851 3.7330 13.7198 2.5388 50.5933 -4.4354 -5.3343
Car -1 -1 -3.8184 332.8131 184.3477 412.8382 213.0144 1.6400 1.7527 4.7714 -14.9851 2.4077 45.7401 -4.1337 -5.4210
Car -1 -1 -4.5070 445.0769 189.0732 474.8278 213.1859 1.7964 1.6218 3.7196 -12.0746 3.1444 58.1196 -4.7114 -5.4637
Car -1 -1 -4.3210 351.3748 183.3859 401.0267 207.9209 1.5038 1.6716 4.2208 -15.5996 2.2396 48.2579 -4.6325 -5.8753
Car -1 -1 -4.9332 1241.0000 168.1065 1241.0000 196.6128 1.4778 1.6406 3.9914 41.4692 1.2314 39.5213 -4.1276 -5.8867
Car -1 -1 -4.8652 1241.0000 166.8881 1241.0000 191.2732 1.4546 1.6393 4.0030 41.4717 1.0984 45.1615 -4.1257 -5.8867
Car -1 -1 -6.9164 0.0000 0.0000 1241.0000 374.0000 1.5534 1.5935 3.8073 -2.1021 1.6596 1.0029 -7.9392 -5.8867
Car -1 -1 -4.8309 1209.0096 168.8135 1241.0000 191.9003 1.4800 1.6464 4.0015 41.4686 1.2207 48.3761 -4.1254 -5.8867
Car -1 -1 -4.8975 1241.0000 167.9632 1241.0000 194.4346 1.4609 1.6375 3.9945 41.4268 1.1907 41.9348 -4.1219 -5.8867
Car -1 -1 -4.4745 583.1777 181.4066 611.8703 199.8157 1.5385 1.6679 4.0033 -1.1015 2.3271 64.4207 -4.4920 -5.8867
Car -1 -1 -4.3583 572.9392 180.3650 622.9591 206.2029 1.4170 1.6191 4.2550 -0.6965 1.8898 43.1695 -4.3749 -6.9785
