Car -1 -1 -4.0655 0.0000 200.9188 132.2822 257.8630 1.4447 1.6051 4.1979 -17.1224 2.4003 22.4757 -4.7110 5.0815
Car -1 -1 -7.6720 600.6866 179.2221 633.8524 203.0877 1.4966 1.5787 3.6980 0.4918 1.9396 48.2625 -7.6624 0.2947
Car -1 -1 -5.1491 626.4092 177.4685 664.6403 197.5436 1.5924 1.5958 4.1293 2.9091 1.9929 60.4640 -5.1016 -1.1809
Car -1 -1 -7.0835 181.5948 183.2309 243.7639 206.8614 1.7685 1.6993 4.5933 -32.1992 2.6458 58.5816 -7.5844 -1.4210
Car -1 -1 -4.7408 529.4152 180.5314 552.6608 204.7974 1.5005 1.4210 3.5655 -4.6142 2.0269 47.6485 -4.8373 -2.1845
Car -1 -1 -6.1039 0.0000 180.1101 81.8859 207.1018 1.6017 1.6944 4.0756 -35.9379 2.0754 45.4337 -6.7704 -2.3785
Car -1 -1 -4.6042 633.9696 176.8343 668.0287 205.2674 1.6330 1.6591 4.0467 2.5185 1.8881 44.1688 -4.5481 -2.5676
Car -1 -1 -3.4766 71.5792 181.8560 164.1075 211.1065 1.6885 1.7543 4.4844 -30.9219 2.2836 45.4030 -4.0720 -2.6224
Car -1 -1 -6.1830 634.2300 180.2077 710.5217 209.6882 1.4766 1.6159 3.8485 3.2572 1.8739 37.8604 -6.0984 -2.8157
Car -1 -1 -4.4945 766.1201 175.0208 803.7127 201.1381 1.5874 1.5628 3.8118 11.2139 1.7321 46.2504 -4.2585 -2.8309
Car -1 -1 -7.5117 168.9560 188.6041 210.3237 211.0106 1.6410 1.6285 3.9588 -33.6890 2.9499 57.8834 -8.0370 -2.9773
Car -1 -1 -4.4223 1.2219 184.8530 63.0931 215.4451 1.4778 1.5782 3.6659 -30.7185 2.1496 38.4159 -5.0935 -3.4229
Car -1 -1 -4.5979 793.5029 179.2826 823.3507 203.2092 1.5125 1.5495 3.5726 13.3619 1.9625 48.6028 -4.3317 -3.5421
Car -1 -1 -3.7217 977.0723 184.6731 1076.7942 221.3654 1.4826 1.6337 3.3200 17.6283 1.9997 30.6674 -3.2047 -3.5769
Car -1 -1 -8.0645 860.2764 176.1944 912.8723 209.3483 1.5178 1.6129 3.9023 13.4908 1.6914 35.4958 -7.7045 -3.6058
Car -1 -1 -7.5575 602.7504 178.7380 655.1924 208.1632 1.4323 1.6988 3.9241 1.0208 1.7601 38.1034 -7.5314 -3.6061
Car -1 -1 -5.1395 1132.3048 184.5176 1201.7352 214.7841 1.5281 1.5429 3.9409 30.8450 2.2104 40.1343 -4.4883 -3.6411
Car -1 -1 -4.4612 706.6010 176.7553 734.0319 193.6762 1.5365 1.6123 4.1338 10.5228 1.9200 68.7600 -4.3104 -3.6425
Car -1 -1 -3.9536 323.0240 187.3868 366.7972 207.0472 1.7384 1.6895 3.9373 -25.3648 3.1731 69.1067 -4.3045 -3.6987
Car -1 -1 -7.8468 954.8400 186.6911 997.0664 223.1845 1.4182 1.5556 3.4084 15.8391 2.0546 31.3308 -7.3831 -3.7586
Car -1 -1 -7.8306 708.0662 171.7981 731.4377 194.1185 1.6679 1.7044 4.5300 8.5687 1.5886 56.2937 -7.6807 -3.7962
Car -1 -1 -3.0670 977.2402 179.9044 1082.7090 225.2434 1.6445 1.6245 3.4768 16.4229 1.9371 28.3304 -2.5468 -3.9948
Car -1 -1 -4.3737 465.7837 184.3291 495.0593 198.8035 1.3113 1.5738 4.0509 -12.7067 2.4717 70.8618 -4.5509 -4.2027
Car -1 -1 -4.6513 546.5751 178.9737 573.1868 202.2573 1.5467 1.6297 4.2317 -3.5461 1.9984 51.1698 -4.7206 -4.3159
Car -1 -1 -4.7182 351.1535 182.1230 384.8541 209.4902 1.4221 1.7428 4.3139 -13.9255 1.9834 41.3910 -5.0412 -4.4521
Car -1 -1 -4.5725 545.0278 182.3681 569.7930 199.4897 1.4796 1.7032 4.3946 -4.8754 2.3938 67.1035 -4.6452 -4.6704
Car -1 -1 -5.0435 410.6514 182.6489 445.7818 202.8780 1.4507 1.5087 3.6785 -14.0607 2.2316 55.5890 -5.2905 -4.7505
Car -1 -1 -7.5814 778.4304 174.1717 831.6325 204.4712 1.4333 1.6247 3.8393 9.8382 1.5032 36.3763 -7.3197 -4.9146
Car -1 -1 -5.5914 1162.8969 189.0140 1241.0000 222.8260 1.4568 1.5852 3.3683 28.7346 2.2722 34.6156 -4.9033 -5.0041
Car -1 -1 -4.2695 391.4114 178.8555 443.6754 203.6839 1.5680 1.6880 4.4411 -13.0377 1.9950 49.0341 -4.5284 -5.2747
Car -1 -1 -4.7646 694.4528 175.8159 713.5422 194.9724 1.6122 1.4678 3.4588 8.1673 1.8781 63.0559 -4.6368 -5.3757
Car -1 -1 -4.8686 356.8124 186.4322 382.6198 205.8693 1.6396 1.6176 4.1574 -22.0875 2.9264 66.1809 -5.1899 -5.3886
Car -1 -1 -4.3901 182.6847 193.0880 233.7810 221.4028 1.6918 1.6824 4.4749 -27.1368 3.1267 48.8268 -4.8954 -5.4065
Car -1 -1 -4.6381 504.7931 178.0533 536.5850 201.8740 1.5152 1.8053 4.8823 -6.0997 1.8892 49.4623 -4.7606 -5.5880
Car -1 -1 -5.1017 479.4042 180.9215 515.7570 199.2224 1.4166 1.6221 3.8749 -9.3677 2.1077 59.7596 -5.2569 -5.7053
Car -1 -1 -4.5505 324.7552 186.5288 350.7580 203.6665 1.5452 1.7022 4.4464 -26.8211 2.9377 71.1475 -4.9101 -5.7539
Car -1 -1 -4.7868 258.7193 185.1663 311.6507 219.6436 1.3367 1.8154 4.5719 -14.5779 1.9268 32.1601 -5.2096 -5.8005
Car -1 -1 -4.8983 461.6163 181.6116 496.4208 205.5504 1.5225 1.6400 3.9977 -9.0790 2.1508 49.6292 -5.0787 -5.8096
Car -1 -1 -6.9478 623.4167 208.4199 1241.0000 374.0000 1.4361 1.6532 3.8437 2.0240 1.6433 3.1334 -6.4174 -5.8324
Car -1 -1 -4.5075 592.7292 178.2201 620.9578 195.5201 1.4280 1.6546 4.1970 -0.2629 1.9139 63.1578 -4.5121 -5.8439
Car -1 -1 -4.8750 390.9901 180.6619 424.7582 201.9738 1.4424 1.6826 4.4686 -14.9042 2.0409 52.9584 -5.1483 -5.8450
Car -1 -1 -4.6061 320.4406 178.8222 357.4271 206.7536 1.5245 1.6231 3.8976 -15.8975 1.8918 42.3627 -4.9634 -5.8725
Car -1 -1 -4.4941 368.6798 180.5791 406.6993 203.3109 1.4373 1.6226 4.1009 -15.1242 1.9860 49.1635 -4.7914 -5.8838
Car -1 -1 -4.6278 72.4196 183.2993 103.2197 203.8364 1.5140 1.6494 4.0105 -41.6066 2.3774 57.5170 -5.2520 -5.8867
Car -1 -1 -4.6438 496.6911 179.8006 517.1104 196.3177 1.4368 1.5954 3.9922 -9.5003 2.0969 66.5402 -4.7854 -5.8867
Car -1 -1 -4.4800 514.2606 178.8834 544.6179 196.4871 1.3798 1.6411 3.9721 -6.6902 1.8986 60.0447 -4.5909 -5.8867
Car -1 -1 -4.4491 416.3096 181.0071 448.4553 199.0630 1.4430 1.6481 4.1241 -15.1484 2.1625 61.6226 -4.6895 -5.8867
Car -1 -1 -4.5652 500.9990 179.2622 526.1524 196.8406 1.4286 1.5862 3.9318 -8.2837 1.9971 62.0601 -4.6977 -5.8867
Car -1 -1 -4.7039 580.1619 179.2970 598.4639 196.2021 1.4376 1.5953 4.0032 -1.8686 2.0350 64.9166 -4.7330 -5.8867
Car -1 -1 -6.9169 0.0000 0.0000 1241.0000 374.0000 1.5405 1.5897 3.8035 -2.1025 1.6150 1.0043 -7.9393 -5.8867
Car -1 -1 -4.6061 47.8752 182.4480 81.9284 203.8193 1.5115 1.6511 4.0165 -41.6090 2.2725 55.1065 -5.2506 -5.8867
Car -1 -1 -4.6657 118.7169 183.5872 144.1724 202.5399 1.5280 1.6541 4.0121 -41.6044 2.4931 62.7499 -5.2494 -5.8867
Car -1 -1 -4.6464 94.8130 183.1285 122.9630 202.9257 1.5243 1.6533 4.0135 -41.6063 2.4080 59.9313 -5.2513 -5.8867
Car -1 -1 -6.6464 727.2521 173.6455 777.8265 195.9118 1.5994 1.5464 3.3057 10.4123 1.6583 52.9437 -6.4536 -5.9952
Car -1 -1 -8.4304 675.0034 179.2043 750.7066 210.9246 1.4200 1.6468 4.1946 4.9314 1.7514 35.4480 -8.2939 -6.0332
Car -1 -1 -4.7189 945.8693 188.1717 966.7795 207.8052 1.6414 1.6684 3.7443 31.4233 3.0765 65.5677 -4.2744 -6.1854
Car -1 -1 -5.0557 440.6585 183.1577 472.5296 199.9352 1.4495 1.6527 3.9794 -14.3099 2.4374 67.0755 -5.2654 -6.4853
Car -1 -1 -2.0841 122.6965 182.4622 188.2330 210.3140 1.7356 1.8865 4.1823 -30.3094 2.3995 48.0495 -2.6446 -6.4967
