Car -1 -1 -4.6100 543.2534 182.1130 568.6276 202.6867 1.5631 1.6368 4.3235 -4.4065 2.3475 58.9672 -4.6847 -1.9914
Car -1 -1 -6.4622 560.4425 185.4924 638.3665 210.9554 1.3592 1.6179 4.1945 -0.6588 2.0966 40.9103 -6.4788 -2.4124
Car -1 -1 -8.0246 1039.2373 177.6880 1082.4156 204.9778 1.6326 1.6545 4.0687 28.7297 1.9562 46.1407 -7.4710 -2.6796
Car -1 -1 -4.5190 328.9336 189.4384 354.5688 207.8077 1.6624 1.6408 3.9376 -26.4219 3.3444 71.1187 -4.8739 -2.7475
Car -1 -1 -4.9285 625.0513 182.4233 677.9886 219.1246 1.5508 1.6054 4.1440 1.8331 2.0276 33.7979 -4.8755 -2.8719
Car -1 -1 -6.1520 293.9386 188.2982 370.0017 219.4501 1.4975 1.6102 3.4617 -14.2517 2.3155 37.0452 -6.5173 -2.8955
Car -1 -1 -5.0904 695.2086 178.8599 725.9172 194.1257 1.4315 1.6304 4.0417 9.9112 2.0445 71.5153 -4.9536 -3.1346
Car -1 -1 -4.5160 512.5535 183.7394 550.8808 209.1046 1.5092 1.6831 4.2686 -5.0804 2.2515 47.0204 -4.6236 -3.2576
Car -1 -1 -4.9019 652.9371 177.3732 686.3782 201.8377 1.6083 1.5964 3.9356 4.0786 1.9355 50.2337 -4.8219 -3.4783
Car -1 -1 -4.9913 710.8198 178.4913 738.0029 194.4224 1.5002 1.6253 3.9534 11.2783 2.0743 71.4649 -4.8358 -3.5050
Car -1 -1 -5.2291 1176.4392 196.7807 1241.0000 232.7485 1.4220 1.6161 3.8546 28.1389 2.5930 33.2817 -4.5323 -3.5298
Car -1 -1 -5.4563 1095.6287 190.3921 1182.0751 220.9046 1.4879 1.6115 3.8684 28.8169 2.4971 39.5173 -4.8304 -3.8092
Car -1 -1 -5.0040 498.4590 183.5203 544.4413 212.1426 1.5697 1.7009 3.8185 -5.3844 2.2392 43.2179 -5.1277 -3.8253
Car -1 -1 -4.9149 634.2257 179.0490 660.3451 196.2841 1.5226 1.6515 4.0311 3.4273 2.1191 67.3844 -4.8647 -3.9129
Car -1 -1 -4.4741 721.6915 176.2635 782.0042 214.7451 1.5513 1.6308 4.3804 6.2839 1.7124 31.8308 -4.2815 -4.3042
Car -1 -1 -4.8214 633.9801 182.9379 673.6591 214.7606 1.5072 1.6323 3.7821 2.1769 2.0556 37.3289 -4.7643 -4.3826
Car -1 -1 -4.5984 310.6511 187.8475 333.8871 208.7758 1.8514 1.6244 3.9314 -27.4870 3.3280 68.9635 -4.9767 -4.5046
Car -1 -1 -4.7028 557.0472 181.7129 573.8121 197.8969 1.4584 1.5587 3.8408 -4.2725 2.3309 69.1251 -4.7647 -4.5151
Car -1 -1 -4.7330 286.3530 192.2771 325.9748 227.3816 1.3981 1.5918 3.9955 -14.0850 2.3511 33.2639 -5.1311 -4.5353
Car -1 -1 -5.1632 548.4713 182.8621 601.2745 205.0831 1.5007 1.8855 5.1176 -2.7167 2.2848 53.8552 -5.2138 -4.7452
Car -1 -1 -4.5461 535.7902 182.0877 568.8685 207.7716 1.5506 1.5529 3.6886 -3.7363 2.1740 46.8337 -4.6258 -4.7517
Car -1 -1 -9.0275 1076.9780 165.9115 1220.6581 213.7559 1.6686 1.6081 4.0492 20.2199 1.4262 27.3137 -8.3957 -4.7552
Car -1 -1 -4.7684 769.7030 172.4669 805.6550 204.2466 1.5610 1.5919 3.5647 9.1081 1.5417 37.3389 -4.5314 -4.8332
Car -1 -1 -8.3742 678.8051 179.8673 753.0125 217.1247 1.5122 1.6393 3.6697 4.5896 1.8429 32.0487 -8.2339 -4.8378
Car -1 -1 -4.6250 527.9272 182.0631 555.1432 204.0691 1.5434 1.6970 4.0170 -5.1439 2.2619 54.3056 -4.7195 -4.8593
Car -1 -1 -2.8519 605.7123 175.1215 672.8344 200.5512 1.6901 1.7681 4.3000 1.9936 1.8510 49.7599 -2.8125 -4.9200
Car -1 -1 -4.6181 42.1170 181.5369 80.7764 210.0378 1.6261 1.5673 3.3307 -33.5207 2.1786 44.1094 -5.2652 -4.9241
Car -1 -1 -4.9953 1143.4187 186.8403 1209.0786 223.0327 1.6532 1.6260 3.6943 28.5394 2.4002 36.5338 -4.3367 -5.0827
Car -1 -1 -4.4608 706.6617 176.6810 736.4341 196.6038 1.5147 1.4899 3.6588 8.9051 1.8303 57.5908 -4.3086 -5.1008
Car -1 -1 -5.1255 554.5555 181.3548 593.6259 202.2439 1.6108 1.6763 4.2066 -3.0391 2.3408 59.7310 -5.1766 -5.1519
Car -1 -1 -4.9677 689.4756 175.2741 719.8508 194.4664 1.4646 1.4804 3.8013 7.4841 1.6639 57.5387 -4.8394 -5.1933
Car -1 -1 -4.4297 662.2803 177.5235 705.1523 205.9307 1.5908 1.5512 3.8205 4.4162 1.8831 43.1462 -4.3289 -5.2008
Car -1 -1 -4.9429 553.2004 180.7009 591.2692 203.2808 1.3965 1.6290 4.1848 -2.6137 1.9471 48.4181 -4.9971 -5.3475
Car -1 -1 -4.5439 101.7771 201.6809 154.9279 236.0718 1.4766 1.5485 4.4162 -24.8012 3.0567 37.2234 -5.1286 -5.4021
Car -1 -1 -4.9745 571.1240 179.7890 601.4158 196.8288 1.4173 1.6439 4.2300 -2.1692 2.0550 64.1192 -5.0086 -5.6957
Car -1 -1 -4.9080 492.7911 182.1005 523.1505 203.3667 1.5904 1.6631 4.0181 -8.2653 2.3615 58.0210 -5.0493 -5.7567
Car -1 -1 -4.3788 591.3811 179.3888 630.0928 200.1463 1.5236 1.7270 4.3231 0.0776 2.0583 56.7484 -4.3779 -5.7666
Car -1 -1 -4.4611 585.0906 179.3150 624.8531 203.3200 1.4819 1.6754 4.1044 -0.3175 1.9303 47.9174 -4.4682 -5.8040
Car -1 -1 -4.6161 60.4231 184.0394 92.8611 205.2074 1.5226 1.6510 4.0110 -41.6056 2.4285 56.3126 -5.2503 -5.8867
Car -1 -1 -4.6120 578.1873 178.4392 604.0438 198.3251 1.4469 1.6128 3.9081 -1.4505 1.8928 55.6370 -4.6384 -5.8867
Car -1 -1 -4.6452 600.9373 177.9561 622.5784 195.5028 1.4228 1.5956 3.8909 0.1540 1.8727 61.6640 -4.6431 -5.8867
Car -1 -1 -6.7243 0.0000 0.0000 1241.0000 374.0000 1.5069 1.6027 3.8488 -3.6947 1.6231 1.3707 -7.8744 -5.8867
Car -1 -1 -4.6396 601.4099 178.7956 621.9079 195.4610 1.4470 1.6017 3.8979 0.1569 2.0074 66.0821 -4.6377 -5.8867
Car -1 -1 -6.9163 0.0000 0.0000 1241.0000 374.0000 1.5596 1.5953 3.8094 -2.1019 1.6806 1.0025 -7.9392 -5.8867
Car -1 -1 -4.7919 580.4922 179.5517 601.0797 196.0666 1.4636 1.6116 4.0083 -1.8511 2.1111 67.7096 -4.8196 -5.8867
Car -1 -1 -4.6353 83.8326 183.5155 113.3787 203.7013 1.5195 1.6517 4.0122 -41.6059 2.4187 58.7276 -5.2497 -5.8867
Car -1 -1 -4.8201 323.1913 190.2756 361.6588 221.3098 1.6756 1.7481 4.1548 -16.2918 2.7855 43.7309 -5.1751 -5.9428
Car -1 -1 -7.1008 417.5125 186.0912 600.3947 283.7913 1.4282 1.2639 3.3078 -1.7126 1.6928 12.7247 -7.2329 -6.0657
Car -1 -1 -4.7367 1073.8853 178.0225 1111.4716 208.0076 1.6637 1.7402 3.9814 28.6223 1.9863 42.9238 -4.1522 -6.1814
Car -1 -1 -4.5537 396.0938 186.2044 420.9324 205.0670 1.7336 1.7580 3.9771 -19.9004 3.0914 71.3258 -4.8252 -6.3058
Car -1 -1 -4.7803 670.0029 179.7268 705.4244 210.0833 1.4873 1.6062 3.4283 3.9984 1.8645 37.8827 -4.6766 -6.8191
