Car -1 -1 -4.1615 79.8496 190.1408 207.4849 250.4321 1.9636 1.9068 4.5467 -17.3571 2.6674 27.0984 -4.7270 5.7621
Car -1 -1 -7.6614 599.1041 180.4185 639.1243 208.7316 1.5188 1.6075 3.9162 0.5413 1.9796 41.8989 -7.6492 0.0515
Car -1 -1 -3.2474 705.5495 171.7200 775.5653 199.7295 1.6124 1.6437 3.9003 7.6061 1.5468 42.4925 -3.0719 -1.9437
Car -1 -1 -4.6013 316.5979 189.3150 344.7465 210.9007 1.4556 1.5452 3.7564 -20.7941 2.7272 53.7393 -4.9692 -1.9890
Car -1 -1 -4.5061 1162.2904 194.3107 1218.0728 226.5836 1.6815 1.7115 4.3683 34.0646 3.0023 42.3740 -3.8330 -2.3907
Car -1 -1 -5.4667 0.0000 191.2021 23.0975 223.9590 1.5678 1.6957 4.3601 -32.7053 2.5287 36.7521 -6.1904 -2.4576
Car -1 -1 -6.9913 1160.6877 188.0509 1241.0000 221.9942 1.5691 1.6608 4.0559 29.3133 2.3239 34.9879 -6.2986 -2.6740
Car -1 -1 -7.7406 287.3616 178.4741 310.0970 195.5507 1.6026 1.6372 3.7894 -30.6657 2.1722 71.1158 -8.1466 -2.7267
Car -1 -1 -4.9597 0.0000 187.7190 34.1178 214.7344 1.5477 1.6567 3.9430 -37.7839 2.5159 45.1809 -5.6534 -2.8249
Car -1 -1 -4.8514 520.2838 182.2419 552.8828 206.4242 1.5062 1.6324 4.1242 -5.0433 2.1701 48.8465 -4.9542 -2.8299
Car -1 -1 -5.1208 1065.0232 178.6859 1120.9036 211.5515 2.1202 1.7003 4.0408 32.9815 2.5369 49.4452 -4.5358 -2.9562
Car -1 -1 -2.1939 255.9018 179.1429 306.1337 204.1556 2.0660 1.7832 4.2913 -28.4695 2.6253 62.3652 -2.6208 -3.3406
Car -1 -1 -4.7078 537.8369 179.9985 560.6627 201.1207 1.5297 1.6983 4.4585 -4.7416 2.1075 56.0936 -4.7922 -3.3886
Car -1 -1 -4.9138 546.0228 180.7405 573.1745 199.4619 1.5143 1.5940 3.8277 -4.3964 2.2158 62.1525 -4.9846 -3.4291
Car -1 -1 -5.1211 458.3494 184.8480 525.4800 219.1984 1.4401 1.6265 4.0538 -5.6467 2.0388 33.8908 -5.2855 -3.5938
Car -1 -1 -5.9575 466.8404 183.0963 543.3132 210.0459 1.4726 1.6190 4.0446 -6.0443 2.0774 41.4697 -6.1018 -3.6504
Car -1 -1 -2.6306 610.7935 177.6682 677.1924 204.3578 1.6225 1.6924 3.9238 2.1304 1.9425 46.2499 -2.5854 -3.7086
Car -1 -1 -4.1348 213.8591 192.8138 284.7823 221.4231 1.4291 1.5876 4.1942 -20.5610 2.6302 41.2539 -4.5949 -3.7945
Car -1 -1 -4.4986 539.3443 181.8493 571.8574 204.7805 1.4412 1.4941 3.4084 -3.6567 2.0684 48.5440 -4.5739 -3.7987
Car -1 -1 -4.6772 632.9435 177.8708 657.5595 201.1669 1.6014 1.6610 3.5104 2.5487 1.9767 52.2018 -4.6291 -3.8192
Car -1 -1 -4.2780 541.6701 181.5950 581.0765 202.8486 1.4710 1.5268 3.6449 -3.5987 2.1432 53.5392 -4.3452 -4.0320
Car -1 -1 -4.6253 559.3301 181.1862 579.1120 197.9441 1.4682 1.5276 3.5600 -3.7733 2.2603 66.8122 -4.6819 -4.1094
Car -1 -1 -4.5743 419.3925 183.4132 451.0580 205.0977 1.5106 1.7374 4.4760 -13.2593 2.3466 54.8306 -4.8109 -4.4793
Car -1 -1 -4.7094 432.3559 183.3208 454.6779 202.6559 1.4413 1.6965 3.9678 -13.4478 2.3161 58.2044 -4.9358 -4.5018
Car -1 -1 -4.8946 728.3518 170.8826 760.5866 194.4922 1.5380 1.5721 3.1929 8.9894 1.4093 48.6011 -4.7131 -4.5497
Car -1 -1 -4.4856 373.5716 184.0332 417.1067 208.4887 1.4103 1.7255 4.2838 -13.5948 2.1536 45.8031 -4.7730 -4.7057
Car -1 -1 -4.1901 0.0000 208.5968 75.0242 251.2389 1.4276 1.5035 3.7174 -23.7333 2.9794 29.3801 -4.8654 -4.9141
Car -1 -1 -2.5075 385.5256 183.2695 446.7847 205.8053 1.5570 1.7570 4.0880 -14.2264 2.3422 52.8547 -2.7695 -5.0712
Car -1 -1 -4.8278 896.1783 182.8022 920.4824 200.0632 1.5857 1.7422 4.0547 29.2983 2.5944 70.9950 -4.4383 -5.1041
Car -1 -1 -4.4105 0.0000 182.0999 35.3755 218.1365 1.8744 1.5543 4.0127 -34.1802 2.4243 40.7850 -5.1050 -5.2458
Car -1 -1 -7.0548 402.6859 197.7907 1241.0000 374.0000 1.4269 1.6275 4.0465 1.2036 1.5976 3.3283 -6.7375 -5.7486
Car -1 -1 -4.9271 573.5634 178.6312 603.7922 196.0476 1.3789 1.6555 4.3575 -1.8668 1.8853 60.9743 -4.9579 -5.7731
Car -1 -1 -4.8509 571.7845 179.2534 602.4789 200.2440 1.4084 1.6262 4.2961 -1.7219 1.8896 52.0419 -4.8842 -5.7959
Car -1 -1 -4.4517 0.0000 185.2165 0.0000 215.3794 1.5182 1.6508 4.0127 -41.6095 2.2438 40.2216 -5.2509 -5.8867
Car -1 -1 -4.9227 1241.0000 168.0303 1241.0000 195.3202 1.4601 1.6345 3.9868 41.4693 1.2018 40.7211 -4.1320 -5.8867
Car -1 -1 -4.4866 0.0000 184.3954 0.0000 212.3540 1.5158 1.6504 4.0111 -41.6097 2.2382 43.0350 -5.2522 -5.8867
Car -1 -1 -4.8588 1233.9221 170.0473 1241.0000 194.0192 1.4696 1.6389 3.9881 41.4711 1.2973 46.3516 -4.1322 -5.8867
Car -1 -1 -4.8259 1199.6532 171.6463 1240.1238 194.5100 1.4910 1.6464 3.9926 41.4721 1.4119 49.1725 -4.1285 -5.8867
Car -1 -1 -4.8843 1241.0000 167.5439 1241.0000 192.9475 1.4586 1.6407 3.9954 41.4671 1.1534 43.5468 -4.1269 -5.8867
Car -1 -1 -4.4821 596.8188 177.1519 625.3019 194.3551 1.4145 1.6175 3.9169 0.1017 1.7987 62.4632 -4.4809 -5.8867
Car -1 -1 -4.4239 528.4365 180.6777 557.3147 197.4465 1.4870 1.6539 3.9652 -6.3160 2.2475 68.0550 -4.5165 -5.8867
Car -1 -1 -4.6525 512.3619 179.2727 532.8696 196.2166 1.4408 1.5996 3.9460 -7.8538 2.0358 64.9001 -4.7728 -5.8867
Car -1 -1 -4.5122 0.0000 182.9879 0.0000 209.1905 1.5123 1.6522 4.0162 -41.6112 2.1805 45.4519 -5.2507 -5.8867
Car -1 -1 -4.4567 404.9901 180.8505 438.5702 200.4646 1.4784 1.6470 4.0293 -15.1215 2.1437 58.0451 -4.7108 -5.8867
Car -1 -1 -4.8092 437.8767 182.6244 461.2766 200.0291 1.4337 1.6262 4.2775 -14.3447 2.3348 64.2855 -5.0282 -5.9044
