Car -1 -1 -4.4590 399.3035 187.7890 429.9020 206.3467 1.5365 1.7077 4.0163 -17.5833 2.9235 65.0043 -4.7225 2.4194
Car -1 -1 -4.6812 520.8259 183.9001 546.3232 208.1153 1.4202 1.5025 3.9106 -4.8870 2.1572 46.1526 -4.7866 1.6964
Car -1 -1 -4.3558 26.1521 199.5126 81.1139 227.7571 1.5415 1.5588 3.5641 -34.6284 3.2737 44.9590 -5.0094 -0.4822
Car -1 -1 -4.5275 533.6743 184.1549 560.8011 203.9535 1.3965 1.4776 3.2076 -4.7381 2.2754 54.4674 -4.6143 -0.5735
Car -1 -1 -7.8161 216.1652 183.0545 242.2881 205.7915 1.6364 1.6396 3.9261 -29.5210 2.4572 55.9600 -8.2999 -0.8540
Car -1 -1 -6.7171 572.8771 180.9303 643.0999 206.1311 1.4912 1.6722 4.0911 -0.1556 2.0168 45.3606 -6.7210 -1.4013
Car -1 -1 -4.6256 824.7871 177.7034 853.1292 201.1492 1.5877 1.6068 4.0927 16.4912 1.9514 51.9680 -4.3204 -1.8760
Car -1 -1 -5.1667 631.7180 173.6847 676.9028 198.4862 1.7200 1.6394 4.0852 3.1379 1.7826 52.3875 -5.1076 -1.9006
Car -1 -1 -4.9509 1172.6698 184.6934 1241.0000 225.2436 1.4887 1.5577 3.4568 24.3887 2.0035 29.4923 -4.2653 -2.1032
Car -1 -1 -4.6738 91.3083 187.4562 127.7334 218.5212 1.7107 1.6567 4.0962 -30.4652 2.6438 43.9497 -5.2773 -2.2409
Car -1 -1 -7.0388 778.2391 173.6511 839.2991 197.0113 1.6745 1.7435 4.3756 14.7586 1.7355 53.6412 -6.7721 -2.6006
Car -1 -1 -4.4968 278.5616 182.2421 305.4065 198.0034 1.4604 1.6350 3.8818 -31.4394 2.4156 71.3769 -4.9105 -2.9611
Car -1 -1 -4.3859 615.5972 179.4309 662.3351 205.9201 1.5299 1.6855 4.1137 1.8243 1.9601 44.9996 -4.3462 -3.1831
Car -1 -1 -4.9570 1201.0114 185.0963 1241.0000 220.3837 1.4748 1.6682 4.0644 29.3296 2.0863 33.8663 -4.2480 -3.3324
Car -1 -1 -4.5714 733.1951 175.1310 763.4152 197.8701 1.5878 1.6469 3.9428 10.1513 1.7613 52.9401 -4.3834 -3.3720
Car -1 -1 -4.9050 540.0084 181.2531 567.1447 200.8510 1.5687 1.5588 4.0801 -4.8895 2.3130 61.7918 -4.9840 -3.6204
Car -1 -1 -4.3514 531.9692 181.4210 565.3677 199.6270 1.5357 1.6518 4.1380 -5.5204 2.3354 65.1624 -4.4360 -3.6592
Car -1 -1 -4.7577 0.0000 204.9670 46.4332 246.8440 1.4312 1.5844 3.9438 -24.4280 2.8427 29.7231 -5.4414 -3.8095
Car -1 -1 -4.1947 676.8241 173.5233 726.5945 198.6134 1.5523 1.5874 3.6772 5.9352 1.5971 46.6911 -4.0695 -4.0236
Car -1 -1 -4.2506 414.5377 185.3521 451.3019 204.3993 1.6113 1.5874 4.1531 -16.2030 2.7944 66.1247 -4.4903 -4.0728
Car -1 -1 -4.1915 0.0000 199.3952 67.3309 240.1193 1.5938 1.6477 3.9705 -26.9713 2.8863 33.0546 -4.8721 -4.1307
Car -1 -1 -4.4457 1131.2465 162.4861 1176.0148 183.3573 1.5246 1.7096 4.0535 41.1463 0.7669 54.6265 -3.8028 -4.3113
Car -1 -1 -5.1465 395.9111 185.3082 439.9770 207.0436 1.4661 1.6044 3.9793 -14.1821 2.4168 53.0526 -5.4068 -4.3941
Car -1 -1 -4.3147 1148.9749 159.4106 1197.8730 180.8243 1.5264 1.6590 3.3783 41.3472 0.5678 52.9840 -3.6548 -4.5659
Car -1 -1 -4.4268 451.8628 186.7925 498.9956 215.2499 1.4153 1.5409 3.8172 -7.4011 2.2220 39.7984 -4.6100 -4.9135
Car -1 -1 -4.0847 360.6253 183.8174 418.0265 208.3924 1.4624 1.6461 3.7957 -14.2980 2.2051 46.8388 -4.3798 -5.0048
Car -1 -1 -4.7814 643.4470 176.6065 666.1051 198.1122 1.6586 1.5678 3.6056 3.5500 1.9699 58.0902 -4.7211 -5.0110
Car -1 -1 -4.3161 444.6871 182.0290 478.3349 200.9102 1.6322 1.5806 4.1094 -13.6941 2.5070 66.6491 -4.5184 -5.1392
Car -1 -1 -4.7159 708.8263 172.9543 744.7165 205.7398 1.6120 1.7491 4.0623 6.0324 1.6172 37.6309 -4.5587 -5.1504
Car -1 -1 -4.5595 476.5131 185.2227 518.5885 215.0187 1.4656 1.6395 4.2493 -6.1135 2.1768 39.3804 -4.7131 -5.2379
Car -1 -1 -4.6827 488.2498 181.7502 506.9939 197.9135 1.4175 1.6196 4.0833 -10.5445 2.2787 67.7462 -4.8369 -5.4795
Car -1 -1 -8.1432 756.2813 175.0391 792.4738 197.5997 1.5622 1.5202 3.8174 11.8377 1.7262 52.2984 -7.9222 -5.5373
Car -1 -1 -5.9297 799.5917 181.5907 856.3914 204.9061 1.4963 1.6557 3.3435 14.8250 2.1122 49.2204 -5.6394 -5.5950
Car -1 -1 -4.2920 587.8828 178.2275 633.0479 199.9079 1.4795 1.6907 4.3054 0.0547 1.8889 52.6954 -4.2914 -5.7640
Car -1 -1 -4.9358 485.9183 180.6037 514.5074 199.4449 1.5795 1.6644 4.0577 -9.8661 2.2954 64.4859 -5.0874 -5.7856
Car -1 -1 -4.3065 101.5165 192.4160 153.7887 214.9625 1.5653 1.8732 4.2000 -37.5196 3.1494 56.2045 -4.8932 -5.7882
Car -1 -1 -4.4010 505.7228 180.4663 537.8506 198.1365 1.4935 1.6747 4.1932 -7.9407 2.2036 65.1139 -4.5223 -5.8506
Car -1 -1 -4.6018 43.2735 187.4424 78.5332 210.9280 1.6227 1.6859 4.0232 -41.5997 2.7719 54.6954 -5.2498 -5.8867
Car -1 -1 -4.6889 573.7830 178.4944 596.3424 198.7477 1.4196 1.5878 3.9756 -1.8536 1.8546 53.6845 -4.7236 -5.8867
Car -1 -1 -4.6343 80.0236 184.2529 110.0397 204.9896 1.5465 1.6603 4.0128 -41.6050 2.5014 58.3194 -5.2519 -5.8867
Car -1 -1 -4.7720 573.8703 178.4413 595.4449 196.2140 1.4363 1.6014 3.9908 -2.2191 1.9295 61.6715 -4.8082 -5.8867
Car -1 -1 -4.4683 0.0000 186.0044 0.0000 215.7627 1.5417 1.6557 4.0118 -41.6080 2.3354 41.4231 -5.2528 -5.8867
Car -1 -1 -4.5075 0.0000 185.2227 0.0000 212.1508 1.5276 1.6534 4.0112 -41.6078 2.3363 45.0484 -5.2504 -5.8867
Car -1 -1 -5.0988 236.5948 184.1869 277.8512 208.3262 1.8042 1.5742 3.9936 -28.2337 2.7394 57.6478 -5.5527 -6.0359
Car -1 -1 -4.2947 191.2599 197.7143 242.5164 223.2195 1.4099 1.4626 3.6832 -24.7401 3.0414 45.4695 -4.7908 -6.5248
Car -1 -1 -4.5152 240.5520 181.8006 266.9228 199.4255 1.5399 1.5100 3.6294 -33.0508 2.3941 66.9667 -4.9723 -6.6533
