Car -1 -1 -5.7820 658.1851 174.8145 717.9724 197.5267 1.6165 1.6970 4.0980 5.7449 1.7668 53.5423 -5.6761 -0.2479
Car -1 -1 -5.0530 642.2168 177.1648 688.5369 203.5265 1.5903 1.6497 4.2223 3.4781 1.8814 46.5192 -4.9793 -0.4607
Car -1 -1 -5.3451 962.3932 181.4978 1021.5430 205.7472 1.4540 1.5266 3.5971 24.5180 2.0336 46.5072 -4.8630 -0.6718
Car -1 -1 -3.9269 34.2664 173.0764 109.7531 199.1397 1.5647 1.6445 3.7255 -33.7320 1.5790 45.3149 -4.5641 -1.8671
Car -1 -1 -6.0665 730.1936 171.2346 789.4058 193.5989 1.6388 1.6835 4.1131 11.2788 1.5198 54.4792 -5.8638 -1.9076
Car -1 -1 -7.7377 1001.3794 180.2135 1038.3687 205.0049 1.4680 1.6159 3.9720 26.1485 1.9585 46.0405 -7.2244 -2.1242
Car -1 -1 -7.8981 261.7885 171.0011 284.1196 190.3005 1.7396 1.7094 4.0695 -31.4516 1.5723 67.2387 -8.3343 -2.6327
Car -1 -1 -4.9244 620.9956 180.9691 649.3853 200.6212 1.4647 1.4957 3.7355 1.9424 2.1318 57.3751 -4.8912 -2.8479
Car -1 -1 -4.5040 549.8360 179.3806 582.3656 202.5707 1.5610 1.5728 3.8176 -3.1362 2.0465 51.7003 -4.5647 -3.1651
Car -1 -1 -4.7177 647.8135 177.6909 692.8862 221.2477 1.5610 1.6440 4.2983 2.3203 1.7669 28.5526 -4.6382 -3.7591
Car -1 -1 -6.4361 683.3248 171.7627 747.9354 197.0649 1.6592 1.7011 4.0537 6.9844 1.5873 48.1862 -6.2934 -3.8285
Car -1 -1 -4.7486 533.5076 180.7790 559.4304 204.9428 1.5074 1.5817 4.1369 -4.3444 2.0642 48.5732 -4.8378 -3.8736
Car -1 -1 -5.1975 638.8199 179.5124 674.4244 196.8921 1.5352 1.6313 4.0273 4.3081 2.1785 67.5711 -5.1346 -3.8946
Car -1 -1 -8.2556 1015.5657 172.4504 1077.4336 200.7849 1.4386 1.5777 3.4590 23.1470 1.4178 38.4552 -7.7174 -3.9208
Car -1 -1 -5.0873 707.3773 175.2695 736.0343 192.0389 1.5785 1.5846 3.4950 10.8402 1.8200 70.3399 -4.9354 -4.0216
Car -1 -1 -4.7438 711.6393 173.9182 730.8058 191.1993 1.5432 1.6205 3.9087 10.2365 1.6443 66.7222 -4.5926 -4.0401
Car -1 -1 -4.6385 549.2650 181.4006 570.6916 199.7461 1.4393 1.5246 3.5257 -4.1604 2.1709 60.0207 -4.7079 -4.0430
Car -1 -1 -4.6160 88.4772 193.7310 137.4253 227.8925 1.4872 1.6359 3.8999 -24.8260 2.5918 36.0838 -5.2154 -4.0567
Car -1 -1 -5.7369 722.7440 171.7228 788.9532 196.7913 1.5257 1.6719 3.8033 9.1961 1.4566 45.8162 -5.5404 -4.0628
Car -1 -1 -4.5701 650.1157 177.9252 678.5586 198.3630 1.4896 1.6327 4.1233 4.2150 1.8973 55.8626 -4.4957 -4.1690
Car -1 -1 -2.6099 417.7946 182.2841 472.5392 202.9720 1.6420 1.7272 4.1367 -13.7338 2.4453 60.0391 -2.8342 -4.4123
Car -1 -1 -4.1169 210.8420 181.7784 262.2414 204.3975 1.6333 1.6183 3.8915 -28.8087 2.3474 55.7315 -4.5922 -4.4584
Car -1 -1 -4.8996 725.9874 174.6095 762.3792 200.8359 1.5436 1.5618 3.5372 8.1921 1.6558 44.4784 -4.7190 -4.4710
Car -1 -1 -3.8498 0.0000 173.0015 67.0824 200.6265 1.5274 1.7245 3.7413 -34.0264 1.5360 41.9114 -4.5288 -4.5527
Car -1 -1 -4.7777 642.8916 179.4560 663.7402 198.2689 1.5439 1.5497 3.7763 3.6969 2.1322 62.4356 -4.7193 -4.6169
Car -1 -1 -8.0214 750.8788 184.4702 806.5248 223.3412 1.4214 1.5601 3.9486 6.7997 1.9301 29.6031 -7.7984 -4.8680
Car -1 -1 -4.8110 193.7841 184.3014 224.0741 208.0587 1.6740 1.6406 3.9103 -30.5772 2.5778 54.9146 -5.3173 -4.9406
Car -1 -1 -4.7071 564.6702 183.2373 581.4130 199.1683 1.4182 1.5446 3.5882 -3.5182 2.4292 68.4442 -4.7587 -4.9542
Car -1 -1 -7.0308 664.7329 177.3797 728.6486 203.4063 1.5028 1.6176 3.7866 5.2771 1.7899 44.0456 -6.9128 -4.9803
Car -1 -1 -4.5373 340.6673 185.1979 365.7343 204.2327 1.7447 1.6942 3.6880 -25.1235 2.9862 70.6324 -4.8782 -5.0675
Car -1 -1 -5.4791 559.6515 179.2773 614.6160 200.1576 1.6328 1.7562 4.7694 -1.9702 2.1882 60.1261 -5.5121 -5.1571
Car -1 -1 -1.8995 119.2000 185.8004 163.6935 207.7169 1.7409 1.8430 4.5339 -40.2765 2.8904 61.9531 -2.4742 -5.1781
Car -1 -1 -8.1974 706.5657 176.9752 767.3014 213.6762 1.4935 1.5853 3.2780 5.4378 1.6832 31.5079 -8.0287 -5.2159
Car -1 -1 -4.8704 219.1760 184.1631 295.5034 226.5694 1.4436 1.9366 5.1197 -14.1179 1.9335 28.6272 -5.3252 -5.2538
Car -1 -1 -4.9838 468.7040 183.9239 499.2656 199.3828 1.3779 1.7573 4.6103 -12.3316 2.4937 70.2915 -5.1572 -5.2648
Car -1 -1 -4.2639 434.4024 182.4762 479.8167 204.7958 1.5797 1.5560 4.6623 -11.7505 2.3540 55.6300 -4.4715 -5.2786
Car -1 -1 -3.2606 954.7493 167.2489 1049.1127 198.6518 1.6210 1.6748 4.2820 20.9378 1.3314 38.8045 -2.7693 -5.2807
Car -1 -1 -7.9036 646.4537 175.9100 684.6816 211.0700 1.6112 1.6498 4.3393 2.6458 1.7711 35.6333 -7.8307 -5.3430
Car -1 -1 -5.0525 292.0206 188.9325 336.3320 212.0027 1.5084 1.6854 4.1308 -21.4649 2.7183 52.2074 -5.4412 -5.3492
Car -1 -1 -4.7576 593.9927 180.5466 617.0021 202.5125 1.5522 1.5451 4.1623 -0.4020 2.1565 54.5894 -4.7655 -5.4141
Car -1 -1 -4.6339 356.7558 184.3423 384.7862 205.9565 1.3996 1.5777 3.8931 -16.9028 2.2445 51.0088 -4.9527 -5.5325
Car -1 -1 -4.5889 456.7966 183.0693 481.1429 202.7160 1.5811 1.6323 3.4368 -12.0504 2.4791 61.6798 -4.7815 -5.6073
Car -1 -1 -4.5061 584.1614 180.4787 623.4509 208.5838 1.5440 1.6120 3.6479 -0.3578 2.0149 42.6420 -4.5150 -5.6908
Car -1 -1 -4.5759 416.1960 183.7454 440.8507 201.2371 1.4553 1.6225 3.9162 -16.2363 2.4609 64.6024 -4.8215 -5.6935
Car -1 -1 -4.4453 382.7243 181.0089 422.0043 203.1777 1.4284 1.6097 4.0159 -14.3627 2.0159 49.9915 -4.7240 -5.7182
Car -1 -1 -4.6721 419.7813 179.9024 443.0684 199.9780 1.5001 1.6398 4.1301 -14.2567 2.0842 57.6381 -4.9138 -5.7499
Car -1 -1 -4.7035 467.9848 178.6435 492.9153 202.6375 1.5751 1.6493 3.8622 -9.0603 1.9956 50.3945 -4.8808 -5.7572
Car -1 -1 -4.7225 260.6614 184.8500 305.2235 220.6692 1.4150 1.7126 4.3819 -14.7508 1.9929 32.4249 -5.1466 -5.7847
Car -1 -1 -4.6507 605.4811 177.3289 627.9567 195.8975 1.4682 1.6334 3.9650 0.5638 1.8531 60.0682 -4.6418 -5.8413
Car -1 -1 -4.7152 337.5302 180.6510 367.4502 208.1438 1.5641 1.6618 3.9432 -15.8796 2.0667 44.3979 -5.0571 -5.8425
Car -1 -1 -4.2274 313.7851 182.1291 375.4347 209.9952 1.4560 1.5976 4.0469 -15.1171 2.0127 41.2198 -4.5772 -5.8581
Car -1 -1 -4.3603 394.6947 180.8185 434.1253 201.4653 1.4550 1.6194 3.9119 -14.7312 2.0778 54.4263 -4.6238 -5.8867
Car -1 -1 -4.6003 516.5363 178.7467 541.4053 197.4744 1.4644 1.6148 3.9209 -6.6868 1.9670 59.6151 -4.7118 -5.8867
Car -1 -1 -4.6818 134.5643 181.7120 158.0226 199.4333 1.4853 1.6443 4.0126 -41.6076 2.3063 64.7613 -5.2512 -5.8867
Car -1 -1 -4.5635 499.4801 179.6993 525.1311 197.7447 1.4448 1.5925 3.9381 -8.2837 2.0445 61.2546 -4.6977 -5.8867
Car -1 -1 -4.6479 93.0867 183.8781 121.8285 204.2386 1.5494 1.6754 4.1399 -41.4248 2.4919 59.5026 -5.2542 -5.8867
Car -1 -1 -4.7107 588.1670 178.1311 607.4700 195.6857 1.4224 1.5966 4.0065 -1.0650 1.8880 61.6896 -4.7283 -5.8867
Car -1 -1 -5.3970 0.0000 184.7784 7.8717 374.0000 1.4811 1.8286 3.6869 -7.0595 1.5833 5.2517 -6.3035 -6.1305
Car -1 -1 -5.3029 305.3635 186.3522 355.8869 206.6958 1.3950 1.6359 3.8482 -20.8011 2.4308 53.6073 -5.6716 -6.1631
Car -1 -1 -4.6888 573.5095 179.8484 593.1403 197.5879 1.6685 1.8521 3.7719 -2.6273 2.3774 71.2599 -4.7260 -6.5063
