Car -1 -1 -4.5693 548.6303 179.5593 574.3331 199.5641 1.5777 1.6142 3.8140 -4.0397 2.1550 60.1852 -4.6365 -0.6549
Car -1 -1 -4.8391 639.8332 175.2171 680.4976 206.6695 1.5964 1.6674 4.1656 2.6210 1.7310 39.0715 -4.7732 -1.1735
Car -1 -1 -4.9194 583.6200 176.0390 617.1846 198.1011 1.5219 1.6327 4.0804 -0.7714 1.7632 52.5696 -4.9345 -1.2569
Car -1 -1 -5.3350 659.2227 172.5249 713.7852 197.8362 1.5969 1.5849 3.9191 4.9663 1.5759 47.6170 -5.2321 -1.8537
Car -1 -1 -4.9939 516.1211 177.7242 558.7870 203.9165 1.5923 1.6576 4.1838 -4.8023 1.9241 46.9510 -5.0957 -2.8033
Car -1 -1 -6.6342 609.7419 175.9929 663.2078 196.5804 1.5649 1.6302 3.8692 2.0442 1.8170 56.6407 -6.5988 -3.0396
Car -1 -1 -4.7693 612.4194 177.1877 647.1410 206.8276 1.4952 1.6330 4.1727 0.9848 1.7426 39.1271 -4.7448 -3.1337
Car -1 -1 -4.5047 603.0225 175.4484 635.7476 198.2307 1.5822 1.6221 3.9018 0.6942 1.7788 52.6649 -4.4921 -3.1385
Car -1 -1 -4.7234 162.8363 183.3575 195.1683 211.4382 1.6189 1.6841 4.3813 -27.3086 2.3165 45.6343 -5.2603 -3.2456
Car -1 -1 -4.4794 124.7539 187.8038 174.6037 215.1696 1.4581 1.6197 3.9613 -27.3407 2.3912 42.9149 -5.0440 -3.6610
Car -1 -1 -4.7060 636.8975 174.0476 665.3639 202.0503 1.6190 1.6522 4.1615 2.4822 1.6950 44.0251 -4.6506 -3.7040
Car -1 -1 -7.7638 700.4043 170.2107 720.9443 187.4857 1.6278 1.6412 3.8334 9.7775 1.3785 70.0433 -7.6260 -3.7955
Car -1 -1 -2.9591 689.4704 170.5074 738.0418 190.0599 1.5522 1.6729 3.6672 8.4154 1.3656 58.6565 -2.8176 -3.7959
Car -1 -1 -4.9001 594.6142 176.7372 622.9835 196.6092 1.4970 1.5854 3.6360 -0.1544 1.8141 57.0459 -4.9032 -3.8708
Car -1 -1 -7.7345 725.9651 170.2121 754.9363 192.2372 1.5834 1.6718 4.0478 9.7773 1.3932 54.0530 -7.5569 -3.9338
Car -1 -1 -4.4766 530.4470 176.4169 564.7342 199.4035 1.6502 1.7002 3.9826 -4.7030 1.9296 54.5451 -4.5626 -3.9930
Car -1 -1 -5.2735 243.7784 180.5088 295.6476 203.1330 1.7230 1.6991 4.4048 -27.4643 2.3597 58.1422 -5.7132 -4.1440
Car -1 -1 -3.6567 1179.9377 150.9905 1241.0000 195.4256 1.6391 1.6761 4.0751 24.7564 0.8323 27.8525 -2.9354 -4.2473
Car -1 -1 -4.9406 637.8070 173.6958 678.5146 199.6419 1.6038 1.6581 4.5251 3.0527 1.6612 47.1208 -4.8767 -4.2696
Car -1 -1 -4.7534 614.0553 175.5288 644.3218 203.8004 1.6235 1.6617 4.0871 1.0891 1.7935 43.8816 -4.7292 -4.3450
Car -1 -1 -4.4983 630.0651 175.8618 664.8882 200.3351 1.6380 1.6444 4.0216 2.6584 1.8592 50.9785 -4.4470 -4.4562
Car -1 -1 -4.6084 562.2250 181.2430 583.1010 198.3616 1.4415 1.5102 3.4357 -3.3226 2.2085 64.2350 -4.6603 -4.5356
Car -1 -1 -4.8268 562.4236 178.2265 585.7007 197.1647 1.6819 1.6945 4.2798 -3.4200 2.2018 67.6077 -4.8775 -4.6379
Car -1 -1 -4.8475 452.0813 179.7807 479.1300 199.4688 1.5316 1.6674 4.0417 -12.0336 2.1269 59.8504 -5.0454 -4.7160
Car -1 -1 -5.8920 1216.1600 149.6102 1241.0000 187.7559 1.5524 1.6725 3.9223 29.2001 0.6062 31.4954 -5.1491 -4.7801
Car -1 -1 -4.3217 389.4464 183.0612 421.0866 200.7532 1.5809 1.6226 3.6569 -19.4434 2.5778 68.5856 -4.5973 -4.8023
Car -1 -1 -4.4372 338.6413 183.9980 365.0988 201.8022 1.6364 1.5433 3.4659 -25.1459 2.7498 70.3268 -4.7797 -4.8985
Car -1 -1 -8.1807 298.4432 187.8752 340.6586 211.1397 1.5027 1.5996 3.9443 -20.6815 2.6110 51.2297 -8.5630 -5.1840
Car -1 -1 -4.5720 307.2461 188.1296 348.5411 216.8638 1.5481 1.7192 4.4477 -17.0718 2.5240 43.7463 -4.9423 -5.3633
Car -1 -1 -4.7460 705.1894 172.8022 727.0354 190.9616 1.5731 1.7931 3.9353 9.4408 1.5683 64.5610 -4.6018 -5.4182
Car -1 -1 -8.2762 1150.1544 146.7077 1239.3899 182.8580 1.6281 1.6663 4.3925 28.0426 0.4502 34.8297 -7.6025 -5.4392
Car -1 -1 -4.7833 405.5930 184.3563 427.7654 202.5277 1.4687 1.5997 3.8705 -16.9424 2.5070 63.0564 -5.0450 -5.4582
Car -1 -1 -4.6037 354.4322 185.6206 384.4673 207.8898 1.4378 1.6017 3.8607 -16.9906 2.3763 50.9991 -4.9241 -5.6872
Car -1 -1 -4.6234 422.7649 180.5062 447.5521 198.9662 1.4126 1.6168 4.0824 -14.3161 2.0620 59.1237 -4.8603 -5.7018
Car -1 -1 -4.6562 491.7272 180.1336 513.1349 197.1517 1.3794 1.6022 4.1896 -9.3086 2.0314 62.4927 -4.8038 -5.7283
Car -1 -1 -4.8210 492.6947 177.1082 520.4840 199.3397 1.5877 1.6569 3.8984 -7.8615 1.9206 54.4249 -4.9642 -5.7366
Car -1 -1 -4.3894 397.4503 183.1477 425.2213 198.7982 1.4649 1.6555 3.4246 -19.7004 2.5111 71.6003 -4.6573 -5.7508
Car -1 -1 -4.6332 500.1057 180.3741 521.9560 197.1187 1.4314 1.6482 4.1735 -9.0048 2.1383 65.7245 -4.7692 -5.7974
Car -1 -1 -4.7756 480.3125 179.6251 503.2763 197.4381 1.3691 1.6014 4.1168 -9.7704 1.9458 59.3035 -4.9385 -5.8364
Car -1 -1 -7.0513 477.7933 186.3283 1241.0000 374.0000 1.4014 1.6076 3.4920 1.3006 1.4831 2.9823 -6.6765 -5.8413
Car -1 -1 -4.5037 430.2095 180.4182 459.7192 197.7106 1.4022 1.6734 4.0963 -14.2476 2.0773 62.3694 -4.7277 -5.8546
Car -1 -1 -4.4305 406.4818 179.6230 444.3088 200.9872 1.4752 1.6416 4.0295 -13.5771 1.9927 53.1543 -4.6797 -5.8710
Car -1 -1 -4.5005 462.5173 181.0006 491.5618 201.2280 1.6949 1.6463 4.5001 -11.8756 2.4493 64.5651 -4.6821 -5.8847
Car -1 -1 -4.3552 342.2778 179.5922 389.7318 203.6162 1.4280 1.5918 3.9171 -15.5213 1.8757 45.9863 -4.6793 -5.8867
Car -1 -1 -4.0537 307.9270 181.0648 380.8429 209.7970 1.4675 1.6306 4.1361 -14.8002 1.9515 40.3390 -4.4036 -5.8867
Car -1 -1 -4.4609 420.5439 180.5394 449.7439 197.7863 1.4422 1.5902 3.9362 -15.5122 2.1455 64.0788 -4.6978 -5.8867
Car -1 -1 -4.3140 448.7626 181.1366 481.7798 197.8415 1.4708 1.6417 3.9283 -13.5578 2.2715 67.6888 -4.5113 -5.8867
Car -1 -1 -4.5285 366.2428 183.3642 392.0884 199.8596 1.4589 1.6087 4.1712 -21.9760 2.4917 68.7506 -4.8371 -5.9628
Car -1 -1 -7.6053 1042.7656 171.7565 1194.2843 280.1973 1.5907 1.4053 3.0495 8.5359 1.5743 12.1179 -7.0037 -6.3047
Car -1 -1 -8.4518 1214.6798 183.1929 1241.0000 319.1169 1.5962 1.4690 2.8951 10.3188 1.7653 10.2632 -7.6787 -6.4525
Car -1 -1 -6.2725 774.6530 172.5051 862.2424 204.7581 1.5785 1.6291 4.1868 10.5277 1.5611 36.6867 -5.9956 -6.9260
