Car -1 -1 -4.7233 639.1362 175.5127 669.0046 205.0820 1.6343 1.6662 4.4248 2.5297 1.7990 42.5332 -4.6648 -0.8318
Car -1 -1 -4.7731 613.2707 178.4576 645.8871 205.7271 1.4831 1.6383 4.3625 1.0645 1.8289 42.3597 -4.7487 -1.9169
Car -1 -1 -4.7741 645.0550 174.4446 676.9901 201.5428 1.6337 1.7439 4.4731 3.1695 1.7397 46.0045 -4.7062 -2.2049
Car -1 -1 -5.0426 95.7448 188.8258 155.3138 217.5422 1.4877 1.6215 4.0184 -27.8004 2.4431 41.3138 -5.6322 -2.6297
Car -1 -1 -4.6294 556.2661 177.0264 579.2639 198.4956 1.7238 1.6111 3.9718 -3.5478 2.0862 60.7171 -4.6880 -2.6347
Car -1 -1 -4.6752 709.7786 172.4748 730.8152 189.6594 1.4566 1.6891 3.6881 9.6505 1.4242 63.1284 -4.5245 -3.0970
Car -1 -1 -2.3143 49.8114 185.9492 138.9922 216.8793 1.6117 1.6766 4.1132 -28.5277 2.3583 39.9032 -2.9320 -3.6324
Car -1 -1 -4.6602 669.2524 173.2401 698.5496 199.3218 1.5834 1.6519 4.1450 4.7208 1.6089 46.0432 -4.5591 -3.6543
Car -1 -1 -4.6448 710.1553 169.3078 745.6666 200.1904 1.6334 1.6823 4.3835 6.6266 1.4455 40.4868 -4.4841 -3.6656
Car -1 -1 -4.7608 540.2950 178.7968 564.4482 201.0368 1.5184 1.5545 3.8821 -4.2433 1.9661 52.3679 -4.8417 -3.6950
Car -1 -1 -5.4931 309.5874 183.3321 383.1490 213.9205 1.4965 1.6269 3.5026 -13.8506 2.0667 37.7993 -5.8425 -3.7251
Car -1 -1 -6.0645 425.6719 177.9949 513.5975 214.5770 1.4924 1.5260 3.3948 -5.9279 1.7149 30.4723 -6.2555 -3.7606
Car -1 -1 -4.7590 779.5522 165.4413 811.1606 195.7419 1.7528 1.6658 3.7941 11.1630 1.3237 43.7647 -4.5112 -3.7701
Car -1 -1 -2.2334 63.7916 196.0597 175.4000 234.9139 1.5727 1.7422 4.5518 -22.1675 2.6691 32.5673 -2.8275 -4.0434
Car -1 -1 -4.5371 398.7040 180.2797 434.6913 204.7971 1.4547 1.5461 3.9919 -12.3358 1.9501 46.1100 -4.7974 -4.1565
Car -1 -1 -2.8267 636.5344 177.3741 720.5581 207.4550 1.5311 1.6416 4.1948 3.6417 1.7837 38.7864 -2.7344 -4.1989
Car -1 -1 -7.8369 232.8390 177.7425 257.5520 201.2958 1.8243 1.7301 4.1370 -29.8456 2.2393 59.0550 -8.3033 -4.4556
Car -1 -1 -4.7382 606.6059 176.2324 635.8163 201.8276 1.5434 1.7489 4.3868 0.6412 1.7701 46.2942 -4.7249 -4.5319
Car -1 -1 -3.3839 586.0531 179.0855 672.0833 214.2254 1.4388 1.5462 3.4300 0.7551 1.7166 31.0701 -3.3604 -4.7148
Car -1 -1 -7.7267 725.3280 170.8230 749.0557 188.2587 1.4759 1.5995 3.6288 11.1145 1.3037 63.0455 -7.5533 -4.7647
Car -1 -1 -5.2356 541.1538 181.3133 577.1351 198.0273 1.4799 1.6001 4.0006 -4.8522 2.3030 68.1237 -5.3068 -4.9796
Car -1 -1 -3.8682 0.0000 193.4715 108.7115 240.6309 1.4345 1.5418 4.0898 -20.5203 2.2380 25.9780 -4.5319 -5.2457
Car -1 -1 -5.0798 684.4023 170.7395 720.4308 189.4946 1.5902 1.6931 4.3283 8.0600 1.4106 63.4809 -4.9544 -5.3493
Car -1 -1 -4.2299 298.6709 185.7549 355.3281 213.9573 1.6111 1.6514 3.9520 -17.6717 2.4549 45.1548 -4.6013 -5.3883
Car -1 -1 -4.2432 417.7173 178.8589 466.5824 205.3214 1.7664 1.6334 4.2822 -11.9404 2.2134 51.4700 -4.4704 -5.5763
Car -1 -1 -7.9083 655.4315 173.6117 698.9869 215.0347 1.5670 1.5323 3.9139 2.6297 1.5996 29.3487 -7.8204 -5.5763
Car -1 -1 -4.7382 506.3334 180.7796 524.9294 196.9382 1.4301 1.6310 4.1484 -8.9608 2.2024 68.1678 -4.8688 -5.6261
Car -1 -1 -4.4881 386.4104 181.9427 413.2700 199.8551 1.5844 1.5690 4.0405 -19.7821 2.4664 67.9782 -4.7705 -5.6319
Car -1 -1 -4.7550 361.2601 184.2235 387.5594 205.6091 1.3949 1.6130 4.1425 -16.9246 2.2435 51.6485 -5.0705 -5.6489
Car -1 -1 -5.0932 574.8049 178.8313 609.0487 196.0976 1.5372 1.6852 4.4909 -1.7720 2.1224 68.2908 -5.1194 -5.7290
Car -1 -1 -4.5983 409.8299 182.8421 433.5721 200.3658 1.4443 1.5984 3.8975 -16.6487 2.3559 63.8356 -4.8527 -5.7333
Car -1 -1 -7.9573 845.0301 189.5843 1241.0000 374.0000 1.5638 1.5687 3.8648 1.9574 1.6772 2.8249 -7.4001 -5.7434
Car -1 -1 -4.3707 268.8517 184.0755 332.6288 214.9783 1.4305 1.6897 4.2207 -15.8554 2.0410 37.1226 -4.7721 -5.7570
Car -1 -1 -4.1774 310.6638 179.3682 377.1974 208.0856 1.4787 1.6440 4.0483 -14.8010 1.8613 40.2659 -4.5278 -5.7984
Car -1 -1 -4.6662 496.8120 180.6919 516.7993 197.1394 1.3856 1.5935 4.1120 -9.2794 2.1136 64.9296 -4.8079 -5.7993
Car -1 -1 -4.3380 292.6050 184.1559 346.0864 210.2100 1.3888 1.5617 3.9315 -16.9384 2.0794 42.1396 -4.7183 -5.8080
Car -1 -1 -4.4939 162.7508 185.6138 194.3305 204.1359 1.4798 1.5550 3.8133 -37.3702 2.6216 62.5300 -5.0309 -5.8202
Car -1 -1 -3.9946 735.3080 169.6934 818.4321 209.7287 1.6040 1.5652 3.4293 7.0435 1.4771 30.5504 -3.7706 -5.8228
Car -1 -1 -4.3815 0.0000 199.7327 44.5177 239.6010 1.4002 1.4911 3.3081 -24.7669 2.5698 29.5933 -5.0741 -5.8439
Car -1 -1 -4.7896 587.1464 177.6576 609.7188 195.4210 1.4100 1.5797 4.0063 -1.0246 1.8260 60.4628 -4.8069 -5.8710
Car -1 -1 -4.4902 354.8472 179.7770 395.4998 203.7348 1.4312 1.6340 4.0257 -15.0709 1.8959 46.3834 -4.8030 -5.8867
Car -1 -1 -4.6409 87.6225 182.9853 116.4924 202.7958 1.5044 1.6462 4.0099 -41.6065 2.3644 59.1263 -5.2522 -5.8867
Car -1 -1 -4.6611 112.2029 182.4257 138.2112 201.0785 1.4891 1.6442 4.0125 -41.6067 2.3390 61.9463 -5.2507 -5.8867
Car -1 -1 -4.3658 428.3182 180.2263 461.1253 197.2263 1.4289 1.6220 3.9186 -14.7474 2.1082 64.4649 -4.5901 -5.8867
Car -1 -1 -4.5535 490.7375 179.2139 518.8088 198.4701 1.4292 1.5867 3.9310 -8.2784 1.9474 56.8371 -4.6978 -5.8867
Car -1 -1 -4.3630 386.2965 180.2244 428.2444 202.0637 1.4466 1.6161 3.9246 -14.3539 1.9896 51.1731 -4.6355 -5.8867
Car -1 -1 -4.6811 134.5307 181.5396 158.0595 199.3378 1.4929 1.6467 4.0158 -41.6080 2.2980 64.7625 -5.2505 -5.8867
Car -1 -1 -4.9963 455.5934 182.2767 484.6634 198.9689 1.4033 1.5116 4.0137 -12.6890 2.2821 65.1925 -5.1882 -6.0036
