Car -1 -1 -3.8876 300.3606 190.5340 353.2175 212.7902 1.4987 1.6227 3.4719 -21.0038 2.8575 53.5490 -4.2601 -2.1482
Car -1 -1 -4.9482 653.5145 178.0379 686.2809 199.0233 1.5718 1.6827 4.0389 4.6803 1.9978 57.2172 -4.8675 -2.3316
Car -1 -1 -4.1539 111.5640 193.4734 181.1882 221.8623 1.4192 1.6707 3.5025 -25.9023 2.6233 40.3854 -4.7214 -2.6637
Car -1 -1 -8.1354 781.4133 163.2083 847.2697 205.0175 1.5921 1.6271 3.5427 8.1611 1.2245 29.2573 -7.8663 -3.4245
Car -1 -1 -4.2208 187.2459 191.3841 242.4831 215.5876 1.4374 1.6638 3.6353 -25.9572 2.7029 47.4660 -4.7192 -3.5058
Car -1 -1 -5.1526 147.1003 184.1493 197.5219 208.7893 1.7789 1.7553 4.0863 -33.8071 2.6791 55.6621 -5.6965 -3.5144
Car -1 -1 -4.7240 607.9616 178.9081 642.2211 211.1378 1.4867 1.6146 3.8187 0.6825 1.8039 35.9183 -4.7057 -3.8676
Car -1 -1 -4.5751 626.2042 178.1297 662.9745 206.7891 1.5674 1.6220 4.0624 2.0432 1.8927 42.3962 -4.5278 -4.3001
Car -1 -1 -4.6308 601.8399 179.1499 637.0077 207.5583 1.5175 1.7097 3.9579 0.5513 1.8972 41.5018 -4.6182 -4.3821
Car -1 -1 -4.6602 333.4023 191.4969 364.6046 216.4497 1.3955 1.6486 4.0083 -16.5300 2.6325 45.7321 -5.0056 -4.7057
Car -1 -1 -5.1121 414.5878 182.4410 453.1284 202.3639 1.5130 1.6244 4.0038 -14.4348 2.3231 58.8997 -5.3517 -4.7324
Car -1 -1 -4.8931 460.3349 180.8403 484.4814 199.4768 1.6834 1.5780 3.9961 -13.2355 2.4724 69.1643 -5.0819 -4.7786
Car -1 -1 -4.9267 544.9014 181.6318 569.6398 198.2206 1.4085 1.5376 3.3726 -4.7994 2.2217 65.0391 -5.0005 -4.8080
Car -1 -1 -4.6511 304.9451 190.6116 348.4985 221.6174 1.3491 1.7726 4.5015 -14.3258 2.3083 36.5733 -5.0223 -5.0743
Car -1 -1 -4.9658 504.1361 180.2318 549.6993 207.6278 1.5968 1.7913 4.5033 -5.3621 2.0894 45.7835 -5.0822 -5.0843
Car -1 -1 -4.3270 233.7736 187.3187 286.4286 212.3354 1.5200 1.7115 4.2397 -23.4822 2.5359 48.5196 -4.7759 -5.1161
Car -1 -1 -4.2753 270.2322 189.2625 313.5902 209.4486 1.4969 1.6506 4.1187 -25.9583 2.8847 58.9623 -4.6887 -5.1207
Car -1 -1 -4.4597 420.2489 181.8616 457.4118 205.5559 1.6959 1.7375 4.3984 -13.1489 2.4167 55.5448 -4.6915 -5.1680
Car -1 -1 -4.2380 289.2291 186.0085 335.0580 206.5557 1.4726 1.6219 4.1000 -23.3002 2.5414 56.5281 -4.6277 -5.1932
Car -1 -1 -4.9180 608.2769 183.7029 638.3149 203.5967 1.4596 1.6587 3.6286 0.9889 2.3453 56.9894 -4.9013 -5.1992
Car -1 -1 -4.6156 449.5536 182.2793 472.0895 200.2486 1.4755 1.5506 4.1862 -13.1555 2.3353 63.6807 -4.8189 -5.2722
Car -1 -1 -5.2579 549.4142 180.1169 595.2632 202.5245 1.6277 1.6738 4.0769 -2.9876 2.2124 55.9642 -5.3114 -5.2952
Car -1 -1 -4.8889 657.3827 176.0031 689.4446 196.3697 1.4161 1.6471 4.0415 4.5766 1.6558 52.9028 -4.8035 -5.3310
Car -1 -1 -4.5963 347.7214 187.5078 386.8972 216.5616 1.4523 1.6438 3.6233 -13.4282 2.3031 39.9675 -4.9188 -5.3720
Car -1 -1 -4.8478 631.4654 176.9839 671.2402 208.7744 1.4821 1.5249 3.3100 1.9674 1.6965 35.7945 -4.7939 -5.4041
Car -1 -1 -4.2539 742.5194 170.3551 788.8894 195.7831 1.9051 1.8335 4.2897 12.1592 1.7176 56.3091 -4.0427 -5.4389
Car -1 -1 -4.9506 457.7829 181.0334 490.3172 201.3429 1.5088 1.6209 4.1246 -10.9147 2.1866 57.6001 -5.1374 -5.4683
Car -1 -1 -5.2715 155.4362 193.6117 207.8760 218.7369 1.6477 1.4988 3.6557 -30.4974 3.1668 51.3097 -5.8058 -5.4961
Car -1 -1 -6.9251 443.0497 202.1846 1241.0000 374.0000 1.3794 1.6454 3.7976 1.2025 1.5679 3.2671 -6.6028 -5.5171
Car -1 -1 -4.5445 534.8943 180.6238 564.3527 203.8315 1.6877 1.6714 3.7051 -4.6504 2.3075 55.6714 -4.6279 -5.5246
Car -1 -1 -4.6745 373.1155 187.8502 402.3848 213.6315 1.5317 1.6893 4.3090 -14.7226 2.5735 47.8416 -4.9719 -5.5650
Car -1 -1 -6.8601 0.0000 119.1323 144.3869 374.0000 1.6567 1.8911 4.5812 -4.5624 1.6014 3.0797 -7.7965 -5.6281
Car -1 -1 -4.8271 662.4777 175.0698 693.2392 196.5974 1.3812 1.5920 4.1835 4.5166 1.5374 48.8385 -4.7359 -5.6792
Car -1 -1 -4.4255 536.2626 178.3499 575.0314 201.2194 1.5246 1.6183 4.2573 -3.8539 1.9332 51.4335 -4.5003 -5.7595
Car -1 -1 -4.6613 412.6098 180.5293 439.7444 202.7693 1.4321 1.6127 4.3304 -12.8081 1.9914 50.3192 -4.9096 -5.7725
Car -1 -1 -4.5118 399.5157 183.2473 427.8621 201.8044 1.5369 1.6602 4.0316 -17.4320 2.4902 64.1355 -4.7765 -5.8096
Car -1 -1 -4.5659 423.4724 181.6252 449.5082 198.5593 1.4109 1.6748 4.1382 -15.4861 2.2202 64.4641 -4.8010 -5.8121
Car -1 -1 -4.6319 470.6188 180.4453 493.5114 198.5774 1.4158 1.5645 3.9644 -10.6491 2.0693 60.0991 -4.8069 -5.8146
Car -1 -1 -4.8301 569.0638 180.0132 596.6184 199.9232 1.4879 1.7115 4.2195 -2.2373 2.0825 57.7344 -4.8691 -5.8185
Car -1 -1 -4.6108 387.8794 184.1258 421.6141 208.8701 1.4416 1.6608 4.1842 -13.1387 2.1982 46.2492 -4.8865 -5.8258
Car -1 -1 -4.5925 490.3778 181.6824 512.9014 198.1955 1.4639 1.6331 4.0602 -10.2325 2.3233 68.2117 -4.7412 -5.8312
Car -1 -1 -4.6910 575.1161 179.1441 594.6440 196.5108 1.4266 1.6156 4.1785 -2.1849 1.9929 62.8926 -4.7260 -5.8809
Car -1 -1 -4.5142 585.3061 179.0494 616.4399 199.0928 1.4774 1.6662 4.1501 -0.7045 1.9831 56.7342 -4.5270 -5.8839
Car -1 -1 -4.5488 488.0385 180.0120 514.7561 198.4162 1.4520 1.5936 3.9412 -9.0878 2.0711 60.4507 -4.6977 -5.8867
Car -1 -1 -4.6131 56.2505 183.1106 89.2735 204.4792 1.5310 1.6556 4.0176 -41.6075 2.3560 55.9094 -5.2508 -5.8867
Car -1 -1 -4.5695 504.5684 180.0919 528.8334 197.4717 1.4560 1.5933 3.9416 -8.2758 2.1183 64.0785 -4.6978 -5.8867
Car -1 -1 -4.4411 403.0319 180.3112 434.4241 198.1770 1.4377 1.6046 3.9039 -16.3290 2.0950 61.6650 -4.6992 -5.8867
Car -1 -1 -6.7850 0.0000 0.0000 1241.0000 374.0000 1.5488 1.5914 3.8055 -2.9059 1.6549 1.0033 -7.9392 -5.8867
Car -1 -1 -4.5872 25.6510 184.4716 62.8290 207.2739 1.5408 1.6570 4.0152 -41.6060 2.4300 53.0946 -5.2496 -5.8867
Car -1 -1 -4.3640 519.1816 179.1224 551.4118 196.5690 1.4896 1.6421 3.9759 -6.7406 2.0748 65.2630 -4.4668 -5.8867
Car -1 -1 -4.5219 510.1119 180.3512 538.3993 199.3025 1.4721 1.6120 3.9107 -7.0765 2.1124 59.6444 -4.6399 -5.8867
Car -1 -1 -4.6798 586.9722 177.9492 607.6028 196.0137 1.4160 1.5817 3.9268 -1.0487 1.8508 59.6461 -4.6977 -5.8867
Car -1 -1 -4.6811 478.3557 180.0707 498.3467 197.6912 1.4523 1.6052 4.0225 -10.6655 2.1061 63.2938 -4.8477 -5.8867
Car -1 -1 -4.1366 142.6511 191.4452 220.0996 217.4103 1.3771 1.8647 4.5516 -25.9910 2.5674 43.8949 -4.6688 -6.1190
