Car -1 -1 -4.8658 717.0847 179.8620 747.3631 202.7136 1.4560 1.5004 3.4226 8.1891 1.9459 48.7477 -4.7009 2.0978
Car -1 -1 -5.6339 652.7203 180.0448 713.6278 205.7059 1.4986 1.6159 3.5065 4.4958 1.9638 44.9234 -5.5354 0.0148
Car -1 -1 -8.2174 728.3824 173.6938 780.0283 203.4651 1.6273 1.6094 3.9473 8.2203 1.6779 41.6381 -8.0243 -0.1988
Car -1 -1 -4.7866 530.0878 185.2774 557.4755 208.0485 1.4951 1.6503 4.2122 -4.8400 2.4284 52.0059 -4.8794 -1.0279
Car -1 -1 -4.5332 587.7820 183.6385 620.8521 206.0145 1.4367 1.6125 4.1250 -0.3863 2.2250 50.5901 -4.5413 -1.0783
Car -1 -1 -4.1252 347.3315 188.6666 392.2474 211.0758 1.6826 1.6086 3.8937 -19.6880 3.0258 59.2159 -4.4453 -2.1651
Car -1 -1 -7.8333 810.8025 183.6101 852.2704 219.8335 1.4125 1.6283 3.9005 9.6527 1.9131 31.4928 -7.5391 -2.4885
Car -1 -1 -7.9254 220.6985 177.6683 251.0244 204.5662 1.9748 1.7817 4.5239 -29.2138 2.3657 56.2268 -8.4029 -2.6986
Car -1 -1 -4.1666 0.0000 193.3187 15.1394 236.6410 1.5079 1.6770 3.6175 -25.9334 2.3812 28.8688 -4.8940 -2.9097
Car -1 -1 -4.5889 48.2410 190.7675 112.5015 232.1686 1.4881 1.6426 4.1351 -22.0045 2.2887 30.0520 -5.2169 -2.9361
Car -1 -1 -4.7982 539.7900 188.0690 563.7424 208.5726 1.5713 1.6461 4.2884 -4.9721 2.9025 60.8894 -4.8799 -3.0398
Car -1 -1 -5.4823 0.0000 190.9696 86.8244 224.9622 1.4761 1.7449 4.2173 -27.0921 2.3496 33.6717 -6.1562 -3.0889
Car -1 -1 -4.8426 174.4177 184.3681 207.5127 206.6557 1.5485 1.6537 4.0111 -31.6404 2.4495 54.3889 -5.3676 -3.1089
Car -1 -1 -5.6504 619.0197 184.9359 672.4932 205.9834 1.5977 1.6860 4.1759 2.8732 2.6182 58.9994 -5.6026 -3.4160
Car -1 -1 -4.8762 725.6595 176.8595 749.8845 194.9236 1.6520 1.6606 3.8413 12.1258 2.0442 68.7719 -4.7028 -3.6033
Car -1 -1 -4.4613 963.4547 165.2931 1004.9880 191.2416 1.7605 1.6791 3.9837 26.4465 1.2472 50.9997 -3.9855 -3.6414
Car -1 -1 -4.6291 898.9322 190.2068 949.4256 231.4656 1.5107 1.6430 3.8836 13.1897 2.2892 30.2850 -4.2227 -3.7736
Car -1 -1 -4.1881 611.0733 184.6726 661.4694 208.0790 1.5097 1.6408 4.2888 1.8765 2.3827 51.0654 -4.1522 -3.8288
Car -1 -1 -4.8335 633.6683 182.6452 666.4456 208.0435 1.5386 1.6496 4.1736 2.5577 2.2119 47.4973 -4.7806 -3.8371
Car -1 -1 -4.4763 77.6930 185.9285 131.9623 216.7818 1.5733 1.6273 3.9161 -28.4601 2.3491 40.7101 -5.0835 -3.8718
Car -1 -1 -3.8392 46.9997 184.4639 134.3112 216.5123 1.6994 1.6591 3.9798 -30.1205 2.4083 41.9408 -4.4592 -4.0512
Car -1 -1 -7.8825 121.5698 182.4030 155.4764 211.7332 1.7920 1.7645 4.3742 -31.3513 2.4558 47.8824 -8.4598 -4.0967
Car -1 -1 -4.8600 702.4979 180.2292 724.5687 197.4903 1.6062 1.5831 3.8554 10.0999 2.3485 70.7248 -4.7192 -4.1183
Car -1 -1 -4.1895 230.9534 190.5332 319.1085 229.7428 1.3810 1.5608 3.7244 -13.4348 2.1404 29.0779 -4.6192 -4.1360
Car -1 -1 -4.5905 1037.1847 165.2747 1062.4630 181.5142 1.4794 1.5894 3.7505 41.2610 0.7886 67.6952 -4.0452 -4.1801
Car -1 -1 -4.5888 417.6545 185.8539 446.6967 207.7544 1.4787 1.6076 3.9054 -13.0912 2.4729 53.1640 -4.8295 -4.2739
Car -1 -1 -5.7091 270.3879 187.4014 359.0014 218.3191 1.4706 1.6062 3.9120 -14.9761 2.2306 36.5584 -6.0957 -4.4688
Car -1 -1 -4.6438 374.3006 184.8713 404.9671 207.8262 1.3485 1.6305 3.8752 -14.2304 2.1593 46.6279 -4.9387 -4.8718
Car -1 -1 -4.8174 609.9557 181.3572 649.4946 215.1868 1.6083 1.6151 4.1181 0.9310 2.0747 37.4840 -4.7934 -4.8849
Car -1 -1 -4.6163 448.5082 185.0034 471.7577 204.3770 1.5340 1.5921 3.7028 -12.7623 2.6013 61.4750 -4.8206 -5.1359
Car -1 -1 -6.1751 534.6122 185.3859 601.3212 211.0099 1.5473 1.6984 4.0361 -2.6474 2.3528 45.4468 -6.2335 -5.2268
Car -1 -1 -4.1082 39.8664 192.5018 120.4182 224.1956 1.3850 1.5213 3.3859 -25.9149 2.3943 35.3646 -4.7372 -5.2626
Car -1 -1 -6.9845 1072.6722 157.2719 1241.0000 252.0955 1.4901 1.5433 3.6259 10.0359 1.2449 12.1517 -6.3063 -5.2847
Car -1 -1 -3.9674 571.8354 180.2933 643.8751 209.5529 1.6416 1.6768 4.6524 -0.1086 2.1177 43.9226 -3.9704 -5.2885
Car -1 -1 -4.3615 0.0000 185.0160 30.1790 222.5486 1.5963 1.7233 4.2373 -29.6354 2.2154 34.4563 -5.0681 -5.4030
Car -1 -1 -4.5194 520.4283 184.0286 558.9327 208.6426 1.4838 1.7441 4.2995 -4.6307 2.2573 47.7387 -4.6161 -5.4166
Car -1 -1 -7.1274 1021.1388 162.8073 1241.0000 245.1330 1.4369 1.5074 3.6002 9.8835 1.2613 13.7398 -6.5142 -5.5376
Car -1 -1 -4.5379 347.2809 185.1398 381.5126 208.0295 1.5229 1.6680 4.0905 -17.8359 2.4524 52.4599 -4.8645 -5.5579
Car -1 -1 -7.6479 943.9143 170.0589 985.6453 196.6382 1.4865 1.5302 3.4326 20.7290 1.3299 42.1797 -7.1942 -5.7802
Car -1 -1 -4.6990 472.1391 179.7099 495.0710 201.5645 1.5346 1.6307 3.8880 -9.4605 2.0669 54.0005 -4.8720 -5.8362
Car -1 -1 -4.4377 376.3587 181.8535 415.3451 203.9772 1.4902 1.6595 4.0960 -15.5073 2.1684 52.3349 -4.7248 -5.8679
Car -1 -1 -4.6494 239.1985 183.1399 265.9394 206.8877 1.7989 1.6927 4.1248 -29.1218 2.6689 58.8179 -5.1077 -6.2459
Car -1 -1 -4.0891 71.8021 191.5470 169.0425 231.6640 1.4788 1.4831 3.6907 -20.4173 2.3095 30.2073 -4.6796 -6.3014
Car -1 -1 -4.8719 0.0000 193.0459 58.7458 235.9685 1.4880 1.6476 4.0238 -23.5468 2.3486 28.8093 -5.5527 -6.3031
Car -1 -1 -4.5133 507.5907 183.3628 549.7605 213.4687 1.6593 1.7238 4.2188 -4.8753 2.3238 43.4648 -4.6249 -7.0216
