Car -1 -1 -4.6795 596.7981 182.5472 621.9189 207.3488 1.5686 1.5880 4.0666 -0.0409 2.2582 49.2996 -4.6809 -1.3907
Car -1 -1 -2.8938 845.1133 174.6891 979.7073 230.1496 1.4888 1.5014 3.3663 8.7483 1.5462 21.0787 -2.5059 -2.2358
Car -1 -1 -4.2861 253.0374 190.5837 299.2943 212.2728 1.5178 1.7347 4.0236 -25.7834 2.9383 55.8063 -4.7174 -2.6721
Car -1 -1 -4.0682 31.0113 194.2503 134.9466 227.4947 1.3900 1.7266 4.5362 -25.7299 2.5070 35.3929 -4.6935 -3.1953
Car -1 -1 -7.7491 716.1661 166.3473 738.3426 186.3112 1.8585 1.6981 4.0105 11.2729 1.2525 69.3292 -7.5889 -3.3209
Car -1 -1 -3.4931 861.4163 175.0959 948.9761 209.0469 1.5341 1.5805 3.4320 13.6361 1.6407 33.5572 -3.1106 -3.4059
Car -1 -1 -4.7003 740.8794 175.1898 769.1038 200.9880 1.4681 1.5946 3.7016 8.6987 1.6147 43.3948 -4.5043 -3.7959
Car -1 -1 -4.1207 0.0000 192.7775 81.9925 227.1692 1.4223 1.5970 3.8324 -27.0832 2.4178 34.0945 -4.7883 -3.8784
Car -1 -1 -4.3590 609.9021 183.5164 646.2672 205.4029 1.3821 1.4760 3.1394 1.2254 2.1312 48.9826 -4.3347 -3.9320
Car -1 -1 -4.5986 516.1166 184.9127 551.4764 211.5806 1.4646 1.6522 4.3314 -4.6047 2.2320 43.7647 -4.7033 -4.0003
Car -1 -1 -4.5323 747.7313 179.5362 793.4846 210.0648 1.3975 1.5835 3.7872 8.0146 1.7495 35.9815 -4.3154 -4.0089
Car -1 -1 -4.1270 0.0000 195.4864 78.3196 238.1348 1.5058 1.6359 4.0416 -24.1529 2.5051 29.7785 -4.8042 -4.1132
Car -1 -1 -4.9482 836.9194 187.3673 863.5568 204.6234 1.5385 1.6017 3.7025 23.0701 2.9736 69.4546 -4.6293 -4.1430
Car -1 -1 -8.1918 702.3672 176.5138 747.5560 202.7990 1.4756 1.5648 3.5158 6.7491 1.7024 42.8973 -8.0372 -4.2959
Car -1 -1 -4.5293 524.4465 184.2224 559.5199 207.8412 1.5066 1.6594 4.4804 -4.7439 2.3390 50.5489 -4.6229 -4.2986
Car -1 -1 -4.3815 357.6538 189.0160 405.3352 213.8938 1.4013 1.6328 4.0224 -14.3197 2.4616 45.3150 -4.6863 -4.3114
Car -1 -1 -7.4815 250.3139 188.8061 304.9760 218.7642 1.5926 1.6521 3.7590 -19.4614 2.5707 42.3297 -7.9104 -4.3543
Car -1 -1 -4.6508 53.1919 192.3887 98.9605 223.2180 1.3866 1.6430 4.1373 -27.6486 2.4581 37.4044 -5.2842 -4.4985
Car -1 -1 -4.5142 292.9254 188.6867 328.4024 212.3024 1.6747 1.7461 4.3210 -23.4210 2.9649 56.5244 -4.9057 -4.5966
Car -1 -1 -4.0466 98.3237 190.6975 191.0172 224.0413 1.4538 1.6592 4.1487 -23.0664 2.3944 35.9018 -4.6146 -4.6695
Car -1 -1 -4.9167 742.3026 176.3214 783.7234 202.8881 1.4034 1.5495 3.6308 8.4788 1.6060 40.4047 -4.7117 -4.7336
Car -1 -1 -4.0929 189.1036 186.0585 254.1810 212.5065 1.4307 1.5669 3.6570 -23.0252 2.2497 42.8557 -4.5836 -4.9703
Car -1 -1 -5.9509 570.5798 184.2475 633.6426 207.5648 1.6267 1.7109 4.3369 -0.6066 2.4914 53.2909 -5.9628 -5.0971
Car -1 -1 -4.7054 581.0016 184.0741 603.8928 208.4380 1.5846 1.5540 4.4338 -1.2641 2.4153 51.2118 -4.7305 -5.2083
Car -1 -1 -4.8683 485.1382 185.2964 518.8693 208.9172 1.5294 1.7159 4.3862 -7.7882 2.4584 51.5429 -5.0180 -5.2202
Car -1 -1 -4.5345 614.9340 181.6464 652.9156 210.8969 1.5691 1.6061 3.4913 1.3867 2.0998 41.7070 -4.5021 -5.2894
Car -1 -1 -9.0961 893.4354 187.0728 1241.0000 374.0000 1.4626 1.6228 3.9395 3.0262 1.5530 2.4719 -8.2674 -5.3347
Car -1 -1 -3.4005 455.7380 186.0718 501.7619 206.8315 1.7320 1.7807 3.6705 -11.6304 2.9296 63.8052 -3.5805 -5.4471
Car -1 -1 -4.8951 652.8272 173.4538 682.3566 198.1597 1.7946 1.6202 3.3699 4.2691 1.8408 54.2561 -4.8174 -5.4603
Car -1 -1 -4.7366 549.9070 186.1992 569.9145 204.3087 1.5295 1.7277 4.3149 -4.6635 2.7995 66.4538 -4.8069 -5.5960
Car -1 -1 -4.7517 390.0648 187.0721 421.3868 215.0903 1.5501 1.6900 4.3442 -12.7030 2.4747 44.6082 -5.0280 -5.6269
Car -1 -1 -5.1160 670.3531 177.2812 719.9556 201.0413 1.4141 1.6807 4.0158 5.3266 1.7088 45.9137 -5.0017 -5.6551
Car -1 -1 -4.6646 654.9364 177.4014 680.5521 199.4126 1.4375 1.5804 4.3457 4.0312 1.7684 50.3080 -4.5855 -5.7265
Car -1 -1 -4.7147 632.0091 178.6806 654.9810 201.9301 1.6488 1.6637 4.3499 2.4904 2.1064 54.4866 -4.6698 -5.7399
Car -1 -1 -4.8055 487.8870 184.3858 509.4077 201.9226 1.5466 1.6541 3.9888 -10.6300 2.6766 68.5807 -4.9591 -5.7468
Car -1 -1 -4.2295 221.0283 192.9020 282.0429 215.4515 1.4144 1.9508 4.7281 -25.7111 2.9222 51.8904 -4.6878 -5.7529
Car -1 -1 -4.4781 443.9606 184.6841 471.6481 202.6841 1.5795 1.6686 4.0067 -14.3261 2.7273 68.0004 -4.6853 -5.7887
Car -1 -1 -4.5654 608.8841 179.7722 637.9515 202.0707 1.5923 1.6512 3.9789 1.0296 2.1387 54.9242 -4.5473 -5.8180
Car -1 -1 -4.3946 413.3130 183.1732 453.2979 207.4272 1.6223 1.6488 3.9435 -12.7165 2.3950 52.0192 -4.6336 -5.8469
Car -1 -1 -4.5836 586.4814 180.8813 622.0695 211.1058 1.6201 1.6011 3.6332 -0.3246 2.1036 41.5852 -4.5919 -5.8686
Car -1 -1 -2.6368 274.8413 186.1402 362.5147 219.5769 1.6891 1.6638 4.0224 -15.4974 2.4152 38.3747 -3.0186 -5.8806
Car -1 -1 -4.6930 596.7629 179.7083 617.3480 199.0211 1.4736 1.5954 3.9451 -0.2370 2.0473 58.4455 -4.6975 -5.8867
Car -1 -1 -6.8389 0.0000 0.0000 1241.0000 374.0000 1.5461 1.5916 3.8058 -2.5161 1.6393 0.9963 -7.9397 -5.8867
Car -1 -1 -4.6638 115.3895 182.9305 141.2516 202.1496 1.5433 1.6596 4.0211 -41.6059 2.4437 62.3457 -5.2505 -5.8867
Car -1 -1 -4.6801 137.3790 181.9199 161.0014 200.2043 1.5425 1.6641 4.0309 -41.6072 2.3882 65.1690 -5.2467 -5.8867
Car -1 -1 -4.5993 506.7358 182.3671 529.7714 200.9476 1.5767 1.6296 3.9894 -8.2919 2.4636 65.2875 -4.7256 -5.8867
Car -1 -1 -4.4834 508.5824 182.3064 542.5683 203.5967 1.4672 1.6560 3.9468 -6.2571 2.1960 53.6006 -4.5995 -5.8867
Car -1 -1 -3.5478 0.0000 191.6166 0.0000 374.0000 1.4994 1.6024 3.9550 -6.2769 1.6166 2.5311 -4.6973 -5.8867
Car -1 -1 -4.4789 432.6215 181.6791 465.6207 202.4159 1.4817 1.5949 3.9448 -12.2977 2.1811 55.2281 -4.6973 -5.8867
Car -1 -1 -5.3663 687.6645 173.2582 755.2851 200.9533 1.4596 1.5544 4.0826 6.1150 1.4830 40.2515 -5.2170 -5.9373
Car -1 -1 -6.7379 0.0000 175.6135 86.2925 374.0000 1.5931 1.6816 3.9266 -4.8884 1.6132 3.2594 -7.6823 -6.1230
Car -1 -1 -5.4683 0.0000 190.4151 19.3160 374.0000 1.6085 1.8252 4.4109 -7.4748 1.7665 5.3549 -6.3935 -6.4702
Car -1 -1 -6.3299 0.0000 191.0711 19.2905 230.7960 1.5944 1.4671 2.6405 -27.7888 2.4315 31.7253 -7.0452 -7.1007
