Car -1 -1 -4.1922 167.3689 192.7941 228.9150 219.0123 1.4656 1.7494 3.6310 -25.5981 2.7569 44.9200 -4.7079 0.8367
Car -1 -1 -7.9548 591.5312 184.4265 620.9352 206.7855 1.3972 1.6426 3.4114 -0.3195 2.2070 48.7212 -7.9619 -0.5303
Car -1 -1 -4.4050 518.1884 182.7731 560.3985 207.8714 1.4955 1.6521 3.7659 -4.5513 2.1635 46.5993 -4.5024 -1.2756
Car -1 -1 -4.8090 679.1650 176.5112 719.7356 209.9004 1.5659 1.6147 4.2040 4.4158 1.7609 36.4222 -4.6899 -1.8098
Car -1 -1 -5.4503 241.6086 193.4759 308.0068 220.5739 1.5371 1.6398 3.7411 -20.7836 2.8557 44.6666 -5.8839 -2.8040
Car -1 -1 -3.0899 494.4311 183.8614 561.1998 212.5884 1.4505 1.5438 3.4173 -4.3243 2.0429 37.9787 -3.2030 -2.8441
Car -1 -1 -4.6010 85.5796 195.3493 131.2886 226.7419 1.4895 1.6208 3.7629 -27.2231 2.7749 39.2003 -5.2051 -3.6099
Car -1 -1 -6.3508 955.6996 187.6775 1098.2169 243.8335 1.7744 1.6708 4.2112 14.4297 2.3287 25.3347 -5.8389 -3.6650
Car -1 -1 -4.8202 696.6019 176.7039 722.7193 197.7020 1.5083 1.5427 3.7891 7.4563 1.8087 54.4436 -4.6853 -3.6954
Car -1 -1 -5.1926 0.0000 192.8580 20.6822 230.4574 1.5035 1.6628 3.7970 -28.2146 2.4272 31.8688 -5.9132 -3.9692
Car -1 -1 -4.8690 414.5524 183.3957 453.6888 210.6090 1.4954 1.6332 4.4348 -10.7682 2.1701 43.8385 -5.1089 -4.0472
Car -1 -1 -3.3358 791.4165 169.8926 873.0695 201.0355 1.6412 1.6700 3.9708 11.9326 1.4849 39.0538 -3.0417 -4.1381
Car -1 -1 -3.9522 74.4911 188.2262 188.4239 225.0032 1.4439 1.7451 4.3690 -21.4812 2.1865 32.5623 -4.5318 -4.5842
Car -1 -1 -4.3762 672.6924 175.9093 711.8447 197.4016 1.5704 1.6681 4.3433 6.3658 1.8158 55.6984 -4.2634 -4.5953
Car -1 -1 -4.3830 312.0882 191.2460 352.5541 215.7555 1.5805 1.6279 3.4727 -19.5858 2.9236 50.9409 -4.7487 -4.5982
Car -1 -1 -5.1003 702.5804 176.5369 744.0649 197.9831 1.5530 1.6438 4.2483 8.5998 1.8463 55.2797 -4.9472 -4.6878
Car -1 -1 -4.6255 0.0000 192.4275 48.1651 228.9131 1.4662 1.5382 4.0793 -27.1924 2.4293 33.3927 -5.3052 -4.7130
Car -1 -1 -4.3039 294.8131 184.6398 335.0917 205.0813 1.4744 1.5414 3.7280 -22.9128 2.4210 56.0910 -4.6903 -4.9541
Car -1 -1 -4.7441 381.7901 186.9027 410.9461 211.6989 1.3875 1.6123 3.8174 -13.3250 2.2994 44.7811 -5.0321 -5.0191
Car -1 -1 -4.5903 510.0212 184.2774 542.1083 206.6660 1.3767 1.6600 4.0661 -5.6278 2.1763 48.4861 -4.7058 -5.1809
Car -1 -1 -4.9417 544.9898 186.7000 573.7301 206.0623 1.5061 1.5832 3.8911 -4.3531 2.7206 61.2106 -5.0129 -5.1970
Car -1 -1 -6.2030 431.3042 183.4444 508.7152 208.8576 1.4033 1.6952 4.2821 -8.0923 2.0326 41.8188 -6.3934 -5.3592
Car -1 -1 -5.8947 305.3316 185.3975 378.4813 210.9030 1.4919 1.5871 3.8600 -16.3130 2.2698 43.9083 -6.2488 -5.4524
Car -1 -1 -6.9054 441.0335 199.6555 1241.0000 374.0000 1.3815 1.6627 3.6687 1.1297 1.5526 3.2514 -6.6003 -5.6241
Car -1 -1 -4.4863 598.8347 179.1189 633.6789 202.3688 1.6132 1.6636 4.3284 0.4815 2.0982 53.6003 -4.4779 -5.6629
Car -1 -1 -5.1632 634.7980 177.3581 676.3593 198.0210 1.5004 1.6504 3.8862 3.4301 1.8593 55.4246 -5.1022 -5.7132
Car -1 -1 -4.8097 625.4993 174.3387 651.7047 198.3087 1.7066 1.5950 3.5247 2.0563 1.8199 53.4027 -4.7719 -5.7427
Car -1 -1 -4.5755 498.6560 181.0674 530.4047 202.9913 1.5024 1.7626 4.1896 -7.0123 2.1307 53.1199 -4.7066 -5.7937
Car -1 -1 -4.4109 523.4384 181.4268 556.8077 200.6394 1.5291 1.6725 4.1790 -5.9488 2.2873 61.6203 -4.5072 -5.8712
Car -1 -1 -4.6489 562.5631 179.8097 587.0468 200.6118 1.4735 1.6001 3.9482 -2.6502 2.0169 54.4220 -4.6978 -5.8867
Car -1 -1 -4.6126 582.8595 179.3003 609.1819 199.8029 1.4643 1.6216 3.9027 -1.0563 1.9716 54.8074 -4.6322 -5.8867
Car -1 -1 -4.9563 439.6960 183.2443 476.0272 205.1483 1.5029 1.6597 4.3323 -11.4573 2.3136 54.0102 -5.1647 -5.8867
Car -1 -1 -4.3815 349.8920 180.3208 394.7129 203.8782 1.4350 1.5882 3.9334 -15.5164 1.9434 47.1837 -4.6978 -5.8867
Car -1 -1 -4.8479 508.9203 182.1128 535.7776 201.3597 1.5190 1.7183 4.1205 -7.5023 2.3335 61.2834 -4.9696 -5.8904
Car -1 -1 -4.8907 587.1524 182.2038 627.0706 211.0925 1.4931 1.5838 3.8210 -0.2479 2.0455 40.6261 -4.8973 -5.9199
Car -1 -1 -7.3534 314.9985 186.2939 357.2310 203.8393 1.5599 1.8987 4.5237 -26.5873 2.9105 70.1547 -7.7147 -6.0668
Car -1 -1 -4.9112 697.5110 174.3305 727.9742 193.8262 1.5441 1.7289 3.9569 8.4034 1.6697 59.4819 -4.7719 -6.5265
Car -1 -1 -4.5005 519.9742 180.1215 551.2532 202.2579 1.5460 1.5704 3.6913 -5.5146 2.1046 53.5733 -4.6030 -6.7707
Car -1 -1 -4.2482 214.1593 193.0365 281.1290 214.6662 1.3081 2.1450 5.1489 -25.5354 2.8071 51.0230 -4.7104 -7.0300
Car -1 -1 -4.2347 193.0372 190.7482 252.8289 219.7254 1.6306 1.6025 4.0643 -24.1784 2.8010 45.1646 -4.7241 -7.0424
