Car -1 -1 -7.8743 594.7197 183.4723 620.9076 207.7233 1.5259 1.6894 3.5226 -0.2117 2.2692 48.7430 -7.8791 0.2077
Car -1 -1 -7.2663 121.9322 191.7639 199.8022 221.2141 1.4960 1.7943 4.1435 -25.7302 2.6372 41.4535 -7.8191 0.1081
Car -1 -1 -3.8036 290.0589 180.3375 335.3522 198.5935 1.6845 1.5909 3.9410 -28.9876 2.4362 70.4069 -4.1931 -2.5188
Car -1 -1 -7.8350 573.3619 183.4197 599.0037 206.1299 1.4243 1.6737 4.0310 -1.6191 2.1737 49.1670 -7.8683 -2.5559
Car -1 -1 -5.8621 718.6221 175.1703 782.1650 198.7926 1.4820 1.6113 3.7624 9.1612 1.6393 47.3484 -5.6726 -2.8831
Car -1 -1 -4.6232 0.0000 196.4662 41.2011 233.5968 1.4711 1.6037 3.7517 -27.3492 2.6207 33.1359 -5.3094 -3.1109
Car -1 -1 -5.0689 489.5557 184.6684 542.8134 214.8134 1.4822 1.6038 3.8975 -5.1870 2.1583 39.2176 -5.2001 -3.1133
Car -1 -1 -3.2062 462.1925 183.2823 535.5179 215.5927 1.4719 1.5284 3.3921 -5.4058 1.9893 34.7030 -3.3601 -3.4498
Car -1 -1 -4.5524 602.4080 178.0175 633.2128 200.2352 1.5742 1.6684 4.2634 0.6018 1.9793 54.4077 -4.5419 -3.8541
Car -1 -1 -5.1411 665.7217 177.5167 712.6633 198.7775 1.4864 1.7670 4.4946 5.8278 1.8501 53.9135 -5.0344 -3.8603
Car -1 -1 -4.1264 181.4948 188.4258 259.3052 219.1052 1.5106 1.8149 4.0807 -21.4194 2.4147 39.7927 -4.6176 -3.8937
Car -1 -1 -7.7489 278.9018 183.9175 302.9584 200.7112 1.5287 1.7304 4.1801 -31.3365 2.6502 70.9060 -8.1639 -3.9157
Car -1 -1 -4.5522 526.8654 183.1590 559.5462 207.2516 1.5101 1.5965 3.9886 -4.5262 2.2391 49.0194 -4.6443 -3.9618
Car -1 -1 -8.0251 733.7669 173.8793 756.2968 189.6242 1.5014 1.5945 3.4874 13.2008 1.6042 70.7854 -7.8418 -4.2980
Car -1 -1 -5.0274 574.6655 179.3259 609.2256 200.2757 1.5300 1.6042 3.7039 -1.4634 2.0496 55.9519 -5.0539 -4.3351
Car -1 -1 -4.8596 512.0911 183.3731 547.9930 210.0101 1.4881 1.6148 3.9141 -4.9604 2.1608 44.0661 -4.9716 -4.3402
Car -1 -1 -4.8560 257.9177 184.3527 282.4229 203.1407 1.7161 1.6220 3.9410 -33.2711 2.8736 70.5586 -5.2954 -4.3909
Car -1 -1 -5.9974 738.3624 172.9163 818.3898 201.5279 1.5979 1.6470 4.2523 9.7614 1.6014 42.0636 -5.7714 -4.6760
Car -1 -1 -4.7916 267.6534 193.2433 305.7943 224.3224 1.4614 1.5706 3.7784 -17.3809 2.6102 38.6317 -5.2122 -4.7120
Car -1 -1 -4.2028 190.9427 187.1233 255.1213 213.4104 1.4180 1.6205 4.0195 -23.0874 2.3110 43.1470 -4.6918 -4.8481
Car -1 -1 -7.4870 469.8687 201.9098 1241.0000 374.0000 1.4920 1.6055 4.1277 1.5942 1.6886 2.9018 -7.0279 -4.8865
Car -1 -1 -4.8477 709.5014 175.3594 739.7445 196.5919 1.5036 1.6805 4.0139 8.4424 1.6964 53.5959 -4.6927 -4.9007
Car -1 -1 -4.8922 629.1129 181.6690 667.4067 211.3567 1.5223 1.4761 3.6818 2.0406 2.0348 40.0594 -4.8423 -4.9259
Car -1 -1 -4.5490 502.7039 182.4600 533.3937 203.8295 1.4834 1.6426 4.0430 -6.8659 2.2290 53.9793 -4.6753 -4.9451
Car -1 -1 -4.6598 604.6821 182.4270 637.6360 211.3255 1.5424 1.7061 4.3361 0.6644 2.1315 42.2035 -4.6448 -5.0069
Car -1 -1 -4.0009 35.6033 194.0054 145.0569 233.6889 1.4162 1.5837 3.7612 -21.3488 2.3456 29.7702 -4.6190 -5.3669
Car -1 -1 -4.9762 1059.0760 192.6629 1122.7306 231.5059 1.8055 1.7665 4.0557 25.1822 2.9086 37.9870 -4.3951 -5.5903
Car -1 -1 -4.4327 110.0482 193.6461 157.2565 223.0679 1.5509 1.4761 3.1931 -27.8671 2.8181 42.2425 -5.0132 -5.6112
Car -1 -1 -4.7859 469.9531 185.1561 496.7442 204.4952 1.4011 1.7952 4.0674 -10.1094 2.4143 57.2532 -4.9603 -5.6785
Car -1 -1 -4.6630 441.2512 184.6818 466.5661 206.5571 1.5259 1.6780 4.1861 -11.8693 2.4618 54.9125 -4.8753 -5.7382
Car -1 -1 -4.4885 392.7165 182.1976 431.5920 206.3694 1.4870 1.6568 3.9298 -13.1213 2.1332 47.9295 -4.7547 -5.7685
Car -1 -1 -4.8051 463.0349 180.6946 491.3089 205.1355 1.6224 1.6284 3.7691 -9.4942 2.2010 51.2362 -4.9878 -5.7691
Car -1 -1 -5.1280 635.0315 176.6149 675.7665 196.9090 1.4948 1.6556 4.0642 3.4595 1.7986 56.1519 -5.0672 -5.7719
Car -1 -1 -4.0559 333.8199 183.9575 403.4523 212.6046 1.5499 1.7155 4.2277 -14.3648 2.2476 43.0822 -4.3763 -5.8402
Car -1 -1 -4.3994 347.7276 180.3479 393.1449 204.8246 1.4390 1.5889 3.9213 -15.1080 1.9325 45.5865 -4.7180 -5.8867
Car -1 -1 -6.9173 0.0000 0.0000 1241.0000 374.0000 1.5454 1.5895 3.8051 -2.1017 1.6335 1.0053 -7.9393 -5.8867
Car -1 -1 -6.7024 0.0000 0.0000 1241.0000 374.0000 1.5453 1.5893 3.8039 -3.7096 1.6540 1.0039 -7.9391 -5.8867
Car -1 -1 -4.4411 521.2564 180.9666 551.9742 199.2403 1.4733 1.6439 3.9047 -6.2990 2.1940 62.0681 -4.5422 -5.8867
Car -1 -1 -8.1329 35.3997 188.4736 105.2726 226.6032 1.7505 1.6996 4.4608 -27.6081 2.5911 36.8155 -8.7731 -5.8907
Car -1 -1 -5.6085 0.0000 192.1334 23.9995 374.0000 1.6127 1.7940 4.1000 -7.1844 1.7885 5.2263 -6.5257 -5.9029
Car -1 -1 -4.6840 160.2069 188.6261 205.3967 223.0074 1.6179 1.9479 4.9181 -23.0387 2.5272 38.9864 -5.2150 -6.0270
Car -1 -1 -4.5401 522.5026 180.4961 550.8191 202.0195 1.5354 1.5516 3.5216 -5.5421 2.1323 54.5698 -4.6413 -6.0294
Car -1 -1 -7.5866 0.0000 195.2924 11.2117 243.0722 1.7039 1.5870 4.0128 -26.4789 2.7004 29.9029 -8.3070 -6.3820
Car -1 -1 -5.4130 0.0000 190.0909 16.2631 338.1887 1.6790 1.8212 4.4096 -10.7079 1.9267 9.3939 -6.2495 -6.5956
Car -1 -1 -7.4845 406.3217 181.5894 454.6277 210.2875 1.8880 1.8375 4.4619 -12.7038 2.5360 51.2161 -7.7269 -6.6213
Car -1 -1 -4.3318 273.1711 191.2920 320.8380 212.3560 1.5301 1.8766 4.9731 -25.6744 3.1097 59.3177 -4.7390 -6.6585
Car -1 -1 -4.1143 200.0067 186.3168 261.8027 218.2886 1.5666 1.4264 3.0577 -20.1027 2.3109 38.3049 -4.5950 -7.1322
