Car -1 -1 -4.5073 593.2746 179.9543 625.7949 203.1659 1.5698 1.6139 3.7741 -0.0260 2.1014 52.0404 -4.5083 -0.3100
Car -1 -1 -4.8410 534.7938 185.0051 562.6523 205.8512 1.4236 1.5834 3.8038 -4.6194 2.3611 53.6634 -4.9269 -1.2271
Car -1 -1 -5.3960 1013.7216 184.8512 1136.5668 235.8658 1.6625 1.6345 3.9719 16.9163 2.1383 26.5592 -4.8346 -1.4414
Car -1 -1 -7.7981 709.5652 175.0719 730.0745 192.1825 1.4384 1.5778 3.6487 9.6046 1.6381 63.1074 -7.6481 -1.4508
Car -1 -1 -5.4311 630.7139 182.6809 697.9495 210.3969 1.4942 1.6771 4.0754 3.1151 2.1024 42.5430 -5.3591 -1.4964
Car -1 -1 -3.0416 1001.2588 177.0688 1092.5408 212.2534 1.5963 1.6409 3.6376 21.0629 1.8101 34.8973 -2.5027 -1.9456
Car -1 -1 -5.9369 440.2799 181.9894 526.5853 214.0041 1.5345 1.6407 3.9664 -6.3955 2.0095 36.3908 -6.1101 -2.9038
Car -1 -1 -4.8942 622.5240 181.3236 657.5964 207.7228 1.5706 1.5730 3.7921 1.8476 2.1359 46.1926 -4.8550 -3.0770
Car -1 -1 -5.2246 808.0212 184.9593 876.6536 215.9125 1.4663 1.6647 4.0220 12.1094 2.1393 37.9929 -4.9189 -3.2012
Car -1 -1 -8.1214 859.8028 174.3088 917.6246 209.3434 1.5554 1.6455 3.5416 13.0285 1.6274 34.0265 -7.7591 -3.3314
Car -1 -1 -4.5213 509.3612 181.5205 548.7980 208.3742 1.5073 1.6267 4.1870 -4.9191 2.0618 44.0401 -4.6324 -3.4586
Car -1 -1 -4.6755 648.6831 178.9656 668.4641 197.0757 1.5847 1.6765 4.3148 4.5089 2.1697 66.8747 -4.6089 -3.4832
Car -1 -1 -4.3108 612.1953 179.4910 651.3098 200.3132 1.5444 1.6253 4.0989 1.7361 2.0898 57.1226 -4.2810 -3.5908
Car -1 -1 -5.1231 587.4923 178.6657 626.8538 199.5665 1.5584 1.6932 3.8982 -0.2903 2.0351 57.1042 -5.1286 -3.6611
Car -1 -1 -4.5841 666.6823 176.1593 697.9100 199.0484 1.5542 1.7127 4.2388 5.2107 1.8020 51.9041 -4.4851 -3.7053
Car -1 -1 -4.4626 713.8986 174.8681 741.0123 191.4664 1.5277 1.6268 4.0113 11.2565 1.7263 69.0971 -4.3022 -3.8500
Car -1 -1 -4.5919 754.1530 166.6050 785.7332 196.2551 1.9499 1.6579 4.0100 11.0023 1.5387 49.6177 -4.3753 -4.0510
Car -1 -1 -4.0793 827.6199 177.3396 926.6462 218.6906 1.5402 1.6511 4.0966 10.7570 1.7320 29.0920 -3.7290 -4.1489
Car -1 -1 -8.4190 761.3059 174.6737 827.6187 206.3903 1.4982 1.5319 3.5875 9.1603 1.5942 36.2504 -8.1739 -4.3437
Car -1 -1 -4.7783 686.1096 180.7459 719.6660 206.7754 1.4191 1.6906 4.0049 5.4039 1.9074 42.6271 -4.6536 -4.5223
Car -1 -1 -7.1730 739.8122 173.8583 802.1174 201.7469 1.5506 1.6714 3.5684 9.3549 1.6112 42.0092 -6.9559 -4.5566
Car -1 -1 -4.8564 994.1245 162.3941 1098.8452 238.7447 1.6664 1.6082 3.9570 10.6123 1.4378 17.8837 -4.3285 -4.7507
Car -1 -1 -5.2478 799.2901 168.6511 837.5761 188.6668 1.5930 1.5274 3.3294 17.0467 1.2582 59.2309 -4.9692 -4.8152
Car -1 -1 -7.0869 1162.1213 164.0018 1241.0000 203.9041 1.5514 1.7549 3.7033 24.6921 1.2070 29.1217 -6.3888 -4.8167
Car -1 -1 -5.0845 695.3439 176.8908 725.3241 193.5191 1.5263 1.5980 3.7183 9.5681 1.9243 69.1927 -4.9481 -4.9419
Car -1 -1 -5.0461 540.8483 181.2489 587.2242 207.7875 1.5055 1.6173 4.0163 -2.9170 2.0477 44.4659 -5.1118 -4.9464
Car -1 -1 -4.7583 531.2563 182.6960 558.4413 207.5660 1.4976 1.5808 4.0089 -4.3306 2.1696 47.1992 -4.8498 -5.0693
Car -1 -1 -4.6158 457.7861 182.7393 480.6069 203.2639 1.6302 1.5452 3.7245 -11.9165 2.4933 61.0943 -4.8080 -5.1345
Car -1 -1 -7.9958 1033.6210 162.7667 1155.7627 247.2324 1.5119 1.5391 3.5003 9.7450 1.3310 14.8268 -7.4238 -5.1380
Car -1 -1 -5.2845 309.4024 189.8218 358.3414 216.1570 1.8542 1.6796 3.8207 -21.0687 3.1883 54.9385 -5.6495 -5.3456
Car -1 -1 -4.7207 645.9634 181.7041 678.6050 215.2066 1.5356 1.5386 3.6256 2.5392 1.9985 35.9091 -4.6513 -5.4383
Car -1 -1 -6.2909 45.1728 186.9222 144.8202 222.1522 1.5306 1.6134 3.8084 -24.6106 2.2379 34.5248 -6.9067 -5.4420
Car -1 -1 -7.0140 519.9771 200.3387 1241.0000 374.0000 1.3864 1.6803 3.9443 1.6301 1.5690 3.3887 -6.6003 -5.6483
Car -1 -1 -4.6350 688.5243 175.0901 713.7988 197.3817 1.5180 1.5077 3.8162 6.5136 1.6837 51.5592 -4.5105 -5.6617
Car -1 -1 -4.7757 575.8248 181.1633 600.3228 201.4525 1.5004 1.6757 4.1608 -1.8013 2.1843 57.2689 -4.8074 -5.7032
Car -1 -1 -4.9683 495.5402 182.9906 531.8917 205.5941 1.5123 1.6343 4.0773 -7.0677 2.2796 52.4413 -5.1020 -5.7068
Car -1 -1 -4.6741 586.1964 179.0556 613.7017 204.9705 1.5863 1.6541 3.4999 -0.6523 2.0033 46.7822 -4.6885 -5.7665
Car -1 -1 -4.4894 0.0000 184.3235 0.0000 211.7348 1.5009 1.6450 4.0067 -41.6098 2.2252 43.4416 -5.2503 -5.8867
Car -1 -1 -4.4264 613.3569 179.2257 642.4585 196.0893 1.4910 1.6508 4.0640 1.6917 2.1073 67.6360 -4.4019 -5.8867
Car -1 -1 -4.6505 566.7281 183.3018 586.0427 201.4490 1.6971 1.6955 3.4978 -3.3155 2.7542 71.2665 -4.6973 -5.9055
Car -1 -1 -4.5937 101.8319 177.8957 146.5403 218.0984 2.2971 1.7350 4.5694 -29.7647 2.6231 44.2665 -5.1831 -8.0784
