Car -1 -1 -5.0164 775.2762 173.1310 824.4393 201.5000 1.4945 1.6215 3.5567 10.3926 1.5102 39.8643 -4.7636 -0.5337
Car -1 -1 -7.6112 891.0863 163.3685 939.3549 192.1937 1.4773 1.5735 3.6656 16.4585 0.9909 38.9193 -7.2140 -0.5660
Car -1 -1 -5.0148 590.4355 180.3237 627.5678 201.4544 1.4913 1.6501 4.1372 -0.1488 2.0805 54.7149 -5.0180 -1.0479
Car -1 -1 -4.8127 552.6326 183.2839 577.8718 202.5351 1.4567 1.6418 4.2805 -3.7367 2.3457 59.2768 -4.8758 -1.9039
Car -1 -1 -6.2344 716.1425 174.8706 786.8497 203.4733 1.5095 1.6443 3.7248 7.7240 1.6231 39.4960 -6.0431 -2.0113
Car -1 -1 -4.0580 127.0438 200.0678 186.7846 223.6718 1.4956 1.5949 3.9614 -32.9119 3.5522 52.4890 -4.6160 -2.0905
Car -1 -1 -7.7948 28.6783 184.1863 68.9980 213.6114 1.6313 1.6863 4.0219 -34.0265 2.3521 43.7822 -8.4527 -2.5138
Car -1 -1 -4.5381 474.4411 181.6272 502.0222 203.0159 1.7621 1.6957 4.1075 -10.6490 2.5552 63.1927 -4.7047 -2.5297
Car -1 -1 -2.9932 1005.1251 169.4342 1103.2296 198.7601 1.5637 1.7158 4.4979 24.8852 1.3810 40.5714 -2.4465 -2.5407
Car -1 -1 -4.5105 87.6910 175.8544 125.4472 196.0191 1.5236 1.6994 3.9287 -39.9476 1.7705 57.2958 -5.1173 -2.9698
Car -1 -1 -5.3259 665.0648 178.0061 726.2063 206.9145 1.5263 1.5758 3.7123 4.7543 1.8318 40.8189 -5.2113 -3.1905
Car -1 -1 -2.5630 635.2654 178.7289 715.2774 212.5201 1.5423 1.6095 3.6000 3.1247 1.8435 35.2845 -2.4760 -3.3300
Car -1 -1 -4.6786 35.6796 185.0409 70.4880 213.5158 1.7207 1.6720 3.9914 -36.6578 2.5586 47.5166 -5.3332 -3.4290
Car -1 -1 -5.1806 60.2247 194.7874 153.9688 232.6391 1.4824 1.6800 4.2615 -22.3935 2.5094 32.0421 -5.7869 -3.6748
Car -1 -1 -8.0680 701.4714 181.4451 761.0635 224.3369 1.4788 1.5629 3.1191 4.4493 1.8204 27.1167 -7.9078 -3.9190
Car -1 -1 -5.8196 367.7668 186.3050 433.5274 209.6405 1.4470 1.5899 3.8219 -13.6995 2.3470 47.1690 -6.1012 -3.9342
Car -1 -1 -7.9683 1061.1678 172.4789 1104.6239 198.8968 1.4483 1.6340 3.9963 27.2343 1.4274 41.7086 -7.3933 -4.0515
Car -1 -1 -4.5933 651.4791 177.0965 681.3995 201.6978 1.6305 1.6341 4.0257 3.9715 1.9408 50.6904 -4.5160 -4.0586
Car -1 -1 -7.0963 0.0000 184.9494 43.4580 217.0853 1.6886 1.6493 3.9000 -34.9798 2.4159 41.4108 -7.7946 -4.0687
Car -1 -1 -6.9525 561.8221 182.4651 608.2330 201.5940 1.6046 1.6720 3.9550 -2.2300 2.4873 64.3695 -6.9874 -4.2224
Car -1 -1 -5.4309 731.7542 173.0370 788.5637 197.4903 1.5254 1.5684 3.7034 9.7073 1.5375 47.0371 -5.2290 -4.2728
Car -1 -1 -5.1270 473.4103 185.0997 533.0908 217.0136 1.5098 1.6060 4.0322 -5.6998 2.1890 37.9057 -5.2758 -4.3051
Car -1 -1 -5.4501 916.1810 166.8627 983.9310 195.7878 1.5103 1.6282 3.1767 18.4869 1.1972 39.4335 -5.0148 -4.4793
Car -1 -1 -4.2311 256.5484 186.4571 317.6564 213.4187 1.5382 1.6924 4.3684 -20.3737 2.4406 45.6510 -4.6490 -4.5686
Car -1 -1 -3.5645 846.1567 167.7366 928.4460 195.5264 1.5231 1.6345 3.9903 15.4814 1.2424 40.4832 -3.2020 -4.5809
Car -1 -1 -8.1964 745.0789 173.5151 794.4753 199.9182 1.4830 1.6124 3.9290 9.3523 1.5237 42.6824 -7.9825 -4.7362
Car -1 -1 -4.9348 727.2620 175.9913 754.5956 195.5714 1.5314 1.5000 3.2346 10.5790 1.7931 58.6104 -4.7575 -4.7899
Car -1 -1 -4.7512 660.8815 175.5181 680.1762 195.4189 1.8121 1.6522 4.2147 5.6902 2.0723 68.4143 -4.6690 -4.8191
Car -1 -1 -4.7145 658.7173 179.0417 674.5887 194.2180 1.4384 1.5319 3.3753 5.5920 2.0665 71.5444 -4.6372 -4.8802
Car -1 -1 -4.7700 898.1467 170.8096 922.5939 191.1283 1.5927 1.5990 3.9065 24.3606 1.4322 58.6671 -4.3785 -4.8983
Car -1 -1 -4.6471 0.0000 180.1823 28.5355 205.6695 1.6213 1.6639 3.8009 -40.7882 2.1402 49.0914 -5.3378 -4.9582
Car -1 -1 -1.9469 46.9262 174.5382 102.6681 197.6871 1.7028 1.9069 4.5413 -41.1220 1.8365 55.3802 -2.5835 -5.0558
Car -1 -1 -4.6732 903.1434 172.5080 923.3535 189.9712 1.5296 1.5450 3.8385 27.4279 1.4990 65.2669 -4.2773 -5.1004
Car -1 -1 -8.4643 645.9980 178.1357 718.9952 209.5451 1.5755 1.7542 4.3753 3.8374 1.8801 39.3140 -8.3683 -5.2438
Car -1 -1 -7.0766 373.7203 254.0927 1224.1859 374.0000 1.6301 1.6886 4.1913 1.0889 2.2415 3.6461 -6.8124 -5.3087
Car -1 -1 -4.6801 347.9423 190.2575 376.0166 214.8809 1.4815 1.6628 4.6468 -16.9519 2.7313 49.3626 -5.0096 -5.4302
Car -1 -1 -4.9577 491.2792 180.3485 526.3415 202.9030 1.5409 1.6363 3.9106 -7.4745 2.1113 52.8234 -5.0980 -5.7227
Car -1 -1 -4.8488 629.8091 180.9934 653.1082 199.3725 1.5366 1.5704 3.6654 2.7349 2.2786 63.9057 -4.8067 -5.7780
Car -1 -1 -4.4780 604.7823 178.6547 637.0076 197.9544 1.4447 1.6566 4.1420 0.8823 1.9249 57.5521 -4.4632 -5.8068
Car -1 -1 -4.4423 584.2350 180.1239 625.0582 204.5126 1.4682 1.6328 4.0569 -0.3321 1.9623 46.9018 -4.4498 -5.8246
Car -1 -1 -4.4726 601.0869 177.9018 629.9418 195.6192 1.4894 1.6485 4.0569 0.5018 1.9524 64.0598 -4.4652 -5.8867
Car -1 -1 -4.4380 439.0587 181.6767 470.5543 199.9686 1.4917 1.6605 4.0013 -13.5034 2.2852 62.8679 -4.6491 -5.8867
Car -1 -1 -4.1505 479.0434 184.3968 520.1764 201.3482 1.5213 1.8931 4.4465 -10.7516 2.6868 70.4594 -4.3018 -6.0648
Car -1 -1 -4.6015 428.9958 183.0357 457.0103 203.3601 1.4156 1.6025 4.3008 -12.6494 2.2189 54.7165 -4.8280 -6.7567
