Car -1 -1 -4.1837 137.8401 192.6696 207.9633 222.0529 1.5472 1.7403 4.0565 -25.8532 2.7778 42.7810 -4.7248 0.5850
Car -1 -1 -4.5748 587.8428 176.5996 619.9902 200.7970 1.5785 1.6744 4.1396 -0.4091 1.8485 49.8984 -4.5834 -2.5800
Car -1 -1 -8.1846 679.1345 173.1212 707.4188 189.0249 1.4670 1.5769 3.6092 7.8608 1.4928 68.5550 -8.0712 -2.7386
Car -1 -1 -3.0813 716.1235 175.9868 772.4927 200.3712 1.6508 1.6853 3.7830 9.3732 1.8751 50.4476 -2.8991 -2.9542
Car -1 -1 -7.7502 604.9479 175.5292 631.1319 197.1195 1.5605 1.6000 3.8075 0.6125 1.7701 54.6244 -7.7395 -3.1419
Car -1 -1 -5.0377 653.0200 174.4016 684.2604 192.1312 1.5498 1.6299 4.0004 5.2704 1.6948 65.5852 -4.9582 -3.4048
Car -1 -1 -4.3426 325.1694 187.8641 383.0073 217.6923 1.4735 1.6696 3.9701 -14.0318 2.3404 39.6766 -4.6808 -3.7180
Car -1 -1 -4.5581 298.2321 177.9624 322.7737 196.0287 1.6729 1.6260 3.8476 -29.0567 2.1831 70.0401 -4.9502 -3.7487
Car -1 -1 -6.1693 95.5526 197.9617 166.6288 225.6433 1.6064 1.6284 3.6301 -30.6380 3.2684 46.2237 -6.7522 -4.1135
Car -1 -1 -4.6481 530.9814 178.0055 557.8437 202.2531 1.6234 1.6451 4.0256 -4.6477 2.0032 51.2064 -4.7386 -4.2919
Car -1 -1 -5.1965 666.0203 171.3399 709.6040 194.0601 1.7019 1.6802 4.0434 5.9895 1.5882 56.2364 -5.0913 -4.3536
Car -1 -1 -4.6839 627.6298 175.4570 648.0984 195.0465 1.7167 1.7513 4.5738 2.5660 1.9636 66.1925 -4.6457 -4.4737
Car -1 -1 -3.8768 0.0000 205.9465 101.8470 273.4600 1.4802 1.5875 3.8621 -16.3576 2.4829 19.8384 -4.5598 -4.6062
Car -1 -1 -4.3051 395.9651 181.9731 439.7657 204.4682 1.5096 1.6771 3.8187 -13.8404 2.1927 52.0631 -4.5641 -4.6239
Car -1 -1 -7.1160 824.5137 162.1727 931.9460 206.1196 1.4528 1.5633 3.5564 9.3943 1.0994 25.3697 -6.7655 -4.6550
Car -1 -1 -5.3903 829.1716 168.2182 862.3239 185.0191 1.6186 1.4773 3.1188 23.2279 1.1717 71.2331 -5.0765 -4.7295
Car -1 -1 -5.2756 550.2297 176.3442 603.1601 201.0474 1.6507 1.6609 4.3740 -2.4389 1.9086 51.1219 -5.3235 -4.7961
Car -1 -1 -4.5656 602.1628 177.9581 638.4073 203.8891 1.4597 1.6188 4.0398 0.6324 1.7827 43.5768 -4.5517 -4.8219
Car -1 -1 -4.6932 426.1990 181.5767 446.7469 201.0328 1.4401 1.5103 3.5190 -13.7028 2.1513 56.9748 -4.9286 -4.8552
Car -1 -1 -4.7304 431.8082 181.1364 456.2571 204.4797 1.5699 1.6477 3.9735 -12.0579 2.1928 52.1624 -4.9568 -4.8616
Car -1 -1 -4.6214 851.9042 188.6938 874.6297 208.3493 1.4426 1.4305 3.2509 20.2073 2.7456 57.5927 -4.2861 -5.0657
Car -1 -1 -4.7417 458.0877 180.0983 482.5861 202.1468 1.5472 1.6840 4.2904 -10.5927 2.1161 54.4081 -4.9334 -5.1466
Car -1 -1 -3.5028 0.0000 202.8334 196.5618 273.0050 1.5890 1.7503 4.2890 -14.4806 2.5361 20.5366 -4.1112 -5.2428
Car -1 -1 -4.6574 561.2181 184.0536 580.5703 202.5320 1.7082 1.6964 3.7764 -3.8350 2.8373 70.8780 -4.7118 -5.2742
Car -1 -1 -4.8841 488.8540 179.3566 521.9392 204.1487 1.6641 1.7240 3.7162 -7.5357 2.1465 51.5314 -5.0290 -5.2841
Car -1 -1 -4.6222 490.5398 181.1616 512.3394 197.3319 1.4047 1.6321 4.1972 -10.0731 2.2008 67.0244 -4.7711 -5.4168
Car -1 -1 -4.9944 565.9189 177.4344 597.3948 194.7838 1.4221 1.6348 4.1297 -2.5174 1.8328 62.5309 -5.0348 -5.5257
Car -1 -1 -4.9561 514.0109 178.2057 544.7846 196.1027 1.4422 1.6573 4.1547 -6.9544 1.9163 61.7185 -5.0682 -5.5468
Car -1 -1 -4.4780 469.8169 179.4639 501.7317 197.5003 1.4570 1.7016 4.5708 -10.7064 2.0491 62.3319 -4.6477 -5.5584
Car -1 -1 -4.8543 383.9639 183.9885 412.2447 203.5439 1.4760 1.6571 4.1335 -17.4468 2.4239 59.2180 -5.1400 -5.5660
Car -1 -1 -4.3028 393.2310 179.2386 425.3385 199.8972 1.9486 1.6193 3.9566 -19.8423 2.5985 71.4108 -4.5733 -5.5748
Car -1 -1 -4.4723 372.2114 185.6235 413.8270 211.9559 1.5270 1.6029 4.1145 -13.7973 2.3773 45.9684 -4.7627 -5.5829
Car -1 -1 -4.4721 405.8140 181.2469 439.6782 199.5832 1.3720 1.6464 4.3838 -15.0807 2.0744 58.2065 -4.7249 -5.6168
Car -1 -1 -4.0849 440.8094 181.6511 484.5252 200.0565 1.5602 1.6512 4.3680 -13.3921 2.3896 65.7222 -4.2855 -5.6352
Car -1 -1 -4.9907 529.7825 177.2038 575.5778 208.1838 1.6059 1.5730 3.6667 -3.2575 1.8585 39.9543 -5.0720 -5.6368
Car -1 -1 -6.9257 679.9844 239.9766 1241.0000 374.0000 1.3775 1.6432 3.7013 2.1838 1.7343 2.9261 -6.3330 -5.6657
Car -1 -1 -8.5905 1194.9777 146.3036 1241.0000 298.2815 1.6784 1.6678 3.9962 10.4379 1.3849 10.0095 -7.7991 -5.6867
Car -1 -1 -4.3572 203.8543 189.7770 262.9689 219.6274 1.6757 1.8579 4.4642 -23.6731 2.7966 45.4743 -4.8351 -5.7369
Car -1 -1 -4.5653 467.3837 179.5149 494.3466 197.9424 1.3756 1.5479 3.9318 -10.2427 1.9225 57.2864 -4.7418 -5.7731
Car -1 -1 -4.4932 418.2980 180.6637 448.4828 198.4520 1.4304 1.6576 4.1266 -15.1385 2.1229 61.9265 -4.7323 -5.7776
Car -1 -1 -1.9339 97.4286 197.9044 147.1303 224.6733 1.6652 1.6671 3.6337 -33.7403 3.4557 49.8500 -2.5267 -5.8211
Car -1 -1 -4.6460 476.6657 178.5315 502.1232 199.3713 1.4764 1.6285 4.0063 -9.0724 1.9199 54.3222 -4.8111 -5.8272
Car -1 -1 -4.6757 506.8148 178.1920 529.2681 197.3716 1.3947 1.5750 3.9601 -7.0886 1.8212 55.6478 -4.8022 -5.8506
Car -1 -1 -4.5643 0.0000 184.3103 37.8651 208.1989 1.5385 1.6577 4.0167 -41.6072 2.3771 50.6819 -5.2493 -5.8867
Car -1 -1 -4.8377 1217.7572 175.5052 1241.0000 200.4585 1.5543 1.6892 4.0108 41.3986 1.7365 47.5353 -4.1246 -5.8867
Car -1 -1 -4.5559 398.5405 180.0444 425.3804 197.9262 1.4176 1.5894 3.9331 -16.6980 2.0444 60.8849 -4.8228 -5.8867
Car -1 -1 -4.8151 1186.0271 169.1232 1224.2893 191.0720 1.4681 1.6426 3.9936 41.4689 1.2183 50.3809 -4.1295 -5.8867
Car -1 -1 -4.8725 1241.0000 167.3329 1241.0000 192.8388 1.4928 1.6521 4.0074 41.4671 1.1694 44.3553 -4.1242 -5.8867
Car -1 -1 -4.4304 423.1176 180.4144 453.1595 197.2427 1.4338 1.6165 3.9180 -15.5278 2.1383 65.2655 -4.6634 -5.8867
Car -1 -1 -4.4771 372.0097 179.9741 408.6671 201.3391 1.4156 1.6186 3.8967 -15.5460 1.9395 51.1296 -4.7712 -5.8867
Car -1 -1 -6.9169 0.0000 0.0000 1241.0000 374.0000 1.5513 1.5911 3.8063 -2.1015 1.6558 1.0040 -7.9391 -5.8867
Car -1 -1 -3.5477 0.0000 194.3946 0.0000 374.0000 1.5090 1.6078 3.9594 -6.2777 1.6437 2.5300 -4.6974 -5.8867
Car -1 -1 -4.6050 593.9183 176.8759 619.5316 195.8757 1.4203 1.6087 3.9350 -0.2522 1.7482 56.8409 -4.6099 -5.8867
Car -1 -1 -4.8160 634.9652 176.5069 671.1337 206.1725 1.4530 1.5086 3.5573 2.1604 1.6522 37.5989 -4.7596 -6.0401
Car -1 -1 -6.5072 816.7935 177.3468 876.7766 200.1752 1.6316 1.5793 3.9232 17.2937 1.9667 52.9107 -6.1934 -6.1424
Car -1 -1 -4.5215 658.0302 169.5465 680.3882 186.7329 1.6627 1.6652 3.0356 5.8673 1.3424 71.4924 -4.4402 -6.9101
