Car -1 -1 -4.8878 781.7617 169.5125 813.5829 195.0168 1.7932 1.5898 3.8479 13.6363 1.5580 52.7099 -4.6363 -0.4727
Car -1 -1 -4.9887 642.6321 184.4784 675.8551 206.2466 1.5312 1.5504 3.7401 3.6779 2.4470 54.8720 -4.9227 -1.2829
Car -1 -1 -7.6793 763.3232 172.5147 799.9954 198.9283 1.7259 1.7196 4.3857 11.7874 1.7035 49.5015 -7.4472 -1.5617
Car -1 -1 -4.3513 521.9153 187.5053 567.6464 212.3407 1.4850 1.6363 4.2627 -4.3223 2.5076 48.0988 -4.4410 -1.7405
Car -1 -1 -4.1058 542.6208 188.0134 582.0964 207.3161 1.4994 1.5589 3.6026 -4.0245 2.8226 61.0488 -4.1719 -1.8889
Car -1 -1 -4.7486 733.5876 180.9794 759.5245 204.8782 1.5564 1.6262 4.0319 9.4960 2.1491 50.5414 -4.5645 -2.1221
Car -1 -1 -3.8271 1180.2836 159.2340 1241.0000 182.8033 1.5623 1.6926 3.9039 41.0860 0.6592 48.6969 -3.1293 -2.1228
Car -1 -1 -4.5653 585.4324 182.3547 615.3517 205.9990 1.5508 1.5562 3.9656 -0.6723 2.2501 51.0569 -4.5790 -2.2251
Car -1 -1 -4.2187 123.5785 191.6156 190.4158 220.7545 1.4659 1.5539 3.8526 -25.5677 2.5781 40.8101 -4.7757 -3.0588
Car -1 -1 -4.4874 414.0863 185.2151 450.8637 206.8192 1.4212 1.6648 4.2686 -12.7865 2.3497 52.0687 -4.7274 -3.1217
Car -1 -1 -7.2118 1205.0499 168.7609 1241.0000 219.9555 1.6170 1.6691 3.7518 22.0994 1.4874 23.9644 -6.4734 -3.3160
Car -1 -1 -4.7036 539.7162 184.8600 560.6026 205.9905 1.5729 1.6173 3.9140 -4.8214 2.5714 58.0087 -4.7867 -3.3240
Car -1 -1 -7.4894 133.1754 180.5592 184.2588 205.6153 1.6756 1.7394 4.1442 -32.3538 2.2520 51.8049 -8.0455 -3.3781
Car -1 -1 -4.5088 592.3409 182.8917 622.5219 204.9308 1.6593 1.6605 4.0636 -0.1963 2.5020 58.4425 -4.5126 -3.5247
Car -1 -1 -4.2329 0.0000 180.7151 60.6794 211.0803 1.5821 1.6523 4.0217 -33.1606 2.0500 40.8348 -4.9119 -3.6337
Car -1 -1 -4.9594 574.3920 183.9056 604.1100 204.9902 1.5802 1.5492 3.6084 -1.7278 2.4991 58.0650 -4.9895 -3.6362
Car -1 -1 -4.9213 627.4467 184.8439 677.2436 218.3943 1.5637 1.6992 4.3730 2.0949 2.2256 37.5574 -4.8667 -3.9490
Car -1 -1 -4.5703 543.2823 187.1778 567.0527 204.5848 1.5132 1.7055 3.8610 -5.1550 2.9015 67.9676 -4.6462 -4.1082
Car -1 -1 -4.5068 374.5910 184.4756 415.7373 210.7883 1.4590 1.6235 3.9291 -13.0253 2.1971 43.8211 -4.7945 -4.1892
Car -1 -1 -5.0949 638.8658 180.7575 687.8805 208.1638 1.5618 1.6208 4.0226 3.2023 2.0729 44.5282 -5.0241 -4.2885
Car -1 -1 -8.1983 998.7902 152.9558 1055.7161 181.2814 1.5823 1.6912 3.7960 24.3585 0.4705 42.3224 -7.6791 -4.3806
Car -1 -1 -4.6200 675.5567 183.8496 707.0464 208.7600 1.4137 1.6010 3.8595 5.0523 2.1276 44.8121 -4.5091 -4.4383
Car -1 -1 -4.5756 135.1808 178.5716 166.8054 199.4732 1.5799 1.6305 3.7668 -36.6956 2.0531 57.7121 -5.1401 -4.5360
Car -1 -1 -4.7555 397.3448 181.9978 427.4092 205.7819 1.5501 1.8681 4.3856 -14.0981 2.2290 51.2234 -5.0231 -4.6073
Car -1 -1 -8.2143 906.4830 178.8622 1026.0935 239.1536 1.4926 1.7104 3.8693 9.7891 1.6777 20.2608 -7.7705 -4.6172
Car -1 -1 -4.9053 545.3202 185.6801 573.4415 205.0899 1.5927 1.6933 4.4077 -4.5961 2.7836 64.6607 -4.9765 -4.7287
Car -1 -1 -4.4312 516.2192 184.5224 555.2130 209.3706 1.6303 1.6764 4.2040 -5.2953 2.5010 51.6407 -4.5334 -4.7654
Car -1 -1 -3.1381 753.6557 172.5788 805.4516 194.4783 1.6392 1.6468 3.8042 12.9387 1.6183 55.2463 -2.9096 -4.8519
Car -1 -1 -2.1075 110.6485 187.4261 195.8876 220.6894 1.4575 1.6260 4.0526 -22.0196 2.1913 34.7030 -2.6697 -4.8835
Car -1 -1 -4.8136 686.2612 177.7489 708.5613 198.4847 1.9437 1.7549 4.0914 8.5105 2.4368 70.6699 -4.6947 -4.9070
Car -1 -1 -2.7365 73.2844 181.4907 167.8394 210.1958 1.6987 1.8049 4.5137 -30.3343 2.2503 44.7943 -3.3292 -5.0162
Car -1 -1 -5.3133 250.4946 189.2535 310.1213 214.1630 1.4527 1.5402 3.8605 -21.0283 2.5336 45.9157 -5.7409 -5.0750
Car -1 -1 -7.9016 1166.8047 170.3668 1236.3890 218.7341 1.5932 1.6932 4.3444 21.1800 1.5110 26.0211 -7.2243 -5.2396
Car -1 -1 -4.1623 425.3378 184.2194 469.1984 204.7943 1.5675 1.5653 4.2186 -13.4379 2.5430 59.7031 -4.3832 -5.2984
Car -1 -1 -4.0771 329.5806 183.2704 400.1163 212.2849 1.4701 1.6159 4.0922 -13.6573 2.0838 40.3310 -4.4020 -5.3056
Car -1 -1 -7.5193 1225.9744 162.3102 1241.0000 192.4041 1.7849 2.1167 4.4526 40.5421 1.1592 44.7971 -6.7872 -5.4922
Car -1 -1 -4.4617 338.2381 184.5745 377.9794 208.1427 1.4930 1.6244 4.1057 -17.4024 2.3380 49.9249 -4.7958 -5.8248
Car -1 -1 -4.3613 305.8413 186.4094 353.0251 209.2489 1.3240 1.5601 3.9011 -17.9045 2.2271 46.1230 -4.7300 -5.8278
Car -1 -1 -4.1050 1199.7771 111.5354 1241.0000 374.0000 1.4419 1.6092 4.0211 5.0497 1.2652 2.9520 -3.1056 -5.8702
Car -1 -1 -4.6101 366.2888 183.4888 400.2694 208.4997 1.5192 1.7151 4.4497 -15.1159 2.2637 48.1784 -4.9129 -5.8752
Car -1 -1 -4.5418 481.9993 179.9654 510.3519 199.2661 1.4498 1.5924 3.9391 -9.0816 2.0372 57.6417 -4.6978 -5.8867
Car -1 -1 -4.6036 47.8562 179.2224 81.9593 199.6821 1.4639 1.6441 4.0248 -41.6149 1.9690 55.1151 -5.2482 -5.8867
Car -1 -1 -5.5154 0.0000 0.0000 1206.5785 374.0000 1.4913 1.6048 3.9559 2.1547 1.4775 1.7181 -4.6977 -5.8867
Car -1 -1 -4.5657 0.0000 184.6553 37.7663 208.4353 1.5293 1.6535 4.0134 -41.6065 2.3930 50.6799 -5.2507 -5.8867
Car -1 -1 -9.1923 0.0000 0.0000 1241.0000 374.0000 1.5039 1.5812 3.7934 3.9145 1.4198 0.9969 -7.9398 -5.8867
Car -1 -1 -4.9265 1080.4156 170.8885 1164.2963 214.7026 1.4409 1.6187 3.9117 18.1834 1.3760 25.8458 -4.3191 -5.8867
Car -1 -1 -4.3411 365.4305 182.2440 408.3438 204.8209 1.4992 1.6185 3.9172 -15.9298 2.1966 51.5994 -4.6395 -5.8867
Car -1 -1 -4.5415 0.0000 185.4061 10.4273 210.7202 1.5433 1.6565 4.0134 -41.6062 2.4200 48.2658 -5.2504 -5.8867
Car -1 -1 -4.4577 333.4201 181.8018 377.1246 206.6171 1.4332 1.6424 3.9062 -15.9096 2.0177 45.1402 -4.7950 -5.8867
Car -1 -1 -4.5920 464.8616 181.3177 491.7148 201.4826 1.4740 1.6026 3.9670 -10.2983 2.1599 56.4710 -4.7719 -5.8867
Car -1 -1 -4.8965 1241.0000 163.3477 1241.0000 189.4129 1.4523 1.6475 4.0561 41.4182 0.9223 42.3473 -4.1258 -5.8867
Car -1 -1 -4.3307 396.5104 182.1920 434.4008 202.1048 1.5244 1.6490 3.9502 -15.9465 2.3173 59.2283 -4.5929 -5.8867
Car -1 -1 -4.7976 1173.1099 165.6262 1208.7703 186.4171 1.4258 1.6345 4.0059 41.4644 0.9299 51.6027 -4.1236 -5.8867
Car -1 -1 -4.5005 506.2656 181.9197 535.6664 201.1221 1.5127 1.6647 3.9623 -7.4915 2.3024 60.8223 -4.6229 -5.8867
Car -1 -1 -4.7271 398.0815 184.3443 418.4904 203.8239 1.5573 1.6392 4.0477 -17.4989 2.5857 62.4216 -4.9997 -5.8884
Car -1 -1 -4.2721 246.2502 182.6749 314.9036 213.8647 1.4783 1.6386 4.1350 -17.1031 2.0180 37.5892 -4.6967 -5.9151
Car -1 -1 -7.2440 1241.0000 152.9117 1241.0000 374.0000 1.3894 1.5585 4.2061 6.6415 1.3009 4.0362 -6.2512 -5.9769
Car -1 -1 -8.2180 1185.9619 152.6143 1241.0000 193.1128 2.3833 1.9843 3.7835 37.5528 1.1919 44.5737 -7.5213 -6.2164
Car -1 -1 -4.5722 182.2188 189.7285 227.9253 218.6106 1.4735 1.7057 4.4240 -23.5049 2.5098 41.9518 -5.0805 -6.3933
Car -1 -1 -4.7735 130.8241 179.1239 161.2681 203.5194 1.6953 1.6659 3.7363 -34.2401 2.1745 53.1703 -5.3436 -6.4332
Car -1 -1 -5.7405 165.0160 184.8491 286.5968 231.4739 1.8543 1.7311 4.2032 -16.0547 2.3722 30.1873 -6.2259 -6.6398
Car -1 -1 -4.5570 697.5484 174.8691 727.1397 201.1874 2.0554 1.7065 4.6848 8.4150 2.2275 59.2220 -4.4170 -6.6640
