Car -1 -1 -4.0218 7.2531 191.0494 113.5995 231.1991 1.5274 1.7066 3.6235 -23.5049 2.3549 30.9743 -4.6670 4.2976
Car -1 -1 -4.1170 88.9246 186.5635 180.5509 221.8593 1.5584 1.6826 4.2383 -23.3888 2.2760 35.6500 -4.6945 3.2977
Car -1 -1 -4.2630 170.7740 187.6518 236.0445 216.6999 1.5041 1.6479 4.1113 -23.3849 2.4001 41.6024 -4.7726 2.4736
Car -1 -1 -4.2368 217.6917 186.9173 274.7996 212.7012 1.5046 1.5756 4.0898 -23.3448 2.4487 46.3991 -4.7009 1.5359
Car -1 -1 -5.2890 1047.7867 186.4151 1132.1072 218.2864 1.5023 1.6683 4.1550 25.0239 2.2527 37.8616 -4.7091 -1.3547
Car -1 -1 -5.5492 1137.9237 184.9779 1241.0000 217.4498 1.4896 1.7166 4.0394 29.4414 2.1440 36.8273 -4.8792 -1.5762
Car -1 -1 -3.9006 655.1398 171.9116 714.5854 198.2804 1.7298 1.6803 3.9678 5.0961 1.6677 49.2093 -3.7984 -2.2358
Car -1 -1 -4.5772 778.2108 177.9269 802.0238 194.4992 1.4741 1.6375 4.1099 16.9176 1.9657 67.7480 -4.3339 -2.3327
Car -1 -1 -3.1236 423.2752 179.3179 520.2997 216.0542 1.4938 1.6380 3.9737 -5.9219 1.7805 30.8872 -3.3119 -2.5337
Car -1 -1 -4.9149 685.6296 179.4640 711.7382 196.1738 1.4247 1.5831 3.8704 7.9441 2.0390 65.0906 -4.7944 -2.7991
Car -1 -1 -5.0273 56.1716 190.1243 155.6172 238.5703 1.4522 1.6328 4.0783 -17.4503 2.0918 24.8525 -5.6346 -2.8267
Car -1 -1 -3.1067 703.1505 175.1313 802.4600 213.2857 1.5184 1.6292 3.9582 5.9082 1.6170 30.1003 -2.9153 -3.3252
Car -1 -1 -4.5915 433.3662 178.4050 454.8790 194.7727 1.5303 1.6224 3.6729 -16.2368 2.0884 70.6683 -4.8168 -3.5927
Car -1 -1 -5.1875 239.4060 181.2780 308.1936 213.8599 1.5392 1.5875 3.8788 -17.2336 1.9903 36.8433 -5.6225 -3.6623
Car -1 -1 -8.0132 1103.7212 188.0405 1150.7544 217.2734 1.3473 1.4755 2.9308 26.1430 2.1518 36.5991 -7.3972 -3.7832
Car -1 -1 -6.4366 513.8834 178.4339 608.6445 214.7599 1.4958 1.5892 3.9003 -2.1790 1.7468 31.2882 -6.5061 -3.8245
Car -1 -1 -5.4536 290.9330 185.4104 349.5824 207.4225 1.5002 1.6474 4.0855 -21.1827 2.4447 52.6615 -5.8346 -3.9428
Car -1 -1 -7.7231 459.2243 180.7698 480.1260 196.3949 1.4539 1.5560 3.6270 -13.7764 2.2516 70.8784 -7.9147 -3.9936
Car -1 -1 -4.6422 914.7768 177.2622 946.2624 203.7292 1.6003 1.5957 3.8594 20.6068 1.8962 46.3996 -4.2270 -4.0671
Car -1 -1 -5.2265 513.5340 177.1453 558.9858 199.3151 1.6384 1.7198 4.1266 -5.8238 1.9862 56.3482 -5.3294 -4.0935
Car -1 -1 -4.8169 283.5602 183.3920 318.7209 208.4647 1.5991 1.8179 4.2545 -21.5772 2.3663 50.2532 -5.2208 -4.1613
Car -1 -1 -2.6100 305.6306 181.2174 377.1688 204.3631 1.4475 1.6954 4.0904 -17.5734 2.0079 47.1810 -2.9650 -4.2920
Car -1 -1 -4.0131 0.0000 165.3778 77.2216 191.6130 1.6098 1.6309 4.2411 -36.7386 1.1508 46.4208 -4.6799 -4.3616
Car -1 -1 -7.4517 1115.7502 168.9283 1241.0000 224.2214 1.4914 1.5878 3.6579 16.5475 1.3852 21.0467 -6.7925 -4.3940
Car -1 -1 -6.9625 4.5322 172.5305 98.2766 203.7683 1.7135 1.6954 4.1450 -32.2733 1.6955 41.7924 -7.6172 -4.5158
Car -1 -1 -4.2975 824.6154 172.1533 907.3871 214.9980 1.5034 1.6119 3.6664 9.6533 1.4786 27.2086 -3.9604 -4.6137
Car -1 -1 -4.5075 281.0620 186.1832 316.6074 208.1694 1.5057 1.6384 4.1646 -23.3868 2.5490 54.2884 -4.9128 -4.7127
Car -1 -1 -4.7729 227.9288 186.3348 264.8874 214.9510 1.4910 1.6673 4.2827 -21.2388 2.3178 42.0026 -5.2388 -4.7205
Car -1 -1 -4.5152 594.6510 178.9792 646.4071 210.2164 1.4312 1.7520 4.5737 0.5652 1.7606 36.4268 -4.5004 -4.7773
Car -1 -1 -2.4827 323.0364 179.0156 394.6340 202.2884 1.5574 1.8781 4.5639 -17.6930 2.0044 50.7612 -2.8167 -4.8358
Car -1 -1 -4.6020 747.6710 178.5199 770.6329 194.4567 1.4258 1.6898 4.1600 14.1433 1.9801 68.3859 -4.3993 -4.9105
Car -1 -1 -8.5480 1092.4714 182.2794 1178.2458 213.5071 1.5468 1.7611 3.6922 28.1025 2.0782 38.7945 -7.9252 -5.1484
Car -1 -1 -3.0582 219.0007 185.6530 316.6695 225.1439 1.4915 1.4786 3.4798 -13.8936 2.0355 29.3900 -3.4966 -5.1538
Car -1 -1 -4.9676 366.2695 180.5409 403.2869 201.4470 1.4645 1.6090 4.4038 -17.0853 2.0695 54.5246 -5.2701 -5.4087
Car -1 -1 -4.9325 788.3464 180.9712 816.0809 198.3124 1.4144 1.5032 3.8916 16.6336 2.1414 62.6718 -4.6747 -5.4765
Car -1 -1 -4.7900 587.4965 176.1808 617.5833 197.7891 1.3345 1.6531 4.0502 -0.5628 1.5620 47.2975 -4.8023 -5.5109
Car -1 -1 -4.5106 265.3638 183.1010 307.0904 206.4473 1.3561 1.6230 4.1575 -20.6352 2.0411 46.0523 -4.9300 -5.5325
Car -1 -1 -4.8310 798.7515 179.0937 820.4305 196.0421 1.5111 1.5266 3.6690 18.6717 2.1128 67.6797 -4.5633 -5.5623
Car -1 -1 -4.7354 327.4154 184.2836 351.2887 204.4144 1.4606 1.6732 3.9723 -21.4157 2.3966 56.9530 -5.0939 -5.6387
Car -1 -1 -4.3523 252.8241 180.8232 309.1172 210.1893 1.5848 1.6593 4.0634 -19.1758 2.0730 42.1494 -4.7771 -5.7878
Car -1 -1 -4.3786 108.5905 184.1851 189.4522 223.4873 1.4863 1.6578 4.0099 -19.5131 2.0012 30.6622 -4.9416 -5.8464
Car -1 -1 -4.9376 587.2358 174.5579 629.5511 199.7343 1.4162 1.6251 4.1748 -0.1860 1.5229 43.1044 -4.9423 -5.8769
Car -1 -1 -3.9189 107.4644 183.6928 189.7756 212.0799 1.4763 1.5814 4.0030 -26.3304 2.1280 41.2774 -4.4840 -5.9773
