Car -1 -1 -4.1674 45.4128 194.1546 135.3304 228.7966 1.5126 1.7178 4.2363 -26.0879 2.6499 36.3575 -4.7865 3.6543
Car -1 -1 -4.1233 0.0000 197.5784 48.4073 238.2389 1.4682 1.6584 3.6968 -25.7684 2.5732 30.3282 -4.8234 3.4807
Car -1 -1 -4.2733 174.5069 187.8395 230.8368 215.2202 1.6375 1.6159 4.1589 -26.8316 2.6705 47.6180 -4.7843 3.2776
Car -1 -1 -4.3308 221.3524 188.6650 264.8206 211.2620 1.5334 1.5923 3.7514 -27.2330 2.7503 53.6108 -4.7991 2.5930
Car -1 -1 -4.2044 131.5075 190.8351 195.7743 220.0226 1.5748 1.6885 3.6666 -26.6149 2.6951 43.0995 -4.7551 2.3825
Car -1 -1 -4.6922 172.9776 185.7524 215.0140 221.8523 1.5047 1.6108 4.0069 -19.4386 2.1461 33.7516 -5.2116 -0.4291
Car -1 -1 -7.7176 631.1480 177.9577 654.7258 196.6516 1.6185 1.6512 3.7303 2.9970 2.0957 65.5353 -7.6725 -0.6933
Car -1 -1 -7.9213 630.9679 171.8135 653.8328 191.2299 1.5790 1.6651 3.6871 2.6645 1.4941 60.5413 -7.8778 -1.2364
Car -1 -1 -7.8137 135.8606 168.2782 163.4344 190.8579 1.8042 1.7503 4.4138 -38.2633 1.4383 60.0026 -8.3796 -1.9172
Car -1 -1 -6.2669 625.2320 179.8884 692.9189 207.8006 1.5604 1.6472 3.8363 2.8110 1.9772 41.8079 -6.2008 -3.1871
Car -1 -1 -4.4422 610.1874 175.6728 636.8377 193.9834 1.7226 1.6677 3.7496 1.3308 2.0059 70.5422 -4.4238 -3.2897
Car -1 -1 -6.3577 426.0823 179.0563 496.4552 204.2524 1.4739 1.6263 4.1136 -9.1602 1.8652 44.2168 -6.5612 -3.3664
Car -1 -1 -4.6547 109.6404 189.2300 163.8288 228.9798 1.4052 1.6028 3.9432 -19.2200 2.1191 29.3560 -5.2305 -3.4404
Car -1 -1 -4.1203 104.2611 192.2665 171.1891 221.5402 1.5870 1.6660 3.5290 -28.2641 2.7982 43.2511 -4.6965 -3.5050
Car -1 -1 -5.8117 493.7215 178.7068 542.6111 199.9000 1.6040 1.6303 3.4471 -7.2381 2.0746 56.7029 -5.9385 -3.8221
Car -1 -1 -5.6099 662.5829 190.5568 728.3902 215.0421 1.5084 1.6957 4.4022 5.8161 2.7811 49.7295 -5.4948 -3.8868
Car -1 -1 -6.4190 624.0788 172.9830 697.8404 200.4641 1.6297 1.7077 4.2705 3.0215 1.6374 43.7952 -6.3510 -3.8911
Car -1 -1 -4.6427 177.6353 174.1334 202.1832 192.0419 1.5837 1.6680 4.0288 -38.5824 1.7048 66.2945 -5.1681 -4.5088
Car -1 -1 -5.0783 219.2500 186.4420 269.4649 211.2495 1.5317 1.6447 4.1748 -24.7723 2.4877 48.7658 -5.5464 -4.5819
Car -1 -1 -3.2146 568.2722 173.1103 639.6697 200.0272 1.5918 1.7178 4.2085 -0.4345 1.6074 43.7215 -3.2249 -4.6056
Car -1 -1 -4.8456 274.0365 185.1643 299.4481 203.7842 1.5170 1.5415 3.8878 -28.5242 2.6364 63.5673 -5.2661 -5.1013
Car -1 -1 -4.3052 509.2579 177.6360 559.3832 202.9314 1.5293 1.7514 4.0809 -4.8699 1.8530 46.6677 -4.4091 -5.1558
Car -1 -1 -4.5936 131.4583 186.7953 187.4074 224.5630 1.5545 1.7032 4.3155 -21.0110 2.2506 33.7242 -5.1474 -5.5367
Car -1 -1 -4.3966 203.2954 187.2059 253.3117 212.0825 1.4026 1.6002 4.0012 -23.8820 2.3436 45.2180 -4.8804 -5.5449
Car -1 -1 -4.5216 256.8513 185.2494 294.2268 207.6870 1.5024 1.6951 4.3828 -24.6381 2.4564 53.2184 -4.9536 -5.6976
Car -1 -1 -4.9024 252.4080 187.1082 286.0592 209.5279 1.7655 1.8033 4.5090 -29.4119 3.0397 62.1618 -5.3430 -5.7065
Car -1 -1 -4.6373 542.6918 176.4540 571.5887 198.8669 1.3864 1.5952 3.9862 -3.4563 1.6319 47.2691 -4.7103 -5.7889
Car -1 -1 -4.7187 255.1324 187.3500 276.7165 207.8676 1.5137 1.5267 3.9237 -27.8325 2.7267 58.2939 -5.1626 -5.8359
Car -1 -1 -4.4643 163.5320 183.6127 218.1986 216.3258 1.6184 1.6549 3.8770 -22.7079 2.2332 39.1620 -4.9871 -5.8418
Car -1 -1 -4.7704 384.8716 179.4469 410.3972 199.7769 1.4532 1.6401 4.0007 -16.2853 1.9765 55.1380 -5.0566 -5.8428
Car -1 -1 -1.8462 0.0000 168.6650 10.1183 199.8567 1.9040 2.0417 4.3761 -40.4653 1.6480 46.0948 -2.5639 -5.8724
Car -1 -1 -4.4004 300.1667 181.4760 334.8803 199.1306 1.4182 1.5822 4.1080 -25.1556 2.1854 62.1239 -4.7839 -5.8841
Car -1 -1 -4.4906 283.3365 181.8803 316.8695 201.4753 1.4550 1.6145 4.0153 -24.7383 2.2024 57.6506 -4.8946 -5.8867
Car -1 -1 -4.6474 399.2744 178.6611 421.2334 195.5489 1.3964 1.5962 4.0317 -17.5056 1.9225 63.2674 -4.9166 -5.8867
Car -1 -1 -4.5727 227.8481 182.1823 259.3729 202.7267 1.6383 1.8546 4.0631 -31.3460 2.4654 61.7776 -5.0408 -5.9605
Car -1 -1 -5.6354 695.7334 178.5217 736.3393 195.5740 1.5337 1.4681 3.6269 9.9363 2.0809 67.9018 -5.4911 -5.9798
Car -1 -1 -4.4944 248.4237 182.5173 291.1775 207.3057 1.4686 1.6497 4.0727 -21.9434 2.1215 46.6050 -4.9326 -6.0242
Car -1 -1 -6.8332 1036.2837 161.7719 1241.0000 374.0000 1.6778 1.9800 4.5224 4.8262 1.6493 3.5406 -5.9351 -6.5571
