Car -1 -1 -7.7576 417.6733 177.6418 438.2889 193.4943 1.4893 1.6082 3.8018 -17.8997 1.9734 70.9947 -8.0040 0.4424
Car -1 -1 -8.2366 721.0615 164.8638 752.2235 185.7074 1.9154 1.6940 3.5452 11.9189 1.1809 68.2157 -8.0646 0.2850
Car -1 -1 -4.8506 605.9791 171.4439 639.1029 196.4011 1.5829 1.6414 4.0782 0.7553 1.4932 47.8881 -4.8353 -1.8860
Car -1 -1 -2.7079 0.0000 186.1734 93.4691 217.6662 1.5592 1.7238 4.1818 -30.1359 2.2877 38.1581 -3.3732 -2.5733
Car -1 -1 -4.7924 676.0842 173.4582 707.1915 198.9624 1.4983 1.5717 4.1074 4.9624 1.5371 44.5639 -4.6827 -2.6665
Car -1 -1 -4.9314 980.4922 164.2289 1027.4315 193.0494 1.6097 1.6297 3.7118 22.9979 1.1276 42.3067 -4.4366 -2.7747
Car -1 -1 -3.0245 633.8297 174.2309 686.3500 195.7355 1.5804 1.6445 3.7807 3.7594 1.6859 54.3300 -2.9562 -3.4026
Car -1 -1 -2.3140 438.9666 177.0155 491.4748 195.4677 1.5277 1.7734 4.6882 -12.6447 1.9015 62.7786 -2.5123 -3.7859
Car -1 -1 -4.9764 317.1161 180.0444 371.6526 212.8541 1.5650 1.6517 4.0750 -13.8865 1.9596 37.4940 -5.3292 -3.8260
Car -1 -1 -6.3819 1061.7904 160.6285 1187.0587 206.2341 1.6733 1.6831 3.8168 19.8736 1.2244 28.1410 -5.7722 -4.0090
Car -1 -1 -7.7215 496.7877 176.8859 518.8632 193.1245 1.5358 1.6617 3.8508 -10.0619 1.9438 71.1317 -7.8618 -4.1076
Car -1 -1 -4.6959 403.9624 177.9514 421.1840 193.0812 1.4279 1.5826 3.3923 -19.4711 1.9434 71.1730 -4.9623 -4.1481
Car -1 -1 -2.4117 453.2798 176.6300 502.4157 194.8600 1.6249 1.7885 4.4233 -12.3103 1.9854 67.0247 -2.5929 -4.1550
Car -1 -1 -4.6702 653.1298 173.2910 672.7444 191.2072 1.5165 1.5588 3.7659 4.6322 1.5556 63.1285 -4.5977 -4.1687
Car -1 -1 -4.6612 300.8360 182.9046 338.1076 212.2570 1.4497 1.6660 4.4153 -15.9263 2.0340 39.6104 -5.0415 -4.2319
Car -1 -1 -5.1508 363.8021 179.1566 402.2545 197.5831 1.5306 1.6347 4.1062 -19.9960 2.1022 63.4112 -5.4553 -4.2682
Car -1 -1 -4.9544 1178.0999 178.3655 1240.1465 210.9422 1.5135 1.5585 3.5689 29.8736 1.8040 36.1265 -4.2679 -4.3958
Car -1 -1 -4.4077 344.1810 175.9765 374.5633 193.5869 1.6527 1.6417 4.1271 -24.4782 1.9667 70.5422 -4.7408 -4.4310
Car -1 -1 -4.4220 634.3441 174.6498 688.6465 205.7998 1.5531 1.7363 4.3131 2.7782 1.6546 38.5672 -4.3511 -4.4783
Car -1 -1 -7.2193 55.0872 189.3272 159.1343 227.3906 1.3747 1.5560 3.7799 -20.5601 2.0945 29.6289 -7.8219 -4.5505
Car -1 -1 -8.1476 971.2459 168.7987 1040.3860 206.3327 1.6741 1.8018 3.9027 18.6603 1.4929 34.2740 -7.6530 -4.5768
Car -1 -1 -3.5986 611.0792 174.0547 665.3245 192.0395 1.4846 1.7203 4.2981 2.3802 1.5893 61.4418 -3.5605 -4.7221
Car -1 -1 -7.1658 0.0000 189.3279 45.6525 240.0906 1.3829 1.6960 4.1833 -20.5888 1.9595 23.1501 -7.8871 -4.9095
Car -1 -1 -4.8335 276.6534 183.1043 326.8705 219.0217 1.4905 1.6812 3.7497 -14.2460 1.9901 33.1517 -5.2368 -4.9568
Car -1 -1 -4.7053 415.3214 177.6190 435.0035 195.6129 1.5999 1.7275 3.4613 -17.1802 2.0548 67.0430 -4.9555 -4.9927
Car -1 -1 -5.1521 597.0185 173.5231 657.9195 206.8636 1.5988 1.6345 3.7833 0.7910 1.6345 36.7438 -5.1313 -5.0098
Car -1 -1 -2.6917 284.6907 182.0837 373.2798 214.2823 1.5020 1.7080 3.6520 -13.7179 1.9651 35.2288 -3.0608 -5.1517
Car -1 -1 -2.6991 628.9785 172.1389 694.9592 198.5203 1.5479 1.6252 3.6645 3.1209 1.5056 43.9419 -2.6291 -5.2119
Car -1 -1 -3.8959 386.7306 178.6938 429.1947 195.6530 1.5076 1.6328 3.7185 -18.8990 2.0703 67.5421 -4.1681 -5.3346
Car -1 -1 -4.8527 683.2588 177.6539 719.9775 203.9180 1.3842 1.5063 3.9303 5.0846 1.6680 40.7289 -4.7298 -5.3520
Car -1 -1 -4.8581 431.8876 177.0325 456.6765 193.0144 1.3966 1.6295 4.2135 -15.3221 1.7945 66.4942 -5.0840 -5.3701
Car -1 -1 -4.2551 678.6189 170.0359 716.8992 189.6671 1.7033 1.6741 4.3453 7.9049 1.4585 64.8805 -4.1347 -5.3928
Car -1 -1 -4.6514 576.3061 172.3713 596.9857 189.4617 1.6011 1.7327 4.5120 -2.2493 1.5556 69.8786 -4.6838 -5.4799
Car -1 -1 -4.5663 325.1597 179.0917 353.5330 198.2699 1.4735 1.5754 4.2244 -22.1573 2.0035 59.1167 -4.9237 -5.5011
Car -1 -1 -2.2960 0.0000 186.7930 60.2080 219.8754 1.5827 1.7290 3.9806 -30.4904 2.3131 36.6609 -2.9863 -5.5809
Car -1 -1 -6.9282 415.8046 269.4807 1181.6367 374.0000 1.6625 1.6523 3.6375 0.9249 2.3677 3.7639 -6.7098 -5.6323
Car -1 -1 -4.3320 369.3758 180.7488 413.9776 205.5983 1.5759 1.6012 3.7909 -14.7909 2.1327 48.9614 -4.6242 -5.6584
Car -1 -1 -4.7703 510.5151 175.9449 532.4314 193.2071 1.4422 1.6648 4.1537 -7.8137 1.7223 63.2592 -4.8930 -5.7574
Car -1 -1 -4.6254 64.8328 178.3325 107.1660 211.8102 1.9112 1.7297 4.1791 -32.0401 2.2631 44.1605 -5.2504 -5.7693
Car -1 -1 -2.0445 0.0000 183.7030 0.0000 374.0000 1.4511 1.5583 4.0043 -8.0752 1.5646 6.3790 -2.9261 -5.7932
Car -1 -1 -7.1426 213.9046 179.8976 286.4567 213.5392 1.7887 1.5538 3.8839 -20.5512 2.2119 41.3068 -7.6020 -5.8732
Car -1 -1 -4.5150 0.0000 183.1292 0.0000 208.9519 1.5032 1.6487 4.0139 -41.6107 2.1865 45.8575 -5.2492 -5.8867
Car -1 -1 -4.4773 0.0000 184.5847 0.0000 213.1867 1.5193 1.6503 4.0116 -41.6096 2.2404 42.2302 -5.2522 -5.8867
Car -1 -1 -4.5407 0.0000 183.8760 10.4047 208.5446 1.5114 1.6507 4.0108 -41.6088 2.2812 48.2693 -5.2495 -5.8867
Car -1 -1 -7.6026 612.9109 174.4022 657.0724 202.9501 1.4659 1.4932 3.8750 1.3750 1.5544 39.3433 -7.5685 -5.9428
Car -1 -1 -7.4892 199.5927 166.6671 243.5456 188.0539 1.7313 1.7952 4.4117 -32.6380 1.2301 60.7110 -7.9808 -6.1901
Car -1 -1 -4.2999 172.2775 184.4904 267.3370 232.9989 1.6323 1.7202 3.9104 -14.6555 2.1041 27.2620 -4.7894 -6.1980
Car -1 -1 -3.9596 29.7654 182.2664 106.1608 212.3236 1.7748 1.6707 3.8943 -34.4207 2.3998 45.9038 -4.6003 -6.8404
Car -1 -1 -4.8036 737.2828 170.1994 761.4736 194.5494 1.5563 1.2766 3.1950 9.1665 1.3863 47.7678 -4.6154 -8.5935
