Car -1 -1 -4.4087 387.7267 176.7999 420.1062 195.8118 1.6067 1.6398 3.9710 -18.2065 1.9664 63.8175 -4.6858 0.6646
Car -1 -1 -5.0136 606.3290 171.9369 649.7374 196.7550 1.5185 1.6352 4.0964 1.0719 1.4621 46.3429 -4.9910 -1.3167
Car -1 -1 -3.1390 674.9496 172.3398 729.8330 195.7589 1.4821 1.6049 3.4617 5.9353 1.4493 46.6810 -3.0137 -1.7063
Car -1 -1 -4.6604 276.4073 177.4705 299.5416 196.1703 1.5109 1.6002 3.7419 -27.3665 1.9160 61.3357 -5.0786 -2.1185
Car -1 -1 -5.2531 643.6262 174.1835 698.8035 198.7727 1.5792 1.7069 4.3817 4.0588 1.6734 48.9360 -5.1713 -2.4874
Car -1 -1 -5.0743 581.5618 172.0073 630.6675 197.3185 1.5368 1.6634 4.4534 -0.3431 1.4851 46.1870 -5.0821 -2.8685
Car -1 -1 -5.0129 728.6101 161.1916 764.0982 184.8052 1.9327 1.8164 4.0971 11.4925 0.9779 61.1967 -4.8283 -2.9499
Car -1 -1 -4.8106 688.3947 168.9635 714.4899 190.3802 1.5541 1.5937 3.5442 6.8012 1.2715 54.1511 -4.6867 -2.9564
Car -1 -1 -4.3567 791.0314 170.4306 848.4531 200.8480 1.5115 1.6202 3.9896 11.0345 1.3908 37.9405 -4.0761 -3.3112
Car -1 -1 -6.4874 623.7651 168.7959 699.1890 195.8793 1.6177 1.7034 4.3550 3.0921 1.3750 44.2364 -6.4185 -3.4184
Car -1 -1 -5.0838 461.9686 176.4585 500.7741 194.2041 1.4912 1.8373 4.6207 -11.4866 1.8233 64.0794 -5.2608 -3.6467
Car -1 -1 -7.8953 188.1856 172.6103 219.1518 199.2514 1.8612 1.7916 4.5546 -29.8040 1.8438 52.8151 -8.4071 -3.8070
Car -1 -1 -5.8596 522.6107 173.9645 583.6395 193.5142 1.5108 1.7022 4.5515 -4.5586 1.6014 57.5072 -5.9387 -3.9117
Car -1 -1 -5.1926 626.9133 172.6288 678.2935 197.5403 1.5893 1.6224 4.2993 2.7628 1.5746 48.3243 -5.1363 -4.0359
Car -1 -1 -4.6936 566.5384 172.0628 586.3127 190.6169 1.5442 1.6271 4.0419 -2.8855 1.4780 62.0928 -4.7402 -4.4284
Car -1 -1 -3.0684 324.1387 180.3577 400.9256 208.5532 1.4966 1.6288 3.9432 -13.7797 1.9284 40.2669 -3.3964 -4.4730
Car -1 -1 -4.4180 669.9890 173.4000 698.8189 191.1739 1.5550 1.5819 3.7376 6.7375 1.6056 65.2789 -4.3159 -4.5293
Car -1 -1 -5.0241 387.2411 175.1635 422.9514 196.7381 1.7298 1.7788 3.8513 -17.2042 1.9296 60.3964 -5.3008 -4.6566
Car -1 -1 -4.7188 196.3271 183.8188 254.2733 233.5350 1.5832 1.7283 4.1908 -14.0229 2.0158 26.2269 -5.2059 -4.7239
Car -1 -1 -4.7804 410.2145 176.4635 430.8930 194.1316 1.6133 1.6588 3.6448 -18.0765 1.9666 68.6904 -5.0371 -4.7684
Car -1 -1 -4.2236 285.3672 182.6018 355.2556 210.3432 1.4260 1.6545 4.7724 -16.5010 2.0167 41.2827 -4.6020 -4.7713
Car -1 -1 -8.0763 913.1293 165.0699 1060.7552 267.6216 1.5554 1.4807 3.6822 6.4873 1.4371 12.9062 -7.6203 -4.7818
Car -1 -1 -6.1797 758.1590 168.0599 822.6132 194.9482 1.6240 1.6747 3.7505 11.2231 1.3342 45.0035 -5.9372 -4.8419
Car -1 -1 -6.4365 712.4205 160.1510 776.5145 183.2704 1.8387 1.8662 4.8671 10.8101 0.8281 58.3871 -6.2545 -5.0493
Car -1 -1 -7.6645 9.2880 170.2966 59.5040 200.0291 1.7337 1.6948 3.8727 -35.2068 1.5842 44.1807 -8.3345 -5.1760
Car -1 -1 -7.4029 604.5903 176.7239 1241.0000 374.0000 1.6291 2.0335 4.6085 2.4347 1.6545 2.8501 -6.7466 -5.1776
Car -1 -1 -3.8426 297.4331 180.4270 353.9029 201.1600 1.5337 1.6497 4.0509 -22.4891 2.1560 57.1384 -4.2162 -5.2762
Car -1 -1 -2.7762 0.0000 176.5794 118.2548 374.0000 1.5157 1.8553 4.6885 -5.5065 1.5456 3.7859 -3.7114 -5.3144
Car -1 -1 -5.7850 530.2299 174.2581 583.8752 193.9821 1.5665 1.6728 4.0814 -4.3685 1.6844 59.1371 -5.8588 -5.3493
Car -1 -1 -5.3055 688.1113 164.0554 740.3070 186.7172 1.8348 1.9222 4.9541 8.7296 1.1221 61.0683 -5.1644 -5.5845
Car -1 -1 -4.7325 174.8563 175.1899 203.7307 204.7518 1.8795 1.5955 3.6792 -28.1450 2.0416 48.1746 -5.2590 -5.5925
Car -1 -1 -4.0693 362.8838 180.3059 403.0978 196.3171 1.4208 1.6078 3.8896 -21.3976 2.1453 68.0845 -4.3730 -5.7144
Car -1 -1 -5.7727 484.1410 171.9133 536.6089 191.1974 1.6840 1.6295 4.4184 -8.9402 1.6015 64.5727 -5.9100 -5.7581
Car -1 -1 -4.5939 79.6431 191.4079 166.6486 248.4652 1.4522 1.7006 4.0796 -14.7617 2.0744 22.0022 -5.1795 -5.7868
Car -1 -1 -4.6021 411.1457 177.6712 436.5103 195.7110 1.4216 1.6151 3.9796 -15.4845 1.8361 60.0558 -4.8537 -5.8591
Car -1 -1 -4.7761 675.1140 165.6360 698.5345 186.9703 1.7677 1.7121 4.4525 6.5451 1.1694 62.0446 -4.6718 -5.9262
Car -1 -1 -4.4128 294.8376 178.2107 358.5546 210.3116 1.4610 1.7406 4.2948 -13.9913 1.7427 35.7791 -4.7834 -5.9739
Car -1 -1 -5.0103 396.8136 177.3024 437.0400 201.9300 1.5564 1.5635 3.7696 -13.0003 1.8665 48.3386 -5.2720 -6.0069
Car -1 -1 -4.5800 571.5501 171.5292 595.5319 188.4808 1.5281 1.6687 4.4262 -2.4546 1.4083 67.3243 -4.6166 -6.0408
Car -1 -1 -5.1834 0.0000 200.9992 0.0000 374.0000 1.4440 1.7274 3.9483 -7.9428 1.7338 6.1778 -6.0719 -6.4446
Car -1 -1 -4.4459 382.0513 176.7789 413.1723 197.1148 1.7770 1.7205 4.0415 -19.3673 2.1460 65.8704 -4.7311 -6.6576
Car -1 -1 -3.2821 19.8912 185.5345 123.1373 219.3296 1.5082 1.4886 3.9087 -26.4960 2.1657 35.5294 -3.9195 -7.2768
