Car -1 -1 -4.1854 132.7666 180.7202 220.6057 218.0647 1.5361 1.6765 3.8226 -19.3868 1.9100 32.4061 -4.7211 6.2613
Car -1 -1 -4.2246 204.4866 180.3896 281.3093 211.7656 1.5058 1.7410 4.3675 -19.1997 1.9241 37.8867 -4.6910 4.3795
Car -1 -1 -4.4638 354.5352 177.5125 387.4648 198.3225 1.5438 1.6052 3.5617 -18.5956 1.9181 56.1820 -4.7824 1.3418
Car -1 -1 -4.5215 321.2293 178.8464 355.9902 201.3654 1.4898 1.5566 4.0416 -19.1579 1.9306 50.9879 -4.8795 1.0046
Car -1 -1 -4.4074 280.1256 179.7504 328.5992 204.6498 1.4449 1.6241 4.1280 -19.1017 1.8968 45.1820 -4.8056 0.7044
Car -1 -1 -2.1024 389.6265 176.1404 427.3604 193.1481 1.5143 1.6275 3.8812 -18.7313 1.8277 66.9238 -2.3746 -0.2500
Car -1 -1 -4.7711 672.1965 169.0260 706.9341 199.5156 1.5991 1.6536 4.1905 4.3189 1.3980 39.9741 -4.6646 -1.3132
Car -1 -1 -4.9687 614.6479 170.1617 662.4067 199.7882 1.5516 1.6217 4.1953 1.4823 1.4103 40.0116 -4.9324 -1.6004
Car -1 -1 -5.2190 751.9712 170.1757 811.5117 197.2542 1.5126 1.5997 4.1204 10.0084 1.3627 42.5061 -4.9896 -1.6123
Car -1 -1 -4.4284 491.5731 173.8391 519.0137 189.9437 1.5160 1.6409 3.8060 -10.1679 1.6142 70.1664 -4.5721 -2.6541
Car -1 -1 -4.6724 673.5551 172.7342 702.0579 197.0465 1.4799 1.6524 4.1309 4.9735 1.4723 46.0850 -4.5659 -3.0375
Car -1 -1 -7.8461 793.6733 171.2412 824.2400 199.0709 1.5252 1.6237 3.8701 11.4456 1.4365 41.6270 -7.5800 -3.1671
Car -1 -1 -6.0387 575.3347 175.3380 628.4584 194.9733 1.5609 1.6636 4.0593 -0.6757 1.7679 58.9572 -6.0506 -3.2176
Car -1 -1 -4.7649 708.5931 171.8058 728.7549 189.3159 1.5782 1.6462 3.7868 10.0417 1.4834 66.9946 -4.6171 -3.3920
Car -1 -1 -4.3422 305.5041 178.1319 358.4233 204.3699 1.5539 1.7319 4.1577 -17.5499 1.9028 45.6527 -4.7076 -3.4820
Car -1 -1 -6.0804 192.4827 161.8456 260.2964 186.7823 1.7571 1.7508 4.0661 -27.7438 0.9811 52.2513 -6.5666 -3.5925
Car -1 -1 -7.6089 215.8978 158.7010 255.0326 182.2632 1.8657 1.7649 4.7505 -30.9196 0.7448 59.6481 -8.0855 -4.1644
Car -1 -1 -5.0114 645.9825 173.6546 692.8207 200.4625 1.5950 1.7715 4.1554 3.6339 1.6474 45.2828 -4.9323 -4.2279
Car -1 -1 -4.2323 169.6241 181.5970 286.1844 230.9773 1.5230 1.6852 4.5413 -13.2774 1.8572 25.3306 -4.7111 -4.4773
Car -1 -1 -4.4124 280.2455 181.0885 335.1983 209.4542 1.4304 1.6096 4.2375 -16.6441 1.9097 39.8376 -4.8061 -4.6781
Car -1 -1 -5.0983 698.8991 174.4322 726.8868 190.5991 1.5286 1.5580 3.3299 9.9891 1.6861 70.3771 -4.9582 -4.7007
Car -1 -1 -7.3376 246.2189 180.2101 310.0472 207.5800 1.4660 1.5798 4.0134 -19.1899 1.9132 41.8282 -7.7656 -4.7918
Car -1 -1 -7.7847 737.1358 170.6187 757.3345 186.4710 1.5033 1.6795 3.8979 13.4178 1.2910 70.5237 -7.5978 -4.8880
Car -1 -1 -4.3913 112.9762 185.1948 189.5820 217.7215 1.3811 1.6925 4.8206 -22.2266 2.0248 35.1092 -4.9524 -4.9141
Car -1 -1 -5.2473 746.0836 172.5986 793.4941 196.4722 1.7471 1.7876 3.8776 12.0834 1.7281 54.9239 -5.0323 -5.1401
Car -1 -1 -2.1137 145.8766 158.3652 218.0925 187.2410 1.7920 1.7951 4.8170 -27.7605 0.8926 46.7115 -2.6476 -5.2390
Car -1 -1 -5.6297 0.0000 173.0770 52.3901 246.1163 1.4913 1.7246 4.2508 -15.1275 1.4962 15.8114 -6.3846 -5.4431
Car -1 -1 -4.7760 1067.3148 209.2781 1126.4497 257.1719 1.5508 1.6672 3.7249 19.0906 3.0907 28.4810 -4.1913 -5.6664
Car -1 -1 -6.1156 769.0743 171.4486 830.6691 197.4121 1.8287 1.6189 4.1159 13.7552 1.7294 52.4033 -5.8607 -5.8301
