Car -1 -1 -4.1056 0.0000 188.0432 105.0429 231.3246 1.6516 1.6388 4.2613 -24.1255 2.3541 31.2205 -4.7595 4.8173
Car -1 -1 -4.1055 108.1113 187.4906 184.0361 219.6945 1.5307 1.5357 3.6478 -24.2693 2.3354 37.8316 -4.6729 3.6314
Car -1 -1 -4.2004 162.8203 182.7914 231.7297 213.5336 1.6673 1.6721 4.2187 -24.3091 2.2830 42.6110 -4.7164 3.0795
Car -1 -1 -4.3035 221.1149 183.3186 272.6322 208.2559 1.5444 1.6208 4.0184 -24.3459 2.2766 48.4564 -4.7672 2.3342
Car -1 -1 -4.3247 256.7441 183.5547 302.1359 207.1339 1.6203 1.6366 4.0795 -24.4897 2.4447 53.5332 -4.7522 0.4213
Car -1 -1 -4.7770 763.7473 179.9845 784.1680 195.3538 1.3519 1.5952 4.0639 15.3042 2.0404 67.5748 -4.5556 -1.6007
Car -1 -1 -5.8438 675.7596 177.9055 730.2268 199.1028 1.5956 1.6578 3.9272 7.2928 2.0060 56.9011 -5.7174 -2.1012
Car -1 -1 -3.6482 647.6617 169.0830 712.1475 195.6432 1.8838 1.7944 4.3845 5.0952 1.6161 52.8750 -3.5530 -2.2819
Car -1 -1 -4.6508 665.0618 178.4501 687.9932 197.8364 1.4940 1.6435 3.5381 5.3988 1.9624 58.5602 -4.5597 -2.2914
Car -1 -1 -4.5493 302.4713 183.6820 330.8440 202.9891 1.5261 1.6288 3.8616 -24.9508 2.4784 61.4108 -4.9340 -2.4420
Car -1 -1 -7.6845 574.1139 174.3693 620.2777 207.5888 1.5145 1.6227 3.8409 -0.6068 1.5921 35.0999 -7.7022 -2.6237
Car -1 -1 -7.5822 699.4394 172.7507 736.3010 194.6517 1.5719 1.6689 4.2035 8.0912 1.5642 54.0464 -7.4347 -2.9975
Car -1 -1 -4.6935 669.5900 172.9056 700.2330 201.3108 1.4565 1.5673 4.1100 4.0583 1.4591 39.1395 -4.5914 -3.0076
Car -1 -1 -5.5838 0.0000 183.2815 113.8296 238.3650 1.6302 1.7597 4.3240 -18.3663 1.9705 22.6367 -6.2598 -3.3930
Car -1 -1 -4.7012 220.2911 183.3941 253.9125 212.1299 1.5462 1.6956 4.4696 -22.1890 2.2079 42.9457 -5.1758 -3.4290
Car -1 -1 -5.4012 823.1322 179.1846 873.5827 198.5028 1.4626 1.6565 4.0601 19.1632 1.9927 58.2580 -5.0853 -3.6135
Car -1 -1 -4.9523 349.6412 177.6726 384.3259 198.8143 1.5129 1.5885 3.9918 -18.4846 1.8921 54.7071 -5.2770 -3.6245
Car -1 -1 -4.7943 93.4360 188.9153 145.3702 225.8348 1.4579 1.6122 3.9502 -22.0523 2.2225 32.3159 -5.3895 -3.7527
Car -1 -1 -5.9095 383.1864 176.6492 466.7411 207.0919 1.5563 1.6369 3.9621 -9.8038 1.7625 38.2059 -6.1594 -3.8066
Car -1 -1 -7.6518 187.5808 172.6389 216.4927 189.7070 1.5471 1.6215 3.7879 -38.1192 1.5273 67.4546 -8.1646 -4.0735
Car -1 -1 -4.6090 506.7803 174.3635 530.3141 192.8972 1.5925 1.6686 4.1248 -8.1534 1.7313 64.4160 -4.7347 -4.2434
Car -1 -1 -7.7547 719.5706 180.3741 739.5071 195.3327 1.3728 1.5756 3.4891 11.5992 2.1218 70.0066 -7.5916 -4.2824
Car -1 -1 -8.0596 697.4028 176.9454 723.0247 193.8774 1.5911 1.7202 3.9062 9.7783 2.0036 70.7817 -7.9233 -4.3110
Car -1 -1 -5.1870 655.2930 178.9580 685.9023 193.7923 1.4012 1.5463 3.6148 5.9772 2.0244 71.7369 -5.1046 -4.4987
Car -1 -1 -4.3326 285.7637 182.5264 323.7191 203.2095 1.5786 1.6590 3.4782 -24.7150 2.3855 58.4651 -4.7312 -4.5025
Car -1 -1 -4.7707 750.4800 177.2593 769.3296 191.4599 1.3014 1.5625 3.3920 14.2969 1.7334 69.0243 -4.5676 -4.8273
Car -1 -1 -4.5429 821.6597 182.0224 854.3652 203.4850 1.5475 1.7519 4.2305 17.7833 2.2910 56.2562 -4.2387 -4.9851
Car -1 -1 -3.5292 493.7760 174.2458 546.7328 194.2641 1.6260 1.6978 4.0735 -7.5517 1.7460 60.5874 -3.6530 -5.0914
Car -1 -1 -4.9152 152.7655 173.7466 185.2290 190.9638 1.5293 1.7956 3.9305 -40.5953 1.6136 66.3534 -5.4626 -5.1709
Car -1 -1 -4.4245 75.1286 190.8294 134.2013 219.3777 1.4173 1.5651 4.3710 -28.7024 2.4979 41.0651 -5.0316 -5.3489
Car -1 -1 -4.7481 477.6260 171.8856 504.7466 198.6944 1.7228 1.6545 3.8406 -8.0371 1.6603 48.4142 -4.9121 -5.4118
Car -1 -1 -4.7428 263.4106 181.8993 292.0804 207.7681 1.6889 1.7152 3.6491 -23.3248 2.3473 50.5310 -5.1735 -5.4252
Car -1 -1 -4.6111 545.9809 175.7260 569.6115 196.2951 1.4449 1.3704 3.6840 -3.8392 1.6632 53.0653 -4.6834 -5.4380
Car -1 -1 -4.6593 617.5182 174.3923 641.3328 195.6767 1.6106 1.6730 4.0174 1.5382 1.7361 56.9661 -4.6329 -5.4699
Car -1 -1 -3.8566 212.3189 183.3084 282.5863 207.6411 1.5496 1.7091 4.3049 -25.2031 2.3111 50.2572 -4.3196 -5.5138
Car -1 -1 -4.4784 261.9682 181.5361 303.3086 204.8753 1.4334 1.6077 4.0393 -21.7658 2.0368 48.0364 -4.9020 -5.6171
Car -1 -1 -4.2963 172.0863 181.4035 247.7802 213.2640 1.3867 1.6213 4.1803 -19.1745 1.8232 34.7117 -4.7980 -5.7543
Car -1 -1 -4.4926 140.2843 183.8416 199.3521 217.7066 1.4632 1.5895 3.9431 -21.1069 2.0232 34.6733 -5.0362 -5.7596
Car -1 -1 -4.6796 305.8538 182.0207 331.2969 201.6808 1.3558 1.6284 4.1779 -21.8360 2.0711 54.0895 -5.0619 -5.7762
Car -1 -1 -4.8557 675.6726 177.7648 698.0303 192.7559 1.4147 1.6199 4.1570 7.5737 1.9159 71.5783 -4.7511 -5.9460
Car -1 -1 -4.0708 176.6937 181.9738 240.9434 206.8023 1.5375 1.6448 4.0820 -26.8490 2.1757 48.3830 -4.5753 -6.2432
Car -1 -1 -8.2930 1050.3905 105.5252 1241.0000 374.0000 1.4900 1.6626 3.9814 3.1518 1.4198 2.9034 -7.5160 -6.3627
