Car -1 -1 -4.1214 0.0000 188.6458 115.8644 231.4283 1.4446 1.6842 4.1464 -21.4225 2.1044 28.0442 -4.7693 6.0053
Car -1 -1 -4.2392 176.1626 184.7545 241.0081 214.7038 1.4835 1.6377 3.4951 -21.6120 2.1544 38.9214 -4.7435 5.4545
Car -1 -1 -4.2971 272.6908 181.7898 316.9779 205.6575 1.5466 1.5443 3.4269 -21.7135 2.1838 49.7580 -4.7069 4.1904
Car -1 -1 -4.1619 105.0339 187.9740 186.1726 221.6805 1.4044 1.4664 3.6593 -21.5357 2.1458 33.5563 -4.7291 4.0531
Car -1 -1 -4.2665 224.7255 182.6755 285.3559 209.9715 1.5297 1.6521 4.2346 -21.6345 2.1584 44.0870 -4.7206 1.1526
Car -1 -1 -4.4111 334.4319 181.3723 368.1870 201.6674 1.5972 1.5936 3.8217 -21.6197 2.3324 60.3577 -4.7540 0.1745
Car -1 -1 -4.6134 305.3370 181.9944 333.5398 203.6578 1.5230 1.5995 3.8815 -21.9643 2.2404 54.5725 -4.9947 -1.1479
Car -1 -1 -7.8187 453.9278 178.3683 489.8354 211.1101 1.4713 1.5825 3.3132 -6.6534 1.7501 34.7724 -8.0068 -1.4029
Car -1 -1 -4.8173 176.3231 185.1529 225.0704 219.9550 1.4783 1.6034 4.0181 -19.5010 2.0974 34.2349 -5.3320 -1.4733
Car -1 -1 -4.4483 7.3629 179.1036 66.5648 209.0082 1.5496 1.6183 3.9177 -32.0316 1.9176 40.3948 -5.1157 -1.8834
Car -1 -1 -4.7696 526.9986 174.9661 549.3076 194.1714 1.5583 1.6412 4.1856 -6.1509 1.7436 61.2220 -4.8697 -2.1914
Car -1 -1 -5.7329 712.9979 173.2616 778.4072 201.2348 1.5263 1.5938 3.3179 7.6730 1.5501 41.1198 -5.5502 -2.5688
Car -1 -1 -4.1376 84.4108 174.3478 144.7448 197.0869 1.5684 1.7238 3.9246 -35.6595 1.6799 52.0113 -4.7364 -2.9143
Car -1 -1 -3.2366 693.3732 171.5292 758.0554 195.2332 1.6297 1.7097 4.3309 8.0385 1.5384 50.5943 -3.0804 -2.9472
Car -1 -1 -6.7594 258.2266 180.7583 338.0934 207.2252 1.6065 1.6889 4.5550 -20.4779 2.1513 47.4614 -7.1650 -3.1388
Car -1 -1 -6.0273 738.4700 174.3846 798.4860 196.7760 1.5505 1.6286 3.9249 11.3396 1.6635 51.7983 -5.8134 -3.3695
Car -1 -1 -2.0845 24.9635 179.0178 106.5629 209.8644 1.5789 1.6819 4.2353 -29.6113 1.9274 39.2013 -2.7284 -3.4600
Car -1 -1 -4.6252 0.0000 183.0468 30.7557 207.3301 1.4966 1.8358 4.0644 -40.3336 2.2125 48.5054 -5.3164 -3.6839
Car -1 -1 -4.4279 322.2990 182.2513 361.2108 204.7711 1.6041 1.7595 3.8899 -20.4475 2.3471 55.0690 -4.7822 -3.7479
Car -1 -1 -4.5077 366.8755 178.9290 393.3087 195.5476 1.4803 1.6108 3.8683 -21.5702 2.0673 67.7456 -4.8151 -3.9862
Car -1 -1 -6.0861 661.9810 173.7688 735.5873 200.1693 1.5101 1.6057 4.0973 5.2333 1.5659 42.7725 -5.9657 -4.2721
Car -1 -1 -4.5272 316.6276 182.0910 355.4064 204.3022 1.4362 1.7129 4.8130 -19.4311 2.1245 51.2690 -4.8881 -4.3989
Car -1 -1 -4.7056 0.0000 183.7415 6.7972 217.4924 1.4555 1.5848 3.9888 -29.9049 2.0059 34.4616 -5.4166 -4.4109
Car -1 -1 -8.4194 898.5183 180.1877 969.1780 212.2649 1.4785 1.5720 3.4878 16.0121 1.8622 35.9400 -8.0038 -4.5870
Car -1 -1 -4.8768 319.1356 181.8461 361.8127 210.1537 1.4632 1.6461 3.8512 -15.2763 1.9960 40.6961 -5.2341 -4.5903
Car -1 -1 -4.7639 94.9014 179.6965 129.4045 207.3288 1.5619 1.5419 3.4864 -30.1089 1.9922 43.5540 -5.3661 -4.7093
Car -1 -1 -1.8592 0.0000 182.7656 7.5865 206.9812 1.4702 1.6291 4.0548 -41.1157 2.1404 47.0347 -2.5748 -5.0368
Car -1 -1 -4.4655 797.4794 190.5903 827.1440 209.9918 1.5575 1.5965 4.0719 17.9618 3.1846 64.0419 -4.1939 -5.0855
Car -1 -1 -4.3517 230.3509 183.1771 306.2448 221.3200 1.5233 1.6631 4.2137 -15.1547 2.0139 32.1511 -4.7893 -5.1221
Car -1 -1 -4.4637 547.6976 175.1431 573.4218 192.0828 1.5887 1.6226 3.7642 -4.7996 1.8175 70.2089 -4.5321 -5.1501
Car -1 -1 -4.7254 451.4265 176.4850 469.4086 193.9148 1.5341 1.5681 3.7888 -13.8013 1.8780 66.3679 -4.9299 -5.3493
Car -1 -1 -4.6760 368.6489 180.8790 390.9182 198.7679 1.4185 1.6553 4.0447 -19.5593 2.1244 61.3298 -4.9837 -6.0086
