Car -1 -1 -4.3174 300.8018 178.1972 348.0320 202.8029 1.5111 1.5745 3.6386 -18.5548 1.8720 46.9439 -4.6922 4.5718
Car -1 -1 -4.3087 335.4190 177.1940 383.4025 201.7247 1.6857 1.6960 4.4412 -18.2483 2.0159 52.6634 -4.6410 2.4731
Car -1 -1 -4.4587 377.8445 177.0163 410.6920 196.9265 1.5708 1.6220 4.1466 -17.8887 1.9282 59.9050 -4.7480 -0.1952
Car -1 -1 -4.5808 424.3339 177.1638 446.3792 193.1794 1.5054 1.6128 3.8593 -17.1503 1.9406 70.9048 -4.8175 -1.2175
Car -1 -1 -3.9437 625.6259 170.6730 695.7289 199.0649 1.6170 1.6851 4.2771 3.0340 1.4925 43.1508 -3.8744 -1.3785
Car -1 -1 -7.5445 602.0218 173.9461 647.3597 202.0373 1.5098 1.5833 3.4803 0.8378 1.5741 40.8295 -7.5246 -1.8969
Car -1 -1 -7.7249 670.9156 171.0593 701.1168 194.8604 1.5550 1.6201 3.3963 5.1585 1.4374 48.9789 -7.6210 -2.2259
Car -1 -1 -4.8402 750.1646 170.2691 783.5073 196.2263 1.5390 1.5457 3.6922 9.6336 1.3854 44.6829 -4.6295 -2.8291
Car -1 -1 -4.7684 455.4495 174.9380 479.0702 195.0157 1.5206 1.6176 3.8816 -11.3623 1.6914 57.1587 -4.9640 -3.1169
Car -1 -1 -4.6781 400.7017 176.5273 421.0215 193.9466 1.5010 1.6364 3.8071 -17.9541 1.8424 65.0758 -4.9466 -3.1312
Car -1 -1 -4.4821 591.0042 174.2728 616.6567 189.5652 1.4494 1.6490 4.0245 -0.5937 1.5928 70.9303 -4.4907 -3.2438
Car -1 -1 -4.9009 679.3658 169.8197 708.0148 188.7261 1.5289 1.6530 3.9998 6.9424 1.2832 60.4030 -4.7873 -3.4380
Car -1 -1 -3.9235 408.0452 177.7481 455.0371 195.2087 1.5000 1.6666 4.1759 -16.1646 1.9586 65.4438 -4.1650 -3.6460
Car -1 -1 -4.2013 118.5116 176.3819 184.6808 204.6713 1.6800 1.7579 4.0397 -28.7990 1.9118 45.4249 -4.7639 -3.6591
Car -1 -1 -2.5166 683.8951 179.3787 758.5280 209.8729 1.4695 1.5164 3.6086 5.6795 1.8232 37.3454 -2.3674 -3.7702
Car -1 -1 -2.5389 458.5463 175.4057 512.3322 193.1722 1.5315 1.7766 4.5243 -11.1547 1.7653 64.4531 -2.7099 -3.8474
Car -1 -1 -4.5750 673.5284 173.3868 700.9047 194.4152 1.5878 1.6133 3.9936 6.0757 1.6309 56.7211 -4.4692 -3.8542
Car -1 -1 -8.4299 730.7114 177.0007 819.7875 223.3517 1.5104 1.5998 3.1635 5.7399 1.6673 25.5894 -8.2123 -3.8738
Car -1 -1 -7.6380 510.6097 172.1958 556.1663 202.9844 1.6453 1.7222 4.0629 -4.2952 1.6098 40.6727 -7.7429 -3.9878
Car -1 -1 -5.1782 567.6187 173.5325 601.5212 189.0748 1.4767 1.6878 4.0480 -2.5507 1.5452 70.9256 -5.2144 -4.0418
Car -1 -1 -4.6503 686.8651 173.0706 707.6943 191.4542 1.5812 1.6091 3.8292 7.7606 1.6008 64.1389 -4.5308 -4.1950
Car -1 -1 -7.8555 8.5884 178.6155 54.3311 214.4962 1.5756 1.6238 3.7249 -27.5053 1.8647 34.2766 -8.5280 -4.2753
Car -1 -1 -5.2785 688.5048 172.0841 726.0377 187.3094 1.4575 1.8066 3.9964 9.5514 1.3835 71.2655 -5.1461 -4.3042
Car -1 -1 -8.7902 1085.0490 102.7136 1241.0000 374.0000 1.4231 1.5982 3.5053 3.3044 1.3852 2.1410 -7.8552 -4.3417
Car -1 -1 -5.6278 0.0000 190.5097 34.3744 235.7892 1.4195 1.5187 3.4762 -21.7265 2.0327 24.1886 -6.3543 -4.3846
Car -1 -1 -4.9073 710.9227 171.8335 733.4982 186.1242 1.3842 1.5453 3.5843 11.1068 1.2851 71.7139 -4.7545 -4.4874
Car -1 -1 -7.4985 622.9825 174.2588 682.3176 208.0696 1.5251 1.6524 3.7601 2.0714 1.5965 34.7700 -7.4401 -4.5033
Car -1 -1 -4.2454 279.2089 176.9022 359.4096 215.5825 1.5984 1.6802 4.0527 -12.9660 1.7913 32.3466 -4.6241 -4.7078
Car -1 -1 -4.9960 556.8710 172.4656 588.3257 193.5626 1.5649 1.5565 3.2489 -2.9233 1.5358 55.3114 -5.0489 -4.7229
Car -1 -1 -4.4441 310.3350 182.3311 366.6402 213.0155 1.5409 1.7373 4.7060 -15.0513 2.0997 40.1494 -4.8010 -4.7836
Car -1 -1 -8.7082 1185.6826 160.6506 1241.0000 211.0054 1.4704 1.5601 3.6895 20.6917 1.1137 22.9981 -7.9821 -4.8525
Car -1 -1 -7.9292 786.1823 164.6223 816.4354 186.6461 1.4991 1.7662 4.0118 13.5118 0.9385 51.2459 -7.6731 -5.0266
Car -1 -1 -5.2785 550.6367 172.8419 592.5232 192.1219 1.5585 1.5895 4.0219 -3.2768 1.5573 60.4254 -5.3328 -5.0506
Car -1 -1 -4.3320 59.1538 176.6935 121.0258 204.7916 1.5354 1.7259 3.5076 -30.1170 1.7680 41.8595 -4.9529 -5.0706
Car -1 -1 -4.5304 351.8043 176.3501 388.4615 197.3466 1.3362 1.6201 4.1791 -16.2082 1.5830 48.8246 -4.8496 -5.0760
Car -1 -1 -3.9635 298.3598 179.6507 353.8336 199.1736 1.4223 1.6391 4.1561 -22.1394 1.9739 56.3561 -4.3365 -5.1967
Car -1 -1 -7.0932 1186.6277 54.5024 1241.0000 374.0000 1.4625 1.7629 4.2920 5.3720 1.1657 3.0942 -6.0850 -5.2266
Car -1 -1 -4.6072 366.2257 178.3444 395.2111 200.8714 1.5606 1.6594 3.5139 -16.7684 1.9764 52.7943 -4.9136 -5.2441
Car -1 -1 -4.4535 354.4654 178.6383 397.6758 201.6997 1.3504 1.6244 3.9206 -14.6463 1.7289 45.2536 -4.7651 -5.3780
Car -1 -1 -4.6027 579.5089 171.0837 601.5808 190.3877 1.7113 1.6244 3.6708 -1.7708 1.5541 65.8600 -4.6298 -5.4027
Car -1 -1 -4.4107 412.8358 178.1037 439.5909 195.3209 1.5335 1.5796 2.9948 -16.9937 2.0299 66.7382 -4.6594 -5.6203
Car -1 -1 -6.8509 442.0535 291.9579 1241.0000 374.0000 1.6303 1.7229 3.7847 1.0746 2.4846 3.7716 -6.5985 -5.6459
Car -1 -1 -4.6797 391.9323 178.8129 416.5757 201.8592 1.6235 1.6435 4.1028 -15.4325 2.0885 54.1497 -4.9564 -5.8080
Car -1 -1 -4.8700 723.0364 170.1122 748.8717 190.3081 1.6573 1.6156 3.4787 10.5854 1.4320 60.9615 -4.6992 -5.8724
Car -1 -1 -4.7379 631.7090 173.0861 651.8521 189.6546 1.3237 1.5573 3.8824 2.5745 1.3432 59.6547 -4.6953 -5.8867
Car -1 -1 -4.0853 748.1898 173.6432 815.4015 205.9674 1.5868 1.5208 3.6692 8.8665 1.6292 37.2823 -3.8541 -5.8996
Car -1 -1 -4.4354 91.1752 168.1557 144.7997 198.4954 1.8002 1.6845 4.1547 -30.6700 1.5211 45.0487 -5.0305 -6.2336
Car -1 -1 -5.2817 0.0000 190.3501 0.0000 374.0000 1.4199 1.7572 3.8626 -7.9165 1.5950 6.1451 -6.1711 -6.3053
