Car -1 -1 -4.1496 52.2200 188.4693 147.7137 227.3362 1.5899 1.7227 3.9653 -23.3487 2.3510 33.1610 -4.7595 4.7306
Car -1 -1 -4.1529 125.9776 188.5636 206.3457 220.2376 1.4843 1.6067 4.2135 -23.3141 2.3580 38.0276 -4.7000 2.8745
Car -1 -1 -4.2030 186.4872 186.1219 248.1667 213.7829 1.5076 1.6136 3.7190 -23.3532 2.3322 42.9907 -4.6983 2.3852
Car -1 -1 -3.9201 0.0000 195.2105 54.3545 241.4377 1.4537 1.6483 4.3604 -23.5331 2.3625 27.0978 -4.6305 -0.4018
Car -1 -1 -5.1904 888.3878 172.7784 944.8426 200.4187 1.7553 1.7315 4.1309 20.2657 1.7502 47.9504 -4.7931 -1.2392
Car -1 -1 -3.5108 537.7300 175.4845 617.7903 213.0251 1.4396 1.5287 2.8694 -1.3525 1.5501 29.1264 -3.5573 -2.0477
Car -1 -1 -6.6878 610.6489 173.2938 707.9256 211.4378 1.4868 1.5694 3.6446 1.9622 1.5053 29.5030 -6.6226 -2.5759
Car -1 -1 -5.1891 799.2659 171.4540 834.0325 187.3550 1.5036 1.6312 3.9217 20.0755 1.3709 70.3110 -4.9124 -2.6996
Car -1 -1 -5.0018 389.4400 177.0930 426.3538 196.1879 1.5429 1.7749 4.7096 -17.3907 1.9205 61.8617 -5.2750 -2.7415
Car -1 -1 -3.2639 668.7699 174.6470 727.1510 192.3390 1.4884 1.7219 4.7816 7.4680 1.6436 61.7436 -3.1444 -2.7863
Car -1 -1 -4.9273 262.7331 180.4655 312.7747 210.8196 1.4981 1.6384 4.0090 -17.3899 1.9288 38.7636 -5.3467 -2.8739
Car -1 -1 -6.3268 826.2218 175.3032 888.1278 198.0133 1.5962 1.6552 4.1772 17.8577 1.7784 52.3898 -6.0004 -3.1102
Car -1 -1 -4.6501 523.7358 169.8780 543.8685 189.5086 1.8097 1.6702 3.7486 -7.2197 1.5350 68.4249 -4.7551 -3.2257
Car -1 -1 -4.6977 73.0910 166.9585 101.8630 188.7420 1.5126 1.6210 3.7294 -37.7167 1.1029 52.0949 -5.3221 -4.0914
Car -1 -1 -6.4324 747.8697 171.8049 802.5012 193.3764 1.7002 1.7164 4.0574 13.1844 1.6172 57.8733 -6.2099 -4.1293
Car -1 -1 -4.6291 10.1614 192.3438 63.5747 228.7759 1.4418 1.5818 3.5579 -25.8097 2.3720 32.5290 -5.2960 -4.2323
Car -1 -1 -5.4692 264.8567 182.5989 339.6659 210.3981 1.5241 1.6419 4.1322 -18.0580 2.1157 42.2453 -5.8712 -4.2529
Car -1 -1 -8.5605 689.5205 175.7096 746.7733 200.1755 1.5459 1.6300 3.9008 7.1377 1.7444 48.1626 -8.4147 -4.3579
Car -1 -1 -4.6243 814.2332 172.8786 836.1862 190.4465 1.5339 1.5845 3.6846 19.3895 1.5359 65.0103 -4.3360 -4.3943
Car -1 -1 -4.7707 445.6311 174.9021 475.9304 201.1075 1.6042 1.6700 4.3619 -9.7634 1.7435 46.8562 -4.9754 -4.4851
Car -1 -1 -5.0246 306.0412 184.6215 341.4417 204.0193 1.5228 1.6249 4.0610 -24.3519 2.5554 61.2537 -5.4019 -4.5983
Car -1 -1 -8.1681 705.0079 172.1852 759.7634 206.8474 1.5492 1.6000 3.2571 5.6653 1.5190 33.9778 -8.0048 -4.6940
Car -1 -1 -8.1309 407.2682 174.3895 457.7385 208.1309 1.7202 1.6572 3.8585 -9.6916 1.8075 39.0617 -8.3729 -5.0438
Car -1 -1 -4.8584 707.2862 169.2163 736.6677 191.6933 1.7717 1.7138 4.6301 9.1129 1.4846 59.1923 -4.7067 -5.1345
Car -1 -1 -4.5917 37.8532 189.8501 94.6046 226.3690 1.5762 1.6763 4.7969 -27.0462 2.4819 35.9649 -5.2332 -5.2848
Car -1 -1 -4.2767 0.0000 192.7520 64.8655 226.6273 1.4372 1.6102 4.3104 -28.9116 2.4812 35.5823 -4.9555 -5.5077
Car -1 -1 -4.6121 416.7610 168.8950 444.6238 189.4192 1.8089 2.0422 4.3558 -16.3525 1.4597 65.8935 -4.8547 -5.5172
Car -1 -1 -4.7592 296.9259 182.5749 323.3965 204.2195 1.4434 1.5825 4.0492 -21.7642 2.1761 52.2350 -5.1525 -5.6436
Car -1 -1 -4.6242 258.4482 183.2860 295.0185 209.8267 1.4976 1.6713 4.5327 -20.7711 2.1832 45.0278 -5.0545 -5.6681
Car -1 -1 -4.6030 167.1221 188.1227 214.7106 222.8268 1.5290 1.5946 4.1671 -20.8638 2.3372 35.9786 -5.1256 -5.6726
Car -1 -1 -4.1987 148.0083 185.4760 236.2835 220.5327 1.4367 1.6580 4.1842 -19.1275 2.0535 33.1780 -4.7184 -5.8699
Car -1 -1 -4.2716 201.9827 182.5780 272.1319 214.4407 1.4941 1.6102 4.0875 -19.1486 2.0225 37.1652 -4.7447 -5.8800
Car -1 -1 -5.0077 254.0715 184.5684 296.7823 208.8123 1.6210 1.6958 4.0903 -24.3350 2.5046 52.3543 -5.4412 -5.8862
Car -1 -1 -4.7284 339.1342 181.4586 360.2653 200.5361 1.5204 1.6338 4.0651 -22.2965 2.2817 61.6713 -5.0742 -5.9370
Car -1 -1 -4.3676 108.8789 187.4833 195.1681 228.3305 1.4614 1.6709 4.1338 -18.6914 2.1055 29.5856 -4.9272 -6.0227
Car -1 -1 -8.1946 1010.0681 77.4518 1241.0000 374.0000 1.5260 1.7530 4.0631 2.8433 1.4319 2.9214 -7.4720 -6.2734
