Car -1 -1 -9.1774 970.6541 166.6505 1076.9882 197.4285 1.5034 1.6754 4.5113 21.3448 1.2001 37.4076 -8.6625 -1.0884
Car -1 -1 -7.5317 425.6281 172.5822 454.5079 189.5844 1.6042 1.6330 3.7197 -16.4710 1.5782 70.0053 -7.7622 -1.4555
Car -1 -1 -2.1277 155.6254 183.1227 214.4019 206.3251 1.6181 1.7230 4.3664 -31.6504 2.4069 53.6685 -2.6586 -1.5162
Car -1 -1 -8.0345 908.3218 155.6590 940.2844 176.7634 1.7687 1.7808 4.3712 27.2806 0.3273 62.8006 -7.6265 -1.7711
Car -1 -1 -4.2021 324.6154 180.1352 364.5734 198.1258 1.5382 1.6379 4.0448 -24.0787 2.2208 65.5414 -4.5532 -2.1925
Car -1 -1 -5.2754 800.6443 159.1621 843.1146 181.7641 1.9686 1.7675 4.0669 19.0269 0.7757 65.0424 -4.9922 -2.3130
Car -1 -1 -6.5607 727.3763 168.8069 784.7479 191.8798 1.5549 1.6470 3.5466 9.9794 1.2819 49.5885 -6.3636 -2.6202
Car -1 -1 -8.4065 846.9112 155.3014 895.8904 184.7005 2.2333 1.8493 3.9037 20.5322 0.8996 56.9111 -8.0620 -2.6284
Car -1 -1 -8.0085 1139.4434 168.7133 1197.2625 204.1480 1.6315 1.6569 3.7226 27.1582 1.4406 35.2532 -7.3564 -2.7402
Car -1 -1 -4.6840 1049.5498 167.7792 1093.4332 201.1602 1.4833 1.6562 4.1090 21.8885 1.2575 34.2281 -4.1192 -2.7652
Car -1 -1 -4.7201 63.3003 183.2163 91.0104 207.9979 1.7806 1.6696 3.7847 -41.0518 2.6069 55.5437 -5.3544 -3.7075
Car -1 -1 -6.4443 1109.7828 162.9881 1240.7079 202.9889 1.6131 1.7058 4.1749 23.9572 1.2149 30.8384 -5.7887 -3.7718
Car -1 -1 -4.5104 0.0000 185.4735 35.7078 214.1447 1.5643 1.5839 3.7618 -35.8454 2.3549 43.1887 -5.2003 -3.8977
Car -1 -1 -7.5272 365.7632 179.1819 433.4980 221.0513 1.5765 1.6478 3.3778 -8.5427 1.8493 29.4143 -7.8079 -3.9448
Car -1 -1 -4.7563 118.4500 182.2741 147.8472 206.5554 1.7983 1.7672 4.4384 -38.0876 2.5796 57.5511 -5.3390 -3.9629
Car -1 -1 -7.8699 558.1783 181.8935 640.3491 256.1613 1.4067 1.6099 3.5345 -0.3280 1.6281 15.8999 -7.8913 -4.0637
Car -1 -1 -4.7862 1170.4425 168.2087 1215.1464 197.9616 1.5253 1.5686 4.0176 31.4699 1.2868 39.0898 -4.1123 -4.3398
Car -1 -1 -5.9445 706.8646 171.4502 780.1021 197.5423 1.6222 1.7012 4.3397 8.5837 1.5346 46.6734 -5.7641 -4.4063
Car -1 -1 -2.7677 0.0000 181.2837 56.2362 212.6301 1.8925 1.7496 4.0827 -37.9893 2.4446 45.8158 -3.4573 -4.4332
Car -1 -1 -6.5829 827.9617 162.3968 899.6725 184.5146 1.4880 1.7307 4.3186 17.3286 0.7842 49.4846 -6.2481 -4.5234
Car -1 -1 -4.5551 749.6204 172.6435 787.8522 199.1444 1.4546 1.5252 4.2730 9.2206 1.4428 41.8725 -4.3403 -4.6524
Car -1 -1 -4.9973 904.6392 164.5969 943.6664 186.2225 1.5854 1.6597 3.9838 23.8511 0.9798 54.9753 -4.5901 -4.7174
Car -1 -1 -5.0073 1164.1460 156.9671 1216.1840 183.5523 1.6311 1.5719 3.7207 37.1117 0.6561 46.2877 -4.3347 -4.8445
Car -1 -1 -4.7088 108.4753 187.2694 132.4267 206.0842 1.4601 1.6294 3.3884 -41.1960 2.7098 60.7071 -5.3032 -4.9381
Car -1 -1 -6.2869 187.3288 182.8751 283.8146 223.2763 1.4920 1.5328 3.3402 -14.9465 1.9120 28.8149 -6.7619 -4.9994
Car -1 -1 -4.6017 514.8213 177.3170 552.8754 203.8120 1.3689 1.6550 4.1176 -4.2093 1.6290 40.0384 -4.7061 -5.3167
Car -1 -1 -4.5793 298.7074 179.9468 323.7391 196.0952 1.3892 1.5916 4.0700 -27.3758 2.0605 66.1502 -4.9705 -5.3303
Car -1 -1 -4.7044 127.7907 188.9464 151.7347 207.2697 1.4065 1.6585 4.0795 -39.9801 2.8229 61.3543 -5.2802 -5.3475
Car -1 -1 -7.7762 611.8773 172.6923 665.9198 216.5229 1.3947 1.5893 3.5598 1.0098 1.3893 24.8204 -7.7366 -5.4164
Car -1 -1 -7.8306 570.8091 182.6480 634.9553 241.7904 1.3744 1.5429 3.4512 -0.2025 1.6566 19.0769 -7.8420 -5.4542
Car -1 -1 -4.8174 532.3414 177.8378 585.4437 216.3316 1.4068 1.6864 4.2853 -2.1856 1.6239 29.2133 -4.8920 -5.5722
Car -1 -1 -4.8017 158.2138 185.3844 184.8125 202.9127 1.5148 1.7664 4.2505 -41.2369 2.7305 67.7859 -5.3467 -5.6032
Car -1 -1 -4.7701 35.6224 187.3095 67.6351 210.9204 1.6242 1.6936 3.5165 -41.6981 2.7399 53.8230 -5.4270 -5.6611
Car -1 -1 -4.8093 542.1468 177.9926 604.6069 225.6884 1.4583 1.7210 4.1210 -1.3830 1.6493 24.6955 -4.8654 -5.7417
Car -1 -1 -4.6516 590.7468 174.9186 636.0063 212.8603 1.4131 1.5937 3.8866 0.1509 1.5017 29.0800 -4.6471 -5.8867
Car -1 -1 -4.5099 0.0000 184.1463 0.0000 210.1921 1.4820 1.6419 4.0127 -41.6297 2.2204 45.0565 -5.2530 -5.8867
Car -1 -1 -4.5336 0.0000 183.9850 0.5812 208.9456 1.5017 1.6457 4.0090 -41.6087 2.2667 47.4635 -5.2507 -5.8867
Car -1 -1 -4.4416 0.0000 184.8719 0.0000 215.4373 1.5076 1.6470 4.0105 -41.6104 2.1995 39.4180 -5.2508 -5.8867
Car -1 -1 -4.6411 569.7003 175.3770 631.0677 225.5969 1.3888 1.6061 4.0051 -0.2615 1.4733 22.2061 -4.6535 -5.8867
Car -1 -1 -4.6618 140.7722 184.6329 165.2810 203.0455 1.5436 1.6686 4.1376 -41.4886 2.6492 65.5328 -5.2246 -5.8867
Car -1 -1 -4.7397 293.9755 179.0977 322.9213 206.8555 1.8371 1.7753 4.4183 -21.4628 2.3004 51.2019 -5.1351 -5.9549
