Car -1 -1 -4.5414 70.3740 186.4600 108.4336 209.0361 1.5131 1.6153 3.9408 -38.2476 2.5532 53.0470 -5.1639 0.5337
Car -1 -1 -8.1144 952.8917 163.4418 998.8022 187.9435 1.4992 1.6425 3.9637 23.3531 0.9230 46.2571 -7.6496 0.2834
Car -1 -1 -4.7086 339.9446 179.1707 357.4870 193.9069 1.3784 1.5900 3.8526 -25.8466 2.0210 71.3562 -5.0552 -1.7933
Car -1 -1 -6.5292 767.8289 162.0440 825.7934 181.8329 1.5193 1.6999 4.0812 14.5023 0.6890 56.2544 -6.2783 -2.4607
Car -1 -1 -5.4047 89.6712 183.8864 155.7083 206.2651 1.5608 1.7086 4.2613 -35.9142 2.3949 53.1473 -5.9969 -2.5861
Car -1 -1 -4.7899 123.1288 175.2580 149.5109 194.9682 1.6287 1.6045 3.9274 -40.8538 1.8423 62.1644 -5.3696 -2.8688
Car -1 -1 -4.6371 263.6091 186.8243 288.6378 206.8457 1.5125 1.5872 3.7798 -27.4831 2.7022 59.4142 -5.0689 -2.9338
Car -1 -1 -3.4157 1121.8478 170.1738 1241.0000 213.2983 1.5436 1.7083 3.7087 21.7900 1.4474 27.3271 -2.7481 -2.9809
Car -1 -1 -7.5074 1160.8904 167.4388 1241.0000 215.6414 1.5579 1.6524 4.2059 21.0762 1.3826 25.0981 -6.8150 -3.1861
Car -1 -1 -4.8343 52.0092 182.7895 87.4881 206.0555 1.6299 1.6828 3.8523 -40.6366 2.4032 54.2072 -5.4754 -3.3027
Car -1 -1 -4.0212 286.6978 179.4276 329.3866 197.8241 1.5642 1.6217 3.5768 -27.0502 2.1709 64.6873 -4.4160 -3.3403
Car -1 -1 -5.7475 367.7372 176.7263 444.2294 204.9487 1.6459 1.6755 4.2026 -12.4060 1.8879 43.8007 -6.0223 -3.6711
Car -1 -1 -5.9029 650.7928 166.1730 709.2337 185.4098 1.5934 1.7160 4.6612 5.9400 1.0397 61.5964 -5.8074 -3.6740
Car -1 -1 -4.7275 861.4875 168.0683 891.9698 194.2207 1.4484 1.5895 3.8310 15.4571 1.1830 42.0307 -4.3776 -3.7864
Car -1 -1 -4.1937 348.8616 178.6737 383.0773 194.2190 1.4670 1.5828 3.7080 -24.1748 2.0597 71.5412 -4.5187 -3.9364
Car -1 -1 -5.6307 415.8995 175.3966 474.6447 197.0942 1.5844 1.6302 4.2169 -12.5185 1.7825 54.6834 -5.8550 -4.1091
Car -1 -1 -8.2701 713.2693 168.8921 763.5998 194.6679 1.5152 1.6446 3.8028 7.8213 1.2820 44.4592 -8.0975 -4.1404
Car -1 -1 -4.7866 0.0000 185.0030 15.7826 213.0307 1.7590 1.5448 2.9935 -40.9645 2.5989 48.2885 -5.4875 -4.3625
Car -1 -1 -5.2898 13.2869 185.8904 80.9993 208.6346 1.5167 1.7929 4.2276 -40.1317 2.4731 51.4156 -5.9502 -4.4119
Car -1 -1 -6.4394 247.6278 178.0878 348.1417 212.9380 1.5952 1.6533 4.3290 -15.3380 1.8654 35.4373 -6.8455 -4.4352
Car -1 -1 -3.4177 836.1680 165.7480 935.8147 199.4042 1.6915 1.7349 4.5076 14.1615 1.3341 37.3160 -3.0579 -4.4807
Car -1 -1 -6.4197 717.7797 162.6180 775.3224 182.4893 1.5196 1.7790 4.1941 10.5622 0.7365 56.1664 -6.2350 -4.4923
Car -1 -1 -3.1414 791.3458 164.3068 876.5012 195.1339 1.7139 1.6972 4.5967 12.8296 1.2384 41.5991 -2.8445 -4.5390
Car -1 -1 -2.8338 485.3678 170.7635 535.4286 187.5312 1.5583 1.7076 4.3811 -9.4281 1.3637 68.2685 -2.9707 -4.5498
Car -1 -1 -3.2544 848.7668 169.6405 951.0032 204.5304 1.5543 1.7281 4.2303 13.3301 1.4109 33.5270 -2.8793 -4.5529
Car -1 -1 -7.6506 274.7957 179.9428 304.1985 198.1869 1.5409 1.6395 3.9632 -28.7156 2.1969 64.6923 -8.0671 -4.6885
Car -1 -1 -4.7423 920.7911 165.4983 958.4180 197.2524 1.5618 1.6416 4.1393 17.1312 1.1997 37.7147 -4.3191 -4.8512
Car -1 -1 -8.6195 983.7106 166.6282 1241.0000 354.6788 1.5208 1.5196 3.5503 5.7864 1.4701 7.6987 -7.9938 -4.9281
Car -1 -1 -4.3166 235.4266 181.7426 271.2998 200.1256 1.5129 1.5014 3.6943 -31.1640 2.3131 63.0974 -4.7740 -5.0307
Car -1 -1 -8.1812 710.7587 154.1749 746.5744 178.2825 2.0452 1.8515 4.1829 10.3608 0.4602 63.4283 -8.0202 -5.3788
Car -1 -1 -4.6398 225.5320 185.7660 253.2330 206.5441 1.5700 1.7476 3.7802 -30.3877 2.6661 59.1875 -5.1126 -5.4438
Car -1 -1 -4.5993 291.3773 181.7941 318.8620 200.9307 1.4503 1.6077 4.1463 -24.8999 2.2080 58.9668 -4.9975 -5.4892
Car -1 -1 -3.2033 141.0191 185.2707 249.9174 226.0227 1.4469 1.5245 3.6128 -16.2407 1.9605 28.2368 -3.7215 -5.5288
Car -1 -1 -4.8530 394.4749 179.4854 425.9448 201.7183 1.4533 1.5650 4.1270 -14.1000 1.9391 50.6848 -5.1233 -5.6758
Car -1 -1 -4.8004 554.6498 175.7388 620.0744 221.7305 1.3415 1.7287 4.4732 -0.8859 1.4451 23.6646 -4.8380 -5.6887
Car -1 -1 -6.7309 1067.3297 65.1229 1241.0000 374.0000 1.5196 1.8214 4.8833 5.0363 1.3089 3.3687 -5.7893 -5.8072
Car -1 -1 -1.7848 97.0541 180.6170 133.2982 200.4169 1.5463 1.6167 4.2913 -41.2133 2.2140 60.0263 -2.3845 -5.8080
Car -1 -1 -4.5161 0.0000 187.0123 0.0000 215.1102 1.5561 1.6622 4.0075 -41.5750 2.4663 44.2583 -5.2674 -5.8867
Car -1 -1 -4.4487 0.0000 185.8249 0.0000 216.6829 1.5338 1.6542 4.0127 -41.6087 2.2878 39.8143 -5.2528 -5.8867
Car -1 -1 -4.6176 585.5511 173.2319 624.5234 202.1126 1.3564 1.5849 3.8679 -0.2372 1.3760 35.9363 -4.6247 -5.8867
Car -1 -1 -6.0825 656.7041 161.7701 698.3823 179.3421 1.6338 1.5623 3.6957 6.3859 0.6030 68.3701 -5.9899 -6.1005
