Car -1 -1 -4.6653 265.9766 184.3165 303.4001 215.1471 1.4503 1.5868 4.0736 -17.0039 2.0845 37.7534 -5.0862 0.5439
Car -1 -1 -7.4719 456.9960 174.5120 505.7559 201.5540 1.6014 1.6378 3.9670 -8.0137 1.7095 45.0958 -7.6472 0.0847
Car -1 -1 -7.9191 429.6924 170.0853 449.5918 186.2801 1.5053 1.6091 3.8119 -16.3619 1.2476 69.1225 -8.1509 -0.2042
Car -1 -1 -6.4282 710.6423 164.8334 762.0903 181.9293 1.5123 1.6652 4.3476 11.2800 0.8025 64.7182 -6.2566 -1.2482
Car -1 -1 -5.1516 0.0000 197.0852 34.5383 226.1837 1.5568 1.6715 3.6681 -36.0795 3.0410 42.6760 -5.8505 -1.4640
Car -1 -1 -6.8258 712.9637 170.9288 767.2937 191.7358 1.4676 1.6110 3.5535 9.3945 1.3315 52.2824 -6.6493 -1.5642
Car -1 -1 -2.7058 659.4658 171.1730 705.9985 187.7244 1.5636 1.6995 4.1595 7.0217 1.4045 69.9569 -2.6064 -2.3270
Car -1 -1 -7.0633 737.3110 172.3995 816.3665 203.9940 1.5517 1.6887 3.9201 8.5766 1.5291 37.1876 -6.8388 -2.5059
Car -1 -1 -8.2726 816.1984 168.2071 858.3898 187.7657 1.4244 1.6225 3.8081 17.0970 1.0857 54.5322 -7.9706 -2.6726
Car -1 -1 -8.0960 811.2643 164.4785 916.7513 238.3783 1.6247 1.5717 3.6324 6.0560 1.4403 17.7376 -7.7727 -2.7871
Car -1 -1 -5.3489 1079.5562 182.6463 1195.8564 223.0646 1.4225 1.5962 4.0125 20.5579 1.8349 28.3900 -4.7276 -2.9224
Car -1 -1 -7.7551 539.2487 169.8060 561.3424 187.0838 1.6278 1.7397 4.1397 -5.7853 1.3403 70.0629 -7.8375 -3.3998
Car -1 -1 -8.0046 766.9687 164.1669 793.8033 183.9905 1.7524 1.7772 4.1173 15.5022 0.9842 65.9075 -7.7748 -3.8035
Car -1 -1 -4.5233 217.9531 185.7911 244.5647 202.5294 1.5224 1.6169 3.8555 -37.2069 2.8310 70.9197 -5.0051 -3.9416
Car -1 -1 -4.7113 267.6003 187.8009 290.9326 208.7455 1.5099 1.6260 3.7983 -26.1584 2.7337 57.0281 -5.1399 -4.4933
Car -1 -1 -7.9989 338.4645 177.5578 375.1922 205.1633 1.6172 1.6921 3.2856 -15.7624 1.9206 44.7464 -8.3361 -4.5639
Car -1 -1 -3.3840 774.7067 166.8544 830.4518 191.1754 1.6924 1.6542 3.5141 13.5645 1.2746 51.0620 -3.1260 -4.7469
Car -1 -1 -4.9615 367.9591 180.6366 410.1284 206.9940 1.4641 1.5381 3.7536 -13.3206 1.9521 43.2673 -5.2588 -4.8462
Car -1 -1 -5.1589 312.6963 183.5744 360.5388 207.7794 1.5875 1.6514 3.8703 -19.3670 2.3732 50.9685 -5.5206 -4.8884
Car -1 -1 -4.6307 132.4256 188.4731 158.2153 205.9274 1.4093 1.6078 3.9255 -41.2959 2.8432 64.1456 -5.2010 -5.1625
Car -1 -1 -8.6117 1137.0562 185.7128 1241.0000 233.1633 1.3879 1.6240 4.1911 20.2353 1.8611 24.4181 -7.9261 -5.2368
Car -1 -1 -4.8243 58.5392 196.8637 103.5945 228.4899 1.4273 1.4862 3.5860 -27.3031 2.7241 37.1565 -5.4548 -5.2735
Car -1 -1 -5.6973 390.8712 183.6614 455.0143 205.7802 1.5899 1.7465 4.5171 -14.2717 2.4362 54.9549 -5.9506 -5.3082
Car -1 -1 -5.1304 648.2903 167.0383 683.6151 184.5406 1.6022 1.8477 4.0330 5.2339 1.0695 68.2597 -5.0544 -5.3510
Car -1 -1 -4.6304 571.1719 174.9793 603.9988 198.1810 1.3257 1.6567 4.1468 -1.3478 1.4605 43.7288 -4.6614 -5.3647
Car -1 -1 -4.7235 577.1708 175.4495 609.6101 201.9837 1.3397 1.6569 4.0462 -0.9606 1.4866 38.8824 -4.7485 -5.3758
Car -1 -1 -4.7096 53.5107 192.1284 84.8642 215.7593 1.5973 1.8481 4.4478 -41.1690 3.1266 54.9208 -5.3508 -5.4938
Car -1 -1 -4.7797 579.6858 176.0890 620.4034 206.1409 1.3435 1.6771 4.1336 -0.5778 1.5090 34.8463 -4.7966 -5.5508
Car -1 -1 -4.1076 107.1968 195.0061 162.0262 217.1820 1.4204 1.5646 3.4762 -33.8859 3.0547 51.4840 -4.6876 -5.5702
Car -1 -1 -5.5579 971.1742 202.1217 1241.0000 312.8845 1.4256 1.8078 4.4842 8.8463 2.0480 12.9529 -4.9703 -5.5853
Car -1 -1 -4.5266 14.4576 190.2335 57.7278 217.2130 1.7712 1.7349 4.0362 -41.6273 3.0853 52.3800 -5.1958 -5.7597
Car -1 -1 -4.7623 618.6520 174.1364 650.5399 199.8648 1.3715 1.5819 4.1442 1.3066 1.4474 40.7582 -4.7310 -5.8407
Car -1 -1 -4.6550 600.5154 174.3974 636.8505 203.0265 1.3741 1.6263 4.2907 0.4590 1.4578 37.0654 -4.6432 -5.8434
Car -1 -1 -4.6952 149.2715 183.9834 171.3394 201.9398 1.5418 1.6598 4.0168 -41.6018 2.6045 66.7688 -5.2509 -5.8867
Car -1 -1 -4.5691 0.0000 186.3427 20.3686 211.7616 1.5711 1.6737 4.0569 -41.5295 2.5284 49.0597 -5.2690 -5.8867
Car -1 -1 -4.6520 597.2194 174.6269 627.8333 199.0349 1.3692 1.5865 3.8730 0.1535 1.4788 42.7459 -4.6489 -5.8867
Car -1 -1 -4.8270 448.5701 176.8013 478.8665 198.4392 1.4208 1.6135 4.0693 -10.2767 1.7080 50.3608 -5.0276 -5.8867
Car -1 -1 -4.5107 0.0000 188.3382 0.0000 216.6273 1.6046 1.6781 4.0165 -41.6138 2.6257 45.4408 -5.2494 -5.8867
Car -1 -1 -4.6410 101.7858 184.7941 129.7146 204.2555 1.5083 1.6503 4.0271 -41.5757 2.5484 60.7192 -5.2396 -5.8867
Car -1 -1 -4.4485 0.0000 185.4091 0.0000 215.9789 1.5215 1.6502 4.0089 -41.6095 2.2513 39.8154 -5.2527 -5.8867
Car -1 -1 -4.8873 85.2990 190.2393 113.6156 210.2656 1.4950 1.3842 2.8578 -41.0483 2.9273 57.9605 -5.5015 -5.9967
Car -1 -1 -8.3488 1101.0740 119.2723 1241.0000 374.0000 1.5287 1.7427 4.0098 3.6234 1.4678 2.9973 -7.5166 -6.0723
Car -1 -1 -4.6979 333.5469 183.2300 354.1566 201.0055 1.4813 1.6787 4.1152 -23.9444 2.4468 64.9390 -5.0501 -6.0870
