Car -1 -1 -6.7495 714.6783 170.2031 772.6600 192.2254 1.5323 1.6608 3.7220 9.5036 1.3476 51.5250 -6.5684 -0.2269
Car -1 -1 -3.2474 707.1792 165.1196 759.7214 182.1687 1.4819 1.7344 4.4115 10.8420 0.8093 63.7180 -3.0798 -0.7538
Car -1 -1 -7.9320 537.4440 169.1638 558.1479 186.1698 1.5701 1.6612 3.8816 -5.9656 1.2291 68.6675 -8.0186 -1.0472
Car -1 -1 -3.0986 208.9090 184.7626 301.8268 217.8912 1.5014 1.6625 4.0064 -17.3364 2.1108 35.3822 -3.5515 -1.9905
Car -1 -1 -4.2217 1125.5782 176.8729 1237.9719 222.4388 1.5490 1.6581 3.7515 20.8068 1.7038 26.3146 -3.5586 -2.2240
Car -1 -1 -3.6010 824.0688 164.4472 889.5920 185.1176 1.4774 1.7069 4.2073 17.9704 0.8762 52.6942 -3.2743 -2.2770
Car -1 -1 -2.7086 657.7356 169.6064 705.3740 186.2894 1.5438 1.6407 4.2016 6.7649 1.2429 68.5381 -2.6109 -2.4711
Car -1 -1 -8.1350 739.4960 173.8573 821.5225 224.2711 1.4244 1.5463 3.3923 5.1026 1.4574 22.1945 -7.9126 -2.7430
Car -1 -1 -4.7685 881.7943 170.0704 908.5925 190.7357 1.4673 1.6095 3.9373 21.0193 1.2694 53.3533 -4.3954 -2.9729
Car -1 -1 -4.2586 0.0000 198.9878 13.5828 232.8730 1.6092 1.6994 4.0859 -35.0711 3.1316 39.8450 -4.9772 -3.0325
Car -1 -1 -7.6455 453.6042 174.2559 492.5995 202.3575 1.6354 1.6181 3.6352 -8.3363 1.7241 44.0079 -7.8320 -3.0534
Car -1 -1 -8.0574 812.7598 167.5854 862.2482 201.0703 1.5797 1.6615 3.4600 11.1989 1.3308 35.8416 -7.7573 -3.2134
Car -1 -1 -4.6360 139.6959 187.4121 164.3423 205.7360 1.5009 1.5853 3.4067 -40.5866 2.8289 63.9573 -5.1998 -3.2421
Car -1 -1 -6.8366 205.4064 180.5995 254.4476 199.8641 1.7796 1.6791 3.9455 -37.1051 2.5587 70.4868 -7.3199 -3.4244
Car -1 -1 -6.6874 767.8057 168.3440 826.6320 188.1455 1.4016 1.6364 3.7771 13.4847 1.0821 52.1684 -6.4361 -3.5129
Car -1 -1 -8.2097 766.0748 165.6980 798.8696 183.0590 1.5075 1.6457 3.7481 15.3824 0.8858 64.6145 -7.9772 -3.9984
Car -1 -1 -7.2901 937.5201 173.8700 1011.6693 204.6842 1.4616 1.5839 3.6857 18.1464 1.5143 35.9637 -6.8265 -4.1279
Car -1 -1 -5.0886 377.2131 181.5287 417.1154 202.3284 1.4908 1.5622 4.0583 -16.4390 2.1831 55.5294 -5.3755 -4.1885
Car -1 -1 -6.5923 319.3089 178.0559 389.0959 206.2529 1.5994 1.6698 3.6148 -15.3775 1.9242 43.3332 -6.9317 -4.2627
Car -1 -1 -4.6790 955.5009 165.5772 988.6782 195.3596 1.6620 1.6252 3.9167 21.2590 1.2556 42.3740 -4.2170 -4.3175
Car -1 -1 -8.0327 782.6458 167.9575 832.2486 200.9775 1.5787 1.6756 4.2823 9.9277 1.3443 36.7010 -7.7709 -4.3199
Car -1 -1 -7.9832 830.4314 167.4199 925.7803 243.7438 1.5765 1.5712 3.6911 6.0875 1.4639 16.8727 -7.6431 -4.5636
Car -1 -1 -5.0467 358.0730 180.1953 406.4094 207.5889 1.4860 1.5625 3.7016 -13.3717 1.9343 42.1379 -5.3525 -4.7553
Car -1 -1 -8.0737 714.6946 163.4313 740.1858 180.8035 1.6611 1.6631 3.8737 11.5004 0.7598 70.9770 -7.9139 -4.7992
Car -1 -1 -4.2223 0.0000 197.8657 62.9725 226.5452 1.4577 1.6372 3.5548 -33.7036 2.9749 41.8803 -4.8970 -4.8004
Car -1 -1 -4.6691 120.0029 187.1980 146.5681 205.7184 1.4653 1.7451 4.0902 -41.4109 2.7553 62.7033 -5.2510 -4.8153
Car -1 -1 -7.5022 705.0874 168.8153 743.7278 193.3163 1.7474 1.5681 3.9660 8.5016 1.4591 53.5750 -7.3460 -4.8284
Car -1 -1 -4.8409 439.3242 175.3036 466.0699 195.4017 1.5615 1.6188 4.0581 -12.8698 1.7681 58.7730 -5.0558 -5.0932
Car -1 -1 -4.7169 70.8502 189.3716 94.6908 210.9812 1.5560 1.4673 3.1343 -41.1270 2.8822 56.2476 -5.3462 -5.1696
Car -1 -1 -2.3795 0.0000 180.6300 36.9528 323.8002 1.6141 1.7670 4.4386 -10.3936 1.7249 9.2738 -3.2073 -5.4164
Car -1 -1 -4.8440 89.6572 187.8257 117.8175 209.6559 1.6132 1.4199 3.2531 -40.2473 2.8368 57.3027 -5.4543 -5.4619
Car -1 -1 -3.3194 723.3057 172.3647 800.5439 196.1652 1.4680 1.6200 4.5343 9.4730 1.4376 45.3748 -3.1153 -5.4664
Car -1 -1 -6.3307 712.9474 170.3358 763.2001 187.6483 1.4355 1.5498 4.1000 10.7407 1.2264 60.8529 -6.1570 -5.4847
Car -1 -1 -7.8090 418.3080 170.9644 441.1540 193.6131 1.7487 1.6149 3.4226 -14.3752 1.6025 57.5460 -8.0530 -5.4979
Car -1 -1 -5.2057 761.9374 174.1507 827.2449 200.0943 1.3716 1.5494 4.6373 10.3151 1.4491 40.8296 -4.9604 -5.6081
Car -1 -1 -4.2778 269.4426 188.3725 313.2639 209.8676 1.5159 1.6473 3.7721 -24.4973 2.7510 55.5358 -4.6918 -5.6176
Car -1 -1 -6.7165 1106.1588 49.0095 1241.0000 374.0000 1.5551 1.8602 4.7701 5.1915 1.3299 3.3175 -5.7538 -5.6701
Car -1 -1 -4.5272 5.6394 188.9074 48.3973 214.1797 1.6444 1.6977 3.8391 -41.7414 2.8410 51.7008 -5.2040 -5.7136
Car -1 -1 -4.9327 561.6416 174.3084 609.3172 202.9845 1.4607 1.7182 4.1148 -1.4285 1.5439 39.1867 -4.9693 -5.7508
Car -1 -1 -5.0691 568.5605 177.3230 649.7824 215.0973 1.3367 1.7028 4.5662 -0.1806 1.5283 28.5455 -5.0760 -5.8354
Car -1 -1 -4.7718 286.7925 182.3988 310.6742 201.1432 1.5354 1.6888 4.2064 -27.5117 2.4072 63.6625 -5.1785 -5.8412
Car -1 -1 -4.5470 579.2436 172.8651 627.1665 205.7615 1.4341 1.5932 4.0037 -0.2961 1.4343 33.5574 -4.5563 -5.8867
Car -1 -1 -4.4314 0.0000 186.2798 0.0000 218.3075 1.5386 1.6563 4.0153 -41.6088 2.2967 38.6113 -5.2508 -5.8867
Car -1 -1 -4.6828 577.5284 173.9691 606.3768 198.6310 1.3743 1.5802 3.9849 -1.0567 1.4426 42.3848 -4.7080 -5.8867
Car -1 -1 -4.6619 597.1532 173.7056 628.3985 198.9635 1.3664 1.5919 3.8706 0.1622 1.4170 41.1420 -4.6584 -5.8867
Car -1 -1 -4.7332 153.2386 182.9220 175.0691 200.2976 1.5070 1.6493 4.0144 -41.5539 2.4739 67.1844 -5.2855 -5.8867
Car -1 -1 -4.6615 95.8647 185.5543 123.2434 205.5469 1.5248 1.6585 4.0513 -41.5527 2.6174 59.9325 -5.2658 -5.8867
Car -1 -1 -4.6385 439.4767 176.5119 468.1985 198.1476 1.3964 1.6177 4.2212 -10.7050 1.6583 49.5167 -4.8506 -5.9223
Car -1 -1 -6.8117 775.1931 165.1618 845.6068 190.7728 1.7281 1.9069 4.3503 13.8845 1.2088 50.1681 -6.5435 -5.9248
Car -1 -1 -4.4764 0.0000 189.1277 24.3852 215.5502 1.6152 1.7183 4.1154 -41.5126 2.7718 49.0721 -5.1760 -5.9601
Car -1 -1 -4.7820 300.4184 179.3884 332.8734 208.2857 1.8577 1.7818 4.2270 -20.2763 2.3283 49.7102 -5.1677 -6.0466
Car -1 -1 -4.7827 47.1067 190.5660 78.2800 213.4138 1.5658 1.6202 3.6980 -41.2811 2.9472 54.3599 -5.4301 -6.5440
