Car -1 -1 -4.0356 0.0000 192.1415 66.3261 234.9811 1.4516 1.5895 3.7361 -23.3413 2.2505 28.0190 -4.7256 2.6231
Car -1 -1 -3.1084 650.4571 169.7810 697.0262 187.4529 1.5509 1.6353 4.0886 5.6826 1.2809 64.3787 -3.0211 -0.6353
Car -1 -1 -5.1587 1129.0593 178.3620 1231.6263 221.5305 1.4814 1.6053 3.6067 21.3063 1.7034 27.1859 -4.4996 -0.9429
Car -1 -1 -5.9249 517.4088 177.3355 577.9070 197.4940 1.5637 1.6960 4.5415 -5.0320 1.9327 58.0303 -6.0114 -1.6818
Car -1 -1 -8.8177 1018.0172 176.9349 1126.2806 212.0772 1.4510 1.5399 3.8997 20.5810 1.6456 32.3735 -8.2560 -2.1461
Car -1 -1 -3.5755 759.4731 171.7946 819.9738 192.2398 1.4962 1.6184 4.0915 13.4014 1.4184 53.9879 -3.3338 -2.1577
Car -1 -1 -6.6885 705.2126 164.0108 758.6542 182.6056 1.5566 1.7509 4.1550 10.3963 0.8160 61.7429 -6.5226 -2.7550
Car -1 -1 -5.0008 1179.3147 180.0060 1241.0000 222.7672 1.4254 1.5855 3.7093 22.6394 1.7102 26.7432 -4.3042 -2.9705
Car -1 -1 -5.1315 280.6986 182.2657 324.5589 203.0577 1.4288 1.5767 3.7642 -22.6822 2.1457 53.1251 -5.5335 -3.0074
Car -1 -1 -5.1256 1097.3838 149.9509 1170.0912 181.3276 1.5599 1.6598 3.8695 27.3936 0.4210 37.9363 -4.5039 -3.1243
Car -1 -1 -4.2085 227.1029 173.8561 261.7127 189.4078 1.5010 1.6401 3.3649 -36.2438 1.6025 71.5730 -4.6759 -3.2542
Car -1 -1 -2.0902 226.8373 170.5612 272.4644 189.6901 1.7440 1.8270 4.5375 -33.8986 1.5346 67.8028 -2.5524 -3.2607
Car -1 -1 -4.6327 914.8252 166.1454 948.4280 191.7007 1.5599 1.6612 4.0446 20.5995 1.1501 46.2168 -4.2161 -3.3740
Car -1 -1 -8.1107 758.5168 159.9041 790.3422 178.8774 1.6139 1.7461 4.0540 14.3875 0.5121 63.4302 -7.8887 -3.4700
Car -1 -1 -7.9195 827.9791 166.1527 849.9651 183.9029 1.5247 1.6177 3.5299 20.2209 0.9488 63.8847 -7.6145 -3.5901
Car -1 -1 -5.2348 83.7268 184.6422 190.4852 228.7901 1.5080 1.6373 3.8970 -17.8328 1.9772 27.1220 -5.8121 -3.6437
Car -1 -1 -4.5105 0.0000 189.1793 25.3511 238.9795 1.4966 1.6563 4.0692 -22.0364 2.1179 25.2930 -5.2221 -3.7921
Car -1 -1 -6.2469 772.3574 165.1323 823.8311 183.0083 1.4685 1.6405 4.1325 15.7919 0.8338 60.6481 -5.9935 -4.0980
Car -1 -1 -7.7834 546.6786 165.2940 566.9213 183.0000 1.6810 1.7180 3.6184 -5.1782 0.9630 70.3151 -7.8568 -4.2310
Car -1 -1 -4.5721 111.5678 188.6275 147.6139 211.8461 1.5474 1.6479 4.1400 -35.4812 2.7615 53.3290 -5.1571 -4.2915
Car -1 -1 -4.9320 213.6785 186.5294 261.4225 214.0226 1.3862 1.5832 3.7963 -20.8713 2.1870 40.2998 -5.4074 -4.2923
Car -1 -1 -2.1038 309.1064 178.3294 365.9749 203.6547 1.5359 1.6361 3.9693 -17.5995 1.9024 46.4548 -2.4643 -4.4553
Car -1 -1 -3.3571 766.2703 177.0811 843.0628 201.7510 1.5438 1.6672 4.5127 12.4365 1.8209 46.4057 -3.0973 -4.4723
Car -1 -1 -5.1376 858.3929 179.0109 1044.6649 269.8724 1.4387 1.7137 3.6960 6.1141 1.5697 13.5326 -4.7222 -4.5102
Car -1 -1 -5.0033 1220.6833 178.6635 1241.0000 234.4637 1.4898 1.6298 3.7756 20.0176 1.6811 21.7462 -4.2665 -4.5805
Car -1 -1 -2.6952 203.3984 181.0190 298.1132 213.6032 1.5303 1.6179 3.8047 -17.4801 1.9370 35.1365 -3.1541 -4.6351
Car -1 -1 -8.1034 487.8510 166.5356 523.8408 190.8389 1.7627 1.6842 4.2954 -7.9575 1.3042 54.6399 -8.2476 -4.7414
Car -1 -1 -2.3296 260.9752 174.5334 306.3034 193.8313 1.8343 1.6610 4.1074 -31.8623 2.0015 70.4000 -2.7534 -4.8900
Car -1 -1 -7.9440 833.8574 162.9126 859.5225 183.3238 1.6319 1.6576 3.9863 19.5580 0.8368 59.8150 -7.6296 -4.9057
Car -1 -1 -4.8447 823.3086 163.7403 856.7309 186.1781 1.6631 1.8343 4.8272 17.7708 0.9873 56.0163 -4.5392 -5.0042
Car -1 -1 -5.3079 0.0000 190.0858 125.9331 241.5527 1.5029 1.6171 4.0662 -18.0318 2.0960 23.4323 -5.9584 -5.1215
Car -1 -1 -4.6620 129.5522 183.9350 156.2931 202.0823 1.4778 1.7688 4.2260 -41.2834 2.4922 63.8035 -5.2346 -5.2476
Car -1 -1 -4.8715 819.8344 169.6413 853.6747 194.0450 1.5413 1.5541 3.6334 14.8433 1.3381 47.4797 -4.5706 -5.3876
Car -1 -1 -4.7781 106.9874 189.7576 137.3591 209.7122 1.5296 1.8720 4.1589 -41.4808 3.0170 61.2837 -5.3713 -5.6679
Car -1 -1 -7.6482 564.7593 170.4333 589.9276 186.2270 1.5155 1.7363 3.8452 -3.2137 1.2829 71.2717 -7.6933 -5.8848
Car -1 -1 -4.5667 0.0000 186.7566 33.4480 211.8229 1.5887 1.6733 4.0174 -41.5962 2.5984 50.2695 -5.2555 -5.8867
Car -1 -1 -4.5954 38.5128 187.5144 74.4102 210.8354 1.5970 1.6765 4.0331 -41.6240 2.7436 54.2892 -5.2474 -5.8867
Car -1 -1 -4.5399 0.0000 185.7776 5.5081 211.6096 1.5594 1.6609 4.0167 -41.6054 2.4548 47.8579 -5.2529 -5.8867
Car -1 -1 -4.6861 83.2570 187.4796 110.3375 209.0693 1.5952 1.6728 4.0042 -41.4711 2.8203 58.3252 -5.3022 -5.8867
Car -1 -1 -6.3152 839.1024 161.9464 901.8756 186.0931 1.7293 1.6834 4.2841 19.0910 0.9478 53.1313 -5.9722 -6.2863
Car -1 -1 -4.9899 1105.2599 175.3905 1241.0000 264.9337 1.4899 1.5164 3.5214 10.9540 1.5456 14.0299 -4.3377 -6.4586
