Car -1 -1 -4.9807 1027.9435 171.2023 1086.5182 200.8266 1.4948 1.6101 4.1015 23.7992 1.4112 38.6021 -4.4319 0.1766
Car -1 -1 -4.4330 328.9093 178.8894 359.5698 195.8343 1.4679 1.6076 3.9259 -24.2723 2.0361 65.9559 -4.7846 -1.3745
Car -1 -1 -4.6837 76.4983 183.8323 106.9372 206.2003 1.6066 1.7994 4.8163 -40.7608 2.5083 56.7811 -5.3043 -2.1961
Car -1 -1 -7.7381 1117.1095 163.2445 1158.0477 188.3496 1.5385 1.6918 3.8878 33.7872 0.9493 46.2219 -7.1101 -2.6586
Car -1 -1 -4.1036 488.9017 177.0036 531.1906 196.0485 1.5426 1.6158 3.9247 -8.5012 1.9081 61.4818 -4.2408 -2.8594
Car -1 -1 -7.3026 447.4422 175.2464 487.3815 194.4533 1.6245 1.6617 3.8980 -12.5634 1.8424 63.6718 -7.4969 -2.9685
Car -1 -1 -3.5859 952.5569 163.3276 1049.2139 190.7785 1.4603 1.7429 4.3048 21.2172 0.9532 39.3555 -3.0947 -3.0829
Car -1 -1 -4.4835 284.1681 181.7200 311.9594 199.6449 1.6274 1.6422 3.7679 -30.0213 2.5055 69.4856 -4.8902 -3.3734
Car -1 -1 -4.6966 183.1989 176.9364 203.5228 194.9262 1.6216 1.5955 3.6997 -39.2310 2.0171 67.9536 -5.2186 -3.4357
Car -1 -1 -7.9397 1118.6385 161.2320 1175.5342 199.4429 1.6647 1.7428 4.2701 24.9618 1.1581 33.7108 -7.3067 -3.7134
Car -1 -1 -3.4457 810.5455 159.7317 880.0081 180.8656 1.4398 1.7685 4.2445 16.2477 0.5455 50.0578 -3.1336 -3.9532
Car -1 -1 -7.9896 422.1554 172.2558 444.0944 188.9482 1.5861 1.6040 3.6439 -17.3342 1.5289 70.5477 -8.2299 -4.0199
Car -1 -1 -4.8889 159.4932 177.1217 189.8392 196.4285 1.7260 1.7585 4.0041 -40.7728 2.1373 67.5111 -5.4306 -4.0994
Car -1 -1 -7.8105 729.2454 165.6868 755.3691 188.3760 1.5400 1.6658 3.5591 9.3294 1.0533 50.8946 -7.6305 -4.1224
Car -1 -1 -7.9964 884.4772 157.9759 919.0253 183.5392 1.9232 1.8798 4.5059 22.8388 0.8036 56.6942 -7.6154 -4.1295
Car -1 -1 -7.8404 131.8510 178.0813 158.1855 203.5404 1.9397 1.7191 3.8331 -37.3082 2.3741 57.9105 -8.4108 -4.2401
Car -1 -1 -2.9789 679.9196 165.9093 743.5049 188.1102 1.6067 1.6879 4.4722 7.5452 1.1038 53.6891 -2.8403 -4.2464
Car -1 -1 -4.8558 313.8514 177.0192 341.0565 196.6816 1.6850 1.7373 3.9061 -25.4462 2.0714 64.8632 -5.2285 -4.2730
Car -1 -1 -4.8263 1090.2128 158.1804 1136.8479 187.6740 1.6964 1.8149 4.3870 30.4985 0.8521 43.8632 -4.2220 -4.3242
Car -1 -1 -2.2887 159.6809 179.3086 216.3240 204.3588 1.8026 1.6233 3.7071 -31.5960 2.2974 53.9853 -2.8163 -4.4121
Car -1 -1 -4.9651 107.2121 182.4388 143.8435 201.5941 1.5163 1.6891 3.7339 -40.9061 2.3493 60.8622 -5.5550 -4.6843
Car -1 -1 -4.7611 133.7680 179.4587 159.8544 199.6067 1.6142 1.6753 4.0425 -39.4225 2.1949 61.3397 -5.3305 -4.6980
Car -1 -1 -5.6238 475.4979 173.7926 533.2692 197.5612 1.6708 1.6746 3.9695 -7.7335 1.7411 52.5603 -5.7695 -4.7622
Car -1 -1 -4.4621 315.2074 179.4669 346.8148 197.6065 1.4789 1.6827 3.6583 -24.0080 2.0656 62.1368 -4.8296 -4.7748
Car -1 -1 -5.2489 795.5733 160.8307 839.8907 185.2168 2.1440 1.8909 4.4010 18.8659 1.0866 65.8064 -4.9711 -4.7771
Car -1 -1 -7.5937 942.8730 166.1766 993.3171 196.3138 1.6456 1.6167 4.0657 20.5755 1.2807 41.4622 -7.1361 -4.8077
Car -1 -1 -5.3674 660.2449 164.0798 706.3987 184.3201 1.8275 1.9019 4.5756 6.8018 1.0350 67.5939 -5.2678 -4.8355
Car -1 -1 -2.9321 22.1266 184.0437 93.9756 207.4546 1.6517 1.8435 3.9895 -41.4072 2.5181 54.2014 -3.5822 -4.9072
Car -1 -1 -8.1278 554.6231 180.1714 668.4880 251.4598 1.3705 1.6007 3.6482 -0.1378 1.5550 16.2516 -8.1371 -5.0729
Car -1 -1 -7.9483 375.5692 172.1168 403.5835 194.4335 1.6183 1.6750 3.7151 -16.6622 1.5645 54.3586 -8.2446 -5.0834
Car -1 -1 -4.6377 0.0000 180.5533 36.4019 210.8023 1.6974 1.6534 4.0313 -35.9792 2.1860 43.6943 -5.3237 -5.1715
Car -1 -1 -4.6033 0.0000 191.1087 39.6822 216.1030 1.5474 1.7417 4.4147 -41.2336 2.8809 50.3943 -5.2866 -5.3126
Car -1 -1 -4.6888 77.5076 185.1283 109.1918 208.5249 1.6020 1.8213 4.0332 -38.5575 2.5553 53.8741 -5.3078 -5.3812
Car -1 -1 -4.8233 537.9957 176.8983 606.6624 226.8967 1.4450 1.7392 4.3061 -1.3682 1.5891 23.4895 -4.8816 -5.5151
Car -1 -1 -4.7383 532.2310 176.6741 580.6469 216.2251 1.3648 1.7019 4.3407 -2.1554 1.5224 27.5797 -4.8161 -5.5323
Car -1 -1 -4.6603 551.7745 178.4355 621.6710 236.0310 1.3750 1.6899 4.2670 -0.5862 1.5445 19.7944 -4.6903 -5.7010
Car -1 -1 -7.0201 905.7390 156.9378 967.8316 182.7103 1.7613 1.6187 3.9016 22.9165 0.6733 50.6840 -6.5978 -5.7209
Car -1 -1 -5.4618 839.2758 150.2101 896.7727 181.7934 2.4051 1.8018 4.3637 20.4003 0.6805 57.3064 -5.1216 -5.7327
Car -1 -1 -4.7957 268.5809 181.3649 298.5047 203.9259 1.5508 1.6758 4.2815 -24.3077 2.2095 53.5929 -5.2199 -5.8002
Car -1 -1 -4.3965 584.5242 175.5531 662.0333 216.3706 1.3437 1.6257 4.0970 0.5264 1.4498 26.2457 -4.3773 -5.8746
Car -1 -1 -4.4669 0.0000 182.8750 0.0000 211.3845 1.4927 1.6456 4.0124 -41.6124 2.0975 41.4292 -5.2514 -5.8867
Car -1 -1 -4.6244 599.4431 173.3548 646.5673 209.3883 1.3708 1.5982 3.8359 0.5470 1.3924 29.4961 -4.6066 -5.8867
Car -1 -1 -4.4313 0.0000 186.0188 0.0000 217.8832 1.5320 1.6540 4.0138 -41.6092 2.2754 38.6119 -5.2507 -5.8867
Car -1 -1 -4.5025 0.0000 181.7925 0.0000 208.5240 1.4908 1.6472 4.0116 -41.5316 2.0598 43.8144 -5.2582 -5.8867
Car -1 -1 -4.5805 580.0240 175.4282 645.2117 221.5837 1.3292 1.5846 3.8751 0.1173 1.4183 23.0329 -4.5761 -5.9168
Car -1 -1 -4.6906 272.6307 179.6796 300.5131 207.4937 1.7416 1.6145 3.8261 -21.6321 2.2176 48.2757 -5.1101 -6.0385
Car -1 -1 -4.8830 324.0636 178.4747 361.4862 202.2018 1.5130 1.6613 4.5353 -18.4102 1.9169 49.5151 -5.2375 -6.0920
Car -1 -1 -4.4991 0.0000 187.3430 14.9202 213.3056 1.5642 1.7433 4.2973 -41.5568 2.5811 48.3501 -5.2065 -6.1037
Car -1 -1 -4.7645 1049.6558 156.1528 1090.2933 192.2539 1.6832 1.4944 3.2680 22.4969 0.9042 35.4324 -4.2027 -6.5839
Car -1 -1 -8.0853 391.4501 168.8855 421.5292 190.3722 1.7185 1.6669 3.3460 -16.8515 1.4008 59.5767 -8.3600 -7.3929
