Car -1 -1 -4.1837 114.3838 188.3979 188.6968 220.4713 1.4790 1.5162 3.7702 -23.4710 2.3176 37.0319 -4.7456 3.9092
Car -1 -1 -4.0677 25.5124 193.0165 130.9269 230.1534 1.4254 1.6400 4.0519 -23.4400 2.3747 31.9458 -4.6970 3.1695
Car -1 -1 -4.0606 0.0000 190.5927 48.3627 238.2923 1.6146 1.5881 3.3697 -23.4431 2.3310 27.4284 -4.7631 2.8070
Car -1 -1 -5.0341 682.9684 167.8481 711.9200 183.5032 1.5023 1.6727 3.9474 8.5918 1.0216 71.3402 -4.9149 -1.1201
Car -1 -1 -5.3123 641.0898 174.1816 683.5541 194.1173 1.6057 1.5715 3.9836 4.3240 1.7206 60.5136 -5.2417 -2.2156
Car -1 -1 -7.5782 412.9753 172.3691 443.2077 189.9613 1.4912 1.6597 3.5251 -15.8568 1.4498 62.9461 -7.8243 -2.7098
Car -1 -1 -5.0637 884.6237 167.7934 932.7192 195.9637 1.8242 1.7527 3.8908 20.0610 1.4962 48.7012 -4.6754 -2.7469
Car -1 -1 -8.2867 864.3529 158.2797 918.0775 194.0527 2.4725 1.9224 4.4273 20.2114 1.4649 52.1409 -7.9192 -2.8212
Car -1 -1 -4.5696 468.2954 175.1318 500.8247 198.3741 1.4726 1.6394 3.5315 -8.3121 1.6290 47.8541 -4.7410 -2.9068
Car -1 -1 -2.7011 291.8746 180.1633 370.0600 204.8932 1.4952 1.6741 4.2629 -17.4786 1.9629 45.2027 -3.0684 -3.0181
Car -1 -1 -7.5968 34.9310 168.5489 93.8801 199.5220 1.7944 1.7564 4.6160 -33.4100 1.5447 44.2709 -8.2406 -3.2276
Car -1 -1 -6.3006 545.1467 177.9122 648.1185 216.6357 1.4186 1.5821 3.8153 -0.5663 1.6173 27.5231 -6.3216 -3.2903
Car -1 -1 -6.2526 722.4939 171.9940 784.8887 194.3245 1.6537 1.7112 4.5764 10.8829 1.5897 54.7795 -6.0578 -3.5262
Car -1 -1 -6.0770 772.2660 171.1742 835.0436 193.4270 1.6048 1.7054 4.2597 14.3890 1.4833 53.7530 -5.8171 -3.5888
Car -1 -1 -4.5700 172.2342 187.4660 222.5112 219.8629 1.4836 1.6932 3.9342 -21.1892 2.2782 37.1136 -5.0860 -3.8541
Car -1 -1 -4.7518 685.0566 171.5145 707.5529 191.3770 1.5156 1.6049 3.8735 6.7654 1.4131 57.0494 -4.6347 -4.0290
Car -1 -1 -4.9062 297.6299 182.9051 341.7524 211.9250 1.5450 1.6195 4.1481 -17.0166 2.1615 42.1040 -5.2885 -4.3188
Car -1 -1 -4.9588 698.4349 172.3803 723.0516 187.2029 1.4287 1.5564 3.6825 9.9290 1.3827 71.4592 -4.8216 -4.4240
Car -1 -1 -4.0437 29.4625 190.6150 141.2701 234.1194 1.5275 1.6205 3.7565 -20.8508 2.2835 28.8111 -4.6660 -4.4744
Car -1 -1 -4.0540 42.2979 184.7335 173.5298 232.8259 1.4462 1.6410 3.8697 -17.0319 1.8844 24.6546 -4.6536 -4.4845
Car -1 -1 -4.7350 250.4376 186.1176 282.1893 214.7157 1.5234 1.5993 3.6585 -20.2027 2.3369 42.2785 -5.1786 -4.5122
Car -1 -1 -6.0022 441.4781 174.4171 499.8227 196.5886 1.6831 1.6657 4.1419 -10.8044 1.8061 55.9335 -6.1924 -4.5209
Car -1 -1 -7.7845 15.3459 171.0834 53.4631 195.7766 1.5289 1.6735 3.5685 -37.1714 1.4189 46.6184 -8.4550 -4.5755
Car -1 -1 -4.4833 211.1287 187.0887 259.2953 214.6904 1.4297 1.6302 3.8088 -21.5402 2.2891 41.5296 -4.9594 -4.5864
Car -1 -1 -4.5748 717.0252 172.6259 738.0294 187.6862 1.4428 1.5386 3.8361 11.5995 1.4207 71.1842 -4.4142 -4.7141
Car -1 -1 -4.4089 553.5756 175.5627 581.7600 193.3226 1.5672 1.5756 3.6141 -3.8755 1.8227 66.2068 -4.4675 -4.7284
Car -1 -1 -4.8338 1075.8463 184.5719 1137.8773 226.9937 1.4971 1.5616 3.6189 19.5079 1.9919 28.5168 -4.2393 -4.7404
Car -1 -1 -4.8394 306.1023 183.3465 332.9672 202.6977 1.5126 1.6222 3.8600 -24.4991 2.4257 60.7356 -5.2216 -4.9158
Car -1 -1 -2.6253 0.0000 195.1905 68.9810 232.2353 1.4724 1.5596 3.9381 -26.0222 2.4703 31.1323 -3.3175 -5.0917
Car -1 -1 -5.2968 556.4913 173.9690 597.8007 192.7488 1.5920 1.7054 4.0015 -2.9483 1.6932 63.5375 -5.3434 -5.2758
Car -1 -1 -4.5459 176.1558 187.2922 237.0216 223.3350 1.4959 1.7859 4.5289 -19.1308 2.2311 34.3270 -5.0513 -5.4268
Car -1 -1 -7.0938 696.6437 163.2528 769.3983 197.3829 1.6224 1.6199 3.4940 6.1173 1.1657 35.9958 -6.9271 -5.4615
Car -1 -1 -4.5897 214.3704 186.4059 260.9636 220.2994 1.6246 1.7162 4.0851 -19.8692 2.3902 38.5678 -5.0629 -5.4899
Car -1 -1 -4.5506 577.8594 172.0942 618.7789 198.1640 1.3652 1.6151 4.1886 -0.6295 1.3251 39.9753 -4.5667 -5.5384
Car -1 -1 -4.5825 223.1630 186.4904 261.5996 213.0652 1.5064 1.6395 3.9785 -23.0335 2.4019 45.2532 -5.0512 -5.6113
Car -1 -1 -2.4167 0.0000 195.5754 75.1667 374.0000 1.6023 1.8765 4.8706 -8.8809 1.8791 7.5696 -3.2640 -5.6373
Car -1 -1 -4.3196 90.8298 187.7986 181.1020 226.7853 1.3721 1.6116 4.0310 -19.0642 2.0197 29.1531 -4.8948 -5.6613
Car -1 -1 -4.5201 281.5893 181.6209 318.6414 203.3418 1.4115 1.6231 4.2057 -21.8387 2.0568 50.9102 -4.9237 -5.6809
Car -1 -1 -4.4982 264.8141 180.9892 309.5236 208.2442 1.5507 1.6690 4.1559 -19.9097 2.0779 44.5734 -4.9164 -5.7054
Car -1 -1 -4.0799 125.0451 185.2857 204.2453 217.3349 1.7509 1.7567 4.4630 -26.7652 2.5396 43.4969 -4.6290 -5.7255
Car -1 -1 -2.3748 0.0000 180.1159 45.8008 301.3615 1.4963 1.6865 4.4346 -10.7536 1.6057 9.9563 -3.1853 -5.7374
Car -1 -1 -4.5765 0.0000 174.7597 24.7578 197.5973 1.4856 1.6637 4.0559 -41.5258 1.6217 49.4579 -5.2724 -5.8867
Car -1 -1 -3.5047 0.0000 189.3933 0.0000 374.0000 1.4930 1.6033 3.9538 -7.0821 1.5963 2.5307 -4.6975 -5.8867
Car -1 -1 -2.6144 0.0000 162.6122 23.8030 195.0568 1.5254 1.8294 4.9004 -32.0809 1.0436 35.3202 -3.3481 -5.9937
Car -1 -1 -4.6341 331.0698 181.5952 355.9465 200.8486 1.5017 1.6388 4.0674 -22.3090 2.2600 60.4358 -4.9866 -6.0470
Car -1 -1 -5.4616 1053.5082 207.5094 1241.0000 296.6543 1.3834 1.5367 3.3103 10.6402 2.1524 14.2816 -4.8321 -6.0508
Car -1 -1 -8.2320 989.4542 87.8413 1241.0000 374.0000 1.4970 1.7080 4.0756 2.7638 1.4150 2.8988 -7.5200 -6.1352
Car -1 -1 -6.6265 0.0000 177.8606 144.2886 374.0000 1.5235 1.6331 3.7002 -4.5386 1.5603 3.3303 -7.5258 -6.2713
Car -1 -1 -7.2672 1117.3234 176.1866 1241.0000 329.3763 1.3772 1.5119 3.9092 7.6495 1.4179 7.7048 -6.5048 -6.3708
