Car -1 -1 -7.1832 0.0000 197.6183 325.3239 369.0000 1.4786 1.6743 3.8134 -3.1657 1.6169 3.7761 -7.8390 5.4957
Car -1 -1 -4.6280 449.6914 168.8985 481.3601 194.4222 1.5327 1.6200 3.9288 -8.7387 0.8361 44.4964 -4.8188 4.4874
Car -1 -1 -7.2129 1173.4965 148.2942 1223.0000 184.4283 1.4404 1.6561 4.4248 26.2741 0.1568 29.4456 -6.4881 1.2167
Car -1 -1 -7.4882 1214.1599 151.3913 1223.0000 205.8370 1.4542 1.5853 3.6823 19.4651 0.6771 20.3985 -6.7324 -2.6468
Car -1 -1 -4.8863 410.6129 174.4306 445.6161 196.8017 1.4291 1.6627 3.6612 -11.8395 1.0415 47.1788 -5.1288 -2.9504
Car -1 -1 -4.4998 50.5006 184.9703 111.3609 218.6481 1.4490 1.5365 3.5648 -24.3071 1.6693 32.8770 -5.1302 -2.9732
Car -1 -1 -7.0939 1209.9637 136.4593 1223.0000 228.3322 1.5220 1.6516 4.0960 13.4372 0.7928 12.5425 -6.2850 -3.6813
Car -1 -1 -8.2487 760.2776 154.5675 801.0310 178.3906 1.8785 1.8038 4.1400 14.4454 -0.1806 58.3234 -8.0054 -3.7832
Car -1 -1 -4.6420 356.8268 174.9855 391.5237 201.2118 1.4456 1.6048 4.4170 -13.4399 1.1418 41.3100 -4.9526 -3.8712
Car -1 -1 -5.0828 419.7965 175.6598 451.9311 191.3697 1.5278 1.7595 4.1506 -16.9774 1.0570 70.9714 -5.3149 -3.9282
Car -1 -1 -4.6320 64.6535 168.0262 102.6915 192.4627 1.7852 1.9638 4.5671 -39.8280 0.8739 54.1139 -5.2619 -4.1149
Car -1 -1 -4.1862 533.2682 171.3500 572.0031 189.9294 1.5491 1.5907 3.8947 -4.4685 0.7861 61.0502 -4.2572 -4.1289
Car -1 -1 -8.2745 515.5937 161.6379 567.4272 189.7645 1.7010 1.6784 4.3041 -4.1051 0.5604 45.0476 -8.3629 -4.2937
Car -1 -1 -4.7296 375.6674 174.7294 400.9540 197.5049 1.5623 1.6680 3.7819 -15.5189 1.1665 50.5568 -5.0239 -4.3803
Car -1 -1 -6.1186 456.0262 168.1402 582.7308 218.1352 1.6110 1.7782 3.9878 -2.8414 1.2130 23.7692 -6.2342 -4.4078
Car -1 -1 -4.1313 440.7804 175.4283 477.7283 190.6649 1.4835 1.6408 4.1180 -14.5775 0.9895 71.0567 -4.3311 -4.4896
Car -1 -1 -4.8898 77.5370 181.7465 141.6042 217.9498 1.5001 1.6479 4.1468 -22.1276 1.5594 31.4880 -5.4960 -4.5123
Car -1 -1 -7.5584 692.0559 163.6077 726.4931 184.4592 1.6423 1.6938 4.0009 8.5786 0.3118 57.8594 -7.4102 -4.5226
Car -1 -1 -3.9725 267.0270 180.0325 352.7278 216.3114 1.4682 1.4674 3.4384 -12.6654 1.4495 30.4810 -4.3609 -4.6175
Car -1 -1 -4.6726 394.9870 175.0101 419.7490 197.5107 1.5151 1.5248 3.4042 -13.7882 1.1455 49.4417 -4.9412 -4.6501
Car -1 -1 -4.6653 0.0000 190.2782 25.9274 222.4028 1.4431 1.6562 4.2862 -30.0962 1.9620 35.3087 -5.3652 -4.7001
Car -1 -1 -4.4207 486.8116 167.1413 543.1392 200.6483 1.5325 1.5840 4.1735 -4.3395 0.9217 34.5276 -4.5427 -4.8105
Car -1 -1 -4.7551 526.2135 171.5387 546.0032 189.4644 1.5049 1.5540 3.6986 -5.9816 0.7525 61.2958 -4.8502 -4.8648
Car -1 -1 -4.7604 348.7851 171.7819 370.8038 189.1955 1.6995 1.9081 4.1905 -24.7248 0.8485 71.3028 -5.0910 -4.8810
Car -1 -1 -4.3892 291.4516 178.0522 354.0877 208.6514 1.4762 1.6694 4.3706 -14.4224 1.3583 36.3342 -4.7624 -4.9666
Car -1 -1 -4.3217 14.1453 187.2821 85.7502 216.8172 1.4169 1.6177 3.7404 -28.8531 1.7900 36.8631 -4.9801 -4.9717
Car -1 -1 -7.2754 1.1434 185.6006 72.1305 212.7831 1.4056 1.4818 3.2800 -31.1976 1.6985 38.8987 -7.9457 -4.9765
Car -1 -1 -4.5724 367.6751 170.1564 390.2133 188.3713 1.7885 1.7172 3.2513 -22.6982 0.7727 71.1685 -4.8781 -5.0655
Car -1 -1 -4.6461 592.8621 161.7429 610.7896 177.1541 1.4524 1.5201 3.5389 -0.2638 -0.3364 69.2399 -4.6480 -5.1716
Car -1 -1 -4.4971 372.2200 173.9275 398.2971 188.5512 1.3784 1.6149 3.8945 -21.2746 0.7588 68.6520 -4.7946 -5.2834
Car -1 -1 -2.5720 0.0000 193.1179 0.0000 257.4341 1.4697 1.6162 3.9674 -18.2039 1.8102 17.8463 -3.3568 -5.4720
Car -1 -1 -7.7231 0.0000 186.0176 205.2126 369.0000 1.3934 1.6070 4.0527 -5.4103 1.4703 7.6384 -8.3181 -5.6329
Car -1 -1 -4.0074 0.0000 181.5530 100.0947 215.6997 1.5111 1.6466 4.3500 -26.4802 1.5646 33.6332 -4.6681 -5.7844
Car -1 -1 -7.5718 166.2574 0.0000 1223.0000 369.0000 1.4470 1.5514 3.7144 -0.5224 1.4741 1.0287 -7.9370 -5.8623
Car -1 -1 -4.6763 96.7393 173.7403 121.5742 192.6684 1.5123 1.5279 3.9623 -41.0266 0.9722 58.5703 -5.2831 -5.8771
Car -1 -1 -4.4389 0.0000 182.6114 0.0000 212.1335 1.5388 1.6605 4.0248 -41.6997 1.6628 39.3158 -5.2481 -5.8867
Car -1 -1 -3.8346 0.0000 161.8871 82.5441 369.0000 1.4746 1.6072 3.8724 -5.9709 1.3969 4.9275 -4.6820 -5.8867
Car -1 -1 -4.4788 0.0000 181.6987 0.0000 208.1304 1.5025 1.6486 4.0143 -41.7057 1.5784 42.5333 -5.2490 -5.8867
Car -1 -1 -7.4929 0.0000 186.0811 38.8936 216.1439 1.5122 1.6504 3.8592 -32.6042 1.8323 38.4363 -8.1908 -5.9338
Car -1 -1 -3.8238 1160.5498 76.8555 1223.0000 369.0000 1.5167 1.7256 4.3833 5.6338 1.2304 3.4323 -2.8393 -5.9348
Car -1 -1 -4.3977 49.7200 181.7071 116.3851 212.9866 1.5336 1.6373 3.9685 -27.2071 1.6005 36.9699 -5.0263 -6.0205
Car -1 -1 -3.9628 78.9521 171.5710 134.7316 193.2152 1.6013 1.5284 3.4757 -38.0750 0.9407 54.1391 -4.5712 -6.2878
Car -1 -1 -8.0729 576.0090 161.8693 600.4919 178.5670 1.5752 1.5869 3.9205 -1.6456 -0.1953 69.2814 -8.0947 -6.7431
Car -1 -1 -6.2903 115.3595 165.9822 166.9551 185.1668 1.5366 1.6310 3.5165 -38.1894 0.3737 58.2791 -6.8660 -7.0635
