Car -1 -1 -7.1384 0.0000 200.9314 304.1069 369.0000 1.4925 1.7217 3.7962 -3.1813 1.6459 3.3879 -7.8454 5.1859
Car -1 -1 -4.6218 446.2903 169.9111 480.7796 194.7441 1.4699 1.7214 4.2065 -8.7643 0.8432 44.0325 -4.8151 4.0040
Car -1 -1 -3.8664 1108.8008 147.8611 1223.0000 187.3799 1.5482 1.6315 4.0002 22.9121 0.2698 28.6210 -3.1951 3.1588
Car -1 -1 -4.9524 508.7734 169.0901 534.6049 184.6964 1.5251 1.6921 3.9773 -8.3965 0.4099 71.2528 -5.0674 -2.6328
Car -1 -1 -7.7590 58.1295 170.5965 90.8365 192.1631 1.5600 1.6158 3.6133 -39.7978 0.8436 53.1070 -8.3975 -2.7955
Car -1 -1 -8.5121 976.0334 158.1660 1124.4445 217.3241 1.4517 1.5671 3.4949 11.8603 0.9039 19.1728 -7.9638 -2.9928
Car -1 -1 -5.9371 503.6339 170.0171 548.7815 186.7441 1.4610 1.6943 3.6397 -6.9919 0.5453 63.0090 -6.0453 -3.1052
Car -1 -1 -6.2104 575.7094 170.4120 624.3385 188.6542 1.5710 1.6749 4.1426 -0.3959 0.7021 61.8654 -6.2151 -3.3647
Car -1 -1 -5.2297 1136.7703 151.2556 1223.0000 188.1655 1.5749 1.6349 4.0625 26.3594 0.3273 32.3055 -4.5484 -3.4647
Car -1 -1 -1.9825 59.2341 163.2843 114.1027 187.0993 1.6204 1.7083 3.9163 -36.5449 0.4491 49.8370 -2.6102 -3.6537
Car -1 -1 -4.4262 333.6582 176.9682 389.3547 205.1888 1.5804 1.7845 4.9823 -14.4160 1.3827 42.1206 -4.7520 -3.8111
Car -1 -1 -5.2879 511.6071 170.0129 556.3702 191.1948 1.4986 1.5754 3.5835 -5.2402 0.7567 51.9165 -5.3861 -3.8283
Car -1 -1 -6.7844 0.0000 202.8460 84.1804 369.0000 1.3170 1.4427 3.2554 -7.7795 1.6123 7.5635 -7.5613 -3.9749
Car -1 -1 -4.2330 511.6529 166.2279 571.3344 192.3182 1.5055 1.6879 4.6188 -3.8174 0.6821 43.2558 -4.3186 -3.9774
Car -1 -1 -4.9740 419.3285 173.1295 456.1617 196.4150 1.5561 1.6195 3.6192 -11.6776 1.0636 49.2286 -5.2037 -4.0168
Car -1 -1 -7.8637 527.1674 167.4674 545.0210 184.0678 1.6269 1.7441 4.0796 -6.9482 0.3495 71.4146 -7.9585 -4.1207
Car -1 -1 -6.3407 332.5220 178.4238 402.7979 206.1629 1.4960 1.6177 3.6454 -13.2956 1.3842 39.5569 -6.6608 -4.2076
Car -1 -1 -2.5836 462.0072 168.1278 520.4299 190.0318 1.5843 1.6742 4.0251 -8.4772 0.6895 52.6977 -2.7403 -4.2309
Car -1 -1 -7.3806 0.0000 187.3772 68.4116 224.3683 1.4590 1.6414 4.1916 -25.5486 1.7817 30.9341 -8.0643 -4.2521
Car -1 -1 -4.9434 374.6893 174.2480 416.4171 200.7905 1.5587 1.6202 3.9204 -12.9697 1.1917 43.6259 -5.2287 -4.2841
Car -1 -1 -2.4574 0.0000 170.0327 69.6050 193.8442 1.6889 1.8748 3.6956 -41.2489 0.9465 51.1063 -3.1316 -4.4112
Car -1 -1 -4.7176 59.5551 187.8713 106.3524 223.6755 1.5398 1.6936 4.0522 -24.6789 1.9106 33.4184 -5.3475 -4.4406
Car -1 -1 -4.3944 0.0000 185.4642 48.5711 219.6686 1.6210 1.8930 4.2786 -30.6940 1.8940 36.5237 -5.0874 -4.5677
Car -1 -1 -3.8160 504.1650 168.8636 553.6725 189.7204 1.6040 1.6629 3.6838 -6.0210 0.7091 56.2611 -3.9202 -4.6808
Car -1 -1 -7.2322 0.0000 180.5308 166.4483 363.2105 1.4455 1.5070 3.7962 -6.5549 1.4464 7.5422 -7.9250 -4.7089
Car -1 -1 -4.5125 301.4787 181.9622 349.1191 208.9528 1.3736 1.6329 3.9467 -15.0929 1.4573 38.2925 -4.8835 -4.8400
Car -1 -1 -7.8192 881.8777 162.9925 939.7593 218.0526 1.4393 1.4113 3.4529 8.8059 0.9820 20.3456 -7.4147 -4.8475
Car -1 -1 -6.3945 479.5072 164.8011 523.5225 183.1373 1.5701 1.6188 3.6508 -9.0375 0.2258 61.7848 -6.5372 -4.8770
Car -1 -1 -4.7056 347.9641 175.6071 376.0107 200.5948 1.5407 1.6459 4.5131 -15.7853 1.2391 45.9974 -5.0323 -5.2842
Car -1 -1 -2.9557 462.7616 170.9355 522.0470 197.2233 1.5084 1.5832 3.1902 -6.5748 0.9597 41.4132 -3.1102 -5.3520
Car -1 -1 -7.8990 525.7582 169.0731 579.3231 222.1161 1.5570 1.5322 4.1710 -1.8101 1.2218 22.9165 -7.9750 -5.3613
Car -1 -1 -4.6257 2.9701 187.5852 53.3038 221.7579 1.5515 1.5958 3.6098 -28.3825 1.9203 34.8488 -5.3032 -5.4379
Car -1 -1 -7.8082 594.1862 164.6317 614.4498 181.7033 1.6174 1.7823 4.2951 -0.0114 0.1139 69.1726 -7.8066 -5.4891
Car -1 -1 -4.2462 23.9642 183.6524 100.9155 214.1368 1.5148 1.6148 3.9916 -28.8125 1.6923 37.6766 -4.8934 -5.5802
Car -1 -1 -7.8598 36.1069 181.2672 278.9822 368.5072 1.4280 1.6993 4.1980 -4.7682 1.4391 7.6466 -8.3970 -5.8171
Car -1 -1 -7.8113 0.0000 0.0000 1171.4139 369.0000 1.4981 1.5683 3.7524 -0.1204 1.5008 0.9736 -7.9005 -5.8953
Car -1 -1 -7.1761 1194.9316 138.4401 1223.0000 369.0000 1.3589 1.5771 4.2773 5.4215 1.2362 3.1014 -6.1670 -6.1523
