Car -1 -1 -7.8043 555.4638 166.6651 575.5344 183.6873 1.4783 1.6077 3.6465 -3.4891 0.2767 63.2298 -7.8573 1.4188
Car -1 -1 -5.0347 427.3252 169.1046 458.8890 188.8353 1.7834 1.6940 4.0213 -15.1350 0.7533 66.0676 -5.2571 -1.7158
Car -1 -1 -7.9033 525.5258 167.1079 547.6700 185.5129 1.4284 1.6035 3.4154 -5.4990 0.3890 56.6785 -7.9976 -1.9337
Car -1 -1 -7.3454 255.9575 172.0672 294.0306 190.4892 1.8032 1.7500 3.9882 -33.1822 0.9776 71.2645 -7.7777 -2.0727
Car -1 -1 -4.0469 826.0476 168.0181 902.1875 200.9959 1.5195 1.6048 3.5612 12.5271 0.9446 34.2001 -3.6971 -2.0890
Car -1 -1 -7.2125 2.3895 144.6896 98.3564 185.9875 1.9187 1.7113 3.8985 -27.1934 0.2551 34.8116 -7.8692 -2.1208
Car -1 -1 -8.2326 820.7471 155.7776 855.5923 173.9345 1.4943 1.6298 3.6689 20.2300 -0.5880 61.4316 -7.9141 -2.3489
Car -1 -1 -4.6852 537.9443 166.3443 556.3242 184.1546 1.6898 1.6813 3.7022 -5.5955 0.3466 68.9748 -4.7640 -2.9116
Car -1 -1 -5.0363 537.5277 168.2215 566.2613 184.8392 1.4729 1.5424 3.6449 -4.8644 0.3845 64.6474 -5.1092 -2.9714
Car -1 -1 -5.0696 612.6131 166.7435 639.6856 182.1038 1.5113 1.6201 3.4854 2.1395 0.1576 71.4768 -5.0380 -3.0247
Car -1 -1 -4.6145 717.2319 163.6212 768.2774 207.4863 1.5635 1.5805 3.6240 5.3175 0.9622 27.1645 -4.4216 -3.0379
Car -1 -1 -3.4114 828.4071 163.0224 907.0145 192.5246 1.5500 1.6607 3.6592 14.0970 0.6319 38.1277 -3.0583 -3.2846
Car -1 -1 -4.5420 438.4543 172.4765 470.3624 194.4551 1.6226 1.7426 3.9292 -11.4919 1.0303 54.1941 -4.7481 -3.6810
Car -1 -1 -3.0609 821.8743 163.7973 890.6635 189.4953 1.6072 1.6650 4.0798 16.2728 0.5627 45.8151 -2.7201 -3.7991
Car -1 -1 -4.7253 230.3458 168.9907 250.5767 189.4891 1.8780 1.6582 4.1812 -34.5473 0.8234 67.0144 -5.1976 -3.8702
Car -1 -1 -4.4528 438.8333 172.1865 462.0737 187.3227 1.4954 1.5145 3.2214 -15.5742 0.6739 71.4990 -4.6646 -4.0866
Car -1 -1 -5.0190 425.5348 175.9261 468.7348 200.1414 1.5521 1.6630 4.1509 -10.6579 1.2590 47.5325 -5.2365 -4.5311
Car -1 -1 -4.9646 651.3189 163.4838 683.5253 184.3209 1.5833 1.6252 3.8204 4.8891 0.2903 55.7428 -4.8758 -4.5482
Car -1 -1 -4.3033 446.0780 173.3376 477.4744 190.0422 1.6311 1.7846 3.6403 -14.3202 0.9316 71.0047 -4.4998 -4.5531
Car -1 -1 -7.7937 581.1132 167.1869 609.7072 190.8955 1.7099 1.8917 4.2418 -0.6747 0.7497 53.1570 -7.8046 -4.5971
Car -1 -1 -4.4607 390.1192 169.3153 413.5793 184.3443 1.4830 1.5172 3.2184 -20.4586 0.3792 71.3961 -4.7368 -4.7045
Car -1 -1 -4.1536 406.5206 178.2478 462.6710 203.1218 1.4855 1.6333 3.8263 -10.6222 1.3511 44.2999 -4.3856 -4.7045
Car -1 -1 -2.1351 406.8964 171.7202 450.3178 194.1768 1.6046 1.5576 3.3681 -13.0501 0.9773 52.2482 -2.3767 -4.7659
Car -1 -1 -4.9120 276.9767 179.7049 316.5629 203.9792 1.4518 1.5551 3.8280 -19.3525 1.4044 44.3038 -5.3196 -4.7901
Car -1 -1 -4.4957 400.8044 169.3275 426.4485 187.1690 1.7424 1.7130 3.7387 -19.1430 0.6511 70.9549 -4.7563 -4.8595
Car -1 -1 -7.8243 733.7527 166.2257 789.1949 215.1271 1.4691 1.6417 3.5766 5.1370 1.0405 23.1751 -7.6073 -5.0127
Car -1 -1 -8.1441 666.5425 164.6011 729.2365 208.6672 1.5623 1.4740 3.2531 3.4241 0.9989 26.7921 -8.0167 -5.0509
Car -1 -1 -4.5871 302.1140 178.6352 346.0175 205.2560 1.4409 1.8053 4.2584 -16.0546 1.3400 40.5543 -4.9597 -5.2117
Car -1 -1 -4.9589 606.1821 168.3839 633.6063 187.0605 1.6364 1.6508 3.5929 1.3336 0.5747 63.8846 -4.9364 -5.2766
Car -1 -1 -7.6637 304.0897 178.9691 342.5948 201.5640 1.3868 1.5932 3.8101 -18.0415 1.2929 45.4135 -8.0377 -5.3404
Car -1 -1 -4.6154 290.2597 178.1344 318.8110 197.3427 1.4916 1.6818 4.5729 -24.3065 1.3078 57.3364 -5.0127 -5.5548
Car -1 -1 -7.7176 752.2623 160.7265 806.8571 198.8522 1.4490 1.6277 4.2192 7.2297 0.6977 29.1333 -7.4751 -5.5566
Car -1 -1 -4.7015 567.6309 166.0045 583.5091 179.6320 1.3391 1.5608 3.3695 -2.9249 -0.0899 71.4042 -4.7404 -5.5802
Car -1 -1 -4.2864 337.6123 178.0068 388.6168 201.8292 1.4012 1.5105 3.8440 -14.8495 1.2546 43.5760 -4.6109 -5.7785
Car -1 -1 -4.7072 475.0307 172.3519 500.3302 194.7443 1.4525 1.6238 4.1770 -7.9583 0.9240 48.0529 -4.8685 -5.7961
Car -1 -1 -6.9166 0.0000 0.0000 1223.0000 369.0000 1.5503 1.5900 3.8052 -2.1192 1.6559 0.9663 -7.9390 -5.8867
Car -1 -1 -3.5479 0.0000 198.2356 0.0000 369.0000 1.5055 1.6058 3.9583 -6.2983 1.6182 2.4857 -4.6974 -5.8867
Car -1 -1 -7.7864 330.1838 166.7720 353.2852 186.7841 1.9315 1.8515 4.5100 -26.2462 0.6064 70.6682 -8.1388 -6.0620
Car -1 -1 -4.8171 309.5205 172.7397 332.1480 188.9933 1.5131 1.6188 3.9986 -27.3149 0.7905 67.9670 -5.1958 -6.0918
Car -1 -1 -5.4894 672.7026 164.8131 717.8129 183.0250 1.5521 1.6399 3.9564 7.9382 0.2151 62.3278 -5.3615 -6.4095
Car -1 -1 -5.7847 216.3528 183.1800 300.8133 205.2735 1.4400 1.5425 4.9309 -23.0837 1.6223 47.1872 -6.2354 -6.4671
Car -1 -1 -4.6355 558.0543 164.3092 587.8505 190.4782 1.8902 1.8882 4.6804 -2.3690 0.7207 53.4410 -4.6778 -6.5174
Car -1 -1 -7.7767 709.3521 164.8660 727.9420 181.5004 1.6288 1.5819 3.4512 11.4748 0.0978 71.0957 -7.6156 -6.5666
Car -1 -1 -4.3718 225.9398 185.1499 259.2660 202.4217 1.3854 1.3898 3.5292 -30.4609 1.7889 59.5395 -4.8409 -6.5848
