Car -1 -1 -7.6154 373.8828 178.3775 499.8349 259.8426 1.4374 1.6055 3.7563 -3.2971 1.4003 14.3686 -7.8344 7.5949
Car -1 -1 -7.0428 1103.3931 143.3930 1223.0000 181.4604 1.5846 1.7582 4.5198 24.2858 0.0402 30.5110 -6.3738 2.5987
Car -1 -1 -4.6710 476.1243 169.4908 500.3266 190.3266 1.5550 1.6802 3.9977 -9.0171 0.7334 54.8524 -4.8312 1.5259
Car -1 -1 -6.8420 1004.5063 154.0561 1117.8004 189.2034 1.4547 1.6677 3.7408 19.3345 0.3604 30.1142 -6.2743 0.3500
Car -1 -1 -6.5730 189.9012 165.6204 238.6645 182.7619 1.6261 1.5867 3.8777 -38.0823 0.2144 69.0107 -7.0734 -0.3593
Car -1 -1 -5.8110 906.2313 163.1582 1029.7820 204.0851 1.4799 1.6078 4.0006 14.0708 0.8531 27.6567 -5.3433 -1.1368
Car -1 -1 -4.7859 216.4211 185.9280 260.2432 218.4212 1.3735 1.5237 3.9589 -17.0046 1.6405 32.6700 -5.2602 -2.1543
Car -1 -1 -7.4457 156.4136 173.9121 226.8095 212.1016 1.8773 1.6856 4.0399 -21.4628 1.5536 36.8596 -7.9676 -2.6468
Car -1 -1 -4.5225 969.8278 162.8393 1021.2538 193.6330 1.5710 1.6953 4.1022 21.1177 0.6702 38.1913 -4.0193 -2.6800
Car -1 -1 -4.3190 1073.6736 150.1279 1164.4377 184.7350 1.4798 1.7386 4.5521 23.3926 0.1813 32.1666 -3.6932 -3.0879
Car -1 -1 -7.4616 359.1048 171.3459 391.6516 188.1497 1.6311 1.6669 4.0490 -22.8940 0.7424 70.7167 -7.7716 -3.3182
Car -1 -1 -5.7430 1179.7474 130.3274 1223.0000 238.0314 1.4603 1.6277 4.0273 12.1924 0.7804 11.7352 -4.9502 -3.3668
Car -1 -1 -7.9446 946.6830 160.3125 999.3245 197.4598 1.4535 1.5956 3.8923 15.3899 0.6638 29.7693 -7.4700 -3.7971
Car -1 -1 -5.5052 323.0295 180.2693 399.4278 207.8109 1.5596 1.6483 4.3689 -14.4091 1.5467 41.7301 -5.8337 -3.9656
Car -1 -1 -5.4895 470.6173 169.8965 524.9577 190.6608 1.6148 1.7094 4.4432 -8.6596 0.7902 57.0049 -5.6377 -4.1277
Car -1 -1 -4.4853 474.2453 169.7140 511.1376 193.2959 1.5992 1.6568 4.2647 -7.9091 0.8678 50.1342 -4.6390 -4.1334
Car -1 -1 -8.4534 906.7042 158.5589 1012.1770 203.7011 1.4403 1.5506 3.4578 12.0694 0.7405 24.3806 -7.9971 -4.2782
Car -1 -1 -6.0026 1106.7065 151.0308 1219.6932 186.0636 1.5271 1.6042 3.8244 25.8176 0.2427 32.8391 -5.3393 -4.4683
Car -1 -1 -4.6479 665.0234 169.1628 684.1563 186.0811 1.5096 1.5220 3.5422 6.4351 0.4979 64.9592 -4.5479 -4.6184
Car -1 -1 -5.4516 696.0463 164.8709 757.4867 191.0812 1.4986 1.5763 3.6529 7.2420 0.6051 42.3883 -5.2818 -4.6398
Car -1 -1 -3.1840 908.7083 156.7597 1008.1957 191.0627 1.6342 1.7324 4.3531 17.5476 0.5034 35.3574 -2.7252 -4.7002
Car -1 -1 -7.8404 400.3583 178.0710 449.1232 217.7387 1.3983 1.6794 3.9110 -6.8767 1.3130 27.0204 -8.0850 -4.7734
Car -1 -1 -4.9675 686.3738 166.5031 709.5843 179.5645 1.2910 1.5900 3.1609 9.4455 -0.0974 71.7935 -4.8355 -5.0265
Car -1 -1 -4.3388 376.7554 175.5248 438.5168 204.5747 1.3750 1.6325 3.9919 -9.8555 1.1397 35.5375 -4.6053 -5.1790
Car -1 -1 -5.0761 371.1487 178.6604 426.6236 207.8955 1.5333 1.5871 4.1486 -11.4927 1.4370 39.2182 -5.3574 -5.2910
Car -1 -1 -4.7569 385.4518 174.3703 409.0822 193.1266 1.4073 1.5978 4.1255 -16.2570 0.9474 55.2607 -5.0397 -5.3042
Car -1 -1 -4.5623 510.8875 173.2166 536.7412 192.8827 1.5347 1.6089 3.1224 -6.4814 0.9663 56.7687 -4.6736 -5.3547
Car -1 -1 -7.3714 278.3902 180.7287 341.4610 209.2013 1.5524 1.6341 4.0717 -16.9043 1.5663 40.6858 -7.7608 -5.4135
Car -1 -1 -4.8062 166.6194 172.8476 188.9628 188.6871 1.5039 1.5769 3.2447 -41.6221 0.7772 68.9054 -5.3458 -5.4331
Car -1 -1 -4.6384 386.6446 176.8863 420.3719 202.4137 1.4427 1.6179 4.1571 -11.9713 1.2386 42.1572 -4.9114 -5.6097
Car -1 -1 -4.6693 394.1184 174.1881 437.1303 209.1992 1.5066 1.7239 4.1423 -8.6953 1.2352 32.6317 -4.9255 -5.6574
Car -1 -1 -4.7267 373.7082 176.3632 399.9445 198.0616 1.4307 1.6628 4.1365 -15.0951 1.1580 48.8440 -5.0229 -5.7276
Car -1 -1 -4.5857 428.6552 171.9857 467.6158 197.1647 1.3548 1.6209 4.3096 -8.8833 0.8968 40.2598 -4.7994 -5.7559
Car -1 -1 -7.4160 422.4699 169.1057 487.8940 199.5762 1.4245 1.6834 3.8806 -7.3862 0.8920 35.1378 -7.6195 -5.8401
Car -1 -1 -4.5080 500.2730 169.3790 533.3377 191.5065 1.6140 1.7250 3.8957 -6.6356 0.8028 53.5865 -4.6287 -5.8680
Car -1 -1 -4.2616 410.4997 173.1727 473.8942 201.6257 1.4016 1.6133 4.0602 -8.4536 1.0408 36.9905 -4.4827 -5.8867
Car -1 -1 -4.4114 415.6573 174.0791 461.2343 198.3154 1.3949 1.5889 3.8824 -10.0049 1.0255 42.6898 -4.6382 -5.8867
Car -1 -1 -8.3810 1079.2618 0.0000 1223.0000 369.0000 1.5616 1.7258 4.1817 3.5774 1.3671 2.8989 -7.5416 -6.1632
Car -1 -1 -4.7265 582.1368 169.3857 608.0118 195.6069 1.6687 1.6475 3.8744 -0.6900 0.9614 46.9537 -4.7393 -6.2998
Car -1 -1 -6.2930 961.1530 176.2952 1020.6072 200.0609 1.4297 1.4028 3.1933 23.9107 1.1769 43.9027 -5.7958 -6.6664
Car -1 -1 -3.4643 140.1415 167.7614 200.8221 187.5061 1.4492 1.6213 3.6097 -33.0199 0.5142 53.7982 -4.0103 -8.8154
