Car -1 -1 -7.2015 0.0000 198.6810 331.5297 369.0000 1.4728 1.6603 3.7027 -3.1694 1.6234 3.9752 -7.8351 5.5287
Car -1 -1 -4.5917 448.8583 169.2140 483.2179 194.3374 1.5124 1.6514 3.9636 -8.7223 0.8331 44.5967 -4.7817 4.1586
Car -1 -1 -7.0894 1184.9303 147.0451 1223.0000 182.1204 1.4107 1.6166 4.0850 26.7165 0.0654 29.3902 -6.3553 0.7965
Car -1 -1 -4.7437 557.5333 173.0531 578.2667 191.5401 1.5347 1.6625 3.6533 -3.1906 0.9164 60.5836 -4.7943 -1.6031
Car -1 -1 -6.0315 52.2568 187.8561 155.9222 221.5438 1.4835 1.6272 3.6750 -23.4069 1.8433 33.1543 -6.6401 -2.0307
Car -1 -1 -2.2387 391.7189 173.0961 448.6031 197.0349 1.5423 1.6448 3.8770 -12.4103 1.0653 47.3801 -2.4915 -3.0088
Car -1 -1 -7.5287 56.8757 167.3294 107.6049 194.3283 1.9722 1.8141 4.3196 -39.8208 1.0101 53.9794 -8.1598 -3.0981
Car -1 -1 -8.1347 1134.0159 159.8465 1223.0000 217.3454 1.3665 1.4350 3.0858 15.1411 0.8760 18.5037 -7.4556 -3.2974
Car -1 -1 -8.3113 1187.4608 153.4913 1223.0000 207.3537 1.3888 1.5603 3.4587 18.3531 0.6927 20.1076 -7.5777 -3.3648
Car -1 -1 -4.9109 425.5593 176.3564 449.8905 191.3191 1.4612 1.6424 3.9527 -16.8382 1.0564 71.1844 -5.1405 -3.3788
Car -1 -1 -7.0313 1207.2513 133.5350 1223.0000 228.7280 1.5501 1.6608 4.1210 13.3942 0.7857 12.4700 -6.2212 -3.6957
Car -1 -1 -8.5357 1205.7100 145.7037 1223.0000 185.5255 1.4181 1.5647 3.5564 25.1324 0.1792 27.0033 -7.7903 -4.0397
Car -1 -1 -4.2846 440.7985 175.5025 471.8868 190.5140 1.4726 1.6156 3.8510 -14.9501 0.9822 71.4171 -4.4884 -4.0675
Car -1 -1 -4.7860 499.6038 165.7868 525.1709 186.6605 1.5642 1.7111 3.6264 -7.2178 0.4617 54.9332 -4.9140 -4.0812
Car -1 -1 -2.5355 461.6891 169.0763 523.0641 190.9449 1.5680 1.7578 4.2511 -8.3511 0.7489 52.4129 -2.6908 -4.1299
Car -1 -1 -4.0846 325.0330 177.8133 399.4935 205.5460 1.4931 1.6683 4.5473 -13.8102 1.3486 40.4860 -4.4093 -4.1694
Car -1 -1 -6.7047 0.0000 193.9393 92.9252 347.1090 1.3676 1.4697 3.3247 -8.3929 1.5631 8.4483 -7.4663 -4.1838
Car -1 -1 -4.4172 351.2762 172.4078 388.9716 195.3193 1.8727 1.7194 4.7736 -19.9188 1.2112 60.1951 -4.7336 -4.3039
Car -1 -1 -8.0324 583.1785 164.7255 604.7867 179.8875 1.4500 1.5173 3.5955 -1.0847 -0.0622 69.6824 -8.0461 -4.4207
Car -1 -1 -4.3510 296.3969 178.8454 357.6859 209.7056 1.5023 1.6386 3.9266 -14.2378 1.4220 36.3898 -4.7193 -4.4221
Car -1 -1 -4.6079 1156.4468 149.4931 1219.3690 189.9066 1.4810 1.5350 3.8088 22.9227 0.3450 27.7964 -3.9222 -4.5896
Car -1 -1 -6.9951 0.0000 187.8106 183.1718 334.9635 1.3263 1.4088 3.5450 -7.0582 1.4332 8.4292 -7.6718 -4.6467
Car -1 -1 -4.0486 18.1273 174.1871 142.9687 219.4774 1.7243 1.8846 4.2543 -21.4116 1.4842 29.0790 -4.6763 -4.8200
Car -1 -1 -7.1277 269.8389 178.6487 357.8472 216.8989 1.5714 1.6016 3.5564 -12.6988 1.4956 30.9910 -7.5113 -4.8701
Car -1 -1 -5.1006 375.5809 174.2460 415.6849 197.9073 1.6488 1.5994 3.4480 -15.1584 1.2130 51.1155 -5.3855 -4.9624
Car -1 -1 -4.4649 0.0000 180.2235 55.2854 208.3775 1.4718 1.5746 3.8851 -31.9069 1.4575 39.0569 -5.1442 -5.0882
Car -1 -1 -7.7802 0.0000 169.3141 219.2314 348.1618 1.4496 1.5965 4.1523 -5.3022 1.3594 7.9371 -8.3488 -5.2488
Car -1 -1 -4.2489 567.4852 170.4706 605.2926 189.2928 1.5647 1.6365 4.0026 -1.5505 0.7309 60.9379 -4.2724 -5.3300
Car -1 -1 -7.4846 43.5340 177.7020 232.3053 281.9835 1.5040 1.5664 3.1423 -7.6770 1.4640 11.8882 -8.0441 -5.3389
Car -1 -1 -5.3294 1202.2198 144.7650 1223.0000 199.6177 1.3908 1.7774 4.7329 19.8130 0.4850 20.3982 -4.5647 -5.5828
Car -1 -1 -5.1257 531.7502 167.6721 576.5918 190.1290 1.5383 1.6071 4.3251 -3.6939 0.6596 50.7206 -5.1961 -5.6143
Car -1 -1 -4.4651 0.0000 180.9441 0.0000 208.3723 1.5170 1.6547 4.0222 -41.7052 1.5443 41.3243 -5.2495 -5.8867
Car -1 -1 -9.2438 0.0000 0.0000 1223.0000 369.0000 1.5144 1.5822 3.7960 4.7003 1.4375 0.9689 -7.9398 -5.8867
Car -1 -1 -7.7263 201.6012 0.0000 831.8663 369.0000 1.5006 1.5532 3.9009 -0.1314 1.5913 0.1799 -7.9778 -5.8867
Car -1 -1 -4.4928 0.0000 180.4686 0.0000 206.2267 1.5150 1.6548 4.0221 -41.7096 1.5133 43.7385 -5.2492 -5.8867
Car -1 -1 -4.6688 15.3350 170.2165 49.7816 193.6490 1.6142 1.7281 4.2095 -41.1672 0.9058 50.9157 -5.3439 -5.8867
Car -1 -1 -3.8198 0.0000 168.3160 117.2080 369.0000 1.4483 1.6115 3.8435 -5.9593 1.3913 5.3167 -4.6307 -5.8867
Car -1 -1 -5.6700 0.0000 0.0000 1223.0000 369.0000 1.4940 1.6039 3.9569 2.9389 1.4579 1.6879 -4.6977 -5.8867
Car -1 -1 -7.1244 1192.0400 140.7211 1223.0000 369.0000 1.3528 1.5769 4.2828 5.4602 1.2410 3.1285 -6.1157 -5.9940
Car -1 -1 -7.3062 213.7709 178.7605 365.6725 260.6235 1.7029 1.5691 3.6286 -7.2715 1.6671 16.6159 -7.7101 -6.4551
Car -1 -1 -4.5281 506.8112 171.9159 537.0662 194.3416 1.5990 1.6688 3.0852 -6.0755 0.9869 52.0107 -4.6420 -6.5180
Car -1 -1 -4.6886 101.1055 173.7059 127.5494 191.3116 1.4466 1.7412 4.0648 -41.7752 0.8883 60.2755 -5.2905 -6.5787
