Car -1 -1 -7.6475 554.1122 162.4536 581.8362 180.4502 1.4980 1.6667 3.6287 -3.1364 -0.0045 60.7882 -7.6969 1.2321
Car -1 -1 -4.2150 532.7426 162.3593 568.0775 182.1872 1.7197 1.6266 3.6067 -4.8371 0.1462 63.3015 -4.2891 -2.3532
Car -1 -1 -4.4211 421.3007 168.8234 454.0993 188.5404 1.6512 1.6530 4.0947 -14.4450 0.6733 61.3064 -4.6496 -2.5279
Car -1 -1 -4.3374 0.0000 186.0601 26.6670 241.6448 1.5150 1.6568 4.0781 -19.8295 1.7049 21.9106 -5.0641 -2.6826
Car -1 -1 -7.8703 245.9344 168.5194 266.5569 185.7646 1.6365 1.7580 4.1804 -34.2069 0.4994 69.3577 -8.3249 -3.1138
Car -1 -1 -4.2793 395.8857 168.4538 442.4549 192.2473 1.7783 1.7925 4.4806 -14.4360 0.8780 55.2090 -4.5319 -3.1203
Car -1 -1 -7.7459 205.8463 170.7782 230.6792 190.2848 1.8764 1.7269 4.0294 -38.3342 0.9411 70.2031 -8.2420 -3.6980
Car -1 -1 -8.0452 826.2520 158.1266 855.4594 177.2715 1.5353 1.6449 3.7002 19.7523 -0.2797 59.2969 -7.7234 -3.7788
Car -1 -1 -3.6091 557.5169 165.6727 613.6556 187.6195 1.5796 1.6905 3.8175 -1.4327 0.5124 52.5365 -3.6344 -3.7978
Car -1 -1 -8.0420 84.8441 186.8464 164.0694 233.1250 1.4070 1.5767 3.6297 -16.2829 1.6379 23.8476 -8.6332 -4.2240
Car -1 -1 -3.7708 1131.6080 105.3138 1223.0000 369.0000 1.5708 1.6894 4.3123 6.5678 1.1836 5.0173 -2.8809 -4.2790
Car -1 -1 -2.9146 0.0000 150.1958 21.7437 187.1037 1.5309 1.6456 3.9201 -28.2861 0.2741 30.9977 -3.6471 -4.3001
Car -1 -1 -5.6403 579.5357 162.8790 631.9584 181.9347 1.5901 1.7078 4.3719 0.0555 0.1197 60.9959 -5.6375 -4.3279
Car -1 -1 -8.2393 510.2540 167.4596 540.2474 184.3462 1.6403 1.6310 3.9276 -7.9863 0.3734 70.7953 -8.3494 -4.3584
Car -1 -1 -7.8849 525.8617 162.0717 549.1702 182.2003 1.6074 1.7992 4.2089 -5.6201 0.1357 58.6619 -7.9780 -4.4520
Car -1 -1 -5.1691 20.4099 160.9296 79.7478 184.0282 1.5434 1.6499 3.9880 -38.3523 0.2358 48.8577 -5.8295 -4.5086
Car -1 -1 -5.8863 838.8267 154.8638 917.2816 186.3144 1.5470 1.6642 3.4044 14.0686 0.2862 36.5565 -5.5200 -4.5127
Car -1 -1 -7.6582 532.7542 168.2051 556.9655 183.8492 1.5278 1.6722 4.0156 -5.9907 0.3269 71.1392 -7.7401 -4.5138
Car -1 -1 -8.1891 813.6327 151.5702 859.5428 177.4298 1.5813 1.6779 3.7006 14.8530 -0.2058 45.5457 -7.8741 -4.6479
Car -1 -1 -7.8403 534.7897 161.2958 553.6667 180.3961 1.7266 1.6928 4.6628 -5.6475 -0.0102 66.3259 -7.9230 -4.6746
Car -1 -1 -4.7430 463.7312 168.5855 488.9972 191.9716 1.5253 1.5829 3.6719 -8.7780 0.7483 48.0757 -4.9206 -4.7112
Car -1 -1 -4.6992 138.0878 175.6251 162.1162 193.8955 1.6090 1.7763 3.8873 -41.3707 1.1796 64.3880 -5.2664 -4.7854
Car -1 -1 -4.8833 450.8207 170.3438 484.0268 191.2542 1.4480 1.6632 4.2850 -10.0126 0.7448 51.2610 -5.0732 -4.8254
Car -1 -1 -4.5936 472.0186 172.9647 498.2371 193.5074 1.4465 1.4916 3.3325 -8.6949 0.9159 51.4843 -4.7582 -4.8915
Car -1 -1 -4.7117 571.0832 163.4805 594.8263 186.3662 1.5478 1.6059 4.3735 -1.5559 0.3968 50.0286 -4.7407 -4.9068
Car -1 -1 -4.3519 0.0000 184.0773 77.7288 239.6123 1.5491 1.6721 3.7813 -18.2047 1.6713 22.0454 -5.0335 -4.9718
Car -1 -1 -3.1748 123.5499 184.2706 237.5977 223.6220 1.4339 1.5512 3.7497 -16.6248 1.5909 27.7424 -3.7080 -4.9841
Car -1 -1 -6.4946 836.3243 144.2274 900.8666 167.5076 1.4573 1.6341 3.7166 17.2956 -0.8748 46.5356 -6.1390 -5.0970
Car -1 -1 -2.3441 0.0000 190.0022 22.7051 266.6127 1.6515 1.7185 4.2926 -16.3614 1.8841 16.3772 -3.1178 -5.1073
Car -1 -1 -7.4702 296.6560 0.0000 1223.0000 369.0000 1.5886 1.6858 3.7865 1.2758 1.4103 2.0674 -6.9776 -5.1266
Car -1 -1 -4.4220 456.8441 169.6694 500.4177 194.7617 1.5302 1.6136 4.1606 -8.0377 0.8698 45.2788 -4.5947 -5.1914
Car -1 -1 -7.7553 163.5780 166.3442 198.4827 198.3028 2.2226 1.7343 4.4632 -30.8563 1.2381 51.5609 -8.2901 -5.2138
Car -1 -1 -4.6906 1028.5989 151.3289 1103.9176 212.1332 1.4477 1.5396 3.9502 12.3012 0.7535 18.9028 -4.1196 -5.2959
Car -1 -1 -5.0860 707.3148 156.5862 738.3010 176.4705 1.8198 1.6312 3.8395 11.2468 -0.3970 67.5863 -4.9200 -5.3716
Car -1 -1 -6.0452 835.9225 143.6426 920.9744 171.0239 1.5333 1.8175 4.5274 16.6037 -0.6040 43.0388 -5.6775 -5.4625
Car -1 -1 -4.5849 412.8582 168.9916 448.8310 196.5959 1.7132 1.7170 4.4497 -11.3225 0.9990 46.1869 -4.8219 -5.5664
Car -1 -1 -4.6865 730.0909 152.8632 755.6447 176.2057 1.4625 1.5731 3.2806 9.1329 -0.2945 46.7260 -4.4928 -5.6657
Car -1 -1 -4.6917 436.9351 169.4998 456.7923 187.6363 1.6014 1.6794 3.9019 -14.3793 0.6300 64.5076 -4.9082 -5.7184
Car -1 -1 -8.0477 611.7023 161.7634 640.5444 181.8654 1.6825 1.6849 4.4367 1.8108 0.1142 61.5052 -8.0166 -5.7368
Car -1 -1 -4.5860 195.3936 180.8715 224.2609 203.4393 1.5860 1.4177 3.3322 -28.7771 1.6140 51.5587 -5.0908 -5.8217
Car -1 -1 -4.6255 187.6614 167.6469 216.4340 186.2095 1.6642 1.9236 4.5782 -37.4684 0.5118 65.8699 -5.1387 -5.8246
Car -1 -1 -3.5323 0.0000 201.4025 0.0000 369.0000 1.5117 1.6063 3.9597 -7.5073 1.6563 2.8860 -4.6975 -5.8867
Car -1 -1 -6.7027 0.0000 0.0000 1223.0000 369.0000 1.5435 1.5863 3.8026 -3.7267 1.6569 0.9649 -7.9390 -5.8867
Car -1 -1 -4.7093 154.3780 174.9288 175.5497 190.9597 1.4710 1.6614 4.0846 -41.6865 0.9596 67.0531 -5.2617 -5.8867
Car -1 -1 -6.9174 0.0000 0.0000 1223.0000 369.0000 1.5385 1.5867 3.8022 -2.1197 1.6129 0.9677 -7.9392 -5.8867
Car -1 -1 -4.5720 0.0000 172.7656 36.9597 194.3394 1.4647 1.6620 4.0662 -41.6965 0.9396 50.1718 -5.2605 -5.8867
Car -1 -1 -4.6786 551.9703 163.8443 575.4582 183.2369 1.4316 1.6497 4.3828 -3.1341 0.2020 54.4045 -4.7339 -5.9314
Car -1 -1 -6.1202 533.8416 159.5157 595.4275 179.7963 1.5923 1.8499 4.6973 -3.2029 -0.0577 56.7682 -6.1743 -6.1696
Car -1 -1 -6.4290 714.6410 147.6514 778.7548 169.4603 1.4489 1.6953 4.1422 9.7541 -0.7783 48.8932 -6.2313 -6.2327
Car -1 -1 -5.4090 681.0511 151.3101 738.4411 174.7086 1.5789 1.7083 4.3538 7.5228 -0.4379 51.1543 -5.2619 -6.5242
Car -1 -1 -4.0327 218.3472 174.3521 261.6786 192.3223 1.7500 1.6825 4.0629 -36.5770 1.1512 71.0177 -4.5048 -6.8982
