Car -1 -1 -7.4185 44.2269 189.6750 417.5093 369.0000 1.4225 1.6002 3.7845 -3.2209 1.5374 6.9180 -7.8352 7.5571
Car -1 -1 -4.6095 457.8754 169.5807 489.2735 194.2202 1.5825 1.6509 4.1180 -8.7903 0.8813 47.5273 -4.7894 3.3363
Car -1 -1 -6.9818 1135.2787 149.6391 1223.0000 197.2882 1.4611 1.6954 4.3514 19.7076 0.5151 22.5598 -6.2691 2.4184
Car -1 -1 -8.4190 761.6661 158.8807 812.9764 183.5072 1.6022 1.6125 3.7496 12.3282 0.1957 48.0340 -8.1675 -2.2912
Car -1 -1 -7.6698 97.6833 165.6156 134.4795 187.8024 1.7233 1.7126 4.0813 -39.4386 0.5672 57.1312 -8.2696 -2.4606
Car -1 -1 -7.7271 101.6722 160.7835 140.7173 186.9622 1.8944 1.8447 4.7231 -36.6621 0.4676 53.6884 -8.3216 -2.8686
Car -1 -1 -5.2378 384.9052 177.4952 430.6401 198.5308 1.5524 1.6079 3.9631 -15.1232 1.3307 54.1417 -5.5070 -3.1911
Car -1 -1 -7.8167 543.9268 171.8953 568.2981 194.8774 1.6759 1.6984 3.5689 -3.6542 1.0484 53.3672 -7.8830 -3.3121
Car -1 -1 -2.7666 0.0000 192.2815 103.2843 246.3996 1.4531 1.6440 3.8895 -17.4876 1.8256 20.9621 -3.4528 -3.3384
Car -1 -1 -4.0383 16.5391 182.2033 94.4196 210.5276 1.5690 1.6006 3.7329 -31.9873 1.6730 41.2738 -4.6922 -3.5469
Car -1 -1 -4.3219 424.0133 174.6126 468.3573 196.5876 1.4297 1.6459 3.6922 -10.7225 1.0467 47.9605 -4.5387 -3.8529
Car -1 -1 -4.8974 0.0000 185.5734 35.0001 213.7419 1.4907 1.6929 3.9429 -33.8445 1.7916 40.0106 -5.5940 -4.0435
Car -1 -1 -6.8388 0.0000 189.4276 75.0569 369.0000 1.4659 1.4875 3.2673 -3.7789 1.5161 2.2704 -7.8061 -4.2483
Car -1 -1 -6.9450 0.0000 196.6337 39.9028 305.3112 1.4791 1.5577 3.4442 -11.9075 1.7942 11.9763 -7.7127 -4.3507
Car -1 -1 -4.7331 892.7244 158.5201 933.9479 193.4736 1.5399 1.6766 4.5299 14.5456 0.5718 33.5645 -4.3259 -4.5274
Car -1 -1 -4.5245 536.6029 171.7873 559.9288 188.4593 1.5156 1.5400 3.5147 -5.2559 0.7234 66.1071 -4.6018 -4.5626
Car -1 -1 -5.4708 349.4306 179.3618 432.0321 210.0176 1.4446 1.6296 3.9794 -10.6471 1.3911 35.0153 -5.7618 -4.5867
Car -1 -1 -4.3802 363.2625 179.6972 430.4460 212.9706 1.4141 1.6363 4.2008 -9.4012 1.3801 32.1886 -4.6600 -4.5901
Car -1 -1 -7.3086 86.5546 188.7645 207.8934 235.2129 1.3963 1.5631 4.0408 -15.4048 1.7009 24.0109 -7.8714 -4.6201
Car -1 -1 -6.1414 268.6324 179.2341 425.8061 235.3640 1.3977 1.5425 3.7222 -6.7434 1.3665 18.7267 -6.4798 -4.6620
Car -1 -1 -4.4101 347.2530 177.1743 395.0662 202.9220 1.5200 1.6156 4.2359 -14.4444 1.3238 43.8688 -4.7243 -4.8856
Car -1 -1 -4.6898 495.9904 167.0488 523.7206 190.4705 1.5278 1.7714 4.6480 -6.4843 0.6504 48.5254 -4.8200 -4.8881
Car -1 -1 -3.2956 115.4035 165.7825 178.3501 189.6638 1.9695 1.7155 4.3058 -39.0739 0.7557 60.3801 -3.8657 -4.8947
Car -1 -1 -7.1624 920.0334 158.8392 1026.7294 193.7746 1.4741 1.6472 4.6315 16.3981 0.5603 31.4979 -6.6848 -4.9323
Car -1 -1 -6.9761 328.4395 178.0229 435.9201 215.5136 1.3971 1.6674 3.9727 -8.9073 1.3051 28.4673 -7.2744 -4.9953
Car -1 -1 -4.9232 404.7789 173.4301 443.1332 195.8885 1.4050 1.5853 4.2980 -11.9563 0.9628 46.5106 -5.1714 -5.0297
Car -1 -1 -5.7065 474.8634 170.1746 528.0993 190.2845 1.5695 1.6388 3.9808 -8.3049 0.7636 56.7614 -5.8492 -5.0455
Car -1 -1 -6.7975 271.3102 180.5609 384.5426 217.1523 1.4415 1.6424 4.2090 -11.6964 1.4445 30.0066 -7.1639 -5.1107
Car -1 -1 -4.7716 1089.4131 152.3503 1126.3146 183.6262 1.6721 1.4745 3.3639 28.1164 0.1673 39.6182 -4.1565 -5.3182
Car -1 -1 -4.7679 1094.9272 149.8719 1140.7854 186.8966 1.5096 1.4115 3.1584 22.0708 0.2610 30.5389 -4.1453 -5.3278
Car -1 -1 -4.6474 346.0656 175.9524 377.9091 199.0478 1.4313 1.6608 4.5642 -15.8416 1.1495 46.2363 -4.9736 -5.3404
Car -1 -1 -4.7709 170.7614 199.1621 294.3924 302.8473 1.3171 1.5509 3.1309 -6.0888 1.6630 11.3497 -5.2501 -5.3492
Car -1 -1 -8.1421 340.8062 178.7761 433.2387 227.8090 1.5570 1.7861 4.9611 -7.8459 1.5025 25.0120 -8.4408 -5.3936
Car -1 -1 -4.6167 672.8412 169.1187 708.8447 196.3271 1.4211 1.5742 4.3203 4.7958 0.8268 39.2075 -4.4941 -5.4018
Car -1 -1 -4.6532 635.7065 168.6811 660.5000 190.7174 1.5864 1.6328 3.6505 3.2535 0.7356 52.8130 -4.5903 -5.4485
Car -1 -1 -6.6208 0.0000 172.6015 0.0000 369.0000 1.4690 1.5798 3.9507 -5.3285 1.4633 2.6362 -7.6826 -5.5727
Car -1 -1 -7.1804 258.9934 175.0999 399.8545 237.7991 1.6755 1.7064 4.1096 -8.0973 1.5315 21.1117 -7.5400 -5.6620
Car -1 -1 -5.0303 699.5305 162.8785 731.2560 179.4653 1.5159 1.7555 4.1750 10.4556 -0.1016 67.0984 -4.8746 -5.6784
Car -1 -1 -2.0761 47.2053 169.5359 104.8057 190.5138 1.5849 1.7850 4.2257 -41.2246 0.7565 55.1061 -2.7138 -5.6931
Car -1 -1 -4.4025 322.3740 177.6722 372.9295 203.1098 1.3821 1.5601 3.9928 -14.6586 1.2286 40.4388 -4.7460 -5.6988
Car -1 -1 -2.7459 387.3266 175.8548 458.5237 198.1127 1.5257 1.6497 4.5566 -12.7528 1.2073 49.6159 -2.9943 -5.7020
Car -1 -1 -4.6634 198.9293 183.7196 251.2512 225.9727 1.5938 1.6839 3.9585 -15.6086 1.7365 29.1472 -5.1489 -5.7095
Car -1 -1 -3.6003 1121.6959 148.7860 1219.8601 180.7552 1.6413 1.5098 3.7793 29.8613 0.0133 37.4361 -2.9294 -5.7269
Car -1 -1 -4.6960 352.3002 179.0458 376.8626 199.3545 1.3638 1.5563 3.6549 -16.7837 1.2662 49.4591 -5.0195 -5.7475
Car -1 -1 -4.5099 147.9752 179.3504 241.6046 235.7904 1.5390 1.6564 3.9447 -12.3181 1.5080 21.4114 -5.0238 -5.8035
Car -1 -1 -4.4280 354.8208 170.8564 380.0693 185.4921 1.4363 1.5160 3.3678 -23.8290 0.4897 71.0970 -4.7483 -5.8203
Car -1 -1 -4.2549 155.0725 179.6057 259.2572 226.9780 1.5439 1.6320 3.9067 -13.9696 1.5150 25.0304 -4.7569 -5.8446
Car -1 -1 -6.9720 0.0000 0.0000 1223.0000 369.0000 1.4816 1.5982 3.8422 -2.1073 1.5041 1.3319 -7.8746 -5.8867
Car -1 -1 -4.5342 234.3747 177.2473 309.4908 222.3460 1.4317 1.6400 4.0769 -11.5167 1.3287 24.6244 -4.9650 -5.8867
Car -1 -1 -4.1959 215.7840 178.2175 308.8245 217.1294 1.4421 1.6069 3.8964 -13.5756 1.3578 28.2069 -4.6383 -5.8867
Car -1 -1 -4.2509 44.5752 187.1495 123.2070 215.0814 1.3956 1.7839 4.1255 -28.3024 1.7787 38.5459 -4.8788 -5.9904
Car -1 -1 -7.0175 1144.7910 119.5349 1223.0000 369.0000 1.5424 1.7822 4.7913 5.8993 1.3588 3.5954 -6.0314 -6.1251
Car -1 -1 -4.0417 94.6776 183.4654 167.4386 208.1434 1.5004 1.6488 4.1861 -30.5096 1.7010 45.6622 -4.6259 -6.2111
Car -1 -1 -8.3787 1024.1290 0.0000 1223.0000 369.0000 1.5623 1.7179 4.0293 3.1458 1.4021 2.7557 -7.5807 -6.2243
Car -1 -1 -4.0072 0.1966 184.1939 88.4960 212.6799 1.4452 1.5097 4.0113 -30.3679 1.6567 38.4341 -4.6702 -6.4720
