Car -1 -1 -3.7403 969.5092 138.5869 1137.8113 191.8600 1.5681 1.7501 4.1111 13.6861 0.3347 21.7732 -3.1839 4.8344
Car -1 -1 -7.7670 510.3267 174.1461 549.6863 204.6689 1.4621 1.6498 3.7798 -3.7593 1.1579 35.7703 -7.8690 4.7153
Car -1 -1 -6.7404 891.3674 149.6392 962.0196 172.7133 1.6489 1.7668 4.4123 23.6765 -0.5845 52.1213 -6.3144 -0.4227
Car -1 -1 -7.2299 86.7935 168.5930 147.6708 192.0430 1.5702 1.6313 3.6891 -33.8707 0.7730 49.2103 -7.8279 -0.4344
Car -1 -1 -6.6988 830.4647 153.9406 894.8336 177.2052 1.6642 1.7185 4.0879 18.8657 -0.2463 51.8546 -6.3500 -1.2714
Car -1 -1 -4.3739 551.2104 174.1577 590.8629 194.8490 1.4531 1.5988 4.1959 -2.4402 1.0077 51.8944 -4.4189 -1.3748
Car -1 -1 -4.8178 1123.0393 143.5350 1185.1357 181.1877 1.5482 1.7300 3.9950 24.1325 0.0285 31.2279 -4.1630 -1.6828
Car -1 -1 -7.8976 493.4825 170.7758 521.9642 197.6091 1.6510 1.6486 4.0498 -6.3221 1.0528 45.6418 -8.0326 -1.8065
Car -1 -1 -7.9745 604.9179 172.1279 636.7031 195.7426 1.4555 1.6027 3.7640 0.9722 0.9396 45.5304 -7.9516 -1.8444
Car -1 -1 -7.7516 372.0290 176.1162 398.2695 196.7961 1.7159 1.7067 4.4346 -18.9114 1.3521 61.0063 -8.0491 -2.4384
Car -1 -1 -4.7443 51.5703 167.0041 87.9231 193.1443 1.6411 1.7902 4.4680 -35.3814 0.7939 46.6920 -5.3877 -2.4677
Car -1 -1 -8.0564 741.9485 159.6670 777.7315 185.8060 1.8448 1.7260 4.3641 11.3558 0.3745 52.0941 -7.8413 -2.7993
Car -1 -1 -5.0972 453.2852 176.0151 503.8294 203.7013 1.5288 1.6093 3.7272 -7.3932 1.2812 41.0478 -5.2724 -2.8006
Car -1 -1 -7.9994 694.1110 165.7945 716.1674 181.5004 1.5311 1.6520 3.8132 10.0304 0.0974 70.8380 -7.8575 -2.9537
Car -1 -1 -7.8910 770.5336 161.4746 797.0554 184.0254 1.5839 1.7268 4.1456 13.0770 0.2476 51.8668 -7.6437 -3.1465
Car -1 -1 -8.2409 676.1781 166.8058 706.2911 182.5772 1.5327 1.6459 3.8910 8.6278 0.2017 70.8068 -8.1184 -3.5798
Car -1 -1 -4.9869 474.4397 175.5846 514.0424 199.2254 1.5520 1.6405 4.1098 -7.6619 1.2294 48.6281 -5.1405 -3.6548
Car -1 -1 -4.6879 648.7466 171.0460 675.5682 196.3332 1.4582 1.5218 3.7749 3.4792 0.9131 42.7305 -4.6055 -3.8747
Car -1 -1 -5.5063 317.6923 183.5449 378.8827 206.7267 1.5341 1.6373 3.9623 -17.7145 1.7510 48.7760 -5.8510 -3.8995
Car -1 -1 -7.7703 793.2924 159.9619 822.4266 182.5346 1.5950 1.7066 4.4656 15.0603 0.1438 52.3519 -7.4900 -4.0245
Car -1 -1 -8.1905 529.2852 171.7020 567.3588 194.4267 1.5836 1.6315 3.6760 -4.1454 0.9705 51.2828 -8.2689 -4.0588
Car -1 -1 -4.4832 971.2660 159.5870 1032.6511 190.6801 1.3802 1.6663 4.0386 18.7934 0.4521 33.4400 -3.9735 -4.1449
Car -1 -1 -7.3189 383.6259 177.1752 430.2708 198.1122 1.7346 1.7908 4.5655 -17.0119 1.4591 61.0166 -7.5878 -4.5152
Car -1 -1 -8.7425 945.9733 142.8423 1093.3779 193.8577 1.5867 1.6178 4.2881 14.0303 0.4157 24.2828 -8.2224 -4.5343
Car -1 -1 -2.9693 308.7781 176.5490 390.6945 211.1166 1.5946 1.5731 3.4488 -12.1189 1.4125 33.6805 -3.3100 -4.5366
Car -1 -1 -8.1427 1182.9708 121.2536 1223.0000 159.6011 1.6701 1.6739 4.0367 30.6102 -1.1096 35.3595 -7.4318 -4.6937
Car -1 -1 -2.7072 781.5645 162.3915 836.7821 183.6488 1.6029 1.6935 3.7777 15.9212 0.2374 55.1918 -2.4261 -4.8150
Car -1 -1 -4.4844 410.5538 179.4172 437.2086 198.2927 1.7690 1.6786 3.7473 -17.3984 1.6673 68.1518 -4.7316 -4.8834
Car -1 -1 -3.3127 917.2252 156.5869 981.4487 182.5863 1.6434 1.6011 3.5263 22.3154 0.1319 45.9492 -2.8616 -5.0125
Car -1 -1 -8.9512 933.8259 148.8058 999.0691 174.7080 1.6865 1.5852 3.6968 24.9366 -0.4164 48.8757 -8.4802 -5.2211
Car -1 -1 -8.3307 933.7531 153.3214 977.0385 172.9509 1.7699 1.7343 4.7517 33.6418 -0.7515 67.9825 -7.8713 -5.3053
Car -1 -1 -7.9889 687.6860 161.8528 728.2390 194.8643 1.6591 1.6148 3.8412 5.3841 0.7221 37.4628 -7.8455 -5.3546
Car -1 -1 -4.8031 415.9347 179.9662 440.1775 198.0409 1.4823 1.6540 3.9597 -15.0608 1.4384 60.1253 -5.0457 -5.6827
Car -1 -1 -4.3973 380.5941 181.1711 425.6259 205.6756 1.5840 1.7146 4.1808 -13.6272 1.6316 47.9449 -4.6709 -5.7487
Car -1 -1 -8.1386 848.9903 150.5125 879.3752 174.3393 2.1933 1.8412 3.4310 24.8295 -0.6061 67.7750 -7.7872 -5.7505
Car -1 -1 -4.5406 404.6536 177.4838 442.9955 205.8422 1.7220 1.6998 3.9620 -11.4748 1.5389 44.9722 -4.7872 -5.7861
Car -1 -1 -4.1024 1184.2671 117.8951 1223.0000 369.0000 1.4467 1.6153 3.9921 5.0188 1.2670 2.9187 -3.1035 -5.8572
Car -1 -1 -4.5369 0.0000 171.5585 0.0000 196.6508 1.4910 1.6590 4.0255 -41.6428 0.9598 44.1520 -5.2877 -5.8867
Car -1 -1 -8.7636 1070.2815 149.1265 1188.1984 190.8648 1.3016 1.3406 2.9613 17.4034 0.3235 23.6573 -8.1339 -5.9357
Car -1 -1 -8.2606 1000.6927 0.0000 1223.0000 369.0000 1.4813 1.6705 3.7900 2.6873 1.3481 2.5748 -7.5109 -6.3154
Car -1 -1 -8.0858 818.9605 149.7534 850.7148 172.9027 2.0946 1.8879 4.6023 22.0434 -0.7553 67.9035 -7.7714 -6.3613
Car -1 -1 -7.8086 235.5579 157.4857 263.6354 180.8494 1.6839 1.7049 3.5724 -26.5663 0.0252 52.9379 -8.2693 -6.5494
Car -1 -1 -8.1351 327.1374 163.8214 359.3770 185.3614 2.0367 1.7637 4.5974 -25.6332 0.4595 69.2293 -8.4864 -6.9419
