Car -1 -1 -7.7698 501.4262 174.8979 544.3941 208.3490 1.4504 1.6512 3.6697 -3.7410 1.2077 32.5139 -7.8815 6.4112
Car -1 -1 -3.8301 1031.9281 133.8782 1223.0000 196.1318 1.5402 1.7346 4.1734 13.7013 0.3871 18.4777 -3.1984 4.7616
Car -1 -1 -6.7752 910.2228 146.9991 989.7823 172.7127 1.7170 1.8429 4.6145 23.7825 -0.5490 48.8382 -6.3227 2.2503
Car -1 -1 -6.3891 776.5692 160.9147 853.5541 186.8274 1.5023 1.6712 4.2458 12.4606 0.3669 42.1951 -6.1022 -1.1866
Car -1 -1 -6.2357 669.6852 168.3533 741.5592 198.0466 1.5475 1.6308 3.7473 5.4135 0.9146 38.0017 -6.0936 -1.5324
Car -1 -1 -7.8330 630.4073 172.5811 658.1447 198.3039 1.4721 1.5829 2.6430 2.3385 1.0190 41.8418 -7.7759 -1.8197
Car -1 -1 -4.9806 895.1578 151.2857 936.1664 174.0003 1.5224 1.6395 4.1785 22.2694 -0.4873 50.8251 -4.5681 -2.6069
Car -1 -1 -6.7126 844.4043 150.0500 916.4507 174.3097 1.6161 1.9105 4.2118 18.9387 -0.4360 48.7296 -6.3422 -2.8075
Car -1 -1 -7.9383 803.3334 158.9796 833.7952 182.8298 1.5678 1.6670 3.9707 14.6300 0.1532 48.5919 -7.6458 -2.9042
Car -1 -1 -8.2636 536.7375 175.4562 577.9686 196.5303 1.3858 1.5859 3.4162 -3.2956 1.0542 48.3772 -8.3295 -3.1890
Car -1 -1 -7.9977 1196.7690 153.9097 1223.0000 196.4794 1.4521 1.5548 3.6440 23.0828 0.5454 26.0703 -7.2773 -3.2360
Car -1 -1 -7.4951 909.8229 162.9998 971.5839 192.9237 1.5212 1.6473 4.1578 18.0559 0.6317 37.9826 -7.0529 -3.3565
Car -1 -1 -4.5643 339.7634 183.4843 374.0747 206.5980 1.5254 1.6388 4.2938 -17.3160 1.7440 49.5071 -4.8972 -3.3781
Car -1 -1 -7.6557 45.8766 166.0318 93.5083 192.8767 1.6474 1.6191 4.2978 -34.5106 0.7596 45.6772 -8.2975 -3.4117
Car -1 -1 -8.2443 439.2890 175.2434 492.2856 203.9839 1.6131 1.6530 4.0766 -8.2954 1.3182 41.8419 -8.4369 -3.4821
Car -1 -1 -4.2232 753.5508 170.1581 790.4319 187.6267 1.4887 1.5697 3.7682 14.7270 0.6073 62.1878 -3.9902 -3.9434
Car -1 -1 -4.4759 660.5721 171.5117 691.7419 191.2726 1.4656 1.5997 3.5333 5.5086 0.7990 54.3706 -4.3738 -3.9523
Car -1 -1 -6.4169 482.8515 171.3918 553.2401 198.0462 1.6375 1.6932 4.2392 -5.5289 1.0780 44.7880 -6.5371 -4.0836
Car -1 -1 -3.4381 771.7280 161.1858 850.8551 188.3551 1.5364 1.7326 4.0598 11.8685 0.4443 40.8790 -3.1558 -4.1709
Car -1 -1 -8.1207 973.7521 159.9364 1010.9954 179.6387 1.5017 1.6763 3.6549 30.6565 -0.0707 56.0354 -7.6207 -4.2975
Car -1 -1 -7.5472 779.7995 163.9925 818.9304 187.1014 1.7380 1.7222 4.3656 15.2956 0.4965 55.4775 -7.2779 -4.4359
Car -1 -1 -7.9749 1003.7265 145.8819 1038.4368 171.9787 1.6843 1.6366 3.5969 28.7270 -0.6131 48.9004 -7.4448 -4.6329
Car -1 -1 -3.7280 871.7963 163.5087 977.9758 200.3391 1.5087 1.6062 3.8757 13.5454 0.8129 30.0749 -3.3071 -4.7169
Car -1 -1 -4.8986 604.0082 170.6653 640.1281 194.8943 1.5934 1.6843 4.5188 1.1249 0.9467 48.8648 -4.8741 -4.8969
Car -1 -1 -5.8155 30.6778 164.7438 131.4195 195.7418 1.7377 1.7601 4.3572 -30.2030 0.8546 40.8594 -6.4465 -4.8993
Car -1 -1 -4.5368 380.8499 175.2563 409.8823 200.3719 2.0305 1.6585 3.9458 -17.5016 1.6065 59.2123 -4.8212 -4.9414
Car -1 -1 -8.9939 985.4047 149.4659 1069.8721 175.5057 1.5383 1.7657 4.2501 26.7476 -0.3329 44.8826 -8.4578 -4.9416
Car -1 -1 -3.8769 279.9215 181.8056 380.8432 219.1503 1.4712 1.6266 3.9229 -11.6256 1.5310 30.1191 -4.2401 -5.1517
Car -1 -1 -7.6350 361.3624 177.3052 393.2450 199.0378 1.7469 1.6806 4.0471 -18.9171 1.4901 58.9251 -7.9425 -5.2701
Car -1 -1 -4.0250 217.9431 169.6285 251.1911 185.9724 1.6152 1.5694 2.7716 -37.3477 0.5406 71.3930 -4.5033 -5.4481
Car -1 -1 -2.4820 301.8547 164.4548 347.2579 182.1085 1.5918 1.5905 3.6850 -25.7684 0.1449 65.0364 -2.8556 -5.4532
Car -1 -1 -6.0797 908.5076 149.1206 978.1526 174.1037 1.7371 1.7872 4.3696 24.9679 -0.4909 52.2345 -5.6344 -5.4882
Car -1 -1 -2.6625 0.0000 148.9438 56.1250 187.7779 1.6424 1.7228 4.2506 -27.1631 0.3080 31.2262 -3.3713 -5.7210
Car -1 -1 -4.7343 424.5569 180.9643 453.9472 205.5250 1.4035 1.6422 4.1792 -10.0602 1.4331 42.7140 -4.9623 -5.9044
Car -1 -1 -7.8952 200.7705 170.8159 220.2287 186.5023 1.5219 1.5663 3.3518 -39.2884 0.5822 70.4380 -8.4003 -5.9234
Car -1 -1 -8.1011 868.0333 153.3423 898.2208 176.2732 1.9980 1.6467 3.9096 25.3093 -0.3974 64.4035 -7.7266 -5.9416
Car -1 -1 -7.0893 1222.9395 166.1516 1223.0000 369.0000 1.4177 1.5381 3.8491 6.1181 1.3590 3.9706 -6.1288 -5.9596
