Car -1 -1 -7.2619 0.0000 194.0008 349.9104 369.0000 1.4785 1.6301 3.7072 -3.2257 1.6026 4.6090 -7.8393 5.4429
Car -1 -1 -7.0903 1191.3549 151.2734 1223.0000 202.2157 1.4023 1.6185 4.0290 19.4960 0.5981 20.3713 -6.3329 1.6956
Car -1 -1 -4.5248 448.8752 169.4308 485.5342 194.0871 1.5109 1.6090 3.8193 -8.7727 0.8327 45.2376 -4.7132 1.1593
Car -1 -1 -7.6611 68.1370 169.8990 104.6806 190.9292 1.5504 1.5888 3.5550 -39.6035 0.7689 54.0717 -8.2887 -2.3498
Car -1 -1 -5.7808 1152.8641 156.0486 1223.0000 221.2200 1.3620 1.5942 3.8914 15.6454 0.8514 16.8754 -5.0410 -3.0941
Car -1 -1 -8.4735 1011.7379 156.1552 1154.4594 211.9611 1.4475 1.5662 3.5555 13.4071 0.8163 20.1452 -7.8918 -3.1213
Car -1 -1 -5.9125 1194.8500 151.5921 1223.0000 214.7523 1.3908 1.5620 3.6235 17.1619 0.7546 17.5422 -5.1454 -3.4753
Car -1 -1 -7.8635 75.3416 188.1986 139.7169 239.0738 1.4753 1.6089 3.9334 -16.3435 1.7507 23.2000 -8.4691 -3.4920
Car -1 -1 -7.7462 358.6501 171.0418 380.4595 188.2211 1.6785 1.6714 3.8197 -23.6246 0.7542 71.1232 -8.0638 -3.6144
Car -1 -1 -7.7925 1130.1278 158.0360 1208.5508 213.6579 1.3918 1.5032 3.3941 15.5343 0.8300 19.4589 -7.1251 -3.6647
Car -1 -1 -3.7662 0.0000 174.1261 44.5463 230.8842 1.6786 1.6398 3.5905 -20.5792 1.4904 22.8424 -4.4908 -3.6664
Car -1 -1 -5.7474 714.5496 157.1929 767.8677 178.6300 1.7419 1.7337 4.1205 11.5099 -0.1636 59.8207 -5.5564 -3.7729
Car -1 -1 -6.2011 376.2317 175.3001 444.1012 200.0578 1.4981 1.6020 3.9443 -12.0581 1.1836 43.9303 -6.4654 -3.8241
Car -1 -1 -3.8437 13.8583 181.2209 103.1826 208.2062 1.4347 1.6242 3.8224 -30.6214 1.4774 39.7400 -4.4947 -3.9309
Car -1 -1 -4.8896 403.0675 175.6814 433.7821 196.9088 1.4662 1.5565 3.4254 -13.4092 1.1334 50.7189 -5.1448 -4.1118
Car -1 -1 -7.9081 0.0000 182.7465 28.9977 211.0383 1.4665 1.6301 3.7689 -32.9095 1.5963 38.8905 -8.6047 -4.2103
Car -1 -1 -4.5213 573.9386 170.6484 599.6738 189.0333 1.5801 1.6030 3.7088 -1.5665 0.7333 62.7298 -4.5444 -4.2783
Car -1 -1 -4.3843 296.3748 179.6257 358.9134 210.9912 1.4809 1.6615 4.1326 -13.8435 1.4398 35.4796 -4.7516 -4.2906
Car -1 -1 -4.8518 381.0066 175.8787 409.8126 197.4931 1.5276 1.5720 3.4185 -15.3934 1.2010 51.8536 -5.1370 -4.4597
Car -1 -1 -4.6964 670.7646 168.7867 689.0679 186.9789 1.5196 1.5098 3.4481 6.4841 0.5411 60.8626 -4.5890 -4.5117
Car -1 -1 -2.3545 0.0000 194.8000 60.1315 247.4100 1.3830 1.6153 3.7085 -17.8965 1.8070 20.0219 -3.0744 -4.5127
Car -1 -1 -3.0555 479.6581 163.3580 524.4296 181.7491 1.6127 1.6725 3.8122 -9.1183 0.1094 62.9410 -3.1967 -4.5323
Car -1 -1 -7.8510 431.8398 172.4713 489.6883 229.6138 1.5068 1.5068 3.7339 -4.2282 1.2954 20.6222 -8.0484 -4.6292
Car -1 -1 -6.9586 1217.2134 137.2152 1223.0000 231.0568 1.5292 1.6158 3.7529 13.5027 0.8242 12.5739 -6.1485 -4.6626
Car -1 -1 -4.8629 310.5718 178.4664 352.1953 207.6746 1.5879 1.6384 4.1366 -15.7806 1.4775 40.6416 -5.2289 -4.7665
Car -1 -1 -6.1770 513.4513 167.2245 563.9682 184.6853 1.5457 1.7853 4.3519 -5.9068 0.3704 63.5185 -6.2674 -4.9202
Car -1 -1 -4.4364 780.8383 161.6072 834.5303 196.9452 1.5666 1.5002 3.6313 9.5630 0.7292 33.2828 -4.1574 -5.2185
Car -1 -1 -4.4467 372.9497 173.9662 400.0566 188.8732 1.3989 1.5542 3.7821 -21.0354 0.7856 68.2661 -4.7425 -5.2433
Car -1 -1 -4.3002 337.1753 175.4750 398.9579 200.4956 1.3711 1.6698 4.6495 -13.6997 1.0959 41.1402 -4.6176 -5.2470
Car -1 -1 -2.3638 17.0122 171.1495 84.1751 193.6304 1.6362 1.8257 3.7306 -41.1969 0.9557 52.5857 -3.0237 -5.2559
Car -1 -1 -5.4764 504.9176 169.1579 557.1547 191.8241 1.5914 1.7339 3.6614 -5.4035 0.7951 51.4890 -5.5785 -5.3574
Car -1 -1 -4.5554 631.8990 167.1779 663.4263 191.0675 1.6498 1.6392 4.1495 3.1219 0.7298 51.0314 -4.4930 -5.4651
Car -1 -1 -7.9092 72.9770 170.6441 105.6037 197.9723 1.8112 1.6343 3.6520 -35.6121 1.1581 48.7945 -8.5349 -5.4931
Car -1 -1 -8.2039 814.8985 163.0678 875.7102 197.4746 1.5029 1.5783 3.3767 10.9834 0.7417 32.5932 -7.8800 -5.5453
Car -1 -1 -4.9251 360.3734 177.8802 399.9334 202.1832 1.4863 1.5524 4.3404 -14.5206 1.3262 45.5117 -5.2302 -5.6678
Car -1 -1 -7.5573 194.8962 0.0000 1223.0000 369.0000 1.4863 1.5497 3.6853 -0.5149 1.4853 1.0198 -7.9199 -5.8245
Car -1 -1 -6.0675 27.7724 184.4489 115.3768 212.0519 1.4370 1.5157 3.5789 -29.0800 1.6609 38.6431 -6.7070 -5.8914
Car -1 -1 -7.2577 1223.0000 132.4233 1223.0000 369.0000 1.3888 1.5980 4.3425 5.7472 1.2398 3.1212 -6.2251 -6.1470
Car -1 -1 -3.9444 0.0000 183.9448 126.4519 369.0000 1.4093 1.5609 3.9454 -5.5588 1.4442 5.0714 -4.7428 -6.1812
Car -1 -1 -8.4519 1018.6065 0.0000 1223.0000 369.0000 1.6016 1.7039 3.9541 3.1163 1.4078 2.6209 -7.6363 -6.2998
