Car -1 -1 -7.1839 0.0000 197.4505 317.5562 369.0000 1.4736 1.6561 3.7362 -3.1986 1.6097 3.7836 -7.8438 5.2389
Car -1 -1 -4.6456 449.6783 169.1294 480.1824 194.1645 1.4986 1.6046 4.0189 -8.7610 0.8180 44.4168 -4.8371 4.7938
Car -1 -1 -3.9498 1162.0287 146.2182 1223.0000 183.7536 1.4887 1.6803 4.2649 25.5848 0.1293 29.0720 -3.2318 2.1569
Car -1 -1 -4.3849 58.3850 187.3572 127.2681 220.2345 1.4212 1.5766 3.4578 -24.0015 1.7619 33.2306 -5.0043 -2.1758
Car -1 -1 -2.1252 398.5894 173.3203 451.3300 196.9660 1.5113 1.6537 3.8066 -12.0267 1.0525 47.1099 -2.3718 -2.5733
Car -1 -1 -7.7278 60.3194 176.1538 95.4989 197.1238 1.5223 1.6454 3.8416 -39.7555 1.2068 53.4044 -8.3632 -2.8231
Car -1 -1 -3.9148 29.4291 176.2387 149.4522 217.2703 1.5950 1.7485 3.9484 -21.4449 1.4296 29.5822 -4.5352 -3.1746
Car -1 -1 -8.2230 1171.9065 145.8614 1223.0000 187.3823 1.4898 1.4758 3.2295 23.3120 0.2472 27.1374 -7.5174 -3.3757
Car -1 -1 -4.4459 420.3509 172.2570 462.2477 195.3587 1.4095 1.6573 3.7715 -10.3839 0.9067 45.0597 -4.6691 -3.4358
Car -1 -1 -5.0612 495.2149 168.3485 543.6310 195.7383 1.5256 1.5895 3.8800 -5.0774 0.8489 41.4719 -5.1803 -3.9317
Car -1 -1 -7.6034 577.6170 170.4180 622.7274 197.8654 1.4067 1.5292 3.8575 -0.2227 0.8901 38.2934 -7.6074 -3.9461
Car -1 -1 -4.7873 112.7994 177.3786 144.1931 200.5224 1.5608 1.5811 3.4737 -33.4044 1.3503 49.5368 -5.3760 -4.0488
Car -1 -1 -8.1943 761.1324 152.6821 801.3840 178.9632 2.0677 1.8429 4.4044 14.4536 -0.1315 58.1763 -7.9502 -4.1447
Car -1 -1 -4.4207 532.9396 170.2116 562.7662 188.5326 1.5288 1.5505 3.7360 -4.8799 0.6702 60.9899 -4.4983 -4.2266
Car -1 -1 -6.6122 0.0000 196.1143 100.3978 367.6343 1.3861 1.4728 3.4107 -7.9710 1.6020 7.9048 -7.3800 -4.3390
Car -1 -1 -4.7630 395.4124 173.6921 421.1315 196.5564 1.5349 1.5586 3.5907 -13.7762 1.0779 49.4149 -5.0315 -4.4424
Car -1 -1 -5.2556 752.6681 161.2073 801.3523 183.7946 1.5298 1.6117 3.7835 12.0946 0.2232 49.9352 -5.0176 -4.5379
Car -1 -1 -6.1195 800.6251 161.8697 879.8553 193.9998 1.5910 1.6410 3.6734 12.1497 0.6686 36.5908 -5.7997 -4.5616
Car -1 -1 -3.4610 685.2972 163.6472 735.4041 184.3184 1.6425 1.7397 3.6577 8.5356 0.3034 57.3500 -3.3122 -4.5663
Car -1 -1 -8.2040 985.4000 163.0765 1087.4329 216.6590 1.3384 1.4020 2.9908 11.5967 0.9035 19.2601 -7.6676 -4.5718
Car -1 -1 -4.3765 333.5291 176.8088 384.1183 202.3745 1.4385 1.5878 3.9790 -14.4850 1.2309 41.7766 -4.7062 -4.6301
Car -1 -1 -3.7704 0.0000 184.5768 91.4319 213.2554 1.4570 1.6272 3.7542 -30.4420 1.6909 38.5245 -4.4335 -4.6416
Car -1 -1 -4.5289 29.0446 180.6718 98.2135 219.7046 1.5639 1.6992 3.6404 -23.1686 1.5720 30.3542 -5.1741 -4.7885
Car -1 -1 -8.0404 83.6389 176.7445 127.7566 200.4972 1.5603 1.7154 4.3478 -34.3341 1.3136 48.5774 -8.6508 -4.8086
Car -1 -1 -4.2049 266.3902 177.4689 348.2759 212.7087 1.6117 1.8141 4.2993 -14.4596 1.4733 34.5782 -4.5961 -4.8363
Car -1 -1 -3.6992 1128.0812 152.9755 1223.0000 187.7460 1.6086 1.7410 4.2352 27.8460 0.3354 33.8431 -3.0136 -4.8695
Car -1 -1 -8.1924 885.6971 161.0061 942.2824 187.9227 1.4479 1.6233 4.2181 17.4664 0.3994 40.1942 -7.7836 -5.1763
Car -1 -1 -4.1837 0.0000 182.6921 50.7665 210.7756 1.4481 1.4537 3.3306 -32.0169 1.5730 38.4910 -4.8718 -5.3641
Car -1 -1 -7.7049 267.6101 177.6916 325.0502 218.8883 1.5692 1.5680 3.9736 -12.6239 1.4625 29.0522 -8.1091 -5.3855
Car -1 -1 -4.6609 491.6686 165.0396 521.0527 189.7880 1.4860 1.6136 4.1730 -6.1843 0.5578 44.6006 -4.7958 -5.3858
Car -1 -1 -4.9778 347.2136 173.6951 384.8149 198.2083 1.7479 1.6903 3.8935 -17.7740 1.2627 52.5051 -5.3007 -5.3913
Car -1 -1 -4.6990 522.3975 169.9261 542.0662 187.5024 1.4629 1.6252 4.0655 -6.2286 0.5828 60.9433 -4.7985 -5.4332
Car -1 -1 -4.6712 113.7738 189.0117 157.9477 220.8637 1.3937 1.6035 3.3660 -22.3796 1.8229 33.7848 -5.2503 -5.5574
Car -1 -1 -4.1800 0.0000 183.0686 85.9352 215.7999 1.4315 1.6231 4.3357 -26.8055 1.5617 33.5349 -4.8481 -5.6991
Car -1 -1 -4.6993 371.1448 173.1381 398.1590 199.4475 1.4893 1.4682 3.5478 -13.0443 1.0727 41.9337 -4.9969 -5.7035
Car -1 -1 -4.8213 345.3368 174.3226 379.5618 198.2924 1.4966 1.6992 4.0571 -15.9384 1.1110 46.3439 -5.1487 -5.7825
Car -1 -1 -1.8999 12.8595 176.0894 63.2396 197.8110 1.5245 1.6330 4.1080 -41.2433 1.2150 51.4187 -2.5711 -5.7954
Car -1 -1 -7.5452 230.9011 0.0000 1223.0000 369.0000 1.4469 1.5510 3.7392 -0.5131 1.4718 0.9897 -7.9141 -5.8808
Car -1 -1 -4.4707 0.0000 183.5023 0.0000 210.8236 1.5114 1.6480 4.0078 -41.7017 1.6978 41.7269 -5.2503 -5.8867
Car -1 -1 -4.5193 0.0000 180.6000 0.0000 205.1545 1.5274 1.6589 4.0247 -41.7129 1.5343 46.1521 -5.2491 -5.8867
Car -1 -1 -4.4285 0.0000 182.9903 0.0000 213.4141 1.5492 1.6635 4.0270 -41.6980 1.6925 38.5114 -5.2479 -5.8867
Car -1 -1 -4.5470 0.0000 180.0471 23.6359 202.7861 1.5058 1.6519 4.0218 -41.7178 1.4758 48.9715 -5.2477 -5.8867
Car -1 -1 -9.1921 0.0000 0.0000 1223.0000 369.0000 1.5242 1.5854 3.7999 3.8967 1.4797 0.9681 -7.9398 -5.8867
Car -1 -1 -3.8988 1186.9325 100.1460 1223.0000 369.0000 1.4304 1.6627 4.2297 5.6422 1.1970 3.3614 -2.9048 -5.9369
Car -1 -1 -4.0324 0.0000 125.7018 0.0000 369.0000 1.5174 1.5519 3.9605 -5.5476 1.4504 2.9977 -5.0618 -6.2766
Car -1 -1 -6.0847 0.0000 193.0303 260.5565 369.0000 1.5729 1.6100 3.8271 -6.0393 1.7403 7.8860 -6.7175 -6.3972
Car -1 -1 -8.0418 549.8999 160.9942 587.2542 184.7024 1.5467 1.8398 3.9599 -2.5336 0.2742 48.2680 -8.0920 -6.5573
