Car -1 -1 -7.1256 0.0000 200.7104 301.4287 369.0000 1.5179 1.7762 3.8486 -3.2060 1.6682 3.3129 -7.8466 5.0817
Car -1 -1 -4.6738 437.7325 172.8542 476.4544 203.6774 1.5094 1.7990 4.3111 -7.6730 1.1352 36.8970 -4.8754 4.3452
Car -1 -1 -5.2748 410.6693 177.7949 462.0203 200.7143 1.4621 1.5610 3.7547 -11.2367 1.2896 46.9762 -5.5064 -1.4308
Car -1 -1 -4.8924 510.8400 172.0386 534.3133 187.7018 1.5291 1.6757 3.9169 -8.2926 0.7029 71.1414 -5.0062 -2.7290
Car -1 -1 -3.7429 504.8944 167.6265 555.1891 189.3954 1.7088 1.6671 3.7760 -6.0505 0.6983 57.3607 -3.8456 -3.0934
Car -1 -1 -3.8793 373.8372 179.0601 415.2061 196.1617 1.6157 1.6721 3.6924 -20.4256 1.4795 68.8097 -4.1650 -3.1254
Car -1 -1 -4.7415 65.6438 189.8123 111.9240 225.4868 1.4588 1.5961 3.8237 -23.3913 1.9063 31.9605 -5.3670 -3.2200
Car -1 -1 -4.1599 86.1088 180.9988 142.2272 204.7731 1.5621 1.5596 3.4546 -33.4571 1.5974 48.2933 -4.7611 -3.2278
Car -1 -1 -4.8390 50.9721 174.7759 86.6692 197.9739 1.6733 1.6597 3.9613 -40.2082 1.2604 52.9992 -5.4834 -3.2366
Car -1 -1 -8.3044 500.9914 170.7763 545.8430 194.6324 1.5768 1.6110 3.7273 -5.6613 0.9341 48.7379 -8.4176 -3.2462
Car -1 -1 -7.9107 578.4723 170.6501 597.2440 185.8538 1.4291 1.6006 3.9039 -1.6607 0.5031 68.4690 -7.9331 -3.6792
Car -1 -1 -7.8250 591.7995 169.0381 609.7157 185.1347 1.5225 1.6259 3.9983 -0.3635 0.4382 68.8974 -7.8285 -3.9744
Car -1 -1 -6.5022 679.1077 168.5574 733.3046 190.4879 1.6803 1.7030 3.9083 7.8774 0.7652 55.1720 -6.3595 -4.2236
Car -1 -1 -7.8466 874.0646 163.8916 909.1246 195.8074 1.4797 1.5191 3.5619 14.0537 0.7099 34.7170 -7.4634 -4.2343
Car -1 -1 -4.8478 371.2636 178.0970 404.1921 202.1780 1.6122 1.7111 3.7855 -15.2171 1.4514 49.4146 -5.1431 -4.3805
Car -1 -1 -4.6733 530.5479 170.7667 548.5997 187.2433 1.6211 1.6721 3.5457 -6.5536 0.6633 71.3766 -4.7627 -4.4723
Car -1 -1 -3.8729 0.0000 187.7852 102.0582 227.9052 1.6721 1.6549 3.6129 -25.1472 2.0228 32.0937 -4.5312 -4.4756
Car -1 -1 -7.9546 391.5060 177.2529 422.2468 201.5057 1.5030 1.5439 3.9077 -12.9054 1.3019 45.9182 -8.2251 -4.5398
Car -1 -1 -8.0991 261.3884 174.7022 383.9847 255.9518 1.6593 1.6863 4.3267 -6.8154 1.5412 16.6872 -8.4785 -4.5752
Car -1 -1 -4.5298 580.2064 172.5896 610.8123 192.8825 1.6006 1.7792 4.1548 -0.7265 0.9766 57.9674 -4.5406 -4.8136
Car -1 -1 -4.4830 270.6095 183.5304 326.0468 217.5592 1.5387 1.6518 3.7038 -14.8149 1.6943 34.2878 -4.8859 -4.8401
Car -1 -1 -4.6448 731.6356 161.8564 754.4052 182.5967 1.7154 1.6593 3.7963 11.8553 0.1734 60.5274 -4.4506 -4.8670
Car -1 -1 -7.8178 861.7136 162.7596 916.9869 216.5531 1.4794 1.4313 3.5411 8.6007 0.9918 21.3531 -7.4383 -4.9117
Car -1 -1 -4.8321 400.6050 177.6506 433.1268 201.4769 1.5873 1.7183 4.1280 -13.1654 1.3975 49.3377 -5.0896 -4.9530
Car -1 -1 -8.4949 1069.4620 152.8712 1223.0000 227.2587 1.4291 1.5655 3.8451 12.1751 0.8987 15.5189 -7.8379 -4.9972
Car -1 -1 -4.7555 366.6615 178.4483 393.1125 201.1134 1.6081 1.7032 3.9645 -16.6836 1.4625 52.3189 -5.0608 -5.0468
Car -1 -1 -4.6698 635.4042 171.8381 660.1016 193.6087 1.4784 1.5838 3.6563 3.0487 0.8903 49.9164 -4.6075 -5.1012
Car -1 -1 -4.1594 98.8553 178.0137 162.5957 202.0468 1.5636 1.7486 3.9920 -32.1243 1.4019 48.0234 -4.7442 -5.1605
Car -1 -1 -5.2309 705.8057 164.0947 744.5976 184.3225 1.6780 1.6218 3.7775 10.2930 0.3170 60.7039 -5.0620 -5.2105
Car -1 -1 -4.9960 339.1673 176.1987 380.1766 201.7299 1.7691 1.7347 4.0947 -17.7851 1.4711 51.1646 -5.3269 -5.2573
Car -1 -1 -4.2214 84.4477 188.6968 167.8411 224.3605 1.5150 1.5857 3.8173 -22.2003 1.9197 32.9192 -4.8087 -5.4757
Car -1 -1 -5.2097 373.8256 176.5136 415.1465 197.3169 1.7175 1.7213 3.9295 -17.9843 1.3883 60.3727 -5.4961 -5.6457
Car -1 -1 -4.5911 340.0297 178.3179 379.2460 205.8114 1.6114 1.7418 4.5706 -15.1600 1.4836 43.8566 -4.9200 -5.6958
Car -1 -1 -4.5260 402.0740 178.9765 426.3304 193.8248 1.4580 1.7116 3.6315 -19.1810 1.3083 71.3028 -4.7860 -5.7751
Car -1 -1 -4.8394 391.9024 176.1089 417.8546 193.9694 1.5116 1.6922 4.1093 -17.5789 1.1399 62.0630 -5.1124 -5.7834
Car -1 -1 -4.1907 277.1835 181.9258 346.6726 208.7229 1.4375 1.6888 4.4074 -16.6846 1.5238 40.4686 -4.5774 -5.8202
Car -1 -1 -7.5389 237.4927 0.0000 1223.0000 369.0000 1.4391 1.5735 3.8099 -0.5389 1.5000 1.0219 -7.9166 -5.8446
Car -1 -1 -4.1541 0.0000 187.1229 54.1571 225.2516 1.5633 1.6750 4.2452 -27.1960 1.8838 31.9790 -4.8523 -5.8646
Car -1 -1 -4.5541 0.0000 180.2470 23.5696 203.2220 1.5215 1.6556 4.0255 -41.7114 1.5048 48.9751 -5.2547 -5.8867
Car -1 -1 -7.1825 1223.0000 163.1201 1223.0000 365.0031 1.3937 1.5693 4.0128 7.6620 1.2742 5.6826 -6.2749 -5.9422
Car -1 -1 -1.7292 9.1425 178.4715 49.9602 201.4779 1.5850 1.6454 4.1998 -41.3086 1.4453 50.7288 -2.4078 -5.9784
Car -1 -1 -7.4083 1223.0000 131.7584 1223.0000 369.0000 1.3967 1.5926 4.3539 6.0802 1.2276 3.4980 -6.3969 -6.1653
Car -1 -1 -7.0177 1184.6122 159.4523 1223.0000 333.8681 1.4381 1.6162 4.3121 8.5403 1.2650 6.9201 -6.1486 -6.3082
Car -1 -1 -7.8642 107.3576 172.4227 130.6929 192.5573 1.6157 1.5562 3.6197 -40.3194 0.9675 58.6670 -8.4620 -6.4866
