Car -1 -1 -7.1253 0.0000 200.7328 299.8709 369.0000 1.5147 1.7602 3.8047 -3.1970 1.6644 3.3042 -7.8460 5.2399
Car -1 -1 -4.5745 443.7178 171.6975 482.9623 199.0437 1.5460 1.7164 4.2279 -8.3912 1.0485 42.1310 -4.7679 4.4650
Car -1 -1 -4.5152 82.6979 181.3681 126.5788 204.7123 1.5200 1.6478 4.1982 -34.2250 1.5823 48.4588 -5.1254 -1.4788
Car -1 -1 -3.6534 507.8738 170.2126 558.0573 190.2236 1.5681 1.6311 3.7113 -5.7978 0.7619 57.1388 -3.7522 -1.6626
Car -1 -1 -5.1148 410.0843 178.1702 453.7828 201.2226 1.4675 1.5753 3.4967 -11.5083 1.3193 46.8831 -5.3522 -2.6127
Car -1 -1 -4.8568 512.0237 171.5680 534.1237 187.1666 1.5243 1.6759 3.8574 -8.2447 0.6513 71.1711 -4.9699 -2.8064
Car -1 -1 -4.3266 1127.6379 142.7119 1204.3120 180.8575 1.8603 1.7076 3.9930 28.7250 0.0176 36.2104 -3.6585 -3.2473
Car -1 -1 -4.1859 97.8001 181.4638 158.7988 204.0260 1.4839 1.6157 4.1432 -32.8100 1.5533 48.7978 -4.7732 -3.3222
Car -1 -1 -7.4815 625.5657 172.0768 666.8041 195.7842 1.6013 1.6447 3.7524 2.9407 1.0324 49.8058 -7.4213 -3.6185
Car -1 -1 -7.5625 57.7287 178.8895 102.1882 201.1525 1.6097 1.6278 3.8782 -39.4506 1.4932 53.2211 -8.1958 -3.6492
Car -1 -1 -8.4383 875.7590 160.4808 941.0608 190.1157 1.5816 1.6261 3.6254 16.9326 0.5133 39.6655 -8.0360 -3.6830
Car -1 -1 -5.1633 366.2345 177.8484 412.5265 201.8759 1.6161 1.6820 3.6476 -15.1110 1.4378 49.4670 -5.4564 -4.0881
Car -1 -1 -7.6881 527.3363 170.7426 551.1124 186.5400 1.5495 1.7338 4.0977 -6.5864 0.5923 71.4597 -7.7779 -4.2696
Car -1 -1 -7.9955 58.6016 180.0536 97.0355 206.1824 1.6832 1.5706 3.7282 -35.3856 1.6545 47.4262 -8.6317 -4.3285
Car -1 -1 -5.0892 41.7601 191.2403 124.6895 227.3152 1.5327 1.7430 4.0915 -24.3644 2.0613 32.9579 -5.7197 -4.4567
Car -1 -1 -4.4962 65.4330 178.8600 117.9448 208.3068 1.7804 1.8201 4.2531 -32.6347 1.6813 45.0617 -5.1180 -4.5119
Car -1 -1 -2.7777 499.9256 169.6623 557.6393 193.8668 1.6453 1.7098 3.6349 -5.3059 0.9086 49.3527 -2.8824 -4.5631
Car -1 -1 -5.9607 0.0000 199.6785 0.0000 270.2693 1.4701 1.5826 3.6203 -17.4952 1.9746 17.0681 -6.7476 -4.5879
Car -1 -1 -4.4446 270.0210 182.8959 328.5656 217.4727 1.5636 1.6352 3.8163 -14.7465 1.6866 34.2510 -4.8461 -4.6031
Car -1 -1 -5.5584 652.3271 169.5034 704.7100 190.3708 1.5903 1.6908 4.0062 5.7902 0.7522 55.9325 -5.4541 -4.7442
Car -1 -1 -4.9221 347.5189 178.6025 382.2643 201.9807 1.6292 1.6303 3.8518 -17.4651 1.4970 51.3455 -5.2465 -4.7884
Car -1 -1 -4.4066 429.1836 178.4226 457.8352 194.9051 1.5304 1.5734 3.8715 -15.3894 1.3374 67.6457 -4.6277 -4.8742
Car -1 -1 -4.7100 339.3686 180.5286 370.3817 208.4003 1.4954 1.5801 4.0622 -14.1863 1.4972 40.1156 -5.0457 -4.9769
Car -1 -1 -4.9354 564.9301 172.6696 593.0049 192.4052 1.5688 1.5553 3.5761 -2.1598 0.9463 58.1293 -4.9706 -4.9855
Car -1 -1 -4.5168 384.6591 177.8747 412.4276 192.8904 1.4418 1.8135 4.4084 -20.4162 1.1896 70.1625 -4.7971 -5.0501
Car -1 -1 -4.6816 731.0974 161.8418 752.4263 183.1395 1.7624 1.6744 3.8944 11.7602 0.2184 60.5935 -4.4891 -5.1357
Car -1 -1 -6.0506 210.9242 183.1558 383.7490 257.7091 1.5128 1.6166 3.1734 -6.6508 1.5752 15.4787 -6.4474 -5.1494
Car -1 -1 -7.9003 576.4294 166.4673 595.2352 181.6464 1.4387 1.6688 3.6010 -1.8654 0.1085 68.8719 -7.9254 -5.1916
Car -1 -1 -4.6775 369.6632 178.9440 396.4948 202.2446 1.6589 1.7478 4.1854 -16.4590 1.5481 52.5865 -4.9775 -5.1943
Car -1 -1 -4.6564 506.3411 170.6188 530.8781 191.6499 1.4931 1.5716 3.9819 -6.3436 0.7916 52.2333 -4.7747 -5.2740
Car -1 -1 -4.7465 382.5747 175.1514 404.5146 193.3940 1.4497 1.6037 4.1636 -17.4864 1.0247 58.4178 -5.0341 -5.4516
Car -1 -1 -4.7555 392.4043 176.7163 414.5042 194.7574 1.5070 1.6744 4.0806 -17.4742 1.1909 61.2622 -5.0304 -5.6003
Car -1 -1 -2.3366 10.4401 180.5238 78.0273 202.3234 1.5609 1.7430 3.7926 -41.0163 1.5627 51.7552 -3.0021 -5.7436
Car -1 -1 -7.5299 260.2591 0.0000 1223.0000 369.0000 1.4377 1.5667 3.8046 -0.5272 1.5025 1.0026 -7.9050 -5.8799
Car -1 -1 -4.7298 538.6445 168.1743 559.6407 191.0429 1.7171 1.5656 4.0492 -4.3811 0.7916 55.1792 -4.8068 -5.8858
Car -1 -1 -4.2393 122.4231 181.3177 179.8553 203.5988 1.4514 1.6107 4.0741 -30.9280 1.5097 48.3114 -4.8041 -5.8867
Car -1 -1 -4.1954 1223.0000 94.3219 1223.0000 369.0000 1.4656 1.6110 3.9679 5.3350 1.2130 2.9424 -3.1722 -5.8867
Car -1 -1 -4.5717 0.0000 180.7673 27.6002 203.6140 1.5247 1.6547 4.0160 -41.7129 1.5442 49.3769 -5.2684 -5.8867
Car -1 -1 -3.7348 1016.0900 158.3441 1197.2045 215.2482 1.4073 1.5302 3.5811 12.8233 0.8597 18.2737 -3.1293 -5.9476
Car -1 -1 -5.0109 382.9252 175.2353 427.4963 200.4668 1.4910 1.5923 3.8882 -12.4355 1.1800 43.8470 -5.2837 -5.9599
Car -1 -1 -7.1602 1215.9845 162.5640 1223.0000 369.0000 1.4243 1.5976 4.0559 7.5869 1.3026 5.6708 -6.2564 -5.9603
Car -1 -1 -7.8112 103.9561 171.5629 128.8933 191.4529 1.5950 1.5445 3.3477 -40.3999 0.8783 58.5285 -8.4110 -6.0626
Car -1 -1 -7.2929 1210.4620 169.7911 1223.0000 369.0000 1.4316 1.6156 4.3350 6.4068 1.3812 4.2926 -6.3448 -6.0838
Car -1 -1 -4.4212 403.8591 177.2559 429.3923 194.0165 1.6456 1.5692 3.3921 -18.8956 1.3269 71.1402 -4.6781 -6.0983
Car -1 -1 -4.8701 366.1126 175.3842 403.3904 206.5153 1.7314 1.5814 3.2817 -12.8576 1.4470 41.1446 -5.1691 -6.1014
Car -1 -1 -4.7626 607.9318 168.0514 635.5140 190.8412 1.5529 1.7438 4.4270 1.1504 0.7047 50.4131 -4.7382 -6.1761
Car -1 -1 -7.0384 1185.4049 162.0844 1223.0000 333.0480 1.4306 1.5819 4.2139 8.4789 1.2770 6.9329 -6.1738 -6.3678
Car -1 -1 -2.4941 0.0000 167.5966 141.7898 315.6122 1.8446 1.6591 3.9840 -9.0341 1.6842 9.7967 -3.2212 -6.6005
Car -1 -1 -4.4962 41.9116 177.3474 83.5554 200.1878 1.6845 1.7697 3.6896 -41.4954 1.4520 54.1910 -5.1452 -6.6377
