Car -1 -1 -7.1359 0.0000 200.5107 299.3994 369.0000 1.5140 1.7876 3.8792 -3.2068 1.6627 3.2966 -7.8592 5.5747
Car -1 -1 -4.6171 447.2526 172.3952 481.3210 198.1490 1.5260 1.6907 4.0552 -8.7126 1.0459 43.9952 -4.8095 3.9952
Car -1 -1 -7.9454 641.2179 168.1448 667.0682 188.8782 1.5601 1.6731 3.7412 3.8020 0.6304 55.0905 -7.8751 3.3780
Car -1 -1 -5.0181 503.0310 169.4416 531.6863 184.6469 1.4824 1.6903 4.1690 -8.8263 0.4041 71.1775 -5.1391 -2.5546
Car -1 -1 -4.5025 74.8987 195.9617 138.2164 231.9447 1.4453 1.5458 4.0150 -22.7647 2.2009 32.3966 -5.1089 -2.6736
Car -1 -1 -2.1907 401.8513 179.1320 450.6776 201.1971 1.3987 1.5831 3.1404 -11.7587 1.3121 46.4412 -2.4354 -2.8886
Car -1 -1 -6.0670 0.0000 194.4776 4.4393 264.4008 1.4767 1.6090 3.4642 -17.0250 1.8479 17.1651 -6.8374 -3.1178
Car -1 -1 -4.7155 52.8404 174.2274 86.6037 201.3620 1.9660 1.9742 4.8291 -40.6698 1.5115 53.7497 -5.3587 -3.3480
Car -1 -1 -4.5479 417.4398 174.4229 453.9966 200.7375 1.5783 1.6622 3.5090 -10.5462 1.2139 44.2137 -4.7787 -3.3570
Car -1 -1 -2.9986 630.3820 169.5878 693.3346 193.6086 1.6148 1.7149 4.1303 3.9419 0.8812 48.8262 -2.9168 -3.6166
Car -1 -1 -4.0689 0.0000 187.3027 93.1032 218.0707 1.5840 1.8984 4.4749 -31.2573 1.9873 39.6514 -4.7310 -3.6845
Car -1 -1 -7.6937 0.0000 187.1252 20.9039 219.0193 1.5733 1.6835 4.2739 -32.9457 1.9514 38.0790 -8.4012 -3.8062
Car -1 -1 -7.7729 526.0233 168.3234 546.1246 184.2043 1.5597 1.6980 3.9877 -6.9081 0.3636 71.4449 -7.8671 -4.0462
Car -1 -1 -4.7233 47.3788 187.4696 93.9121 220.5860 1.4637 1.7201 4.4691 -26.1042 1.8267 34.5143 -5.3649 -4.0982
Car -1 -1 -4.9985 370.4649 178.8744 409.1393 201.7302 1.5377 1.6354 3.6478 -15.1085 1.4283 49.5420 -5.2911 -4.1093
Car -1 -1 -6.9745 504.9626 169.4126 551.3591 189.3133 1.5631 1.6635 3.4792 -6.2021 0.6922 57.3598 -7.0799 -4.1390
Car -1 -1 -4.7550 734.5240 163.7861 754.7471 179.5161 1.5368 1.8330 4.0595 14.1164 -0.1027 71.4918 -4.5591 -4.1587
Car -1 -1 -7.8946 593.0179 168.1987 610.8054 183.9857 1.4985 1.5792 4.0356 -0.3019 0.3307 69.1621 -7.8972 -4.3661
Car -1 -1 -6.8746 0.0000 185.4716 101.1826 216.9507 1.5774 1.7021 4.1491 -30.0298 1.8631 38.3736 -7.5330 -4.6576
Car -1 -1 -7.9123 493.8442 177.0439 554.9085 234.1504 1.4253 1.4612 3.5078 -2.3322 1.3394 19.5008 -8.0276 -4.7189
Car -1 -1 -4.7670 1173.8219 151.6715 1223.0000 188.4075 1.4890 1.6333 4.1615 25.9132 0.3207 30.8150 -4.0712 -4.7329
Car -1 -1 -2.8916 569.3951 171.1990 619.6697 191.3015 1.5867 1.8015 3.7307 -0.8206 0.8525 57.1212 -2.9041 -4.7441
Car -1 -1 -4.8428 405.7410 178.6046 439.2430 200.5608 1.4549 1.6905 4.5394 -12.7618 1.3294 49.2729 -5.0930 -4.7825
Car -1 -1 -8.5878 1206.8400 153.9784 1223.0000 193.7703 1.4189 1.6266 4.2060 25.8129 0.4734 27.3298 -7.8351 -4.9790
Car -1 -1 -8.0715 573.8810 168.5962 598.1022 184.3965 1.4951 1.5736 3.8312 -1.8575 0.3686 68.9534 -8.0965 -4.9854
Car -1 -1 -4.9163 716.2308 164.7780 745.1434 183.0860 1.5173 1.6542 4.0388 10.7526 0.2143 60.6389 -4.7399 -4.9887
Car -1 -1 -8.3770 777.1503 166.0902 824.8826 192.8783 1.4198 1.4370 2.5637 10.7331 0.6562 38.8954 -8.1080 -5.1417
Car -1 -1 -7.8746 498.5876 174.0181 547.2761 223.3983 1.4564 1.4336 3.7430 -2.7194 1.2655 22.8045 -7.9898 -5.1758
Car -1 -1 -7.9239 501.1129 166.8659 555.8722 213.0115 1.6658 1.8389 4.2480 -3.1090 1.1739 27.7774 -8.0323 -5.2062
Car -1 -1 -4.8114 351.6706 179.4202 379.6319 202.9704 1.6495 1.5840 3.6490 -17.4620 1.5739 51.5118 -5.1347 -5.2127
Car -1 -1 -4.2168 0.0000 187.9878 54.4984 225.6468 1.6405 1.5892 3.7018 -28.0972 2.0169 33.5537 -4.9077 -5.2346
Car -1 -1 -4.7461 393.1840 177.4469 414.2312 195.0798 1.4735 1.6251 4.0690 -17.4534 1.2183 61.2698 -5.0206 -5.5314
Car -1 -1 -4.6960 547.9235 171.6067 571.6019 194.9096 1.5947 1.6135 4.2289 -3.1963 0.9861 50.5349 -4.7571 -5.5368
Car -1 -1 -4.8568 390.7238 179.7940 417.1312 194.3254 1.4050 1.8962 4.7126 -20.1693 1.3366 70.9033 -5.1312 -5.5513
Car -1 -1 -4.5192 407.1286 178.7346 430.7076 194.1008 1.5158 1.6557 3.5245 -18.7742 1.3415 71.5577 -4.7731 -5.6366
Car -1 -1 -4.6185 336.4715 178.9627 372.9273 205.4193 1.5596 1.7285 4.2835 -15.5133 1.4691 43.9669 -4.9538 -5.6757
Car -1 -1 -7.5441 221.3904 0.0000 1223.0000 369.0000 1.4464 1.5678 3.7536 -0.5292 1.5192 1.0050 -7.9201 -5.8082
Car -1 -1 -4.4486 0.0000 184.2820 0.0000 213.4508 1.5269 1.6519 4.0094 -41.6976 1.7509 39.7107 -5.2527 -5.8867
Car -1 -1 -4.5800 0.0000 181.9377 37.8402 204.9348 1.5506 1.6735 4.0999 -41.5878 1.6569 50.1275 -5.2678 -5.8867
Car -1 -1 -4.4755 0.0000 181.3273 0.0000 208.1038 1.5091 1.6519 4.0172 -41.7058 1.5609 42.1276 -5.2504 -5.8867
Car -1 -1 -4.4165 0.0000 184.1548 0.0000 215.5707 1.5396 1.6565 4.0166 -41.6946 1.7437 37.2986 -5.2516 -5.8867
Car -1 -1 -4.7058 96.6688 174.2387 120.3175 192.1319 1.4508 1.5825 3.8798 -41.6495 0.9431 59.3745 -5.3133 -5.9843
Car -1 -1 -7.3633 1223.0000 132.1850 1223.0000 369.0000 1.4076 1.6027 4.3980 6.0855 1.2332 3.5128 -6.3533 -6.1561
Car -1 -1 -4.2527 0.0000 186.6648 26.3887 221.6578 1.5837 1.7714 3.8115 -30.5596 1.9053 34.7949 -4.9673 -7.1014
