Car -1 -1 -8.3395 667.3963 166.9695 727.6051 196.9295 1.5665 1.6966 3.8376 5.0327 0.8592 39.0640 -8.2106 6.8114
Car -1 -1 -7.1446 0.0000 202.4046 300.5310 369.0000 1.5024 1.7427 3.7837 -3.1775 1.6650 3.3408 -7.8573 5.0007
Car -1 -1 -4.6028 447.2280 172.3507 482.4027 198.2970 1.5379 1.7027 4.0629 -8.6800 1.0550 44.0039 -4.7944 4.3491
Car -1 -1 -5.2564 409.5918 178.6189 459.2199 201.2606 1.4439 1.5722 3.5949 -11.3508 1.3240 46.9232 -5.4905 -2.0164
Car -1 -1 -4.8844 511.5396 170.4169 534.5686 186.4344 1.5648 1.6733 3.8389 -8.2449 0.5796 71.1521 -4.9975 -2.7199
Car -1 -1 -6.7763 507.5688 170.6275 557.4726 190.9921 1.5989 1.5838 3.7087 -5.8412 0.8237 57.2057 -6.8757 -2.8262
Car -1 -1 -4.3219 418.0029 171.8588 469.9343 200.1199 1.6947 1.8066 3.9612 -10.0769 1.1766 44.5047 -4.5414 -3.1227
Car -1 -1 -4.7797 51.8652 173.6838 89.7924 201.4245 2.0062 1.9812 5.0405 -40.5919 1.5133 53.6908 -5.4225 -3.2891
Car -1 -1 -2.7382 498.9799 171.9841 560.3968 196.5831 1.6703 1.7096 3.9107 -5.2525 1.0921 49.4047 -2.8417 -3.5267
Car -1 -1 -4.7190 374.1205 177.0898 391.1569 192.1447 1.4670 1.5897 3.8319 -22.2960 1.1345 70.9626 -5.0205 -3.6063
Car -1 -1 -4.5354 386.5890 177.5473 409.9724 192.7407 1.4851 1.6117 3.7593 -20.7174 1.1963 71.0652 -4.8162 -4.0405
Car -1 -1 -4.6634 632.2118 168.7171 659.6720 192.6050 1.6133 1.7259 4.2885 2.9337 0.8176 49.9760 -4.6034 -4.0500
Car -1 -1 -7.6255 526.1098 170.9533 551.4947 186.8979 1.5629 1.6979 3.9389 -6.6215 0.6270 71.3746 -7.7159 -4.0949
Car -1 -1 -4.9283 715.4344 164.8584 744.7137 184.2350 1.6020 1.6541 3.9519 10.6695 0.3087 60.4642 -4.7527 -4.1982
Car -1 -1 -4.8461 353.6811 179.4596 391.5812 207.1635 1.5260 1.6010 3.8164 -13.5271 1.4688 41.0134 -5.1607 -4.2561
Car -1 -1 -7.8451 902.7697 157.8572 981.2116 226.7751 1.6818 1.7653 4.3578 9.2838 1.1296 19.6009 -7.4073 -4.4520
Car -1 -1 -8.4553 1104.4542 147.4730 1185.8401 182.4029 1.7281 1.5948 3.6052 28.0048 0.0943 36.8186 -7.8075 -4.4745
Car -1 -1 -4.0218 334.2010 178.9866 384.8059 201.6913 1.5380 1.6051 3.3309 -17.2233 1.4355 49.7356 -4.3516 -4.4871
Car -1 -1 -2.4864 377.4619 177.8027 447.9043 200.4078 1.4095 1.6922 4.2431 -12.4317 1.2414 45.6796 -2.7486 -4.5334
Car -1 -1 -4.7721 571.8992 169.9556 595.1188 190.8630 1.6664 1.6929 3.7726 -1.7909 0.8260 58.3100 -4.8009 -4.7044
Car -1 -1 -7.5172 330.7581 179.0122 387.1106 210.9576 1.6258 1.7423 3.5976 -13.0958 1.5503 37.7901 -7.8465 -4.7185
Car -1 -1 -7.7809 596.5519 168.8611 615.1160 184.2282 1.4557 1.5181 4.0297 0.1320 0.3530 69.0451 -7.7773 -4.7505
Car -1 -1 -4.4182 426.7406 179.4894 454.1316 195.8420 1.5192 1.5421 3.6834 -15.6710 1.4252 67.5782 -4.6435 -4.7667
Car -1 -1 -3.9708 253.6705 180.9224 326.1949 206.5974 1.4866 1.6562 4.1810 -19.1969 1.5139 43.2581 -4.3841 -4.7681
Car -1 -1 -3.1123 2.7897 165.1511 87.4980 197.5048 2.0048 1.7551 4.2383 -36.1366 1.0538 45.7752 -3.7754 -4.8146
Car -1 -1 -6.8381 272.6669 181.0854 379.1047 219.5166 1.5752 1.6260 4.1258 -12.2457 1.6029 31.1799 -7.2073 -4.8286
Car -1 -1 -4.7205 85.0466 175.3916 115.4184 204.3652 1.8875 1.6280 3.8647 -34.3454 1.5548 48.1061 -5.3358 -4.8666
Car -1 -1 -7.5146 336.3111 179.2960 420.3475 222.4704 1.5436 1.7538 4.2989 -8.7064 1.5008 27.4591 -7.8167 -4.9732
Car -1 -1 -4.9493 602.5025 169.9287 641.1509 195.1431 1.6987 1.7727 4.2640 1.1359 0.9865 49.9039 -4.9250 -4.9837
Car -1 -1 -7.9003 905.5707 166.0771 993.9962 247.5832 1.4925 1.4437 3.9355 7.1586 1.2287 15.0413 -7.4626 -5.0068
Car -1 -1 -4.7946 380.9099 178.3846 415.2910 204.4228 1.4871 1.6734 3.9288 -12.4874 1.3664 42.5138 -5.0766 -5.0723
Car -1 -1 -4.6872 507.6815 169.8817 530.8598 190.5851 1.4691 1.5928 3.9717 -6.2953 0.7157 52.2236 -4.8047 -5.0986
Car -1 -1 -2.4790 184.7633 179.0623 272.8433 209.1776 1.7444 1.9257 4.4068 -22.4787 1.6612 42.2946 -2.9628 -5.1306
Car -1 -1 -7.5182 335.4882 181.3132 411.4437 218.6892 1.4910 1.7125 4.4998 -9.9181 1.5290 30.5762 -7.8272 -5.2969
Car -1 -1 -4.3025 402.0262 177.8332 432.1064 193.3907 1.5232 1.6448 3.5375 -18.8365 1.2620 71.1009 -4.5587 -5.3193
Car -1 -1 -4.4051 106.5931 177.9044 157.9360 201.2531 1.5107 1.6821 4.2277 -32.0195 1.3428 48.0095 -4.9885 -5.3286
Car -1 -1 -2.9054 929.0407 160.7150 1041.0986 197.4458 1.5719 1.7519 4.2194 17.2878 0.7254 32.3126 -2.4165 -5.3938
Car -1 -1 -6.6135 504.9719 165.6017 554.3214 184.3344 1.6116 1.7903 3.9712 -6.6412 0.3298 62.4765 -6.7170 -5.4283
Car -1 -1 -4.0910 273.6384 183.0944 354.5584 215.9839 1.5300 1.6824 4.0686 -14.4856 1.6681 35.4099 -4.4746 -5.4929
Car -1 -1 -7.8801 580.9296 168.2975 597.4191 184.1360 1.5060 1.5141 3.9635 -1.5473 0.3456 69.2434 -7.9005 -5.5699
Car -1 -1 -4.6720 392.0886 177.8394 414.1739 195.6374 1.4541 1.6245 4.1731 -17.0784 1.2367 59.9850 -4.9463 -5.5874
Car -1 -1 -4.4779 87.9133 170.4848 134.6675 193.5626 1.3924 1.5966 3.6718 -31.1245 0.7882 44.6590 -5.0814 -5.6470
Car -1 -1 -4.5742 335.4102 179.1773 374.0402 205.7460 1.5696 1.6934 4.1661 -15.5146 1.4916 43.9792 -4.9094 -5.7582
Car -1 -1 -4.7044 96.7296 172.8056 120.9380 191.1430 1.4835 1.6157 3.9546 -41.5587 0.8610 59.2907 -5.3115 -5.7766
Car -1 -1 -4.8045 282.5820 179.2044 322.0838 206.4281 1.4616 1.6772 4.4784 -17.3204 1.3922 40.3299 -5.2056 -5.8155
Car -1 -1 -4.7068 396.2810 176.6074 420.4192 197.7185 1.4857 1.6442 4.0848 -14.4237 1.2118 51.9446 -4.9744 -5.8748
Car -1 -1 -7.5258 261.6259 0.0000 1223.0000 369.0000 1.4313 1.5724 3.8110 -0.5384 1.5003 0.9969 -7.9097 -5.8833
Car -1 -1 -4.8423 683.0098 167.9452 712.9536 188.3097 1.3711 1.5840 3.9021 6.4754 0.5259 49.5565 -4.7115 -5.8867
Car -1 -1 -4.5452 0.0000 180.7776 18.9467 203.9459 1.5193 1.6540 4.0198 -41.7160 1.5392 48.5648 -5.2500 -5.8867
Car -1 -1 -4.6590 363.3572 175.3239 393.4381 198.1006 1.4192 1.6413 4.1795 -14.7904 1.0967 46.2830 -4.9646 -5.8867
Car -1 -1 -4.6115 5.1576 181.0473 43.7424 204.6789 1.6123 1.7034 4.1711 -41.4462 1.6531 50.5517 -5.2935 -5.8867
Car -1 -1 -6.2465 884.7729 143.1506 944.8566 170.3712 1.6916 1.6661 3.5691 20.4139 -0.6894 46.6001 -5.8342 -5.8921
Car -1 -1 -4.4864 582.4371 169.2763 621.1565 191.7776 1.3794 1.5836 4.2253 -0.1604 0.6914 45.5796 -4.4881 -5.8994
Car -1 -1 -7.2007 868.2368 139.6809 927.5364 168.6744 1.8566 1.6960 3.9572 20.0617 -0.8385 48.4088 -6.8082 -5.9010
Car -1 -1 -7.4328 52.7116 174.1319 114.9575 201.2681 1.6498 1.6864 4.0230 -33.1759 1.2627 45.1285 -8.0617 -5.9168
Car -1 -1 -4.4603 502.8686 172.8112 529.2403 189.8831 1.4994 1.5144 3.5910 -7.9983 0.8240 63.9758 -4.5823 -5.9232
Car -1 -1 -7.1400 1223.0000 168.7818 1223.0000 369.0000 1.3758 1.5711 4.0676 7.3155 1.3045 5.2406 -6.2177 -6.0807
Car -1 -1 -7.3065 1223.0000 135.8972 1223.0000 369.0000 1.3730 1.5867 4.3656 5.8538 1.2077 3.4779 -6.3099 -6.1144
Car -1 -1 -7.3731 0.0000 171.0948 186.1329 369.0000 1.5278 1.6718 4.3487 -6.2235 1.4597 7.4419 -8.0469 -6.1411
Car -1 -1 -7.1949 1195.1371 148.3474 1223.0000 323.2982 1.3850 1.6639 4.4702 8.2629 1.1309 6.4937 -6.3122 -6.2332
Car -1 -1 -4.5226 77.8931 192.6905 134.1916 229.4070 1.5316 1.4967 3.3372 -22.9103 2.1243 32.5364 -5.1301 -6.6732
