Car -1 -1 -7.1206 0.0000 199.9712 302.6072 369.0000 1.5115 1.7735 3.8920 -3.2109 1.6570 3.3111 -7.8425 5.2533
Car -1 -1 -4.6112 446.6865 171.3994 482.7726 197.7980 1.5654 1.7752 4.2772 -8.7075 1.0259 44.1382 -4.8029 3.0625
Car -1 -1 -7.9316 638.7173 168.4399 658.6156 183.6349 1.4013 1.6043 3.6640 4.1375 0.2890 67.0461 -7.8685 0.7082
Car -1 -1 -5.1075 410.6505 178.2193 452.8190 201.3283 1.4712 1.5499 3.3408 -11.5035 1.3261 46.8186 -5.3452 -2.3872
Car -1 -1 -5.9406 35.0550 178.4597 115.9845 204.3462 1.6676 1.6868 3.9649 -35.0690 1.5362 46.9306 -6.5775 -2.4588
Car -1 -1 -7.5855 584.5906 168.2993 610.5969 183.5122 1.4374 1.6220 3.6236 -0.6673 0.2845 68.7647 -7.5934 -2.8834
Car -1 -1 -4.9970 506.1701 171.9101 533.3668 188.4589 1.6123 1.6905 3.8919 -8.5601 0.7753 71.0070 -5.1147 -2.9392
Car -1 -1 -3.2698 503.9385 171.5627 560.0127 195.8621 1.6496 1.6650 3.7025 -5.1006 1.0429 49.2288 -3.3707 -2.9487
Car -1 -1 -4.4877 422.3199 173.1105 463.1243 199.5416 1.5911 1.6983 3.7473 -10.1528 1.1464 44.4407 -4.7090 -3.0752
Car -1 -1 -3.9617 373.3421 179.0483 415.6535 195.6865 1.5748 1.7094 3.9712 -20.4996 1.4372 69.0792 -4.2473 -3.1026
Car -1 -1 -7.7013 522.7946 170.8875 546.1769 187.8033 1.6610 1.7607 3.9821 -7.0671 0.7170 71.4655 -7.7977 -3.6195
Car -1 -1 -4.8268 50.7847 173.5318 86.7890 197.0128 1.6923 1.7158 4.0416 -40.2226 1.1901 53.0135 -5.4712 -3.6296
Car -1 -1 -5.1251 50.1778 191.4825 133.9709 229.7736 1.5971 1.6488 3.9739 -23.4018 2.1242 32.2020 -5.7474 -3.6743
Car -1 -1 -5.0131 452.9503 174.5364 497.9295 201.4080 1.4583 1.5662 3.4649 -7.4287 1.1348 40.2691 -5.1924 -4.0893
Car -1 -1 -8.3862 563.3621 168.7224 597.5692 184.8069 1.5143 1.6315 3.7686 -2.3837 0.4053 68.5927 -8.4190 -4.0946
Car -1 -1 -5.0232 501.5449 170.8022 533.2924 190.0635 1.5142 1.5727 3.4904 -7.1405 0.7518 57.4985 -5.1444 -4.1595
Car -1 -1 -3.1526 598.0123 169.9201 679.2514 200.2958 1.5251 1.6599 4.0829 1.7000 0.9940 36.4037 -3.1045 -4.2359
Car -1 -1 -4.6925 66.0256 173.2640 94.0997 196.1033 1.7330 1.6868 3.6906 -41.2654 1.1840 55.6447 -5.3261 -4.2876
Car -1 -1 -2.2565 0.0000 196.2474 9.3435 259.3122 1.4787 1.5785 3.9431 -17.8064 1.9049 18.1027 -3.0233 -4.4334
Car -1 -1 -6.3141 681.9048 167.8538 729.4233 190.0319 1.6925 1.6481 3.6046 7.8007 0.7274 54.9767 -6.1723 -4.4540
Car -1 -1 -8.0815 262.6682 176.0741 380.9651 256.8218 1.6486 1.6785 4.2081 -6.8129 1.5586 16.6420 -8.4617 -4.4837
Car -1 -1 -4.1957 637.9013 171.2330 684.4090 192.9647 1.4640 1.6153 3.7410 3.9776 0.8398 49.6332 -4.1145 -4.6380
Car -1 -1 -7.8727 605.2835 166.2551 649.6921 211.5688 1.6425 1.6098 3.8686 0.8070 1.1264 27.5728 -7.8420 -4.6605
Car -1 -1 -4.8669 377.1337 178.4060 410.2054 200.9912 1.5396 1.6716 3.9746 -15.0828 1.3969 50.3523 -5.1545 -4.6720
Car -1 -1 -5.0376 341.1242 179.1475 383.3971 202.6327 1.6292 1.7614 3.8443 -17.5754 1.5354 51.1121 -5.3652 -4.6778
Car -1 -1 -7.3049 0.0000 190.4169 15.0190 222.9010 1.4927 1.5341 3.6355 -31.7565 2.0189 35.5865 -8.0275 -4.8200
Car -1 -1 -2.5226 6.0983 177.4576 73.5392 200.1577 1.6147 1.7089 3.4760 -40.9084 1.3983 51.2354 -3.1917 -4.8545
Car -1 -1 -4.6931 580.9303 173.5818 609.3007 199.6687 1.3228 1.4377 3.7240 -0.5058 0.9721 37.7196 -4.7047 -4.9058
Car -1 -1 -4.2968 380.8896 175.0324 437.0751 199.9926 1.4874 1.7375 4.4677 -12.2539 1.1617 44.4736 -4.5621 -4.9543
Car -1 -1 -4.2732 98.3190 177.8132 161.6668 204.3657 1.7398 1.8479 4.5505 -32.6212 1.5638 48.7137 -4.8586 -5.0082
Car -1 -1 -4.2409 261.3715 181.3004 339.8554 217.7948 1.6473 1.7650 4.1680 -14.6103 1.6885 34.1503 -4.6402 -5.0326
Car -1 -1 -4.7757 729.6913 162.5664 751.1305 180.8966 1.5226 1.5644 3.8676 11.6175 0.0329 60.7465 -4.5859 -5.0653
Car -1 -1 -4.7269 342.9772 180.2231 372.8213 207.3607 1.4779 1.5455 3.7700 -14.1995 1.4630 40.5414 -5.0597 -5.0985
Car -1 -1 -4.6046 0.0000 186.9012 42.1847 221.5421 1.6169 1.6372 4.1853 -29.9697 1.9630 36.0138 -5.2928 -5.1126
Car -1 -1 -4.4017 508.3918 170.8717 545.3141 191.7540 1.4740 1.5488 3.9858 -5.6994 0.7944 52.0158 -4.5084 -5.1286
Car -1 -1 -4.3962 406.9292 178.6414 433.6887 192.6969 1.3874 1.6238 3.4462 -18.6335 1.2038 71.5631 -4.6481 -5.2761
Car -1 -1 -6.4419 577.9910 169.2878 627.4005 191.8921 1.7826 1.6926 3.7559 -0.1949 0.8984 56.8944 -6.4436 -5.3408
Car -1 -1 -8.5379 1034.2472 162.2811 1173.9968 223.2620 1.3688 1.4025 2.6601 12.0124 0.9602 17.2540 -7.9366 -5.4822
Car -1 -1 -4.5138 0.0000 188.0761 48.6544 228.5868 1.6763 1.7975 4.5030 -27.2685 2.0513 32.5670 -5.2045 -5.5523
Car -1 -1 -5.0086 644.8770 167.3362 689.5876 189.8972 1.4014 1.6715 4.4913 4.0057 0.5838 46.2898 -4.9211 -5.6209
Car -1 -1 -4.2580 12.7665 183.7519 87.3192 213.4994 1.5277 1.6193 3.9984 -30.4308 1.7164 38.8951 -4.9163 -5.6904
Car -1 -1 -4.5776 340.1183 178.7790 379.6942 205.9843 1.5996 1.7239 4.4626 -15.1694 1.4985 43.9289 -4.9062 -5.7054
Car -1 -1 -4.7356 286.8641 179.8563 318.6882 205.5540 1.3824 1.5807 4.2471 -17.2735 1.3479 40.2975 -5.1360 -5.7696
Car -1 -1 -4.8164 390.9048 177.3537 415.9295 195.6137 1.5231 1.6669 4.1713 -17.4685 1.2606 61.2213 -5.0913 -5.7718
Car -1 -1 -4.3017 17.6340 184.1704 95.6688 217.1110 1.5429 1.6308 4.0144 -27.6160 1.7396 35.7375 -4.9536 -5.8233
Car -1 -1 -4.5402 383.6522 178.2129 412.5569 195.9962 1.3970 1.5816 4.0480 -16.8135 1.2173 57.6401 -4.8208 -5.8593
Car -1 -1 -7.5287 257.1066 0.0000 1223.0000 369.0000 1.4348 1.5742 3.8110 -0.5378 1.4959 1.0125 -7.9081 -5.8748
Car -1 -1 -4.5691 0.0000 178.8637 27.5757 201.5104 1.5128 1.6554 4.0205 -41.7222 1.4036 49.3774 -5.2658 -5.8867
Car -1 -1 -3.8219 0.0000 185.2523 29.1274 214.7815 1.4829 1.6136 3.9095 -33.7404 1.7539 38.2346 -4.5392 -5.9427
Car -1 -1 -4.7064 368.1284 176.2504 397.0945 206.6536 1.6921 1.5472 3.2468 -12.9278 1.4557 41.1286 -5.0071 -5.9500
Car -1 -1 -7.1152 1202.6793 164.7746 1223.0000 369.0000 1.3971 1.5838 4.1384 7.5321 1.2923 5.6671 -6.2146 -6.0704
Car -1 -1 -7.3746 1223.0000 129.5368 1223.0000 369.0000 1.4026 1.5877 4.3415 6.0949 1.2198 3.5073 -6.3632 -6.1784
Car -1 -1 -7.0158 1197.2181 157.1131 1223.0000 321.7097 1.4510 1.6034 4.1432 8.9025 1.2453 7.3000 -6.1515 -6.3027
