Car -1 -1 -7.1212 0.0000 201.4663 298.1235 369.0000 1.5086 1.7807 3.8503 -3.2056 1.6629 3.2595 -7.8494 5.4306
Car -1 -1 -4.6782 447.8984 172.1903 479.0128 198.2308 1.5405 1.7455 4.2784 -8.7818 1.0490 44.0775 -4.8718 3.3332
Car -1 -1 -7.9090 638.3713 168.3427 657.8606 184.1914 1.4399 1.6154 3.7552 4.0272 0.3353 66.1193 -7.8467 0.1913
Car -1 -1 -3.5647 508.0789 169.1416 558.6523 190.1829 1.6473 1.6440 3.7082 -5.7572 0.7580 56.9916 -3.6631 -1.8302
Car -1 -1 -5.9496 29.4093 177.8505 112.5167 205.4324 1.7679 1.6857 4.0568 -35.2217 1.5982 46.7375 -6.5905 -1.8475
Car -1 -1 -4.8643 511.8403 171.4194 534.1515 186.9165 1.5145 1.6734 3.8355 -8.2522 0.6269 71.1683 -4.9775 -2.2880
Car -1 -1 -4.3839 91.2527 181.7222 140.9118 204.0964 1.4572 1.5560 4.0649 -33.4282 1.5447 48.4497 -4.9831 -2.5690
Car -1 -1 -5.4003 43.1179 191.0003 145.8839 228.0771 1.5896 1.6928 3.9747 -23.3972 2.0908 32.4043 -6.0195 -2.8326
Car -1 -1 -4.6255 738.1990 160.6287 761.7441 180.6086 1.6550 1.6533 3.7944 12.4700 0.0089 60.6212 -4.4218 -3.0859
Car -1 -1 -5.2634 509.6028 173.0863 557.1017 195.0999 1.4975 1.6682 3.6796 -5.1054 0.9932 50.0673 -5.3627 -3.1643
Car -1 -1 -5.5550 379.3389 178.3816 435.5719 201.1260 1.5080 1.5925 3.5497 -13.5212 1.3676 48.3778 -5.8242 -3.2983
Car -1 -1 -4.5771 527.9771 170.7522 549.1860 186.8876 1.5869 1.6505 3.6440 -6.6520 0.6281 71.3963 -4.6678 -3.7791
Car -1 -1 -2.4389 0.0000 195.4560 16.0672 258.6784 1.4760 1.6772 4.1863 -17.8402 1.8767 17.9515 -3.2107 -3.9036
Car -1 -1 -7.6950 587.6021 167.7635 609.4359 183.2960 1.4684 1.5809 3.5140 -0.5802 0.2642 68.6971 -7.7016 -3.9333
Car -1 -1 -7.7659 51.8767 178.4942 88.7663 200.5024 1.5750 1.8078 4.3717 -39.9651 1.4315 52.9350 -8.4080 -4.0520
Car -1 -1 -4.9837 451.7806 174.4417 494.9933 201.4435 1.4543 1.5691 3.3187 -7.4784 1.1282 39.9176 -5.1657 -4.1992
Car -1 -1 -6.2795 638.1282 168.7007 696.3376 193.3742 1.6599 1.7018 3.9153 4.2710 0.8661 48.5940 -6.1907 -4.2583
Car -1 -1 -8.1383 645.0530 170.7356 692.6112 198.8823 1.4074 1.5027 3.7493 3.2979 0.9193 37.3401 -8.0492 -4.6600
Car -1 -1 -4.2822 261.7357 181.3399 337.1825 217.4694 1.6296 1.7605 4.1268 -14.6370 1.6727 34.0755 -4.6829 -4.8872
Car -1 -1 -4.4096 428.8332 178.2559 458.0467 195.0314 1.5565 1.6029 3.9847 -15.3958 1.3481 67.6531 -4.6307 -5.0180
Car -1 -1 -4.7660 385.9716 178.2139 413.1486 200.7911 1.5525 1.6636 4.1650 -14.8089 1.3953 50.8592 -5.0460 -5.0229
Car -1 -1 -4.3719 375.3442 177.9770 406.0330 194.0711 1.5351 1.6881 3.8468 -20.9701 1.2943 69.4022 -4.6624 -5.0719
Car -1 -1 -4.7863 339.4901 180.0012 373.9914 208.2563 1.5265 1.5800 3.8929 -14.1979 1.4997 40.2986 -5.1209 -5.0787
Car -1 -1 -4.6617 574.0667 171.4016 596.5707 191.3123 1.5770 1.6484 3.7863 -1.5718 0.8564 57.9159 -4.6870 -5.1397
Car -1 -1 -4.6471 363.2959 178.7358 391.3529 200.8486 1.5530 1.6769 4.2260 -16.6677 1.4291 51.9091 -4.9544 -5.2412
Car -1 -1 -4.7529 411.7542 176.3184 438.0239 198.1971 1.4800 1.6395 4.2341 -12.7931 1.1972 50.0913 -4.9998 -5.3281
Car -1 -1 -4.8985 391.7269 174.5652 431.4362 198.7406 1.4263 1.6220 4.2996 -12.0896 1.0763 44.0040 -5.1630 -5.4528
Car -1 -1 -7.4360 334.5724 180.5357 381.0709 202.8944 1.4776 1.5358 3.9786 -16.9909 1.4801 48.7786 -7.7676 -5.5659
Car -1 -1 -4.2409 112.2812 180.7751 170.0521 202.1940 1.4279 1.6746 4.1063 -32.2669 1.4479 49.3180 -4.8156 -5.7081
Car -1 -1 -4.6854 340.0988 178.1028 370.5638 203.3741 1.4921 1.6606 4.1884 -15.4940 1.3507 43.9938 -5.0200 -5.7450
Car -1 -1 -7.8115 103.0963 172.7446 128.2841 192.1409 1.5553 1.5584 3.4441 -40.4861 0.9334 58.5668 -8.4120 -5.7776
Car -1 -1 -4.6155 388.1771 177.6512 413.3048 195.9893 1.4788 1.6235 4.0796 -17.0432 1.2490 59.1701 -4.8929 -5.7780
Car -1 -1 -7.5171 271.1123 0.0000 1223.0000 369.0000 1.4374 1.5646 3.7596 -0.5238 1.5031 0.9696 -7.8987 -5.8842
Car -1 -1 -4.4591 0.0000 181.7707 0.0000 209.5753 1.5171 1.6539 4.0204 -41.7033 1.5946 40.9248 -5.2483 -5.8867
Car -1 -1 -4.4925 0.0000 180.0160 0.0000 205.7460 1.5134 1.6551 4.0243 -41.7103 1.4850 43.7390 -5.2488 -5.8867
Car -1 -1 -4.5744 0.0000 179.6764 38.0183 202.7519 1.5644 1.6815 4.1132 -41.5949 1.5086 50.1280 -5.2622 -5.8867
Car -1 -1 -4.2617 128.0013 181.0911 183.3622 203.1560 1.4519 1.6073 4.0438 -30.8891 1.4944 48.7343 -4.8220 -5.8867
Car -1 -1 -5.1460 667.6656 169.8723 702.6135 189.7242 1.5176 1.4882 3.3102 6.3056 0.7051 55.8553 -5.0325 -5.9121
Car -1 -1 -5.8442 1223.0000 0.0000 1223.0000 369.0000 1.4274 1.6255 4.3619 5.4183 1.2111 2.6034 -4.7669 -5.9553
Car -1 -1 -4.4482 405.0410 177.6289 429.2653 194.0396 1.6136 1.5433 3.2990 -18.8543 1.3311 71.1775 -4.7044 -6.0708
Car -1 -1 -7.1523 1223.0000 165.9617 1223.0000 369.0000 1.3716 1.5508 4.0270 7.3384 1.2832 5.2136 -6.2262 -6.1156
Car -1 -1 -6.8900 167.3990 184.7703 363.9187 268.2236 1.5927 1.5810 3.6746 -7.4060 1.6997 15.6811 -7.3219 -6.1604
Car -1 -1 -7.2162 1196.1207 151.9015 1223.0000 329.1887 1.3907 1.6586 4.4145 8.2144 1.1668 6.4915 -6.3362 -6.2718
Car -1 -1 -2.4926 0.0000 164.3341 142.6715 315.3246 1.8957 1.6582 3.9040 -9.0113 1.6932 9.8490 -3.2160 -6.4046
