Car -1 -1 -4.9447 442.8232 172.7779 503.7835 208.5841 1.4800 1.7794 4.0491 -5.9436 1.1610 31.4360 -5.1280 6.4200
Car -1 -1 -7.1326 0.0000 198.0772 299.6847 369.0000 1.5380 1.7524 3.8041 -3.1854 1.6679 3.3034 -7.8517 4.5728
Car -1 -1 -4.5167 82.7806 181.6743 126.5236 204.8036 1.5040 1.6422 4.2168 -34.2281 1.5882 48.4645 -5.1269 -1.3790
Car -1 -1 -5.3759 401.2888 179.0762 453.1957 201.4581 1.4177 1.5718 3.3640 -11.6951 1.3276 46.4402 -5.6193 -1.8439
Car -1 -1 -4.8622 511.7280 170.5925 534.2589 186.3702 1.5417 1.6907 3.9260 -8.2574 0.5734 71.2039 -4.9754 -2.2066
Car -1 -1 -6.7096 506.4339 170.5338 555.9226 190.8124 1.5899 1.6618 3.6088 -5.9417 0.8085 57.0629 -6.8111 -2.7305
Car -1 -1 -4.1798 97.4523 181.7017 158.7381 204.3046 1.4852 1.6139 4.1444 -32.8219 1.5717 48.7949 -4.7673 -3.3644
Car -1 -1 -3.8870 374.2546 178.1769 416.0746 194.5795 1.5551 1.6661 3.7906 -20.4431 1.3347 69.0874 -4.1718 -3.4090
Car -1 -1 -8.1113 962.9398 163.4036 1071.1433 222.0105 1.4236 1.5966 3.7165 10.9814 1.0086 19.1747 -7.5966 -3.4565
Car -1 -1 -5.9671 427.5645 175.0716 500.9833 199.8784 1.5465 1.6803 4.2915 -8.9678 1.2081 45.1752 -6.1600 -3.5188
Car -1 -1 -4.6882 48.7062 176.5496 83.1191 199.4377 1.6432 1.9257 4.8206 -40.5574 1.3596 53.2800 -5.3342 -3.6947
Car -1 -1 -5.3465 366.4832 178.7003 419.3307 202.2625 1.6029 1.6345 3.8166 -14.9884 1.4805 49.9044 -5.6349 -3.9243
Car -1 -1 -8.0690 55.8224 180.4309 101.7895 206.4509 1.6748 1.7057 3.8476 -35.3148 1.6705 47.4210 -8.7043 -4.0214
Car -1 -1 -4.7218 41.7767 189.1526 87.6289 223.2044 1.4586 1.6384 3.6602 -25.4059 1.8893 33.2268 -5.3684 -4.1748
Car -1 -1 -7.6944 579.9166 170.0665 609.1754 191.9906 1.7339 1.7687 4.1008 -0.8087 0.9087 58.0752 -7.7065 -4.3030
Car -1 -1 -4.8942 71.5944 195.4487 133.8709 231.4772 1.4684 1.6344 4.1157 -23.1626 2.1990 32.5215 -5.5070 -4.3317
Car -1 -1 -8.3998 1103.0146 135.4879 1186.2325 171.4981 1.7349 1.7126 3.8295 28.1452 -0.4970 37.0530 -7.7525 -4.5057
Car -1 -1 -5.1468 600.4354 170.4803 647.9077 194.5435 1.6253 1.7084 4.2949 1.3030 0.9486 50.0654 -5.1193 -4.5759
Car -1 -1 -4.4442 0.0000 189.0321 30.8816 220.5488 1.5598 1.6022 3.6133 -32.4743 2.0428 38.0391 -5.1452 -4.5914
Car -1 -1 -4.5124 635.5164 170.3485 670.5350 193.2911 1.5450 1.6637 4.1736 3.4301 0.8614 49.8461 -4.4424 -4.8184
Car -1 -1 -4.3894 374.5632 178.3293 422.5163 202.7303 1.5286 1.7310 4.3271 -13.5081 1.3927 46.4921 -4.6687 -4.8397
Car -1 -1 -7.8711 967.8137 157.2468 1035.2242 214.3961 1.6135 1.6925 4.1778 12.3340 0.9573 22.2043 -7.3684 -4.8609
Car -1 -1 -2.3871 1.4035 178.5359 69.1552 202.0341 1.6655 1.8300 3.5296 -41.1923 1.5263 51.1693 -3.0602 -4.9014
Car -1 -1 -6.2804 537.3062 168.9336 589.9173 190.9794 1.7445 1.7229 4.1645 -3.3152 0.8292 56.9193 -6.3365 -4.9581
Car -1 -1 -4.4091 429.0731 178.2565 458.2002 195.0620 1.5593 1.5948 3.9785 -15.3767 1.3510 67.6511 -4.6300 -4.9633
Car -1 -1 -2.5941 214.7240 181.4300 389.3066 257.2977 1.5581 1.7270 3.1076 -6.6696 1.5805 15.6382 -2.9883 -4.9810
Car -1 -1 -4.6259 729.1872 162.9090 753.1829 183.1595 1.6770 1.6865 3.9434 11.7298 0.2202 60.6794 -4.4342 -4.9978
Car -1 -1 -4.6496 0.0000 187.7566 40.9690 221.2534 1.5648 1.6488 4.0302 -29.9615 1.9567 36.0617 -5.3370 -5.0556
Car -1 -1 -4.3021 403.3514 178.7181 432.9449 193.3850 1.4392 1.6194 3.4904 -18.7627 1.2642 71.2301 -4.5569 -5.0759
Car -1 -1 -4.9456 494.1687 170.3345 526.8539 190.9653 1.4615 1.5405 3.8708 -7.0044 0.7414 52.1707 -5.0764 -5.2918
Car -1 -1 -4.2456 1.1183 185.9985 82.9933 213.5802 1.4043 1.6945 4.5101 -31.1844 1.7287 39.3229 -4.9105 -5.3126
Car -1 -1 -4.2603 269.4439 181.8456 345.1388 217.0047 1.6182 1.7203 4.3036 -14.6059 1.6889 34.9091 -4.6518 -5.5708
Car -1 -1 -4.6681 85.1621 179.1067 110.1098 197.5838 1.4614 1.4985 3.2923 -41.3711 1.3512 57.7119 -5.2857 -5.7407
Car -1 -1 -4.6012 336.3169 178.4551 373.2771 204.9462 1.5632 1.6964 4.2023 -15.5050 1.4426 43.9593 -4.9364 -5.7542
Car -1 -1 -4.5989 385.5121 178.2471 411.7368 195.8323 1.3789 1.5859 4.1049 -16.7614 1.2022 57.5967 -4.8789 -5.7774
Car -1 -1 -5.0029 669.4825 169.7092 702.1536 191.1819 1.6459 1.6049 3.6163 6.3847 0.8188 56.1177 -4.8886 -5.8391
Car -1 -1 -4.4305 0.0000 184.2884 0.0000 214.5225 1.5319 1.6543 4.0142 -41.6961 1.7498 38.5091 -5.2499 -5.8867
Car -1 -1 -4.4672 0.0000 182.6931 0.0000 210.2588 1.5141 1.6504 4.0117 -41.7024 1.6490 41.3214 -5.2517 -5.8867
Car -1 -1 -8.1582 0.0000 0.0000 842.8348 369.0000 1.5217 1.5868 3.7993 0.2891 1.5115 0.9722 -7.9357 -5.8867
Car -1 -1 -4.3238 32.5320 183.3276 102.5869 212.4207 1.4831 1.6226 4.0296 -29.2604 1.6463 38.6158 -4.9666 -5.8867
Car -1 -1 -4.2511 127.6232 181.1609 183.6158 203.2651 1.4543 1.6089 4.0545 -30.8961 1.5018 48.7399 -4.8115 -5.8867
Car -1 -1 -7.1091 1211.0564 165.4628 1223.0000 369.0000 1.4126 1.6017 4.0842 7.5460 1.3143 5.6071 -6.2027 -6.0654
Car -1 -1 -7.3688 1223.0000 129.6737 1223.0000 369.0000 1.4065 1.5939 4.3664 6.0728 1.2238 3.5083 -6.3592 -6.1638
