Car -1 -1 -7.1224 0.0000 200.4874 298.5944 369.0000 1.5142 1.7613 3.8423 -3.1999 1.6617 3.2745 -7.8476 5.2063
Car -1 -1 -4.6242 438.9078 173.2353 476.8642 202.0141 1.4949 1.6740 4.1229 -8.0440 1.1177 38.8686 -4.8249 3.3479
Car -1 -1 -6.9564 246.5309 184.2466 347.4817 221.7837 1.4650 1.5852 3.7572 -13.0153 1.6351 30.0292 -7.3599 -1.2496
Car -1 -1 -4.5008 81.9518 181.4548 126.6572 204.7250 1.5153 1.6452 4.1698 -34.2506 1.5838 48.4640 -5.1113 -1.3726
Car -1 -1 -3.6330 508.1288 170.3730 557.9844 190.2834 1.5610 1.6263 3.6753 -5.7914 0.7670 57.1308 -3.7317 -1.7641
Car -1 -1 -4.8673 511.6863 170.6814 534.3536 186.4295 1.5390 1.6876 3.9157 -8.2552 0.5793 71.2075 -4.9805 -2.3265
Car -1 -1 -7.6801 0.0000 185.4539 44.0167 214.1604 1.4515 1.5709 3.6637 -31.8499 1.7346 38.4155 -8.3666 -3.2241
Car -1 -1 -4.1508 96.4231 182.6045 160.5670 205.1623 1.4784 1.6303 4.2960 -32.8659 1.6305 48.9114 -4.7378 -3.2851
Car -1 -1 -7.6443 215.7918 184.4306 277.5970 222.9212 1.5201 1.6289 3.5917 -15.2759 1.6993 30.2616 -8.1060 -3.3465
Car -1 -1 -4.6977 39.4561 189.9180 84.9581 224.2262 1.4596 1.6176 3.9063 -25.4884 1.9301 33.2595 -5.3454 -3.3618
Car -1 -1 -4.8129 413.2226 176.9458 444.6786 200.2485 1.4458 1.5960 4.0327 -11.5033 1.2253 46.0342 -5.0545 -3.4268
Car -1 -1 -6.0943 0.0000 191.7403 0.0000 266.1161 1.5298 1.6367 4.2025 -17.4724 1.8294 16.9673 -6.8834 -3.5857
Car -1 -1 -5.0476 64.9512 196.6843 137.6916 232.4179 1.4756 1.6110 3.6959 -23.1927 2.2592 32.4953 -5.6615 -3.6110
Car -1 -1 -1.9235 46.9820 179.3169 101.3188 205.9224 1.7127 1.6999 3.8317 -35.5107 1.6366 47.2758 -2.5628 -3.8713
Car -1 -1 -3.9507 375.0065 178.0957 416.3401 194.3914 1.5446 1.6688 3.8599 -20.3986 1.3166 69.1171 -4.2348 -3.9563
Car -1 -1 -7.8983 589.0402 165.3677 607.6357 180.7587 1.4613 1.6557 3.6801 -0.6489 0.0244 69.0125 -7.9058 -4.3117
Car -1 -1 -3.0280 0.0000 185.0364 13.2670 216.6467 1.5136 1.6508 4.1550 -33.1558 1.7585 36.2739 -3.7625 -4.5269
Car -1 -1 -4.7945 631.4562 171.5729 659.0657 194.1569 1.5394 1.6623 3.5313 2.8121 0.9309 49.9790 -4.7369 -4.6650
Car -1 -1 -4.7376 731.7863 163.3545 752.2896 183.4344 1.6629 1.6251 3.8682 11.7291 0.2430 60.5969 -4.5456 -4.8661
Car -1 -1 -2.3038 11.4795 178.2119 75.3012 199.8422 1.5427 1.7402 3.5290 -40.9470 1.3795 51.5856 -2.9701 -5.0234
Car -1 -1 -4.2866 402.3467 178.3619 432.9890 193.5548 1.4888 1.6587 3.5497 -18.7952 1.2791 71.1754 -4.5421 -5.0714
Car -1 -1 -4.8043 365.4686 179.1975 394.7197 201.8669 1.6049 1.7006 4.0785 -16.6543 1.5127 52.2663 -5.1094 -5.1044
Car -1 -1 -4.4802 429.0923 178.6541 465.6165 200.5168 1.3972 1.5333 3.7979 -10.4556 1.2793 47.0966 -4.6956 -5.1687
Car -1 -1 -4.7330 428.4026 179.4358 445.7539 195.9386 1.5316 1.5453 3.5544 -16.0351 1.4327 67.5352 -4.9635 -5.2730
Car -1 -1 -8.2568 566.5309 163.8211 598.6756 181.7324 1.6880 1.7654 3.8298 -2.1841 0.1160 68.7433 -8.2866 -5.3917
Car -1 -1 -4.9845 593.9336 170.0136 631.9181 193.1490 1.5991 1.6964 4.1226 0.5266 0.8743 51.0810 -4.9726 -5.4420
Car -1 -1 -4.2872 267.5598 184.2444 339.8124 216.6054 1.4827 1.7104 4.1554 -14.8225 1.6792 34.9826 -4.6831 -5.6124
Car -1 -1 -4.9200 493.9475 170.0301 526.6425 192.5614 1.5952 1.6095 3.9810 -7.0266 0.8540 52.2044 -5.0512 -5.6476
Car -1 -1 -4.7830 678.9839 170.7284 705.3849 191.7633 1.6130 1.8124 3.8404 6.8996 0.8637 56.1845 -4.6598 -5.6613
Car -1 -1 -4.4831 402.4023 174.3557 443.3794 201.9141 1.4461 1.4649 3.2520 -9.9451 1.1238 38.7411 -4.7307 -5.6826
Car -1 -1 -4.6271 388.7802 177.4007 413.2438 195.2987 1.4228 1.5925 4.0237 -16.7819 1.1764 58.3343 -4.9041 -5.8285
Car -1 -1 -4.4307 0.0000 184.1903 0.0000 214.2729 1.5248 1.6519 4.0123 -41.6963 1.7370 38.5088 -5.2501 -5.8867
Car -1 -1 -4.4699 0.0000 182.4901 0.0000 209.5628 1.5036 1.6477 4.0107 -41.7033 1.6272 41.7279 -5.2496 -5.8867
Car -1 -1 -4.4539 133.1582 179.5724 177.0619 202.2514 1.5309 1.6365 3.9754 -31.6649 1.4683 49.8693 -5.0150 -5.9902
Car -1 -1 -4.8210 366.5465 175.9403 400.4991 206.2648 1.6886 1.5449 3.3065 -12.9446 1.4348 41.1962 -5.1215 -6.0955
Car -1 -1 -7.3475 1223.0000 129.9989 1223.0000 369.0000 1.4072 1.5933 4.3752 6.0500 1.2230 3.5022 -6.3388 -6.1591
Car -1 -1 -4.8381 96.6098 176.5623 123.3384 196.3794 1.5944 1.4506 3.0576 -40.9643 1.2775 58.5082 -5.4447 -6.5282
