Car -1 -1 -7.1171 0.0000 199.9899 301.2624 369.0000 1.5166 1.7773 3.8451 -3.2094 1.6612 3.2975 -7.8407 5.3345
Car -1 -1 -4.6164 441.4391 172.5019 478.0621 199.3127 1.4804 1.6744 4.3367 -8.4341 1.0389 41.2844 -4.8147 4.2383
Car -1 -1 -4.4981 83.2477 182.0454 127.6442 204.4873 1.4596 1.6289 4.1381 -34.2081 1.5705 48.5132 -5.1075 -0.9090
Car -1 -1 -1.9776 408.9963 178.9828 451.9642 201.4757 1.4255 1.5833 3.2838 -11.5308 1.3294 46.5964 -2.2170 -2.1310
Car -1 -1 -2.6042 0.0000 183.3747 174.9959 240.1060 1.4603 1.5626 3.8026 -14.1389 1.5427 19.2389 -3.2284 -2.3499
Car -1 -1 -4.8580 511.8521 170.6557 534.0815 186.3963 1.5387 1.6840 3.8703 -8.2594 0.5762 71.2034 -4.9712 -2.3706
Car -1 -1 -6.5161 21.9291 191.5998 124.6461 226.6507 1.4709 1.6365 3.5253 -24.5787 2.0144 32.7336 -7.1540 -3.0830
Car -1 -1 -3.9569 375.6740 178.3692 415.9017 194.2026 1.5019 1.6247 3.7706 -20.3887 1.2996 69.1160 -4.2409 -3.1277
Car -1 -1 -5.8264 431.2846 174.2109 505.3558 200.6783 1.6589 1.7076 4.4033 -8.8319 1.2648 45.7249 -6.0143 -3.2385
Car -1 -1 -4.7535 56.1887 175.7446 89.8248 199.7258 1.7196 1.8399 4.8879 -40.0375 1.3786 53.1762 -5.3943 -3.3694
Car -1 -1 -6.6722 509.8289 169.6029 559.4034 190.4971 1.6387 1.6103 3.6398 -5.6615 0.7840 57.0161 -6.7689 -3.4696
Car -1 -1 -4.8058 370.3113 178.2002 400.8211 201.8714 1.5696 1.6659 3.9578 -15.2500 1.4171 49.0296 -5.1038 -3.5197
Car -1 -1 -3.9004 94.2820 179.1517 171.4080 203.4463 1.5948 1.8069 4.3724 -32.4502 1.5064 48.7490 -4.4831 -3.6748
Car -1 -1 -5.0823 511.1245 171.9465 552.3773 194.4929 1.5278 1.6449 3.7831 -5.2149 0.9482 49.9705 -5.1839 -3.8981
Car -1 -1 -7.6550 526.5089 170.6317 550.9898 186.6774 1.5725 1.7027 3.9709 -6.6256 0.6052 71.3575 -7.7454 -4.0288
Car -1 -1 -8.5324 1100.9639 143.9405 1188.6301 178.4442 1.7040 1.6470 3.7544 28.1520 -0.1131 37.0467 -7.8850 -4.3911
Car -1 -1 -4.7666 391.8165 177.9698 420.6345 202.4790 1.5590 1.6370 4.1271 -13.3048 1.3981 47.1909 -5.0380 -4.6308
Car -1 -1 -4.4894 427.4933 179.0504 452.5450 195.2942 1.5100 1.5366 3.7409 -15.7175 1.3752 67.6010 -4.7152 -4.6958
Car -1 -1 -7.7813 596.5618 168.8608 615.1106 184.2260 1.4556 1.5179 4.0305 0.1322 0.3528 69.0467 -7.7776 -4.7540
Car -1 -1 -7.7971 61.3502 179.5149 94.4395 206.3313 1.7345 1.5587 3.8758 -35.5761 1.6709 47.7819 -8.4323 -4.8607
Car -1 -1 -5.8784 199.9841 181.2196 389.1086 258.9970 1.6159 1.6913 3.4202 -6.7632 1.6329 15.5572 -6.2794 -4.9400
Car -1 -1 -6.2326 503.4766 168.7380 544.5035 186.3289 1.5162 1.7634 3.4831 -7.0511 0.5023 61.9281 -6.3436 -4.9519
Car -1 -1 -4.5472 630.7788 172.2368 662.7019 194.5033 1.5046 1.6145 3.9728 2.9853 0.9463 49.8954 -4.4862 -5.0207
Car -1 -1 -4.9691 722.7073 164.4228 753.0490 182.2429 1.4781 1.5784 4.0604 11.3844 0.1445 60.7264 -4.7829 -5.0214
Car -1 -1 -8.1242 864.5944 139.7091 907.5327 168.6090 1.8287 1.7536 3.8691 19.1833 -0.8482 48.4164 -7.7473 -5.0263
Car -1 -1 -2.3589 0.0000 198.0432 0.0000 260.5785 1.4623 1.5221 3.7021 -17.9249 1.9214 17.7272 -3.1394 -5.0602
Car -1 -1 -4.3056 403.4286 178.4278 432.7888 193.1749 1.4470 1.6124 3.4702 -18.7626 1.2435 71.2132 -4.5604 -5.1522
Car -1 -1 -3.0790 566.8482 171.6623 613.6923 192.9826 1.6937 1.8037 3.6783 -1.1539 0.9916 57.1504 -3.0974 -5.1674
Car -1 -1 -4.7549 367.0983 178.6672 393.1892 200.5173 1.5527 1.6773 4.1942 -16.7238 1.4225 52.5004 -5.0599 -5.1991
Car -1 -1 -4.2925 262.8640 181.8762 333.4519 217.6114 1.6242 1.7103 3.8186 -14.7710 1.6947 34.2078 -4.6951 -5.3089
Car -1 -1 -4.4803 503.6352 172.5642 529.2947 189.6754 1.5032 1.5169 3.5750 -7.9618 0.8060 63.9758 -4.6018 -5.4852
Car -1 -1 -7.8856 580.6624 168.1974 597.4647 184.1784 1.5186 1.5208 4.0357 -1.5589 0.3494 69.2424 -7.9062 -5.5866
Car -1 -1 -4.8997 386.8992 177.3223 415.9512 195.1736 1.4750 1.6480 4.2084 -17.4862 1.2124 60.6735 -5.1772 -5.7406
Car -1 -1 -4.6488 338.7115 178.2752 371.6353 203.5193 1.4912 1.6560 4.1704 -15.5011 1.3599 43.9962 -4.9837 -5.7452
Car -1 -1 -2.0132 6.3978 179.1461 63.5382 201.1577 1.5439 1.6824 4.0079 -41.3029 1.4489 51.2268 -2.6871 -5.7478
Car -1 -1 -3.9330 0.0000 184.4954 91.0169 219.6224 1.5024 1.6495 4.2771 -26.5109 1.7013 32.9597 -4.6040 -5.8315
Car -1 -1 -4.5691 0.0000 179.5844 27.6685 202.3945 1.5238 1.6568 4.0219 -41.7181 1.4627 49.3792 -5.2658 -5.8867
Car -1 -1 -8.1628 0.0000 0.0000 840.8101 369.0000 1.5225 1.5861 3.7998 0.2899 1.5129 0.9722 -7.9397 -5.8867
Car -1 -1 -4.2789 129.1206 181.4033 183.0527 203.5633 1.4572 1.5983 3.9896 -30.8686 1.5221 48.7415 -4.8388 -5.8867
Car -1 -1 -7.1524 1223.0000 167.1592 1223.0000 369.0000 1.3754 1.5519 4.0849 7.3287 1.2933 5.2551 -6.2305 -6.0138
Car -1 -1 -4.9908 671.7081 167.3644 704.5260 189.7104 1.7077 1.6152 3.7327 6.5518 0.7038 56.0036 -4.8733 -6.0398
Car -1 -1 -4.3230 86.4299 175.0363 145.1669 200.6541 1.5459 1.6647 3.9628 -30.8999 1.2163 44.7772 -4.9220 -6.1211
Car -1 -1 -4.4346 75.2842 194.7308 141.0332 231.4824 1.4995 1.4521 3.8479 -22.7601 2.1950 32.4936 -5.0396 -6.1336
Car -1 -1 -7.3251 1223.0000 134.5395 1223.0000 369.0000 1.3725 1.5809 4.3293 5.8639 1.2052 3.4627 -6.3259 -6.1378
Car -1 -1 -7.1029 1180.4868 149.8270 1223.0000 324.2326 1.4661 1.6617 4.5056 8.5280 1.2087 6.8879 -6.2323 -6.2280
