Car -1 -1 -7.1116 0.0000 199.8082 301.1339 369.0000 1.5279 1.7801 3.8807 -3.2228 1.6717 3.2943 -7.8377 4.8664
Car -1 -1 -8.0942 654.0649 167.9561 694.6431 193.6102 1.4978 1.6451 3.6326 4.1801 0.7655 43.1946 -7.9966 4.4274
Car -1 -1 -4.6248 447.9819 172.1789 481.9975 198.3947 1.5544 1.7087 4.2120 -8.6890 1.0611 44.1070 -4.8162 4.1565
Car -1 -1 -4.4904 82.8437 181.9710 127.2661 204.7505 1.4827 1.6128 4.0822 -34.2252 1.5882 48.4982 -5.1002 -1.3913
Car -1 -1 -4.8675 511.6142 170.4871 534.4233 186.3309 1.5478 1.6942 3.9606 -8.2555 0.5695 71.2048 -4.9806 -2.3010
Car -1 -1 -6.6996 507.8823 169.5423 558.1616 190.1738 1.6190 1.6243 3.6994 -5.7963 0.7591 57.1027 -6.7984 -2.8027
Car -1 -1 -6.1454 405.8424 176.9701 486.5180 205.0677 1.5452 1.7039 4.2458 -8.9171 1.3512 39.8987 -6.3619 -2.8538
Car -1 -1 -5.5580 386.6690 179.2410 444.3943 202.7198 1.5590 1.6268 3.6737 -13.0023 1.4754 48.4998 -5.8167 -3.1477
Car -1 -1 -7.8450 968.5737 163.1123 1048.5170 234.7012 1.4550 1.4455 3.5615 9.2217 1.1020 16.2753 -7.3361 -3.4593
Car -1 -1 -2.1913 0.0000 196.2993 19.4335 258.9088 1.4562 1.6646 4.1516 -17.7153 1.8917 18.2660 -2.9511 -3.4620
Car -1 -1 -4.7737 637.2988 171.9342 661.5789 191.2571 1.4723 1.6844 3.7086 3.4785 0.8196 55.7293 -4.7100 -3.4679
Car -1 -1 -8.0884 422.8123 171.2835 464.6147 198.1642 1.6401 1.6611 4.3436 -10.4214 1.0778 45.4555 -8.3105 -3.6839
Car -1 -1 -3.8961 93.6687 179.0567 171.4403 203.4958 1.6027 1.8189 4.3967 -32.4482 1.5081 48.7177 -4.4790 -3.6990
Car -1 -1 -5.6697 17.7111 188.0963 129.1232 220.2941 1.4561 1.6374 3.9794 -24.9520 1.8228 33.2504 -6.3073 -3.7591
Car -1 -1 -4.7202 392.0115 178.4161 423.1783 205.2990 1.4966 1.6815 3.9304 -11.5990 1.3807 41.4816 -4.9892 -3.9185
Car -1 -1 -4.3621 653.3676 168.6659 690.0161 188.9591 1.5419 1.6079 3.9930 5.3155 0.6427 55.8704 -4.2661 -3.9870
Car -1 -1 -4.8325 54.7828 177.1913 91.4080 201.7208 1.7721 1.7335 4.1303 -40.0215 1.5331 53.1746 -5.4732 -3.9918
Car -1 -1 -7.6027 580.2493 170.3343 612.5358 191.8233 1.7020 1.7330 3.9003 -0.6580 0.8968 58.1006 -7.6122 -4.0899
Car -1 -1 -4.3349 348.6762 177.2640 402.1535 206.5600 1.6183 1.6341 3.8580 -13.2660 1.4397 41.0376 -4.6436 -4.2072
Car -1 -1 -8.4144 1103.1173 138.7417 1186.7355 174.6325 1.7535 1.6993 3.8388 28.2585 -0.3249 37.1807 -7.7668 -4.2605
Car -1 -1 -7.9836 58.5199 177.2134 100.5861 207.5229 1.9447 1.7430 4.3086 -35.3481 1.7339 47.5228 -8.6183 -4.6310
Car -1 -1 -7.7810 596.5773 168.8633 615.1278 184.2256 1.4553 1.5173 4.0274 0.1338 0.3528 69.0479 -7.7773 -4.7540
Car -1 -1 -4.4219 0.0000 179.9074 34.8310 208.6961 1.4653 1.6996 3.6833 -32.3509 1.4353 38.0148 -5.1212 -4.7670
Car -1 -1 -4.8050 389.2718 179.2438 427.2829 207.2337 1.4269 1.6125 4.1218 -10.7036 1.3630 38.2574 -5.0740 -4.9866
Car -1 -1 -7.7942 383.1956 177.1202 446.6557 231.8647 1.5513 1.6564 4.1172 -5.9101 1.4558 22.2152 -8.0489 -4.9963
Car -1 -1 -4.4994 625.6053 170.1595 662.6635 194.9807 1.6667 1.7025 4.4491 2.8093 0.9724 49.8481 -4.4418 -5.1742
Car -1 -1 -4.3581 74.9667 194.1562 144.6870 229.6538 1.4537 1.4286 3.6233 -22.5998 2.1165 32.3735 -4.9614 -5.2238
Car -1 -1 -6.5049 503.3574 167.0871 550.5257 185.1208 1.5477 1.8476 3.8113 -6.8564 0.3965 62.1720 -6.6123 -5.2493
Car -1 -1 -4.4045 0.0000 180.5736 8.9133 214.8951 1.5956 1.8084 4.0361 -31.4740 1.5997 35.0912 -5.1294 -5.4928
Car -1 -1 -7.8801 580.9268 168.2936 597.4103 184.1275 1.5057 1.5136 3.9596 -1.5479 0.3448 69.2466 -7.9006 -5.5717
Car -1 -1 -4.4825 502.3899 168.9857 535.9749 190.2835 1.5070 1.5336 4.2174 -6.2864 0.6923 52.2120 -4.5998 -5.5727
Car -1 -1 -2.9071 880.3220 144.1994 948.9150 168.9734 1.5170 1.6061 3.8912 20.4620 -0.7924 46.7951 -2.4954 -5.6108
Car -1 -1 -4.6186 720.8270 163.9736 747.1885 182.1479 1.4936 1.7856 4.7350 11.1138 0.1354 60.6263 -4.4364 -5.6125
Car -1 -1 -4.6107 0.0000 179.0658 43.5665 209.5780 1.4665 1.7099 3.4993 -29.8122 1.3977 35.9133 -5.2975 -5.7024
Car -1 -1 -4.6946 392.3777 178.4236 413.8247 196.1258 1.4441 1.6622 4.3361 -17.0807 1.2746 59.9854 -4.9690 -5.7246
Car -1 -1 -4.4890 336.9460 178.8647 382.9977 205.9138 1.5957 1.7462 4.4765 -15.1900 1.4993 44.0282 -4.8174 -5.7277
Car -1 -1 -2.0299 9.3317 180.0772 70.7084 207.2654 1.9191 2.0023 3.8801 -41.2596 1.8892 51.6418 -2.6994 -5.7501
Car -1 -1 -4.4114 580.6622 168.8400 622.4683 190.8155 1.3489 1.5384 4.1195 -0.1755 0.6333 45.5949 -4.4134 -5.8048
Car -1 -1 -4.2540 120.0885 181.5397 176.6594 204.0224 1.4520 1.5978 4.0152 -30.8774 1.5255 47.9364 -4.8216 -5.8867
Car -1 -1 -4.5913 0.0000 182.3620 32.1002 205.5105 1.5488 1.6624 4.0213 -41.6871 1.6855 49.7895 -5.2836 -5.8867
Car -1 -1 -8.1617 0.0000 0.0000 841.7569 369.0000 1.5222 1.5865 3.8010 0.2903 1.5124 0.9717 -7.9382 -5.8867
Car -1 -1 -7.2301 1223.0000 165.9508 1223.0000 369.0000 1.3775 1.5473 4.0326 7.3809 1.2870 5.2311 -6.3028 -6.0183
Car -1 -1 -7.3132 1223.0000 136.0456 1223.0000 369.0000 1.3758 1.5863 4.3470 5.8553 1.2123 3.4700 -6.3155 -6.1437
