Car -1 -1 -8.2516 659.4175 168.2862 711.5554 195.2152 1.4698 1.6287 3.7955 4.5558 0.8033 40.6421 -8.1390 5.3749
Car -1 -1 -7.1211 0.0000 199.3332 299.5446 369.0000 1.5057 1.7710 3.8736 -3.2085 1.6453 3.2807 -7.8469 5.1560
Car -1 -1 -4.5914 447.1201 171.9163 483.6197 198.1180 1.5533 1.7279 4.1876 -8.6539 1.0445 44.0642 -4.7822 3.7218
Car -1 -1 -4.9650 505.6165 169.9535 532.1709 185.5872 1.5247 1.6754 4.1442 -8.6726 0.4960 71.1909 -5.0839 -2.1871
Car -1 -1 -2.5649 503.2680 169.8278 566.4103 194.9658 1.6981 1.7380 4.1168 -4.9186 0.9772 49.4825 -2.6616 -3.3637
Car -1 -1 -5.1608 1110.9775 146.9110 1186.5447 180.6436 1.6470 1.6375 3.6910 27.9443 0.0072 36.4953 -4.5098 -3.4340
Car -1 -1 -7.7094 523.9525 169.3494 546.6912 185.7780 1.6097 1.7191 3.9918 -6.9685 0.5170 71.3139 -7.8046 -3.4681
Car -1 -1 -7.7658 55.4338 175.0509 91.5538 200.5198 1.8372 1.7923 4.2409 -39.9882 1.4441 53.2787 -8.4051 -3.4795
Car -1 -1 -5.6339 0.0000 179.7653 18.1580 211.3228 1.5903 1.7281 4.0084 -33.2161 1.5535 36.6551 -6.3641 -3.6222
Car -1 -1 -4.2124 0.0000 180.7095 71.1366 210.3979 1.5432 1.6027 3.7871 -31.2716 1.5554 38.7834 -4.8853 -3.7178
Car -1 -1 -5.1736 411.9451 178.5792 457.9226 201.1040 1.4390 1.5385 3.5973 -11.3483 1.3164 47.0454 -5.4071 -3.9163
Car -1 -1 -2.5502 0.0000 195.4118 9.4621 261.7574 1.5075 1.6285 3.8618 -17.6981 1.9061 17.7341 -3.3241 -4.0051
Car -1 -1 -4.2856 506.5950 169.1751 544.7418 190.1142 1.6432 1.6344 3.8498 -6.4069 0.7544 57.5703 -4.3940 -4.0058
Car -1 -1 -7.4370 385.6494 176.8020 439.2865 204.6986 1.5426 1.6522 3.6650 -11.1221 1.3383 41.0368 -7.6980 -4.2413
Car -1 -1 -4.2301 345.6764 179.6494 403.4821 206.0601 1.4395 1.5903 3.7321 -13.1448 1.3932 40.5114 -4.5399 -4.3127
Car -1 -1 -7.6695 371.2278 179.4391 433.0701 221.3144 1.4934 1.5871 3.8649 -7.7488 1.4558 27.2106 -7.9422 -4.4896
Car -1 -1 -4.5586 363.5982 179.1086 406.9890 207.0557 1.4367 1.6262 4.1484 -11.9163 1.3653 38.5153 -4.8546 -4.5270
Car -1 -1 -5.3168 1076.5836 150.1425 1223.0000 226.7702 1.4629 1.5568 3.7217 12.1699 0.8837 15.3994 -4.6563 -4.6004
Car -1 -1 -2.8357 596.2763 173.4652 660.1647 198.0209 1.6585 1.6952 4.1278 1.6214 1.1834 49.2411 -2.8013 -4.6391
Car -1 -1 -4.4654 75.2460 196.1118 143.4779 231.7950 1.4382 1.6075 4.0666 -22.7654 2.2063 32.5944 -5.0691 -4.6783
Car -1 -1 -7.7818 596.6285 168.8662 615.1269 184.2188 1.4546 1.5155 4.0251 0.1362 0.3522 69.0535 -7.7780 -4.7649
Car -1 -1 -2.8406 374.6914 176.4742 450.0535 200.0191 1.4878 1.6394 4.4002 -12.3849 1.2335 45.5825 -3.1024 -4.8579
Car -1 -1 -4.7477 367.7947 172.1458 384.8567 189.3516 1.6891 1.5278 3.2670 -23.0176 0.8688 71.2073 -5.0573 -4.8954
Car -1 -1 -5.1359 705.6022 164.0846 743.3186 183.8486 1.6385 1.6504 4.1137 10.2416 0.2775 60.8136 -4.9682 -4.9532
Car -1 -1 -7.5908 67.8510 172.7454 118.1322 201.3223 1.8466 1.6804 4.3258 -34.6850 1.3456 48.0084 -8.2116 -5.0577
Car -1 -1 -2.7628 431.0439 177.4802 504.1419 203.4288 1.4443 1.6556 3.7682 -7.8638 1.2763 40.5236 -2.9513 -5.0812
Car -1 -1 -4.3154 281.4603 181.6737 351.9395 214.0586 1.5288 1.7162 4.3937 -14.4860 1.5920 35.7485 -4.6956 -5.1635
Car -1 -1 -4.5458 572.3371 172.1132 598.9042 192.3977 1.6111 1.5949 3.6435 -1.5492 0.9449 58.0732 -4.5706 -5.1795
Car -1 -1 -4.1985 513.3010 171.0179 557.5576 191.9414 1.4828 1.5847 3.7935 -5.0854 0.8109 52.1626 -4.2933 -5.1804
Car -1 -1 -4.4247 357.0927 179.9702 425.0388 218.1218 1.5124 1.6165 4.2432 -9.0466 1.4916 30.1513 -4.7117 -5.2374
Car -1 -1 -4.3055 358.0866 179.1082 431.8207 212.1383 1.4780 1.7462 4.4852 -10.0024 1.4159 33.9717 -4.5876 -5.2539
Car -1 -1 -4.5377 362.1067 178.3940 398.9208 201.9738 1.6038 1.7252 4.5585 -15.9591 1.4606 50.4622 -4.8406 -5.2743
Car -1 -1 -7.8263 929.7717 163.9057 1011.6083 241.9156 1.5093 1.4412 3.7258 8.0752 1.1886 15.6609 -7.3568 -5.2775
Car -1 -1 -6.4769 286.0316 179.5672 392.8306 218.2613 1.6008 1.6390 4.1555 -11.6516 1.5624 31.0330 -6.8311 -5.3312
Car -1 -1 -7.9478 924.1692 161.8772 1008.1625 223.9803 1.5475 1.6710 4.1024 9.9602 1.0838 19.8327 -7.4870 -5.4403
Car -1 -1 -4.5062 339.9256 176.9590 366.8115 192.5283 1.5190 1.7165 4.2033 -25.2625 1.1734 71.1795 -4.8442 -5.4866
Car -1 -1 -4.4732 373.7770 176.6676 399.2928 191.8666 1.4208 1.4952 3.7335 -20.9533 1.0624 68.0019 -4.7691 -5.5377
Car -1 -1 -7.7837 583.2694 166.9576 602.2630 184.0200 1.6249 1.5904 3.8443 -1.1486 0.3351 69.2991 -7.7984 -5.5751
Car -1 -1 -4.6202 127.5904 177.3646 163.6874 199.5228 1.4581 1.6868 4.2594 -31.6508 1.2518 48.8044 -5.1908 -5.6191
Car -1 -1 -4.5511 354.7392 175.9682 393.0960 200.0989 1.4725 1.6534 4.3331 -14.7856 1.1960 45.4106 -4.8621 -5.6605
Car -1 -1 -4.8485 334.5694 177.7732 370.6388 200.9267 1.3824 1.6055 4.0564 -15.8882 1.2197 44.3861 -5.1882 -5.6968
Car -1 -1 -6.6644 930.8671 159.8119 1068.3671 199.4838 1.5876 1.6629 4.7118 16.2770 0.7599 29.4051 -6.1617 -5.7989
Car -1 -1 -4.0630 299.9881 178.7798 370.1639 207.1783 1.5637 1.6616 4.1046 -15.6299 1.4691 41.1368 -4.4219 -5.8290
Car -1 -1 -4.5076 583.2557 169.5322 619.4532 191.5217 1.3476 1.5260 4.0769 -0.1929 0.6755 45.4809 -4.5100 -5.8377
Car -1 -1 -4.5714 0.0000 187.4357 43.4926 219.4175 1.4968 1.6868 3.5661 -29.8786 1.8684 35.9031 -5.2595 -5.8527
Car -1 -1 -7.5279 257.7101 0.0000 1223.0000 369.0000 1.4345 1.5768 3.8227 -0.5416 1.5017 1.0089 -7.9108 -5.8867
Car -1 -1 -4.5700 0.0000 181.7500 38.0660 204.8274 1.5570 1.6748 4.0903 -41.5907 1.6495 50.1215 -5.2579 -5.8867
Car -1 -1 -4.4768 0.0000 180.3932 0.0000 206.9415 1.5162 1.6574 4.0264 -41.7078 1.5102 42.5356 -5.2469 -5.8867
Car -1 -1 -4.2253 1223.0000 94.2026 1223.0000 369.0000 1.4679 1.6146 3.9713 5.3335 1.2234 2.9299 -3.2005 -5.8867
Car -1 -1 -4.4151 0.0000 182.9130 0.0000 214.1799 1.5397 1.6589 4.0223 -41.6964 1.6744 37.3004 -5.2502 -5.8867
Car -1 -1 -4.4509 0.0000 183.4415 0.0000 211.9122 1.5113 1.6485 4.0097 -41.6996 1.6872 40.1181 -5.2501 -5.8867
Car -1 -1 -7.1995 1223.0000 167.8236 1223.0000 369.0000 1.3777 1.5509 4.0475 7.3587 1.2982 5.2479 -6.2751 -5.9924
Car -1 -1 -7.1528 1196.0486 152.9562 1223.0000 325.6768 1.3878 1.6275 4.2768 8.2174 1.1670 6.5141 -6.2743 -6.3629
Car -1 -1 -4.6560 550.4384 171.8615 575.7377 193.8828 1.5056 1.5540 4.3749 -2.9552 0.9150 50.5292 -4.7123 -6.4922
