Car -1 -1 -7.1382 0.0000 201.0149 300.4857 369.0000 1.4922 1.7366 3.8040 -3.1883 1.6449 3.3439 -7.8522 4.8180
Car -1 -1 -4.6293 438.6537 173.3314 476.3057 202.0836 1.5096 1.7005 4.0915 -8.1470 1.1333 39.2538 -4.8305 4.7537
Car -1 -1 -5.2935 409.9740 178.6694 459.8881 201.1711 1.4294 1.5576 3.4710 -11.2525 1.3132 46.6729 -5.5269 -1.3339
Car -1 -1 -8.5249 510.3140 172.2105 566.8019 195.6600 1.5900 1.7009 4.2650 -4.7429 1.0280 50.0700 -8.6170 -1.9591
Car -1 -1 -3.0430 49.1418 179.1050 119.0366 204.4776 1.6232 1.6321 3.5807 -34.4356 1.5340 46.8433 -3.6720 -2.3820
Car -1 -1 -8.3980 725.7015 166.3145 787.6960 193.6933 1.5052 1.6018 4.1401 8.7304 0.7255 41.0902 -8.1885 -2.6871
Car -1 -1 -7.8611 516.3383 170.7861 533.8295 187.0097 1.5893 1.7053 3.9046 -8.0414 0.6375 71.3004 -7.9712 -2.7064
Car -1 -1 -6.7328 507.6585 170.5011 558.0786 190.9895 1.6092 1.5982 3.7338 -5.8141 0.8238 57.1873 -6.8318 -2.8616
Car -1 -1 -2.6277 0.0000 195.4227 21.3285 262.1314 1.4984 1.6370 3.6145 -17.1999 1.8978 17.6711 -3.3891 -3.0901
Car -1 -1 -7.7884 55.5688 175.5676 91.1457 199.9324 1.7508 1.8198 4.6901 -39.9884 1.3964 53.2703 -8.4278 -3.4800
Car -1 -1 -4.4623 630.1644 172.6846 664.6424 195.2278 1.5242 1.5593 3.6781 3.0231 0.9958 49.7943 -4.4003 -3.5793
Car -1 -1 -7.5354 0.0000 185.4146 49.6952 214.7719 1.4801 1.5608 3.8000 -31.8191 1.7613 38.3878 -8.2218 -3.6300
Car -1 -1 -5.0991 456.8523 174.7385 504.4409 199.3697 1.5365 1.6367 4.1234 -8.1897 1.1772 46.2875 -5.2713 -3.8520
Car -1 -1 -7.6407 526.4689 170.9612 551.6530 186.7736 1.5487 1.7112 4.0263 -6.5927 0.6143 71.3536 -7.7307 -4.0751
Car -1 -1 -4.4822 75.9353 191.5996 141.4841 227.9918 1.4948 1.5653 4.0386 -22.7543 2.0396 32.5283 -5.0865 -4.2080
Car -1 -1 -4.9394 371.3170 178.9828 407.5276 201.9396 1.5417 1.6527 3.6416 -15.1150 1.4399 49.4744 -5.2325 -4.2746
Car -1 -1 -4.6377 391.7819 178.6643 410.9899 193.6079 1.4207 1.5596 3.1910 -19.8053 1.2461 68.9411 -4.9146 -4.4075
Car -1 -1 -1.8885 0.0000 185.3641 11.0651 215.4516 1.4914 1.5955 3.7997 -33.1029 1.7591 37.2333 -2.6094 -4.4478
Car -1 -1 -4.7196 428.2374 179.5262 445.1993 195.5586 1.4853 1.5334 3.6297 -16.0382 1.3949 67.4473 -4.9504 -4.6185
Car -1 -1 -4.6076 303.6532 181.7690 348.1644 213.8011 1.5333 1.6838 4.0987 -14.2437 1.6023 36.2155 -4.9777 -4.6306
Car -1 -1 -4.8150 567.9072 172.6714 591.4280 191.7267 1.5133 1.5687 3.6163 -2.0971 0.8915 58.0487 -4.8492 -4.7469
Car -1 -1 -7.7814 596.5730 168.8611 615.1119 184.2228 1.4553 1.5174 4.0299 0.1328 0.3525 69.0486 -7.7777 -4.7560
Car -1 -1 -8.4668 1101.0693 140.8417 1191.2623 178.0728 1.8325 1.7411 4.0333 28.2596 -0.1343 37.1141 -7.8184 -4.7667
Car -1 -1 -3.5289 0.0000 183.1115 101.5568 212.5730 1.4853 1.6881 4.0781 -29.9353 1.6347 38.2208 -4.1876 -4.8965
Car -1 -1 -5.0699 393.5119 178.5790 438.9142 201.5555 1.4239 1.6385 3.7515 -12.2737 1.3049 45.8210 -5.3282 -5.1121
Car -1 -1 -4.9832 344.6915 179.0497 382.0370 202.5357 1.6385 1.6112 3.8189 -17.5800 1.5374 51.3596 -5.3095 -5.1370
Car -1 -1 -4.3663 106.0823 178.7118 158.4644 203.3217 1.6230 1.6942 4.1255 -32.5685 1.5051 48.8324 -4.9498 -5.3120
Car -1 -1 -4.3066 402.2232 177.7721 432.0123 193.2316 1.5140 1.6291 3.5301 -18.8336 1.2467 71.1086 -4.5628 -5.3217
Car -1 -1 -4.8008 726.5315 163.5617 749.6607 181.2011 1.4588 1.5858 4.1405 11.3890 0.0579 60.6131 -4.6142 -5.4058
Car -1 -1 -8.4842 1028.8345 161.2093 1174.0498 222.7733 1.3743 1.4023 2.9656 11.9466 0.9440 17.2883 -7.8864 -5.5156
Car -1 -1 -7.8794 580.9459 168.2837 597.4062 184.1215 1.5059 1.5138 3.9675 -1.5471 0.3442 69.2451 -7.8998 -5.5751
Car -1 -1 -4.5153 337.8039 178.5216 381.8841 205.2328 1.5731 1.7336 4.4671 -15.1801 1.4567 43.9680 -4.8439 -5.6310
Car -1 -1 -4.2011 0.0000 189.3091 69.0379 223.4641 1.5586 1.6039 3.8034 -28.7782 2.0236 35.3077 -4.8790 -5.7164
Car -1 -1 -2.2274 7.6946 176.6548 73.0975 203.1894 1.8929 1.8331 3.7700 -41.3300 1.6186 51.7855 -2.8963 -5.7962
Car -1 -1 -4.3140 274.7448 181.8540 337.2381 209.0698 1.4475 1.6729 4.3811 -16.8389 1.5284 40.0163 -4.7078 -5.8833
Car -1 -1 -4.4300 0.0000 183.5794 0.0000 213.6647 1.5285 1.6547 4.0168 -41.6972 1.7057 38.5098 -5.2493 -5.8867
Car -1 -1 -4.5366 0.0000 180.6781 9.5637 204.2956 1.5224 1.6557 4.0220 -41.7150 1.5350 47.7607 -5.2496 -5.8867
Car -1 -1 -4.2739 124.5374 180.6743 179.2871 202.8969 1.4533 1.6002 3.9823 -30.9016 1.4657 48.3448 -4.8380 -5.8867
Car -1 -1 -4.4661 0.0000 181.6274 0.0000 209.0303 1.5115 1.6517 4.0167 -41.7041 1.5809 41.3229 -5.2506 -5.8867
Car -1 -1 -8.1629 0.0000 0.0000 840.8068 369.0000 1.5225 1.5852 3.7995 0.2902 1.5149 0.9725 -7.9397 -5.8867
Car -1 -1 -4.3111 35.7602 182.8297 111.1466 216.0069 1.5675 1.6288 3.9253 -26.8178 1.6925 35.7970 -4.9482 -5.9305
Car -1 -1 -4.2363 0.0000 188.3497 22.6761 221.3605 1.4885 1.7459 3.5401 -30.6293 1.8955 34.7245 -4.9530 -5.9327
Car -1 -1 -7.2640 1223.0000 163.4507 1223.0000 369.0000 1.3734 1.5711 4.1257 7.3366 1.2695 5.2266 -6.3391 -5.9755
Car -1 -1 -6.7404 878.1852 145.0835 947.8818 171.2542 1.6873 1.7069 3.9121 20.5218 -0.6295 47.1987 -6.3308 -6.0390
Car -1 -1 -7.3677 1223.0000 135.5208 1223.0000 369.0000 1.4014 1.5904 4.3575 6.0560 1.2395 3.5127 -6.3598 -6.1464
Car -1 -1 -7.0659 1202.2788 161.0567 1223.0000 320.0838 1.4187 1.5971 4.1929 8.9401 1.2456 7.2810 -6.1983 -6.2519
Car -1 -1 -6.5368 504.7574 164.3480 553.9462 184.2666 1.7157 1.8137 3.9942 -6.6705 0.3244 62.4506 -6.6409 -6.4202
