Car -1 -1 -7.1578 0.0000 201.8673 296.8775 369.0000 1.5104 1.7516 3.7790 -3.1685 1.6684 3.3075 -7.8737 5.2382
Car -1 -1 -8.9311 739.1060 165.8333 833.6964 200.5580 1.5222 1.6656 3.9482 8.3818 0.8795 32.9430 -8.6825 4.5543
Car -1 -1 -4.5807 446.1743 172.2531 483.2124 198.1988 1.5381 1.7226 4.1447 -8.6906 1.0493 44.0367 -4.7724 3.7273
Car -1 -1 -5.2042 412.4167 177.9962 460.4126 200.0223 1.4002 1.5218 3.7184 -11.2032 1.2411 46.8433 -5.4357 -1.8184
Car -1 -1 -4.9596 505.9461 170.1273 532.2149 185.7229 1.5211 1.6724 4.1180 -8.6524 0.5093 71.1829 -5.0783 -2.1551
Car -1 -1 -7.3956 364.2108 174.9322 401.3779 193.4854 1.7000 1.6835 4.1623 -20.9757 1.1897 66.9755 -7.6961 -2.2031
Car -1 -1 -4.4221 73.6872 195.1653 145.4930 231.6459 1.4754 1.5759 4.1055 -22.7218 2.1964 32.5557 -5.0254 -2.6045
Car -1 -1 -4.8433 51.0027 175.0212 90.9647 200.7236 1.8497 1.8230 4.6573 -40.1947 1.4554 53.1860 -5.4859 -2.8561
Car -1 -1 -5.2838 511.1907 172.0290 560.6122 194.8810 1.5496 1.6292 3.8973 -4.9201 0.9752 49.9802 -5.3796 -3.3769
Car -1 -1 -6.7408 506.1923 169.9459 557.0005 190.9575 1.6498 1.6217 3.7591 -5.9178 0.8211 57.2014 -6.8416 -3.4281
Car -1 -1 -7.7794 825.0616 163.5637 868.7327 198.2908 1.5576 1.6901 4.0434 11.6257 0.7981 33.9036 -7.4502 -3.4552
Car -1 -1 -4.9015 373.8571 177.9811 409.7387 200.9596 1.5365 1.6813 4.0331 -14.9483 1.3681 49.4542 -5.1916 -3.5545
Car -1 -1 -7.7401 524.5820 169.5793 546.1879 185.8591 1.5957 1.7184 4.0096 -6.9640 0.5251 71.3229 -7.8353 -3.5912
Car -1 -1 -2.1371 388.3423 176.7968 444.0061 200.6216 1.4846 1.6347 3.9595 -12.3200 1.2539 46.0033 -2.3954 -3.7540
Car -1 -1 -4.7287 48.7135 187.9718 94.0887 221.2262 1.4663 1.6764 4.4117 -26.0342 1.8544 34.4491 -5.3698 -4.1908
Car -1 -1 -6.2272 679.7859 168.8577 732.4310 190.0288 1.6109 1.6650 3.9668 7.8887 0.7250 55.0083 -6.0838 -4.3940
Car -1 -1 -4.2296 405.8627 173.6088 461.3835 202.1601 1.6918 1.6814 4.0153 -10.6159 1.2836 44.0488 -4.4628 -4.5451
Car -1 -1 -4.6459 797.8862 164.6162 836.2239 195.2892 1.5293 1.6679 4.4050 11.3111 0.7375 37.6070 -4.3544 -4.6540
Car -1 -1 -4.7322 428.0580 179.5109 445.0889 195.6034 1.4910 1.5151 3.5763 -16.0583 1.3992 67.4302 -4.9634 -4.6787
Car -1 -1 -7.7849 596.6198 168.8434 614.9738 184.2076 1.4559 1.5160 3.9869 0.1279 0.3512 69.0441 -7.7813 -4.7267
Car -1 -1 -2.5526 0.0000 197.6578 0.0000 264.2007 1.4847 1.5723 3.6945 -17.7892 1.9367 17.4857 -3.3360 -4.7452
Car -1 -1 -7.8573 796.5375 169.8744 870.3460 240.9695 1.4566 1.4600 3.8497 5.2640 1.2393 16.5408 -7.5530 -4.7814
Car -1 -1 -4.4364 321.8847 180.7817 360.3829 202.5160 1.4835 1.5415 3.9403 -18.7292 1.5044 50.3356 -4.7889 -4.7853
Car -1 -1 -7.8535 792.3898 163.4283 864.9517 228.0169 1.6285 1.7693 4.4762 6.3314 1.1984 20.2264 -7.5529 -4.8347
Car -1 -1 -4.3054 0.0000 192.8694 53.0598 219.6693 1.4122 1.5715 3.5769 -33.7756 2.1631 40.9792 -4.9894 -4.8533
Car -1 -1 -4.9066 346.5967 179.2968 381.7292 202.7121 1.6268 1.6592 4.1118 -17.5124 1.5432 51.3186 -5.2319 -4.8942
Car -1 -1 -4.5394 633.8221 170.3466 667.4579 194.2426 1.6069 1.6481 4.2871 3.2610 0.9242 49.8230 -4.4727 -4.9313
Car -1 -1 -4.8115 725.0806 162.6624 751.3138 183.0124 1.6784 1.7676 4.5269 11.3957 0.2072 60.6469 -4.6249 -4.9674
Car -1 -1 -2.6511 432.4880 175.5822 501.9614 203.0838 1.5220 1.6362 3.5489 -7.8791 1.2499 40.4365 -2.8403 -5.0630
Car -1 -1 -4.4477 493.8430 170.6958 534.1744 195.9806 1.5719 1.7232 3.5282 -5.8559 0.9625 45.8231 -4.5721 -5.0928
Car -1 -1 -7.9364 51.6456 163.3774 87.9067 195.8228 2.0824 1.6365 3.9195 -35.8993 0.9835 47.3888 -8.5797 -5.3641
Car -1 -1 -8.5513 1021.0810 161.7961 1174.3607 223.8856 1.3896 1.4190 3.0985 11.9509 0.9713 17.4382 -7.9572 -5.5093
Car -1 -1 -4.2624 0.0000 192.4411 64.1138 222.5021 1.3493 1.5131 3.6655 -28.7972 1.9778 35.2467 -4.9415 -5.5622
Car -1 -1 -7.6840 240.6411 181.7476 350.3912 260.0339 1.6054 1.6956 3.8223 -7.1576 1.6387 16.6179 -8.0821 -5.5677
Car -1 -1 -4.5021 572.4665 173.5989 600.3574 193.5943 1.5893 1.5732 3.5873 -1.4849 1.0407 58.1068 -4.5258 -5.5785
Car -1 -1 -7.8805 580.8114 168.3081 597.3228 184.1343 1.5048 1.5141 3.9829 -1.5581 0.3454 69.2537 -7.9012 -5.5971
Car -1 -1 -7.6931 55.4538 165.2774 99.0389 194.6712 1.7568 1.5563 3.9860 -33.0726 0.8471 44.3869 -8.3282 -5.6038
Car -1 -1 -4.7765 390.4332 176.4140 413.6195 194.4936 1.5008 1.6706 4.0428 -17.4881 1.1615 60.8763 -5.0531 -5.6504
Car -1 -1 -2.0040 7.9914 181.4820 61.2155 203.3055 1.5291 1.5830 3.7565 -41.3277 1.6023 51.2250 -2.6782 -5.6887
Car -1 -1 -4.6725 257.5342 179.7376 328.1666 242.9773 1.7257 1.7636 4.8060 -9.5566 1.7052 21.8539 -5.0778 -5.7696
Car -1 -1 -4.4800 289.7207 176.9128 334.9780 202.6245 1.4741 1.6270 4.0145 -17.5923 1.2685 42.6439 -4.8670 -5.8499
Car -1 -1 -4.5530 585.2115 169.4452 619.8015 191.3517 1.3456 1.5695 4.2753 -0.1178 0.6666 45.6637 -4.5538 -5.8608
Car -1 -1 -4.5268 309.2760 178.5186 355.3175 207.3853 1.5730 1.6947 4.3204 -15.6757 1.4652 40.8049 -4.8894 -5.8669
Car -1 -1 -4.8442 388.1898 174.9381 422.1804 199.2367 1.4480 1.5596 3.8453 -12.5363 1.1167 44.2100 -5.1169 -5.8697
Car -1 -1 -7.5213 273.4797 0.0000 1223.0000 369.0000 1.4344 1.5647 3.7822 -0.5269 1.4928 1.0025 -7.8962 -5.8809
Car -1 -1 -4.4661 0.0000 181.6581 0.0000 209.0688 1.5117 1.6515 4.0167 -41.7040 1.5830 41.3229 -5.2506 -5.8867
Car -1 -1 -4.4267 0.0000 183.6858 0.0000 214.2869 1.5368 1.6564 4.0170 -41.6964 1.7183 38.1035 -5.2513 -5.8867
Car -1 -1 -3.9177 0.0000 186.2706 25.9822 219.8152 1.5138 1.6481 3.9247 -30.8851 1.8130 34.6187 -4.6400 -5.8867
Car -1 -1 -4.5694 0.0000 181.2959 27.6470 204.1699 1.5231 1.6529 4.0211 -41.7121 1.5811 49.3739 -5.2660 -5.8867
Car -1 -1 -4.2905 312.9816 177.0729 365.6907 201.1448 1.4262 1.5953 3.8985 -16.4280 1.2232 43.8892 -4.6445 -5.8867
Car -1 -1 -4.6388 280.9846 181.4982 327.5449 214.6136 1.5044 1.7360 4.8432 -14.7562 1.5573 34.8461 -5.0345 -6.0360
Car -1 -1 -7.2568 1223.0000 158.6364 1223.0000 369.0000 1.4154 1.6036 4.1861 7.6948 1.2693 5.6724 -6.3462 -6.0732
Car -1 -1 -5.5777 459.5519 172.0492 521.6048 192.7010 1.4137 1.6946 4.2771 -8.1463 0.8352 50.2363 -5.7357 -6.1631
Car -1 -1 -7.3957 1223.0000 133.7460 1223.0000 369.0000 1.3989 1.5892 4.3606 6.0827 1.2346 3.5038 -6.3849 -6.1725
Car -1 -1 -2.5374 58.5452 170.8909 129.7731 195.0168 1.9251 1.7648 4.4800 -41.3697 1.1583 57.3370 -3.1581 -6.8946
