Car -1 -1 -5.7107 553.7896 170.0659 684.6910 215.3859 1.4412 1.6363 4.3070 0.4095 1.1096 24.3632 -5.6923 6.3826
Car -1 -1 -7.1546 0.0000 201.4781 296.9091 369.0000 1.5153 1.7378 3.8009 -3.1870 1.6716 3.3396 -7.8691 4.7683
Car -1 -1 -4.9666 505.6790 170.1161 532.1895 185.7215 1.5219 1.6722 4.1133 -8.6661 0.5091 71.1738 -5.0855 -2.1947
Car -1 -1 -5.1179 412.5695 178.8040 454.4698 201.3772 1.4409 1.5202 3.3194 -11.4088 1.3327 46.9182 -5.3532 -2.7442
Car -1 -1 -5.5343 431.5261 175.1844 495.1422 200.3672 1.5460 1.6309 3.9243 -9.0643 1.2198 45.1331 -5.7294 -3.0580
Car -1 -1 -5.3232 29.2292 175.9414 89.5674 198.9584 1.6595 1.6653 3.8066 -40.3816 1.3308 52.3472 -5.9757 -3.3340
Car -1 -1 -8.0677 581.6465 163.7788 611.4477 183.5083 1.5021 1.6517 3.4619 -0.6900 0.2290 55.7039 -8.0781 -3.3631
Car -1 -1 -7.7450 0.0000 186.8975 16.4233 219.0745 1.5859 1.6774 4.2897 -32.9797 1.9500 37.9837 -8.4543 -3.5310
Car -1 -1 -7.7434 524.6730 169.5458 546.1638 185.8510 1.5982 1.7190 4.0098 -6.9606 0.5243 71.3216 -7.8385 -3.5925
Car -1 -1 -4.7007 511.0392 171.9407 531.4297 191.5000 1.5417 1.5988 3.7858 -6.7985 0.8670 57.6967 -4.8157 -3.6133
Car -1 -1 -4.3217 0.0000 188.2241 66.0295 217.7283 1.4781 1.6160 3.8700 -31.2540 1.9226 38.5957 -4.9967 -3.9203
Car -1 -1 -8.3654 387.1107 177.4337 442.5560 200.8688 1.4621 1.6616 4.1970 -12.4653 1.2708 46.1943 -8.6256 -3.9315
Car -1 -1 -2.5646 0.0000 195.4679 10.6075 262.9576 1.5240 1.6361 3.9123 -17.6557 1.9237 17.6775 -3.3389 -3.9412
Car -1 -1 -4.3318 0.0000 192.9340 53.7510 219.2970 1.3852 1.5949 3.7298 -33.8081 2.1430 41.0712 -5.0152 -4.0454
Car -1 -1 -4.4069 79.2044 194.8288 145.9318 230.2372 1.4546 1.4699 3.6746 -22.6425 2.1556 32.6123 -5.0078 -4.2965
Car -1 -1 -4.6712 397.2740 178.5476 415.4511 193.9059 1.4586 1.5528 3.6782 -19.3673 1.2730 69.1172 -4.9416 -4.3169
Car -1 -1 -4.9980 445.8929 175.7438 479.8304 196.8546 1.5258 1.5878 3.4593 -10.6788 1.1820 53.0016 -5.1940 -4.5139
Car -1 -1 -5.8373 498.4294 171.3465 560.0952 194.9771 1.6087 1.7700 3.9247 -5.3084 0.9856 49.6261 -5.9414 -4.6228
Car -1 -1 -4.8581 502.5076 171.1806 531.2102 192.0249 1.4786 1.5679 3.8187 -6.5377 0.8175 52.2026 -4.9801 -4.8004
Car -1 -1 -4.6253 575.1693 170.5289 622.3368 205.8154 1.3487 1.5893 4.0258 -0.2192 0.9678 29.0947 -4.6309 -4.9063
Car -1 -1 -7.3955 583.4160 167.2725 623.6170 187.7164 1.4348 1.5796 3.4088 -0.0724 0.5065 51.4998 -7.3950 -5.0108
Car -1 -1 -7.9365 578.8036 165.6486 598.7607 182.1357 1.5642 1.6190 4.1539 -1.5907 0.1550 69.2296 -7.9576 -5.0844
Car -1 -1 -4.4458 407.2353 178.5525 431.2970 192.8373 1.4073 1.5055 3.3808 -18.6879 1.2153 71.3563 -4.6992 -5.2010
Car -1 -1 -4.7269 731.9377 162.2781 752.6951 183.3280 1.7375 1.6818 4.0411 11.7318 0.2334 60.4979 -4.5345 -5.2383
Car -1 -1 -4.8375 677.4370 169.2963 704.3414 190.7942 1.6462 1.6209 4.0978 6.7957 0.7883 56.1953 -4.7161 -5.2710
Car -1 -1 -4.4797 13.7616 188.3093 87.2902 221.9664 1.3931 1.6790 4.4049 -25.5498 1.7805 32.7081 -5.1365 -5.2817
Car -1 -1 -4.7393 366.4777 179.0444 392.4918 201.6579 1.6053 1.7370 3.9019 -16.7128 1.5020 52.3193 -5.0451 -5.3770
Car -1 -1 -2.4100 404.2389 176.7199 461.3870 197.6644 1.5499 1.5945 4.2773 -13.1678 1.2702 54.0408 -2.6460 -5.4874
Car -1 -1 -4.9725 385.7815 176.0954 416.9676 193.9026 1.5105 1.6582 4.0357 -17.9068 1.1368 62.1331 -5.2500 -5.5031
Car -1 -1 -4.4449 365.9642 178.7357 395.1335 195.4674 1.6213 1.7897 3.9306 -22.3144 1.4502 70.5077 -4.7485 -5.5331
Car -1 -1 -4.7827 573.8273 169.7361 612.1893 197.7713 1.3623 1.6916 4.0625 -0.6885 0.8394 36.4538 -4.7996 -5.5873
Car -1 -1 -4.2362 0.0000 190.5079 71.0445 223.8284 1.5003 1.5711 4.1467 -28.7131 2.0316 35.3383 -4.9126 -5.5990
Car -1 -1 -6.8847 1220.7311 147.1850 1223.0000 190.1330 1.6664 1.6148 4.0123 27.6701 0.3740 28.5582 -6.1190 -5.6010
Car -1 -1 -4.6873 340.2498 178.5707 370.5048 203.0518 1.4436 1.6533 4.2841 -15.4871 1.3299 43.9842 -5.0219 -5.6013
Car -1 -1 -4.8664 568.6441 169.4129 617.0961 199.7341 1.3095 1.6313 4.0353 -0.6460 0.8309 32.6628 -4.8841 -5.6022
Car -1 -1 -1.8399 11.3144 177.1549 58.0854 199.2280 1.5372 1.6180 4.0834 -41.2270 1.3042 51.0924 -2.5141 -5.6718
Car -1 -1 -4.7141 388.7511 175.5332 412.9395 197.8947 1.5972 1.6680 4.0235 -15.1979 1.2425 52.6655 -4.9917 -5.7554
Car -1 -1 -4.3718 123.4991 178.8035 175.0870 200.5767 1.4096 1.6283 4.1715 -30.8519 1.2998 47.9897 -4.9385 -5.8139
Car -1 -1 -4.8442 624.8763 168.5715 670.8137 201.0765 1.4874 1.6682 4.4156 2.0083 0.9417 34.6164 -4.7850 -5.8598
Car -1 -1 -4.8353 631.3841 169.0124 668.0593 194.3407 1.3529 1.5661 4.1005 2.4564 0.7394 39.8593 -4.7724 -5.8744
Car -1 -1 -4.7213 606.4653 169.6904 635.9250 195.2732 1.3583 1.5642 3.9015 0.8728 0.7845 39.5011 -4.6976 -5.8867
Car -1 -1 -4.7364 618.7867 170.6999 644.7922 192.9353 1.3577 1.5629 3.9019 1.6680 0.7594 45.1350 -4.6979 -5.8867
Car -1 -1 -4.4788 0.0000 181.5274 0.0000 207.8587 1.4979 1.6479 4.0138 -41.7060 1.5629 42.5332 -5.2490 -5.8867
Car -1 -1 -4.7049 605.9357 169.0450 643.5754 201.3677 1.3671 1.5929 3.9024 0.8814 0.8828 31.8842 -4.6757 -5.8867
Car -1 -1 -4.4164 0.0000 184.1072 0.0000 215.5064 1.5391 1.6565 4.0166 -41.6946 1.7405 37.2986 -5.2515 -5.8867
Car -1 -1 -8.1620 0.0000 0.0000 841.5614 369.0000 1.5223 1.5867 3.8007 0.2902 1.5126 0.9714 -7.9386 -5.8867
Car -1 -1 -4.4486 0.0000 184.2273 0.0000 213.3654 1.5256 1.6516 4.0093 -41.6977 1.7463 39.7107 -5.2527 -5.8867
Car -1 -1 -4.4239 279.7313 181.9952 334.8439 207.9749 1.3769 1.6521 4.4837 -16.7876 1.4666 40.0538 -4.8163 -5.9740
Car -1 -1 -7.1730 1211.0419 162.1630 1223.0000 368.2555 1.4161 1.6019 4.1116 7.5689 1.2906 5.6836 -6.2713 -5.9879
Car -1 -1 -4.9583 675.9078 166.6635 702.3206 184.6139 1.6768 1.5972 4.0145 8.0949 0.3842 68.1412 -4.8389 -6.0338
Car -1 -1 -4.1832 31.6520 183.1478 108.8808 213.0260 1.5357 1.5970 3.9265 -29.2022 1.6885 38.7408 -4.8236 -6.0858
Car -1 -1 -4.7112 528.6649 171.5758 547.6206 192.3905 1.6519 1.4996 3.9295 -5.4808 0.9436 58.1360 -4.8030 -6.1364
Car -1 -1 -7.3568 1223.0000 129.4831 1223.0000 369.0000 1.4116 1.5953 4.3829 6.0491 1.2273 3.4972 -6.3476 -6.1659
Car -1 -1 -4.1276 0.0000 187.5747 30.7716 221.7095 1.5355 1.7722 4.0194 -30.5969 1.9048 34.7857 -4.8429 -6.4740
