Car -1 -1 -7.1574 0.0000 201.3331 302.7477 369.0000 1.4966 1.7439 3.8289 -3.1741 1.6532 3.3752 -7.8649 5.1993
Car -1 -1 -7.0125 1119.2617 153.5564 1223.0000 199.8832 1.4378 1.6926 4.3765 19.3707 0.6018 22.8585 -6.3147 4.6620
Car -1 -1 -4.9680 505.6396 170.1076 532.2020 185.7124 1.5218 1.6722 4.1139 -8.6673 0.5082 71.1726 -5.0869 -2.1892
Car -1 -1 -5.1140 412.6349 178.8558 454.3337 201.4522 1.4425 1.5185 3.3144 -11.4112 1.3376 46.9186 -5.3494 -2.7083
Car -1 -1 -3.4503 503.4919 172.6166 551.0286 191.9999 1.5303 1.5991 3.5079 -6.2871 0.9079 57.2622 -3.5573 -2.8052
Car -1 -1 -1.6851 53.9783 172.5000 92.0882 197.8043 1.8190 1.8078 4.4315 -39.9433 1.2439 53.0595 -2.3258 -3.3356
Car -1 -1 -2.9954 434.0242 173.8393 505.0203 199.5266 1.6114 1.7118 4.2612 -8.6376 1.1937 45.2942 -3.1809 -3.4471
Car -1 -1 -7.7444 524.6851 169.4839 546.1400 185.8206 1.6012 1.7195 4.0070 -6.9606 0.5213 71.3144 -7.8395 -3.5809
Car -1 -1 -4.0644 0.0000 187.4280 93.0034 218.3293 1.5886 1.9204 4.5306 -31.2989 1.9996 39.6498 -4.7272 -3.7838
Car -1 -1 -8.3627 387.4098 177.5623 442.5443 201.0089 1.4626 1.6575 4.1791 -12.4531 1.2794 46.1843 -8.6227 -3.9126
Car -1 -1 -2.2944 461.2637 171.2613 521.6209 195.2547 1.6625 1.7686 4.5086 -8.2388 1.0224 51.1078 -2.4515 -3.9138
Car -1 -1 -5.1420 47.5281 190.4383 133.6702 227.8764 1.5639 1.6754 3.9865 -23.4350 2.0401 32.1586 -5.7655 -3.9365
Car -1 -1 -2.4121 0.0000 195.6588 17.2238 258.5458 1.4868 1.6259 3.8117 -17.6250 1.8922 18.0176 -3.1761 -3.9584
Car -1 -1 -7.8265 0.0000 186.9847 7.3402 218.7286 1.5607 1.6663 4.1912 -33.0891 1.9271 37.7886 -8.5400 -4.0379
Car -1 -1 -4.1191 504.6754 170.9974 558.8945 192.4442 1.4944 1.7292 4.4711 -5.2856 0.8323 51.6441 -4.2187 -4.0428
Car -1 -1 -8.4676 1101.5089 139.6052 1188.3628 174.8500 1.7188 1.6919 3.8575 28.1687 -0.3117 37.0661 -7.8201 -4.2293
Car -1 -1 -4.6286 391.6147 178.4626 411.3562 193.4034 1.4198 1.5701 3.3394 -19.8047 1.2260 68.9785 -4.9054 -4.3632
Car -1 -1 -3.1909 505.8100 170.3410 562.5887 194.8261 1.6690 1.7024 3.8631 -4.9617 0.9765 49.3196 -3.2888 -4.3787
Car -1 -1 -2.2100 2.7765 176.1960 67.4996 200.5525 1.7166 1.8809 3.6031 -41.2441 1.4133 51.2009 -2.8834 -4.4952
Car -1 -1 -6.8785 0.0000 185.5488 101.2528 217.0654 1.5791 1.7030 4.1557 -30.0322 1.8692 38.3811 -7.5368 -4.6455
Car -1 -1 -4.8921 449.5060 175.8443 478.8231 196.9475 1.5226 1.5771 3.3702 -10.5534 1.1867 52.8689 -5.0863 -4.6979
Car -1 -1 -4.1767 72.4793 177.5227 139.5468 204.5208 1.7535 1.7855 4.2733 -33.8562 1.5602 48.1176 -4.7850 -4.7918
Car -1 -1 -7.7824 596.7148 168.8320 615.1761 184.1794 1.4542 1.5149 4.0218 0.1428 0.3485 69.0581 -7.7786 -4.7932
Car -1 -1 -2.9002 603.7841 172.8886 667.1206 197.1060 1.6376 1.7199 4.1123 2.1300 1.1230 49.2171 -2.8555 -4.7973
Car -1 -1 -4.5356 428.6007 178.7487 451.8969 195.6799 1.5729 1.5340 3.7044 -15.6904 1.4100 67.5698 -4.7611 -4.8012
Car -1 -1 -4.6974 732.9753 161.9715 753.7469 183.1578 1.7556 1.6898 3.8865 11.9110 0.2202 60.6660 -4.5027 -4.8638
Car -1 -1 -4.8217 351.0505 179.0859 380.1017 202.9086 1.6661 1.6072 3.7984 -17.4690 1.5672 51.5105 -5.1452 -5.2106
Car -1 -1 -4.2676 0.0000 192.3207 45.0943 217.7035 1.3482 1.4374 2.9021 -33.7679 2.0537 40.6091 -4.9559 -5.2366
Car -1 -1 -8.5494 1070.3541 152.0436 1223.0000 227.2584 1.4253 1.5697 3.8790 12.1772 0.8864 15.3635 -7.8875 -5.2863
Car -1 -1 -4.3134 402.3971 177.7655 431.9061 193.1356 1.5052 1.6197 3.5273 -18.8291 1.2373 71.1035 -4.5695 -5.3677
Car -1 -1 -3.2181 397.5450 177.2581 461.4502 198.0630 1.5140 1.7170 4.5328 -13.1499 1.2781 52.9736 -3.4583 -5.3737
Car -1 -1 -4.7499 679.7672 169.0794 702.2833 190.6765 1.6482 1.6150 4.1829 6.8008 0.7766 56.1111 -4.6282 -5.4338
Car -1 -1 -4.3873 5.5736 189.3281 90.4654 226.0411 1.5127 1.7076 4.5043 -25.6348 1.9511 32.6969 -5.0459 -5.4600
Car -1 -1 -4.2639 0.0000 191.4307 68.8284 224.9664 1.5053 1.5333 4.0564 -28.6913 2.0841 35.2853 -4.9406 -5.4733
Car -1 -1 -4.4550 573.2368 172.8732 603.9776 192.5660 1.5632 1.6203 3.7555 -1.3016 0.9578 58.1418 -4.4755 -5.5342
Car -1 -1 -7.7751 582.9710 167.0767 602.2728 183.9730 1.6087 1.5864 3.8774 -1.1623 0.3305 69.3046 -7.7900 -5.5523
Car -1 -1 -4.6307 127.9750 178.0046 163.0136 199.6895 1.4280 1.6754 4.1783 -31.6604 1.2638 48.7997 -5.2016 -5.5538
Car -1 -1 -4.9713 385.8808 175.9850 416.7686 194.0303 1.5313 1.6538 3.9679 -17.9088 1.1481 62.1278 -5.2489 -5.5553
Car -1 -1 -4.4550 367.2223 179.0176 395.1769 195.1029 1.5602 1.7201 3.8842 -22.2684 1.4163 70.5611 -4.7578 -5.6007
Car -1 -1 -4.6983 382.1081 176.7567 406.3945 198.8777 1.5765 1.6626 4.0830 -15.6313 1.3098 52.5802 -4.9840 -5.6321
Car -1 -1 -4.6226 336.6987 178.7156 372.3338 204.6806 1.5344 1.7061 4.2215 -15.5520 1.4291 44.0383 -4.9582 -5.7847
Car -1 -1 -4.4195 0.0000 184.2112 0.0000 215.3157 1.5416 1.6582 4.0189 -41.6951 1.7509 37.7051 -5.2493 -5.8867
Car -1 -1 -8.4291 0.0000 0.0000 935.8668 369.0000 1.5217 1.5877 3.8029 0.6808 1.5003 0.9638 -7.9399 -5.8867
Car -1 -1 -4.4759 0.0000 181.5534 0.0000 208.2894 1.5055 1.6499 4.0148 -41.7053 1.5715 42.1271 -5.2509 -5.8867
Car -1 -1 -4.4052 399.8949 175.3853 436.2723 194.1749 1.4027 1.6042 3.9279 -14.4279 1.0209 54.7878 -4.6596 -5.8867
Car -1 -1 -4.8154 377.3379 174.9125 400.4752 192.7717 1.6322 1.6737 4.2469 -20.4518 1.1215 66.9025 -5.1091 -5.8950
Car -1 -1 -3.7872 1102.4606 132.7912 1223.0000 174.3350 1.9088 1.7791 4.8479 26.7664 -0.3020 33.7117 -3.1189 -5.8952
Car -1 -1 -4.3491 459.9280 172.5736 504.2342 196.5168 1.5483 1.6512 3.9423 -8.2596 1.0358 47.8154 -4.5173 -5.9930
Car -1 -1 -7.2158 1208.9843 157.3076 1223.0000 366.0420 1.4119 1.6217 4.1947 7.5351 1.2554 5.6581 -6.3143 -6.0095
Car -1 -1 -7.4555 275.7192 179.1165 344.8671 215.4182 1.6903 1.7713 3.8664 -14.4569 1.6260 34.8636 -7.8438 -6.0248
Car -1 -1 -7.3674 1223.0000 134.3826 1223.0000 369.0000 1.4014 1.5863 4.3424 6.0641 1.2352 3.5091 -6.3585 -6.1459
Car -1 -1 -7.6877 59.1558 170.4271 97.0760 200.0615 1.9192 1.4840 3.4605 -35.4755 1.2669 47.6701 -8.3225 -6.8177
Car -1 -1 -5.0108 93.9481 173.0072 129.7496 195.3358 1.8032 1.5386 3.3310 -40.9657 1.1981 58.7351 -5.6156 -6.8352
Car -1 -1 -4.2306 0.0000 187.0021 27.0261 221.6167 1.5629 1.7704 3.8492 -30.5623 1.9020 34.7802 -4.9454 -6.9825
