Car -1 -1 -6.9547 1020.1169 155.5863 1188.4604 203.8354 1.4774 1.6606 4.3123 15.8546 0.7148 22.6180 -6.3482 5.6295
Car -1 -1 -7.1207 0.0000 202.5232 302.0980 369.0000 1.4962 1.7787 3.8307 -3.2061 1.6598 3.3134 -7.8416 5.2805
Car -1 -1 -4.4113 0.0000 187.5302 30.8003 218.5842 1.5333 1.6242 3.7622 -32.4564 1.9305 37.8860 -5.1140 -0.4362
Car -1 -1 -4.4395 82.9832 181.8345 131.0666 204.2428 1.4612 1.6305 4.1412 -34.1504 1.5572 48.5936 -5.0474 -0.6882
Car -1 -1 -5.5257 429.5518 175.2468 496.1477 201.2576 1.6041 1.6910 4.1794 -9.1585 1.2802 45.4328 -5.7216 -1.7956
Car -1 -1 -4.8533 512.0627 170.7900 534.1021 186.4802 1.5339 1.6824 3.8660 -8.2475 0.5845 71.2029 -4.9664 -2.4018
Car -1 -1 -3.6079 507.4789 171.7232 556.8585 191.9795 1.5921 1.6380 3.6276 -5.8765 0.9023 57.2383 -3.7079 -2.7899
Car -1 -1 -4.1104 0.0000 186.3436 87.3167 218.3926 1.6453 1.9107 4.3328 -31.2508 1.9889 39.3315 -4.7763 -2.7940
Car -1 -1 -5.0743 410.9927 178.5808 451.6719 200.8488 1.4180 1.5169 3.3994 -11.5404 1.2958 46.8542 -5.3126 -3.0910
Car -1 -1 -5.1886 510.4105 173.7590 555.6102 195.6674 1.4946 1.6221 3.8346 -5.1565 1.0348 50.2847 -5.2884 -3.4141
Car -1 -1 -3.9198 96.5584 180.0125 169.9922 203.1438 1.5190 1.6894 4.2305 -32.3777 1.4870 48.6747 -4.5021 -3.7178
Car -1 -1 -3.3856 0.0000 190.0353 116.6491 226.0648 1.4812 1.6287 4.0071 -24.9034 1.9441 32.2365 -4.0370 -3.7384
Car -1 -1 -7.7744 56.7691 176.2612 91.7733 200.8372 1.7716 1.7637 4.1762 -39.8775 1.4660 53.2054 -8.4130 -3.7941
Car -1 -1 -2.3926 0.0000 194.6534 12.7634 257.2712 1.4715 1.6583 4.0082 -17.7359 1.8473 17.8828 -3.1634 -4.0202
Car -1 -1 -5.1481 447.0171 175.7257 486.9810 196.1623 1.4776 1.5724 3.6028 -10.3765 1.1324 53.0411 -5.3385 -4.0901
Car -1 -1 -7.5484 482.8744 173.6761 528.9083 200.3587 1.4499 1.5760 3.6266 -5.6133 1.0793 40.3417 -7.6839 -4.1978
Car -1 -1 -7.8656 1167.8809 154.4527 1223.0000 201.9236 1.5246 1.6467 4.0065 20.7712 0.6883 24.7832 -7.1727 -4.2962
Car -1 -1 -4.6386 391.6314 178.6028 410.9252 193.7155 1.4365 1.5679 3.2217 -19.8152 1.2560 68.9403 -4.9156 -4.4585
Car -1 -1 -4.8305 633.2838 171.0845 663.1923 191.9203 1.4060 1.6195 4.1838 3.0050 0.7707 49.8447 -4.7689 -4.5396
Car -1 -1 -4.6799 427.9837 179.5959 445.7979 195.6490 1.4894 1.5318 3.5948 -16.0045 1.4054 67.5112 -4.9100 -4.6047
Car -1 -1 -7.7794 596.4437 168.8181 615.0655 184.2340 1.4605 1.5217 3.9701 0.1239 0.3536 69.0261 -7.7758 -4.6776
Car -1 -1 -4.2092 412.2849 177.2763 457.7181 198.9643 1.5395 1.6630 3.7310 -12.4992 1.3107 52.2094 -4.4412 -4.7211
Car -1 -1 -4.0725 0.0000 192.4416 65.2795 217.0904 1.3036 1.5919 3.8855 -33.7414 2.0342 41.2781 -4.7524 -4.7253
Car -1 -1 -6.1819 573.0167 171.0600 619.9320 192.6416 1.7144 1.7336 3.6368 -0.6570 0.9644 57.1948 -6.1916 -4.7737
Car -1 -1 -3.4445 0.0000 185.7249 102.1584 219.3941 1.6770 1.8682 4.0451 -29.8260 1.9748 38.0905 -4.1032 -4.8327
Car -1 -1 -7.4261 286.3873 181.7922 351.6333 213.5848 1.5073 1.6006 3.8019 -14.3394 1.5761 35.6175 -7.8042 -5.0179
Car -1 -1 -2.8303 881.5463 146.2992 954.8774 171.4564 1.5265 1.5704 4.1007 20.4449 -0.6165 46.2540 -2.4147 -5.0307
Car -1 -1 -4.3212 0.0000 192.7851 65.2418 224.6127 1.4137 1.5183 4.0089 -28.6751 2.0625 35.1924 -4.9990 -5.2242
Car -1 -1 -4.7287 366.5201 179.0001 391.5269 200.1987 1.4943 1.6889 4.0795 -16.6562 1.3886 52.0419 -5.0350 -5.2386
Car -1 -1 -4.9099 726.7554 163.1678 753.3773 181.2198 1.5019 1.5314 3.7751 11.5778 0.0598 60.7188 -4.7207 -5.2483
Car -1 -1 -4.2949 401.9345 177.8621 432.2458 193.4098 1.5225 1.6505 3.5334 -18.8378 1.2640 71.1150 -4.5511 -5.2837
Car -1 -1 -6.6216 503.4420 165.5691 553.2432 184.6520 1.6371 1.8406 3.9815 -6.7420 0.3561 62.3428 -6.7270 -5.3442
Car -1 -1 -8.1577 890.9307 162.4747 945.5651 190.7240 1.4939 1.6106 4.1470 17.4217 0.5408 39.5410 -7.7439 -5.4918
Car -1 -1 -7.8796 580.9312 168.2919 597.3882 184.1208 1.5053 1.5131 3.9510 -1.5487 0.3442 69.2495 -7.9001 -5.5722
Car -1 -1 -4.6404 391.0147 177.9836 414.8170 195.6410 1.4427 1.6318 4.2335 -17.1000 1.2371 60.0075 -4.9149 -5.5767
Car -1 -1 -7.7344 53.2493 176.7796 97.3762 208.4723 2.0171 1.7776 4.9473 -35.5747 1.7804 47.5907 -8.3715 -5.5861
Car -1 -1 -7.1797 865.6788 141.4552 925.8633 168.7470 1.7478 1.8520 3.8001 19.9503 -0.8350 48.5045 -6.7898 -5.7375
Car -1 -1 -4.7367 388.8518 175.9369 413.3105 198.0578 1.5791 1.6598 4.0099 -15.2054 1.2534 52.6344 -5.0146 -5.7407
Car -1 -1 -4.6054 336.8943 178.1840 373.1404 204.0283 1.5258 1.6704 4.2224 -15.5024 1.3892 43.9881 -4.9403 -5.7608
Car -1 -1 -4.9234 642.2147 169.6519 679.4133 194.7640 1.5779 1.5980 4.1852 3.6231 0.8963 46.6063 -4.8447 -5.8218
Car -1 -1 -4.4384 0.0000 184.5028 0.0000 214.3786 1.5291 1.6521 4.0097 -41.6962 1.7616 38.9062 -5.2527 -5.8867
Car -1 -1 -4.4680 0.0000 183.1368 0.0000 210.6457 1.5083 1.6476 4.0077 -41.7016 1.6705 41.3203 -5.2525 -5.8867
Car -1 -1 -8.1573 0.0000 0.0000 844.8046 369.0000 1.5228 1.5878 3.8024 0.2911 1.5160 0.9705 -7.9331 -5.8867
Car -1 -1 -4.5704 0.0000 182.1311 27.7348 205.2991 1.5379 1.6557 4.0158 -41.7072 1.6567 49.3770 -5.2670 -5.8867
Car -1 -1 -4.4418 33.7411 186.6705 103.9116 219.5166 1.4795 1.6655 4.2614 -26.4423 1.8050 34.9936 -5.0829 -5.9949
Car -1 -1 -4.3077 86.2174 178.3112 144.5760 203.9022 1.5450 1.6475 3.8275 -30.8919 1.4130 44.7237 -4.9071 -6.0954
Car -1 -1 -7.1327 1223.0000 164.6627 1223.0000 369.0000 1.3755 1.5632 4.0719 7.3697 1.2803 5.2085 -6.2041 -6.1062
Car -1 -1 -7.3391 1223.0000 131.1557 1223.0000 369.0000 1.4092 1.5966 4.3781 6.0425 1.2279 3.5068 -6.3315 -6.1499
Car -1 -1 -2.1668 8.3171 175.8928 72.6210 203.6673 1.9769 1.8925 3.7875 -41.3401 1.6490 51.7988 -2.8357 -6.2444
Car -1 -1 -4.6920 85.2044 192.6147 127.0736 228.8345 1.5047 1.4808 3.3933 -22.8382 2.0914 32.4136 -5.2997 -7.3721
