Car -1 -1 -7.1169 0.0000 200.0424 299.7155 369.0000 1.5212 1.7758 3.8256 -3.2070 1.6655 3.2826 -7.8422 5.0898
Car -1 -1 -4.6634 437.1254 175.2690 467.3828 199.4913 1.4548 1.6635 3.8978 -9.5814 1.1408 44.5233 -4.8722 2.3785
Car -1 -1 -7.6936 0.0000 187.3826 20.8133 219.3693 1.5715 1.6694 4.3071 -32.8694 1.9635 37.9871 -8.4011 -1.3188
Car -1 -1 -7.7159 518.0607 173.8125 539.9484 189.0980 1.5001 1.6660 3.9294 -7.6140 0.8436 71.3788 -7.8200 -2.0425
Car -1 -1 -4.1020 0.0000 185.8093 81.9019 216.7445 1.5527 1.7877 4.8119 -31.2674 1.8625 38.7880 -4.7749 -2.2802
Car -1 -1 -7.6307 585.4884 169.3266 609.9688 184.1987 1.4041 1.6047 3.6570 -0.6541 0.3491 68.7123 -7.6384 -2.5990
Car -1 -1 -4.3625 82.6989 180.1138 134.8128 204.6747 1.6100 1.6045 4.1029 -33.9861 1.5847 48.5360 -4.9687 -3.0054
Car -1 -1 -4.7252 511.2703 171.3613 531.3089 190.3680 1.4978 1.5713 3.5321 -6.8254 0.7776 57.5694 -4.8408 -3.2340
Car -1 -1 -2.8854 0.0000 196.5902 6.6678 269.3178 1.4979 1.6290 4.0829 -17.2938 1.9257 17.0556 -3.6669 -3.3566
Car -1 -1 -3.9659 17.7135 179.7906 103.6115 208.8671 1.7241 1.6473 4.4742 -33.9293 1.6821 44.2313 -4.6151 -3.6087
Car -1 -1 -8.2032 566.9802 167.8047 597.1997 184.1712 1.5431 1.6447 4.0862 -2.2407 0.3460 68.8663 -8.2338 -3.7499
Car -1 -1 -4.2736 424.9307 173.5429 460.1304 190.8978 1.5910 1.6687 4.0801 -15.3262 0.9531 66.9915 -4.4958 -3.9379
Car -1 -1 -1.8814 58.0024 193.6722 134.8833 231.6803 1.5702 1.7132 4.0845 -23.3847 2.2102 32.4399 -2.4999 -3.9712
Car -1 -1 -4.4821 503.2863 172.4861 540.3311 196.1950 1.5801 1.6949 3.9520 -5.7388 1.0460 49.1825 -4.5958 -4.0550
Car -1 -1 -4.9342 392.2224 177.8927 430.1509 200.3017 1.4845 1.6906 4.0598 -13.4782 1.3118 49.0290 -5.1991 -4.1061
Car -1 -1 -4.7521 398.8375 176.4095 430.8549 198.7330 1.3472 1.8110 3.9462 -12.0975 1.1004 44.8218 -5.0122 -4.3389
Car -1 -1 -4.9313 437.7550 174.1955 478.6831 201.7711 1.5252 1.6142 3.4655 -8.5631 1.1767 41.0193 -5.1338 -4.3730
Car -1 -1 -4.7941 372.3035 178.3799 402.0690 202.0701 1.5855 1.6917 3.7710 -15.2441 1.4436 49.3838 -5.0900 -4.4116
Car -1 -1 -6.7277 639.2181 168.9730 700.2415 192.8873 1.5996 1.6479 3.8537 4.4552 0.8286 48.7307 -6.6354 -4.4296
Car -1 -1 -4.0461 0.0000 184.7010 79.9969 214.7278 1.6376 1.8362 4.2444 -33.1481 1.8956 41.2821 -4.7173 -4.5589
Car -1 -1 -7.6547 580.4672 170.1186 611.6812 191.9594 1.7246 1.7844 4.0725 -0.6811 0.9048 57.9990 -7.6647 -4.7061
Car -1 -1 -5.2395 706.4061 164.1733 746.9655 184.3480 1.6730 1.6168 4.0505 10.4343 0.3190 60.8141 -5.0687 -4.7610
Car -1 -1 -2.6449 591.8795 168.3685 656.6902 192.5964 1.6274 1.6564 4.2374 1.3274 0.8126 49.2730 -2.6164 -4.8308
Car -1 -1 -4.7441 366.3044 178.8875 392.3181 200.5585 1.5328 1.7090 4.1021 -16.6989 1.4188 52.2297 -5.0502 -4.8391
Car -1 -1 -5.0179 445.8520 177.2516 482.5471 197.2240 1.4475 1.6108 3.9354 -10.6557 1.2121 53.3577 -5.2122 -4.8887
Car -1 -1 -5.1566 333.3138 178.7070 380.6522 202.4722 1.6475 1.6794 3.9887 -17.9248 1.5232 51.0254 -5.4909 -4.9845
Car -1 -1 -4.6360 385.0873 179.3292 404.8280 193.8358 1.3865 1.5896 3.4886 -20.5789 1.2744 69.4469 -4.9212 -5.1683
Car -1 -1 -7.5354 25.2238 183.8418 89.1902 214.4902 1.5641 1.6255 3.8333 -29.8364 1.7565 38.6130 -8.1877 -5.1940
Car -1 -1 -4.4730 406.9709 175.8140 436.5953 192.0248 1.5030 1.7117 4.5508 -17.5083 1.0684 67.8409 -4.7227 -5.2195
Car -1 -1 -7.3901 268.2568 181.4364 339.3122 216.7667 1.6147 1.7483 3.5557 -14.5223 1.6626 34.2433 -7.7863 -5.2434
Car -1 -1 -4.7363 508.6899 170.3148 531.7623 191.1444 1.4774 1.6017 3.8566 -6.2816 0.7550 52.1720 -4.8536 -5.2452
Car -1 -1 -4.4132 43.6871 185.7713 110.6914 220.9379 1.5793 1.5345 3.8298 -25.6251 1.8515 34.4312 -5.0470 -5.2614
Car -1 -1 -2.3692 11.3372 181.0725 76.3788 202.7116 1.5484 1.6894 3.5637 -40.9810 1.5911 51.6776 -3.0350 -5.3761
Car -1 -1 -4.6670 339.0516 178.5464 371.3320 204.2267 1.5117 1.6812 4.3412 -15.4791 1.3968 43.9400 -5.0017 -5.6814
Car -1 -1 -4.7879 391.2978 176.8265 415.1174 195.2153 1.5352 1.6844 4.1407 -17.4977 1.2285 61.2637 -5.0630 -5.7084
Car -1 -1 -7.8652 58.1030 174.7051 89.1358 201.0583 1.6987 1.6173 3.3519 -35.6296 1.3252 47.3984 -8.5049 -5.7413
Car -1 -1 -4.7082 388.5716 175.7864 412.5960 198.0129 1.5875 1.6564 4.0034 -15.2011 1.2509 52.6526 -4.9860 -5.7739
Car -1 -1 -4.2296 0.0000 186.1156 76.1960 221.3678 1.6444 1.5921 3.9336 -28.7053 1.9448 35.7256 -4.9005 -5.8594
Car -1 -1 -4.4308 0.0000 184.5478 0.0000 214.7905 1.5308 1.6533 4.0126 -41.6957 1.7636 38.5086 -5.2502 -5.8867
Car -1 -1 -4.4758 0.0000 181.4934 0.0000 208.2459 1.5067 1.6504 4.0155 -41.7055 1.5690 42.1273 -5.2507 -5.8867
Car -1 -1 -4.3529 403.0830 177.5605 432.2033 192.4220 1.4594 1.6763 3.5926 -18.8320 1.1706 71.3059 -4.6083 -5.9048
Car -1 -1 -4.5087 677.0109 168.5164 708.0391 189.1994 1.5744 1.6671 3.9684 6.9717 0.6622 55.9693 -4.3837 -5.9632
Car -1 -1 -7.7561 73.9331 177.5817 123.4245 206.7336 1.7555 2.0851 4.8499 -32.2824 1.5798 45.2004 -8.3713 -6.0024
Car -1 -1 -7.3923 1223.0000 130.2038 1223.0000 369.0000 1.4029 1.5877 4.3384 6.1100 1.2252 3.5027 -6.3793 -6.1752
Car -1 -1 -7.5543 54.2424 176.3547 99.4409 202.1771 1.8668 1.6443 3.8667 -39.6773 1.5671 53.2119 -8.1905 -6.2594
