Car -1 -1 -7.1380 0.0000 201.8386 300.2177 369.0000 1.5078 1.7390 3.7919 -3.1824 1.6660 3.3312 -7.8529 4.8953
Car -1 -1 -4.7369 427.7613 175.7339 463.4214 205.5008 1.4350 1.6880 4.3228 -8.2688 1.2054 36.3870 -4.9568 3.0491
Car -1 -1 -4.6609 401.8499 177.0991 424.1433 195.2135 1.5036 1.6455 3.7989 -16.4421 1.2212 60.7176 -4.9223 -0.1452
Car -1 -1 -4.9522 506.3247 170.3886 532.2283 185.8949 1.5125 1.6689 4.0890 -8.6310 0.5261 71.1724 -5.0706 -2.2758
Car -1 -1 -5.0368 59.4772 195.1927 139.1897 233.1267 1.5530 1.7063 4.3047 -23.2416 2.2676 32.4203 -5.6527 -2.5005
Car -1 -1 -7.6624 0.0000 187.4023 18.5629 218.3988 1.5224 1.6223 3.8496 -32.7726 1.9110 37.7225 -8.3719 -2.7631
Car -1 -1 -5.4216 508.9743 172.2461 564.3176 194.9780 1.5510 1.6286 4.1164 -4.8908 0.9879 50.2556 -5.5163 -2.9957
Car -1 -1 -7.6774 1.3973 185.6478 56.2471 215.9521 1.5292 1.6443 3.8463 -31.2811 1.8245 38.4672 -8.3545 -3.0505
Car -1 -1 -7.7567 524.9799 169.6603 545.9228 185.8018 1.5832 1.7172 3.9944 -6.9605 0.5198 71.3470 -7.8518 -3.4496
Car -1 -1 -2.3529 0.0000 194.9456 19.9459 257.2357 1.4811 1.6364 4.0620 -17.6886 1.8686 18.0825 -3.1169 -3.5325
Car -1 -1 -4.0920 507.2960 169.5916 551.7386 190.2628 1.6252 1.6100 3.9432 -6.1084 0.7675 57.7010 -4.1951 -3.5373
Car -1 -1 -7.7221 53.3470 174.7572 91.1429 198.9014 1.7397 1.7263 4.1262 -39.9985 1.3259 53.1689 -8.3625 -3.6843
Car -1 -1 -2.3407 459.3637 170.2435 524.1976 194.9155 1.7084 1.7958 4.8011 -8.2170 0.9982 51.1180 -2.4973 -3.7555
Car -1 -1 -4.8811 369.4786 178.7290 402.7365 201.5901 1.5372 1.6245 3.7735 -15.3846 1.4182 49.5930 -5.1784 -3.8871
Car -1 -1 -7.5669 578.5858 168.9348 606.4874 184.1609 1.4451 1.6938 3.8914 -1.1623 0.3473 69.2085 -7.5819 -4.1243
Car -1 -1 -6.1369 49.6035 180.6135 118.7147 205.6377 1.6045 1.6510 3.4831 -34.4667 1.6123 46.8860 -6.7660 -4.2843
Car -1 -1 -4.8443 402.8121 178.1138 435.0776 199.8637 1.4492 1.6645 4.0389 -13.0078 1.2903 49.2948 -5.0990 -4.3568
Car -1 -1 -7.3128 573.5570 171.5565 616.1376 193.0678 1.7061 1.6055 4.1327 -0.7842 0.9967 58.2665 -7.3245 -4.4642
Car -1 -1 -8.2641 985.4302 161.8880 1099.9288 220.3463 1.4176 1.4997 2.9357 11.4093 0.9666 18.6996 -7.7221 -4.5473
Car -1 -1 -4.7192 732.1625 163.4525 752.0035 183.7033 1.6778 1.6175 3.8742 11.7529 0.2653 60.6315 -4.5269 -4.8583
Car -1 -1 -5.3525 1070.4760 153.0267 1223.0000 227.0482 1.4265 1.5407 3.7747 12.1688 0.8974 15.5255 -4.6960 -4.8862
Car -1 -1 -4.1476 254.8502 183.5946 336.6611 222.8111 1.5395 1.5726 3.4097 -12.9913 1.6783 29.8498 -4.5526 -4.9152
Car -1 -1 -2.9000 608.3172 169.7706 668.6057 193.4518 1.5997 1.7196 3.8866 2.3362 0.8750 49.1433 -2.8511 -4.9890
Car -1 -1 -4.8860 348.2285 179.1375 381.9401 202.7367 1.6441 1.6763 3.9134 -17.4626 1.5492 51.3769 -5.2101 -5.0121
Car -1 -1 -2.0223 8.5485 179.2802 64.5588 201.1714 1.5376 1.6790 3.8172 -41.2001 1.4520 51.2449 -2.6948 -5.2017
Car -1 -1 -5.0979 440.1047 177.7804 480.3146 197.8060 1.4380 1.6351 3.8060 -10.8428 1.2427 52.8098 -5.2975 -5.2767
Car -1 -1 -5.0937 411.0284 176.6402 458.4912 202.0487 1.5886 1.5947 4.1659 -11.2101 1.3473 46.3666 -5.3277 -5.2930
Car -1 -1 -6.7728 839.4188 151.1484 914.0073 176.0914 1.6119 1.8334 4.2975 18.1330 -0.3021 47.2825 -6.4070 -5.3050
Car -1 -1 -4.1476 0.0000 188.9602 50.4371 226.7195 1.6065 1.6993 3.8998 -28.1232 2.0266 33.0446 -4.8465 -5.3338
Car -1 -1 -7.3234 20.1383 184.4725 97.7358 213.9904 1.5117 1.6012 3.9010 -29.8589 1.7411 38.7876 -7.9739 -5.4043
Car -1 -1 -4.8009 401.7137 176.3102 427.1818 196.1833 1.5522 1.6914 3.4963 -15.4188 1.2249 57.1567 -5.0613 -5.4181
Car -1 -1 -4.4144 493.5973 172.1047 534.9135 197.1004 1.5550 1.7295 3.3928 -5.8396 1.0328 45.8059 -4.5386 -5.4246
Car -1 -1 -4.7747 387.1757 178.3297 414.9125 200.1425 1.5158 1.6812 4.3063 -14.8718 1.3650 51.4441 -5.0528 -5.4717
Car -1 -1 -4.6245 336.6812 178.8166 372.2997 205.0341 1.5418 1.6983 4.2873 -15.4917 1.4429 43.8653 -4.9600 -5.6602
Car -1 -1 -4.5219 120.2373 178.5294 159.9321 200.4532 1.4503 1.5646 3.9174 -32.0839 1.3200 48.8817 -5.0980 -5.7136
Car -1 -1 -4.2660 39.3846 183.2571 119.8767 217.9156 1.6282 1.6697 4.0228 -26.4125 1.7758 35.6848 -4.8973 -5.8578
Car -1 -1 -4.4680 0.0000 183.1806 0.0000 210.7243 1.5100 1.6482 4.0080 -41.7016 1.6749 41.3203 -5.2525 -5.8867
Car -1 -1 -4.4384 0.0000 184.6762 0.0000 214.6575 1.5335 1.6533 4.0104 -41.6959 1.7761 38.9061 -5.2527 -5.8867
Car -1 -1 -8.1575 0.0000 0.0000 844.2545 369.0000 1.5217 1.5871 3.8011 0.2906 1.5127 0.9713 -7.9337 -5.8867
Car -1 -1 -4.6376 678.5081 168.7885 702.4468 189.4601 1.5835 1.6107 3.7435 6.8256 0.6864 56.1566 -4.5156 -6.0130
Car -1 -1 -7.1676 1208.0563 163.7354 1223.0000 368.2469 1.4000 1.5868 4.1478 7.5454 1.2857 5.6686 -6.2662 -6.0390
Car -1 -1 -4.8368 369.8336 172.7699 404.6750 203.4201 1.7029 1.5270 3.4673 -12.7235 1.2735 41.1768 -5.1326 -6.0785
Car -1 -1 -7.3778 1223.0000 130.3637 1223.0000 369.0000 1.4052 1.5909 4.3509 6.0778 1.2262 3.5080 -6.3678 -6.1591
Car -1 -1 -3.8974 971.2324 153.4084 1049.9681 182.4240 1.4654 1.4467 3.5287 21.0927 0.0973 36.8264 -3.3792 -6.2317
Car -1 -1 -4.3800 31.5304 184.1706 97.3502 209.6711 1.3710 1.6103 4.5955 -31.3560 1.5973 41.1470 -5.0258 -6.4327
