Car -1 -1 -7.1194 0.0000 200.0143 301.0647 369.0000 1.5157 1.7797 3.8589 -3.2053 1.6603 3.2862 -7.8439 5.0500
Car -1 -1 -4.6774 440.0403 174.3197 467.5293 198.3880 1.5269 1.6397 3.8477 -9.9924 1.1349 46.8897 -4.8842 0.7305
Car -1 -1 -4.4018 429.4983 174.9615 458.2771 190.3522 1.4536 1.5941 3.9470 -15.6179 0.9304 68.8175 -4.6223 0.5701
Car -1 -1 -1.6390 0.0000 187.1262 41.3907 218.3995 1.5779 1.6839 4.2176 -32.1461 1.9603 38.6812 -2.3267 -1.6632
Car -1 -1 -4.6549 516.5793 172.3899 535.6323 188.1116 1.5408 1.6881 3.7599 -7.8923 0.7458 71.2122 -4.7631 -2.4418
Car -1 -1 -4.3743 82.9795 181.1174 134.1760 204.8443 1.5521 1.5990 4.0814 -34.0060 1.5964 48.5445 -4.9806 -2.5469
Car -1 -1 -4.9523 410.8564 176.6539 449.6324 199.4542 1.4504 1.6460 3.8366 -11.6711 1.2058 47.0593 -5.1921 -2.7196
Car -1 -1 -3.9824 507.9483 168.9078 552.9063 189.4914 1.6124 1.5810 3.6662 -6.0048 0.7043 57.3334 -4.0844 -3.0043
Car -1 -1 -4.5409 429.1297 174.8222 467.6676 201.4597 1.5421 1.6379 3.8615 -9.4564 1.2135 42.8964 -4.7546 -3.1056
Car -1 -1 -1.9370 56.5276 193.8569 137.7069 232.0807 1.5863 1.7082 4.0401 -23.3555 2.2340 32.4504 -2.5547 -3.5098
Car -1 -1 -5.4248 18.7907 176.0478 83.6886 197.6037 1.5467 1.6600 3.8336 -40.6444 1.2272 51.9243 -6.0842 -3.7422
Car -1 -1 -4.1060 405.5856 174.0316 447.1989 192.8548 1.6857 1.7366 4.0476 -16.4839 1.1063 65.5197 -4.3496 -3.7753
Car -1 -1 -2.4605 0.0000 195.6119 7.7979 258.8569 1.4642 1.6496 3.9933 -17.8889 1.8678 17.8609 -3.2362 -3.9719
Car -1 -1 -4.9269 386.9340 178.0493 425.0635 201.3587 1.5281 1.6462 4.3365 -13.7368 1.3675 48.6545 -5.1988 -3.9984
Car -1 -1 -7.6663 504.3912 172.3846 539.1940 196.2483 1.5920 1.7032 3.8774 -5.7408 1.0507 49.1663 -7.7801 -4.1854
Car -1 -1 -4.9314 454.7345 173.4571 498.2417 201.8166 1.7166 1.7920 4.5686 -8.2847 1.2904 45.2506 -5.1095 -4.2195
Car -1 -1 -7.4138 40.9799 181.3578 103.4608 208.1595 1.5951 1.6905 3.7005 -33.2147 1.6511 44.1855 -8.0533 -4.3889
Car -1 -1 -4.5379 731.8043 162.6918 759.3079 182.2328 1.6160 1.6579 3.9025 12.0884 0.1432 60.5902 -4.3402 -4.4674
Car -1 -1 -4.3209 263.8172 181.8266 335.2946 217.4464 1.6039 1.7297 4.0394 -14.6125 1.6717 34.0151 -4.7217 -4.5604
Car -1 -1 -6.8436 0.0000 185.1094 106.3885 218.3025 1.6698 1.8176 4.2841 -29.9793 1.9363 38.5374 -7.4992 -4.6344
Car -1 -1 -8.1367 645.2160 171.5331 692.3998 198.5962 1.3545 1.4904 3.7464 3.2996 0.9058 37.3683 -8.0476 -4.6361
Car -1 -1 -6.5256 637.0845 167.1114 702.4822 192.7042 1.7082 1.6920 4.1674 4.4031 0.8146 48.3415 -6.4336 -4.7080
Car -1 -1 -7.7128 589.6680 166.4206 611.0977 181.8922 1.4672 1.5692 3.7954 -0.3990 0.1319 69.0372 -7.7167 -4.7356
Car -1 -1 -3.8228 0.0000 191.8177 22.3917 222.9712 1.5270 1.6143 3.8318 -34.0090 2.1702 38.1499 -4.5452 -4.7698
Car -1 -1 -4.9227 774.7045 155.5485 810.6476 184.0380 2.0912 1.8177 4.1642 14.2913 0.2597 54.0238 -4.6638 -4.8099
Car -1 -1 -4.3919 42.7847 186.9622 110.5592 222.3297 1.5820 1.5240 3.7271 -25.6046 1.9146 34.3680 -5.0262 -5.0895
Car -1 -1 -8.0365 575.2453 166.4140 597.8978 181.9698 1.4732 1.5455 3.8104 -1.8004 0.1391 68.9818 -8.0607 -5.1046
Car -1 -1 -3.8037 0.0000 188.1176 25.5089 221.9012 1.5681 1.8753 4.4209 -32.6619 1.9836 36.2168 -4.5316 -5.1247
Car -1 -1 -4.5066 506.4384 170.5377 538.1938 191.8471 1.5086 1.5486 3.9175 -6.0451 0.8034 52.0790 -4.6197 -5.2773
Car -1 -1 -4.6507 367.1830 178.6164 396.4233 201.9215 1.6367 1.7778 4.2434 -16.3427 1.5045 51.9284 -4.9522 -5.3335
Car -1 -1 -7.9199 55.9847 176.5066 93.4546 204.7869 1.8107 1.7515 4.2607 -35.6258 1.5551 47.4603 -8.5589 -5.3967
Car -1 -1 -4.6685 400.5155 173.9686 432.5406 200.4192 1.5315 1.6855 4.5179 -11.5033 1.1535 43.3254 -4.9245 -5.5427
Car -1 -1 -4.6843 339.8661 178.6911 370.6758 203.7549 1.4759 1.6704 4.3070 -15.4775 1.3695 43.9415 -5.0190 -5.7148
Car -1 -1 -4.7930 389.2553 178.1751 413.4225 193.1610 1.4413 1.9506 4.7365 -20.3302 1.2176 70.5626 -5.0707 -5.8385
Car -1 -1 -4.4413 0.0000 184.4815 0.0000 213.9969 1.5274 1.6524 4.0112 -41.6969 1.7610 39.3129 -5.2504 -5.8867
Car -1 -1 -4.4708 0.0000 182.9619 0.0000 209.9931 1.4985 1.6446 4.0068 -41.7025 1.6513 41.7268 -5.2505 -5.8867
Car -1 -1 -4.0087 13.1957 188.3206 95.2655 213.2350 1.3140 1.6752 3.7289 -31.3663 1.7818 40.3865 -4.6637 -6.2581
