Car -1 -1 -6.6990 932.6669 158.4719 1090.9824 205.8387 1.5157 1.6969 4.2734 13.4720 0.8111 23.6777 -6.1857 6.4424
Car -1 -1 -7.1349 0.0000 201.9594 304.6231 369.0000 1.4916 1.7445 3.8302 -3.1790 1.6521 3.3511 -7.8464 5.5185
Car -1 -1 -4.7472 438.0987 174.9091 470.2942 203.0815 1.4626 1.5984 3.7696 -8.3119 1.1725 38.7284 -4.9551 4.6838
Car -1 -1 -4.3738 237.1118 179.7306 314.2446 221.5930 1.7014 1.7251 4.2417 -14.3097 1.6704 30.9263 -4.8017 3.9461
Car -1 -1 -3.2131 947.8311 154.8943 1028.4349 190.3395 1.6461 1.6079 3.3171 18.4575 0.4571 34.2479 -2.7209 -1.3530
Car -1 -1 -5.2839 410.4243 178.3252 463.6837 202.3162 1.5240 1.5795 3.8978 -11.1589 1.3859 46.8378 -5.5146 -2.0104
Car -1 -1 -7.8240 515.8259 170.3360 534.3294 186.6654 1.5993 1.7290 3.9915 -8.0053 0.6037 71.3054 -7.9336 -2.5434
Car -1 -1 -5.3023 510.3527 171.3857 562.2061 195.3819 1.6237 1.6752 4.0529 -4.8920 1.0070 49.9426 -5.3976 -2.6842
Car -1 -1 -4.3786 85.5443 181.6891 134.2315 205.0292 1.5243 1.5586 3.8027 -33.8412 1.6092 48.4250 -4.9839 -3.6152
Car -1 -1 -7.7959 56.3475 175.3320 90.3533 200.1643 1.7908 1.7863 4.2575 -39.9874 1.4181 53.2584 -8.4354 -3.6394
Car -1 -1 -4.9644 66.9278 194.6413 137.5782 231.3518 1.5075 1.6848 4.1532 -23.2042 2.1985 32.5526 -5.5776 -3.7706
Car -1 -1 -4.3482 0.0000 188.0263 65.3975 217.2296 1.4632 1.6216 3.9019 -31.2650 1.8968 38.6163 -5.0232 -3.7931
Car -1 -1 -7.7185 0.0000 187.0966 18.4395 219.3459 1.5905 1.6858 4.2669 -32.9874 1.9665 38.0402 -8.4272 -3.8687
Car -1 -1 -7.8473 622.4855 170.7970 647.7565 194.3052 1.5982 1.7180 3.4852 2.1353 0.9386 49.8541 -7.8031 -4.0119
Car -1 -1 -8.0560 505.2910 169.8252 534.3729 190.4051 1.6161 1.6316 3.7651 -6.9558 0.7778 57.5684 -8.1738 -4.1359
Car -1 -1 -4.4787 302.0771 182.0263 343.3615 208.1032 1.5570 1.5455 3.8703 -17.7052 1.6575 44.4782 -4.8535 -4.1537
Car -1 -1 -5.4561 462.0753 171.0889 523.2234 195.2507 1.6743 1.7395 4.5589 -8.1491 1.0222 51.0940 -5.6116 -4.2097
Car -1 -1 -4.6366 40.1539 187.1056 91.0823 221.4039 1.5146 1.6260 4.1873 -26.0853 1.8555 34.2714 -5.2812 -4.2447
Car -1 -1 -7.7012 580.2961 170.1613 608.2617 191.3182 1.6774 1.7393 3.7577 -0.8350 0.8577 58.0385 -7.7138 -4.2453
Car -1 -1 -8.4638 1101.6884 139.2069 1189.3531 176.0621 1.8075 1.7104 3.9146 28.2561 -0.2455 37.1443 -7.8159 -4.3865
Car -1 -1 -4.6054 391.0162 178.8986 411.4663 194.8094 1.5123 1.5807 3.1553 -19.8048 1.3600 68.8939 -4.8825 -4.4539
Car -1 -1 -4.5404 677.6429 171.4037 705.3917 191.5840 1.5452 1.5858 3.6309 6.9030 0.8487 56.1050 -4.4169 -4.4936
Car -1 -1 -7.7809 596.5519 168.8611 615.1160 184.2282 1.4557 1.5181 4.0297 0.1320 0.3530 69.0451 -7.7773 -4.7505
Car -1 -1 -4.6844 385.7809 180.1037 412.1165 201.0872 1.4422 1.6921 4.0420 -14.7520 1.4150 50.7630 -4.9639 -4.7784
Car -1 -1 -4.5636 417.6943 175.9572 453.6722 202.1243 1.5464 1.6040 3.8400 -10.4374 1.2780 43.7631 -4.7944 -4.9303
Car -1 -1 -2.4584 0.0000 198.0014 0.0000 262.5402 1.4799 1.5676 3.6202 -17.8548 1.9415 17.6845 -3.2380 -4.9596
Car -1 -1 -4.9039 399.3411 175.9662 439.3774 203.5223 1.4071 1.5390 2.9540 -9.9606 1.1758 37.7692 -5.1579 -4.9785
Car -1 -1 -4.4826 635.9777 171.1509 672.2491 193.2803 1.4851 1.6113 4.2688 3.5003 0.8577 49.7280 -4.4111 -5.0162
Car -1 -1 -4.3327 405.9606 178.7051 433.6522 192.9589 1.4038 1.5446 3.4169 -18.6488 1.2268 71.4258 -4.5854 -5.0701
Car -1 -1 -4.1818 101.6543 178.6817 162.1150 201.1628 1.4647 1.6502 3.9163 -32.0789 1.3463 48.0648 -4.7656 -5.1330
Car -1 -1 -3.7429 1067.9039 155.5816 1185.8904 192.8298 1.4862 1.5531 3.6662 21.3398 0.4922 29.0407 -3.1127 -5.1894
Car -1 -1 -4.7254 366.9305 180.5671 391.3535 201.3704 1.4741 1.6582 3.9634 -16.7074 1.4792 52.2544 -5.0315 -5.3136
Car -1 -1 -6.0890 535.4655 168.2950 593.4767 192.0290 1.8745 1.7817 4.4098 -3.2361 0.9105 57.0311 -6.1437 -5.3217
Car -1 -1 -4.8267 728.0389 164.1695 751.5014 182.0589 1.4803 1.5274 3.9690 11.5200 0.1289 60.5417 -4.6379 -5.4396
Car -1 -1 -7.8855 580.6607 168.1950 597.4579 184.1797 1.5190 1.5208 4.0310 -1.5593 0.3495 69.2430 -7.9061 -5.5855
Car -1 -1 -4.8546 387.4344 175.8625 413.9698 193.5759 1.4605 1.6366 3.9972 -17.4825 1.0781 60.4557 -5.1330 -5.5961
Car -1 -1 -4.6232 330.6442 180.8356 364.5011 206.7036 1.5672 1.6526 4.1553 -16.3774 1.5897 45.1113 -4.9676 -5.6412
Car -1 -1 -4.4795 0.0000 182.0434 0.0000 208.3943 1.4959 1.6457 4.0103 -41.7051 1.5935 42.5324 -5.2497 -5.8867
Car -1 -1 -4.1181 33.7862 183.9900 114.1981 213.2712 1.5157 1.6122 3.9387 -29.2486 1.7186 39.0783 -4.7551 -5.8867
Car -1 -1 -8.1580 0.0000 0.0000 843.6148 369.0000 1.5218 1.5870 3.8001 0.2900 1.5123 0.9715 -7.9347 -5.8867
Car -1 -1 -4.4162 0.0000 183.9510 0.0000 215.3601 1.5405 1.6572 4.0178 -41.6949 1.7332 37.2989 -5.2513 -5.8867
Car -1 -1 -4.5796 0.0000 181.9754 32.2890 205.0987 1.5482 1.6641 4.0368 -41.6835 1.6565 49.7649 -5.2721 -5.8867
Car -1 -1 -4.4514 0.0000 184.3495 0.0000 213.2425 1.5283 1.6535 4.0123 -41.6981 1.7585 40.1171 -5.2505 -5.8867
Car -1 -1 -4.5410 524.1933 168.5471 552.5079 190.3240 1.7359 1.6277 4.2401 -5.4658 0.7830 58.5387 -4.6319 -6.0160
Car -1 -1 -7.9605 265.8018 181.6709 314.9508 216.4715 1.5705 1.7673 4.0178 -15.2997 1.6309 34.2356 -8.3757 -6.0404
Car -1 -1 -7.1541 1205.5815 161.4254 1223.0000 369.0000 1.4204 1.6053 4.1403 7.5400 1.2912 5.6709 -6.2532 -6.0545
Car -1 -1 -7.4063 1223.0000 131.3080 1223.0000 369.0000 1.4032 1.5917 4.3581 6.0848 1.2315 3.5108 -6.3961 -6.1724
Car -1 -1 -6.5374 505.8753 164.6024 553.5297 184.1140 1.6813 1.7895 3.8603 -6.6387 0.3113 62.4403 -6.6410 -6.3450
Car -1 -1 -4.2546 0.0000 187.2035 25.7891 221.7100 1.5532 1.7842 3.8935 -30.5820 1.9028 34.7542 -4.9701 -6.9742
