Car -1 -1 -6.0486 674.7052 166.3353 789.3072 211.1206 1.4816 1.4973 3.7139 4.4211 1.0133 24.8178 -5.8727 5.8452
Car -1 -1 -7.1178 0.0000 199.5087 300.4165 369.0000 1.5270 1.7740 3.8266 -3.2057 1.6676 3.2912 -7.8417 5.2116
Car -1 -1 -4.9848 76.7199 181.4224 123.9592 205.0623 1.5450 1.6228 3.9937 -34.4582 1.6104 48.2449 -5.6002 -1.1798
Car -1 -1 -4.8793 511.3339 170.3841 534.5448 186.1869 1.5441 1.6930 3.9533 -8.2653 0.5555 71.2194 -4.9926 -2.1766
Car -1 -1 -3.9008 374.3311 178.5271 415.1716 194.6853 1.5316 1.6329 3.7170 -20.4691 1.3444 69.0362 -4.1862 -2.9226
Car -1 -1 -2.2923 35.1184 179.0217 107.9366 206.0553 1.7481 1.7187 3.9074 -35.4165 1.6526 46.9649 -2.9335 -2.9317
Car -1 -1 -6.8579 507.1870 171.6550 556.2772 191.3581 1.5497 1.6374 3.6615 -5.9203 0.8540 57.3960 -6.9584 -3.0646
Car -1 -1 -4.4951 630.3975 175.0148 664.2051 197.8554 1.5406 1.6039 3.7282 3.0111 1.1707 49.7031 -4.4334 -3.3731
Car -1 -1 -4.0152 0.0000 187.7534 87.3084 219.1111 1.5788 1.8263 4.2818 -30.9191 1.9988 38.7668 -4.6829 -3.5277
Car -1 -1 -5.7054 429.2818 174.6219 501.5765 200.6186 1.5898 1.6899 4.2692 -8.8561 1.2304 44.8258 -5.8974 -3.5281
Car -1 -1 -4.9986 413.2119 178.1875 452.0547 201.1215 1.4596 1.5939 3.4666 -11.4669 1.3125 46.8974 -5.2351 -3.6740
Car -1 -1 -4.9642 66.7984 194.6789 135.9481 231.0808 1.4936 1.6173 4.1734 -23.2166 2.1852 32.5120 -5.5782 -3.8454
Car -1 -1 -7.7839 0.0000 186.6280 12.2083 218.5851 1.5750 1.6542 4.1207 -32.9466 1.9214 37.8143 -8.4949 -3.8683
Car -1 -1 -4.0789 96.7347 180.5372 163.3644 204.9251 1.6067 1.7408 4.0435 -32.5873 1.6094 48.6485 -4.6645 -3.9162
Car -1 -1 -7.7264 591.4908 169.6277 612.0940 184.2738 1.3855 1.5589 3.5602 -0.2630 0.3569 68.7498 -7.7284 -3.9496
Car -1 -1 -5.7250 465.2661 170.7257 530.0333 194.2333 1.6655 1.7252 4.4530 -7.8624 0.9730 51.7724 -5.8731 -4.0844
Car -1 -1 -5.0371 571.1125 169.1265 599.7022 184.7831 1.4750 1.6343 3.8541 -1.9102 0.4034 68.7031 -5.0630 -4.1940
Car -1 -1 -4.6916 53.6192 179.1427 86.8198 203.4141 1.7404 1.8744 4.6514 -40.1279 1.6431 53.1356 -5.3339 -4.2434
Car -1 -1 -4.2187 412.9864 176.2820 458.5909 198.1505 1.5484 1.6370 3.8452 -12.4201 1.2498 52.1314 -4.4495 -4.5404
Car -1 -1 -4.4767 453.8972 175.9505 488.6714 195.8476 1.4411 1.6417 4.1650 -10.0316 1.1116 53.3330 -4.6599 -4.5489
Car -1 -1 -5.0205 756.6026 163.6221 801.8236 187.9679 1.5881 1.6974 4.5547 11.8652 0.4872 48.4500 -4.7801 -4.6226
Car -1 -1 -4.7451 349.5197 178.6788 377.0193 202.7162 1.6675 1.7634 4.0189 -17.5467 1.5412 51.2393 -5.0715 -4.6579
Car -1 -1 -6.2129 535.1274 170.2373 589.9605 191.7512 1.7099 1.7728 4.3052 -3.3865 0.8942 57.1095 -6.2701 -4.7323
Car -1 -1 -4.9357 380.1859 179.2287 419.2311 202.0434 1.5520 1.7271 4.5160 -14.7029 1.4656 50.4930 -5.2157 -4.8722
Car -1 -1 -6.5122 503.2167 167.1604 550.3625 184.9237 1.5242 1.8439 3.8027 -6.8689 0.3795 62.1690 -6.6198 -4.9262
Car -1 -1 -2.7155 499.1179 170.0159 555.3593 194.2843 1.6515 1.6642 3.5399 -5.4309 0.9381 49.4618 -2.8225 -4.9348
Car -1 -1 -4.6874 427.7427 179.6574 445.4316 195.7661 1.4953 1.5461 3.6863 -16.0528 1.4170 67.5947 -4.9179 -4.9387
Car -1 -1 -4.3069 403.4676 178.5196 432.8335 193.2368 1.4440 1.6126 3.4796 -18.7583 1.2495 71.2134 -4.5617 -5.1547
Car -1 -1 -7.3974 267.3781 180.7376 339.9917 216.4483 1.6362 1.7942 3.6709 -14.5484 1.6485 34.3054 -7.7936 -5.3203
Car -1 -1 -7.6920 249.9656 179.5601 354.9656 258.4777 1.6355 1.6476 3.7686 -7.0280 1.6164 16.6753 -8.0824 -5.3631
Car -1 -1 -4.8700 693.5333 167.5963 748.8955 202.4653 1.3197 1.5926 4.0286 4.6236 0.8316 28.7766 -4.7106 -5.6111
Car -1 -1 -4.1843 0.0000 187.4071 77.2994 223.3822 1.6633 1.6511 4.0818 -28.7410 2.0326 35.6489 -4.8569 -5.7409
Car -1 -1 -4.7450 368.4016 178.5896 393.5338 200.5153 1.5758 1.6705 4.1810 -16.8395 1.4385 53.0639 -5.0489 -5.8128
Car -1 -1 -6.7469 659.9227 168.8959 747.2735 199.7599 1.5379 1.5849 4.2220 5.0899 0.9599 36.6565 -6.6084 -5.8155
Car -1 -1 -4.9198 697.2824 164.7117 752.0602 198.5976 1.4329 1.6332 4.0126 5.3061 0.7655 31.9377 -4.7549 -5.8676
Car -1 -1 -4.5379 398.8745 175.2709 430.1890 194.4288 1.3955 1.6116 3.9947 -14.3783 1.0146 53.5619 -4.7969 -5.8867
Car -1 -1 -4.4679 0.0000 183.1085 0.0000 210.6479 1.5102 1.6482 4.0083 -41.7017 1.6706 41.3205 -5.2524 -5.8867
Car -1 -1 -4.5916 0.0000 182.4266 32.0347 205.5750 1.5483 1.6620 4.0202 -41.6885 1.6898 49.7869 -5.2839 -5.8867
Car -1 -1 -8.1579 0.0000 0.0000 843.2905 369.0000 1.5222 1.5865 3.7999 0.2897 1.5141 0.9722 -7.9350 -5.8867
Car -1 -1 -4.4310 0.0000 184.5585 0.0000 214.7513 1.5282 1.6522 4.0117 -41.6957 1.7616 38.5085 -5.2503 -5.8867
Car -1 -1 -2.0875 9.5805 176.5910 71.7335 204.1025 1.9479 1.9656 3.7504 -41.2360 1.6712 51.6777 -2.7564 -5.9272
Car -1 -1 -4.1640 34.0422 183.6872 112.6399 213.7372 1.5538 1.6317 3.9553 -29.2526 1.7391 39.0351 -4.8016 -5.9518
Car -1 -1 -7.1003 1205.8552 164.0126 1223.0000 369.0000 1.4106 1.5845 4.0961 7.5399 1.3017 5.6530 -6.1980 -6.1492
Car -1 -1 -7.4002 1223.0000 134.0912 1223.0000 369.0000 1.3974 1.5896 4.3488 6.0944 1.2345 3.5090 -6.3891 -6.1742
Car -1 -1 -3.9556 0.0000 187.1136 46.3470 223.1687 1.6487 1.7771 4.2332 -30.5191 1.9990 35.2795 -4.6627 -6.5640
