Car -1 -1 -5.0337 431.9328 173.7783 501.4310 209.9076 1.4677 1.7631 4.1598 -6.1502 1.1948 30.9669 -5.2260 5.7382
Car -1 -1 -7.1170 0.0000 200.0071 299.9309 369.0000 1.5196 1.7744 3.8286 -3.2029 1.6635 3.2773 -7.8424 5.0960
Car -1 -1 -4.7131 475.6639 171.7013 494.4101 189.4661 1.5306 1.5962 3.7063 -10.6481 0.7724 62.8791 -4.8783 0.5680
Car -1 -1 -3.3375 384.2582 176.3235 434.2665 196.1989 1.5852 1.6299 3.7069 -16.0284 1.2521 57.9489 -3.6042 -2.4620
Car -1 -1 -4.4975 378.8262 175.9438 411.9525 197.0988 1.5913 1.6357 4.1052 -16.3341 1.2485 55.2879 -4.7815 -2.5375
Car -1 -1 -4.8902 510.9513 171.3265 534.3972 186.8133 1.5120 1.6763 3.9454 -8.2851 0.6162 71.1592 -5.0038 -2.5690
Car -1 -1 -7.6874 0.0000 187.9366 17.2564 218.0514 1.4815 1.5471 3.4390 -32.5844 1.8966 37.5801 -8.3959 -2.6450
Car -1 -1 -7.6711 0.0000 187.2329 51.3981 216.1544 1.4569 1.5733 3.3833 -31.3779 1.8399 38.3448 -8.3512 -2.6668
Car -1 -1 -4.3511 83.0368 177.7366 137.1582 204.3836 1.7409 1.6633 4.1442 -33.7983 1.5604 48.4047 -4.9559 -3.7935
Car -1 -1 -7.6993 51.8509 174.9748 91.4251 198.3710 1.6842 1.7399 4.1493 -40.0183 1.2865 53.1389 -8.3402 -3.8914
Car -1 -1 -5.0973 54.0986 189.9412 134.8918 227.7398 1.5890 1.6413 3.9732 -23.4071 2.0447 32.3579 -5.7174 -4.3059
Car -1 -1 -5.2682 390.4099 177.9890 438.3554 200.2388 1.4793 1.5529 3.5638 -13.1789 1.3124 48.7965 -5.5287 -4.3087
Car -1 -1 -4.2495 346.4478 177.2154 396.4200 200.5544 1.6364 1.7293 4.3032 -17.0487 1.4062 51.8316 -4.5638 -4.3208
Car -1 -1 -8.5574 978.3535 163.6046 1126.1233 221.0525 1.3887 1.4969 3.3475 11.7286 0.9806 18.8600 -8.0068 -4.3266
Car -1 -1 -4.6698 530.4113 170.6362 547.9884 186.2156 1.5327 1.6116 3.5507 -6.5916 0.5621 71.3721 -4.7597 -4.4259
Car -1 -1 -5.3096 1070.5115 150.1642 1223.0000 227.3291 1.4817 1.5453 3.8657 12.1556 0.8996 15.5509 -4.6543 -4.5803
Car -1 -1 -4.9902 368.3561 177.9531 407.8701 202.3219 1.6367 1.7332 3.5809 -15.2021 1.4657 49.4629 -5.2849 -4.6466
Car -1 -1 -4.5122 635.9327 170.4724 670.6288 193.7487 1.5689 1.6627 4.0590 3.4455 0.8930 49.8338 -4.4419 -4.6898
Car -1 -1 -2.4001 4.9368 178.2990 69.5303 201.1639 1.6236 1.7657 3.3377 -41.0808 1.4673 51.2044 -3.0715 -4.7123
Car -1 -1 -5.0900 475.6089 172.1772 511.6633 191.7470 1.5958 1.7714 3.6993 -9.4191 0.9171 59.6980 -5.2440 -4.7176
Car -1 -1 -5.9395 0.0000 200.5459 0.0000 270.4467 1.4576 1.6099 3.6984 -17.5201 1.9868 17.1334 -6.7253 -4.7512
Car -1 -1 -4.6105 679.1042 170.6577 705.1140 191.3654 1.5893 1.6816 3.7363 6.9716 0.8339 56.2753 -4.4862 -4.7647
Car -1 -1 -4.1715 507.0506 169.8788 555.5989 190.4492 1.4499 1.6459 4.1552 -5.3699 0.7013 52.0659 -4.2719 -4.8686
Car -1 -1 -4.5215 119.5023 178.0211 159.2258 199.9417 1.4472 1.5701 3.8563 -32.0544 1.2836 48.7601 -5.0984 -4.9514
Car -1 -1 -4.1212 255.5035 183.9286 337.9601 222.7051 1.5255 1.5354 3.4427 -13.0041 1.6800 29.9743 -4.5251 -4.9519
Car -1 -1 -5.0034 412.3817 178.8143 451.9566 202.9361 1.5173 1.5601 3.6051 -11.3851 1.4114 46.4251 -5.2406 -4.9589
Car -1 -1 -5.0692 412.5578 174.6197 449.8428 194.6916 1.5454 1.6340 3.9174 -13.9149 1.0927 56.5189 -5.3076 -4.9775
Car -1 -1 -7.0107 838.3530 149.4965 910.5987 175.6830 1.6758 1.8667 4.4132 18.1021 -0.3350 47.5157 -6.6470 -4.9832
Car -1 -1 -4.2697 261.5321 181.4103 338.4088 217.9853 1.6449 1.7448 4.2145 -14.5964 1.6917 34.0473 -4.6698 -5.0087
Car -1 -1 -2.7672 437.6447 172.8488 510.6006 198.5038 1.5884 1.7879 4.2105 -8.3229 1.1148 45.0608 -2.9468 -5.0439
Car -1 -1 -4.9316 725.1585 164.5397 753.4883 183.2682 1.5539 1.5472 4.0262 11.5055 0.2296 60.6979 -4.7435 -5.0537
Car -1 -1 -5.0596 499.6046 169.7570 534.7428 190.8755 1.6590 1.6815 3.7061 -7.1734 0.8150 57.5760 -5.1811 -5.2157
Car -1 -1 -7.8446 580.4697 168.1251 596.3749 183.8479 1.4954 1.5127 3.9397 -1.5769 0.3183 69.2278 -7.8655 -5.2696
Car -1 -1 -4.2524 24.5802 183.8246 100.1564 213.2430 1.5260 1.6756 4.0938 -30.0835 1.7212 39.3320 -4.8998 -5.3614
Car -1 -1 -4.6294 423.5758 175.3465 452.9649 197.8394 1.5025 1.6524 4.1121 -11.6008 1.1583 49.3827 -4.8570 -5.6123
Car -1 -1 -4.8952 384.4623 177.0210 413.7884 194.4766 1.4228 1.6503 4.2315 -17.4573 1.1391 59.8911 -5.1757 -5.7552
Car -1 -1 -4.6891 339.8369 178.5165 370.3189 204.0192 1.5076 1.6788 4.2074 -15.5319 1.3905 44.0575 -5.0241 -5.8178
Car -1 -1 -4.4612 0.0000 184.0668 0.0000 212.2528 1.5242 1.6525 4.0114 -41.6996 1.7415 40.9217 -5.2505 -5.8867
Car -1 -1 -4.5726 0.0000 179.3875 27.5583 202.1618 1.5215 1.6562 4.0226 -41.7184 1.4472 49.3806 -5.2693 -5.8867
Car -1 -1 -8.1627 0.0000 0.0000 840.8629 369.0000 1.5226 1.5867 3.7999 0.2897 1.5126 0.9717 -7.9397 -5.8867
Car -1 -1 -4.4873 0.0000 180.8683 0.0000 206.7227 1.5040 1.6510 4.0192 -41.7082 1.5277 43.3389 -5.2482 -5.8867
Car -1 -1 -4.4162 0.0000 184.0323 0.0000 215.4883 1.5423 1.6577 4.0179 -41.6948 1.7395 37.2989 -5.2513 -5.8867
Car -1 -1 -4.2644 41.4588 183.0756 119.8977 216.4581 1.5757 1.6294 3.9290 -26.4307 1.7137 35.7729 -4.8948 -5.9471
Car -1 -1 -7.1684 1212.6128 161.8703 1223.0000 366.6610 1.4039 1.5912 4.0801 7.5608 1.2766 5.6762 -6.2667 -6.0217
Car -1 -1 -3.8628 0.0000 189.6812 68.2177 222.3555 1.4569 1.6245 4.5964 -29.5816 1.9461 35.2695 -4.5547 -6.0623
Car -1 -1 -4.6401 571.7180 171.4013 593.9824 191.8899 1.6271 1.5630 3.6282 -1.7782 0.9045 57.9958 -4.6689 -6.1195
Car -1 -1 -7.3779 1223.0000 133.9038 1223.0000 369.0000 1.4014 1.5869 4.3391 6.0759 1.2349 3.5090 -6.3681 -6.1554
Car -1 -1 -2.1359 66.4818 173.2739 122.1977 196.6343 1.8421 1.7988 4.0242 -41.4023 1.2722 57.3425 -2.7570 -6.8881
