Car -1 -1 -6.5651 850.0261 161.8428 978.6313 209.3864 1.5146 1.6094 3.6117 10.1734 0.9205 23.5439 -6.1604 6.5102
Car -1 -1 -7.1232 0.0000 200.3030 301.2793 369.0000 1.5225 1.7704 3.8610 -3.1955 1.6693 3.2854 -7.8463 5.0818
Car -1 -1 -7.7892 0.0000 188.3320 12.1255 219.0824 1.5085 1.6744 4.2467 -33.1133 1.9539 38.0039 -8.5002 -2.0952
Car -1 -1 -4.1683 507.9294 170.4753 549.7635 190.4459 1.5709 1.6028 3.9022 -6.1649 0.7823 57.7248 -4.2723 -2.3237
Car -1 -1 -4.6556 516.5812 172.4033 535.6111 188.1265 1.5410 1.6884 3.7623 -7.8938 0.7473 71.2164 -4.7638 -2.4295
Car -1 -1 -4.5058 83.5610 180.1463 128.0221 205.2574 1.6455 1.6585 4.1710 -34.2282 1.6224 48.5765 -5.1149 -2.4866
Car -1 -1 -4.0660 0.0000 188.7685 77.2367 217.7112 1.4468 1.8144 4.5234 -31.6218 1.9290 38.9374 -4.7425 -3.0603
Car -1 -1 -4.5461 735.3098 161.4523 761.8096 181.2873 1.6398 1.6200 3.7669 12.3258 0.0650 60.5024 -4.3444 -3.4390
Car -1 -1 -2.4249 0.0000 195.4712 13.2036 258.5858 1.4662 1.6590 4.1279 -17.7584 1.8638 17.8179 -3.1982 -3.6455
Car -1 -1 -4.1164 413.4842 176.8278 462.5786 197.2680 1.4675 1.6576 3.9134 -12.4323 1.2039 52.8874 -4.3443 -3.6895
Car -1 -1 -5.1761 30.7530 178.2168 84.9300 200.8907 1.6263 1.6720 3.7674 -40.4634 1.4625 52.2882 -5.8301 -3.7017
Car -1 -1 -2.1838 45.2166 192.8684 144.8074 229.8081 1.5600 1.7012 4.0219 -23.3214 2.1512 32.3144 -2.8028 -3.7742
Car -1 -1 -5.7907 431.6514 174.1551 504.8774 199.4866 1.5857 1.6897 4.3717 -8.8394 1.1886 45.7208 -5.9787 -3.7825
Car -1 -1 -8.0968 617.5565 171.5326 653.2338 195.4728 1.6160 1.6862 3.5949 2.0941 1.0107 49.6544 -8.0532 -3.9713
Car -1 -1 -5.0954 390.4869 178.6733 434.0949 201.1973 1.4653 1.5833 3.7205 -13.1046 1.3465 47.9578 -5.3588 -4.0363
Car -1 -1 -4.8376 447.8101 173.0625 476.4315 195.2833 1.6075 1.6240 4.0833 -10.8087 1.0695 53.3424 -5.0347 -4.2365
Car -1 -1 -7.5324 43.3745 180.8454 99.3219 207.9457 1.6106 1.6870 3.7022 -33.2076 1.6332 44.0938 -8.1727 -4.2791
Car -1 -1 -7.5939 972.8390 159.5416 1046.9917 199.6569 1.5359 1.6534 4.1362 16.6992 0.7337 29.1246 -7.0763 -4.3267
Car -1 -1 -4.5585 421.2210 176.6422 457.1254 198.6181 1.4140 1.6839 4.4803 -11.1524 1.1658 47.7887 -4.7846 -4.3638
Car -1 -1 -2.3361 461.7391 173.0692 523.1123 196.5072 1.6322 1.7583 4.5220 -8.1960 1.1148 51.3069 -2.4919 -4.4582
Car -1 -1 -8.1356 645.5222 171.2943 692.4398 198.5901 1.3655 1.4786 3.7446 3.3072 0.9051 37.3489 -8.0462 -4.6851
Car -1 -1 -4.9292 774.9351 154.1587 811.4866 183.2836 2.1380 1.8352 4.1825 14.3334 0.2043 54.0323 -4.6696 -4.9182
Car -1 -1 -4.7328 507.9860 169.7682 531.2849 190.5183 1.4694 1.6285 3.9511 -6.3221 0.7094 52.1373 -4.8509 -4.9801
Car -1 -1 -4.4326 428.5974 178.0347 457.8317 194.8320 1.5589 1.6565 4.0900 -15.4285 1.3300 67.7087 -4.6539 -5.0140
Car -1 -1 -4.6871 386.5429 180.0609 404.5839 194.7744 1.4063 1.6033 3.5568 -20.5373 1.3642 69.5022 -4.9715 -5.0796
Car -1 -1 -4.6427 368.5697 179.5571 396.9518 201.8861 1.5905 1.7256 4.0049 -16.4582 1.5233 52.5095 -4.9431 -5.1734
Car -1 -1 -7.4139 266.6088 181.3200 338.4322 217.0058 1.6273 1.7885 3.6693 -14.5594 1.6693 34.1985 -7.8115 -5.2037
Car -1 -1 -4.1212 0.0000 190.7146 65.0034 217.5732 1.4169 1.7097 4.1312 -33.6601 2.0410 41.0565 -4.8025 -5.2254
Car -1 -1 -4.8750 342.5945 177.0248 377.1832 201.5468 1.6980 1.7222 4.1714 -17.7841 1.4574 51.2045 -5.2057 -5.2857
Car -1 -1 -4.5911 393.2458 175.1373 429.9429 200.1979 1.4827 1.6673 4.4792 -12.0281 1.1655 44.1670 -4.8534 -5.3288
Car -1 -1 -4.7379 387.0475 177.8733 413.7723 200.5401 1.5586 1.7449 4.6141 -14.8154 1.3780 51.0800 -5.0169 -5.3354
Car -1 -1 -4.5189 0.0000 190.1148 49.3544 224.5396 1.5403 1.7145 4.0698 -29.0898 2.0471 35.0619 -5.2055 -5.4243
Car -1 -1 -4.3397 28.5516 183.4675 97.9729 214.4335 1.6097 1.6941 4.0405 -30.0519 1.7840 39.3439 -4.9865 -5.5933
Car -1 -1 -4.3424 104.5576 187.3929 168.4043 223.4410 1.6285 1.4742 3.3204 -22.7321 1.9813 34.3962 -4.9206 -5.6091
Car -1 -1 -7.6664 580.6097 166.5491 604.0078 183.8272 1.6388 1.5698 3.9740 -1.1860 0.3154 69.1540 -7.6817 -5.6999
Car -1 -1 -4.6092 4.9430 178.9781 43.6527 202.5601 1.6124 1.7013 4.1690 -41.4577 1.5083 50.5528 -5.2914 -5.8867
Car -1 -1 -4.4304 0.0000 184.2431 0.0000 214.5035 1.5335 1.6550 4.0150 -41.6962 1.7488 38.5092 -5.2497 -5.8867
Car -1 -1 -4.3449 402.9537 175.1352 441.9800 193.9285 1.4016 1.6169 3.9258 -14.0836 1.0015 54.7763 -4.5934 -5.8867
Car -1 -1 -4.4786 0.0000 181.5000 0.0000 207.9221 1.5032 1.6493 4.0157 -41.7060 1.5664 42.5335 -5.2488 -5.8867
Car -1 -1 -8.1628 0.0000 0.0000 840.8386 369.0000 1.5220 1.5862 3.7996 0.2898 1.5114 0.9719 -7.9397 -5.8867
Car -1 -1 -4.8239 677.3959 170.6431 701.9681 190.5483 1.5304 1.5426 3.6204 6.7049 0.7725 56.1770 -4.7041 -5.8954
Car -1 -1 -4.3393 403.2420 177.8856 432.1502 192.7206 1.4573 1.6433 3.5180 -18.8263 1.2003 71.2995 -4.5947 -5.9105
Car -1 -1 -7.8629 56.7652 172.7690 88.9129 202.1194 1.8897 1.6732 3.2625 -35.6227 1.3920 47.3275 -8.5032 -6.0140
Car -1 -1 -4.4476 123.3760 178.7012 170.3372 200.9246 1.4781 1.7212 4.0813 -31.8270 1.3585 49.2303 -5.0169 -6.0743
Car -1 -1 -7.1811 1223.0000 165.1782 1223.0000 369.0000 1.3647 1.5421 4.0278 7.4000 1.2703 5.2119 -6.2508 -6.1292
Car -1 -1 -7.3904 1223.0000 133.4960 1223.0000 369.0000 1.3987 1.5915 4.3542 6.0880 1.2324 3.5104 -6.3799 -6.1625
Car -1 -1 -3.7353 1016.3239 159.8744 1146.5159 214.0718 1.3427 1.3160 2.4646 12.1549 0.8320 18.1881 -3.1524 -6.2602
Car -1 -1 -4.4066 43.1786 179.1453 88.1344 198.7557 1.4588 1.7098 3.7193 -41.6052 1.3580 54.6353 -5.0529 -6.7400
Car -1 -1 -6.9544 853.3051 162.0896 926.8737 193.4622 1.4739 1.4177 3.1079 13.8148 0.6092 34.3422 -6.5734 -7.2413
Car -1 -1 -7.9077 102.7364 168.8464 133.1549 194.0202 2.0019 1.8673 4.0813 -40.2508 1.0751 58.4148 -8.5068 -7.3931
