Car -1 -1 -4.2528 52.0996 182.3640 211.3999 254.7846 1.7792 1.8165 4.6097 -13.0798 1.8382 19.8862 -4.8257 6.4800
Car -1 -1 -5.2069 466.9460 171.7911 540.5052 207.4412 1.4817 1.6847 3.6813 -4.5678 1.1199 31.3670 -5.3483 6.3478
Car -1 -1 -7.1464 0.0000 201.7089 299.4397 369.0000 1.4977 1.7368 3.7893 -3.1798 1.6553 3.3397 -7.8596 4.8385
Car -1 -1 -6.9180 1191.7009 151.1528 1223.0000 195.8387 1.3665 1.5797 3.8705 21.4150 0.4693 22.6329 -6.1656 2.0816
Car -1 -1 -4.4198 0.0000 187.4015 30.1991 218.5227 1.5369 1.6238 3.7581 -32.4596 1.9267 37.8711 -5.1226 -0.3742
Car -1 -1 -5.4224 430.1286 176.5035 486.6496 200.7634 1.4880 1.5966 3.5615 -9.3738 1.2429 45.0885 -5.6243 -1.5365
Car -1 -1 -7.9050 513.8948 164.8183 545.8331 192.6965 1.5235 1.6307 3.9411 -4.3792 0.6666 40.7116 -8.0094 -2.2065
Car -1 -1 -7.8912 515.7857 171.2096 534.2363 187.3897 1.5856 1.7095 3.9203 -8.0679 0.6750 71.3528 -8.0016 -2.6759
Car -1 -1 -7.9346 414.7329 178.2853 444.1367 202.4021 1.5290 1.6106 3.5701 -11.6480 1.3886 46.7733 -8.1754 -2.8724
Car -1 -1 -7.7851 56.4369 175.4662 90.8307 200.3534 1.7947 1.7674 4.2159 -39.9505 1.4317 53.2379 -8.4243 -3.2431
Car -1 -1 -7.8212 537.9420 171.9648 563.8351 196.3697 1.6677 1.7137 3.3129 -3.7959 1.0845 50.0068 -7.8948 -3.3912
Car -1 -1 -8.1814 477.3966 162.6201 528.1880 194.4014 1.7182 1.6730 4.0072 -5.9016 0.7517 40.3911 -8.3235 -3.5400
Car -1 -1 -4.3787 245.8046 185.5944 324.1120 228.5642 1.3909 1.5363 3.1970 -11.2272 1.5827 24.9349 -4.7953 -3.5504
Car -1 -1 -7.2593 0.1344 186.3760 86.3521 217.4355 1.5871 1.7815 3.9819 -30.8371 1.9280 38.9521 -7.9234 -3.9647
Car -1 -1 -7.7115 579.8120 171.5375 607.2147 192.9747 1.6961 1.7138 3.8387 -0.8962 0.9870 57.9563 -7.7252 -4.1788
Car -1 -1 -4.7602 722.5290 165.1999 744.4567 183.1271 1.4844 1.6592 3.9571 10.9979 0.2175 60.6170 -4.5799 -4.2987
Car -1 -1 -4.3961 318.2818 180.5269 360.8647 202.6743 1.5123 1.6229 4.1374 -18.8488 1.5143 50.3802 -4.7504 -4.3423
Car -1 -1 -4.6335 391.7637 178.6199 411.0804 193.5345 1.4178 1.5569 3.1836 -19.7973 1.2389 68.9257 -4.9103 -4.4279
Car -1 -1 -2.5645 0.0000 199.5415 0.0000 264.7049 1.4570 1.5827 3.4374 -17.6604 1.9608 17.5789 -3.3416 -4.4423
Car -1 -1 -4.4887 427.5292 178.7770 452.4549 195.1019 1.5176 1.5342 3.6846 -15.7139 1.3573 67.5711 -4.7146 -4.4552
Car -1 -1 -4.8365 388.2826 179.3201 420.9347 202.6181 1.4863 1.6159 4.0737 -13.4443 1.4111 47.2972 -5.1100 -4.5692
Car -1 -1 -4.8290 449.4241 175.4709 476.6661 197.4202 1.5725 1.5948 3.4870 -10.5761 1.2122 52.5596 -5.0248 -4.6272
Car -1 -1 -4.5685 424.4900 176.3391 454.3570 199.1757 1.6194 1.6306 3.6074 -12.1362 1.3244 52.0044 -4.7948 -4.6797
Car -1 -1 -7.7824 596.6315 168.8646 615.1089 184.2169 1.4545 1.5156 4.0273 0.1355 0.3520 69.0540 -7.7786 -4.7684
Car -1 -1 -2.7067 532.3345 170.1506 589.9866 190.2142 1.5718 1.6915 4.3273 -3.5234 0.7610 56.9720 -2.7664 -4.8569
Car -1 -1 -4.1943 262.8137 183.4971 343.0052 222.8503 1.5602 1.5792 3.5591 -12.8244 1.6963 30.1779 -4.5907 -4.8987
Car -1 -1 -5.0115 345.1302 180.4420 382.9591 202.3699 1.5323 1.5564 3.8124 -17.5474 1.5283 51.4109 -5.3369 -5.0200
Car -1 -1 -4.7078 57.0880 189.6398 102.0761 224.8732 1.4935 1.6113 4.0002 -24.6133 1.9492 33.1474 -5.3404 -5.0383
Car -1 -1 -4.3919 282.5036 181.7522 336.8882 209.8100 1.5717 1.6890 4.3304 -17.4758 1.6502 42.0226 -4.7817 -5.1815
Car -1 -1 -4.3977 632.0180 170.4606 672.8102 194.5373 1.6105 1.5889 4.3310 3.3753 0.9390 49.6014 -4.3284 -5.2170
Car -1 -1 -4.3069 402.2332 177.8036 431.9926 193.2243 1.5102 1.6272 3.5290 -18.8339 1.2459 71.1078 -4.5631 -5.3258
Car -1 -1 -4.7030 370.2130 180.2989 395.6945 202.4281 1.5752 1.7399 3.8443 -16.4306 1.5609 52.4215 -5.0034 -5.3328
Car -1 -1 -4.9561 322.3357 180.7383 367.3961 207.9391 1.5650 1.6708 3.9236 -15.7960 1.5802 42.8086 -5.3055 -5.3367
Car -1 -1 -2.4127 8.3040 178.6817 76.2706 203.5523 1.7833 1.8286 3.5920 -41.1225 1.6530 51.7220 -3.0798 -5.3829
Car -1 -1 -4.2521 0.0000 190.5719 69.9649 223.9436 1.5002 1.5831 4.0782 -28.6619 2.0333 35.2509 -4.9288 -5.4518
Car -1 -1 -7.8799 580.9340 168.2938 597.4121 184.1266 1.5055 1.5135 3.9703 -1.5475 0.3447 69.2475 -7.9004 -5.5814
Car -1 -1 -4.9993 512.1942 175.2654 549.4764 197.1804 1.4886 1.5798 3.9437 -5.3003 1.1331 50.1516 -5.1023 -5.7149
Car -1 -1 -4.7322 467.9159 174.8358 491.0515 194.3097 1.4278 1.6632 4.2292 -9.6250 1.0125 54.0734 -4.9056 -5.7547
Car -1 -1 -4.5043 411.3019 175.7466 444.2483 195.2780 1.4505 1.6510 4.0744 -13.6248 1.0975 54.5733 -4.7458 -5.7742
Car -1 -1 -4.6471 392.7387 175.8476 419.0372 196.9555 1.5099 1.6216 3.9482 -14.7912 1.1771 52.6755 -4.9176 -5.8516
Car -1 -1 -4.4514 0.0000 184.1553 0.0000 212.9296 1.5232 1.6521 4.0114 -41.6984 1.7417 40.1172 -5.2505 -5.8867
Car -1 -1 -4.4195 0.0000 184.2114 0.0000 215.3398 1.5428 1.6586 4.0193 -41.6951 1.7521 37.7052 -5.2492 -5.8867
Car -1 -1 -4.4789 0.0000 181.5449 0.0000 207.8676 1.4973 1.6475 4.0135 -41.7059 1.5634 42.5331 -5.2491 -5.8867
Car -1 -1 -4.5853 0.0000 181.7144 32.0994 204.7665 1.5455 1.6627 4.0278 -41.6899 1.6347 49.7745 -5.2777 -5.8867
Car -1 -1 -4.2137 30.6548 183.8929 106.9397 213.3011 1.5032 1.6164 3.9550 -29.2443 1.6989 38.6905 -4.8554 -5.8867
Car -1 -1 -4.3742 45.1846 183.7946 116.7055 216.6685 1.5427 1.6369 4.0525 -26.4369 1.7198 35.7922 -5.0045 -5.9292
Car -1 -1 -7.3895 1223.0000 133.1648 1223.0000 369.0000 1.4010 1.5904 4.3543 6.0791 1.2335 3.5098 -6.3796 -6.1748
Car -1 -1 -4.3448 0.0000 194.5582 57.7709 218.8336 1.2772 1.6040 3.5734 -33.7728 2.1391 41.3999 -5.0238 -6.2862
Car -1 -1 -7.1039 1191.1780 156.6842 1223.0000 332.1610 1.3887 1.6265 4.2678 8.2151 1.2007 6.5283 -6.2265 -6.3514
Car -1 -1 -7.8178 59.1760 163.0146 91.5506 196.1104 2.1388 1.5969 3.7453 -35.6794 1.0089 47.6882 -8.4552 -7.0621
