Car -1 -1 -4.2737 131.5201 182.6472 255.2801 240.7817 1.7169 1.8091 4.3553 -13.3939 1.7946 23.2857 -4.7883 7.1640
Car -1 -1 -5.0594 448.3592 172.7225 509.5911 206.6521 1.5011 1.6273 3.8653 -6.0228 1.1572 33.3621 -5.2346 5.3282
Car -1 -1 -7.1331 0.0000 200.9860 300.4223 369.0000 1.5166 1.7695 3.8833 -3.1953 1.6688 3.2922 -7.8552 5.1399
Car -1 -1 -6.8129 1117.6285 152.7583 1223.0000 200.6535 1.4640 1.6875 4.3311 19.3629 0.6163 22.8082 -6.1142 4.7566
Car -1 -1 -7.7537 0.0000 188.4822 15.3965 219.6358 1.5274 1.6537 4.1577 -32.9703 1.9806 37.9581 -8.4632 -0.9012
Car -1 -1 -4.3742 83.3492 181.2591 134.2712 204.6766 1.5303 1.5927 4.0466 -33.9638 1.5847 48.5054 -4.9803 -1.8023
Car -1 -1 -7.5433 589.7441 167.2076 616.7982 182.8235 1.4692 1.5934 3.5958 -0.1151 0.2185 68.4791 -7.5431 -2.3918
Car -1 -1 -3.5092 506.8151 170.5643 556.6470 190.1677 1.5401 1.6401 3.6591 -5.9049 0.7595 57.1060 -3.6100 -2.4162
Car -1 -1 -4.6692 516.4980 172.4323 535.0206 188.1547 1.5406 1.6874 3.7565 -7.9280 0.7499 71.2133 -4.7778 -2.4491
Car -1 -1 -7.7430 0.0000 188.4629 49.4312 218.6637 1.5139 1.6504 4.1734 -31.8014 1.9758 38.8044 -8.4239 -2.4794
Car -1 -1 -5.4863 396.5009 177.5769 453.8253 201.3292 1.5032 1.5984 3.5819 -11.8075 1.3182 46.3641 -5.7324 -2.5271
Car -1 -1 -8.4377 875.8372 159.5026 940.9617 188.6075 1.5534 1.6195 3.6212 16.9320 0.4329 39.6649 -8.0354 -2.7451
Car -1 -1 -1.9105 59.4361 190.1830 135.8227 226.3088 1.5146 1.6792 3.8262 -23.2874 1.9828 32.3895 -2.5277 -3.6923
Car -1 -1 -7.7355 53.7262 177.5312 91.0240 200.1669 1.6322 1.7583 4.0534 -39.9977 1.4181 53.1789 -8.3758 -3.7812
Car -1 -1 -5.1651 366.0266 177.7768 412.5062 201.9334 1.6248 1.6936 3.6420 -15.1194 1.4417 49.4690 -5.4583 -4.1983
Car -1 -1 -2.0675 0.0000 182.1986 62.6019 210.3687 1.6508 1.7089 3.9756 -35.3110 1.7583 43.1722 -2.7478 -4.2563
Car -1 -1 -8.4594 1056.6158 150.3306 1196.1610 195.7425 1.4957 1.6239 4.7555 18.6693 0.5023 25.6799 -7.8350 -4.4081
Car -1 -1 -4.6206 529.3765 170.2757 549.6764 186.9883 1.6408 1.7070 3.6116 -6.5418 0.6369 71.2244 -4.7100 -4.4614
Car -1 -1 -5.2404 509.7878 172.2545 555.3754 194.7943 1.5304 1.6187 3.5844 -5.1456 0.9706 49.9329 -5.3408 -4.6031
Car -1 -1 -7.5163 40.0370 178.9609 99.3431 207.8151 1.7185 1.6801 4.1130 -33.4728 1.6270 44.3248 -8.1580 -4.6348
Car -1 -1 -4.1200 0.0000 189.6372 19.4797 219.7761 1.3722 1.6258 3.4146 -31.1425 1.8489 35.0779 -4.8400 -4.6376
Car -1 -1 -5.8857 0.0000 197.0426 0.0000 269.7155 1.5429 1.6127 3.9469 -17.7943 1.9807 17.1973 -6.6774 -4.7110
Car -1 -1 -7.9198 53.8839 176.9150 90.9008 205.0029 1.7958 1.7420 3.8210 -35.5991 1.5667 47.2234 -8.5609 -4.7547
Car -1 -1 -3.7318 1113.1464 139.9333 1223.0000 178.2256 1.7632 1.7285 4.1397 26.9387 -0.1116 33.7082 -3.0604 -4.7879
Car -1 -1 -6.1348 192.6693 182.2146 374.5320 260.1208 1.5572 1.6859 3.3891 -6.9026 1.5980 15.4418 -6.5459 -4.7917
Car -1 -1 -6.7118 679.0836 168.7803 727.9160 190.6352 1.6677 1.6396 3.4034 7.6902 0.7734 55.2259 -6.5725 -5.0256
Car -1 -1 -4.2349 95.0017 188.3181 184.4378 225.0705 1.5493 1.7451 4.1411 -21.5116 1.9365 32.8622 -4.8085 -5.1231
Car -1 -1 -4.6901 732.3624 162.2578 753.0585 182.8371 1.7025 1.6532 3.8690 11.8341 0.1933 60.5595 -4.4963 -5.2437
Car -1 -1 -4.7657 427.9083 179.1815 446.5270 195.7124 1.5338 1.5459 3.6173 -16.0282 1.4114 67.5571 -4.9960 -5.2886
Car -1 -1 -4.4161 43.8312 185.8077 110.0460 221.0170 1.5822 1.5233 3.7912 -25.6367 1.8561 34.4276 -5.0501 -5.3032
Car -1 -1 -4.2769 313.8039 181.6198 359.9501 203.2171 1.4637 1.4616 4.1021 -18.9850 1.5466 50.2367 -4.6345 -5.3365
Car -1 -1 -4.2528 24.7300 183.6305 99.3396 214.0872 1.5826 1.6821 3.9784 -30.0705 1.7660 39.2851 -4.9006 -5.3703
Car -1 -1 -6.7928 1003.5601 160.8813 1146.8885 217.1925 1.3959 1.3639 2.7766 12.0511 0.9099 18.2999 -6.2167 -5.4183
Car -1 -1 -4.8843 383.2467 178.6479 405.7672 193.5488 1.4209 1.5505 3.4780 -20.6324 1.2442 69.3245 -5.1707 -5.4237
Car -1 -1 -4.2559 0.0000 190.3183 68.8726 223.9368 1.5093 1.5999 4.0955 -28.6749 2.0282 35.1856 -4.9337 -5.4528
Car -1 -1 -4.3579 108.8858 177.3947 162.9665 201.5470 1.5791 1.6826 4.3188 -32.1037 1.3761 48.5205 -4.9377 -5.8085
Car -1 -1 -4.4585 0.0000 183.8359 0.0000 212.1942 1.5189 1.6497 4.0081 -41.6994 1.7202 40.5154 -5.2527 -5.8867
Car -1 -1 -8.1613 0.0000 0.0000 842.2137 369.0000 1.5246 1.5872 3.8020 0.2906 1.5219 0.9712 -7.9376 -5.8867
Car -1 -1 -4.6186 5.9153 179.1030 44.0943 202.7442 1.6163 1.7068 4.2077 -41.4164 1.5208 50.5635 -5.3001 -5.8867
Car -1 -1 -4.4271 0.0000 184.0958 0.0000 214.7820 1.5387 1.6561 4.0156 -41.6958 1.7435 38.1030 -5.2517 -5.8867
Car -1 -1 -4.4872 0.0000 180.9989 0.0000 206.9043 1.5061 1.6516 4.0190 -41.7080 1.5383 43.3388 -5.2481 -5.8867
Car -1 -1 -7.2400 1223.0000 158.5800 1223.0000 368.4897 1.4133 1.6050 4.1302 7.6542 1.2661 5.6608 -6.3311 -6.0175
Car -1 -1 -4.4195 147.0579 189.0640 236.0210 232.3152 1.4931 1.7954 4.3422 -16.0480 1.8562 27.6433 -4.9390 -6.0548
Car -1 -1 -4.4031 629.5807 169.1412 667.7623 193.0032 1.6108 1.5271 4.0450 3.1250 0.8441 49.8912 -4.3392 -6.0689
Car -1 -1 -7.3940 1223.0000 133.5656 1223.0000 369.0000 1.4593 1.6367 4.5113 6.4610 1.2695 3.9570 -6.4066 -6.1666
Car -1 -1 -7.8557 104.5200 172.2060 129.5289 194.2655 1.7591 1.6560 3.3877 -40.1763 1.0977 58.2468 -8.4553 -6.4900
