Car -1 -1 -6.9847 1028.5679 155.3923 1166.8319 202.4822 1.5119 1.5823 3.6440 16.4016 0.7061 23.6707 -6.3833 5.6672
Car -1 -1 -7.1495 0.0000 203.8202 299.7526 369.0000 1.4882 1.7333 3.7669 -3.1722 1.6613 3.3464 -7.8607 5.0182
Car -1 -1 -7.6926 0.0000 187.4089 17.6932 219.2921 1.5708 1.6156 3.8361 -32.7987 1.9603 37.7844 -8.4017 -1.8945
Car -1 -1 -4.9209 509.5066 171.7231 533.7158 187.3863 1.5290 1.6625 3.8407 -8.3853 0.6721 71.1068 -5.0361 -2.7073
Car -1 -1 -3.2862 1153.0137 166.0393 1223.0000 210.0473 1.4940 1.5619 3.6152 22.2057 1.0033 25.6298 -2.5768 -2.7988
Car -1 -1 -5.8919 430.2556 173.8702 498.3509 199.4412 1.5832 1.6433 3.9179 -8.9341 1.1728 44.9670 -6.0850 -2.9727
Car -1 -1 -7.5971 0.0000 185.7964 62.5925 216.4660 1.5455 1.6628 4.0602 -31.2254 1.8510 38.5789 -8.2719 -3.0582
Car -1 -1 -4.0498 505.3539 169.3290 552.2745 190.4020 1.6563 1.6188 4.1128 -6.1684 0.7783 57.7466 -4.1539 -3.3208
Car -1 -1 -4.3057 86.3726 177.2720 141.7335 203.8454 1.7339 1.6429 3.9982 -33.4258 1.5234 48.2556 -4.9068 -3.5099
Car -1 -1 -8.1912 1054.8584 155.4136 1150.6294 196.4702 1.3840 1.5491 4.2039 18.1682 0.5386 26.0666 -7.5864 -3.6523
Car -1 -1 -7.5747 585.4568 169.0583 612.0749 184.3198 1.4479 1.6805 3.5521 -0.5557 0.3623 69.0185 -7.5810 -3.7290
Car -1 -1 -7.6991 51.5956 175.2424 91.1289 198.3866 1.6659 1.7374 4.1403 -40.0306 1.2874 53.1275 -8.3403 -3.9059
Car -1 -1 -5.1522 56.2654 189.7624 139.2266 226.7944 1.5677 1.6351 3.8158 -23.2850 2.0140 32.4063 -5.7691 -4.0180
Car -1 -1 -4.9499 410.7144 177.1246 447.4350 201.0787 1.5216 1.5573 3.6304 -11.7018 1.3073 46.8838 -5.1912 -4.0820
Car -1 -1 -4.6523 529.0891 171.4032 548.0325 187.4975 1.5847 1.6961 3.4212 -6.6537 0.6888 71.3547 -4.7432 -4.1519
Car -1 -1 -4.8197 371.6446 178.0695 402.9421 201.9021 1.5948 1.6968 3.8269 -15.2444 1.4322 49.4052 -5.1155 -4.2102
Car -1 -1 -5.6718 503.0040 170.1465 562.1459 194.5002 1.6562 1.7993 3.8007 -5.1072 0.9521 49.7989 -5.7716 -4.3131
Car -1 -1 -4.9281 452.2739 174.0325 486.6505 194.7685 1.5040 1.7056 4.1799 -10.2969 1.0349 53.5388 -5.1153 -4.4368
Car -1 -1 -4.8671 722.3384 164.9511 748.2983 182.9169 1.4896 1.6010 3.9123 11.1471 0.2003 60.6000 -4.6844 -4.4527
Car -1 -1 -6.1105 575.1356 170.2158 622.4443 191.9025 1.7142 1.7069 3.5744 -0.4732 0.9013 57.0259 -6.1170 -4.4973
Car -1 -1 -4.4380 632.6630 170.6628 672.0980 194.0054 1.5700 1.6721 4.2848 3.3893 0.9084 49.8546 -4.3688 -4.5340
Car -1 -1 -4.3417 494.2746 171.5980 539.1066 196.8014 1.5692 1.6773 3.6584 -5.7010 1.0150 46.0027 -4.4624 -4.7141
Car -1 -1 -4.1600 409.5835 176.9849 456.1560 198.7308 1.5446 1.6509 3.6817 -12.6627 1.2950 52.2282 -4.3948 -4.8111
Car -1 -1 -2.4247 0.0000 198.4444 0.0000 263.7280 1.5073 1.5950 3.7663 -17.9129 1.9810 17.7409 -3.2044 -4.8981
Car -1 -1 -4.8307 358.1352 178.9739 388.1465 201.7179 1.6094 1.6700 3.8203 -17.1162 1.5014 52.1149 -5.1446 -4.9174
Car -1 -1 -4.5281 119.6851 178.3452 159.2107 200.2256 1.4434 1.5730 3.9001 -32.0388 1.3013 48.7455 -5.1049 -4.9262
Car -1 -1 -4.1073 253.3149 183.2002 338.5459 222.7633 1.5513 1.5820 3.4890 -12.9787 1.6726 29.8457 -4.5120 -4.9407
Car -1 -1 -4.2553 263.1690 181.7271 338.8378 217.5918 1.6211 1.7430 4.0320 -14.6039 1.6842 34.1634 -4.6543 -4.9425
Car -1 -1 -4.7730 340.2534 180.4468 373.9284 207.5316 1.4668 1.5876 3.9673 -14.2229 1.4640 40.4261 -5.1072 -5.0408
Car -1 -1 -8.1089 259.1818 173.6831 384.2740 257.1677 1.7039 1.7144 4.2669 -6.8232 1.5651 16.6564 -8.4893 -5.1106
Car -1 -1 -8.3379 776.6548 166.0092 823.5730 193.1851 1.4372 1.4164 2.6318 10.6630 0.6710 38.8284 -8.0703 -5.1559
Car -1 -1 -4.1709 0.0000 190.1995 52.5170 226.1884 1.5371 1.6732 3.6441 -27.9897 2.0187 33.1652 -4.8656 -5.3264
Car -1 -1 -4.8686 391.1322 179.9349 415.8357 194.8253 1.4444 1.7212 4.4451 -20.2275 1.3895 70.9659 -5.1435 -5.4067
Car -1 -1 -4.6635 388.0185 176.3726 410.5181 193.1553 1.3748 1.6276 4.1039 -17.4398 1.0366 60.1015 -4.9428 -5.5486
Car -1 -1 -4.7039 382.1585 176.9776 406.5171 199.1769 1.5801 1.6699 4.1287 -15.6227 1.3294 52.5405 -4.9896 -5.6249
Car -1 -1 -4.7571 342.6780 179.3645 374.3575 204.5642 1.5030 1.7027 4.1942 -15.5335 1.4353 44.4335 -5.0895 -5.7160
Car -1 -1 -3.7404 103.9432 183.8277 199.0937 218.7011 1.6014 1.6326 3.6633 -22.2828 1.7750 34.8543 -4.3035 -5.7708
Car -1 -1 -3.7655 1002.6266 160.1640 1178.0000 214.8866 1.3573 1.4909 3.5585 12.4636 0.8532 18.3416 -3.1749 -5.8047
Car -1 -1 -4.1900 31.9376 182.7039 109.2767 212.6384 1.5657 1.6556 3.9790 -29.6472 1.6949 39.3579 -4.8301 -5.8276
Car -1 -1 -4.8282 395.4364 177.3132 419.7274 194.4990 1.4806 1.6339 4.0897 -17.6334 1.2060 63.1178 -5.0976 -5.8364
Car -1 -1 -7.5444 233.3522 0.0000 1223.0000 369.0000 1.4390 1.5653 3.7985 -0.5210 1.5068 0.9857 -7.9199 -5.8738
Car -1 -1 -4.5174 401.2582 175.0559 433.4016 194.2297 1.4174 1.6253 4.0432 -14.3692 1.0150 54.3354 -4.7728 -5.8867
Car -1 -1 -4.4384 0.0000 184.5588 0.0000 214.4671 1.5305 1.6522 4.0097 -41.6961 1.7662 38.9063 -5.2527 -5.8867
Car -1 -1 -4.4681 0.0000 183.2041 0.0000 210.7112 1.5078 1.6472 4.0072 -41.7015 1.6742 41.3202 -5.2526 -5.8867
Car -1 -1 -4.5588 0.0000 179.2914 33.0583 202.3260 1.5503 1.6688 4.0580 -41.6757 1.4690 49.7561 -5.2512 -5.8867
Car -1 -1 -4.0802 54.6414 182.9324 135.7391 211.4176 1.4800 1.5981 3.9481 -28.0655 1.6213 39.0604 -4.6978 -5.8867
Car -1 -1 -4.2027 1.7519 188.0421 98.1622 220.9364 1.4188 1.6697 4.4113 -26.4417 1.8047 33.8569 -4.8595 -5.9035
Car -1 -1 -7.1957 1223.0000 158.9606 1223.0000 363.3358 1.4020 1.5982 4.0893 7.6588 1.2547 5.6551 -6.2860 -5.9108
Car -1 -1 -7.3954 0.0000 173.0318 192.6267 369.0000 1.5241 1.7168 4.5331 -6.2484 1.4697 7.5915 -8.0618 -6.0855
Car -1 -1 -7.4235 1223.0000 132.4531 1223.0000 369.0000 1.3966 1.5883 4.3461 6.1058 1.2311 3.5081 -6.4114 -6.1802
