Car -1 -1 -7.8688 572.1534 173.0135 619.5967 220.4905 1.6157 1.6176 4.5636 -0.6147 1.6218 26.8810 -7.8921 6.9599
Car -1 -1 -7.3497 146.1004 158.5126 215.0634 199.9594 2.5750 1.8099 4.7276 -28.0202 1.6837 47.2173 -7.8829 3.1177
Car -1 -1 -7.3993 232.6595 173.9823 290.8973 199.4947 1.5475 1.6421 4.2540 -22.1918 1.6227 46.0897 -7.8460 1.7708
Car -1 -1 -4.3368 266.3985 172.0339 312.8228 198.0362 1.7756 1.6488 4.0327 -22.7525 1.7193 51.3191 -4.7525 0.5340
Car -1 -1 -4.9976 717.2586 170.8688 753.1702 195.4339 1.7872 1.6228 3.9323 9.3899 1.6425 54.5413 -4.8284 -2.4890
Car -1 -1 -4.6870 601.9588 174.1290 621.0182 191.0824 1.4811 1.6305 3.8678 0.1376 1.5996 65.2863 -4.6853 -2.5135
Car -1 -1 -5.1811 674.2723 169.2524 728.3542 196.4734 1.6584 1.7027 4.2220 5.7535 1.4387 46.2336 -5.0584 -2.7132
Car -1 -1 -4.5864 37.0612 179.6733 72.5867 202.0122 1.5590 1.6311 3.7123 -41.2205 2.0843 53.5986 -5.2397 -2.8796
Car -1 -1 -4.5134 615.4387 173.0385 643.3622 190.9950 1.5697 1.7605 4.0659 1.7680 1.5867 65.2983 -4.4868 -2.9939
Car -1 -1 -7.7386 312.6603 171.7346 335.1279 187.6747 1.5207 1.6154 3.8730 -28.1067 1.4137 70.9171 -8.1148 -3.4191
Car -1 -1 -7.8552 512.9481 172.8699 532.6407 190.1930 1.4854 1.6794 3.6297 -7.7336 1.4865 63.7764 -7.9757 -3.7349
Car -1 -1 -7.5938 184.5986 164.5697 234.6969 198.9947 2.1628 1.8189 4.3870 -26.4070 1.6420 47.6795 -8.0974 -3.8974
Car -1 -1 -4.1510 475.1262 174.2679 521.5793 196.0656 1.5925 1.6339 3.9928 -8.5136 1.7045 55.1500 -4.3037 -3.9056
Car -1 -1 -5.2640 636.5891 171.0948 690.2117 190.4393 1.5612 1.9594 5.4359 4.4239 1.4189 61.0938 -5.1924 -3.9331
Car -1 -1 -4.9139 607.5392 172.9332 632.4697 189.5716 1.5167 1.7006 3.3157 0.8907 1.5240 67.5759 -4.9011 -4.1902
Car -1 -1 -4.7177 676.8207 173.2861 696.3371 191.8978 1.5207 1.5903 3.8955 6.4404 1.5581 61.0638 -4.6135 -4.2233
Car -1 -1 -4.4954 53.7590 181.5207 94.4671 202.9501 1.4703 1.6431 3.7025 -39.4622 2.1330 53.1702 -5.1316 -4.2496
Car -1 -1 -4.1401 252.4743 175.8936 322.0712 202.2672 1.4983 1.6778 4.5195 -19.5680 1.6928 43.8969 -4.5574 -4.3541
Car -1 -1 -8.2712 388.3813 170.4532 426.1397 190.4601 1.7009 1.6880 4.0779 -17.8794 1.4965 63.4520 -8.5450 -4.5638
Car -1 -1 -4.4894 664.0795 174.4382 690.8022 191.9821 1.5293 1.5852 3.9327 6.1200 1.6772 65.3928 -4.3969 -4.6545
Car -1 -1 -3.3953 626.9144 174.7992 675.4348 192.3509 1.5204 1.6969 3.9975 3.6143 1.6960 63.9998 -3.3395 -4.8506
Car -1 -1 -2.3947 0.0000 184.3372 25.7580 334.2996 1.6542 1.7274 4.0838 -10.2550 1.8157 9.1425 -3.2227 -5.2220
Car -1 -1 -4.6538 613.2192 171.0999 636.4734 191.5589 1.6880 1.7403 4.3971 1.2812 1.5430 61.7920 -4.6335 -5.2514
Car -1 -1 -4.5489 562.1010 175.2722 601.3803 201.4132 1.4865 1.7157 4.1863 -1.6902 1.6397 43.6187 -4.5878 -5.3131
Car -1 -1 -2.4462 0.0000 173.3624 54.6944 235.6600 1.6166 1.7178 4.1569 -17.9580 1.6309 19.6760 -3.1793 -5.3613
Car -1 -1 -5.1654 554.1462 175.8109 592.0696 196.3347 1.6054 1.5694 3.8525 -3.0821 1.8557 59.0997 -5.2177 -5.3894
Car -1 -1 -8.1380 932.9127 188.2705 1241.0000 374.0000 1.5243 1.7441 3.8562 2.2089 1.6255 2.6420 -7.4958 -5.6483
Car -1 -1 -2.2362 0.0000 181.8062 38.4322 374.0000 1.4047 1.5723 4.1493 -5.9768 1.4652 4.0229 -3.1834 -5.6654
Car -1 -1 -4.7253 517.8611 173.7433 538.8488 195.6008 1.7645 1.6915 3.7004 -6.8789 1.8410 60.3494 -4.8386 -5.7255
Car -1 -1 -4.5923 9.6354 179.5773 48.6462 201.8591 1.4809 1.6598 4.3047 -41.5006 1.9824 51.5896 -5.2673 -5.8056
Car -1 -1 -9.1923 0.0000 0.0000 1241.0000 374.0000 1.5241 1.5867 3.7994 3.9151 1.4919 0.9960 -7.9398 -5.8867
Car -1 -1 -4.6933 152.0651 178.3504 173.8713 194.8409 1.4536 1.6449 4.0278 -41.6151 1.9815 67.1877 -5.2463 -5.8867
Car -1 -1 -9.2813 0.0000 0.0000 1241.0000 374.0000 1.5173 1.5829 3.7958 5.5228 1.4570 0.9960 -7.9398 -5.8867
Car -1 -1 -4.5342 0.0000 177.9521 5.6071 201.3832 1.4545 1.6428 4.0282 -41.6184 1.8077 47.8773 -5.2471 -5.8867
Car -1 -1 -4.5087 0.0000 178.3203 0.0000 203.3321 1.4686 1.6475 4.0310 -41.6181 1.8291 45.4625 -5.2472 -5.8867
Car -1 -1 -2.5061 665.4391 168.2851 716.7901 189.9539 1.9751 1.7418 4.6868 7.5899 1.5584 67.9988 -2.3958 -5.9111
Car -1 -1 -4.0832 0.0000 181.3418 0.0000 374.0000 1.3971 1.5974 4.2397 -8.7090 1.4964 6.2132 -5.0137 -5.9863
Car -1 -1 -5.6915 492.4963 165.5853 551.8463 193.4946 1.9523 1.7379 3.9614 -6.3827 1.4436 52.1453 -5.8130 -6.1301
Car -1 -1 -4.6905 29.7743 172.9983 60.5678 196.4723 1.4914 1.5181 3.6889 -37.4093 1.5010 47.7988 -5.3520 -6.2591
Car -1 -1 -2.0188 105.7493 170.0038 172.3911 197.7387 1.6849 1.7111 4.6235 -29.9256 1.5114 45.7651 -2.5954 -6.3946
Car -1 -1 -5.0916 49.0449 168.7132 107.9369 194.8375 1.7197 1.7671 4.3502 -36.4384 1.4469 49.4002 -5.7247 -6.5294
