Car -1 -1 -7.8662 574.2639 172.7606 625.5990 224.3191 1.6494 1.6441 4.4578 -0.4365 1.6461 25.3350 -7.8840 6.3233
Car -1 -1 -7.2840 97.9027 178.1578 188.0228 211.2995 1.4284 1.6095 4.0282 -21.7670 1.6911 33.7585 -7.8533 4.5307
Car -1 -1 -7.2248 0.0000 153.6970 95.7375 209.2886 2.5183 1.7982 4.7411 -27.5753 1.6502 35.0855 -7.8873 4.2920
Car -1 -1 -4.2189 163.0649 173.7372 235.3362 206.1576 1.6626 1.6715 4.0705 -22.2338 1.7127 39.1653 -4.7325 3.6448
Car -1 -1 -4.2833 191.7395 167.9559 241.6737 195.2614 1.9003 1.7160 3.8612 -28.4140 1.5591 52.1988 -4.7798 0.0107
Car -1 -1 -7.2999 320.4949 170.8684 359.3102 191.5161 1.8824 1.6584 3.8104 -25.3596 1.7011 67.8127 -7.6567 -1.4128
Car -1 -1 -7.3706 258.2656 171.9243 301.0022 191.4823 1.5344 1.6121 3.7009 -26.7578 1.4611 58.4994 -7.7980 -1.5611
Car -1 -1 -3.9551 609.2247 169.8278 667.4609 194.2033 1.7149 1.7253 4.3898 2.0857 1.5017 52.9134 -3.9163 -1.5872
Car -1 -1 -4.6808 366.1800 174.3442 385.2945 190.2625 1.4898 1.6420 3.8101 -22.7098 1.6382 69.9712 -4.9937 -2.4706
Car -1 -1 -5.4465 760.4655 176.4470 818.9354 201.9299 1.5049 1.5941 3.5142 11.1452 1.7387 45.0798 -5.2061 -2.4774
Car -1 -1 -7.3937 39.7145 162.5348 128.2003 208.3337 2.1038 1.7554 4.3307 -25.7267 1.6295 35.4238 -8.0184 -3.2849
Car -1 -1 -7.4286 206.1290 167.3404 258.1061 195.1164 1.9076 1.7253 4.1698 -27.0205 1.5286 51.6816 -7.9084 -3.5596
Car -1 -1 -7.8672 157.2526 179.0023 202.0753 214.3664 1.4445 1.6335 3.7762 -19.2697 1.7361 32.2179 -8.4028 -3.6423
Car -1 -1 -5.2970 663.1179 172.0476 711.0842 194.1096 1.5482 1.5856 3.9070 5.5593 1.4913 52.7312 -5.1929 -3.8406
Car -1 -1 -4.0360 201.9030 167.2386 256.5359 190.4972 1.7496 1.7468 3.8459 -29.6901 1.3269 56.3302 -4.5193 -3.9191
Car -1 -1 -4.2366 694.6249 174.8601 742.7595 198.6156 1.5190 1.6004 3.8938 7.3153 1.6593 48.5312 -4.0883 -3.9282
Car -1 -1 -8.1039 157.6038 178.8481 210.8147 206.8120 1.4699 1.6201 4.1598 -24.1773 1.8259 40.8507 -8.6356 -4.0777
Car -1 -1 -4.8083 613.6486 174.8501 642.2220 197.9810 1.5225 1.6345 3.4117 1.1674 1.6641 49.5563 -4.7853 -4.4392
Car -1 -1 -4.6069 618.0017 174.3998 638.6118 191.4430 1.5292 1.5378 3.6842 1.7038 1.6766 67.0168 -4.5819 -4.4760
Car -1 -1 -5.0665 415.5692 173.8735 455.5090 197.1028 1.7470 1.7023 4.1809 -13.7643 1.8299 56.6681 -5.3040 -4.4877
Car -1 -1 -7.8872 511.3170 172.5193 530.6378 190.4235 1.6671 1.7034 4.0989 -8.6002 1.6356 69.3393 -8.0104 -4.5130
Car -1 -1 -4.8483 730.1977 170.9940 769.5902 201.0936 1.5814 1.6157 3.8313 7.6379 1.4834 39.8645 -4.6608 -4.5692
Car -1 -1 -4.5294 496.8601 175.8401 525.9905 195.7561 1.5407 1.6751 3.7727 -7.9566 1.7897 58.3184 -4.6648 -4.7236
Car -1 -1 -7.0383 110.8025 159.6524 177.3104 187.1229 2.0063 1.7097 4.2311 -35.4332 1.0418 54.9575 -7.6089 -4.7894
Car -1 -1 -5.7196 221.5697 175.2204 304.9591 200.7304 1.4075 1.4993 4.1052 -19.7010 1.5449 40.9798 -6.1655 -4.9035
Car -1 -1 -5.0130 718.3382 173.0372 767.4932 204.0372 1.4951 1.4595 3.5380 6.6576 1.5045 36.6649 -4.8352 -5.0222
Car -1 -1 -4.5094 510.6251 175.3448 552.0545 200.5980 1.3843 1.6016 4.1385 -4.5701 1.5367 42.1091 -4.6172 -5.0622
Car -1 -1 -4.9836 517.6744 174.6176 559.0646 195.5871 1.3761 1.7025 4.5402 -5.0651 1.5044 50.1813 -5.0840 -5.1272
Car -1 -1 -8.8771 923.5312 189.8472 1241.0000 374.0000 1.5538 1.7174 4.1417 3.4405 1.6806 3.1810 -8.0986 -5.1827
Car -1 -1 -3.4317 569.5319 176.6733 627.2980 196.6716 1.3601 1.6484 3.7629 -0.8577 1.6366 50.9438 -3.4488 -5.2803
Car -1 -1 -7.7063 141.2491 160.4899 178.2427 182.9486 1.7404 1.8275 4.9652 -36.4985 0.7820 58.5555 -8.2617 -5.2831
Car -1 -1 -4.2311 380.5316 175.9613 418.5364 191.8706 1.4784 1.7142 4.3913 -20.4672 1.7908 70.2806 -4.5137 -5.4588
Car -1 -1 -3.4318 648.3442 171.8318 700.4003 195.9278 1.6633 1.6267 3.3327 4.4968 1.5924 50.9388 -3.3447 -5.6192
Car -1 -1 -2.1468 0.0000 191.2601 15.9633 374.0000 1.4178 1.5658 3.9927 -6.0166 1.5443 4.0862 -3.0902 -5.6858
Car -1 -1 -4.2888 439.2719 173.9565 484.7592 197.9381 1.8728 1.7929 4.9099 -12.0940 1.9669 59.1783 -4.4898 -5.7777
Car -1 -1 -4.8926 543.9255 176.2545 577.7098 201.3975 1.5841 1.6038 3.6595 -3.3390 1.8191 47.9625 -4.9621 -5.7812
Car -1 -1 -4.6374 553.3973 175.6606 579.7341 196.0137 1.3625 1.5652 3.9030 -3.0541 1.5674 50.8058 -4.6975 -5.8867
Car -1 -1 -4.8715 620.3947 173.2207 649.8339 195.4764 1.6489 1.6522 3.9551 1.8689 1.6779 55.5923 -4.8385 -6.1822
Car -1 -1 -4.9971 1241.0000 217.7051 1241.0000 374.0000 1.6980 1.9499 3.9731 5.4937 2.1057 4.3683 -4.1321 -6.8298
