Car -1 -1 -7.8614 573.5242 174.7457 611.5425 212.9174 1.6228 1.6293 4.5443 -0.8684 1.7155 33.2004 -7.8879 6.7037
Car -1 -1 -7.3073 71.0210 168.8894 167.9415 212.4118 1.7433 1.6752 3.8156 -20.8821 1.5842 30.8452 -7.8986 5.1820
Car -1 -1 -7.3733 219.1279 174.8494 277.6199 202.6610 1.5301 1.5665 3.5255 -20.8801 1.6501 41.7293 -7.8350 4.2192
Car -1 -1 -4.4407 757.6143 170.4840 823.7107 211.8294 1.5957 1.6395 4.0940 7.5389 1.5039 30.0322 -4.1976 -2.1413
Car -1 -1 -7.5620 611.6132 176.4993 638.8903 192.5291 1.4579 1.5915 3.7163 1.4576 1.8141 68.5535 -7.5412 -2.2182
Car -1 -1 -4.3776 662.3342 175.5588 703.3922 201.3628 1.5437 1.6168 3.1744 4.5733 1.7200 45.3194 -4.2782 -2.2391
Car -1 -1 -3.0687 257.6577 174.6010 328.5592 201.4319 1.5804 1.6479 3.8562 -19.3349 1.6903 44.1025 -3.4799 -2.2883
Car -1 -1 -5.2774 676.0005 175.2583 729.4736 200.1375 1.5339 1.6351 3.8540 5.9533 1.6971 46.9818 -5.1526 -2.8388
Car -1 -1 -4.8511 631.4586 174.7438 664.9860 200.4423 1.6238 1.6660 4.0962 2.4650 1.7548 48.0151 -4.8006 -3.5319
Car -1 -1 -7.6963 343.2527 176.0217 367.8560 192.0019 1.5113 1.6924 3.9124 -25.0689 1.8324 71.1358 -8.0342 -3.8247
Car -1 -1 -8.3616 1099.8293 185.8163 1206.8394 232.9450 1.6530 1.7273 3.7541 21.1671 2.1976 28.3633 -7.7261 -3.9710
Car -1 -1 -4.7389 693.3780 174.1255 714.7585 194.4507 1.5090 1.5337 3.4406 7.1916 1.6098 55.5819 -4.6112 -4.1094
Car -1 -1 -3.8905 0.0000 188.4192 70.4473 230.3762 1.2860 1.4901 4.1557 -21.8602 1.8902 25.8688 -4.5871 -4.2379
Car -1 -1 -4.7273 615.0724 175.9292 636.6133 196.3389 1.4524 1.5416 3.7422 1.1237 1.6893 53.7871 -4.7069 -4.3771
Car -1 -1 -4.8198 674.7249 173.5602 699.7956 193.9803 1.5192 1.5336 3.6180 5.8958 1.5751 55.6174 -4.7151 -4.4452
Car -1 -1 -4.6029 449.7988 176.2596 475.1906 195.1815 1.5143 1.6204 4.4572 -12.4266 1.8120 60.8610 -4.8038 -4.5449
Car -1 -1 -4.6270 603.4095 175.3473 633.1138 199.9478 1.6122 1.6710 4.7755 0.5911 1.7941 50.2429 -4.6158 -4.6017
Car -1 -1 -7.7490 215.7591 163.1185 250.1301 188.8443 1.7436 1.7453 3.9485 -26.6615 1.0834 51.0588 -8.2283 -4.6329
Car -1 -1 -4.2695 530.0642 179.5487 571.3915 201.8938 1.5851 1.6868 3.6963 -4.4588 2.1086 54.4254 -4.3513 -4.7699
Car -1 -1 -4.6633 575.7554 176.9546 609.8520 204.9033 1.5127 1.7702 4.3717 -0.9843 1.7632 41.9089 -4.6871 -4.7766
Car -1 -1 -5.1782 566.1787 176.6094 604.7337 195.8243 1.6080 1.6473 4.2652 -2.2239 1.9502 63.5342 -5.2134 -4.7778
Car -1 -1 -5.0350 562.9666 178.4883 621.9739 211.3170 1.5392 1.7645 4.1893 -1.0037 1.8446 36.8793 -5.0626 -4.8158
Car -1 -1 -4.4059 658.3949 174.0333 711.2241 202.9031 1.5330 1.6658 4.6402 4.2769 1.6037 40.9745 -4.3031 -4.8645
Car -1 -1 -4.6620 656.2455 175.4081 679.0200 194.2182 1.5641 1.7601 4.5695 5.0444 1.7954 63.0245 -4.5828 -5.1047
Car -1 -1 -8.2305 1144.8870 186.9709 1241.0000 229.6112 1.4791 1.5857 3.9740 22.9010 2.0795 28.5712 -7.5604 -5.1591
Car -1 -1 -5.0308 560.0421 178.4176 597.2785 199.4293 1.4800 1.6411 3.9038 -2.4168 1.9129 54.0599 -5.0757 -5.1803
Car -1 -1 -4.2425 487.2427 175.4460 542.1411 199.9817 1.3735 1.5781 4.0581 -5.6566 1.5356 43.0276 -4.3728 -5.3809
Car -1 -1 -4.6560 549.9167 177.8069 575.1946 197.5892 1.3560 1.6106 4.1038 -3.4494 1.7306 52.5505 -4.7216 -5.4003
Car -1 -1 -4.6661 731.2847 176.7846 753.5166 198.1763 1.6195 1.5669 4.0303 10.5610 1.9444 57.5511 -4.4860 -5.4315
Car -1 -1 -2.1158 0.0000 182.2879 40.8777 340.4694 1.6890 1.8166 4.2829 -9.9459 1.8267 9.2122 -2.9250 -5.4424
Car -1 -1 -8.8971 1004.9836 154.6350 1241.0000 275.4756 1.7401 2.0139 4.0359 9.3914 1.4774 12.6428 -8.2698 -5.5184
Car -1 -1 -4.8545 560.3642 176.0266 593.9727 202.3877 1.6063 1.6291 3.8283 -2.1894 1.8194 46.4903 -4.9017 -5.5262
Car -1 -1 -2.2621 0.0000 192.7895 16.0634 360.3269 1.4205 1.5964 4.2143 -8.6891 1.6406 7.1462 -3.1261 -5.5512
Car -1 -1 -4.7039 519.1545 175.6531 542.3158 195.3150 1.3347 1.5843 3.9812 -5.6852 1.5427 51.6278 -4.8133 -5.6532
Car -1 -1 -4.4171 517.3161 177.8370 560.8641 203.6939 1.4562 1.6058 3.6699 -4.2462 1.7688 43.3471 -4.5146 -5.6722
Car -1 -1 -5.0781 567.8719 175.5335 615.9418 198.6604 1.4731 1.7440 4.5351 -1.3184 1.6636 48.9512 -5.1053 -5.6985
Car -1 -1 -2.2135 0.0000 193.9210 60.6319 374.0000 1.3814 1.5876 4.2512 -6.1824 1.5355 4.4702 -3.1296 -5.7007
Car -1 -1 -7.5180 648.1409 189.4572 1241.0000 374.0000 1.5745 2.0101 4.5560 2.5344 1.6884 2.8947 -6.8491 -5.7158
Car -1 -1 -4.9371 556.6893 177.6397 582.3879 195.2745 1.5448 1.6097 3.4927 -3.7566 1.9958 66.1412 -4.9940 -5.7611
Car -1 -1 -4.3832 352.3778 176.5770 389.1949 193.7539 1.3888 1.6992 4.2124 -20.3174 1.7161 61.3700 -4.7019 -5.8116
Car -1 -1 -4.6536 567.5246 177.1595 588.9622 194.4992 1.3820 1.5702 3.9129 -2.6570 1.7542 60.4518 -4.6978 -5.8867
Car -1 -1 -9.2439 0.0000 0.0000 1241.0000 374.0000 1.5102 1.5816 3.7937 4.7187 1.4392 0.9962 -7.9398 -5.8867
Car -1 -1 -3.4689 0.0000 191.8203 0.0000 374.0000 1.5016 1.6053 3.9555 -7.8854 1.6201 2.5304 -4.6970 -5.8867
Car -1 -1 -3.6687 0.0000 184.7945 3.5077 374.0000 1.4924 1.6026 3.9544 -4.6700 1.5669 2.5321 -4.6976 -5.8867
Car -1 -1 -4.3886 362.4239 177.4524 397.5706 195.1139 1.3673 1.5687 3.9027 -18.7369 1.7545 58.8450 -4.6958 -5.8867
Car -1 -1 -6.7859 0.0000 0.0000 1241.0000 374.0000 1.5370 1.5844 3.8012 -2.9050 1.6201 1.0064 -7.9391 -5.8867
Car -1 -1 -4.5138 463.6718 176.2938 489.8583 192.0795 1.3492 1.5639 3.8940 -11.8949 1.6657 64.4840 -4.6957 -5.8867
Car -1 -1 -4.7579 1000.8713 176.3131 1048.2635 211.9239 1.4093 1.5635 3.8791 17.7247 1.5678 31.0434 -4.2436 -5.9180
Car -1 -1 -4.4136 342.3016 175.1562 377.1595 193.1222 1.3557 1.4973 3.9622 -19.7380 1.5436 56.9661 -4.7459 -5.9901
Car -1 -1 -4.4469 420.4600 177.0144 452.8487 198.4904 1.7283 1.7166 3.7866 -14.5731 2.0893 60.7293 -4.6818 -6.5702
