Car -1 -1 -7.8433 570.5062 172.1593 612.6243 213.3990 1.5865 1.6206 4.5193 -0.7905 1.5595 30.0303 -7.8700 5.0693
Car -1 -1 -4.2274 217.2953 174.5525 278.7877 201.4443 1.5262 1.7082 3.7889 -21.5791 1.6318 43.1040 -4.6893 3.9452
Car -1 -1 -6.7189 645.1288 170.7902 728.7328 201.2137 1.5213 1.6440 4.0020 3.9527 1.4178 37.5090 -6.6152 -1.2111
Car -1 -1 -7.2168 30.6478 169.0077 96.9079 192.7778 1.6283 1.7043 4.0202 -38.8814 1.3645 51.4425 -7.8617 -1.9122
Car -1 -1 -6.8415 679.5024 172.7121 741.6457 193.7489 1.4949 1.6664 4.2822 7.3500 1.4845 52.9090 -6.7046 -2.0362
Car -1 -1 -4.4853 194.4685 168.4210 226.7451 187.2138 1.6346 1.6927 3.9353 -35.8903 1.2487 64.8840 -4.9890 -2.3026
Car -1 -1 -4.9307 642.2313 174.8172 666.1819 189.2830 1.3793 1.5728 3.7935 4.3230 1.5785 71.3372 -4.8708 -3.0268
Car -1 -1 -5.0571 709.8927 171.1483 738.7539 188.6930 1.6810 1.6484 3.7013 11.2144 1.5173 71.1065 -4.9016 -3.5324
Car -1 -1 -7.9143 216.5026 167.0652 242.6492 189.1829 1.9713 1.8585 4.8137 -35.2947 1.4550 66.8475 -8.3986 -3.9006
Car -1 -1 -4.2751 649.8696 165.9672 697.6727 191.3488 1.6687 1.7059 4.0941 4.3996 1.2156 49.6353 -4.1876 -3.9589
Car -1 -1 -4.6531 655.5376 172.6079 677.4767 191.0791 1.5682 1.6845 4.1504 4.9735 1.5470 63.4286 -4.5755 -4.0062
Car -1 -1 -4.5683 659.4299 174.3430 681.8976 189.2224 1.4172 1.6656 3.9488 5.9996 1.5684 71.2599 -4.4850 -4.0157
Car -1 -1 -7.6484 232.3277 167.8110 262.5155 186.7705 1.7184 1.7345 4.0378 -33.9302 1.2610 67.5706 -8.1124 -4.1608
Car -1 -1 -3.2471 855.4093 162.1427 943.2775 200.2620 1.8828 1.7299 4.0139 14.7173 1.3534 37.0073 -2.8716 -4.1675
Car -1 -1 -6.4530 935.6649 155.4309 1017.6331 196.6674 1.9028 1.5671 3.2707 17.4300 1.0985 34.5186 -5.9891 -4.1878
Car -1 -1 -4.5849 334.0778 173.6424 355.6457 190.8467 1.6571 1.5801 3.4455 -26.2729 1.7370 71.5231 -4.9360 -4.1939
Car -1 -1 -3.8829 669.1521 172.0351 719.8342 192.3783 1.6385 1.7043 4.1188 7.0199 1.5722 60.0102 -3.7673 -4.2041
Car -1 -1 -7.6947 310.9458 173.3988 334.0215 190.0714 1.5986 1.5725 3.5367 -28.3620 1.6535 71.2052 -8.0726 -4.3110
Car -1 -1 -3.0551 518.3203 176.7710 566.3887 193.2245 1.5712 1.7775 4.5229 -6.5739 1.9571 70.2363 -3.1484 -4.3957
Car -1 -1 -4.9420 611.7394 171.1354 639.6598 189.5023 1.5860 1.7198 3.5306 1.3442 1.4373 64.2088 -4.9215 -4.4235
Car -1 -1 -8.0042 636.1951 171.6149 674.6246 199.7487 1.4549 1.5490 3.6003 2.3814 1.3905 39.1759 -7.9443 -4.4244
Car -1 -1 -4.2306 556.1048 176.3309 589.0616 191.8304 1.4606 1.6015 3.9370 -3.6710 1.8130 71.0691 -4.2824 -4.6490
Car -1 -1 -7.3865 343.3301 174.6590 376.1766 191.4351 1.6079 1.5611 3.7320 -24.7867 1.7914 71.5288 -7.7192 -4.7186
Car -1 -1 -4.7782 13.0583 170.0316 46.6874 193.5778 1.6034 1.6282 3.5471 -41.0471 1.4109 50.9921 -5.4535 -4.7308
Car -1 -1 -4.6743 613.5847 170.2936 639.9723 193.9722 1.7143 1.8277 4.5031 1.2795 1.5286 54.5411 -4.6513 -4.7520
Car -1 -1 -1.8971 0.0000 161.6010 44.0770 196.7518 1.7349 1.8518 4.7500 -31.7206 1.1792 37.6387 -2.5940 -4.7871
Car -1 -1 -6.9954 0.0000 158.3497 27.7178 185.5526 1.4735 1.6204 3.6492 -35.5583 0.6875 41.0066 -7.7067 -4.8053
Car -1 -1 -6.5542 630.4745 170.8078 689.2939 192.8159 1.5823 1.6774 4.0147 3.6246 1.4349 53.1021 -6.4868 -4.8176
Car -1 -1 -4.7924 659.1456 172.8699 679.5101 189.5913 1.5416 1.6547 3.2773 5.5610 1.5428 68.1632 -4.7117 -4.8184
Car -1 -1 -3.1383 458.4927 174.9281 503.9894 192.8196 1.6348 1.7609 4.1328 -12.0414 1.8319 67.4378 -3.3146 -4.9005
Car -1 -1 -3.0516 685.7955 167.2565 766.9857 200.8121 1.6106 1.7325 3.8565 5.7787 1.3417 35.9453 -2.8939 -4.9934
Car -1 -1 -4.4895 693.0623 173.3913 718.9883 191.0101 1.6726 1.7009 3.9173 9.4259 1.7266 70.7606 -4.3579 -5.1016
Car -1 -1 -5.0132 700.3879 165.8756 742.5632 192.1040 1.7464 1.7024 4.2722 7.6791 1.2815 50.2829 -4.8628 -5.1645
Car -1 -1 -5.1287 599.6085 174.3316 630.5312 191.0548 1.5061 1.5654 3.5783 0.4232 1.6476 67.2804 -5.1228 -5.2029
Car -1 -1 -4.3417 374.2240 170.0557 417.2273 190.8256 1.6224 1.7099 4.8727 -17.4357 1.4035 58.8602 -4.6287 -5.2878
Car -1 -1 -5.1271 640.5780 170.4362 690.5468 198.8846 1.5802 1.6099 3.5185 3.1501 1.4456 42.0064 -5.0532 -5.3086
Car -1 -1 -5.0922 477.0707 172.1303 518.6111 189.9697 1.5398 1.9648 5.0300 -10.1653 1.4770 64.9421 -5.2471 -5.3486
Car -1 -1 -7.9009 570.5980 174.4267 609.9901 209.6804 1.6192 1.7249 4.3002 -1.0680 1.7012 35.5482 -7.9312 -5.4867
Car -1 -1 -4.3578 623.8600 168.8995 671.3194 197.1333 1.7381 1.6710 4.3384 2.4562 1.4944 46.7422 -4.3060 -5.5269
Car -1 -1 -2.3597 0.0000 197.9551 6.5236 371.0539 1.4141 1.5604 4.0533 -8.7666 1.6949 7.1263 -3.2294 -5.5377
Car -1 -1 -7.6450 56.4018 159.6090 104.3555 187.3082 1.5559 1.6081 3.3230 -31.0797 0.8116 42.3760 -8.2749 -5.6510
Car -1 -1 -4.1199 0.0000 180.0400 49.8195 374.0000 1.4134 1.5831 3.6447 -6.4288 1.4901 5.7793 -4.9354 -5.6671
Car -1 -1 -7.5523 160.7363 159.4213 212.7973 189.1846 2.0519 1.8252 5.0809 -30.6832 1.1255 52.4228 -8.0798 -5.7108
Car -1 -1 -4.5324 0.0000 175.9618 25.4587 199.3311 1.5019 1.7364 3.9572 -41.3212 1.7224 49.0940 -5.2295 -5.7360
Car -1 -1 -6.7964 1081.1635 171.6397 1241.0000 374.0000 1.4305 1.8203 4.3555 5.0131 1.4270 3.5541 -5.8810 -5.7817
Car -1 -1 -4.2865 452.1982 174.2191 493.4262 195.9486 1.6572 1.6007 4.2946 -10.9226 1.7702 57.5905 -4.4734 -5.8369
Car -1 -1 -3.6687 0.0000 185.5875 3.6027 374.0000 1.4941 1.6027 3.9549 -4.6698 1.5736 2.5322 -4.6976 -5.8867
Car -1 -1 -9.0790 0.0000 0.0000 1241.0000 374.0000 1.4824 1.5941 3.8405 4.3447 1.4553 1.3721 -7.8745 -5.8867
Car -1 -1 -4.6014 527.1393 175.1110 554.3106 194.3743 1.3455 1.5594 3.8953 -5.0646 1.5166 52.8181 -4.6969 -5.8867
Car -1 -1 -3.5532 0.0000 187.4920 0.0000 374.0000 1.4879 1.6007 3.9517 -7.0829 1.5875 2.9353 -4.6978 -5.8867
Car -1 -1 -8.2362 884.8604 176.2191 1241.0000 374.0000 1.7315 1.8387 4.0620 2.3509 1.7555 3.0165 -7.6218 -6.2152
Car -1 -1 -4.1788 605.5499 165.5051 651.1755 187.6034 1.7680 1.6968 4.6048 1.5523 1.1798 60.1306 -4.1534 -6.2954
