Car -1 -1 -7.8761 579.4397 170.2797 632.9673 223.3498 1.6031 1.6195 4.4301 -0.2346 1.5251 24.0364 -7.8864 5.2280
Car -1 -1 -4.0670 0.0000 172.3820 104.1395 216.4219 1.5784 1.6615 4.0542 -21.8350 1.5612 27.8994 -4.7266 4.7742
Car -1 -1 -4.1882 74.9532 164.9116 151.3562 200.7362 1.9015 1.6062 4.2550 -27.7956 1.4796 40.4792 -4.7870 3.0642
Car -1 -1 -7.7119 356.5557 169.7989 381.3748 187.6626 1.6147 1.6419 4.0232 -22.4811 1.3382 67.3437 -8.0331 1.8173
Car -1 -1 -4.2504 323.8158 171.6711 366.0357 191.1935 1.5622 1.6485 4.0583 -21.9557 1.4673 59.8476 -4.6008 -1.1589
Car -1 -1 -5.0022 628.7904 169.1970 665.3682 191.1981 1.5441 1.6443 3.7891 2.6353 1.2872 52.6762 -4.9529 -2.0655
Car -1 -1 -3.9419 624.8893 169.7176 685.8843 197.2816 1.5113 1.5086 3.4495 2.5852 1.3390 41.2800 -3.8802 -2.5189
Car -1 -1 -4.7399 429.5771 177.1563 447.2167 192.0304 1.4041 1.5908 3.8112 -17.0056 1.8414 71.3411 -4.9733 -3.0645
Car -1 -1 -8.3849 797.2339 171.3266 848.7881 197.6677 1.6277 1.6905 3.3866 13.6233 1.5330 46.4346 -8.1016 -3.2746
Car -1 -1 -5.7390 642.4362 168.6224 707.5499 193.5753 1.6634 1.6805 4.2360 4.4488 1.3810 50.0273 -5.6512 -3.3048
Car -1 -1 -4.3701 440.2375 176.3213 469.4777 192.0878 1.4944 1.6193 3.8721 -15.3138 1.8465 71.3057 -4.5812 -3.9384
Car -1 -1 -8.0354 782.9803 157.6313 816.4893 181.7490 1.9958 1.9293 4.8911 16.2783 0.7358 62.2179 -7.7808 -3.9608
Car -1 -1 -4.3489 423.6784 174.1284 460.7519 193.3424 1.5647 1.7339 4.0490 -14.1994 1.6762 61.1645 -4.5764 -4.0839
Car -1 -1 -4.3852 616.0814 166.8216 658.3480 189.4747 1.6926 1.8478 4.8550 2.1605 1.2415 56.5084 -4.3475 -4.1029
Car -1 -1 -4.8620 675.2742 168.0222 706.7485 189.8950 1.5402 1.6856 4.1296 5.8659 1.1997 52.9058 -4.7524 -4.1662
Car -1 -1 -4.7695 515.8587 174.4655 536.4941 193.0329 1.5874 1.6017 3.7777 -7.4867 1.7346 64.0338 -4.8858 -4.1921
Car -1 -1 -3.9111 263.2903 173.5123 342.9407 202.6770 1.6006 1.6672 4.3225 -17.8165 1.6408 42.0195 -4.3101 -4.2046
Car -1 -1 -7.7751 386.3058 169.0950 413.0711 193.0713 1.7770 1.6732 3.9197 -16.1853 1.4981 55.5646 -8.0575 -4.3626
Car -1 -1 -2.4454 253.7418 175.8219 320.7610 201.6127 1.6460 1.7337 3.8266 -21.3630 1.8475 47.7176 -2.8645 -4.4115
Car -1 -1 -4.9048 0.0000 175.6019 28.6359 229.7064 1.5250 1.7352 4.3077 -19.9367 1.6182 22.5468 -5.6230 -4.4201
Car -1 -1 -4.8066 676.6685 170.8013 702.5330 191.6071 1.5866 1.6408 4.1548 6.2360 1.4298 57.1126 -4.6987 -4.4555
Car -1 -1 -6.0202 711.2629 168.6983 793.3877 196.9226 1.5976 1.7208 4.4638 8.3540 1.3621 42.5953 -5.8282 -4.5153
Car -1 -1 -7.7554 377.7139 170.9374 400.1710 187.3748 1.5001 1.6478 3.8563 -20.7920 1.3249 67.9023 -8.0517 -4.5261
Car -1 -1 -7.4848 25.8154 170.8517 113.5073 210.3093 1.6424 1.6942 4.2883 -24.1106 1.5587 32.3253 -8.1218 -4.5578
Car -1 -1 -5.8418 436.6869 171.6912 501.8299 191.9574 1.6254 1.7907 4.9710 -11.5909 1.5318 59.3488 -6.0341 -4.6025
Car -1 -1 -7.3836 347.3821 174.4279 394.1084 195.1485 1.5027 1.7437 3.9907 -18.1241 1.6264 54.7514 -7.7021 -4.6118
Car -1 -1 -2.7645 567.6857 170.4985 645.5090 198.3694 1.5811 1.6818 4.2629 -0.2360 1.4472 42.4888 -2.7704 -4.6816
Car -1 -1 -4.8464 706.4125 170.7209 731.1774 189.3522 1.6466 1.6955 4.0734 9.8669 1.4578 65.8168 -4.6985 -4.9156
Car -1 -1 -7.7242 749.0716 168.2927 780.9166 193.4220 1.7670 1.7374 4.4610 11.4227 1.4459 53.1278 -7.5139 -4.9165
Car -1 -1 -4.7696 315.1645 171.9027 349.0756 198.5312 1.5913 1.7413 4.5077 -17.6088 1.5341 45.5300 -5.1369 -4.9187
Car -1 -1 -5.6445 485.1292 170.1965 534.6841 191.4777 1.6582 1.6567 3.6692 -8.0540 1.4508 57.8271 -5.7826 -4.9819
Car -1 -1 -2.5734 218.2611 176.4009 295.5486 203.6593 1.5138 1.5557 3.7255 -20.2256 1.7215 41.3159 -3.0263 -5.0073
Car -1 -1 -4.3840 593.2339 169.4834 636.8770 192.6847 1.6188 1.7847 4.6777 0.3983 1.3833 52.8441 -4.3768 -5.0136
Car -1 -1 -2.3638 0.0000 176.7446 28.4358 323.6743 1.6651 1.7603 4.0740 -10.2529 1.7196 9.2031 -3.1886 -5.0608
Car -1 -1 -4.9230 785.9309 171.4846 823.6073 195.7652 1.6283 1.7252 4.0238 13.5307 1.5362 50.4403 -4.6627 -5.0854
Car -1 -1 -8.1250 760.1432 168.7468 798.2892 193.9632 1.9380 1.7875 4.6281 13.4697 1.6221 57.8056 -7.8975 -5.0991
Car -1 -1 -4.4448 651.6508 170.4253 690.4741 192.9644 1.6217 1.8064 4.4379 4.6147 1.4466 54.3089 -4.3608 -5.1553
Car -1 -1 -7.3059 0.0000 152.0217 78.0999 194.0514 2.3847 1.8122 5.0744 -34.6807 1.2024 43.5677 -7.9753 -5.2681
Car -1 -1 -5.1260 156.0598 166.7716 218.3689 193.3604 1.6565 1.8662 4.4753 -27.6110 1.2773 47.0233 -5.6547 -5.4539
Car -1 -1 -2.2333 0.0000 187.5976 50.7297 374.0000 1.3888 1.5776 4.2086 -6.2380 1.4962 4.4536 -3.1554 -5.7066
Car -1 -1 -6.4839 514.9053 169.9679 580.3447 196.4208 1.9465 1.7779 4.6728 -4.7581 1.7338 54.6073 -6.5708 -5.7158
Car -1 -1 -7.3945 0.0000 179.1558 52.3809 217.4848 1.4011 1.5951 3.4437 -24.1523 1.6690 28.8471 -8.0871 -5.7263
Car -1 -1 -4.7210 378.0085 172.3714 396.0454 189.8422 1.6644 1.6480 3.5185 -21.8694 1.6181 70.6655 -5.0203 -5.7988
Car -1 -1 -6.0486 1192.5579 0.0000 1241.0000 374.0000 1.4353 1.6270 4.1923 4.9795 1.2470 2.7395 -5.0250 -5.8198
Car -1 -1 -5.7767 0.0000 0.0000 1241.0000 374.0000 1.4984 1.6048 3.9581 3.7627 1.4892 1.7185 -4.6976 -5.8867
Car -1 -1 -3.6688 0.0000 184.0844 3.4577 374.0000 1.4903 1.6014 3.9536 -4.6699 1.5604 2.5326 -4.6976 -5.8867
Car -1 -1 -3.4555 0.0000 186.4578 0.0000 374.0000 1.4846 1.6008 3.9522 -7.0833 1.5620 2.1316 -4.6978 -5.8867
Car -1 -1 -6.5172 754.4384 172.0494 816.9779 196.1129 1.5728 1.6157 3.7646 11.6137 1.5199 47.9705 -6.2815 -6.0336
Car -1 -1 -4.1280 0.0000 178.6246 0.0000 374.0000 1.3890 1.5988 4.2746 -8.7211 1.4570 6.2514 -5.0563 -6.0351
Car -1 -1 -4.6724 702.2855 174.6637 719.6974 189.7599 1.4305 1.5513 3.6743 9.9084 1.6126 70.7823 -4.5343 -6.1711
Car -1 -1 -8.2520 904.4554 108.3139 1241.0000 374.0000 1.5372 1.7555 4.1450 2.4071 1.4727 2.9391 -7.6140 -6.1725
Car -1 -1 -4.7996 447.3169 169.3986 474.4879 192.9717 1.7328 1.6797 4.1467 -11.4813 1.4785 55.2658 -5.0038 -6.3817
