Car -1 -1 -7.9086 581.8605 173.4839 639.1268 228.1661 1.6261 1.6159 4.4827 -0.1182 1.6486 23.7954 -7.9142 5.5392
Car -1 -1 -4.2460 195.1194 174.8325 258.1544 203.6503 1.4921 1.4267 3.9457 -21.0007 1.6059 39.6178 -4.7309 4.3832
Car -1 -1 -7.4291 257.0898 170.3210 309.6378 197.2633 1.6924 1.6802 3.8819 -21.3596 1.5330 47.2657 -7.8517 3.5767
Car -1 -1 -7.5107 303.6248 172.3312 342.0733 193.3865 1.5411 1.6077 3.5250 -21.7104 1.5025 54.6002 -7.8877 3.1503
Car -1 -1 -7.8202 737.9966 170.1352 763.2895 196.0932 1.8346 1.7023 3.9532 10.3531 1.6421 53.1107 -7.6291 0.9023
Car -1 -1 -5.1537 723.6631 173.9077 764.7100 193.5881 1.5005 1.6412 4.0188 10.5980 1.5872 57.3972 -4.9724 -1.7654
Car -1 -1 -4.5752 628.9641 176.7615 650.0112 192.6502 1.4589 1.5488 3.5216 2.8249 1.8427 69.0424 -4.5349 -2.2761
Car -1 -1 -4.8754 748.5008 173.5047 774.2384 192.4181 1.7011 1.7221 3.8850 14.0015 1.7631 67.0104 -4.6706 -2.4893
Car -1 -1 -4.3735 335.0832 170.7148 365.2814 187.0540 1.5235 1.5997 3.6422 -24.8648 1.3237 69.1024 -4.7179 -2.7744
Car -1 -1 -5.0702 739.6392 174.2621 776.1146 193.7526 1.5065 1.6512 3.7647 11.8260 1.6233 58.0462 -4.8706 -2.8809
Car -1 -1 -4.9388 882.1492 169.1958 910.4517 185.8558 1.4697 1.5860 3.7251 25.9745 1.1467 65.6138 -4.5636 -3.0652
Car -1 -1 -4.6158 497.2379 171.6899 525.0958 194.9161 1.6621 1.6838 3.8925 -7.3349 1.5785 53.6127 -4.7514 -3.1573
Car -1 -1 -8.0507 716.0887 171.8217 748.0928 195.8793 1.7090 1.5784 3.9352 8.9376 1.6354 53.2496 -7.8857 -3.8226
Car -1 -1 -4.7503 643.3762 175.4389 660.2363 189.1793 1.3116 1.5274 3.4353 4.0900 1.5728 71.2599 -4.6935 -3.8406
Car -1 -1 -6.4317 520.6024 173.4637 577.5413 193.8705 1.6486 1.7374 4.4886 -5.0829 1.7000 59.7372 -6.5166 -3.9157
Car -1 -1 -8.2838 979.7524 166.8396 1020.5197 185.7059 1.6341 1.6554 4.0630 34.8335 1.1128 64.5735 -7.7912 -4.0288
Car -1 -1 -7.8029 672.9357 176.3073 692.0870 192.7806 1.5552 1.6857 3.8478 7.1396 1.9044 70.9966 -7.7035 -4.1118
Car -1 -1 -8.4956 691.2236 166.9667 731.4343 185.7079 1.7997 1.8373 4.1286 9.9903 1.2341 71.5407 -8.3577 -4.1906
Car -1 -1 -8.0024 280.5760 167.2482 311.6612 189.8240 1.7334 1.6916 4.0779 -25.1022 1.3027 57.5783 -8.4120 -4.2585
Car -1 -1 -3.0988 522.7222 175.2628 571.6113 198.8490 1.6624 1.6246 3.4396 -4.5220 1.8384 51.9233 -3.1856 -4.2621
Car -1 -1 -4.5498 506.3581 171.6311 533.4598 190.4114 1.5592 1.6814 4.0162 -7.7213 1.4573 61.9419 -4.6735 -4.2626
Car -1 -1 -4.9570 751.9509 170.4427 790.1444 196.0769 1.8075 1.7223 4.3639 11.7612 1.6372 53.0825 -4.7405 -4.3638
Car -1 -1 -5.0949 772.5481 178.0714 811.0663 200.1239 1.6404 1.6840 3.6216 14.1605 2.0624 56.4863 -4.8510 -4.4288
Car -1 -1 -6.0298 516.7791 173.7726 576.3714 194.4776 1.5706 1.6724 4.3285 -4.9328 1.6431 56.0187 -6.1176 -4.4645
Car -1 -1 -7.7906 872.4926 162.5801 899.0071 185.2205 1.6432 1.6385 3.8396 20.8081 0.8972 54.4551 -7.4276 -4.5091
Car -1 -1 -4.3816 557.4537 175.1582 611.5970 207.8280 1.5590 1.6180 3.7809 -1.2788 1.6827 36.7653 -4.4166 -4.5904
Car -1 -1 -4.3739 468.6404 172.2719 511.3374 195.0104 1.6009 1.7510 4.3570 -8.8023 1.5596 53.0973 -4.5377 -4.5931
Car -1 -1 -4.8296 994.2271 167.8096 1035.2651 196.0157 1.5320 1.5948 3.7746 23.0371 1.2577 41.2379 -4.3235 -4.6278
Car -1 -1 -6.0290 297.3065 172.8257 366.4450 197.9536 1.6885 1.7206 4.1322 -19.0873 1.6863 49.5702 -6.3950 -4.8151
Car -1 -1 -4.9028 634.7014 170.9850 674.4474 196.7304 1.5692 1.6873 4.6467 2.7717 1.4550 46.3915 -4.8439 -4.8669
Car -1 -1 -4.5567 669.1254 169.4394 698.9798 193.5623 1.7320 1.6436 3.8630 5.5352 1.4866 53.8837 -4.4552 -4.9907
Car -1 -1 -2.2411 180.1271 167.1522 256.5706 199.9750 1.9974 1.7299 4.6620 -24.8046 1.6502 45.6222 -2.7369 -5.1363
Car -1 -1 -7.6912 0.0000 176.7238 75.3728 232.2762 1.6185 1.5918 3.3764 -18.4557 1.7523 23.1441 -8.3589 -5.1567
Car -1 -1 -7.9383 582.3737 173.8294 639.7906 220.3162 1.6443 1.8463 4.0908 -0.0815 1.6844 27.7294 -7.9419 -5.1881
Car -1 -1 -4.1257 229.3412 173.5261 290.5133 200.9780 1.5545 1.5896 3.4974 -20.7275 1.5958 42.7891 -4.5746 -5.2027
Car -1 -1 -4.6325 576.9465 174.2193 612.4301 202.2479 1.5939 1.7959 4.3992 -0.9060 1.6802 43.4999 -4.6537 -5.2593
Car -1 -1 -7.6617 225.9553 166.0361 265.7052 193.9686 1.7992 1.7014 3.7102 -24.4509 1.3597 48.4906 -8.1267 -5.4174
Car -1 -1 -5.2594 564.7609 175.7719 608.3072 196.7306 1.6275 1.6264 4.1401 -1.9777 1.8739 58.8130 -5.2932 -5.4996
Car -1 -1 -4.4422 668.6718 173.7287 703.6614 192.9008 1.6031 1.8831 4.6091 6.6757 1.6823 63.0505 -4.3376 -5.4996
Car -1 -1 -4.7781 556.7167 176.2331 585.1451 200.9784 1.5293 1.6042 3.6964 -2.6154 1.7584 47.0515 -4.8337 -5.5669
Car -1 -1 -7.6094 402.9529 171.0848 435.3799 191.2592 1.6316 1.6197 4.3661 -15.9896 1.4882 60.5473 -7.8668 -5.5690
Car -1 -1 -4.8860 687.7601 172.3435 713.0162 189.8640 1.5496 1.5761 4.2234 8.2055 1.5041 65.9653 -4.7631 -5.6004
Car -1 -1 -2.1966 0.0000 192.4799 17.8389 374.0000 1.4041 1.5626 4.0446 -6.0554 1.5357 4.0557 -3.1464 -5.6582
Car -1 -1 -4.7944 957.4439 174.0167 984.7993 194.6331 1.5236 1.5753 3.6462 27.7273 1.6160 55.5320 -4.3338 -5.6802
Car -1 -1 -5.6305 325.0201 171.5520 391.2217 193.9414 1.6834 1.6728 4.8066 -19.5033 1.5852 55.7949 -5.9655 -5.7454
Car -1 -1 -4.7553 993.2816 171.8510 1019.5162 192.0036 1.4798 1.5899 3.4211 30.0812 1.4059 54.8693 -4.2563 -5.8314
Car -1 -1 -2.6830 0.0000 168.5334 0.0000 366.1862 1.4925 1.5944 4.0611 -9.2631 1.4595 7.0401 -3.5853 -5.8538
Car -1 -1 -9.2813 0.0000 0.0000 1241.0000 374.0000 1.5256 1.5857 3.7993 5.5231 1.4834 0.9961 -7.9398 -5.8867
Car -1 -1 -7.1470 52.2160 0.0000 1241.0000 374.0000 1.5382 1.5867 3.8024 -1.2977 1.6023 1.0057 -7.9392 -5.8867
Car -1 -1 -9.1170 0.0000 0.0000 1241.0000 374.0000 1.5315 1.5882 3.8024 3.1113 1.5259 0.9965 -7.9398 -5.8867
Car -1 -1 -4.9888 585.6520 173.8836 629.4019 198.9321 1.5182 1.6981 4.2376 -0.2468 1.5871 46.1916 -4.9946 -5.9245
