Car -1 -1 -7.8388 570.4817 172.0267 617.1838 219.7315 1.6476 1.6132 4.2872 -0.6230 1.6188 27.0708 -7.8623 4.9439
Car -1 -1 -7.3721 254.3284 176.7621 306.2316 198.9266 1.4167 1.5879 3.8394 -22.2513 1.6911 48.7698 -7.7983 2.0045
Car -1 -1 -7.3627 170.5812 161.4798 235.4116 196.8770 2.3372 1.8163 4.8994 -28.1857 1.5859 50.1082 -7.8731 1.7543
Car -1 -1 -4.9204 711.9892 173.7690 744.3676 195.8942 1.6954 1.6946 4.2747 9.3674 1.7709 57.6442 -4.7605 -0.3144
Car -1 -1 -5.5992 604.5021 172.9988 649.0047 190.1778 1.5402 1.6866 3.9236 1.5063 1.5536 66.6363 -5.5771 -2.4446
Car -1 -1 -4.5250 411.3650 173.9091 439.3619 192.7877 1.6761 1.7123 4.3930 -17.0098 1.7764 66.5583 -4.7745 -3.0959
Car -1 -1 -4.9102 0.0000 173.2570 28.3330 213.8584 1.5806 1.6859 4.2943 -25.9991 1.5982 30.1168 -5.6181 -3.1093
Car -1 -1 -5.1511 639.1724 173.6879 673.1592 189.7477 1.4709 1.6199 4.1158 4.3261 1.5523 68.5258 -5.0887 -3.2314
Car -1 -1 -7.9814 226.3191 170.6060 251.6608 187.7968 1.6410 1.7013 4.2138 -36.5975 1.4261 71.0952 -8.4554 -3.3166
Car -1 -1 -4.6669 673.3502 173.2049 693.2062 191.5285 1.5702 1.5842 3.7744 6.4892 1.6019 63.8869 -4.5665 -3.4016
Car -1 -1 -8.1766 794.7060 171.5538 858.5743 209.5715 1.8067 1.7750 4.3751 10.8262 1.7446 36.5077 -7.8910 -3.4333
Car -1 -1 -7.8152 510.4917 172.8067 530.9744 189.7451 1.5199 1.7384 3.6506 -8.2388 1.5154 66.6369 -7.9380 -3.7220
Car -1 -1 -4.2632 248.4824 172.0709 283.1852 186.7137 1.4097 1.6218 3.7635 -34.0059 1.3340 71.3484 -4.7067 -3.7358
Car -1 -1 -4.7461 400.0980 173.9497 420.1926 191.4382 1.5468 1.6420 4.0286 -18.3977 1.6505 66.2588 -5.0162 -3.8619
Car -1 -1 -2.4911 115.0571 171.4702 199.6652 195.7747 1.6085 1.7606 4.7630 -30.6381 1.5166 48.8491 -3.0490 -4.1109
Car -1 -1 -7.7792 246.2556 176.4541 282.6921 204.9754 1.6142 1.6796 4.0535 -20.8514 1.8423 43.5839 -8.2233 -4.2117
Car -1 -1 -4.1479 314.1834 175.8721 359.8105 195.7454 1.5055 1.5797 3.8378 -21.6599 1.7535 57.3183 -4.5079 -4.3256
Car -1 -1 -4.6318 72.1851 176.9099 103.2697 200.2359 1.7524 1.7007 3.5054 -41.1143 2.0824 56.8206 -5.2561 -4.3913
Car -1 -1 -4.1358 0.0000 178.5369 108.6137 231.6065 1.5325 1.5807 4.1760 -18.4403 1.7338 23.4432 -4.7969 -4.4127
Car -1 -1 -8.0665 668.5424 175.6639 694.8431 193.8909 1.4868 1.5507 3.2910 6.0193 1.7312 61.1133 -7.9692 -4.4322
Car -1 -1 -4.5023 711.7850 172.2977 749.6988 197.6532 1.6354 1.6881 4.2472 8.1817 1.5993 48.8245 -4.3376 -4.4705
Car -1 -1 -4.8922 681.4951 174.3612 710.8920 195.9074 1.5906 1.6027 3.6637 6.5541 1.7099 55.4058 -4.7755 -4.5554
Car -1 -1 -3.3584 515.3114 174.6754 568.2545 199.5498 1.7335 1.6648 3.5077 -4.9381 1.8673 51.8089 -3.4534 -4.5559
Car -1 -1 -4.7980 741.9703 169.7887 774.3354 198.9081 1.8494 1.7202 4.5048 9.8036 1.6544 48.1602 -4.5988 -4.6134
Car -1 -1 -7.3303 212.9455 170.3552 270.0287 194.6211 1.5926 1.8235 3.7783 -25.1337 1.4283 49.2906 -7.7998 -4.7983
Car -1 -1 -4.3216 420.7894 175.1955 462.5774 196.4298 1.5264 1.6515 4.0528 -12.6815 1.7098 54.4707 -4.5496 -4.8012
Car -1 -1 -3.8720 736.0739 172.0153 817.2859 205.4604 1.4972 1.5369 3.6125 7.7892 1.4594 33.8484 -3.6481 -5.2083
Car -1 -1 -4.8712 565.1382 174.3098 613.4706 206.5739 1.5473 1.7560 4.7263 -1.1818 1.6273 37.3145 -4.9032 -5.2278
Car -1 -1 -5.7405 629.4703 172.9345 682.5165 192.5732 1.6662 1.7114 4.3795 3.9841 1.6732 63.1843 -5.6781 -5.2487
Car -1 -1 -5.3661 285.6330 175.0044 353.2606 198.0775 1.4216 1.6718 4.4919 -18.8462 1.5659 46.6680 -5.7482 -5.2848
Car -1 -1 -4.5227 402.1068 172.2513 431.8878 191.7219 1.6328 1.6939 4.4431 -16.7708 1.5820 62.7840 -4.7829 -5.3923
Car -1 -1 -4.7992 628.1129 173.7575 647.5365 188.8284 1.4448 1.5918 3.7673 2.7071 1.5362 71.3235 -4.7617 -5.3948
Car -1 -1 -2.2499 0.0000 187.4545 21.3012 353.1304 1.4815 1.5923 4.0077 -8.7842 1.6508 7.4935 -3.0967 -5.4417
Car -1 -1 -6.5893 641.7054 171.3384 709.7156 198.6816 1.5338 1.5977 3.5930 3.7372 1.4485 41.6429 -6.5008 -5.4913
Car -1 -1 -2.1608 0.0000 188.5409 0.0000 324.0714 1.4073 1.5902 4.1115 -10.2729 1.6214 8.7995 -3.0082 -5.5573
Car -1 -1 -4.7339 304.6611 174.2945 327.5347 193.8781 1.4790 1.5872 4.0015 -23.2528 1.5967 56.9598 -5.1201 -5.6485
Car -1 -1 -2.1796 0.0000 189.1900 25.8079 374.0000 1.4041 1.5764 4.1080 -6.0183 1.5140 4.0512 -3.1269 -5.6899
Car -1 -1 -4.6474 552.0234 175.6201 578.8159 196.0708 1.3019 1.5445 3.9524 -2.9892 1.4949 48.4470 -4.7091 -5.7761
Car -1 -1 -4.6487 533.2078 176.1870 559.9172 197.1295 1.3187 1.5279 3.8921 -4.2187 1.5493 48.0232 -4.7362 -5.7836
Car -1 -1 -5.8744 1241.0000 104.9315 1241.0000 374.0000 1.4703 1.5748 3.9851 6.2251 1.4138 2.6115 -4.7404 -5.8161
Car -1 -1 -4.6488 564.4099 174.8988 587.5272 192.9884 1.3545 1.5639 3.8978 -2.6582 1.5196 56.4300 -4.6960 -5.8867
Car -1 -1 -9.1566 0.0000 0.0000 1241.0000 374.0000 1.5320 1.5845 3.8004 3.5261 1.5306 1.0060 -7.9393 -5.8867
Car -1 -1 -5.9211 1241.0000 142.1479 1241.0000 374.0000 1.5032 1.6039 3.9571 7.7829 1.4802 2.5219 -4.6976 -5.8867
Car -1 -1 -9.2621 0.0000 0.0000 1241.0000 374.0000 1.5295 1.5824 3.7987 5.1345 1.5093 1.0057 -7.9391 -5.8867
Car -1 -1 -6.9179 0.0000 0.0000 1241.0000 374.0000 1.5325 1.5838 3.8003 -2.1014 1.5935 1.0069 -7.9392 -5.8867
Car -1 -1 -8.5544 987.8585 177.8727 1241.0000 294.2718 1.7126 1.7721 4.3030 8.9635 1.8185 13.0442 -7.9637 -5.9845
Car -1 -1 -4.5494 606.3403 170.1741 636.4432 192.5547 1.8563 1.8665 4.6894 1.0044 1.6337 62.3179 -4.5337 -6.0275
Car -1 -1 -5.6587 0.0000 173.7913 17.2612 233.9598 1.5209 1.6741 3.5769 -18.4715 1.5471 19.3358 -6.4144 -6.0579
Car -1 -1 -8.1209 676.1168 168.4197 706.5991 187.3328 1.7992 1.8257 4.5976 7.9477 1.3770 71.0511 -8.0103 -6.5352
