Car -1 -1 -7.8515 570.2198 172.0561 613.4590 213.4476 1.5603 1.6307 4.4329 -0.7844 1.5299 29.4352 -7.8785 5.3242
Car -1 -1 -4.2066 168.1569 175.6505 240.5300 204.7740 1.4473 1.6311 3.9316 -21.4184 1.6027 38.2031 -4.7148 4.8559
Car -1 -1 -3.6729 680.8768 172.5430 738.7918 193.7574 1.5697 1.6771 4.0829 7.5746 1.5464 54.9476 -3.5370 -1.7081
Car -1 -1 -7.5648 296.8387 167.5873 325.2672 184.3902 1.5968 1.6290 3.5037 -29.1498 1.0960 70.3964 -7.9562 -2.5637
Car -1 -1 -7.6141 358.6468 176.1140 385.1338 192.1578 1.5052 1.6192 3.7019 -23.2095 1.8316 70.3792 -7.9318 -2.8226
Car -1 -1 -2.2237 66.9372 175.1102 146.6503 204.4797 1.4040 1.4966 3.4093 -25.0792 1.5199 35.9180 -2.8299 -3.4510
Car -1 -1 -4.3948 531.1934 174.6989 567.8965 196.3436 1.6010 1.7512 3.7225 -4.6563 1.7483 55.7261 -4.4782 -3.6822
Car -1 -1 -7.8320 413.0490 176.8773 431.1498 192.5246 1.4603 1.6270 3.5719 -18.2902 1.8625 70.2530 -8.0860 -3.7551
Car -1 -1 -5.2320 605.7920 169.7787 649.0526 189.3925 1.6117 1.7311 4.4010 1.4182 1.3587 61.6372 -5.2094 -3.8049
Car -1 -1 -4.8206 446.8212 173.5629 471.8178 191.3064 1.5554 1.7555 4.4831 -13.8048 1.6221 65.8450 -5.0268 -3.9774
Car -1 -1 -7.2920 48.3556 172.9247 178.4328 225.3429 1.6145 1.6235 4.1643 -16.6073 1.6168 24.3366 -7.8859 -4.1658
Car -1 -1 -7.0425 715.6705 169.9573 778.0338 197.5103 1.5896 1.6109 3.5407 8.1827 1.4222 43.2658 -6.8572 -4.2058
Car -1 -1 -3.8498 639.1202 169.6756 689.5712 189.5968 1.5534 1.6125 3.9534 4.3665 1.3053 58.0851 -3.7754 -4.4185
Car -1 -1 -6.1948 684.8096 173.1718 785.7982 211.4704 1.6223 1.7165 4.2768 5.5279 1.6367 31.9617 -6.0257 -4.4568
Car -1 -1 -4.3386 37.3437 169.3187 97.5711 197.3695 1.6773 1.7371 3.8096 -33.9445 1.4656 45.2122 -4.9799 -4.5286
Car -1 -1 -4.6136 664.2670 171.1846 688.9682 190.5339 1.5730 1.6715 4.2312 5.6298 1.4369 60.8911 -4.5222 -4.6806
Car -1 -1 -4.9966 475.9995 172.9790 510.3979 189.9538 1.4319 1.7631 4.5807 -10.3184 1.4430 63.3481 -5.1577 -4.6853
Car -1 -1 -4.0884 423.5240 176.5224 457.8781 191.6851 1.4346 1.5279 3.5200 -16.6733 1.8056 71.1154 -4.3181 -4.7638
Car -1 -1 -4.7869 261.5506 171.2105 282.2911 187.9193 1.5250 1.5029 3.5910 -31.8011 1.3747 67.7897 -5.2242 -4.8878
Car -1 -1 -7.9432 567.8648 170.7314 615.6596 207.9036 1.6465 1.8891 4.0375 -0.9654 1.5522 34.0759 -7.9718 -5.0608
Car -1 -1 -4.5279 245.4103 176.2140 287.5614 202.9662 1.4485 1.5545 3.5593 -19.7240 1.6503 41.4699 -4.9696 -5.1293
Car -1 -1 -4.6522 637.7145 171.4941 659.4518 190.5262 1.5810 1.6384 3.8656 3.3160 1.4677 61.9518 -4.5993 -5.1610
Car -1 -1 -4.8147 550.0806 173.8271 577.1228 195.8950 1.5615 1.5914 3.9594 -3.4926 1.6359 53.3230 -4.8802 -5.2620
Car -1 -1 -2.1878 0.0000 185.4509 32.9816 351.8930 1.4634 1.6371 4.2591 -8.7665 1.6134 7.5544 -3.0297 -5.3749
Car -1 -1 -4.7297 315.8120 173.5407 340.3482 192.6041 1.5304 1.8393 4.6621 -23.7373 1.5901 60.6095 -5.1017 -5.3838
Car -1 -1 -5.2236 164.4237 175.3450 231.2819 200.5506 1.4602 1.8451 3.9493 -25.1595 1.6179 43.9658 -5.7410 -5.4126
Car -1 -1 -2.3219 0.0000 183.9257 25.0296 329.3161 1.6340 1.6704 4.1956 -10.2103 1.7863 9.0929 -3.1504 -5.4540
Car -1 -1 -4.5867 520.9790 175.4476 541.6219 191.2771 1.4563 1.5043 3.7329 -7.5061 1.7104 68.8770 -4.6951 -5.5036
Car -1 -1 -5.0638 369.7883 173.4272 403.6371 190.8269 1.5843 1.7636 4.0390 -21.0827 1.6397 67.9792 -5.3636 -5.5104
Car -1 -1 -2.2320 0.0000 186.9875 53.8151 374.0000 1.4023 1.5869 4.2111 -6.2246 1.5054 4.4626 -3.1521 -5.6858
Car -1 -1 -5.9671 1241.0000 57.8472 1241.0000 374.0000 1.4664 1.6156 4.2193 5.7972 1.3288 3.0937 -4.9253 -5.7450
Car -1 -1 -4.6262 79.8644 176.3949 110.2133 195.2222 1.4449 1.6498 4.0365 -41.6210 1.7415 58.3437 -5.2439 -5.8867
Car -1 -1 -4.6460 105.0519 176.4151 132.5683 194.4759 1.4554 1.6575 4.0444 -41.6204 1.7677 61.1628 -5.2416 -5.8867
Car -1 -1 -3.4242 0.0000 191.6773 0.0000 374.0000 1.4911 1.6003 3.9535 -7.8864 1.5983 2.1325 -4.6977 -5.8867
Car -1 -1 -3.8056 0.0000 184.5331 195.1348 374.0000 1.4972 1.6034 3.9583 -3.4729 1.5700 2.5248 -4.6976 -5.8867
Car -1 -1 -9.1920 0.0000 0.0000 1241.0000 374.0000 1.5284 1.5860 3.8013 3.9152 1.5088 0.9970 -7.9398 -5.8867
Car -1 -1 -7.2120 156.8995 0.0000 1241.0000 374.0000 1.4751 1.5917 3.8389 -1.2831 1.4871 1.3745 -7.8745 -5.8867
Car -1 -1 -3.4363 0.0000 0.0000 1241.0000 374.0000 1.5159 1.6050 3.9600 -6.2759 1.6706 1.7263 -4.6971 -5.8867
Car -1 -1 -5.5148 0.0000 0.0000 1206.0519 374.0000 1.4985 1.6035 3.9585 2.1547 1.5076 1.7195 -4.6976 -5.8867
Car -1 -1 -1.9964 0.0000 161.7478 40.3785 199.5363 1.8925 1.6506 3.7677 -31.7959 1.3360 37.6944 -2.6937 -6.0437
Car -1 -1 -5.6030 0.0000 182.9216 6.4419 273.8713 1.4215 1.7475 4.1372 -13.5281 1.6136 12.6583 -6.4110 -6.4042
Car -1 -1 -7.7766 235.4465 170.0612 265.3715 191.3379 1.7594 1.9311 4.9367 -31.0256 1.5282 62.3164 -8.2370 -7.4186
Car -1 -1 -3.1431 70.7587 171.7369 167.6837 200.6069 1.4462 1.9602 4.1449 -25.8863 1.3900 38.1186 -3.7366 -7.9453
