Car -1 -1 -7.8754 583.3842 173.4848 638.2435 228.0528 1.6242 1.6390 4.4940 -0.0814 1.6467 23.7958 -7.8796 6.1606
Car -1 -1 -4.2151 170.6998 175.1870 241.3325 204.0732 1.4169 1.5709 3.8250 -21.0094 1.5444 37.6218 -4.7216 4.5354
Car -1 -1 -7.4317 242.1444 171.6978 298.2112 197.5205 1.5495 1.6598 4.0676 -21.3092 1.4798 45.3410 -7.8690 3.7994
Car -1 -1 -7.5772 292.7670 171.3429 329.7592 193.8958 1.5910 1.6213 3.4142 -21.7984 1.4841 52.6878 -7.9679 1.5952
Car -1 -1 -4.6466 1027.9971 166.3729 1070.3723 198.2229 1.6254 1.6981 4.2882 23.7779 1.2943 39.0663 -4.1035 -0.3011
Car -1 -1 -7.8080 912.3157 170.8099 934.0707 187.5301 1.4170 1.5862 3.7350 27.4187 1.2435 63.1755 -7.4005 -0.8824
Car -1 -1 -3.5804 686.8212 174.1126 736.5842 192.4529 1.5647 1.6753 3.9767 8.8683 1.6769 63.1361 -3.4419 -1.5825
Car -1 -1 -4.7361 421.2307 175.2462 439.1736 190.5627 1.4574 1.6309 3.7591 -17.8105 1.7003 71.3199 -4.9802 -2.3303
Car -1 -1 -5.0073 1027.3342 169.1421 1063.4548 187.4733 1.5397 1.6218 3.8604 37.7426 1.2276 62.6726 -4.4675 -2.4072
Car -1 -1 -6.5651 930.3260 179.5030 1043.1475 215.8216 1.4760 1.6416 3.9846 16.0202 1.7718 30.9426 -6.0917 -2.6457
Car -1 -1 -3.0314 975.8748 167.6185 1045.3966 188.8905 1.5013 1.6523 4.2985 29.2802 1.1315 52.8357 -2.5279 -2.8484
Car -1 -1 -3.6887 943.1472 175.3582 1016.5239 201.6573 1.6103 1.7155 3.7646 23.1859 1.7710 45.3725 -3.2193 -3.2017
Car -1 -1 -4.5359 275.2054 166.9958 306.3702 189.6311 1.6775 1.5955 3.4881 -24.4776 1.2431 55.3562 -4.9507 -3.2212
Car -1 -1 -4.6586 1053.9690 171.3424 1083.6812 193.2337 1.5165 1.6123 3.9245 33.0928 1.4115 52.0520 -4.0951 -3.3344
Car -1 -1 -8.2770 722.9681 171.8334 768.1252 195.1016 1.6204 1.6688 4.1247 9.7666 1.5490 52.4501 -8.0942 -3.6195
Car -1 -1 -5.0316 726.5454 173.5436 760.8155 194.7445 1.6789 1.5206 4.2155 10.9458 1.7375 59.4732 -4.8508 -3.7001
Car -1 -1 -8.1727 537.0217 175.5150 576.0984 199.4859 1.6660 1.7151 3.8724 -3.9752 1.8680 52.7341 -8.2480 -3.9381
Car -1 -1 -7.4103 212.5791 172.4964 274.4358 200.9547 1.5379 1.6017 3.9066 -20.7593 1.5183 40.9634 -7.8769 -3.9792
Car -1 -1 -4.8836 940.3815 177.8507 976.7738 203.4623 1.5879 1.5817 3.3694 22.7650 1.9278 47.2870 -4.4378 -3.9862
Car -1 -1 -7.6376 432.0721 173.8865 457.6916 189.8590 1.5358 1.6682 3.9556 -16.3721 1.6408 71.6168 -7.8618 -3.9862
Car -1 -1 -7.6189 339.9215 176.0585 367.0904 192.2371 1.5181 1.6767 3.7176 -25.0118 1.8391 70.4088 -7.9593 -4.1391
Car -1 -1 -4.7862 517.8997 171.8818 546.8835 195.8177 1.6464 1.7611 4.1668 -5.6440 1.5792 51.8371 -4.8944 -4.4551
Car -1 -1 -4.1918 315.0419 167.9848 359.4402 188.2687 1.7356 1.7361 4.3774 -24.1693 1.3187 64.0394 -4.5515 -4.4919
Car -1 -1 -7.9367 644.9383 172.9002 666.0147 190.4552 1.6562 1.6992 4.1730 4.3742 1.6605 70.1879 -7.8751 -4.5141
Car -1 -1 -6.6202 739.2881 177.1637 839.1182 220.1553 1.5079 1.5519 3.2129 6.4750 1.6710 26.4266 -6.3831 -4.7038
Car -1 -1 -4.7189 979.2429 171.7905 999.4507 189.1443 1.4989 1.5534 3.7391 33.7789 1.4068 64.3414 -4.2376 -4.7119
Car -1 -1 -7.6939 494.1804 169.8366 525.2958 194.1475 1.7408 1.6961 3.8645 -7.4385 1.5244 53.6168 -7.8314 -4.9039
Car -1 -1 -4.2086 615.2115 172.5959 655.3533 189.8143 1.5490 1.8006 4.4895 2.3778 1.5254 67.2977 -4.1738 -4.9623
Car -1 -1 -4.5843 671.6758 175.2473 695.0738 191.8900 1.5376 1.7506 3.9734 7.0669 1.7746 69.4104 -4.4836 -5.2003
Car -1 -1 -4.6170 289.4040 171.7247 320.7427 197.5378 1.6865 1.6297 3.5360 -20.7289 1.6124 49.0731 -5.0149 -5.4793
Car -1 -1 -4.5434 332.2108 172.2592 365.9420 197.7876 1.7068 1.5505 4.0551 -18.1976 1.6667 50.3731 -4.8886 -5.6924
Car -1 -1 -4.8500 568.4349 173.4847 595.3995 195.0346 1.6566 1.5850 4.2423 -2.3138 1.7088 57.8253 -4.8902 -5.7163
Car -1 -1 -4.5987 1079.4609 169.5902 1109.2772 187.1355 1.4360 1.6537 4.1052 41.0514 1.1686 61.1571 -4.0099 -5.8867
Car -1 -1 -4.7390 1106.3135 170.6111 1132.6475 188.9813 1.4440 1.6332 3.9939 41.4785 1.2674 58.8347 -4.1275 -5.8867
Car -1 -1 -3.1634 632.2806 172.8168 703.5139 201.4972 1.5223 1.6799 3.7801 3.0842 1.5200 39.2412 -3.0860 -5.9911
Car -1 -1 -5.5386 0.0000 188.0974 5.4137 374.0000 1.5613 1.8191 3.9584 -8.3359 1.7236 6.5143 -6.4258 -6.1230
Car -1 -1 -3.6154 863.0914 162.0963 937.8295 195.4654 2.0437 1.6623 4.0304 18.1322 1.3846 45.2102 -3.2366 -6.5758
