Car -1 -1 -7.8486 571.6019 175.1094 620.1434 222.0606 1.5680 1.6361 4.4268 -0.5589 1.6577 26.5377 -7.8702 5.4328
Car -1 -1 -7.3349 118.8604 160.8652 193.1973 204.5081 2.5537 1.7954 4.6760 -27.9679 1.8519 44.5906 -7.8926 4.2361
Car -1 -1 -7.3987 210.4845 178.9978 270.5823 204.2538 1.4065 1.5740 4.0544 -22.0780 1.7915 43.2124 -7.8688 3.7193
Car -1 -1 -4.3102 247.0241 176.5834 299.4410 203.0915 1.6822 1.6464 4.2803 -22.6197 1.9441 48.5625 -4.7442 0.7085
Car -1 -1 -4.1048 141.6949 177.5652 210.5887 207.2871 1.5883 1.6328 3.5109 -24.5727 1.8671 40.9388 -4.6427 -1.0972
Car -1 -1 -4.8571 700.9383 173.7624 734.5529 199.2921 1.6821 1.7106 4.0528 7.3442 1.7469 49.7106 -4.7118 -2.2549
Car -1 -1 -4.6545 605.9922 172.7201 628.4218 191.8242 1.6099 1.7139 4.3522 0.6388 1.5983 63.0310 -4.6447 -2.3740
Car -1 -1 -4.6358 703.5793 176.1236 736.3005 204.1280 1.5755 1.6367 4.1507 6.6055 1.7814 43.3129 -4.4860 -2.6055
Car -1 -1 -4.5306 32.0814 178.1761 71.0184 199.4307 1.4492 1.6035 3.5412 -40.3090 1.8476 52.1091 -5.1866 -2.8664
Car -1 -1 -4.7841 734.0775 177.8917 759.2969 199.9834 1.4928 1.4907 3.8338 9.7197 1.8671 51.6531 -4.5995 -3.0766
Car -1 -1 -7.4161 151.9281 164.7643 218.5701 202.9636 2.2427 1.8200 4.4765 -26.2263 1.7675 44.6734 -7.9446 -3.2337
Car -1 -1 -4.5604 55.5138 181.1995 88.8034 201.5096 1.4460 1.5370 3.2877 -40.7408 2.0990 54.6730 -5.1986 -3.3979
Car -1 -1 -4.2123 614.4380 173.4160 654.5179 191.3553 1.4925 1.6946 4.1254 2.1293 1.5425 62.3755 -4.1787 -3.6777
Car -1 -1 -4.3029 48.2622 179.4781 96.0280 200.9792 1.4725 1.5870 3.3045 -38.9601 1.9688 52.3042 -4.9408 -3.8914
Car -1 -1 -4.8698 493.1866 175.2025 519.6024 195.5544 1.6373 1.6094 3.8422 -8.7558 1.8410 60.5991 -5.0131 -3.9584
Car -1 -1 -5.1841 648.9394 170.8133 711.7964 204.5008 1.6322 1.5850 3.9396 3.5099 1.5330 37.0822 -5.0909 -4.2164
Car -1 -1 -4.5035 403.2152 174.7168 433.8669 198.0694 1.8476 1.6336 4.0663 -15.7671 2.0063 59.4889 -4.7618 -4.2362
Car -1 -1 -4.4300 509.6609 175.9633 540.5826 196.2972 1.6419 1.6630 3.5475 -7.1341 1.9115 60.7268 -4.5468 -4.4177
Car -1 -1 -7.9134 979.7941 152.8092 1031.6178 192.5656 1.6160 1.7194 4.0193 17.1614 0.8009 31.5138 -7.4187 -4.4796
Car -1 -1 -5.9699 0.0000 182.4508 104.9442 234.4462 1.4549 1.5920 3.4138 -17.7285 1.7655 22.0303 -6.6418 -4.5590
Car -1 -1 -4.8354 264.5766 176.7791 303.5905 202.9885 1.4874 1.6485 4.2999 -19.8988 1.7382 43.8908 -5.2591 -4.5825
Car -1 -1 -4.5719 4.4920 176.9641 46.3562 201.8484 1.6662 1.8050 3.6013 -41.2796 1.9678 50.9848 -5.2501 -4.6787
Car -1 -1 -7.1984 295.7341 168.9236 343.0893 189.1943 1.8608 1.9256 4.3425 -27.5820 1.4997 68.5854 -7.5796 -4.7390
Car -1 -1 -4.0588 333.7140 178.0287 375.1167 195.2888 1.4617 1.5252 3.7283 -22.7614 1.9371 64.3174 -4.3979 -4.7578
Car -1 -1 -5.2339 555.4042 178.2105 598.2331 199.6907 1.5521 1.5745 3.8176 -2.6012 1.9765 55.1812 -5.2812 -4.7885
Car -1 -1 -3.8126 649.5765 172.0187 718.4013 198.6844 1.5895 1.6474 4.1249 4.5808 1.5394 44.8158 -3.7119 -4.8138
Car -1 -1 -5.0362 415.3169 179.7659 446.0593 195.5708 1.4641 1.7162 4.1010 -17.6765 2.1644 70.9446 -5.2798 -4.8626
Car -1 -1 -3.9460 433.2422 178.4371 477.0531 194.4058 1.4876 1.7428 4.2748 -15.2329 2.0549 71.0827 -4.1567 -4.9258
Car -1 -1 -4.9276 610.8499 175.3833 634.8943 191.6386 1.4724 1.5304 3.5579 1.1630 1.7166 67.8420 -4.9109 -5.1234
Car -1 -1 -4.5043 272.6621 176.6603 314.7385 203.1030 1.6734 1.7724 4.1122 -21.2234 1.9405 48.4861 -4.9152 -5.1595
Car -1 -1 -4.1460 584.7902 174.2927 634.1213 195.7526 1.6203 1.6941 4.6285 -0.0191 1.7389 57.2103 -4.1467 -5.2098
Car -1 -1 -4.8774 525.2676 176.0800 558.5833 196.0188 1.3309 1.6413 4.4497 -4.9144 1.5705 51.2879 -4.9728 -5.2302
Car -1 -1 -4.4421 556.0972 176.8577 605.1987 207.2793 1.5657 1.7076 3.9846 -1.5987 1.7982 39.8304 -4.4825 -5.2462
Car -1 -1 -4.5049 552.8478 180.3533 577.5191 196.8455 1.4661 1.6168 3.5491 -4.1990 2.1891 67.7194 -4.5670 -5.3213
Car -1 -1 -2.5963 633.9593 170.0583 702.2943 194.7571 1.8452 1.8600 5.0670 4.4604 1.6361 56.1400 -2.5178 -5.3397
Car -1 -1 -4.7244 517.5290 176.1750 544.0798 200.4696 1.3915 1.5366 4.0816 -4.8942 1.6036 44.0265 -4.8349 -5.3724
Car -1 -1 -7.8919 573.1418 176.8839 618.5325 216.9285 1.5931 1.7903 4.3652 -0.7259 1.7806 31.3879 -7.9155 -5.5195
Car -1 -1 -6.6459 1029.1339 135.7569 1151.4529 177.1373 1.6144 1.7666 3.7658 19.4296 0.1668 29.4165 -6.0666 -5.5579
Car -1 -1 -4.6575 556.8753 176.8112 580.7805 196.0457 1.3339 1.5374 3.8879 -3.0097 1.6338 52.7846 -4.7145 -5.7289
Car -1 -1 -4.6197 544.4406 178.7207 576.1487 203.6723 1.4189 1.5709 3.9458 -3.0207 1.7922 43.9591 -4.6884 -5.7677
Car -1 -1 -6.0539 1127.9150 12.4731 1241.0000 374.0000 1.4808 1.6792 4.5503 4.9462 1.3663 2.9385 -5.0623 -5.8333
Car -1 -1 -4.6028 471.2977 175.1623 496.2260 193.5303 1.4709 1.6120 4.1561 -10.5631 1.6708 60.4407 -4.7753 -5.8744
Car -1 -1 -4.6742 122.3942 176.3615 147.0845 193.7403 1.4487 1.6471 4.0247 -41.5909 1.7659 63.1630 -5.2547 -5.8867
Car -1 -1 -8.9995 0.0000 0.0000 1241.0000 374.0000 1.5351 1.5894 3.8034 2.3074 1.5467 0.9963 -7.9398 -5.8867
Car -1 -1 -6.9172 0.0000 0.0000 1241.0000 374.0000 1.5417 1.5879 3.8033 -2.1016 1.6233 1.0051 -7.9392 -5.8867
Car -1 -1 -3.5142 0.0000 190.6663 0.0000 374.0000 1.4928 1.6020 3.9530 -7.8868 1.6140 2.9349 -4.6977 -5.8867
Car -1 -1 -6.7027 0.0000 0.0000 1241.0000 374.0000 1.5438 1.5865 3.8027 -3.7087 1.6539 1.0050 -7.9390 -5.8867
Car -1 -1 -9.0455 0.0000 0.0000 1241.0000 374.0000 1.4876 1.5966 3.8428 3.9412 1.4735 1.3696 -7.8743 -5.8867
Car -1 -1 -3.5480 0.0000 188.5653 0.0000 374.0000 1.4936 1.6020 3.9540 -6.2776 1.5917 2.5317 -4.6975 -5.8867
Car -1 -1 -4.7830 582.6212 177.9962 620.4795 207.6029 1.4323 1.6895 3.9121 -0.5291 1.7146 37.6288 -4.7975 -6.0219
Car -1 -1 -4.1728 0.0000 179.5267 1.6461 230.4983 1.4335 1.7545 4.9453 -22.4475 1.6753 23.5773 -4.9281 -6.0250
Car -1 -1 -4.6083 355.9843 175.7623 382.5856 195.0250 1.4624 1.5843 4.2260 -19.2306 1.7036 57.6859 -4.9290 -6.1167
Car -1 -1 -5.1245 431.6323 174.7983 470.9955 193.5963 1.6876 1.9534 4.5292 -14.9402 1.8762 67.6819 -5.3412 -6.2985
Car -1 -1 -8.0263 641.6154 177.2575 664.1339 190.5766 1.2666 1.6625 3.4237 4.2109 1.7142 71.5968 -7.9681 -6.5642
Car -1 -1 -5.3063 0.0000 201.5804 1.9802 343.0038 1.4535 1.7614 4.0755 -10.3127 1.8594 9.0443 -6.1424 -6.5689
Car -1 -1 -8.0653 388.6088 174.8680 419.8898 198.9694 1.9369 1.6094 4.5677 -17.3921 2.1129 60.7792 -8.3432 -7.1620
