Car -1 -1 -7.8556 571.3901 171.7632 618.3647 219.7400 1.6450 1.6116 4.4833 -0.6214 1.6073 27.0005 -7.8790 5.7743
Car -1 -1 -7.3389 157.3502 157.2134 226.8136 200.3504 2.7642 1.8414 4.9681 -28.1345 1.7616 48.7252 -7.8604 3.2296
Car -1 -1 -7.4490 243.9847 174.8898 293.8836 197.6991 1.4221 1.5767 3.8088 -22.3065 1.5606 47.2611 -7.8880 1.3269
Car -1 -1 -4.3446 272.9695 172.9794 319.5850 196.7780 1.6626 1.7035 4.2289 -22.8217 1.6719 52.5786 -4.7525 -0.6120
Car -1 -1 -5.1792 706.1246 171.5390 749.9687 195.7549 1.8064 1.6481 4.1780 9.0917 1.7080 56.0652 -5.0197 -1.0340
Car -1 -1 -7.3745 215.8281 170.3350 268.0189 196.1466 1.6766 1.6415 3.6352 -24.8075 1.5127 48.6946 -7.8437 -2.0727
Car -1 -1 -4.6874 600.2180 174.6121 618.7100 191.9732 1.5475 1.6162 3.8464 -0.0466 1.7144 66.6524 -4.6885 -2.1737
Car -1 -1 -4.5951 54.0948 178.4636 87.8710 200.3437 1.5811 1.6397 3.7185 -41.2154 2.0257 55.1969 -5.2343 -2.7966
Car -1 -1 -6.4541 236.1565 175.0695 312.9747 203.5509 1.5922 1.6774 3.8669 -19.7267 1.7275 42.4020 -6.8874 -3.5614
Car -1 -1 -4.5137 670.7253 174.6143 698.3789 192.4029 1.4589 1.6267 3.8543 6.3782 1.6142 61.6702 -4.4114 -3.6087
Car -1 -1 -4.2459 608.7364 174.1468 642.7843 190.6319 1.4710 1.6250 3.7810 1.4672 1.5940 66.7581 -4.2244 -3.6225
Car -1 -1 -4.4337 404.4233 172.1922 434.7345 191.4733 1.6646 1.6559 3.6820 -16.9152 1.6072 64.1527 -4.6908 -3.6820
Car -1 -1 -7.5331 196.1362 163.7236 249.1421 198.2340 2.2480 1.8700 4.4782 -26.4476 1.6530 49.3661 -8.0228 -3.6918
Car -1 -1 -2.9972 632.2443 168.7955 703.6086 195.7561 1.6693 1.7105 4.3347 3.6755 1.4177 45.9888 -2.9183 -3.8312
Car -1 -1 -4.3213 67.5031 180.0435 116.7701 201.1124 1.5180 1.7210 3.8879 -39.7900 2.0915 55.4992 -4.9412 -3.9308
Car -1 -1 -3.9818 309.1566 175.9855 362.1169 196.6130 1.5223 1.6130 3.9586 -21.2785 1.7745 56.0362 -4.3434 -3.9884
Car -1 -1 -4.2614 219.1622 169.7951 256.9922 188.2644 1.7496 1.6782 4.0549 -36.2516 1.4595 70.3957 -4.7356 -4.0278
Car -1 -1 -4.6205 651.0125 173.6107 677.1580 193.0469 1.5781 1.8365 4.1153 4.5767 1.6440 60.9358 -4.5462 -4.1709
Car -1 -1 -7.6607 276.7284 173.7850 314.6857 195.3564 1.3725 1.6335 3.6957 -20.9141 1.4367 48.0577 -8.0694 -4.2562
Car -1 -1 -4.9176 726.5638 172.5617 774.0850 202.8440 1.5467 1.6588 4.3120 7.4805 1.5315 39.0237 -4.7301 -4.2925
Car -1 -1 -5.5862 107.8879 171.6357 189.3796 197.2671 1.6716 1.7130 4.5531 -30.8230 1.5919 48.2022 -6.1528 -4.3258
Car -1 -1 -4.8626 690.6171 170.1543 726.0179 197.5013 1.5866 1.5737 3.7251 5.8788 1.4296 43.7367 -4.7302 -4.3660
Car -1 -1 -4.6488 627.5646 173.6380 647.7980 190.6859 1.4975 1.6047 3.7472 2.5159 1.5705 65.5063 -4.6109 -4.6410
Car -1 -1 -4.8631 508.2642 173.1630 541.1599 196.5741 1.6226 1.6889 4.6744 -6.2882 1.6459 52.5529 -4.9820 -4.7174
Car -1 -1 -5.0773 556.2959 174.6030 592.6819 195.2560 1.6123 1.6094 4.0820 -2.9635 1.7600 58.8906 -5.1278 -4.7426
Car -1 -1 -7.8728 0.0000 180.6503 60.5990 233.4258 1.5302 1.5117 3.9643 -19.0133 1.8057 23.5214 -8.5472 -4.7482
Car -1 -1 -2.8991 690.4663 167.1067 740.5403 185.0631 1.7087 1.7646 4.5394 10.2634 1.1615 70.3323 -2.7551 -4.7795
Car -1 -1 -4.7663 596.1365 171.3626 627.0239 199.9037 1.7287 1.7306 4.1099 0.0232 1.6380 45.8002 -4.7662 -4.8132
Car -1 -1 -7.3693 244.8148 168.3160 286.7750 187.6258 1.8209 1.8254 4.4458 -33.4914 1.3927 70.2988 -7.8126 -4.8911
Car -1 -1 -5.0157 604.9879 172.7387 641.3912 192.7828 1.5064 1.7001 4.0699 0.9604 1.4974 56.4179 -4.9991 -4.9187
Car -1 -1 -4.5525 243.5866 172.4043 288.3957 198.8091 1.5373 1.7772 4.5713 -21.1525 1.5108 44.4516 -4.9945 -4.9317
Car -1 -1 -4.9117 634.8721 174.3997 662.4224 192.2023 1.4857 1.6346 3.9313 3.2962 1.6240 62.6369 -4.8597 -4.9464
Car -1 -1 -4.6433 638.4473 173.6988 657.1531 190.1765 1.5602 1.5760 3.7036 3.6942 1.6446 70.4492 -4.5915 -4.9541
Car -1 -1 -2.4212 0.0000 182.1478 30.6874 334.9811 1.6841 1.6958 3.9894 -10.1203 1.8148 9.1247 -3.2436 -5.3986
Car -1 -1 -7.7731 493.6333 169.6451 521.5120 195.2620 1.9142 1.7726 4.8249 -7.9832 1.6741 56.3764 -7.9135 -5.5383
Car -1 -1 -5.3986 52.3808 169.8781 125.3554 194.9740 1.5825 1.6390 4.0650 -33.8339 1.3946 46.8172 -6.0218 -5.6288
Car -1 -1 -2.1541 0.0000 189.9493 13.8211 374.0000 1.3989 1.5665 4.0556 -6.0428 1.5148 4.0473 -3.1038 -5.7170
Car -1 -1 -2.6985 450.7957 170.2221 508.9411 194.9496 1.8402 1.5835 4.0763 -9.9374 1.6440 54.9926 -2.8768 -5.8122
Car -1 -1 -4.6045 28.0781 181.6544 63.9704 203.1766 1.4662 1.6369 4.1580 -41.5191 2.1409 53.1505 -5.2654 -5.8385
Car -1 -1 -7.7692 569.1274 171.8900 618.0918 211.3722 1.6628 1.8531 4.3180 -0.7117 1.6219 32.6006 -7.7914 -5.8803
Car -1 -1 -9.1567 0.0000 0.0000 1241.0000 374.0000 1.5257 1.5827 3.7981 3.5259 1.5098 1.0059 -7.9393 -5.8867
Car -1 -1 -9.2812 0.0000 0.0000 1241.0000 374.0000 1.5160 1.5823 3.7961 5.5228 1.4515 0.9967 -7.9398 -5.8867
Car -1 -1 -7.1872 0.0000 175.2272 0.0000 374.0000 1.4486 1.6193 3.9345 -8.5099 1.4759 6.2945 -8.1006 -5.9439
Car -1 -1 -3.2229 571.4944 173.8676 629.4410 195.1095 1.5792 1.6310 4.2762 -0.7765 1.6572 54.7548 -3.2374 -5.9903
Car -1 -1 -4.6993 110.2641 172.9996 139.0849 194.8204 1.4457 1.5961 3.6003 -33.4723 1.4558 49.7740 -5.2890 -6.3569
Car -1 -1 -8.4828 673.8839 169.2719 716.7941 188.9062 1.8414 1.6884 4.7088 8.2272 1.5052 70.1361 -8.3669 -6.5551
Car -1 -1 -5.8815 0.0000 172.6679 80.8391 202.4319 1.5839 1.7293 3.2629 -31.3950 1.5737 39.6580 -6.5480 -6.5951
