Car -1 -1 -7.8749 583.1071 172.7948 639.4549 227.0508 1.5989 1.6627 4.4300 -0.0647 1.5968 23.4974 -7.8784 6.1051
Car -1 -1 -7.4275 199.0581 169.4469 264.0032 201.1058 1.6900 1.7149 4.0232 -21.2254 1.5078 40.5704 -7.9070 5.2997
Car -1 -1 -4.1281 103.3391 174.1357 194.4920 208.2860 1.4591 1.7101 3.7383 -20.9214 1.5205 32.8564 -4.6916 3.2928
Car -1 -1 -7.4014 261.4390 171.6472 310.7262 195.6026 1.5278 1.5695 3.5797 -21.4465 1.4506 47.8336 -7.8210 3.1774
Car -1 -1 -7.9070 316.5588 169.7038 336.7484 186.3608 1.5442 1.6045 3.6303 -27.0861 1.2519 68.8763 -8.2806 0.7436
Car -1 -1 -6.3332 509.8777 176.8612 576.1365 204.2823 1.8356 1.7421 4.4722 -4.6830 2.1186 49.8276 -6.4269 -2.5058
Car -1 -1 -4.5918 1005.4431 177.8523 1039.9210 201.9370 1.5163 1.5777 3.6986 27.5554 1.8634 48.1928 -4.0754 -2.7850
Car -1 -1 -4.3457 238.3831 170.2428 289.9607 198.0371 1.6239 1.6135 3.7055 -21.0875 1.4710 44.0660 -4.7899 -2.8014
Car -1 -1 -7.5984 1094.0028 173.8674 1142.3088 197.8986 1.5041 1.6136 4.1100 33.2817 1.5729 47.2703 -6.9882 -2.9316
Car -1 -1 -6.8362 654.7042 171.8355 715.7701 197.0636 1.4973 1.5657 3.4141 4.5830 1.4366 44.2724 -6.7342 -3.2011
Car -1 -1 -7.9638 614.8611 172.7730 639.8057 191.0433 1.4734 1.6557 3.8991 1.3885 1.4666 60.2027 -7.9412 -3.3152
Car -1 -1 -7.5136 629.6647 172.7982 663.2655 191.1193 1.4697 1.6073 3.8239 3.0385 1.4649 59.9541 -7.4636 -3.3351
Car -1 -1 -4.8053 649.5706 172.3224 672.9135 189.5904 1.5127 1.7295 4.0460 4.5793 1.4658 65.2511 -4.7359 -3.6151
Car -1 -1 -7.2484 351.9097 171.0280 389.0302 187.6140 1.5658 1.6079 3.6903 -23.2550 1.3931 70.1126 -7.5677 -3.6183
Car -1 -1 -3.5795 646.2446 173.3262 689.0422 190.6056 1.5947 1.7237 3.6398 5.4163 1.6399 68.1165 -3.5008 -3.6381
Car -1 -1 -4.2974 241.5242 165.7361 291.8250 193.0183 1.8466 1.6939 4.0902 -24.1806 1.3645 50.9045 -4.7391 -3.7228
Car -1 -1 -4.5704 1103.9011 165.6377 1138.1714 187.1212 1.6385 1.6823 3.9294 40.3890 1.0878 57.0357 -3.9569 -3.7830
Car -1 -1 -7.7680 515.4385 169.6428 538.5079 188.6613 1.7166 1.7547 4.6027 -7.7452 1.4264 67.4497 -7.8822 -3.8751
Car -1 -1 -4.6109 503.9839 170.6354 530.5389 191.0735 1.6026 1.7027 4.4857 -7.5475 1.4283 58.8422 -4.7382 -3.9334
Car -1 -1 -6.4702 518.8727 171.1435 576.1938 192.5438 1.6544 1.7189 4.2804 -4.9880 1.5219 57.1865 -6.5571 -3.9366
Car -1 -1 -4.6291 645.7054 170.7588 672.9448 194.3559 1.6882 1.6920 4.1446 3.6845 1.5380 53.7953 -4.5614 -3.9764
Car -1 -1 -7.9565 929.8549 160.8666 953.4910 179.5162 1.7591 1.6994 3.7705 32.1780 0.6281 70.1171 -7.5280 -3.9938
Car -1 -1 -7.9492 936.7641 166.5983 964.6505 186.9380 1.5890 1.6658 3.9121 27.5521 1.1000 58.4917 -7.5112 -4.0691
Car -1 -1 -4.6872 1033.9714 169.0618 1058.8044 189.1044 1.5245 1.5900 3.9982 34.4664 1.2358 56.9972 -4.1459 -4.0735
Car -1 -1 -7.6688 530.7159 174.3388 554.5389 189.9289 1.4840 1.6641 3.8076 -6.6212 1.6340 71.0312 -7.7617 -4.1957
Car -1 -1 -4.4797 181.7569 171.9862 238.9338 203.4292 1.4833 1.6081 4.0461 -20.0062 1.4420 36.2016 -4.9816 -4.3607
Car -1 -1 -8.0170 1007.5869 171.5180 1059.8008 204.1747 1.4745 1.5597 3.6604 20.1846 1.4139 34.5662 -7.4925 -4.3826
Car -1 -1 -5.0795 698.4639 170.1806 740.3858 195.2483 1.6524 1.6149 3.7017 7.4345 1.4759 49.5450 -4.9318 -4.4746
Car -1 -1 -7.4445 149.0694 173.2654 237.0503 213.2801 1.4557 1.5714 3.8427 -16.2683 1.4727 28.2859 -7.9626 -4.6582
Car -1 -1 -6.7782 744.9114 171.4575 786.3386 187.7159 1.5569 1.6016 3.6239 15.1514 1.4229 70.3716 -6.5672 -4.8019
Car -1 -1 -2.7170 266.3937 165.4155 324.8559 186.8998 1.7646 1.7629 4.1097 -26.2103 1.1534 60.1772 -3.1263 -4.9747
Car -1 -1 -5.1921 1073.8242 164.7408 1121.8353 184.2447 1.5044 1.6001 3.7820 38.8668 0.8783 57.6237 -4.6012 -5.2359
Car -1 -1 -4.7264 508.8309 173.5180 535.3856 197.8737 1.5063 1.6384 3.5857 -5.7379 1.5506 46.6148 -4.8485 -5.2596
Car -1 -1 -2.3352 117.6367 173.6190 198.8663 203.0624 1.5210 1.6099 3.6447 -24.1675 1.5629 38.5686 -2.8920 -5.3082
Car -1 -1 -4.8514 308.8474 173.1127 344.3922 198.5174 1.5928 1.6158 4.1676 -18.7218 1.6103 47.4956 -5.2253 -5.3433
Car -1 -1 -9.0750 684.3167 170.5975 748.4774 193.5195 1.8908 1.8281 5.0946 9.0311 1.7044 61.5334 -8.9303 -5.3916
Car -1 -1 -5.6375 96.4007 177.1443 189.4798 207.6581 1.4484 1.6328 3.5827 -22.9523 1.6646 35.4631 -6.2087 -5.4380
Car -1 -1 -2.6601 187.3324 169.2025 259.5330 197.5291 1.7797 1.6013 3.7578 -24.7177 1.5500 46.1490 -3.1496 -5.4695
Car -1 -1 -4.7839 213.1295 172.8044 254.4034 207.1595 1.5707 1.5061 3.8923 -18.3479 1.5681 35.0399 -5.2634 -5.5053
Car -1 -1 -4.5010 507.9073 169.8832 540.2856 193.9277 1.7581 1.6578 3.9119 -6.5091 1.5406 54.7838 -4.6190 -5.5172
Car -1 -1 -5.0506 629.7279 172.6210 662.9940 190.1442 1.5196 1.6483 4.2924 3.2042 1.4991 64.8636 -5.0018 -5.5984
Car -1 -1 -5.0888 1120.1777 173.6348 1179.5040 202.6177 1.7335 1.7791 3.5535 33.7086 1.7842 45.2072 -4.4516 -5.6004
Car -1 -1 -2.1465 0.0000 187.1805 12.7528 374.0000 1.4146 1.5678 4.0774 -6.0641 1.5123 4.0601 -3.0965 -5.6861
Car -1 -1 -4.9223 379.6084 171.8451 412.6907 190.8287 1.4611 1.7374 4.0149 -17.1623 1.3831 57.7110 -5.2103 -5.7966
Car -1 -1 -4.9359 625.1434 172.2396 658.1208 194.7042 1.6359 1.6294 4.0561 2.3264 1.5908 54.6846 -4.8940 -5.8406
Car -1 -1 -4.8306 1208.9865 169.7504 1241.0000 193.2719 1.5077 1.6536 4.0055 41.4701 1.3085 48.3748 -4.1252 -5.8867
Car -1 -1 -9.1922 0.0000 0.0000 1241.0000 374.0000 1.5263 1.5869 3.8009 3.9151 1.4987 0.9966 -7.9398 -5.8867
Car -1 -1 -4.8651 1241.0000 168.9795 1241.0000 193.6241 1.4834 1.6422 3.9949 41.4706 1.2499 45.5512 -4.1300 -5.8867
Car -1 -1 -3.4801 626.4079 170.7130 697.9136 199.6914 1.6151 1.6707 3.7614 2.9494 1.4954 41.5183 -3.4101 -5.8995
Car -1 -1 -4.9250 587.1839 174.4866 627.3322 199.3044 1.4717 1.6380 4.3229 -0.2607 1.5793 45.3766 -4.9312 -5.9257
Car -1 -1 -4.5773 573.6550 186.5479 602.3164 210.8891 1.5594 1.5246 3.6090 -1.5293 2.5476 50.2084 -4.6082 -5.9826
Car -1 -1 -4.9791 750.2190 171.5087 784.8118 193.2849 1.5782 1.6489 3.5420 11.7411 1.4804 54.1055 -4.7669 -6.0593
Car -1 -1 -8.5262 833.0664 0.0000 1241.0000 374.0000 1.5673 1.7413 4.2198 2.3131 1.4325 2.6750 -7.8662 -6.0825
Car -1 -1 -5.5193 0.0000 193.8600 0.0000 374.0000 1.4538 1.6341 3.7276 -8.5659 1.6791 6.7091 -6.4060 -6.3315
