Car -1 -1 -7.8737 581.4496 172.7833 636.4041 226.2683 1.5997 1.6459 4.4142 -0.1381 1.5973 23.8091 -7.8802 5.8750
Car -1 -1 -4.1713 0.0000 166.5051 92.9586 208.5851 1.9389 1.7405 4.3974 -27.7433 1.6461 35.5317 -4.8307 5.1462
Car -1 -1 -4.3573 301.4812 173.4415 343.9223 194.5248 1.5469 1.6370 4.2496 -21.9454 1.5933 55.2017 -4.7343 1.2263
Car -1 -1 -7.6132 339.5137 173.4313 369.1617 192.0292 1.5605 1.5943 3.6589 -22.1512 1.6117 62.5581 -7.9524 0.6968
Car -1 -1 -8.0132 711.3531 173.3436 737.0962 192.3398 1.5366 1.5534 3.6720 9.4880 1.5785 60.3004 -7.8582 -0.2343
Car -1 -1 -7.6234 569.9094 173.3676 598.1633 191.2340 1.4666 1.5803 3.7831 -2.1991 1.5114 61.3541 -7.6594 -2.0570
Car -1 -1 -4.5793 674.9519 173.5758 701.5513 193.2925 1.5549 1.6354 4.2050 6.4397 1.6162 59.3043 -4.4721 -2.8838
Car -1 -1 -3.8697 0.0000 176.3864 18.3516 226.4264 1.4973 1.6241 3.5169 -21.8208 1.6219 23.6823 -4.6086 -3.0459
Car -1 -1 -7.9612 360.4267 172.9398 384.1312 190.3644 1.6398 1.7437 4.2716 -23.1834 1.6481 70.2293 -8.2791 -3.4775
Car -1 -1 -5.0781 636.4339 174.3069 668.7202 191.0881 1.4713 1.6669 3.8365 3.8198 1.6075 65.7034 -5.0206 -3.5546
Car -1 -1 -4.2091 439.3546 176.2646 478.7390 193.9220 1.5801 1.7519 4.3267 -14.1541 1.9112 67.7917 -4.4144 -3.6227
Car -1 -1 -4.3403 527.9631 176.1815 558.5077 191.5702 1.4546 1.6752 3.9742 -6.5779 1.7929 71.2709 -4.4323 -3.7150
Car -1 -1 -5.0787 504.7812 177.0039 535.0852 191.9978 1.4110 1.6795 3.8965 -8.9324 1.8323 71.1865 -5.2034 -3.7685
Car -1 -1 -7.0543 578.7850 174.5156 627.2428 193.1872 1.5168 1.6588 4.1031 -0.5869 1.6617 61.0096 -7.0642 -4.0883
Car -1 -1 -7.0682 658.2424 187.6529 1241.0000 374.0000 1.4354 1.8304 4.3452 2.5317 1.5379 3.6532 -6.5000 -4.1599
Car -1 -1 -5.2164 716.6910 171.7711 778.7937 200.0197 1.5109 1.6146 4.1903 7.6834 1.4526 40.8340 -5.0321 -4.2038
Car -1 -1 -4.3632 471.1560 177.5316 500.6021 193.0555 1.4563 1.6123 3.9202 -12.1975 1.9298 71.0086 -4.5330 -4.2255
Car -1 -1 -5.4040 821.7405 176.9121 887.6483 206.8698 1.6271 1.6818 3.6117 14.0471 1.8726 41.7151 -5.0818 -4.3186
Car -1 -1 -5.0341 641.1312 168.8471 683.7391 194.3984 1.5786 1.6218 3.7855 3.3055 1.3307 46.6117 -4.9641 -4.3632
Car -1 -1 -5.2291 794.6899 163.6252 829.3679 180.5366 1.5886 1.6714 3.5768 19.4647 0.7214 69.7187 -4.9581 -4.3994
Car -1 -1 -3.3520 790.0566 176.1178 852.3510 200.5437 1.6258 1.6616 3.8136 14.3414 1.8526 49.2464 -3.0707 -4.5476
Car -1 -1 -7.0622 0.0000 175.8558 68.9868 220.5779 1.6615 1.7214 3.9831 -24.3773 1.7911 29.1513 -7.7543 -4.6298
Car -1 -1 -4.7949 669.4066 174.1357 689.4430 190.4327 1.5284 1.6073 3.9322 6.6840 1.6559 69.9542 -4.7004 -4.6575
Car -1 -1 -5.1652 544.8021 175.9311 580.8931 195.8865 1.6096 1.6850 3.4543 -4.0193 1.8763 60.7065 -5.2314 -4.8151
Car -1 -1 -4.4047 319.6386 173.6830 360.5373 194.5924 1.5272 1.6731 4.3798 -20.5787 1.5928 55.1043 -4.7607 -4.8365
Car -1 -1 -4.9613 780.5205 172.7824 818.9039 198.1295 1.7760 1.7386 4.0897 13.7468 1.7707 52.6051 -4.7074 -4.9054
Car -1 -1 -4.9469 620.4651 172.1180 661.0554 197.7923 1.5681 1.7140 3.9473 1.8845 1.5228 46.1707 -4.9068 -5.0359
Car -1 -1 -2.9407 742.9867 175.7812 803.8582 199.1224 1.5708 1.6395 3.9079 11.4028 1.7816 50.4933 -2.7203 -5.0842
Car -1 -1 -2.2251 0.0000 190.2214 19.5873 360.6512 1.4880 1.6086 4.0725 -8.7671 1.6891 7.4288 -3.0751 -5.5410
Car -1 -1 -2.3580 0.0000 185.1908 13.1923 316.1405 1.3888 1.6182 4.1717 -10.1018 1.5541 8.7556 -3.1994 -5.6184
Car -1 -1 -2.1635 0.0000 188.2128 19.5748 374.0000 1.4129 1.5768 4.0990 -6.0420 1.5168 4.0510 -3.1127 -5.7171
Car -1 -1 -4.9228 621.3505 171.6401 647.2836 189.3625 1.6119 1.6631 3.8170 2.2280 1.5012 67.6511 -4.8904 -5.9038
Car -1 -1 -8.1081 358.3241 172.7944 393.3737 193.0701 1.7235 1.8005 4.7953 -20.7769 1.7181 63.8377 -8.4218 -6.1392
Car -1 -1 -7.8629 507.4762 174.0739 533.6636 196.5937 1.5969 1.8555 3.8955 -6.6708 1.6904 53.4403 -7.9868 -6.8158
