Car -1 -1 -7.3657 152.1562 168.9603 226.1645 204.4852 1.6845 1.6519 3.6882 -20.9918 1.4996 36.0867 -7.8896 5.4160
Car -1 -1 -7.8404 572.8093 171.7554 610.6058 209.1107 1.6291 1.6485 4.4870 -0.8687 1.5809 33.7202 -7.8665 4.8705
Car -1 -1 -7.4881 262.3467 171.3947 307.7063 196.0029 1.5426 1.5712 3.4143 -21.1368 1.4508 46.9775 -7.9090 2.9028
Car -1 -1 -2.3762 280.7965 167.4424 335.1865 188.1399 1.6195 1.7104 3.9490 -24.2871 1.1958 57.9686 -2.7715 -1.4685
Car -1 -1 -7.5990 641.3069 174.3879 691.9749 205.9866 1.4793 1.5895 3.9403 2.8506 1.5603 36.1074 -7.5213 -2.2630
Car -1 -1 -3.5357 629.1091 173.3285 680.9015 191.4914 1.5514 1.6686 4.2086 3.9140 1.5937 63.1858 -3.4744 -2.7625
Car -1 -1 -5.2260 706.4080 169.6193 763.4836 198.8486 1.6331 1.6641 3.7475 7.2402 1.4521 42.3584 -5.0583 -3.0236
Car -1 -1 -4.9994 300.8132 174.3453 342.5763 197.5726 1.4608 1.5758 3.6960 -19.0680 1.5629 47.5684 -5.3789 -3.2106
Car -1 -1 -4.8560 676.9887 173.3910 704.2372 192.6774 1.5877 1.7115 4.2703 6.8272 1.6349 61.6832 -4.7466 -3.2152
Car -1 -1 -7.4032 355.5836 172.0459 390.4743 187.8710 1.4991 1.6358 4.0477 -23.1155 1.4222 70.4643 -7.7193 -3.3375
Car -1 -1 -4.6345 748.7463 167.7849 788.1195 203.7535 1.6562 1.6051 3.6796 7.7339 1.4225 35.2168 -4.4205 -3.4848
Car -1 -1 -4.2813 662.7987 173.1931 729.5953 204.9713 1.4667 1.6524 4.2468 4.2753 1.4841 35.5912 -4.1632 -3.4865
Car -1 -1 -7.8249 261.1985 161.2258 287.7792 185.9882 1.8732 1.7717 4.2738 -26.4402 0.9932 56.8939 -8.2583 -3.5212
Car -1 -1 -5.3041 647.6450 171.4565 691.2125 189.9572 1.6123 1.7186 4.4707 5.3060 1.4902 65.2522 -5.2237 -3.6248
Car -1 -1 -7.8367 603.2418 169.9330 630.3389 196.7927 1.7073 1.7234 4.2402 0.4530 1.5214 48.0063 -7.8277 -3.8284
Car -1 -1 -7.9609 582.2881 172.5325 612.6086 196.4603 1.5246 1.6163 3.7337 -0.9034 1.5038 47.9273 -7.9800 -4.0423
Car -1 -1 -5.8702 613.8071 174.6585 659.7257 191.9541 1.5807 1.6619 3.9858 2.4942 1.7543 67.8951 -5.8340 -4.0674
Car -1 -1 -4.8984 711.9276 168.8244 759.8116 203.0800 1.6041 1.6191 3.9395 6.1350 1.4151 35.7714 -4.7303 -4.1950
Car -1 -1 -5.0417 636.3416 169.8783 688.0472 198.1232 1.6282 1.7773 4.4763 3.0771 1.4563 43.9844 -4.9728 -4.2057
Car -1 -1 -7.9863 1071.7407 186.0967 1133.5649 227.6967 1.4927 1.5650 3.6349 19.7568 2.0632 29.1248 -7.3955 -4.2647
Car -1 -1 -6.0298 473.6379 175.7817 524.1253 193.2523 1.6058 1.6943 4.4012 -10.4315 1.8847 67.7419 -6.1823 -4.7185
Car -1 -1 -5.0572 0.0000 174.0310 49.6122 225.2617 1.4438 1.7981 5.0791 -19.7890 1.4834 22.4510 -5.7739 -4.7469
Car -1 -1 -4.3191 517.1116 174.2683 547.7709 189.5193 1.4368 1.5555 4.0280 -7.5636 1.5789 70.5253 -4.4258 -4.8580
Car -1 -1 -7.3864 1096.6833 183.5752 1197.6705 225.8279 1.5313 1.7112 3.7674 21.2424 1.9797 28.5845 -6.7528 -4.9229
Car -1 -1 -4.3794 619.6783 172.6017 655.4396 191.0868 1.6061 1.8156 4.6355 2.5126 1.5839 65.1804 -4.3414 -5.0117
Car -1 -1 -4.2988 374.4934 175.1802 408.5467 189.8353 1.3840 1.6570 4.2032 -21.4769 1.6197 71.0209 -4.5916 -5.0902
Car -1 -1 -4.3538 608.6801 175.5405 642.7523 191.4706 1.4819 1.8310 4.5964 1.5573 1.7530 70.4295 -4.3321 -5.2537
Car -1 -1 -8.2782 556.7216 173.5507 617.7347 206.4043 1.6366 1.7963 3.8338 -1.2987 1.6752 38.1495 -8.3125 -5.3806
Car -1 -1 -4.8612 461.2012 176.0535 483.6196 192.5484 1.5024 1.5332 3.8775 -13.1277 1.8155 68.6090 -5.0499 -5.4008
Car -1 -1 -4.5968 573.2545 173.3047 609.8516 199.1537 1.5134 1.7844 4.2137 -1.1215 1.5423 44.4997 -4.6223 -5.4774
Car -1 -1 -2.2025 0.0000 184.1827 17.1739 360.2202 1.4650 1.6301 3.9712 -8.4767 1.5917 7.1115 -3.0566 -5.4837
Car -1 -1 -2.1541 0.0000 181.5985 37.4832 334.7596 1.6376 1.7373 4.1046 -9.8182 1.7620 9.0708 -2.9643 -5.4856
Car -1 -1 -4.8728 540.8988 175.4328 573.6124 200.3311 1.6644 1.6552 4.1289 -3.7923 1.8539 50.8903 -4.9472 -5.5356
Car -1 -1 -4.9563 744.2882 166.5630 779.2919 191.7843 2.0612 1.8833 4.4151 12.7993 1.5468 61.2096 -4.7514 -5.6287
Car -1 -1 -2.5068 162.3360 170.5925 231.3414 194.6931 1.4505 1.5141 3.4624 -25.4215 1.3141 44.3803 -3.0245 -5.6641
Car -1 -1 -2.1887 0.0000 184.5575 16.9786 374.0000 1.4070 1.5669 4.0640 -6.0406 1.4846 4.0225 -3.1409 -5.6941
Car -1 -1 -4.5961 682.7019 170.5865 716.4404 198.3817 1.5631 1.5786 3.5279 5.2727 1.4353 42.4781 -4.4739 -5.7133
Car -1 -1 -5.9458 1241.0000 0.0000 1241.0000 374.0000 1.4280 1.6255 4.2999 5.4211 1.2214 2.6983 -4.8792 -5.8398
Car -1 -1 -5.7767 0.0000 0.0000 1241.0000 374.0000 1.4945 1.6036 3.9568 3.7627 1.4750 1.7186 -4.6977 -5.8867
Car -1 -1 -6.9177 0.0000 0.0000 1241.0000 374.0000 1.5338 1.5845 3.8006 -2.1015 1.5980 1.0064 -7.9392 -5.8867
Car -1 -1 -4.6242 545.7026 174.3061 571.1296 193.1271 1.3502 1.5640 3.8939 -3.8574 1.4626 54.0246 -4.6955 -5.8867
Car -1 -1 -5.5149 0.0000 0.0000 1206.1565 374.0000 1.4977 1.6037 3.9580 2.1547 1.5045 1.7192 -4.6976 -5.8867
Car -1 -1 -3.8056 0.0000 184.3540 195.1303 374.0000 1.4969 1.6037 3.9581 -3.4729 1.5686 2.5246 -4.6977 -5.8867
Car -1 -1 -5.2995 508.5041 172.7685 552.4061 192.3492 1.7330 1.7450 4.5962 -7.3543 1.7251 66.1812 -5.4101 -6.0311
Car -1 -1 -8.3038 953.6970 179.2329 1135.3831 271.4733 1.6987 1.6762 4.1533 9.1413 1.8561 15.7111 -7.7858 -6.2929
Car -1 -1 -2.4148 283.1039 162.2038 328.9552 181.6684 1.6686 1.4811 3.6331 -26.6200 0.7553 63.1406 -2.8124 -6.4482
