Car -1 -1 -7.8426 554.9491 176.9286 611.9433 233.9053 1.6352 1.6608 4.2691 -0.8802 1.7780 23.1727 -7.8809 6.0521
Car -1 -1 -3.6496 905.9681 190.3120 973.9774 214.3167 1.5398 1.4904 3.9311 22.1232 2.7351 48.5069 -3.2246 2.1304
Car -1 -1 -4.2328 235.6422 179.1151 291.3549 204.2972 1.5118 1.5821 3.9306 -22.1936 1.9306 46.2999 -4.6778 1.9665
Car -1 -1 -4.3727 317.2136 178.0125 354.1720 198.6502 1.6081 1.5494 4.1340 -22.5347 2.0470 59.3475 -4.7343 1.7908
Car -1 -1 -5.0246 817.3399 185.1174 860.0445 209.9921 1.5334 1.5730 3.9733 15.2618 2.3903 48.4396 -4.7217 0.9696
Car -1 -1 -4.7521 260.9025 179.4114 297.8923 209.8674 1.4642 1.6027 4.0719 -17.3979 1.8272 37.8042 -5.1810 0.3805
Car -1 -1 -4.3478 281.7999 178.0396 328.1283 200.4553 1.5409 1.6772 4.3517 -22.2898 1.9360 52.8212 -4.7455 0.0772
Car -1 -1 -7.2879 34.5427 161.1546 106.3965 195.2747 2.0287 1.7157 3.9705 -33.5393 1.3328 44.9431 -7.9263 -0.2962
Car -1 -1 -4.9155 75.9691 178.2280 123.7000 204.9443 1.4964 1.5902 3.8380 -30.5114 1.8309 43.0679 -5.5291 -2.1914
Car -1 -1 -4.5496 78.2968 177.2399 133.2253 209.6472 1.5607 1.6670 4.2635 -26.2639 1.8032 37.6505 -5.1556 -2.2271
Car -1 -1 -8.0521 792.5364 186.8081 828.6752 210.3399 1.5532 1.6925 4.3569 14.5114 2.6115 52.5039 -7.7845 -2.3358
Car -1 -1 -4.8930 570.7733 179.5991 618.0135 211.4473 1.4657 1.6424 4.1709 -0.8876 1.8258 36.3500 -4.9178 -2.5214
Car -1 -1 -4.0934 343.5428 178.8466 385.0353 196.8986 1.5304 1.5932 3.8221 -21.9738 2.0836 64.5953 -4.4203 -3.0398
Car -1 -1 -5.0274 559.1851 174.4120 597.6122 196.7462 1.5953 1.6640 4.1589 -2.4422 1.7166 54.0907 -5.0727 -3.4861
Car -1 -1 -4.5890 759.8967 179.4774 782.1503 197.1110 1.6462 1.6781 3.9048 15.8661 2.3177 71.0716 -4.3707 -3.5308
Car -1 -1 -6.7211 867.0161 187.6839 927.9672 206.0143 1.4488 1.7576 4.3481 23.7209 2.6959 59.6774 -6.3450 -3.7218
Car -1 -1 -6.2990 841.5724 181.2849 925.8989 217.6083 1.5379 1.6464 3.4704 12.2466 1.9336 32.5338 -5.9426 -3.7368
Car -1 -1 -8.1266 1163.8335 131.5855 1241.0000 178.7617 1.5942 1.6912 4.0017 21.9755 0.1993 26.5546 -7.4405 -3.9020
Car -1 -1 -3.2030 593.0889 182.2022 660.3751 208.3769 1.4245 1.6249 3.7055 0.8743 1.9641 40.7887 -3.1823 -4.0138
Car -1 -1 -5.3935 749.5530 176.8634 797.7775 202.8606 2.0698 1.7313 4.0995 13.6157 2.4172 60.3519 -5.1732 -4.0266
Car -1 -1 -8.1390 196.5002 179.0920 261.3625 214.4874 1.4962 1.5998 3.9240 -17.5923 1.7996 33.1583 -8.6238 -4.0984
Car -1 -1 -8.1732 0.0000 0.0000 1184.0944 374.0000 1.4876 1.6119 3.7901 1.2672 1.6299 1.9055 -7.6551 -4.3130
Car -1 -1 -4.5084 82.7492 173.5331 121.2056 194.9144 1.5527 1.6326 3.8245 -38.4232 1.6058 54.6098 -5.1194 -4.3461
Car -1 -1 -7.1079 502.4034 178.5887 558.6072 202.8579 1.6355 1.6589 4.1131 -5.6906 2.0638 51.7844 -7.2172 -4.3821
Car -1 -1 -4.4537 496.2857 179.1284 528.0274 199.1240 1.5970 1.6940 4.0003 -8.2593 2.1456 61.0285 -4.5880 -4.3933
Car -1 -1 -9.1923 0.0000 0.0000 1241.0000 374.0000 1.3964 1.5225 3.2474 2.7856 1.5805 0.7198 -7.9710 -4.4772
Car -1 -1 -4.5833 563.3089 181.0142 595.3442 203.0609 1.4393 1.7605 3.8975 -2.1416 2.0342 50.6156 -4.6258 -4.5971
Car -1 -1 -4.7666 692.1759 179.8549 726.0662 210.0326 1.5204 1.5987 4.0711 5.3275 1.9229 39.4155 -4.6338 -4.7165
Car -1 -1 -7.6853 454.0819 175.1153 522.7970 230.1434 1.7533 1.7013 4.0466 -4.1934 1.8383 25.1832 -7.8493 -4.7715
Car -1 -1 -8.8560 968.6422 206.4403 1241.0000 374.0000 1.3997 1.5987 3.8529 3.4068 1.6305 2.9222 -8.0436 -4.9055
Car -1 -1 -4.9539 652.5095 179.7118 677.7645 196.6754 1.5803 1.6393 3.6357 5.3551 2.2704 70.7064 -4.8790 -5.0372
Car -1 -1 -4.7636 236.3821 178.4988 271.5289 206.4606 1.5530 1.6812 4.0486 -21.3522 1.9072 43.1313 -5.2211 -5.1075
Car -1 -1 -7.6002 349.1890 176.2692 391.0102 201.2331 1.7071 1.7322 4.7931 -17.4007 1.9667 52.4581 -7.9193 -5.2728
Car -1 -1 -4.6670 627.2499 180.1450 644.3242 195.8345 1.4138 1.4637 3.6364 2.4533 2.1260 68.6309 -4.6318 -5.3625
Car -1 -1 -4.7407 377.4373 179.2803 416.3164 210.4084 1.3517 1.6605 4.0820 -10.2580 1.6776 34.4363 -5.0284 -5.8748
Car -1 -1 -4.8899 459.0654 178.6041 498.8445 204.9222 1.4465 1.6256 4.0477 -7.8519 1.8046 42.7902 -5.0707 -5.8867
