Car -1 -1 -7.8757 551.4435 177.1073 611.3456 236.5968 1.6156 1.6573 4.3737 -0.9845 1.7591 22.1526 -7.9203 4.9292
Car -1 -1 -4.3792 329.4851 178.5817 361.5512 196.2455 1.4832 1.5503 3.6286 -23.2944 2.0022 63.5971 -4.7292 2.9767
Car -1 -1 -3.5839 866.7491 187.6873 930.8130 209.4650 1.5496 1.5493 4.1453 21.3489 2.6675 53.4860 -3.2067 1.5599
Car -1 -1 -4.7253 305.4038 174.9731 328.2673 197.4492 1.6998 1.6233 3.8765 -23.2349 1.8732 57.0647 -5.1106 0.5320
Car -1 -1 -4.6702 530.0787 180.7782 560.7966 209.4447 1.4727 1.5428 3.7251 -3.5777 1.9327 40.0128 -4.7593 0.3607
Car -1 -1 -4.5514 261.2896 178.3487 295.9650 202.1660 1.5702 1.5821 4.0434 -23.2746 1.9726 50.7236 -4.9798 -0.6980
Car -1 -1 -7.9311 239.1675 178.1916 282.8140 211.0663 1.5092 1.6482 4.1884 -17.5303 1.7922 36.0718 -8.3808 -1.0470
Car -1 -1 -4.6305 384.2588 179.1759 414.3368 204.7985 1.5119 1.5258 3.6154 -13.2664 1.9267 45.4493 -4.9133 -2.1254
Car -1 -1 -6.7515 859.6690 178.6165 909.8160 195.3455 1.5837 1.6994 4.2441 26.6570 2.1519 70.1148 -6.3899 -2.1680
Car -1 -1 -4.4259 619.2288 176.3667 661.2545 201.5186 1.5394 1.5831 4.3405 1.9937 1.7797 47.1154 -4.3843 -2.2777
Car -1 -1 -4.3736 353.8120 178.6919 384.1936 194.3559 1.4241 1.5632 3.8493 -23.0194 1.9976 68.9799 -4.6948 -2.3693
Car -1 -1 -4.7094 506.2050 179.4364 537.3388 208.7556 1.4990 1.6245 4.0233 -4.9136 1.8820 39.9232 -4.8316 -2.7150
Car -1 -1 -4.1817 61.4276 170.8996 139.3210 200.2944 1.6966 1.7373 4.6940 -31.0213 1.5835 44.0548 -4.7926 -2.8700
Car -1 -1 -4.6292 754.4159 176.8946 777.7722 197.9270 1.8124 1.7171 4.4152 14.1664 2.1919 65.4468 -4.4174 -3.0603
Car -1 -1 -4.9513 782.9534 179.9814 819.0364 204.1520 1.6697 1.6356 4.0719 13.9750 2.2141 53.1004 -4.6959 -3.3148
Car -1 -1 -4.6807 287.6243 178.7726 316.9706 203.9260 1.6798 1.7927 3.9819 -21.9033 2.1190 51.3932 -5.0820 -3.5456
Car -1 -1 -7.5671 262.1573 179.0373 316.9640 210.9524 1.4813 1.5277 3.6623 -16.0198 1.8072 36.1453 -7.9818 -3.5492
Car -1 -1 -4.9010 589.5408 177.1332 616.0650 194.6112 1.4769 1.6255 4.0235 -0.6961 1.8697 64.1469 -4.9123 -3.6236
Car -1 -1 -4.3086 110.8807 170.5198 167.7111 196.7976 1.6720 1.6634 4.1631 -31.3271 1.5232 48.1032 -4.8834 -3.6738
Car -1 -1 -6.0947 822.6512 180.1451 908.0693 215.3255 1.5367 1.5639 3.5376 11.8826 1.8930 33.7274 -5.7593 -3.8965
Car -1 -1 -4.3551 288.9763 176.9662 343.5988 205.5592 1.5863 1.6168 4.2257 -17.3688 1.8420 42.7782 -4.7389 -3.9029
Car -1 -1 -4.8536 525.0658 180.6069 553.4647 202.7355 1.5000 1.5550 3.5339 -5.1721 2.0803 52.1417 -4.9524 -4.0627
Car -1 -1 -7.4903 244.8409 171.4836 288.8098 194.0435 1.6178 1.6645 3.9323 -25.5406 1.5192 53.7681 -7.9321 -4.1609
Car -1 -1 -4.1902 320.5354 178.2834 365.6866 199.7489 1.6233 1.7825 3.6662 -21.2482 2.0705 57.5117 -4.5429 -4.1798
Car -1 -1 -4.4850 463.0584 182.4680 494.0658 203.7962 1.5277 1.5989 3.4036 -10.0093 2.2832 54.9859 -4.6646 -4.1885
Car -1 -1 -4.6773 525.4249 185.1709 552.2998 209.5245 1.3931 1.5446 3.8290 -4.4560 2.1981 45.2158 -4.7755 -4.2711
Car -1 -1 -4.3520 397.6740 178.4068 442.1891 203.6779 1.4992 1.4733 3.8043 -12.0005 1.8653 45.6388 -4.6080 -4.4832
Car -1 -1 -3.5249 832.0942 185.5235 885.9150 202.3679 1.4536 1.5525 4.2769 22.2094 2.6014 64.4934 -3.1952 -4.5736
Car -1 -1 -4.8098 381.7130 177.2003 417.7782 204.2755 1.4784 1.6643 3.7070 -12.3337 1.7438 42.0799 -5.0935 -4.7438
Car -1 -1 -4.8615 354.6655 176.7012 380.3868 195.3559 1.6357 1.7095 3.6586 -22.2631 1.9987 66.1185 -5.1853 -4.7530
Car -1 -1 -4.6329 664.3270 179.2272 689.1411 201.1841 1.5654 1.5914 3.5637 5.0332 2.0626 54.4307 -4.5417 -4.7584
Car -1 -1 -4.3582 112.7501 174.9284 155.8208 195.1842 1.5153 1.5917 3.7874 -37.1627 1.6830 56.4160 -4.9387 -5.0892
Car -1 -1 -5.1301 476.9484 180.5193 520.3797 203.4552 1.5653 1.6749 3.9552 -8.2095 2.1481 52.7738 -5.2841 -5.0937
Car -1 -1 -4.8146 265.4838 179.2804 298.4254 203.3186 1.4802 1.6059 3.7073 -21.6595 1.9209 47.5073 -5.2405 -5.4801
Car -1 -1 -4.5331 709.2065 181.0622 746.3293 209.3433 1.5731 1.6106 3.4275 7.0355 2.0847 43.1121 -4.3730 -5.8477
Car -1 -1 -4.7384 567.9335 176.6981 591.5616 197.8036 1.4413 1.5930 3.9082 -2.2420 1.7287 52.0082 -4.7816 -5.8867
Car -1 -1 -4.5545 303.5541 178.6136 337.6715 200.2242 1.4213 1.6035 4.0683 -20.3417 1.8435 50.7682 -4.9340 -5.8867
