Car -1 -1 -7.8545 550.3220 172.4336 613.1141 234.8740 1.6518 1.6630 4.0759 -0.8854 1.6404 21.1591 -7.8966 6.9717
Car -1 -1 -4.4536 110.3103 166.8204 164.8235 196.5975 1.6647 1.7058 4.0179 -27.7893 1.3271 42.5123 -5.0298 2.5468
Car -1 -1 -1.9686 40.5348 167.2323 106.1463 193.0960 1.4663 1.6953 4.0162 -31.7783 1.1473 42.6592 -2.6060 0.2106
Car -1 -1 -2.2817 0.0000 168.6463 36.9346 204.9899 1.5573 1.7186 4.3550 -28.2269 1.3767 32.0777 -2.9993 -1.2629
Car -1 -1 -4.2014 641.0370 174.0580 681.0216 193.3705 1.5322 1.6066 3.8735 4.2193 1.6348 59.5631 -4.1314 -2.2978
Car -1 -1 -6.4210 767.0183 173.6248 841.0667 202.9563 1.6262 1.6350 3.8799 10.9633 1.6709 41.1037 -6.1626 -2.3779
Car -1 -1 -4.4935 435.0281 174.7568 481.1252 202.6563 1.5096 1.7219 4.1687 -8.6923 1.6241 41.4224 -4.6994 -2.7207
Car -1 -1 -4.3115 703.1624 177.5372 736.8041 194.4840 1.5238 1.6231 4.2551 10.4307 1.9816 68.3516 -4.1611 -2.7367
Car -1 -1 -7.2548 127.2561 158.1598 193.7453 191.8890 2.2813 1.8337 4.3822 -31.7243 1.2872 51.0330 -7.8088 -2.8864
Car -1 -1 -4.4620 397.2599 171.4851 425.7477 191.3576 1.7709 1.6214 3.8308 -18.2033 1.6486 66.2287 -4.7294 -3.0107
Car -1 -1 -5.0197 488.3073 174.7029 529.7181 197.3315 1.5487 1.6891 4.4547 -7.3753 1.6880 52.1419 -5.1599 -3.0424
Car -1 -1 -2.3788 0.0000 167.9994 90.2626 193.6809 1.4102 1.8263 4.5095 -32.2185 1.1433 40.7479 -3.0448 -3.1407
Car -1 -1 -7.4588 500.9515 177.6982 531.1455 194.3356 1.5568 1.6065 3.7754 -9.1954 2.0451 70.7331 -7.5879 -3.3317
Car -1 -1 -2.4202 533.6534 176.4220 595.9953 198.6182 1.4857 1.7521 4.3068 -3.2481 1.7473 50.9519 -2.4840 -3.3585
Car -1 -1 -2.2753 166.3856 173.3884 240.4237 200.2600 1.6402 1.5951 4.4263 -25.7423 1.6748 45.6190 -2.7868 -3.3644
Car -1 -1 -6.8221 695.2980 173.9335 759.7278 197.4171 1.5904 1.6690 4.1954 8.2030 1.6680 50.5588 -6.6625 -3.5652
Car -1 -1 -4.7135 707.3062 177.2370 741.1810 207.8635 1.5175 1.6902 3.8018 6.0184 1.7622 38.3322 -4.5595 -3.7244
Car -1 -1 -7.3973 160.0242 160.4710 215.3769 192.4879 2.1980 1.7713 4.1379 -30.1844 1.3476 51.6599 -7.9240 -3.9908
Car -1 -1 -7.5126 260.2060 174.0124 297.1667 193.2826 1.5291 1.6493 3.6009 -27.2281 1.6271 59.3452 -7.9413 -4.2551
Car -1 -1 -6.6589 607.1899 172.9311 657.5598 191.1287 1.6674 1.7676 4.3807 2.0755 1.6746 67.7013 -6.6287 -4.5157
Car -1 -1 -7.4587 675.4350 175.1654 708.7570 192.7632 1.5595 1.7121 3.8410 7.5837 1.7792 66.5859 -7.3462 -4.5545
Car -1 -1 -7.5926 364.3551 171.2158 397.4107 191.4854 1.6187 1.6639 3.8383 -18.8989 1.4876 59.5763 -7.8987 -4.6614
Car -1 -1 -4.4322 514.6462 177.3047 552.5861 199.8992 1.5501 1.6650 4.1534 -5.5435 1.8875 52.5532 -4.5372 -4.6624
Car -1 -1 -4.6544 539.5634 178.6823 560.1000 197.4054 1.5052 1.5265 3.5616 -5.0798 2.0115 60.9249 -4.7376 -4.8138
Car -1 -1 -4.1201 284.6740 168.1443 328.0149 189.5291 1.8767 1.6871 3.9789 -27.5066 1.4631 65.4353 -4.5168 -4.8179
Car -1 -1 -4.8175 553.8030 170.4129 588.6188 195.8502 1.6104 1.8599 4.3042 -2.6585 1.4556 47.9538 -4.8729 -5.1186
Car -1 -1 -4.7632 737.4958 174.5042 771.7672 204.9170 1.5088 1.5624 3.7654 7.5280 1.5999 37.9842 -4.5694 -5.3993
Car -1 -1 -4.6785 473.0016 174.5262 504.1131 202.9496 1.5473 1.6353 3.8948 -6.9875 1.6481 41.5578 -4.8444 -5.4344
Car -1 -1 -7.3145 101.1956 156.4142 160.5360 186.9355 2.0716 1.7420 3.8750 -33.7805 0.9554 50.9462 -7.8977 -6.2280
Car -1 -1 -8.4455 987.0538 16.8398 1241.0000 374.0000 1.5921 1.7291 4.1930 3.1537 1.4236 2.9915 -7.6819 -6.2636
Car -1 -1 -5.4910 0.0000 192.9780 16.9600 374.0000 1.5330 1.8120 4.1489 -8.6119 1.7554 6.9093 -6.3665 -6.3591
