Car -1 -1 -7.8757 559.8607 179.0850 613.6260 233.9218 1.6233 1.6334 4.4548 -0.8843 1.8511 24.1465 -7.9127 6.0016
Car -1 -1 -3.6954 940.6459 192.8183 1021.8375 220.6172 1.6166 1.3618 4.3458 22.6023 2.8589 44.0523 -3.2248 2.5538
Car -1 -1 -4.6458 537.2272 180.4661 558.6452 198.1488 1.5045 1.6637 4.0733 -5.6010 2.2138 65.2106 -4.7316 0.4400
Car -1 -1 -3.4973 13.2002 182.1474 128.2706 218.2665 1.5106 1.6258 3.9427 -24.8702 1.9668 33.3492 -4.1344 0.4039
Car -1 -1 -8.1221 765.6788 184.8305 797.2545 202.7863 1.5443 1.7574 4.3617 15.9062 2.6965 67.2203 -7.8913 0.1519
Car -1 -1 -6.7142 1022.9794 194.1803 1106.3484 221.3445 1.5722 1.7195 4.0075 28.0057 2.9228 44.6009 -6.1572 -0.1636
Car -1 -1 -7.8442 397.6666 187.6955 450.5351 237.4589 1.4062 1.5455 3.7739 -6.1032 1.9330 23.6091 -8.0951 -0.4262
Car -1 -1 -5.2469 829.2010 190.4232 888.1600 217.5231 1.5150 1.6883 3.9752 15.4729 2.6671 45.2044 -4.9198 -0.5145
Car -1 -1 -4.5727 604.9852 179.5380 633.8603 201.3516 1.5616 1.6579 4.0736 0.7289 2.0916 55.1045 -4.5601 -1.5875
Car -1 -1 -7.7646 994.8760 182.8681 1054.3845 227.8607 1.4311 1.5478 3.5321 14.7550 1.8135 25.6848 -7.2487 -2.2487
Car -1 -1 -4.3928 30.9553 174.4416 88.4091 199.9931 1.5297 1.7115 3.9954 -34.7521 1.6346 45.6326 -5.0410 -3.2248
Car -1 -1 -7.7012 601.1320 181.0129 642.7900 212.0862 1.4633 1.5708 3.9012 0.6274 1.9059 37.1120 -7.6851 -3.5865
Car -1 -1 -8.2560 560.3115 180.3183 620.9927 212.2611 1.5019 1.6522 4.0649 -1.0985 1.9085 37.1411 -8.2859 -3.6360
Car -1 -1 -4.5058 28.7513 178.2662 73.7635 202.2553 1.5399 1.6405 4.0253 -38.2689 1.9269 49.4650 -5.1618 -3.8678
Car -1 -1 -8.0919 994.4658 191.6780 1042.8701 217.9611 1.5080 1.7712 4.2300 26.4722 2.7915 46.9328 -7.5817 -3.9595
Car -1 -1 -4.1344 690.4796 179.7484 752.5283 208.3889 1.5326 1.6079 4.0187 6.4370 1.9495 41.6240 -3.9826 -4.1884
Car -1 -1 -4.1433 84.3824 180.5358 165.3293 212.5128 1.4237 1.5514 3.5696 -23.3296 1.8129 34.7864 -4.7307 -4.2408
Car -1 -1 -4.2343 137.2411 180.1042 199.8114 208.6535 1.5869 1.5965 3.8280 -26.3008 2.0390 43.0662 -4.7800 -4.4580
Car -1 -1 -4.8072 681.5490 180.8735 711.0499 205.0640 1.5781 1.6570 4.0978 5.9674 2.1622 50.5079 -4.6908 -4.5057
Car -1 -1 -4.7882 662.5237 181.5613 684.2107 199.9426 1.5965 1.6906 3.9219 5.7895 2.4226 66.5052 -4.7022 -4.6263
Car -1 -1 -4.7218 462.0872 185.2303 479.2877 200.6321 1.3990 1.6197 4.0990 -13.7844 2.6571 71.1957 -4.9128 -4.8592
Car -1 -1 -4.7077 585.2695 180.5287 608.1343 201.6105 1.5083 1.6854 4.2561 -1.0408 2.1192 55.3215 -4.7269 -5.0473
Car -1 -1 -8.6115 980.5844 186.2682 1032.8726 207.5080 1.5336 1.5663 3.5483 30.9458 2.6180 56.4319 -8.1126 -5.0556
Car -1 -1 -4.8486 939.5888 183.4910 971.5541 205.3876 1.5807 1.6768 4.3034 27.0440 2.4492 56.6309 -4.4056 -5.1238
Car -1 -1 -5.8607 135.9090 176.9128 226.9031 205.5631 1.5787 1.7393 4.1127 -24.4170 1.8161 41.1594 -6.3935 -5.1385
Car -1 -1 -5.0436 516.9643 179.6202 558.9070 200.0430 1.3839 1.6885 4.4694 -5.3576 1.9016 52.8557 -5.1445 -5.3177
Car -1 -1 -2.4134 306.2867 193.5537 449.4890 249.8127 1.4359 1.5676 3.9300 -6.8267 2.0827 21.0431 -2.7240 -5.4588
Car -1 -1 -4.4429 104.1410 183.3116 185.1173 221.5326 1.3319 1.6676 3.9780 -18.2827 1.7752 28.4639 -5.0098 -5.6230
Car -1 -1 -7.6964 571.1481 179.8335 605.6721 205.4190 1.5641 1.6615 3.9829 -1.4046 2.0417 47.3259 -7.7264 -5.7164
Car -1 -1 -4.5091 111.1448 180.7089 195.1728 227.2256 1.4792 1.7287 4.1486 -16.3447 1.7858 25.9483 -5.0668 -5.8100
Car -1 -1 -4.7699 540.4036 179.8992 564.3573 199.9183 1.4792 1.6483 4.0196 -4.6022 2.0550 56.8978 -4.8506 -5.8220
Car -1 -1 -4.8890 561.3530 179.3988 596.0447 204.4169 1.6281 1.7092 4.1264 -2.2577 2.1040 50.3062 -4.9341 -5.8270
Car -1 -1 -4.8428 567.3997 183.1897 605.0591 209.3362 1.3993 1.6757 4.2135 -1.4896 2.0407 42.5825 -4.8781 -5.8362
Car -1 -1 -4.5839 565.3258 179.3107 593.7728 200.1322 1.4528 1.6246 3.9327 -2.2556 1.9506 53.6328 -4.6261 -5.8867
Car -1 -1 -4.7383 1106.2096 171.8913 1132.6727 190.7495 1.4822 1.6443 3.9963 41.4728 1.4063 58.8315 -4.1269 -5.8867
Car -1 -1 -4.7581 1126.6802 171.6159 1155.9373 191.3620 1.4859 1.6451 3.9971 41.4726 1.3925 56.4175 -4.1270 -5.8867
Car -1 -1 -4.6379 712.7517 178.8964 739.1826 200.4197 1.4895 1.6456 3.8934 8.5501 1.9521 53.1881 -4.4799 -5.8867
Car -1 -1 -4.3367 502.8373 177.3585 539.4841 199.6151 1.9127 1.8267 4.3393 -8.0125 2.3345 65.2808 -4.4587 -6.1570
