Car -1 -1 -7.8510 556.3098 175.0744 618.2835 236.8085 1.5952 1.6165 4.3772 -0.7102 1.6664 21.0166 -7.8851 6.3792
Car -1 -1 -4.5384 0.0000 170.5255 43.8309 200.8311 1.4805 1.6048 3.7204 -30.6502 1.3665 37.2646 -5.2233 2.8395
Car -1 -1 -4.4692 40.3996 170.8441 105.2688 203.1525 1.5440 1.6856 4.1461 -27.2761 1.4477 36.7198 -5.1048 1.9715
Car -1 -1 -4.7399 341.7573 175.8099 360.8343 192.1074 1.4850 1.5998 4.0028 -24.6667 1.7749 68.6821 -5.0837 -0.4572
Car -1 -1 -5.0318 769.8311 173.8196 816.7736 203.1843 1.5668 1.5821 3.2678 10.1487 1.6227 40.2975 -4.7872 -1.1533
Car -1 -1 -3.8507 652.2941 174.7942 709.1915 197.2510 1.5934 1.6382 4.1161 5.2232 1.7416 53.3688 -3.7541 -1.5668
Car -1 -1 -4.1194 708.9940 175.1619 769.3281 204.9954 1.4546 1.5110 3.2349 6.6335 1.5784 37.1286 -3.9444 -1.6097
Car -1 -1 -7.6287 708.4547 174.8888 738.6793 195.7786 1.6752 1.6582 3.9845 9.5202 1.8515 60.4407 -7.4736 -1.8139
Car -1 -1 -4.3067 389.1473 177.2268 426.0089 197.0377 1.5750 1.5733 3.8447 -16.8851 1.9521 60.2609 -4.5791 -2.2740
Car -1 -1 -5.2921 683.6230 175.5513 728.9517 195.8644 1.4563 1.5921 3.7274 7.1742 1.6665 54.2915 -5.1618 -3.2223
Car -1 -1 -4.8815 369.6043 175.6247 398.4599 195.7631 1.6041 1.6462 4.0102 -18.9150 1.8433 60.2262 -5.1848 -3.2928
Car -1 -1 -5.0515 735.2417 174.9889 791.8860 204.9864 1.5322 1.6611 4.3344 8.2748 1.6552 39.4345 -4.8467 -3.8002
Car -1 -1 -7.6713 217.4535 172.6409 254.3514 199.9149 1.9489 1.7077 4.1691 -27.8661 1.9334 53.8005 -8.1474 -3.8087
Car -1 -1 -5.8823 645.0115 175.8677 691.1025 194.7737 1.6651 1.6688 3.8355 5.2590 1.9459 65.6910 -5.8031 -3.8837
Car -1 -1 -7.7171 349.6845 175.8850 380.4744 197.7375 1.5523 1.6515 3.9609 -18.2934 1.7874 53.9385 -8.0429 -3.9246
Car -1 -1 -6.9640 231.1354 170.4408 279.4561 188.1996 1.6309 1.6566 3.9479 -33.5979 1.4090 68.4014 -7.4192 -4.0205
Car -1 -1 -7.8754 305.6582 177.2066 331.8790 202.3550 1.6594 1.6177 3.7852 -20.3917 1.9754 50.3796 -8.2584 -4.0916
Car -1 -1 -4.3201 607.8668 173.6073 651.2922 198.1169 1.5974 1.6689 3.7143 1.3434 1.6506 49.1868 -4.2934 -4.3494
Car -1 -1 -4.2921 303.2984 175.6233 334.4982 189.8826 1.3502 1.5065 3.5881 -28.5646 1.6288 70.8492 -4.6742 -4.4369
Car -1 -1 -4.9589 492.6139 177.8811 532.0671 202.5940 1.4410 1.5754 3.6835 -6.1492 1.7674 44.8894 -5.0947 -4.5796
Car -1 -1 -4.6580 543.9113 181.5157 561.9275 197.9159 1.4722 1.5145 3.5950 -5.4171 2.3161 68.5057 -4.7370 -4.7962
Car -1 -1 -4.7227 435.9648 177.9949 465.5364 203.6160 1.4705 1.7013 4.1874 -9.8854 1.8035 44.5404 -4.9402 -4.9084
Car -1 -1 -7.1803 67.5636 169.4052 152.4225 203.2975 1.6441 1.6306 3.6627 -25.4978 1.4765 36.8876 -7.7819 -4.9406
Car -1 -1 -7.6649 451.9683 178.2658 491.7193 202.8526 1.4863 1.7205 4.4843 -8.9423 1.8543 46.8495 -7.8529 -5.1444
Car -1 -1 -4.8703 755.5591 173.3074 800.7579 206.5059 1.5664 1.6022 3.7966 8.2990 1.5899 36.0433 -4.6463 -5.4897
Car -1 -1 -4.5437 410.2752 179.1552 442.8006 202.3978 1.6028 1.6371 4.1853 -13.4759 2.0847 53.0729 -4.7915 -5.5259
Car -1 -1 -4.8261 562.3505 178.7795 598.8870 204.9783 1.4273 1.6844 4.0719 -1.8113 1.7930 42.4214 -4.8690 -5.5534
Car -1 -1 -4.4853 333.2267 175.0296 380.1193 208.1582 1.7271 1.5764 4.0400 -14.0078 1.8537 39.9838 -4.8205 -5.5594
Car -1 -1 -4.6942 559.3121 176.5378 584.5144 198.5349 1.3630 1.5838 3.9537 -2.4993 1.6148 47.3821 -4.7470 -5.5763
Car -1 -1 -7.6880 450.2388 177.3359 488.2157 203.6198 1.4735 1.5904 3.9870 -8.4015 1.7538 43.1505 -7.8795 -5.6313
Car -1 -1 -4.9781 763.5916 180.1284 798.3966 201.8339 1.6616 1.7177 4.1407 13.8457 2.2747 58.7426 -4.7482 -5.7017
Car -1 -1 -4.3981 262.4196 178.3696 310.3840 200.6940 1.3082 1.5574 4.1059 -20.3492 1.6716 45.4539 -4.8171 -5.8025
Car -1 -1 -7.4249 364.9801 177.7319 403.0848 198.5017 1.4825 1.4769 3.3167 -16.9174 1.8594 54.0568 -7.7271 -5.8663
Car -1 -1 -3.8278 668.8367 174.7525 716.7676 194.9149 1.4112 1.5656 3.1819 5.9796 1.5526 52.3101 -3.7150 -5.9796
Car -1 -1 -7.5994 468.9883 170.4707 503.2382 193.4727 1.8121 1.8004 4.0272 -10.0977 1.6240 58.9251 -7.7687 -7.0281
