Car -1 -1 -4.5832 491.1852 179.2292 534.5674 214.7378 1.4939 1.5184 3.4260 -4.3907 1.7976 32.6886 -4.7161 5.7163
Car -1 -1 -7.8648 572.7644 176.5589 623.0149 225.9013 1.5894 1.6437 4.4098 -0.5117 1.7330 25.8057 -7.8851 5.4186
Car -1 -1 -4.1537 134.9472 176.1311 219.7588 211.0959 1.5861 1.6024 4.1102 -21.0236 1.7551 35.1934 -4.6891 5.1712
Car -1 -1 -4.2646 211.7099 178.3450 271.5292 206.7236 1.5343 1.5707 3.8235 -21.2381 1.8658 41.6832 -4.7335 3.8986
Car -1 -1 -4.6991 539.2627 177.6671 562.1204 198.7383 1.5274 1.6818 3.8379 -4.5384 1.9083 55.1741 -4.7811 2.9168
Car -1 -1 -4.0391 26.0584 179.6660 141.9644 219.4729 1.4545 1.6089 4.0239 -21.1106 1.7484 29.1150 -4.6623 2.6734
Car -1 -1 -3.8973 1108.6686 198.7975 1233.0139 238.4051 1.5201 1.5960 4.1237 23.2345 2.6351 30.0129 -3.2441 2.4874
Car -1 -1 -4.3215 268.2306 179.4138 319.3833 203.6017 1.4752 1.6254 4.0809 -20.6340 1.9224 47.1761 -4.7320 2.4250
Car -1 -1 -4.9076 831.8474 182.5032 865.0315 205.4445 1.5637 1.5768 3.8552 17.3984 2.2974 52.8791 -4.5919 0.7104
Car -1 -1 -8.1785 1165.1519 200.0488 1241.0000 239.1995 1.4973 1.6477 4.0439 26.9446 2.8158 32.8086 -7.4961 -1.8678
Car -1 -1 -8.0135 1213.2667 200.1710 1241.0000 240.1827 1.5107 1.5998 3.8305 28.1703 2.8028 32.0889 -7.2984 -1.9098
Car -1 -1 -8.6214 1004.7177 191.7225 1079.2424 220.6718 1.4980 1.6690 3.5918 24.9122 2.6417 41.8062 -8.0878 -2.0931
Car -1 -1 -4.3403 300.1106 177.7268 339.9320 198.0389 1.5505 1.5430 4.2371 -23.3670 1.9578 58.2226 -4.7206 -2.1004
Car -1 -1 -8.1611 929.7141 191.5685 998.1169 227.5699 1.4627 1.6725 4.1278 16.3972 2.3931 33.7230 -7.7126 -2.4561
Car -1 -1 -6.1479 662.0818 177.1814 725.9320 201.9399 1.6089 1.6874 4.0903 5.6484 1.9085 48.6740 -6.0336 -2.4995
Car -1 -1 -4.8639 333.9223 174.0392 360.1695 192.6835 1.6821 1.7089 4.1141 -24.6794 1.7964 67.5927 -5.2129 -3.1138
Car -1 -1 -7.6927 510.4484 171.1719 537.2556 190.8433 1.5934 1.6276 3.8829 -7.2039 1.4569 60.4214 -7.8112 -3.5495
Car -1 -1 -6.4512 800.4620 170.5399 857.8793 189.5933 1.5680 1.7141 4.3777 18.3072 1.3772 60.4997 -6.1590 -3.6943
Car -1 -1 -4.3131 660.3765 178.4524 714.3652 208.9915 1.5298 1.5684 3.7390 4.1797 1.8470 38.8986 -4.2074 -3.7658
Car -1 -1 -7.6365 117.0081 171.6613 154.0276 192.3583 1.6376 1.6922 4.0962 -38.9689 1.5430 59.3064 -8.2159 -3.8918
Car -1 -1 -5.2436 540.7913 177.9157 588.6248 200.9539 1.5630 1.6279 4.0107 -3.3345 1.9424 52.0004 -5.3077 -4.0224
Car -1 -1 -8.3981 988.0003 192.7234 1049.9585 220.5315 1.4496 1.6234 3.3090 23.5273 2.6438 41.6957 -7.8881 -4.0878
Car -1 -1 -7.9840 614.4282 177.0326 637.1226 194.8947 1.6849 1.7281 3.9763 1.5061 2.1083 71.0989 -7.9633 -4.1378
Car -1 -1 -5.1805 980.7337 190.8661 1076.0647 231.9998 1.4284 1.7748 3.6718 16.4016 2.1883 28.5758 -4.6646 -4.1602
Car -1 -1 -7.8006 615.8864 177.7835 647.3928 205.8907 1.4942 1.5879 4.0475 1.2403 1.7894 41.1706 -7.7712 -4.1757
Car -1 -1 -7.5627 135.3469 172.9471 174.6889 192.4659 1.5570 1.6892 3.9356 -37.6111 1.5646 59.6968 -8.1231 -4.1943
Car -1 -1 -4.5430 726.9502 178.1121 771.5765 209.6540 1.5609 1.6504 4.3884 7.5111 1.8607 38.8321 -4.3539 -4.2344
Car -1 -1 -5.0615 1130.0149 200.5346 1210.0756 237.2650 1.4253 1.6611 3.8836 25.6634 2.7819 33.2677 -4.4095 -4.2684
Car -1 -1 -1.7890 79.3317 177.4848 137.5396 210.8787 1.5038 1.5617 3.6334 -24.2588 1.7384 34.8009 -2.3944 -4.3027
Car -1 -1 -5.0090 624.7813 177.1011 658.8394 197.5879 1.5830 1.6404 4.0995 2.5264 1.9420 58.8507 -4.9667 -4.3762
Car -1 -1 -6.5855 767.1826 188.1210 1031.6439 275.1078 1.4168 1.6208 4.1194 4.9910 1.7112 13.0005 -6.2275 -4.4753
Car -1 -1 -4.3153 667.6340 180.2455 707.6147 201.1084 1.4486 1.5252 4.0307 5.7912 2.0207 53.7437 -4.2090 -4.6341
Car -1 -1 -4.8788 619.1880 173.8762 656.5467 202.1598 1.6762 1.6932 3.8895 1.6541 1.7425 44.9466 -4.8428 -4.7189
Car -1 -1 -4.5288 283.1292 178.1934 323.3114 205.5522 1.5555 1.5332 4.0641 -18.6884 1.8968 44.0124 -4.9285 -4.7839
Car -1 -1 -7.6580 15.7895 177.8831 80.2532 215.4593 1.5890 1.6089 3.8172 -25.7556 1.8341 33.1329 -8.3151 -4.8383
Car -1 -1 -8.5415 1036.0259 192.5421 1101.3542 219.1084 1.4001 1.4739 3.2812 26.7832 2.6009 42.2975 -7.9808 -5.0879
Car -1 -1 -4.6127 610.4907 179.0522 631.6669 195.6492 1.4385 1.5909 3.5160 1.0118 2.0187 65.7462 -4.5978 -5.1015
Car -1 -1 -5.4058 123.9158 179.9675 202.5717 208.3128 1.4270 1.6197 3.6186 -23.7719 1.8181 38.3472 -5.9578 -5.1584
Car -1 -1 -5.0408 619.6934 176.9780 654.8616 196.2044 1.4216 1.5761 3.8547 2.0617 1.7550 56.3130 -5.0048 -5.2301
Car -1 -1 -4.3312 369.8418 177.6736 399.5802 192.0838 1.3680 1.6237 3.5110 -22.3163 1.8576 71.5249 -4.6329 -5.2321
Car -1 -1 -4.4457 451.9603 177.9016 484.3843 200.3987 1.7914 1.6419 4.1139 -11.8755 2.2292 60.5150 -4.6390 -5.3536
Car -1 -1 -4.5442 367.4690 178.2078 394.9399 195.2627 1.3982 1.6219 4.0001 -19.8213 1.8776 62.5593 -4.8501 -5.4522
Car -1 -1 -4.9960 638.5995 177.6724 671.8484 195.7856 1.4358 1.6859 4.1409 3.7292 1.8547 60.5738 -4.9352 -5.4979
Car -1 -1 -4.3749 556.1718 174.6690 601.5399 200.1702 1.6313 1.7353 4.3171 -2.0820 1.7596 48.8050 -4.4177 -5.5075
Car -1 -1 -5.0360 474.6744 178.8015 508.9823 196.9139 1.4689 1.7053 4.0776 -10.2385 1.9992 62.1629 -5.1989 -5.5113
Car -1 -1 -4.3643 355.0547 176.4059 394.1549 195.9194 1.4418 1.5753 4.1335 -18.2968 1.7283 56.1676 -4.6781 -5.5365
Car -1 -1 -4.7666 572.9042 177.3401 598.5075 198.7342 1.4589 1.6182 4.2565 -1.8279 1.7974 52.3130 -4.8018 -5.6168
Car -1 -1 -4.9744 560.7396 177.1659 593.8098 196.8587 1.4478 1.5931 3.9500 -2.6100 1.7955 56.1021 -5.0211 -5.6917
Car -1 -1 -4.6476 646.5649 177.7068 671.7722 198.6534 1.4986 1.6476 4.2045 3.7422 1.8818 54.8300 -4.5803 -5.6979
Car -1 -1 -7.4667 99.3954 179.6887 165.9091 209.3717 1.5082 1.6442 4.0417 -26.2624 1.9051 39.7891 -8.0472 -5.7281
Car -1 -1 -4.9139 1241.0000 169.4543 1241.0000 196.4948 1.4768 1.6404 3.9887 41.4663 1.2908 41.5232 -4.1330 -5.8867
Car -1 -1 -4.6028 491.9336 177.4752 518.8673 197.3197 1.4167 1.5910 3.9282 -7.8820 1.7777 54.4271 -4.7462 -5.8867
Car -1 -1 -4.9424 1241.0000 167.8574 1241.0000 196.4864 1.4680 1.6351 3.9867 41.4697 1.2115 39.1121 -4.1317 -5.8867
Car -1 -1 -4.5238 469.9523 178.7334 495.5678 194.9952 1.3947 1.5760 3.9178 -11.4994 1.9424 65.2789 -4.6978 -5.8867
Car -1 -1 -7.6724 498.9961 178.3405 531.7980 199.4782 1.4504 1.7181 3.7265 -6.8598 1.8631 52.4043 -7.8023 -6.2784
