Car -1 -1 -4.3012 82.2514 190.8453 366.7563 372.2724 1.5086 1.4690 3.4161 -4.0317 1.7530 8.0795 -4.7518 7.2851
Car -1 -1 -4.6000 492.9425 183.5881 543.6782 221.7707 1.4493 1.6631 4.4242 -3.8866 1.9411 30.8592 -4.7249 5.8156
Car -1 -1 -7.8492 581.5009 179.3027 628.6398 226.3865 1.5761 1.6170 4.3283 -0.2252 1.8358 26.9148 -7.8582 5.2233
Car -1 -1 -4.1317 71.5203 184.4727 173.6021 224.1333 1.5296 1.6759 4.0594 -20.8800 2.0622 31.0572 -4.7198 4.7090
Car -1 -1 -4.1997 172.1030 185.6782 245.4476 217.1543 1.4291 1.5251 3.8398 -20.1034 2.1074 36.2556 -4.7032 3.3623
Car -1 -1 -4.7048 551.8857 179.4621 571.3842 197.2091 1.5497 1.7439 4.2512 -4.4836 2.1810 66.7966 -4.7719 2.3233
Car -1 -1 -3.9625 0.0000 182.8422 74.0053 233.8512 1.5276 1.6058 4.1429 -20.7000 1.8964 24.5480 -4.6578 1.4007
Car -1 -1 -7.1935 61.9522 182.4966 161.2391 221.0513 1.5936 1.6441 3.9291 -22.5953 2.0590 32.8404 -7.7926 -1.9768
Car -1 -1 -8.3417 1211.1019 192.9242 1241.0000 270.0537 1.4937 1.6494 4.1859 16.5353 2.0388 17.3724 -7.5902 -2.1159
Car -1 -1 -4.5469 681.8796 183.2832 717.1277 208.3976 1.4434 1.5811 3.9042 5.6257 2.1282 45.3052 -4.4247 -2.5255
Car -1 -1 -7.5805 124.7653 175.3817 180.2072 206.2500 1.5932 1.6273 3.6703 -25.0447 1.7385 39.5583 -8.1421 -2.6459
Car -1 -1 -4.6249 41.0409 177.2327 75.0588 199.9069 1.5957 1.6675 3.9137 -41.0491 1.9339 53.6878 -5.2754 -2.8579
Car -1 -1 -4.0709 0.0000 187.2050 89.2513 239.3409 1.4571 1.6284 4.1069 -19.1688 1.9636 23.3963 -4.7518 -3.1313
Car -1 -1 -4.5868 322.9946 179.0701 348.5203 198.1890 1.5191 1.5680 3.5256 -22.9714 2.0560 60.4602 -4.9487 -3.2449
Car -1 -1 -3.2783 635.0051 180.6578 705.1793 207.4028 1.5352 1.6674 3.9650 3.5030 2.0093 42.9135 -3.1980 -3.3874
Car -1 -1 -4.7305 242.1989 184.1254 270.3362 207.5585 1.4019 1.5880 3.9612 -23.2666 2.1742 47.3352 -5.1854 -3.5551
Car -1 -1 -4.6457 563.8521 180.0749 591.3763 204.4219 1.8245 1.9072 4.4495 -2.5723 2.4235 57.6457 -4.6906 -3.8015
Car -1 -1 -5.6181 755.8856 183.0835 835.4714 213.6587 1.4077 1.5921 3.6945 9.2916 1.9520 36.4703 -5.3711 -3.8220
Car -1 -1 -5.3896 708.3648 182.3985 764.0259 206.8579 1.4316 1.6022 3.5348 7.9097 2.0611 45.6757 -5.2198 -4.0291
Car -1 -1 -4.6762 231.8300 181.8632 273.8840 215.0374 1.5200 1.7482 4.3262 -18.1168 2.0066 36.6583 -5.1326 -4.0341
Car -1 -1 -4.5396 173.8153 182.3945 231.7966 219.7099 1.5463 1.6876 3.6722 -18.5507 2.0082 32.9401 -5.0493 -4.2321
Car -1 -1 -1.8535 0.0000 182.9716 13.9985 231.2579 1.5314 1.5675 3.8868 -22.6953 1.9096 25.2945 -2.5797 -4.3859
Car -1 -1 -4.3921 614.9205 179.5654 660.6169 208.3638 1.6589 1.6146 4.1553 1.7432 2.0964 44.8320 -4.3541 -4.4260
Car -1 -1 -6.8582 165.0498 181.3966 249.2071 210.6854 1.5953 1.6393 4.1296 -23.8478 2.1278 42.7966 -7.3642 -4.4970
Car -1 -1 -2.0444 283.9583 187.1966 353.2004 218.7325 1.4462 1.6277 3.9967 -14.9207 2.2149 36.7619 -2.4279 -4.5374
Car -1 -1 -4.6148 668.5444 182.9189 690.4072 201.2021 1.3928 1.4463 3.5036 5.6660 2.2395 58.8674 -4.5198 -4.5634
Car -1 -1 -4.8381 726.5341 180.9175 768.5137 211.3488 1.4803 1.7039 3.7000 7.1488 1.9259 38.0010 -4.6542 -4.7182
Car -1 -1 -4.5643 61.2147 176.2669 109.4546 205.8282 1.5069 1.5771 3.7517 -28.5304 1.7019 39.2768 -5.1894 -4.7503
Car -1 -1 -4.4618 423.5510 185.1753 472.1458 215.0002 1.4765 1.6300 4.0827 -8.8452 2.1858 39.4919 -4.6812 -4.7554
Car -1 -1 -4.5985 22.9107 185.6078 84.0737 225.6469 1.5880 1.7007 3.9585 -24.7199 2.1931 32.1126 -5.2506 -4.8183
Car -1 -1 -4.3019 336.3348 179.6388 376.5636 199.1093 1.6635 1.7358 4.6648 -23.0470 2.3035 65.7023 -4.6383 -4.8758
Car -1 -1 -8.4048 880.3549 186.4984 948.4110 213.6779 1.4178 1.7763 4.0362 17.5561 2.2503 41.9105 -8.0112 -5.1106
Car -1 -1 -4.9454 981.8115 181.0838 1050.8031 221.6452 1.5508 1.6620 3.8827 17.0481 1.9226 30.5297 -4.4408 -5.1120
Car -1 -1 -5.1240 450.5763 186.5155 497.3444 210.6647 1.4012 1.5733 3.7238 -8.7589 2.3110 46.0875 -5.3112 -5.2872
Car -1 -1 -4.6056 742.9828 180.4753 783.3541 212.1747 1.4449 1.6084 3.3817 7.5630 1.8407 35.6386 -4.3988 -5.3589
Car -1 -1 -4.9453 581.6511 181.6337 613.8700 200.9147 1.4566 1.7218 4.0587 -1.0607 2.1968 58.6751 -4.9638 -5.6260
Car -1 -1 -4.6380 340.4644 180.1687 366.7304 200.1852 1.4098 1.5702 4.0827 -19.3868 1.9850 54.5863 -4.9780 -5.6464
Car -1 -1 -4.6361 393.6814 181.8738 414.8947 198.5651 1.4737 1.6245 4.0098 -19.4132 2.3516 68.1296 -4.9130 -5.7723
Car -1 -1 -4.7700 488.6881 181.5975 514.1125 205.3911 1.6763 1.6705 3.8823 -8.2512 2.3606 54.4269 -4.9202 -5.7930
Car -1 -1 -4.8574 483.8373 181.5825 509.6693 201.5103 1.6151 1.6516 3.9548 -9.8602 2.3965 62.4826 -5.0137 -5.8081
Car -1 -1 -4.5591 7.4856 178.8249 49.1905 201.7302 1.5309 1.7004 4.1473 -41.5673 1.9760 51.6048 -5.2348 -5.8321
Car -1 -1 -4.6015 237.2788 179.4244 289.0482 217.1967 1.5774 1.6882 4.0684 -15.8719 1.8985 33.0957 -5.0458 -5.8519
Car -1 -1 -4.5367 383.5701 180.6843 411.5648 198.8330 1.4721 1.6470 4.0018 -18.3555 2.1716 62.4006 -4.8220 -5.8583
Car -1 -1 -4.7930 221.4713 189.8628 309.2861 259.7919 1.4467 1.6628 4.4172 -8.9235 1.9347 18.3867 -5.2396 -5.8696
Car -1 -1 -4.4564 348.6521 179.9225 384.7311 200.8544 1.4463 1.5857 3.8842 -17.9168 1.9866 53.1924 -4.7801 -5.8867
Car -1 -1 -4.5242 602.9146 179.4912 627.9998 196.0564 1.4590 1.6406 3.9063 0.5184 2.0968 67.2904 -4.5169 -5.8867
Car -1 -1 -4.7844 584.9556 179.3082 605.3526 195.9665 1.4521 1.5940 3.9447 -1.4168 2.0651 66.5157 -4.8060 -5.8867
Car -1 -1 -3.6681 0.0000 194.6684 4.5425 374.0000 1.5206 1.6152 3.9652 -4.6711 1.6570 2.5282 -4.6976 -5.8867
Car -1 -1 -4.4405 227.1347 179.5971 316.1538 229.2933 1.4529 1.6122 4.0329 -11.0720 1.6947 23.7880 -4.8722 -5.8867
Car -1 -1 -7.1453 50.8823 0.0000 1241.0000 374.0000 1.5577 1.5947 3.8082 -1.2980 1.6675 1.0018 -7.9391 -5.8867
Car -1 -1 -5.0687 564.5369 180.0888 593.0895 198.0540 1.5871 1.4773 3.6449 -2.9571 2.2812 67.2921 -5.1128 -6.1837
Car -1 -1 -4.8231 695.7916 183.6553 729.5193 211.8540 1.4492 1.4496 3.7620 5.6713 2.0827 40.4373 -4.6853 -7.0341
