Car -1 -1 -7.8609 553.3237 176.4777 611.8836 234.3085 1.6039 1.6486 4.2953 -0.9236 1.7275 22.4707 -7.9023 5.9379
Car -1 -1 -4.3538 326.3489 178.5059 359.6967 197.0104 1.5195 1.5297 3.5887 -22.9778 2.0201 62.1466 -4.7068 2.3308
Car -1 -1 -3.6555 880.1609 187.4692 943.2806 209.2095 1.4906 1.6044 3.9050 21.6444 2.5623 51.8921 -3.2629 1.7541
Car -1 -1 -4.3422 353.1338 178.7796 385.8985 194.9290 1.4346 1.5945 3.9335 -22.4987 2.0057 67.5725 -4.6627 0.9888
Car -1 -1 -4.7600 298.8990 173.7823 325.1096 198.5898 1.8315 1.6726 4.1947 -23.0570 1.9057 55.6918 -5.1511 0.8852
Car -1 -1 -4.2078 253.0708 177.1997 308.9845 201.0426 1.5390 1.6691 4.1885 -22.5276 1.8499 49.5118 -4.6330 -0.6404
Car -1 -1 -4.2612 43.6912 176.1406 110.7847 204.0168 1.5244 1.5910 3.9024 -30.9562 1.7248 42.0054 -4.8934 -1.0692
Car -1 -1 -4.0805 592.4280 176.5813 632.8315 194.6833 1.4850 1.5833 3.7148 0.2302 1.8150 61.9677 -4.0772 -1.6774
Car -1 -1 -7.8136 490.3143 176.6657 530.1371 214.3902 1.6422 1.6889 4.3225 -4.6941 1.8338 34.0929 -7.9499 -2.3765
Car -1 -1 -4.5327 110.3941 169.7512 154.9554 196.7205 1.6646 1.6751 4.2155 -30.9246 1.4728 46.8016 -5.1142 -2.8418
Car -1 -1 -7.3651 236.8635 172.1186 287.1289 194.6187 1.5682 1.6395 3.8923 -25.1725 1.5166 52.2670 -7.8121 -2.9586
Car -1 -1 -4.6823 374.8065 178.0415 398.0200 199.2053 1.5314 1.5838 3.6347 -17.0814 1.9416 55.1334 -4.9816 -3.1125
Car -1 -1 -4.7490 784.3071 175.4837 803.4887 195.3367 1.8585 1.6576 3.8340 17.8288 2.1213 70.1353 -4.5014 -3.1697
Car -1 -1 -4.9794 226.1117 178.0327 285.1662 210.3877 1.5120 1.6391 4.1792 -18.0092 1.7888 36.5031 -5.4350 -3.2401
Car -1 -1 -2.9325 360.1281 177.1478 459.3167 211.8612 1.4712 1.6074 3.9543 -8.7861 1.6652 31.7269 -3.2009 -3.3123
Car -1 -1 -4.7151 451.6015 180.9202 478.1396 205.2308 1.4209 1.5778 4.0554 -9.2381 1.9558 45.7385 -4.9137 -3.3152
Car -1 -1 -4.5241 108.1357 169.3158 147.0784 191.7084 1.5637 1.6445 3.9196 -35.0796 1.3163 52.5109 -5.1108 -3.3776
Car -1 -1 -5.3223 842.6233 188.4090 894.7154 209.8970 1.4563 1.6012 4.1304 19.3713 2.6740 54.2946 -4.9819 -3.5021
Car -1 -1 -4.1754 275.2299 174.4105 343.7204 205.2417 1.6711 1.7586 4.1435 -17.2325 1.7650 41.5045 -4.5669 -3.5405
Car -1 -1 -4.9084 0.0000 173.9968 14.2092 214.0342 1.5452 1.6962 4.2803 -26.4555 1.5955 29.9366 -5.6278 -3.7160
Car -1 -1 -4.8567 446.0453 181.2716 479.1473 205.3234 1.5327 1.6488 4.1890 -10.2455 2.1397 49.8061 -5.0589 -3.7441
Car -1 -1 -5.6586 32.0670 164.6346 112.0331 190.0563 1.6135 1.6827 3.9023 -34.7762 1.0915 46.6636 -6.2964 -3.7950
Car -1 -1 -8.4863 1147.7013 148.3544 1238.4064 180.9324 1.5978 1.6705 3.8742 30.0251 0.3959 37.3583 -7.8131 -4.0882
Car -1 -1 -4.6630 763.7283 178.6561 785.1624 199.7507 1.7655 1.6565 4.0449 14.5324 2.2953 63.7533 -4.4403 -4.1334
Car -1 -1 -3.8097 890.8056 176.5452 947.1722 198.6064 1.6652 1.6672 3.8297 24.0307 1.9591 56.2077 -3.4080 -4.1571
Car -1 -1 -8.4837 850.4682 186.8301 891.0484 202.4507 1.2577 1.6203 3.4547 22.8317 2.5210 63.3531 -8.1398 -4.3314
Car -1 -1 -4.5617 443.1875 180.8657 484.1346 208.2390 1.4348 1.6969 4.0237 -8.3089 1.9134 41.0717 -4.7604 -4.3460
Car -1 -1 -4.8573 262.6253 176.6774 300.7507 201.3643 1.4863 1.6748 3.9174 -21.0839 1.7419 46.1925 -5.2836 -4.4581
Car -1 -1 -4.4548 94.8140 170.2776 135.9491 192.0893 1.5909 1.6511 3.8040 -37.4640 1.4027 54.6957 -5.0532 -4.4826
Car -1 -1 -4.9066 621.5620 178.8082 648.2367 196.4952 1.5713 1.7395 4.0789 2.2809 2.1474 67.7023 -4.8735 -4.5104
Car -1 -1 -5.5417 310.7740 176.5573 381.4161 198.9198 1.6080 1.7912 5.1301 -19.8921 1.8956 54.2870 -5.8916 -4.6138
Car -1 -1 -4.7646 526.0068 180.3470 549.8091 202.3249 1.4699 1.5036 3.3593 -5.1760 2.0201 51.2402 -4.8652 -4.8041
Car -1 -1 -4.9871 326.6008 181.4039 375.4494 210.5199 1.4088 1.5069 3.5541 -13.6778 1.8800 37.9043 -5.3316 -4.9944
Car -1 -1 -4.6809 116.9017 174.8577 155.5029 202.9035 1.4893 1.6857 4.1552 -26.7992 1.6086 40.8455 -5.2587 -5.1373
Car -1 -1 -4.7370 661.0194 178.9496 677.6256 194.8570 1.4932 1.5325 3.7040 5.8029 2.1094 71.0737 -4.6563 -5.3741
Car -1 -1 -4.3043 682.7278 179.0249 736.7233 206.2142 1.4759 1.6376 4.1375 5.8681 1.8566 42.3554 -4.1681 -5.5497
Car -1 -1 -7.9305 524.1073 182.0703 566.9050 215.5083 1.4607 1.7154 4.7723 -3.2696 1.9444 35.3925 -8.0225 -5.7685
Car -1 -1 -4.3910 555.6014 177.1288 597.2540 199.8933 1.4579 1.6333 4.0842 -2.2719 1.7622 49.2188 -4.4373 -5.8788
Car -1 -1 -4.6232 481.0029 178.9430 509.8527 201.6834 1.4659 1.6143 3.9516 -7.8708 1.9014 49.6223 -4.7801 -5.8867
Car -1 -1 -7.2943 10.7313 160.2996 82.3911 191.2183 1.9675 1.7099 4.3578 -37.5344 1.1683 48.1677 -7.9537 -6.0690
