Car -1 -1 -7.8384 553.2963 172.8590 615.4069 234.2235 1.6178 1.6382 4.1738 -0.7709 1.6177 21.1268 -7.8752 5.3991
Car -1 -1 -4.4455 100.4819 172.1260 155.6889 200.3169 1.5209 1.6386 3.8675 -27.3550 1.4814 41.0211 -5.0308 0.3904
Car -1 -1 -1.7980 34.5035 167.5046 92.4546 196.4317 1.5922 1.7348 4.4057 -31.7238 1.2975 41.7949 -2.4443 -1.0753
Car -1 -1 -4.4790 596.3700 173.2925 625.2468 190.6106 1.4876 1.6805 4.0631 0.0847 1.5277 64.2619 -4.4780 -1.3990
Car -1 -1 -4.7585 14.5985 174.1204 54.6165 202.0157 1.4547 1.5576 3.7919 -31.7579 1.5276 39.7448 -5.4295 -1.7375
Car -1 -1 -6.6133 0.0000 168.9604 28.0735 209.6933 1.5709 1.6822 4.2615 -27.2592 1.4204 30.0970 -7.3450 -1.9095
Car -1 -1 -6.9894 682.8388 174.7045 725.2597 192.2783 1.5268 1.5625 3.6255 8.4176 1.6966 64.6771 -6.8609 -2.3986
Car -1 -1 -4.9829 746.4474 183.3126 776.4321 201.1697 1.4939 1.6327 3.9271 13.5243 2.4611 64.7333 -4.7783 -3.1394
Car -1 -1 -4.2548 595.7489 174.2730 635.7478 191.6899 1.6060 1.8671 4.9449 0.5844 1.7477 69.5885 -4.2468 -3.1474
Car -1 -1 -8.7898 731.7625 172.8873 804.6426 201.5223 1.5781 1.6012 3.9331 9.0745 1.5798 41.7720 -8.5778 -3.2900
Car -1 -1 -8.0016 257.1877 176.5784 297.6322 203.9357 1.5683 1.7363 3.5071 -20.2692 1.8043 43.8358 -8.4326 -3.3087
Car -1 -1 -4.9856 484.5384 176.3681 514.9636 192.8676 1.5168 1.7751 4.4217 -10.7080 1.8677 69.7244 -5.1378 -3.3845
Car -1 -1 -5.2627 645.0902 171.7053 688.7388 193.4476 1.6240 1.6485 3.7523 4.3453 1.5379 55.9389 -5.1859 -3.4899
Car -1 -1 -7.6143 432.2406 174.1424 480.2522 203.1987 1.5190 1.6660 4.1321 -8.4931 1.5939 39.9980 -7.8226 -4.0587
Car -1 -1 -3.8549 110.1221 160.1734 186.6915 189.6060 1.9373 1.8148 4.3152 -31.8070 1.1023 49.8191 -4.4208 -4.0827
Car -1 -1 -7.7727 254.9447 169.9795 282.1714 191.5963 1.6816 1.6761 3.8273 -27.5352 1.4577 58.2145 -8.2129 -4.1402
Car -1 -1 -6.8136 673.2501 173.6740 725.0058 193.2746 1.5690 1.7912 3.8588 7.3194 1.6381 59.4793 -6.6922 -4.2451
Car -1 -1 -7.5735 264.3428 173.4450 293.9713 189.6307 1.5282 1.6171 3.8561 -32.2114 1.5871 70.2989 -8.0019 -4.2473
Car -1 -1 -7.5642 187.1809 161.4602 238.0257 198.5608 2.3096 1.7848 4.1700 -25.9191 1.6000 47.1421 -8.0647 -4.2842
Car -1 -1 -6.4491 1094.9932 174.3499 1241.0000 271.1098 1.6984 1.7717 4.3437 12.4292 1.7322 14.5839 -5.7539 -4.3541
Car -1 -1 -7.7515 366.8018 174.2520 393.4145 194.8295 1.5991 1.6543 3.9779 -18.6184 1.7162 58.4752 -8.0587 -4.3721
Car -1 -1 -2.4531 361.3705 169.6257 420.8450 189.6169 1.7926 1.8516 5.2772 -20.2229 1.5028 66.5684 -2.7471 -4.6854
Car -1 -1 -4.2365 14.9442 169.3233 80.7553 195.3476 1.5221 1.6099 3.8046 -34.3936 1.3153 44.2182 -4.8948 -4.7244
Car -1 -1 -4.7150 521.1589 176.8642 545.9106 198.4793 1.4935 1.7321 4.2710 -5.6419 1.7995 52.8952 -4.8211 -4.8673
Car -1 -1 -4.7200 657.5554 171.1131 683.1174 193.9901 1.5050 1.6779 3.9786 4.0870 1.3901 49.5117 -4.6385 -5.0010
Car -1 -1 -5.4996 758.2948 179.1983 807.5558 197.9147 1.6134 1.7979 4.3980 15.7795 2.2152 66.1304 -5.2668 -5.0203
Car -1 -1 -6.1440 730.2410 165.8448 819.8054 202.6961 1.7619 1.8407 4.1561 8.2225 1.4265 36.0926 -5.9222 -5.3415
Car -1 -1 -4.5515 288.2632 174.7563 312.8755 192.4102 1.6593 1.6056 3.8533 -30.1433 1.8499 70.3261 -4.9552 -5.3826
Car -1 -1 -4.5728 496.1374 177.4011 532.8949 203.7376 1.3987 1.5358 3.9431 -5.4102 1.6691 40.9803 -4.7037 -5.5138
Car -1 -1 -7.4033 150.0865 157.0868 208.4410 190.3344 2.2030 1.8285 4.1720 -29.7720 1.1580 49.9648 -7.9385 -5.6121
Car -1 -1 -8.3134 1042.0011 15.2783 1241.0000 374.0000 1.5747 1.7405 4.1620 3.2242 1.4208 2.9526 -7.5327 -6.0896
Car -1 -1 -5.5350 0.0000 199.1005 0.0000 374.0000 1.5006 1.7221 3.7140 -8.6829 1.7892 6.8341 -6.4197 -6.3353
Car -1 -1 -7.9088 485.1110 169.3094 507.6120 190.5704 1.8137 1.7266 4.3595 -10.1118 1.5110 63.8640 -8.0655 -6.9521
