Car -1 -1 -4.5412 442.9526 179.9736 509.0430 232.5972 1.5120 1.4994 3.3966 -4.2228 1.7545 22.8991 -4.7222 6.8651
Car -1 -1 -7.8604 575.2747 176.9294 624.0202 225.7970 1.6004 1.6231 4.4706 -0.4450 1.7612 26.2604 -7.8779 6.4366
Car -1 -1 -4.1952 165.1541 179.3360 242.3129 210.6364 1.5034 1.6669 4.1349 -21.0947 1.8595 37.5906 -4.7038 5.2079
Car -1 -1 -4.6568 527.3042 178.6406 558.6769 203.4396 1.4606 1.7441 4.2627 -4.2284 1.8439 45.6671 -4.7490 4.0645
Car -1 -1 -4.0522 72.2613 175.7592 175.6886 216.0766 1.5995 1.5449 3.9960 -20.7659 1.7322 30.9702 -4.6391 3.5793
Car -1 -1 -4.2310 235.2897 180.4721 296.8537 207.4758 1.4893 1.6782 3.9114 -20.4045 1.9630 42.9037 -4.6728 3.1928
Car -1 -1 -3.9257 1196.3893 198.1110 1241.0000 246.1576 1.5769 1.6111 4.1006 23.3685 2.5023 25.5393 -3.1912 1.0924
Car -1 -1 -4.0260 0.0000 179.5334 68.5794 229.1057 1.5083 1.5965 4.1724 -20.8619 1.7553 24.6139 -4.7238 1.0678
Car -1 -1 -6.5789 38.5269 176.8554 163.0813 217.6154 1.6386 1.6804 4.1472 -22.2318 1.8253 31.5780 -7.1885 -0.3888
Car -1 -1 -8.3191 840.8801 184.1764 892.7298 208.1829 1.4783 1.6401 4.0218 17.1650 2.2722 48.5102 -7.9814 -0.8283
Car -1 -1 -5.0015 724.7817 181.2864 762.2266 205.3096 1.5378 1.5588 3.5513 9.0532 2.1358 49.3378 -4.8216 -1.8269
Car -1 -1 -4.7182 706.9620 182.0078 732.5928 205.7698 1.4755 1.6366 4.1881 7.3528 2.1205 48.6791 -4.5697 -3.1510
Car -1 -1 -5.0564 0.0000 181.2482 51.9609 224.5068 1.4628 1.6755 4.4604 -22.9398 1.7977 26.9608 -5.7566 -3.2011
Car -1 -1 -5.1409 872.6577 173.4061 923.1904 201.6073 1.9033 1.7803 4.0262 20.1849 1.9434 50.8336 -4.7653 -3.2497
Car -1 -1 -4.6114 68.7976 176.8543 115.1837 207.7094 1.5540 1.6350 3.9610 -27.9816 1.7819 39.0175 -5.2304 -3.2613
Car -1 -1 -4.3890 721.5307 179.0068 774.4719 210.0860 1.5693 1.6116 4.1774 7.5740 1.9249 39.5254 -4.2016 -3.5650
Car -1 -1 -4.7967 186.9232 181.4804 231.2249 208.4123 1.3832 1.8178 4.7283 -22.9244 1.9039 41.1094 -5.3028 -3.6947
Car -1 -1 -4.2780 68.5500 180.5578 144.2616 214.6377 1.5431 1.5791 3.8537 -24.7955 1.9448 35.6213 -4.8828 -3.7773
Car -1 -1 -4.8966 547.4082 181.9537 580.5383 203.5020 1.4439 1.6697 4.1044 -3.4134 2.1320 52.3956 -4.9618 -3.9411
Car -1 -1 -3.3360 681.2052 180.5244 749.4769 205.7354 1.4990 1.6284 3.9103 6.4096 1.9801 44.3736 -3.1940 -4.0609
Car -1 -1 -4.4774 228.1393 176.3993 269.2930 201.9388 1.6825 1.6639 4.0391 -25.1493 1.9399 50.2869 -4.9392 -4.0824
Car -1 -1 -4.4185 608.0440 180.1468 654.4279 206.8102 1.3788 1.5630 3.8322 1.2052 1.8088 40.5068 -4.3895 -4.2161
Car -1 -1 -5.0398 904.4527 193.1628 964.7587 226.2437 1.5021 1.6431 3.9286 16.6492 2.6084 37.2842 -4.6235 -4.4216
Car -1 -1 -4.3585 650.8586 181.0582 683.9785 198.9609 1.5238 1.6457 4.2400 5.2477 2.2971 65.7652 -4.2797 -4.6335
Car -1 -1 -4.5749 623.7828 180.9736 645.1831 197.0430 1.4748 1.5984 3.6368 2.3837 2.2850 70.0970 -4.5415 -4.6500
Car -1 -1 -4.8096 677.9429 179.8970 710.4814 205.0203 1.5150 1.6610 4.5246 5.4078 1.9962 47.0607 -4.6964 -4.7440
Car -1 -1 -4.8733 1187.4956 169.7404 1241.0000 204.7290 1.8667 1.7388 3.7632 33.8725 1.7003 40.5573 -4.1814 -4.7526
Car -1 -1 -2.3500 134.7771 177.0591 214.0252 207.7716 1.5848 1.5529 3.6199 -23.4232 1.8174 38.7626 -2.8908 -4.8598
Car -1 -1 -4.2895 12.9762 164.7498 88.9185 194.4786 1.5697 1.6818 4.4327 -31.2527 1.1415 40.4473 -4.9443 -4.9380
Car -1 -1 -4.9281 509.6532 181.8389 533.3671 198.2980 1.4902 1.5151 3.6549 -8.5625 2.3794 69.4594 -5.0507 -4.9466
Car -1 -1 -8.5779 1060.0381 185.7491 1144.9496 213.4993 1.4859 1.7050 4.3619 29.2091 2.2952 43.0228 -7.9852 -5.1598
Car -1 -1 -4.3343 129.3867 169.8279 181.0779 191.9658 1.5175 1.7164 4.1403 -32.5054 1.3097 51.6493 -4.8939 -5.2527
Car -1 -1 -7.5857 69.9797 172.2039 117.5887 196.2366 1.6492 1.6893 4.3169 -37.0359 1.6043 51.8309 -8.2039 -5.3158
Car -1 -1 -4.2004 0.0000 178.9866 87.9009 217.4440 1.5467 1.7996 4.1844 -25.3074 1.8365 31.9276 -4.8667 -5.4131
Car -1 -1 -4.6800 381.6734 178.2594 402.5215 195.0595 1.4453 1.6834 4.1274 -19.8333 1.9538 65.7063 -4.9723 -5.5544
Car -1 -1 -4.4455 15.1458 173.8007 83.3384 206.4696 1.5376 1.7454 3.8050 -28.0530 1.5875 36.1719 -5.1017 -5.5580
Car -1 -1 -4.6243 48.8793 178.4399 100.1130 213.9731 1.5971 1.6391 4.1803 -26.1894 1.8876 35.3387 -5.2586 -5.5658
Car -1 -1 -4.6907 445.8690 178.5245 468.0844 199.9385 1.6725 1.7088 3.9702 -12.6294 2.1571 59.5817 -4.8990 -5.6636
Car -1 -1 -4.3996 438.6362 180.6172 493.2646 210.5788 1.5012 1.7008 4.2632 -7.8511 1.9500 39.5180 -4.5949 -5.8250
Car -1 -1 -4.9147 1241.0000 171.3591 1241.0000 199.6084 1.5268 1.6577 3.9999 41.4724 1.4457 41.1237 -4.1289 -5.8867
Car -1 -1 -4.8323 659.0330 176.6359 684.3197 194.9297 1.4309 1.5999 3.9430 5.0057 1.7517 59.2627 -4.7489 -5.8867
Car -1 -1 -4.8852 1241.0000 170.7269 1241.0000 196.6049 1.4997 1.6471 3.9920 41.4723 1.3762 43.9366 -4.1322 -5.8867
Car -1 -1 -4.9445 1241.0000 169.6569 1241.0000 199.3235 1.5045 1.6496 3.9956 41.4709 1.3420 38.7124 -4.1287 -5.8867
Car -1 -1 -4.9680 653.9059 176.9570 694.8914 205.6093 1.6363 1.5617 3.7703 3.8217 1.8962 43.7656 -4.8820 -6.1255
Car -1 -1 -5.3166 991.2220 194.2680 1101.1877 239.0199 1.4649 1.6952 3.8030 16.4085 2.3373 27.4484 -4.7833 -6.6000
