Car -1 -1 -7.3186 95.7255 176.5436 179.4140 211.8868 1.5071 1.5734 3.6020 -21.5299 1.6848 32.9803 -7.8934 6.3049
Car -1 -1 -7.8762 570.7712 172.4210 631.0886 232.6304 1.6387 1.6450 4.4908 -0.3869 1.6266 21.9147 -7.8945 5.8922
Car -1 -1 -7.1927 0.0000 173.9577 79.8254 225.2307 1.6937 1.5709 3.8474 -21.2150 1.7359 25.8570 -7.8748 4.3650
Car -1 -1 -7.0231 111.1324 167.7138 195.9884 201.1845 1.8700 1.7265 4.1434 -26.8428 1.5825 42.5399 -7.5833 0.9079
Car -1 -1 -4.1587 218.0035 165.6712 273.6346 194.6878 1.9533 1.7779 3.7286 -25.4559 1.4695 50.5085 -4.6236 -1.6891
Car -1 -1 -7.8508 192.0988 169.7612 217.3946 190.1452 1.4851 1.6193 3.6731 -30.6606 1.2595 54.5677 -8.3608 -2.1371
Car -1 -1 -7.1802 229.6252 168.7254 288.4583 190.4738 1.5860 1.7243 4.2863 -26.6539 1.2846 54.8982 -7.6304 -2.1521
Car -1 -1 -6.3467 506.2383 174.9898 566.3943 197.6893 1.6003 1.6783 4.2353 -5.3877 1.7582 52.2670 -6.4493 -2.3939
Car -1 -1 -4.3546 631.8696 169.1005 679.6205 196.3018 1.6298 1.6596 4.1450 2.8993 1.4046 45.4633 -4.2917 -2.7924
Car -1 -1 -6.0662 652.2485 175.7784 701.6313 195.0551 1.5581 1.6535 3.8312 5.5579 1.8070 60.1060 -5.9748 -2.9706
Car -1 -1 -7.6781 449.0213 174.6033 493.3817 204.7128 1.5538 1.6825 4.1681 -7.5860 1.6545 39.5726 -7.8666 -3.0265
Car -1 -1 -6.1760 245.9297 177.6599 316.2824 204.4160 1.5483 1.6625 3.7113 -19.8497 1.8477 43.6155 -6.6011 -3.1236
Car -1 -1 -7.7701 439.5775 180.4575 459.4091 194.6231 1.3113 1.6074 3.4953 -15.7005 2.0745 70.6078 -7.9884 -3.1342
Car -1 -1 -5.1603 668.7183 171.7807 705.3025 190.5317 1.6839 1.7380 4.1724 7.0932 1.5872 67.0545 -5.0557 -3.4430
Car -1 -1 -8.0182 1190.5601 166.3475 1239.3660 192.6427 1.4751 1.5854 3.7934 35.5413 1.1098 42.5153 -7.3255 -3.4709
Car -1 -1 -8.6557 1134.3628 166.1493 1218.8094 192.1911 1.4805 1.5865 3.9705 33.6987 1.0991 43.0985 -7.9956 -3.6835
Car -1 -1 -4.7003 417.7943 174.6520 436.7614 192.1222 1.5886 1.6892 4.2205 -17.2936 1.7642 68.3243 -4.9476 -3.8406
Car -1 -1 -3.6656 1174.0630 177.2603 1241.0000 210.6807 1.4535 1.5805 3.5895 28.0572 1.6600 32.7669 -2.9622 -3.9236
Car -1 -1 -4.8794 690.1194 170.4752 726.3190 195.1506 1.6401 1.7255 4.7289 6.7641 1.4817 50.3512 -4.7470 -4.0906
Car -1 -1 -3.7035 631.1238 173.7326 676.5583 190.7782 1.5713 1.7047 4.0079 4.1424 1.6563 68.3993 -3.6436 -4.2209
Car -1 -1 -4.5397 327.8459 175.1054 352.3485 191.2444 1.5380 1.6344 3.8282 -26.6772 1.7667 71.3593 -4.8965 -4.2519
Car -1 -1 -4.7285 665.3852 175.1535 682.2149 191.7697 1.5628 1.5673 3.4711 6.1619 1.7917 70.1419 -4.6416 -4.3556
Car -1 -1 -4.9648 502.5103 175.0823 542.3506 198.2621 1.4560 1.6590 4.0636 -5.8949 1.6106 47.9396 -5.0869 -4.5644
Car -1 -1 -6.6545 619.8082 170.8804 677.0522 194.5428 1.7565 1.7154 4.0081 2.8938 1.6097 55.0059 -6.6026 -4.8994
Car -1 -1 -4.6039 506.4841 175.3137 541.1090 201.6705 1.4323 1.5717 3.8346 -4.9482 1.5800 41.4954 -4.7223 -4.9597
Car -1 -1 -2.2287 335.1667 174.8797 388.3770 198.5278 1.6317 1.6079 3.8284 -17.8672 1.7817 51.8058 -2.5595 -5.0432
Car -1 -1 -7.4434 0.0000 178.0066 84.1764 218.0407 1.4690 1.6262 4.2970 -23.3366 1.6946 29.3492 -8.1109 -5.2153
Car -1 -1 -6.1907 460.0006 172.4536 505.4159 190.1532 1.6945 1.6797 4.2078 -12.3523 1.6559 70.0876 -6.3648 -5.4277
Car -1 -1 -5.0722 556.8177 176.6480 591.2260 196.8326 1.5844 1.5924 3.7963 -3.0251 1.9076 59.4700 -5.1232 -5.4303
Car -1 -1 -4.5931 316.6936 173.3924 351.2544 200.3453 1.7719 1.6662 4.8796 -19.1378 1.8109 50.1048 -4.9564 -5.5388
Car -1 -1 -4.6435 527.8036 175.8168 555.4304 196.3138 1.3054 1.5655 4.3394 -4.6130 1.5144 48.7743 -4.7377 -5.7152
Car -1 -1 -7.8173 531.9070 171.7669 569.0432 205.7350 1.5352 1.6210 4.8582 -2.8709 1.4858 35.0739 -7.8988 -5.7873
Car -1 -1 -7.3690 322.4831 135.7503 1241.0000 374.0000 1.5669 1.8385 4.1162 1.3464 1.5402 2.4778 -6.9205 -5.8332
Car -1 -1 -6.3639 553.4340 175.3374 614.9722 198.1669 1.6011 1.6257 4.3037 -1.9095 1.7831 51.8948 -6.4009 -5.9595
Car -1 -1 -4.5724 474.0140 175.4711 508.7701 198.9730 1.4696 1.7212 3.9865 -7.8057 1.6492 47.5785 -4.7344 -6.1318
Car -1 -1 -8.4031 1010.8738 174.8507 1240.7626 277.9544 1.6642 1.6538 3.9832 9.4530 1.7075 13.7495 -7.8115 -6.1618
Car -1 -1 -5.4738 0.0000 191.4078 15.5603 374.0000 1.4854 1.8044 4.1863 -8.6442 1.6898 6.9207 -6.3504 -6.3424
Car -1 -1 -4.5363 656.5563 172.2113 696.8260 200.9069 1.4809 1.5022 4.0880 3.6536 1.4474 39.4061 -4.4449 -6.4892
Car -1 -1 -4.6204 0.0000 174.4076 0.0819 228.5552 1.5059 1.6477 4.5110 -20.3357 1.5590 22.5021 -5.3494 -6.5525
Car -1 -1 -6.1460 304.3940 171.0833 350.4536 191.9537 1.6736 1.6893 3.3106 -23.1204 1.5313 59.0679 -6.5178 -6.7022
