Car -1 -1 -7.8680 546.8264 175.3002 609.2415 236.7894 1.6065 1.6496 4.4586 -1.0334 1.6862 21.3092 -7.9167 6.2760
Car -1 -1 -7.7263 509.3850 175.5636 539.3671 198.6458 1.6183 1.6786 4.1591 -6.2958 1.8255 53.1655 -7.8440 1.5343
Car -1 -1 -4.3397 284.9856 175.6641 328.5601 198.0181 1.6490 1.6443 4.3392 -23.4815 1.8752 55.9655 -4.7355 0.0915
Car -1 -1 -3.4691 804.1844 182.9451 852.4584 198.7620 1.4944 1.6209 4.1949 21.1932 2.4881 70.1871 -3.1774 0.0234
Car -1 -1 -4.4632 834.6372 183.7205 867.5293 203.1015 1.4920 1.6727 3.9913 20.0730 2.4285 60.0689 -4.1427 -0.2095
Car -1 -1 -4.2410 157.6353 177.5765 215.2679 203.4872 1.5792 1.6111 3.9094 -27.3684 1.8977 46.7021 -4.7688 -1.3623
Car -1 -1 -8.0669 305.1382 175.2823 346.5093 201.4010 1.6189 1.6864 4.1478 -18.7078 1.7852 47.3239 -8.4417 -1.4868
Car -1 -1 -8.3162 407.0045 180.7491 470.8842 209.4483 1.4277 1.6849 4.1859 -9.3840 1.8801 39.2227 -8.5499 -1.9707
Car -1 -1 -4.5919 775.8408 181.8316 801.8094 200.8788 1.4466 1.6068 3.9132 14.6015 2.2056 58.9088 -4.3505 -2.1912
Car -1 -1 -4.6221 674.5275 179.1222 702.2559 202.4289 1.4903 1.5652 3.5644 5.3286 1.9327 49.0607 -4.5150 -2.3076
Car -1 -1 -5.8361 88.3691 165.2908 158.9781 187.0435 1.5612 1.7419 3.9297 -35.6489 1.0181 52.9291 -6.4267 -2.7060
Car -1 -1 -5.0908 684.9888 181.4203 713.6546 196.2151 1.3736 1.5504 3.6887 8.7722 2.2430 71.2666 -4.9692 -2.8077
Car -1 -1 -5.0198 271.4247 176.8801 323.0898 204.5011 1.5427 1.6287 4.2180 -18.7307 1.7944 43.0439 -5.4282 -2.9879
Car -1 -1 -4.6885 736.6317 180.9845 754.5762 197.7485 1.5476 1.6420 3.8664 13.2840 2.3668 70.6702 -4.5039 -3.1337
Car -1 -1 -4.8611 627.6484 181.3593 649.6598 197.2367 1.4442 1.5682 3.8380 2.7230 2.2897 69.7607 -4.8227 -3.2582
Car -1 -1 -3.7479 731.4729 175.9148 802.5424 204.1301 1.5289 1.5989 3.6792 8.8519 1.7081 40.8573 -3.5365 -3.5978
Car -1 -1 -4.6804 464.5609 180.1656 491.3012 203.9733 1.4538 1.6023 3.9251 -8.6681 1.9545 47.3840 -4.8607 -4.0458
Car -1 -1 -4.8776 584.7826 173.5201 608.1364 191.5340 1.6778 1.6206 3.9075 -1.3513 1.7435 69.4273 -4.8973 -4.2349
Car -1 -1 -4.4088 316.0710 176.3798 350.2007 195.6136 1.5874 1.6339 3.9840 -23.8955 1.9017 62.3369 -4.7737 -4.4008
Car -1 -1 -5.0811 352.9518 180.7242 403.8207 205.5892 1.4024 1.5796 4.1261 -14.2388 1.9063 44.1261 -5.3918 -4.4900
Car -1 -1 -4.2801 105.4000 175.7360 161.6011 200.1848 1.5229 1.7046 3.6332 -31.2083 1.7193 47.3201 -4.8608 -5.1650
Car -1 -1 -4.6929 152.4894 174.3927 178.0785 192.3608 1.2800 1.5462 3.4626 -33.0380 1.3981 53.6096 -5.2432 -5.1703
Car -1 -1 -4.0720 247.9465 171.7741 308.3477 197.6188 1.8001 1.8043 4.2585 -24.1097 1.7246 52.5277 -4.5006 -5.2167
Car -1 -1 -5.1978 199.6735 175.0149 256.6642 199.0664 1.6649 1.7134 4.5854 -27.7345 1.8273 52.3083 -5.6834 -5.4022
Car -1 -1 -4.8991 408.6774 178.3237 440.0377 197.6094 1.4177 1.6444 4.0920 -14.5947 1.8623 56.4910 -5.1511 -5.4352
Car -1 -1 -4.7785 547.7679 176.5798 575.4316 199.2874 1.4972 1.6499 4.1816 -3.4546 1.7688 50.4723 -4.8469 -5.5777
Car -1 -1 -3.9576 680.1800 178.4830 742.8260 205.3269 1.4052 1.5242 3.4209 5.6292 1.7310 40.1352 -3.8197 -6.7077
