Car -1 -1 -7.8629 556.0383 174.7527 617.4080 236.1171 1.5990 1.6132 4.3469 -0.7593 1.6601 21.1452 -7.8992 5.7367
Car -1 -1 -4.4899 84.9510 169.5993 141.5870 198.4291 1.5053 1.7178 4.0359 -27.3971 1.3351 39.8664 -5.0890 2.0103
Car -1 -1 -7.4613 33.5332 169.4820 99.2575 197.7439 1.5129 1.5813 3.8963 -30.6124 1.3321 40.7088 -8.1030 1.0601
Car -1 -1 -3.9439 646.8492 173.6563 722.7760 204.1065 1.5547 1.6790 4.1283 4.0329 1.5999 38.9167 -3.8419 -2.2090
Car -1 -1 -7.2518 687.1199 176.3879 732.8545 197.0231 1.7390 1.7218 4.5796 8.8610 2.0626 63.8565 -7.1150 -2.2665
Car -1 -1 -7.0393 0.0000 169.5718 67.8409 198.1488 1.4882 1.6787 4.0501 -32.3885 1.3170 39.6945 -7.7206 -2.5209
Car -1 -1 -6.0074 488.4962 176.2192 551.3941 198.0915 1.5096 1.6430 4.1449 -6.4085 1.7537 51.2729 -6.1315 -3.2594
Car -1 -1 -4.1596 117.7236 170.4606 191.4510 198.8790 1.5306 1.6292 4.0756 -25.7510 1.4014 40.9053 -4.7187 -3.5449
Car -1 -1 -4.5261 431.6574 175.7539 478.8082 205.3276 1.4866 1.7221 4.2332 -8.2965 1.6509 38.8251 -4.7356 -3.5768
Car -1 -1 -7.8434 675.7482 175.5216 698.3132 194.9723 1.6416 1.9181 4.7438 6.8337 1.8872 64.0406 -7.7380 -3.8955
Car -1 -1 -4.3072 474.9609 176.3800 529.6922 204.1859 1.5433 1.7679 4.0131 -6.3523 1.7625 42.7620 -4.4542 -4.0673
Car -1 -1 -4.4810 388.4472 171.8765 418.4436 191.9975 1.7613 1.7146 4.0857 -18.6559 1.6755 65.2421 -4.7587 -4.1183
Car -1 -1 -4.3614 656.9670 172.0558 710.5084 201.4558 1.6269 1.7322 4.3559 4.3416 1.5824 42.2651 -4.2602 -4.1348
Car -1 -1 -5.6027 0.0000 186.5398 76.6454 230.9886 1.3510 1.4607 2.9840 -19.1767 1.8034 23.1266 -6.2894 -4.1479
Car -1 -1 -5.0109 487.6720 178.6787 516.6058 197.7784 1.6058 1.5061 3.7081 -9.5991 2.1373 63.8779 -5.1598 -4.2262
Car -1 -1 -7.5150 280.6659 174.7165 312.1045 191.1816 1.5378 1.6816 3.5962 -30.2570 1.7221 69.6603 -7.9236 -4.3365
Car -1 -1 -4.2812 64.6802 170.3680 132.3990 196.7934 1.4307 1.5838 4.0847 -29.1516 1.2958 41.2155 -4.8939 -4.4678
Car -1 -1 -4.8667 690.8143 171.8429 722.4431 194.5992 1.5983 1.6662 4.1249 6.9909 1.5270 52.7594 -4.7360 -4.5116
Car -1 -1 -5.6940 776.3203 174.7699 856.2990 203.8911 1.4996 1.6220 3.9678 11.1897 1.6095 39.4575 -5.4201 -4.6013
Car -1 -1 -4.4698 363.1707 174.8621 395.3055 195.6688 1.5841 1.6293 3.4884 -18.2412 1.7477 57.0755 -4.7781 -4.6234
Car -1 -1 -4.6214 450.1586 176.5190 483.4560 203.0273 1.4707 1.5854 3.8069 -8.4354 1.6966 42.5525 -4.8163 -4.6658
Car -1 -1 -4.2960 628.9659 172.5374 683.4115 200.9728 1.5942 1.6837 4.1474 2.7508 1.5762 42.6812 -4.2326 -4.7202
Car -1 -1 -4.8564 405.4640 178.7770 450.9420 209.1646 1.4559 1.7404 3.9662 -9.5548 1.7819 37.5790 -5.1041 -5.0784
Car -1 -1 -4.7778 537.2041 180.1785 561.3168 201.3298 1.5279 1.6040 3.6278 -4.7165 2.1089 55.3592 -4.8629 -5.1214
Car -1 -1 -4.6266 543.4545 179.8005 563.5380 197.2288 1.4949 1.5129 3.5009 -5.0919 2.1377 65.0451 -4.7048 -5.1660
Car -1 -1 -4.8403 559.5575 176.3966 598.6133 202.6947 1.3720 1.6671 4.0608 -1.8171 1.5804 40.3633 -4.8855 -5.1892
Car -1 -1 -6.7800 906.7629 171.2302 997.4985 202.8374 1.4731 1.6435 3.5763 16.2996 1.3972 34.5564 -6.3429 -5.2027
Car -1 -1 -7.4577 289.7738 175.1769 361.0535 212.5288 1.6890 1.5997 4.5262 -13.8105 1.8093 35.1927 -7.8295 -5.3354
Car -1 -1 -7.4897 8.0004 170.9648 70.9470 195.3190 1.4373 1.7723 3.9167 -35.3000 1.3256 44.7171 -8.1552 -5.4080
Car -1 -1 -5.0609 734.9794 173.2383 782.1750 201.0506 1.8408 1.7565 4.5379 10.2357 1.8685 50.1965 -4.8613 -5.4935
Car -1 -1 -4.1594 0.0000 162.5031 33.2061 194.2081 1.7094 1.6572 4.8193 -35.5922 1.1510 41.4093 -4.8663 -5.4950
Car -1 -1 -4.6794 553.5750 178.7796 591.6268 211.7232 1.5317 1.7827 4.4158 -1.8768 1.8500 36.5719 -4.7309 -5.6273
Car -1 -1 -4.7351 545.5776 177.2265 574.0346 203.9291 1.4859 1.5879 3.7045 -3.0413 1.7560 42.6980 -4.8062 -5.6562
Car -1 -1 -4.2809 400.3862 175.3426 434.7109 194.3701 1.7739 1.6697 4.0624 -18.6390 2.0224 69.9740 -4.5406 -6.0823
Car -1 -1 -8.3691 1008.5091 86.4349 1241.0000 374.0000 1.6484 1.7991 4.1799 3.2226 1.5518 3.0515 -7.6041 -6.1778
Car -1 -1 -5.4607 0.0000 192.5613 0.0000 374.0000 1.4534 1.7681 3.8934 -8.6196 1.6674 6.8525 -6.3406 -6.2634
Car -1 -1 -5.4189 0.0000 179.9937 0.4169 318.6753 1.4332 1.7525 4.0980 -9.9747 1.5255 8.4507 -6.2711 -6.3110
Car -1 -1 -4.0566 0.0000 168.4964 30.9607 196.6558 1.6352 1.6097 4.5445 -38.0523 1.3818 44.2094 -4.7644 -6.4643
Car -1 -1 -2.4950 573.4657 174.4884 620.9153 195.1704 1.7303 1.5631 3.9623 -1.1501 1.8756 62.4467 -2.5138 -6.7257
Car -1 -1 -4.9626 735.1604 177.3175 766.3917 198.3750 1.8287 1.7926 4.2215 12.7592 2.2484 65.7370 -4.7722 -7.3889
