Car -1 -1 -4.5339 445.9719 179.7571 524.1691 237.5156 1.5437 1.6631 3.7146 -3.6882 1.7679 21.5968 -4.7017 8.0433
Car -1 -1 -7.8540 583.4280 176.8793 622.6442 216.2692 1.6278 1.6462 4.5161 -0.3622 1.8217 32.5482 -7.8657 5.1631
Car -1 -1 -4.2191 194.4393 174.3977 262.5150 212.1561 1.9499 1.5860 3.9772 -20.7890 2.0382 39.4209 -4.7019 4.6787
Car -1 -1 -4.4778 704.3965 181.5647 745.1631 205.6644 1.4393 1.6696 4.3495 7.5076 2.0358 47.1040 -4.3212 -0.0766
Car -1 -1 -4.5574 765.4009 183.9324 810.5388 215.4973 1.5041 1.6870 4.3644 9.4763 2.1287 38.3622 -4.3177 -1.7284
Car -1 -1 -4.7582 750.9865 181.1085 778.2009 204.1394 1.4747 1.6388 4.1380 10.6260 2.0705 49.9341 -4.5502 -1.9622
Car -1 -1 -4.3799 683.6602 181.9330 723.6595 205.5110 1.4520 1.5302 3.6593 6.2258 2.0798 47.9386 -4.2521 -2.0911
Car -1 -1 -3.8007 617.2255 181.6899 677.8808 205.6902 1.4988 1.6098 3.8656 2.4905 2.1094 48.1235 -3.7498 -2.1031
Car -1 -1 -2.9828 628.7048 182.6409 698.8316 207.8374 1.4942 1.6374 4.1619 3.3382 2.1223 45.0533 -2.9099 -2.9760
Car -1 -1 -6.8336 75.2049 180.0045 169.6891 213.5353 1.5613 1.6248 3.6409 -24.5768 1.9419 36.4401 -7.4238 -3.2339
Car -1 -1 -4.9335 549.5593 179.4768 577.7500 196.3432 1.5261 1.7687 4.4696 -4.5246 2.1862 69.5594 -4.9986 -3.3132
Car -1 -1 -6.3714 640.9415 182.2242 691.1285 201.9158 1.4904 1.6715 3.7672 4.3152 2.2322 56.2869 -6.2958 -3.6803
Car -1 -1 -5.0663 723.4199 179.2278 767.9064 204.3505 1.6133 1.6397 4.2071 9.2477 2.0714 49.6710 -4.8838 -3.9105
Car -1 -1 -4.5284 617.3254 182.6644 647.7093 203.2776 1.3820 1.5447 3.7475 1.6360 2.1195 52.2695 -4.4978 -4.2062
Car -1 -1 -4.6631 270.7026 182.0836 306.1207 211.5236 1.5197 1.6223 4.1649 -18.2038 2.0710 40.8829 -5.0799 -4.2142
Car -1 -1 -4.7364 708.1070 183.1789 726.6155 200.7084 1.5258 1.6033 4.1422 9.9940 2.5221 67.4925 -4.5905 -4.2949
Car -1 -1 -5.0093 1084.1000 197.4854 1184.1943 247.1271 1.4771 1.6969 4.3087 18.7352 2.4458 26.0752 -4.3924 -4.4810
Car -1 -1 -7.0234 188.9267 165.4644 244.1126 191.2560 1.9935 1.7330 3.6711 -31.4846 1.4220 57.7869 -7.5205 -4.5939
Car -1 -1 -5.1053 936.0090 195.4581 991.1930 221.4839 1.4533 1.6769 4.1782 22.4922 2.9651 46.1322 -4.6549 -4.7384
Car -1 -1 -4.9533 856.6412 186.3834 900.8315 213.0198 1.4793 1.6024 4.0574 16.4058 2.3494 44.3156 -4.6015 -4.7853
Car -1 -1 -4.2834 564.3896 177.2486 597.5449 195.2018 1.6468 1.6183 4.1373 -2.7790 2.0833 69.4920 -4.3236 -5.0174
Car -1 -1 -2.2485 340.9095 179.9895 400.2927 203.2361 1.5938 1.6803 4.4605 -17.4893 2.1322 52.5588 -2.5686 -5.1339
Car -1 -1 -4.8562 940.7534 193.3174 972.5303 216.7395 1.6839 1.7445 3.7864 27.5758 3.3743 57.5501 -4.4121 -5.1705
Car -1 -1 -5.1622 1070.8585 198.3688 1162.6108 238.6497 1.3921 1.6349 3.5427 20.3347 2.4902 29.1874 -4.5592 -5.2409
Car -1 -1 -5.3003 610.5013 180.7583 650.7027 197.8825 1.4018 1.5607 3.9862 1.7428 2.1158 63.1079 -5.2732 -5.3230
Car -1 -1 -4.8063 1090.2245 194.2218 1127.8008 221.2496 1.5286 1.6204 3.5138 31.5831 2.9415 45.7890 -4.2062 -5.5061
Car -1 -1 -4.4423 707.2631 183.7338 739.2795 203.8221 1.4886 1.5958 3.7360 9.0613 2.3889 57.6976 -4.2878 -5.5538
Car -1 -1 -4.9001 463.6354 179.8876 496.4366 201.1588 1.4959 1.6838 4.1713 -9.8788 2.0485 54.4772 -5.0790 -5.6874
Car -1 -1 -4.6449 369.8211 179.7088 394.0038 197.8507 1.4154 1.6466 4.1063 -18.9983 2.0072 60.1353 -4.9499 -5.7343
Car -1 -1 -5.2414 657.0876 181.0919 694.0681 198.3910 1.5891 1.7556 4.1308 6.3647 2.4212 70.6600 -5.1524 -5.7778
Car -1 -1 -4.9855 444.2705 182.3189 497.7625 213.5356 1.4762 1.6592 4.2398 -7.3692 2.0009 37.7614 -5.1774 -5.7778
Car -1 -1 -5.6905 1100.4357 196.9797 1217.2651 234.7843 1.5723 1.6972 4.3296 26.6668 2.8300 35.2982 -5.0483 -5.8339
Car -1 -1 -4.8506 477.3104 178.8074 505.2303 197.8382 1.4168 1.6294 4.1384 -9.4930 1.9077 57.3215 -5.0143 -5.8624
Car -1 -1 -4.6403 546.5069 178.1755 573.3444 199.7680 1.4207 1.5913 3.9866 -3.4958 1.8072 50.4540 -4.7095 -5.8867
Car -1 -1 -4.7699 651.9130 177.6546 672.6759 194.9832 1.4651 1.6078 3.9166 4.5917 1.9041 64.0629 -4.6991 -5.8867
Car -1 -1 -4.2913 455.0227 178.2793 510.7875 206.2187 1.4627 1.6083 3.9890 -7.1451 1.7847 40.7327 -4.4643 -5.8867
Car -1 -1 -5.0099 323.9827 181.8995 363.7687 206.3496 1.5764 1.5208 3.8627 -18.5011 2.2279 49.9955 -5.3629 -5.9083
Car -1 -1 -5.0432 449.5673 183.6413 515.8015 216.4201 1.3758 1.7238 4.4727 -6.1499 1.9226 34.2203 -5.2202 -6.1551
Car -1 -1 -4.5540 894.1745 189.5736 921.2791 208.6146 1.5958 1.7098 3.9640 27.3842 3.1827 66.3610 -4.1648 -6.2628
Car -1 -1 -4.6215 980.4288 191.2299 1013.6799 217.2568 1.6019 1.6680 4.0358 26.5949 2.9191 49.5842 -4.1324 -6.3044
Car -1 -1 -4.7658 1098.8125 193.3646 1139.1506 226.5481 1.7605 1.7345 4.0022 30.3102 3.0468 43.1044 -4.1569 -6.6429
Car -1 -1 -4.2867 614.1589 183.6469 643.5478 202.7075 1.6771 1.5307 3.2701 1.7616 2.7110 67.3359 -4.2611 -9.2227
