Car -1 -1 -4.4594 365.4688 180.5642 490.5524 265.7323 1.5926 1.7274 3.7698 -3.8589 1.7807 15.7343 -4.6968 6.6628
Car -1 -1 -7.8878 587.4384 178.9141 632.0154 221.5504 1.5847 1.6639 4.5001 -0.1237 1.8534 29.7471 -7.8927 4.9166
Car -1 -1 -4.6094 517.5757 181.9400 557.9189 214.4997 1.5258 1.6689 3.7319 -3.6652 2.0115 36.7249 -4.7087 4.4419
Car -1 -1 -4.6832 553.5491 181.5725 574.4988 200.0770 1.4699 1.6617 3.8704 -3.8914 2.2320 61.1285 -4.7469 1.0265
Car -1 -1 -4.4141 660.9012 184.2304 696.7702 206.7571 1.5143 1.5911 3.6878 5.0169 2.3740 52.5384 -4.3200 -0.5362
Car -1 -1 -7.4906 394.1131 173.7804 478.9812 219.3815 1.5139 1.6192 4.1387 -6.2302 1.5501 26.2003 -7.7222 -0.5935
Car -1 -1 -4.4582 633.4998 182.7520 678.4550 210.1393 1.4986 1.6606 4.3861 2.7942 2.1274 43.5174 -4.3951 -1.5246
Car -1 -1 -6.0676 218.6098 174.3589 287.4991 196.0629 1.6839 1.7425 4.6625 -28.4436 1.8066 57.5773 -6.5248 -1.8892
Car -1 -1 -8.1172 281.4343 176.3120 311.3653 194.1286 1.5870 1.6192 3.7976 -29.1759 1.9175 67.0329 -8.5265 -2.2053
Car -1 -1 -5.1571 0.0000 177.8290 46.4340 209.3046 1.4423 1.6052 3.6886 -29.3844 1.6939 35.0372 -5.8514 -2.4332
Car -1 -1 -4.3633 0.0000 173.3822 54.8072 200.1749 1.6002 1.6545 3.9049 -36.6644 1.6346 45.2931 -5.0411 -2.6266
Car -1 -1 -8.2015 581.6071 181.1376 636.0345 211.6074 1.4843 1.6042 4.0669 -0.1631 1.9513 38.5215 -8.2063 -2.7239
Car -1 -1 -4.7239 96.8502 174.5166 129.1857 199.6673 1.5154 1.6326 3.9562 -31.6213 1.6256 45.8394 -5.3252 -2.8659
Car -1 -1 -5.0342 1221.3301 167.6565 1241.0000 213.1498 1.5006 1.6190 3.7871 23.5927 1.3289 25.8591 -4.3005 -3.1839
Car -1 -1 -5.0760 1190.8582 174.9036 1241.0000 207.3024 1.6401 1.6115 3.6631 32.9374 1.7556 38.7724 -4.3759 -3.2841
Car -1 -1 -4.7212 0.0000 175.3519 18.9760 199.4585 1.5503 1.6646 3.9562 -41.1915 1.7263 48.8708 -5.4190 -3.5249
Car -1 -1 -5.6272 1226.7404 173.7345 1241.0000 209.0381 1.6856 1.6516 3.3329 33.3933 1.7318 36.3247 -4.8882 -3.6405
Car -1 -1 -4.3983 225.3889 168.2153 267.7150 193.0208 1.7855 1.6926 3.9309 -27.1721 1.4513 54.0062 -4.8626 -4.0084
Car -1 -1 -4.7288 840.9598 177.4874 864.1332 200.4230 1.6511 1.5929 3.6886 18.3431 2.0152 54.7489 -4.4076 -4.2220
Car -1 -1 -8.1170 1160.2406 165.0950 1241.0000 212.2531 1.6285 1.7774 4.3688 22.4711 1.3602 27.2731 -7.4334 -4.2422
Car -1 -1 -4.7867 18.3083 171.8393 51.6303 195.2645 1.5888 1.5738 3.6554 -40.5472 1.5197 50.8153 -5.4578 -4.2826
Car -1 -1 -4.6782 620.5412 180.1618 651.1013 209.6328 1.4639 1.5164 3.9625 1.3936 1.8779 38.8766 -4.6432 -4.3683
Car -1 -1 -4.5164 1187.7167 179.1737 1241.0000 211.6862 1.5406 1.6680 3.6328 30.8678 1.8772 36.6760 -3.8212 -4.3937
Car -1 -1 -4.3090 838.8420 191.4045 890.2883 221.2647 1.5665 1.6024 3.4487 14.7798 2.6906 41.9212 -3.9730 -4.5497
Car -1 -1 -4.4067 550.1235 182.0810 584.9199 204.5207 1.6506 1.6232 3.9732 -3.3383 2.4057 56.9466 -4.4655 -4.5864
Car -1 -1 -4.1927 491.1253 168.6210 643.3464 253.7113 1.8039 1.6634 4.5639 -0.9255 1.7139 17.7085 -4.2451 -4.6523
Car -1 -1 -4.7427 763.8578 185.2892 794.5654 214.0081 1.5307 1.6178 3.6173 9.7868 2.2887 42.0631 -4.5163 -4.7612
Car -1 -1 -4.6989 695.5966 184.7835 715.1129 203.0229 1.4276 1.5879 3.8287 8.0724 2.4709 61.1115 -4.5687 -4.8218
Car -1 -1 -4.6409 472.9772 182.8564 495.5946 203.5772 1.6266 1.5883 4.1418 -10.5932 2.4995 60.8487 -4.8130 -4.8347
Car -1 -1 -8.0004 900.8043 179.0623 947.8597 213.9878 1.8361 1.8057 4.4487 17.8166 2.2104 41.1607 -7.5951 -5.1388
Car -1 -1 -7.4000 545.7905 181.6930 607.2219 210.9056 1.4457 1.6148 4.3353 -1.7967 1.9565 39.4151 -7.4458 -5.1995
Car -1 -1 -4.7038 225.9354 174.5207 247.5836 193.7119 1.5952 1.6183 3.9479 -32.3124 1.7441 62.4710 -5.1796 -5.2186
Car -1 -1 -4.5475 782.2042 188.2353 822.3647 216.2171 1.4452 1.6092 4.1227 11.1740 2.3853 41.9054 -4.2893 -5.2687
Car -1 -1 -4.8096 391.4520 181.5618 414.2899 198.5607 1.4837 1.6700 3.9675 -19.3750 2.3220 67.3351 -5.0890 -5.6207
Car -1 -1 -4.7032 631.3618 181.5985 651.8683 202.2352 1.4836 1.5173 3.5300 2.4031 2.1742 55.2026 -4.6604 -5.6532
Car -1 -1 -4.9645 395.0927 181.5535 436.7599 206.1938 1.4670 1.6330 4.0829 -12.6272 2.0557 46.6736 -5.2276 -5.6712
Car -1 -1 -4.6628 493.2423 182.8277 515.3250 201.3329 1.4702 1.6692 4.0997 -9.0363 2.3524 61.7290 -4.8079 -5.6910
Car -1 -1 -4.8171 342.1465 181.3623 371.0769 202.3157 1.4519 1.6214 4.1062 -19.0183 2.1141 53.9865 -5.1545 -5.7579
Car -1 -1 -4.5558 391.7089 182.6459 438.1648 214.2979 1.4489 1.6504 4.0233 -9.8151 1.9709 36.4067 -4.8178 -5.7780
Car -1 -1 -4.7762 535.0934 179.5288 561.1010 200.5797 1.4405 1.6347 4.0854 -4.6004 1.9492 52.8753 -4.8630 -5.7989
Car -1 -1 -4.6496 593.8879 180.2324 618.0554 200.2050 1.5237 1.7114 4.2225 -0.3200 2.1467 58.7968 -4.6555 -5.8041
Car -1 -1 -4.7855 405.1163 182.8483 449.2463 218.4395 1.4837 1.6824 4.2174 -8.6128 1.9805 33.6188 -5.0349 -5.8295
Car -1 -1 -4.3458 418.7706 180.1606 475.2011 209.0963 1.4282 1.6479 3.9401 -8.7164 1.8410 38.7268 -4.5661 -5.8363
Car -1 -1 -4.6369 404.3039 180.4543 437.6660 206.6376 1.4179 1.5991 3.9469 -11.0865 1.8858 42.3667 -4.8917 -5.8774
Car -1 -1 -4.5370 512.0630 179.8840 539.5933 198.2536 1.4586 1.6463 3.9320 -7.0864 2.0707 60.8443 -4.6528 -5.8867
Car -1 -1 -4.5703 417.1105 179.4986 451.9827 203.8941 1.4347 1.5960 3.9424 -11.0689 1.8729 45.5811 -4.8075 -5.8867
