Car -1 -1 -7.8845 588.2261 175.0149 626.6111 212.6776 1.6108 1.6218 4.4790 -0.2199 1.7173 33.3878 -7.8916 6.0005
Car -1 -1 -7.3230 145.9305 178.5472 220.3202 214.0132 1.5583 1.5708 3.2427 -19.9817 1.8379 33.8457 -7.8531 5.9147
Car -1 -1 -4.4570 335.0609 167.3480 479.1719 275.2483 1.8191 1.6918 4.1841 -3.8539 1.7260 14.2605 -4.7171 5.2934
Car -1 -1 -4.5848 511.2410 178.5916 553.6040 209.5635 1.4649 1.6324 4.2827 -3.9646 1.7767 37.0860 -4.6911 5.0580
Car -1 -1 -4.2542 208.4177 176.9863 280.0054 208.7102 1.5975 1.5132 4.7775 -19.8694 1.8363 39.3526 -4.7193 2.0329
Car -1 -1 -3.0604 755.0406 175.2176 838.5588 208.8127 1.4589 1.6357 3.5682 8.4810 1.5708 32.8781 -2.8106 -0.3293
Car -1 -1 -7.5341 1142.9529 203.2141 1221.8685 238.2162 1.4253 1.7275 4.2659 27.4122 2.9597 34.5739 -6.8687 -1.2487
Car -1 -1 -5.4564 697.3096 172.2950 742.8170 190.7451 1.4975 1.6258 3.8050 9.1824 1.4518 60.5930 -5.3071 -1.6052
Car -1 -1 -4.4956 1086.5609 192.8334 1128.6990 217.5362 1.4921 1.5849 3.6781 33.3605 2.8826 48.3895 -3.8955 -1.7647
Car -1 -1 -6.7284 781.5115 172.2769 862.5944 202.9815 1.6033 1.6658 3.8415 11.3389 1.5728 38.8105 -6.4467 -3.2169
Car -1 -1 -5.5059 258.9250 175.5939 318.8033 198.6406 1.6337 1.7156 3.9523 -23.6149 1.8403 53.0017 -5.9234 -3.3636
Car -1 -1 -3.7078 610.4348 173.3826 675.5109 200.0682 1.6462 1.6590 3.8859 2.0915 1.6810 46.2640 -3.6634 -3.3640
Car -1 -1 -4.1312 665.9050 169.5920 707.7076 189.9854 1.6551 1.6122 3.9083 6.4526 1.3901 60.5812 -4.0260 -3.4494
Car -1 -1 -6.0007 574.4454 173.2472 619.2289 190.5363 1.6511 1.6570 4.0620 -1.2932 1.6898 70.2959 -6.0194 -3.5208
Car -1 -1 -4.8399 655.3377 175.3530 678.9764 191.0820 1.4520 1.7130 4.4416 5.4572 1.7006 69.5890 -4.7623 -3.8798
Car -1 -1 -5.0215 833.8210 178.3652 873.3376 202.1145 1.6367 1.6544 3.7267 17.6315 2.0515 52.4698 -4.6995 -4.1046
Car -1 -1 -4.6658 645.0452 172.0024 668.9575 194.5791 1.5893 1.5765 3.7378 3.4347 1.5290 52.7376 -4.6015 -4.2283
Car -1 -1 -3.0749 615.9488 175.9405 692.3544 207.2463 1.5963 1.6392 3.9248 2.3201 1.7634 38.0619 -3.0150 -4.3119
Car -1 -1 -7.4019 356.2901 171.1771 388.3565 187.3991 1.5469 1.6099 3.5100 -23.2557 1.3867 70.6519 -7.7190 -4.4197
Car -1 -1 -3.5756 1025.2050 194.0722 1086.9314 212.2123 1.4480 1.6677 4.1320 37.7408 3.2777 61.1617 -3.0255 -4.5252
Car -1 -1 -4.6034 757.2341 176.9789 785.0018 199.2402 1.4694 1.5281 3.4344 11.2030 1.7668 50.1925 -4.3855 -4.5522
Car -1 -1 -4.1164 827.5053 178.6939 887.6110 204.8232 1.5783 1.6848 4.0294 15.8789 1.9681 46.3139 -3.7885 -4.7365
Car -1 -1 -4.4096 814.4942 179.8296 848.3901 198.3653 1.4888 1.6181 4.1452 18.9571 2.1064 61.7526 -4.1135 -4.7751
Car -1 -1 -4.1386 541.5807 180.3907 587.1974 201.9688 1.5923 1.6795 4.0202 -3.5831 2.2092 56.9204 -4.2016 -4.7920
Car -1 -1 -7.7632 547.0257 176.8197 583.0656 206.2694 1.5475 1.6456 4.3084 -2.5185 1.7827 40.6782 -7.8252 -4.8098
Car -1 -1 -8.1001 585.4064 175.5313 626.9194 204.2553 1.6015 1.6596 3.3752 -0.3028 1.7654 42.4146 -8.1077 -4.8357
Car -1 -1 -8.0483 582.4995 175.8033 627.1645 208.9870 1.6385 1.7006 3.4256 -0.3564 1.8003 37.8056 -8.0582 -4.8696
Car -1 -1 -4.9866 978.7260 191.7960 1027.3905 218.2648 1.6012 1.7286 4.6186 26.8980 2.9668 49.5864 -4.4927 -4.9064
Car -1 -1 -4.0642 760.3054 178.7818 811.3271 199.6258 1.4781 1.5952 4.0642 13.1901 1.9384 54.1537 -3.8270 -4.9315
Car -1 -1 -4.3375 749.3181 177.3693 784.5995 196.8112 1.5751 1.6042 3.9661 13.3883 1.9729 61.5234 -4.1246 -4.9866
Car -1 -1 -3.6679 626.9283 174.6238 687.6500 195.2136 1.5723 1.7623 4.5331 3.7313 1.7167 57.2058 -3.6035 -5.0419
Car -1 -1 -7.8806 403.7993 176.7529 456.1370 223.0222 1.4469 1.6275 3.6168 -6.2938 1.5915 24.8543 -8.1265 -5.2228
Car -1 -1 -4.6336 162.9084 181.7588 211.7858 219.5580 1.4301 1.4668 3.7040 -17.6800 1.8274 30.2229 -5.1593 -5.2788
Car -1 -1 -4.8464 584.6832 177.7358 610.9038 196.1626 1.4301 1.6216 4.0250 -1.0619 1.8449 59.2311 -4.8647 -5.3525
Car -1 -1 -2.5362 0.0000 172.7889 0.0000 328.8246 1.4195 1.6498 4.2040 -9.7267 1.4186 7.9123 -3.4074 -5.4025
Car -1 -1 -4.9004 632.3425 171.7231 672.2423 197.9073 1.7013 1.8874 4.5585 2.7966 1.6275 49.2658 -4.8445 -5.4514
Car -1 -1 -4.6622 380.7211 175.9686 420.0931 206.4214 1.3678 1.6237 4.2037 -10.1748 1.5286 35.0967 -4.9427 -5.5358
Car -1 -1 -4.7796 383.2399 179.7449 436.7631 220.9821 1.3983 1.6743 4.3193 -7.7485 1.6833 27.5555 -5.0517 -5.6295
Car -1 -1 -4.7695 1082.9321 192.4197 1111.5748 213.8227 1.5234 1.6538 3.6479 38.4165 3.1224 56.9872 -4.1793 -5.6716
Car -1 -1 -4.8142 1164.2708 176.0004 1201.0856 199.5315 1.6217 1.6874 3.9170 41.5020 1.8591 52.3956 -4.1474 -5.8676
Car -1 -1 -4.6652 1073.6884 184.0739 1100.2224 204.3433 1.6225 1.7398 3.7015 40.9692 2.6173 61.9875 -4.0838 -5.8864
Car -1 -1 -4.9510 1241.0000 166.0586 1241.0000 196.3684 1.5035 1.6530 4.0068 41.4672 1.1661 37.9168 -4.1249 -5.8867
Car -1 -1 -4.9225 1241.0000 168.2565 1241.0000 196.4295 1.4917 1.6474 3.9979 41.4690 1.2480 40.3263 -4.1270 -5.8867
Car -1 -1 -4.6718 1040.8210 172.0349 1063.3922 188.4035 1.4873 1.6541 4.0057 41.4712 1.4126 67.6861 -4.1243 -5.8867
Car -1 -1 -4.8672 1241.0000 171.1007 1241.0000 196.0136 1.4994 1.6455 3.9902 41.4727 1.3936 45.5461 -4.1321 -5.8867
Car -1 -1 -4.8935 1241.0000 169.2868 1241.0000 195.3127 1.4795 1.6392 3.9893 41.4710 1.2764 43.1349 -4.1314 -5.8867
Car -1 -1 -4.7515 1116.8102 182.7879 1146.4000 204.0200 1.5537 1.7176 4.2063 41.2148 2.3704 57.1135 -4.1292 -5.8867
Car -1 -1 -3.5047 0.0000 190.9692 0.0000 374.0000 1.4967 1.6044 3.9549 -7.0820 1.6099 2.5303 -4.6975 -5.8867
Car -1 -1 -4.6951 1062.8231 174.7632 1085.7966 192.8735 1.5532 1.6678 4.0019 41.4760 1.7291 64.4594 -4.1257 -5.8867
Car -1 -1 -4.6662 363.9034 178.8649 427.5885 228.7774 1.3485 1.6750 4.2803 -6.5756 1.5531 22.3195 -4.9500 -5.8906
Car -1 -1 -4.8793 411.2516 176.5297 461.0131 207.0751 1.3784 1.6696 4.3529 -8.6404 1.5705 35.4496 -5.1171 -5.9271
Car -1 -1 -4.8932 1197.3264 185.2543 1240.2966 209.9323 1.5579 1.6285 3.5124 41.6093 2.4401 49.4195 -4.1968 -5.9713
Car -1 -1 -5.6599 0.0000 188.8029 12.3990 374.0000 1.6008 1.8779 4.1618 -8.4819 1.7784 6.5928 -6.5500 -6.2306
Car -1 -1 -2.9625 309.4337 163.4012 383.5574 192.2465 1.8870 1.8275 4.4220 -17.6694 1.2683 48.4729 -3.3105 -7.9231
