Car -1 -1 -4.3387 174.7139 186.4566 430.9787 330.5253 1.4674 1.6713 4.2777 -3.8914 1.6942 9.8992 -4.7050 8.3732
Car -1 -1 -7.8588 590.0511 173.8276 629.4630 212.9527 1.6311 1.6497 4.5959 -0.0713 1.6778 32.4991 -7.8616 5.2269
Car -1 -1 -4.0194 0.0000 179.5033 89.0874 230.0049 1.4931 1.5667 4.2933 -19.7618 1.7343 24.0542 -4.7018 3.7710
Car -1 -1 -7.0964 152.7843 177.2545 203.1947 195.0598 1.4753 1.5933 3.7922 -37.5728 1.8705 62.8116 -7.6338 -2.0181
Car -1 -1 -4.3648 642.4946 174.2043 677.2321 192.0610 1.4727 1.6633 4.1740 4.3045 1.5928 62.0904 -4.2963 -2.4291
Car -1 -1 -3.0759 675.3715 170.0844 721.3522 190.2090 1.5469 1.6309 3.4819 6.9175 1.3337 56.5869 -2.9552 -2.5832
Car -1 -1 -3.8810 750.3855 169.3387 819.6704 196.4198 1.6089 1.6784 4.1065 10.7945 1.3997 44.5926 -3.6454 -2.6810
Car -1 -1 -5.2502 712.3511 176.6069 747.1856 191.4457 1.4018 1.6126 3.9179 11.7883 1.7836 71.3520 -5.0875 -3.4421
Car -1 -1 -4.7358 731.5596 173.3648 753.3308 193.4119 1.5711 1.6388 4.0392 10.7311 1.6139 58.7786 -4.5565 -3.7050
Car -1 -1 -4.5525 627.8323 175.0360 653.3419 193.8918 1.5997 1.6821 3.7174 2.7047 1.7979 63.6629 -4.5106 -3.8303
Car -1 -1 -3.6422 841.1862 174.2150 926.3249 203.7994 1.4355 1.5523 3.6968 13.6408 1.5053 36.1374 -3.2843 -3.8495
Car -1 -1 -4.6384 738.4277 175.6430 757.4963 190.4329 1.4068 1.5859 3.7582 13.6576 1.6904 71.4149 -4.4505 -3.9931
Car -1 -1 -4.8021 218.9973 178.3088 267.2896 213.4181 1.4734 1.6186 4.0787 -16.9190 1.7397 33.1084 -5.2716 -4.0057
Car -1 -1 -4.2320 719.4852 168.3607 777.9069 196.2847 1.5600 1.6217 4.2061 8.1724 1.3087 42.4621 -4.0435 -4.1206
Car -1 -1 -5.1797 1180.6678 201.5519 1241.0000 237.6733 1.4607 1.5647 3.8891 29.2369 2.9167 34.5426 -4.4823 -4.1633
Car -1 -1 -7.2295 328.2246 171.4902 372.7803 190.9077 1.6580 1.7115 3.9582 -22.8984 1.5412 63.7476 -7.5732 -4.2581
Car -1 -1 -4.1988 803.0679 175.3292 851.2499 197.5249 1.6185 1.7117 4.1532 16.5909 1.8143 55.1287 -3.9084 -4.4015
Car -1 -1 -2.9605 609.4415 173.5270 677.0861 197.8360 1.5934 1.7206 4.3221 2.2289 1.6397 48.6912 -2.9155 -4.5593
Car -1 -1 -5.9895 244.7697 175.3758 349.6957 206.5180 1.5242 1.7352 4.5791 -15.8297 1.6558 36.6140 -6.3952 -4.6283
Car -1 -1 -5.2244 694.8389 172.7842 735.8164 190.1579 1.5165 1.8416 4.1944 9.4595 1.5101 65.2704 -5.0815 -4.6564
Car -1 -1 -5.0326 1188.5541 197.5692 1241.0000 230.3246 1.4893 1.6755 4.3577 32.8083 2.8933 38.6634 -4.3334 -4.6939
Car -1 -1 -4.2775 249.7685 178.6473 315.8949 208.9603 1.5056 1.6110 4.1872 -17.5111 1.8332 38.7447 -4.6997 -4.7393
Car -1 -1 -4.3693 107.2020 173.9476 159.2165 200.1844 1.6382 1.6858 3.7020 -31.1611 1.7125 47.2153 -4.9502 -4.7451
Car -1 -1 -4.8969 912.4299 190.0980 942.9479 208.6864 1.5207 1.7809 4.1828 28.7345 3.1374 65.4200 -4.4853 -4.9753
Car -1 -1 -5.0825 918.5096 178.2763 976.2761 207.3460 1.4748 1.5603 3.8000 18.2490 1.7842 39.2747 -4.6508 -5.0652
Car -1 -1 -5.2227 697.2955 167.6558 755.5446 192.1742 1.5823 1.9120 4.5595 7.8064 1.2465 49.0339 -5.0661 -5.1139
Car -1 -1 -5.2731 742.3090 166.4854 804.3786 196.5078 1.5833 1.5815 3.7853 8.9750 1.2471 40.0999 -5.0548 -5.2073
Car -1 -1 -4.6256 628.4013 173.4777 653.0120 195.9009 1.6994 1.6055 3.9530 2.4241 1.7500 56.8604 -4.5836 -5.2560
Car -1 -1 -4.9447 119.5936 176.4444 155.9923 194.2619 1.4661 1.7665 3.9501 -40.7359 1.7852 62.1802 -5.5229 -5.2664
Car -1 -1 -4.6583 566.9557 177.4142 591.8596 196.9265 1.3382 1.5954 4.0521 -2.2200 1.6823 52.4698 -4.7007 -5.3128
Car -1 -1 -4.7253 345.0765 172.9058 368.6017 194.2007 1.5522 1.6274 4.0233 -19.2693 1.5560 54.7717 -5.0623 -5.3200
Car -1 -1 -4.7466 459.6101 173.7009 485.5819 199.5948 1.7099 1.6275 3.8317 -9.5510 1.7705 49.8282 -4.9354 -5.3226
Car -1 -1 -8.0730 584.6215 176.9250 635.5607 210.8527 1.6167 1.8237 3.7371 -0.0922 1.8360 36.8915 -8.0761 -5.3432
Car -1 -1 -6.7561 1070.9108 186.8450 1241.0000 268.1016 1.4418 1.6468 3.7223 11.5390 1.7427 14.3690 -6.0901 -5.3513
Car -1 -1 -4.4585 527.9570 176.0762 568.1481 199.8921 1.3683 1.5287 3.8390 -3.7658 1.5737 44.0233 -4.5437 -5.4609
Car -1 -1 -5.0398 1174.7004 194.9496 1233.6908 225.4060 1.6470 1.6308 3.7866 36.1690 3.0592 44.0654 -4.3565 -5.5809
Car -1 -1 -2.2561 0.0000 167.8992 30.1474 306.3824 1.5621 1.6558 3.8871 -9.9222 1.5059 9.1043 -3.0698 -5.6150
Car -1 -1 -4.6891 1041.1763 180.1354 1063.5470 197.9642 1.5818 1.7130 3.7735 41.5273 2.2858 67.7409 -4.1415 -5.7089
Car -1 -1 -4.7641 1107.4170 181.9771 1135.7329 201.6503 1.4833 1.6567 3.8694 41.3439 2.2478 58.4074 -4.1509 -5.7352
Car -1 -1 -4.7642 1176.1963 182.4441 1210.4712 205.9942 1.5519 1.6803 3.8137 41.3524 2.2599 51.2477 -4.0885 -5.7647
Car -1 -1 -4.6749 878.2438 180.3371 903.7467 200.6511 1.4793 1.7190 3.7709 21.8610 2.0828 56.1429 -4.3058 -5.8226
Car -1 -1 -4.6703 295.9171 181.6234 368.8837 241.3228 1.3500 1.6131 4.2333 -7.3397 1.6111 19.2438 -5.0306 -5.8375
Car -1 -1 -5.8134 957.6079 97.7636 1241.0000 374.0000 1.4352 1.6883 4.5959 3.7428 1.3771 2.9919 -4.9640 -5.8404
Car -1 -1 -4.9142 1241.0000 168.2675 1241.0000 195.2476 1.4589 1.6358 3.9878 41.4689 1.2106 41.1297 -4.1285 -5.8867
Car -1 -1 -4.7087 1074.8958 172.3196 1098.0956 189.7137 1.4643 1.6414 3.9883 41.4795 1.4190 62.8559 -4.1278 -5.8867
Car -1 -1 -4.8845 1241.0000 168.6618 1241.0000 194.2927 1.4716 1.6418 3.9928 41.4686 1.2306 43.5454 -4.1271 -5.8867
Car -1 -1 -4.6824 104.5142 176.4021 130.2901 194.8717 1.4777 1.6640 4.0816 -41.4458 1.7867 60.7282 -5.2794 -5.8867
Car -1 -1 -4.9515 1241.0000 166.8508 1241.0000 196.2940 1.4768 1.6395 3.9921 41.4689 1.1754 38.3098 -4.1305 -5.8867
Car -1 -1 -5.2240 888.7885 175.1940 944.3413 198.0765 1.4411 1.6089 4.0487 20.2764 1.6032 47.9741 -4.8267 -5.8867
Car -1 -1 -3.5046 0.0000 189.6340 0.0000 374.0000 1.4955 1.6041 3.9542 -7.0819 1.6003 2.5304 -4.6973 -5.8867
Car -1 -1 -6.0433 1046.3207 189.6761 1141.4465 218.6443 1.6019 1.7594 4.6292 29.9799 2.7011 44.8646 -5.4579 -5.9105
Car -1 -1 -4.9994 949.4582 178.6038 998.6900 206.2145 1.5852 1.6527 3.8754 22.2645 1.9546 44.3330 -4.5371 -5.9201
Car -1 -1 -5.4665 720.8792 175.6186 764.3466 193.4432 1.5331 1.6190 3.8744 11.8454 1.7889 64.7673 -5.2867 -5.9230
Car -1 -1 -4.8110 451.3030 174.8598 476.6497 197.2924 1.7089 1.5793 4.1331 -11.7080 1.8747 57.5672 -5.0111 -5.9509
Car -1 -1 -4.9635 587.3359 177.2024 627.2556 201.4903 1.5483 1.7312 4.1232 -0.2650 1.8566 49.0025 -4.9694 -6.0797
Car -1 -1 -5.6534 0.0000 182.5796 12.5094 374.0000 1.6043 1.9007 4.1388 -8.4311 1.7118 6.5419 -6.5442 -6.1429
Car -1 -1 -5.4109 683.6595 171.8410 743.6498 197.1062 1.4282 1.6740 3.4615 6.0555 1.3707 42.6995 -5.2713 -6.2888
Car -1 -1 -7.6752 332.9354 178.4550 442.4645 254.5171 1.7453 1.9504 4.8396 -5.8485 1.9154 19.4385 -7.9643 -6.7039
Car -1 -1 -4.4779 677.6789 177.3831 714.5499 207.0030 1.6171 1.4540 3.0139 4.9540 1.8882 41.5679 -4.3606 -8.3010
