Car -1 -1 -4.3243 81.8020 181.6546 416.1524 373.1094 1.5494 1.7064 4.3717 -3.6719 1.6766 8.2442 -4.7323 7.5637
Car -1 -1 -7.3036 147.3503 179.7344 221.8698 213.5267 1.5013 1.6242 3.1798 -20.1928 1.8436 34.3184 -7.8323 7.2746
Car -1 -1 -4.5648 471.6222 178.2102 530.9208 220.6134 1.5191 1.7164 4.1287 -4.2448 1.7452 28.4344 -4.7122 7.1550
Car -1 -1 -7.8313 583.7733 174.3602 620.7801 211.7457 1.6395 1.6330 4.4738 -0.3575 1.7150 34.0694 -7.8423 4.7095
Car -1 -1 -4.6818 526.9191 173.9123 556.1813 201.7483 1.7306 1.7774 4.3181 -4.4698 1.8028 47.2382 -4.7761 2.0067
Car -1 -1 -7.5432 308.8193 176.1652 347.3869 197.6014 1.4910 1.6162 3.5135 -20.5114 1.7402 52.5468 -7.9139 1.5615
Car -1 -1 -4.6957 771.6279 179.2081 802.7943 207.1530 1.4409 1.6115 4.1695 9.9184 1.8163 40.4350 -4.4573 0.8117
Car -1 -1 -4.6174 555.8860 176.2570 576.0873 192.9173 1.5567 1.6001 3.9177 -4.2754 1.8969 70.2158 -4.6783 0.3951
Car -1 -1 -5.0463 755.0972 174.9874 799.6088 199.6471 1.5382 1.6317 3.9486 10.9060 1.6841 47.4134 -4.8220 -0.2057
Car -1 -1 -4.8695 628.8540 175.2392 654.9377 193.3805 1.4940 1.6265 4.0047 2.6845 1.7057 62.0514 -4.8268 -1.6474
Car -1 -1 -4.3354 615.0212 175.2129 672.4059 208.2268 1.6244 1.6483 4.0453 1.7963 1.7554 37.9966 -4.2891 -2.3201
Car -1 -1 -5.2593 1129.8281 200.0233 1237.8778 241.8840 1.4688 1.6809 3.9656 23.7140 2.6785 30.0666 -4.5970 -2.3723
Car -1 -1 -7.3249 781.4587 175.7217 836.9847 201.0295 1.5502 1.6212 4.0986 12.8835 1.7433 46.6643 -7.0576 -2.5206
Car -1 -1 -5.3236 693.7277 174.3666 735.0947 194.3273 1.6175 1.6413 3.6571 8.7335 1.7488 60.7760 -5.1819 -2.9753
Car -1 -1 -5.0200 684.0617 175.5758 711.5096 189.6392 1.3281 1.5841 3.8410 8.5816 1.6031 70.9614 -4.9005 -3.4580
Car -1 -1 -4.3404 341.4994 175.9119 381.0669 195.4962 1.4978 1.6377 4.0514 -19.9250 1.7515 57.8838 -4.6708 -3.6189
Car -1 -1 -4.3623 0.0000 174.8882 69.2553 211.4092 1.5636 1.6313 3.0126 -26.1611 1.6604 32.7654 -5.0322 -3.7334
Car -1 -1 -6.4722 594.8806 174.1225 641.1027 189.8837 1.5029 1.6562 4.2595 0.7441 1.6281 70.1888 -6.4620 -3.7361
Car -1 -1 -4.7298 708.8184 172.7325 728.3948 188.7811 1.5100 1.7968 4.4131 10.5153 1.4983 70.1953 -4.5820 -3.8776
Car -1 -1 -4.7758 747.3924 176.4035 769.4162 195.2417 1.4627 1.5155 3.6379 12.0070 1.7603 58.6474 -4.5752 -3.9656
Car -1 -1 -4.7431 887.5884 183.5619 919.1368 209.3606 1.4023 1.6065 3.6684 17.3537 2.0680 42.8781 -4.3614 -4.0286
Car -1 -1 -5.0896 609.8299 176.4889 646.9522 197.8115 1.4975 1.5587 3.4807 1.2919 1.7749 53.2259 -5.0659 -4.1961
Car -1 -1 -4.5706 656.4885 173.9447 682.0933 189.0058 1.4108 1.8279 4.8813 5.8163 1.5210 70.5436 -4.4890 -4.2507
Car -1 -1 -4.6898 714.9243 177.1598 744.7919 204.6712 1.5206 1.6626 4.3950 7.1350 1.7903 42.9188 -4.5267 -4.2728
Car -1 -1 -4.8227 795.0230 177.0500 822.2813 198.2574 1.5461 1.5824 3.9558 15.2127 1.8806 55.5003 -4.5569 -4.4817
Car -1 -1 -4.7710 650.8626 178.9387 681.5070 205.1432 1.4513 1.5877 3.4951 3.2389 1.8246 42.5393 -4.6961 -4.5433
Car -1 -1 -7.2717 26.3318 177.4395 169.8836 232.3908 1.6022 1.6970 4.3397 -16.5679 1.7657 23.5931 -7.8788 -4.5823
Car -1 -1 -3.3589 810.5718 178.9847 894.5121 207.9694 1.4575 1.5904 3.9003 12.5728 1.7858 37.6903 -3.0397 -4.6546
Car -1 -1 -4.3492 504.7936 175.6909 558.9406 204.2290 1.6099 1.7135 4.6564 -4.6873 1.7910 43.6633 -4.4560 -4.7211
Car -1 -1 -4.0414 989.0945 197.1845 1052.9243 220.5462 1.4094 1.5806 3.9673 27.3608 3.0806 48.0891 -3.5274 -4.8293
Car -1 -1 -7.7452 1106.2460 196.9368 1158.2343 233.2423 1.6263 1.7343 4.5045 27.1930 2.9553 37.5700 -7.1231 -4.9489
Car -1 -1 -5.1986 774.2034 178.7089 831.1071 206.3289 1.5357 1.6178 3.9384 11.4065 1.9022 43.1103 -4.9421 -4.9638
Car -1 -1 -4.6178 632.0999 175.2478 652.3069 190.1724 1.4047 1.6186 3.8968 3.1577 1.6454 70.6064 -4.5737 -4.9789
Car -1 -1 -4.3923 221.4803 177.5235 287.1297 211.0148 1.5494 1.6355 4.4519 -17.8498 1.7993 36.3415 -4.8462 -5.1274
Car -1 -1 -2.4320 282.3787 174.5385 412.7382 219.9006 1.5334 1.7250 4.3600 -9.5318 1.5977 26.0874 -2.7794 -5.2450
Car -1 -1 -5.2603 451.9766 178.0875 523.1447 206.0273 1.5262 1.8079 5.0192 -7.3679 1.8546 42.8302 -5.4301 -5.4534
Car -1 -1 -8.0897 576.7896 176.3535 626.9158 210.2606 1.6518 1.7838 3.7022 -0.5182 1.8436 37.5811 -8.1040 -5.4658
Car -1 -1 -5.2686 554.3198 175.5730 594.1559 193.0672 1.5602 1.8135 4.0976 -3.3856 1.8215 67.2325 -5.3191 -5.5254
Car -1 -1 -5.0323 770.9071 177.8254 806.0700 197.9550 1.5678 1.5180 4.3299 14.6447 1.9928 59.5121 -4.7926 -5.5827
Car -1 -1 -6.9400 893.0934 180.1406 974.8074 210.6545 1.6527 1.7213 4.0301 18.3601 2.0800 41.0215 -6.5224 -5.6594
Car -1 -1 -4.6676 258.6147 176.4621 315.5140 218.4797 1.3771 1.6876 4.3373 -11.7588 1.5203 26.3749 -5.0835 -5.7513
Car -1 -1 -4.6180 219.3874 182.5731 321.7166 256.9670 1.4263 1.7067 4.3502 -7.7795 1.6834 16.7777 -5.0465 -5.7551
Car -1 -1 -4.6639 479.5897 176.6990 506.7781 199.5726 1.4558 1.6192 4.0180 -7.8794 1.7262 48.7112 -4.8238 -5.8365
Car -1 -1 -4.8340 1204.2557 171.7425 1241.0000 194.9486 1.5001 1.6488 3.9932 41.4733 1.4279 48.7632 -4.1325 -5.8867
Car -1 -1 -4.7463 1112.8566 172.8338 1140.2974 191.9943 1.4846 1.6442 3.9912 41.4739 1.4827 58.0229 -4.1284 -5.8867
Car -1 -1 -4.6980 1063.0748 173.0546 1085.5133 190.0574 1.4679 1.6393 3.9899 41.4747 1.4861 64.4600 -4.1286 -5.8867
Car -1 -1 -4.9333 1241.0000 167.6452 1241.0000 195.9260 1.4661 1.6388 3.9901 41.4681 1.1958 39.5217 -4.1277 -5.8867
Car -1 -1 -4.8577 1239.0957 170.3892 1241.0000 194.9878 1.4945 1.6504 3.9957 41.4697 1.3444 45.9572 -4.1270 -5.8867
Car -1 -1 -4.7804 1148.9264 172.3133 1181.4346 192.9868 1.4865 1.6442 3.9910 41.4732 1.4474 54.0003 -4.1283 -5.8867
