Car -1 -1 -7.2696 95.5834 180.3665 182.7410 218.4545 1.4986 1.5307 3.3013 -19.9792 1.8352 30.7027 -7.8427 6.0832
Car -1 -1 -4.3173 110.0614 164.0542 414.5461 360.0799 1.8023 1.7015 4.1635 -3.8192 1.7211 8.7218 -4.7197 5.5406
Car -1 -1 -7.8613 588.7543 174.9735 627.4634 213.5555 1.6411 1.6608 4.6121 -0.1529 1.7453 33.2620 -7.8665 5.4860
Car -1 -1 -4.6092 495.3559 180.3826 544.1036 217.2983 1.4662 1.6795 4.4519 -3.9471 1.8212 31.8134 -4.7322 5.1886
Car -1 -1 -4.2265 174.4701 179.0626 255.7145 211.3380 1.4817 1.5396 4.7600 -19.8447 1.8154 36.4310 -4.7225 3.1225
Car -1 -1 -5.2055 769.7810 173.6772 825.4141 200.5866 1.5683 1.6402 3.8989 11.4091 1.6209 44.2681 -4.9553 -0.7400
Car -1 -1 -4.2629 749.4161 171.9921 799.4503 197.0150 1.5739 1.6400 3.9986 10.8186 1.5194 47.4577 -4.0404 -1.1429
Car -1 -1 -5.2383 650.1932 173.6919 696.3430 193.7780 1.5594 1.7726 4.3631 5.0578 1.6298 58.5640 -5.1530 -1.6708
Car -1 -1 -4.7979 802.1077 173.3270 837.7023 202.1617 1.5680 1.6165 3.8635 11.9433 1.5962 41.3554 -4.5191 -2.0539
Car -1 -1 -5.2920 610.7281 173.4981 653.0470 191.6721 1.6285 1.7607 4.4923 1.9747 1.6903 67.1986 -5.2631 -2.8030
Car -1 -1 -4.8166 839.5692 181.0405 866.1199 202.3757 1.4792 1.4939 3.4636 17.8752 2.1047 53.3000 -4.4952 -3.1934
Car -1 -1 -3.8529 1104.9449 196.2903 1181.3488 222.5863 1.5452 1.5851 3.7009 33.1869 3.0372 45.0066 -3.2214 -3.2457
Car -1 -1 -2.8439 605.2051 173.7986 672.4492 200.4250 1.6536 1.6704 4.0041 1.8243 1.7159 46.3612 -2.8052 -3.3924
Car -1 -1 -3.6551 657.1667 174.1163 731.2506 204.0245 1.5555 1.6119 3.6707 4.5243 1.6262 39.1064 -3.5413 -3.4307
Car -1 -1 -4.7451 644.1505 172.1649 663.6296 188.4677 1.4927 1.6990 3.9204 4.0919 1.4293 68.0478 -4.6856 -3.4766
Car -1 -1 -6.7470 236.1033 162.4503 305.6119 190.0177 1.8750 1.8230 4.0843 -24.0667 1.1671 51.2432 -7.1842 -3.4820
Car -1 -1 -4.1835 812.9152 176.8567 881.8056 206.0690 1.4833 1.6387 4.2631 12.9029 1.7119 39.2222 -3.8683 -3.6231
Car -1 -1 -4.9948 474.7331 176.7542 512.2004 199.6355 1.6029 1.6539 4.1295 -8.7131 1.9039 53.5234 -5.1557 -3.6531
Car -1 -1 -4.4015 371.3202 176.0596 401.1859 192.9416 1.5924 1.6859 3.8940 -21.9204 1.9151 70.7570 -4.7011 -3.6800
Car -1 -1 -4.6976 749.6191 171.5000 777.6667 199.1854 1.6341 1.6260 3.5992 9.4647 1.5539 44.5239 -4.4899 -3.7241
Car -1 -1 -4.7797 654.7817 171.6095 673.5732 187.0413 1.4778 1.5889 3.7346 5.2855 1.3583 70.9680 -4.7059 -4.0990
Car -1 -1 -5.1053 822.8735 176.9268 870.3760 201.1403 1.5465 1.6552 3.9423 15.9082 1.8331 48.7981 -4.7924 -4.1635
Car -1 -1 -2.3931 445.9393 177.2589 504.2509 201.4943 1.5378 1.6691 3.6614 -9.0328 1.8412 48.0775 -2.5782 -4.1951
Car -1 -1 -4.9871 1013.7978 195.3999 1074.4913 228.9400 1.4327 1.6005 3.6515 21.2003 2.6013 35.4394 -4.4524 -4.2182
Car -1 -1 -4.3925 649.9047 174.7192 697.8831 203.5673 1.5472 1.5709 3.9258 3.6507 1.6586 41.0849 -4.3050 -4.2303
Car -1 -1 -5.2931 761.7809 172.7577 819.3118 200.3025 1.5199 1.5780 3.4574 10.3451 1.5143 41.7076 -5.0520 -4.2848
Car -1 -1 -4.1265 484.4820 177.2854 538.1972 200.7814 1.4999 1.6210 4.1054 -6.6891 1.8146 49.0910 -4.2616 -4.3100
Car -1 -1 -4.9047 744.0048 172.7564 774.2128 194.1624 1.7037 1.6625 4.1681 12.2302 1.6956 59.5187 -4.7034 -4.3224
Car -1 -1 -4.6904 168.5346 181.5850 190.6933 199.6084 1.4795 1.5809 3.7438 -37.6937 2.2685 63.2056 -5.2265 -4.4784
Car -1 -1 -7.5648 325.6507 166.2126 361.7834 187.9681 1.8761 1.8426 4.4185 -23.7649 1.3031 64.4866 -7.9167 -4.4854
Car -1 -1 -4.4360 779.5540 174.6884 820.0054 197.8867 1.5197 1.6362 4.1602 13.1121 1.6517 49.8257 -4.1806 -4.5175
Car -1 -1 -4.5895 793.9041 178.8214 814.4130 194.8755 1.4862 1.5438 3.1941 18.8014 2.0784 69.8797 -4.3281 -4.6121
Car -1 -1 -5.0454 979.6993 184.5732 1054.1602 220.6704 1.4433 1.6659 3.9872 18.0789 2.0022 32.3242 -4.5398 -4.6624
Car -1 -1 -4.8302 1120.6520 191.7767 1153.7072 215.0478 1.5667 1.5542 3.6473 39.1990 3.0278 53.7527 -4.2034 -4.8980
Car -1 -1 -5.0780 577.6145 174.9201 610.1419 191.6994 1.5835 1.7990 4.2303 -1.6407 1.7930 70.9589 -5.1014 -4.9250
Car -1 -1 -4.7547 948.0540 178.5590 991.5827 215.8154 1.5707 1.6017 3.8030 16.4095 1.8486 33.1146 -4.2987 -4.9307
Car -1 -1 -4.5221 603.4253 171.7717 625.8666 187.8629 1.5385 1.5714 3.5083 0.4618 1.4348 70.8627 -4.5159 -4.9567
Car -1 -1 -3.8542 1026.1191 191.3402 1085.0225 210.5712 1.5327 1.6328 4.1807 37.5318 3.1207 60.8487 -3.3042 -4.9604
Car -1 -1 -4.3209 389.2861 177.2614 418.5911 191.7302 1.3734 1.5531 3.5511 -20.3958 1.8210 71.4715 -4.5981 -5.0077
Car -1 -1 -4.3469 447.8893 175.2105 486.3605 196.8409 1.7148 1.6450 4.4885 -11.8638 1.9183 60.0638 -4.5414 -5.0771
Car -1 -1 -4.8915 583.2781 178.0557 630.3435 211.5777 1.6151 1.7449 4.0445 -0.2649 1.9013 37.5808 -4.8991 -5.0809
Car -1 -1 -4.6377 691.9406 170.7451 716.2401 191.7259 1.6453 1.6796 3.8742 7.6507 1.4796 58.6487 -4.5089 -5.1123
Car -1 -1 -4.8397 1163.0948 200.8907 1217.9795 236.1677 1.5284 1.6850 3.6509 29.1993 3.0215 36.4353 -4.1688 -5.1622
Car -1 -1 -4.9439 1187.1451 200.6011 1241.0000 230.9323 1.4729 1.5248 3.8545 34.1455 3.1243 40.8836 -4.2523 -5.2262
Car -1 -1 -6.3029 731.5360 172.6111 787.0660 196.1961 1.6466 1.7153 3.8231 10.6055 1.6294 51.5641 -6.1016 -5.2399
Car -1 -1 -5.1264 735.1490 171.1982 779.4601 195.1526 1.5872 1.6834 3.5844 10.0746 1.4772 49.7398 -4.9280 -5.3303
Car -1 -1 -4.6780 828.8774 182.5650 847.0038 199.6370 1.5266 1.5304 3.6000 21.6985 2.4771 68.6924 -4.3737 -5.3788
Car -1 -1 -4.5407 585.1432 173.6639 611.8542 191.4265 1.6080 1.8235 4.1703 -1.0648 1.6862 67.7210 -4.5567 -5.4528
Car -1 -1 -4.6900 1077.8141 184.3251 1102.7472 204.0217 1.5715 1.7105 3.8614 41.3027 2.5908 62.0581 -4.1054 -5.7435
Car -1 -1 -4.7253 244.5096 179.8338 301.6769 225.2576 1.4003 1.6728 4.1794 -11.8157 1.6652 25.1784 -5.1603 -5.7798
Car -1 -1 -4.3789 356.3251 177.6933 431.3176 213.8321 1.4374 1.7749 4.4404 -9.3860 1.6639 31.5620 -4.6660 -5.8050
Car -1 -1 -4.7332 1167.2034 189.6260 1198.3799 211.5258 1.4109 1.6488 3.7317 40.8205 2.6542 51.5137 -4.0664 -5.8083
Car -1 -1 -4.6282 230.2569 182.7117 325.6394 255.6679 1.4419 1.6724 4.1624 -7.7762 1.7060 17.1069 -5.0494 -5.8456
Car -1 -1 -4.9234 1241.0000 168.9957 1241.0000 197.1144 1.4889 1.6450 3.9936 41.4698 1.2843 40.3244 -4.1279 -5.8867
Car -1 -1 -4.8951 1241.0000 170.4090 1241.0000 196.9513 1.4941 1.6465 3.9922 41.4710 1.3562 42.7363 -4.1284 -5.8867
Car -1 -1 -4.9527 1241.0000 167.1089 1241.0000 197.2143 1.4934 1.6482 3.9997 41.4682 1.2081 37.9136 -4.1266 -5.8867
Car -1 -1 -4.8198 306.6624 180.6922 376.8863 229.3834 1.3622 1.6626 4.2551 -8.7444 1.6386 23.1935 -5.1769 -5.9332
Car -1 -1 -5.7081 0.0000 185.4769 18.1973 374.0000 1.5742 1.8256 4.0344 -8.5100 1.7189 6.8173 -6.5842 -6.1720
