Car -1 -1 -8.4130 955.7705 181.6792 1068.1234 231.8674 1.5833 1.7209 3.4822 13.7418 1.6269 24.1682 -7.9001 6.3693
Car -1 -1 -5.4203 1096.6759 183.6796 1223.0000 233.4744 1.5686 1.6464 3.7740 19.1626 1.6874 24.4429 -4.7602 5.1067
Car -1 -1 -8.4951 1034.4088 184.7937 1152.6069 231.0433 1.4319 1.6091 3.3054 16.3379 1.5875 23.8910 -7.9000 4.9199
Car -1 -1 -7.9505 601.6801 173.8885 637.6461 203.3146 1.4663 1.5668 3.2587 0.7090 1.1370 36.9167 -7.9297 2.5158
Car -1 -1 -4.8666 410.5765 171.5119 438.9901 190.9079 1.4792 1.5902 4.0310 -14.3186 0.7937 56.0867 -5.1134 -0.8196
Car -1 -1 -4.8688 453.0367 168.5885 490.5540 195.4305 1.6639 1.7539 4.3570 -8.7506 0.9256 46.1752 -5.0531 -1.2469
Car -1 -1 -6.7805 819.4056 163.4246 896.3025 192.0529 1.5803 1.5957 3.8071 14.3053 0.6378 40.1117 -6.4387 -1.6745
Car -1 -1 -8.2796 594.3776 173.4936 646.7900 201.3105 1.5075 1.6409 3.6051 0.8263 1.1279 40.2982 -8.2576 -2.1460
Car -1 -1 -7.8967 690.6674 169.6588 718.3127 193.8752 1.5154 1.6182 3.9859 6.4709 0.8370 46.3058 -7.7571 -2.4300
Car -1 -1 -7.6126 617.2210 170.8838 673.8701 207.3440 1.5267 1.6231 4.0175 1.8653 1.1242 31.7645 -7.5528 -2.5152
Car -1 -1 -4.9633 281.0731 168.2977 320.6381 192.3799 1.6126 1.6055 4.0092 -21.2916 0.7955 49.4240 -5.3659 -2.6291
Car -1 -1 -8.3167 951.0055 159.9419 1014.7266 195.9860 1.8521 1.6397 3.4652 20.2580 0.7959 38.0824 -7.8296 -3.0274
Car -1 -1 -7.8292 590.8002 170.6846 628.8572 206.8878 1.5365 1.6171 3.8442 0.2441 1.1201 31.9562 -7.8199 -3.4259
Car -1 -1 -8.1939 459.2688 158.3569 498.5606 182.2733 2.0353 1.9650 4.7496 -11.2121 0.1508 62.7215 -8.3681 -3.6231
Car -1 -1 -2.2245 358.2265 163.6782 398.2668 181.5154 1.6935 1.6505 3.9691 -22.0986 0.0963 68.9433 -2.5314 -3.6453
Car -1 -1 -4.8100 570.1867 174.1678 604.5814 200.3851 1.4678 1.6321 4.1276 -1.0977 1.1134 41.7328 -4.8343 -3.8599
Car -1 -1 -5.1356 1063.8870 190.5395 1223.0000 263.3763 1.4367 1.5739 3.8201 12.3814 1.7008 16.5396 -4.5008 -4.0256
Car -1 -1 -7.6870 383.2783 168.4123 449.5741 216.5259 1.6079 1.6668 3.9848 -6.7854 1.2042 25.6855 -7.9404 -4.0667
Car -1 -1 -4.4037 408.9537 168.1146 437.2523 183.6760 1.4495 1.6274 3.5079 -17.3486 0.2957 67.6578 -4.6518 -4.5299
Car -1 -1 -4.9026 518.4535 178.4313 565.0300 206.0021 1.3660 1.5956 4.7095 -3.4397 1.2637 37.5147 -4.9916 -4.7234
Car -1 -1 -7.8315 415.6750 171.8355 460.8947 213.9449 1.6576 1.7446 4.1099 -7.0428 1.3167 30.0206 -8.0579 -4.7685
Car -1 -1 -2.6743 0.0000 185.9461 0.0000 369.0000 1.5025 1.5786 3.6114 -8.3623 1.5643 6.5172 -3.5577 -4.9929
Car -1 -1 -5.2611 499.6236 173.9788 560.2133 197.2426 1.4862 1.7373 4.9440 -5.1252 1.0696 47.6592 -5.3659 -5.1113
Car -1 -1 -8.3591 1048.2279 183.3059 1161.4303 225.4484 1.5167 1.7261 4.3831 19.5954 1.6371 28.0162 -7.7526 -5.1151
Car -1 -1 -4.6080 529.6889 176.7905 575.2319 208.8677 1.4312 1.7053 4.4592 -2.4618 1.2659 33.8033 -4.6783 -5.1863
Car -1 -1 -3.5624 973.0778 157.7087 1042.7156 185.7068 1.6844 1.5881 3.3638 24.7255 0.3133 43.4876 -3.0469 -5.2213
Car -1 -1 -4.8891 398.8155 171.0401 437.1635 195.7955 1.4997 1.6842 4.0284 -11.9522 0.9267 45.0141 -5.1451 -5.4709
Car -1 -1 -3.0886 553.1934 172.0795 616.6786 194.8680 1.5028 1.6008 4.1811 -1.3171 0.9475 47.4826 -3.1144 -5.5159
Car -1 -1 -4.7899 615.0342 171.3962 660.9062 212.4413 1.5665 1.5875 3.5033 1.2578 1.2193 28.7606 -4.7449 -5.6303
Car -1 -1 -8.1476 869.6569 160.1866 926.9032 193.0866 1.7850 1.8254 4.4042 16.7534 0.6830 40.6408 -7.7577 -5.8666
Car -1 -1 -2.8023 341.4983 178.3871 438.3075 214.1778 1.4071 1.5753 3.4262 -8.7007 1.3242 28.6680 -3.0921 -5.9009
Car -1 -1 -5.3750 365.2871 172.6058 443.1384 202.9170 1.6443 1.8034 4.6642 -11.5391 1.2162 40.4637 -5.6490 -5.9163
Car -1 -1 -7.2571 1127.3783 185.9743 1223.0000 229.0216 1.4925 1.6008 4.2144 21.7194 1.7064 26.2250 -6.5699 -6.0734
Car -1 -1 -3.6400 327.9281 177.0443 441.1704 218.3129 1.4613 1.6454 3.7988 -8.3756 1.3392 26.9678 -3.9361 -6.1793
Car -1 -1 -4.3924 586.6340 174.6069 614.7902 191.6639 1.5450 1.6143 3.4662 -0.3512 1.0111 65.9409 -4.3960 -6.4565
Car -1 -1 -5.7516 0.0000 185.3096 9.7704 353.1906 1.6219 1.7682 3.9727 -9.9440 1.6892 8.3767 -6.6020 -6.4822
