Car -1 -1 -8.4162 956.4778 181.2915 1068.4205 231.3338 1.5812 1.7276 3.4318 13.7525 1.6105 24.1524 -7.9027 6.7126
Car -1 -1 -8.5445 1032.0287 184.8825 1156.5886 230.9368 1.4132 1.6294 3.4136 16.3012 1.5721 23.8104 -7.9489 5.6430
Car -1 -1 -5.4325 1093.6368 183.6179 1223.0000 233.4946 1.5700 1.6707 3.9147 19.1772 1.6872 24.5110 -4.7734 5.5217
Car -1 -1 -7.9294 602.0596 173.7838 638.3428 203.6210 1.4911 1.6259 3.7893 0.7376 1.1556 37.2694 -7.9080 0.8530
Car -1 -1 -7.4169 452.9766 171.1174 499.0354 196.3945 1.5346 1.6100 3.3144 -8.1227 0.9651 44.7356 -7.5935 -0.9298
Car -1 -1 -6.9833 307.4388 167.8110 361.4250 190.0707 1.6994 1.6959 3.7947 -21.3930 0.7307 56.0493 -7.3442 -1.1157
Car -1 -1 -7.8296 480.0835 167.2268 499.3898 184.4735 1.4850 1.5968 3.6536 -10.1939 0.3420 62.7953 -7.9879 -1.5982
Car -1 -1 -8.0080 818.8486 163.5956 862.7750 195.1891 1.7385 1.7337 4.5999 13.6944 0.8084 41.3184 -7.6885 -1.9215
Car -1 -1 -4.9179 317.1235 164.3299 345.2514 181.8685 1.6436 1.7318 4.1905 -26.5255 0.1281 68.4913 -5.2840 -1.9745
Car -1 -1 -8.2194 399.3908 163.1848 437.1677 182.8274 1.5470 1.6566 4.0459 -15.2882 0.1833 57.8130 -8.4746 -2.6866
Car -1 -1 -8.3650 949.0655 163.5384 1017.2092 196.6915 1.7043 1.7047 3.5626 20.3016 0.8325 38.1474 -7.8777 -3.0236
Car -1 -1 -8.0557 679.6758 169.8348 717.7090 196.0661 1.6321 1.6767 4.0271 6.0463 0.9686 46.0611 -7.9244 -3.1800
Car -1 -1 -6.5424 589.4721 175.3406 650.4222 198.0355 1.4760 1.5871 3.7874 0.9803 1.1405 47.2005 -6.5201 -3.4828
Car -1 -1 -8.3156 718.8096 174.4536 782.6727 206.4864 1.4965 1.5885 3.7426 7.1319 1.2142 35.0441 -8.1149 -3.6129
Car -1 -1 -3.5231 544.3129 174.7367 611.0862 197.7110 1.4873 1.6500 4.1549 -1.8280 1.1143 47.3709 -3.5597 -3.6876
Car -1 -1 -8.1033 371.7954 163.3627 399.6638 180.9805 1.6752 1.6639 4.0872 -21.5255 0.0456 69.4088 -8.4009 -3.8580
Car -1 -1 -7.5794 477.8425 171.5737 515.5785 194.7102 1.4850 1.5671 3.6092 -7.1981 0.9122 47.2715 -7.7277 -3.8834
Car -1 -1 -7.8955 568.6122 173.6294 604.4288 204.1113 1.5438 1.7471 4.0994 -1.0567 1.1960 37.9140 -7.9214 -4.2949
Car -1 -1 -7.9072 463.4628 162.9460 485.8931 182.6599 1.6699 1.7268 4.1119 -11.4575 0.1829 62.0930 -8.0869 -4.3650
Car -1 -1 -7.8775 442.8608 160.8598 464.5700 182.4271 1.7132 1.6641 3.9242 -12.4822 0.1530 58.2651 -8.0855 -4.4381
Car -1 -1 -4.6324 599.1291 176.1260 630.1064 202.3866 1.4857 1.5436 3.6767 0.5982 1.2384 41.9059 -4.6166 -4.4583
Car -1 -1 -4.4791 592.3088 173.4026 622.3557 193.3677 1.5297 1.5746 3.6793 0.2274 0.9859 56.1457 -4.4734 -4.5185
Car -1 -1 -7.9189 520.9330 165.9223 539.8892 181.7958 1.5510 1.6535 3.8684 -7.4999 0.1265 71.1312 -8.0216 -4.5615
Car -1 -1 -5.2825 503.2719 174.7769 578.6964 206.3104 1.5450 1.7393 4.5609 -3.4321 1.2647 36.9765 -5.3726 -4.6203
Car -1 -1 -5.2538 892.8232 169.1517 963.2817 201.3374 1.6167 1.6385 3.8477 17.0371 1.0468 37.5211 -4.8291 -4.6707
Car -1 -1 -4.2379 407.7171 167.5571 444.2909 184.6469 1.5861 1.6953 4.1289 -17.1005 0.3848 67.8265 -4.4819 -4.6869
Car -1 -1 -7.6100 528.6705 171.4025 558.2759 190.9486 1.5788 1.5939 3.7812 -5.0948 0.8439 59.1050 -7.6938 -4.8027
Car -1 -1 -5.2766 481.9661 171.6302 531.0655 193.1078 1.5510 1.7522 4.0763 -7.4379 0.9105 53.1829 -5.4130 -4.8451
Car -1 -1 -8.1148 868.6269 169.3558 918.0974 199.8257 1.5648 1.6291 3.4201 15.4635 0.9926 38.1073 -7.7305 -4.8602
Car -1 -1 -2.3664 0.0000 176.1606 40.2301 357.2835 1.6624 1.6673 3.9539 -8.6883 1.6230 7.4481 -3.2058 -4.9899
Car -1 -1 -3.0929 593.3619 171.5329 643.7189 190.0154 1.6574 1.7405 4.5070 1.2781 0.8532 64.4289 -3.0715 -5.2322
Car -1 -1 -6.3259 638.2350 172.5734 682.2668 189.9445 1.5479 1.5974 3.9004 4.9825 0.8415 63.8736 -6.2468 -5.2343
Car -1 -1 -7.6440 370.4665 165.9776 402.4493 186.5211 1.7367 1.7553 4.5901 -19.1358 0.5089 62.1346 -7.9395 -5.2459
Car -1 -1 -7.5528 393.5867 163.1918 425.8194 182.7923 1.8677 1.7248 4.7485 -19.1937 0.2183 69.7755 -7.8183 -5.4388
Car -1 -1 -5.1116 423.3275 175.0074 471.5122 199.2225 1.4736 1.6985 3.6888 -10.0749 1.1394 45.0223 -5.3285 -5.4905
Car -1 -1 -7.8901 717.6608 173.3973 790.3741 241.2662 1.7000 1.7983 4.3996 4.0711 1.5224 20.0270 -7.6911 -5.7167
Car -1 -1 -3.6346 972.3421 158.5962 1041.6979 184.7995 1.5845 1.5534 3.3813 24.7242 0.2601 43.5679 -3.1199 -5.7271
Car -1 -1 -4.9600 594.7133 175.2404 646.8629 206.3982 1.4229 1.6792 3.6347 0.6861 1.1829 34.2481 -4.9385 -5.8097
Car -1 -1 -5.7686 0.0000 182.7068 9.5217 338.1844 1.6609 1.7717 4.0337 -10.5784 1.6943 9.0832 -6.6110 -6.6267
Car -1 -1 -8.4136 1043.2969 186.0381 1157.6201 228.6663 1.5303 1.6249 4.3796 19.5397 1.7686 28.1809 -7.8112 -6.7953
