Car -1 -1 -8.5624 1033.1475 185.0309 1154.9204 231.1450 1.4181 1.6312 3.2486 16.2847 1.5816 23.7829 -7.9667 6.7243
Car -1 -1 -8.4132 957.7122 181.6003 1068.2926 231.1854 1.5653 1.6969 3.4108 13.7661 1.6059 24.1395 -7.8991 6.1895
Car -1 -1 -5.4382 1093.6659 183.5216 1223.0000 233.1242 1.5610 1.6689 3.8772 19.1510 1.6744 24.4830 -4.7793 4.9873
Car -1 -1 -7.9673 600.1110 173.8498 636.5652 203.2869 1.4658 1.5319 3.3453 0.6392 1.1348 36.9451 -7.9484 2.8800
Car -1 -1 -4.9447 597.7682 173.8442 640.7898 201.2113 1.4910 1.6502 3.7108 0.7561 1.1285 40.5091 -4.9245 -2.1886
Car -1 -1 -7.0015 817.5920 161.7744 895.8439 192.7182 1.7024 1.6819 4.1323 14.3848 0.6723 40.4427 -6.6605 -2.2035
Car -1 -1 -7.8284 436.9224 169.7585 472.5502 204.2243 1.6242 1.6331 3.8270 -7.4797 1.1182 35.3471 -8.0333 -2.4880
Car -1 -1 -7.7976 552.4142 166.7477 573.6003 186.6922 1.8119 1.7431 4.2259 -3.8874 0.5624 66.3477 -7.8541 -2.5334
Car -1 -1 -7.8584 479.6578 165.6072 499.0503 184.7530 1.6502 1.6536 3.7552 -10.2794 0.3665 62.9300 -8.0177 -2.7154
Car -1 -1 -5.0134 608.4723 173.7782 668.6235 210.0371 1.4676 1.6334 3.4509 1.3596 1.1958 30.4947 -4.9676 -2.9316
Car -1 -1 -6.0174 477.4960 169.7525 526.5033 188.5352 1.5650 1.5555 3.8361 -8.6978 0.6695 59.9233 -6.1590 -3.1240
Car -1 -1 -4.5336 568.8066 172.1286 602.3923 196.2937 1.4997 1.5813 3.4276 -1.2218 0.9803 45.6957 -4.5584 -3.1754
Car -1 -1 -4.6307 378.1807 163.7773 399.8225 181.0906 1.6594 1.7031 4.1774 -21.3206 0.0565 69.9877 -4.9232 -3.2149
Car -1 -1 -4.9958 1088.6952 189.6835 1223.0000 261.4921 1.4158 1.5674 4.1407 12.9033 1.6621 16.7203 -4.3463 -3.6186
Car -1 -1 -7.9144 689.2567 169.7917 718.2786 195.4588 1.5996 1.6371 3.8371 6.3858 0.9323 46.0396 -7.7758 -3.7814
Car -1 -1 -7.5507 454.7386 168.5149 495.2068 194.9825 1.6254 1.6347 3.2642 -8.2642 0.8895 45.1412 -7.7288 -3.8034
Car -1 -1 -6.6634 347.1834 169.8015 408.8936 192.6971 1.6160 1.6196 3.9898 -16.5955 0.8609 51.7946 -6.9699 -4.0135
Car -1 -1 -4.4518 569.3906 174.9649 623.8734 209.9409 1.4241 1.5818 3.1823 -0.3345 1.1989 30.5257 -4.4609 -4.1601
Car -1 -1 -8.2372 948.0824 160.2605 1015.8756 195.2611 1.7923 1.7689 4.2543 20.3603 0.7560 38.4134 -7.7515 -4.3854
Car -1 -1 -3.4281 565.9946 176.9180 651.1141 214.1766 1.3988 1.4800 3.0367 0.0930 1.2646 27.6772 -3.4230 -4.4120
Car -1 -1 -2.7571 331.3630 172.8373 401.7124 198.8362 1.4984 1.6856 3.5604 -14.0399 1.0569 41.7050 -3.0777 -4.4902
Car -1 -1 -8.0669 605.6188 167.0088 630.0066 183.5780 1.6215 1.6691 3.9185 1.2891 0.3011 71.2783 -8.0471 -4.5019
Car -1 -1 -2.5664 0.0000 181.6947 4.0776 369.0000 1.5089 1.6562 3.9886 -8.4727 1.5227 6.5706 -3.4524 -4.6342
Car -1 -1 -6.1605 506.8955 171.0286 560.8036 191.3256 1.5990 1.6421 4.1205 -5.6551 0.8528 56.5750 -6.2578 -4.6985
Car -1 -1 -4.5441 418.7210 167.8821 448.0509 188.3146 1.5638 1.6211 3.9092 -13.5708 0.5981 56.1165 -4.7782 -4.6990
Car -1 -1 -8.2841 869.3028 162.4293 931.9658 193.2925 1.6769 1.6904 4.2326 16.8560 0.6952 40.5628 -7.8914 -4.7554
Car -1 -1 -2.1562 222.8021 159.8118 286.5696 185.2336 1.7304 1.8763 4.5131 -24.8255 0.3222 50.0767 -2.6120 -4.8955
Car -1 -1 -3.3896 965.6447 150.7571 1042.4135 181.4032 1.8432 1.6810 3.8453 24.6605 0.0544 43.8364 -2.8785 -5.1123
Car -1 -1 -5.0531 509.7771 171.9278 547.7466 194.3896 1.6323 1.7191 3.6921 -5.7900 1.0094 53.4187 -5.1587 -5.5406
Car -1 -1 -2.2378 0.0000 179.5580 16.1797 369.0000 1.4409 1.5671 4.0450 -6.0730 1.4373 3.9594 -3.1924 -5.6797
Car -1 -1 -7.5349 261.5476 171.2031 319.2234 198.0133 1.3058 1.6559 3.5638 -16.0891 0.8532 36.2881 -7.9471 -5.7238
Car -1 -1 -5.3654 324.2258 173.9325 408.6155 209.4494 1.6049 1.6902 4.0914 -11.4517 1.3083 33.7971 -5.6876 -5.9411
Car -1 -1 -7.8390 588.5624 169.7299 611.5623 193.5435 1.5542 1.5015 4.1517 -0.3055 0.8514 48.2302 -7.8436 -6.0548
Car -1 -1 -5.7694 0.0000 184.4203 10.8058 345.4713 1.5526 1.7542 4.0276 -9.9621 1.6077 8.3825 -6.6203 -6.4505
Car -1 -1 -7.7990 240.8277 173.0387 275.3524 200.4403 1.3091 1.3657 3.2773 -17.4202 0.9528 35.5553 -8.2492 -6.6263
