Car -1 -1 -8.4185 956.1424 181.5893 1068.3857 231.6204 1.5789 1.7195 3.4545 13.7488 1.6191 24.1588 -7.9053 6.9700
Car -1 -1 -8.5514 1031.2638 184.8632 1157.0225 231.6697 1.4369 1.6641 3.4101 16.3006 1.5951 23.8183 -7.9559 5.9308
Car -1 -1 -5.4379 1093.8647 183.3011 1223.0000 233.9057 1.5947 1.6528 3.8633 19.1452 1.6998 24.4829 -4.7791 5.3537
Car -1 -1 -7.9386 601.7516 172.9170 636.6732 203.4430 1.5205 1.5573 3.1097 0.6861 1.1429 36.8194 -7.9184 3.1167
Car -1 -1 -7.9224 478.0662 167.6964 499.1935 185.4002 1.5235 1.6120 3.6267 -10.3419 0.4216 62.7949 -8.0830 -0.8585
Car -1 -1 -7.9181 455.3190 169.3981 484.6376 194.4186 1.5351 1.6137 3.8046 -8.7139 0.8540 45.4229 -8.1045 -0.9781
Car -1 -1 -5.2969 597.0033 173.3661 660.4144 201.6104 1.4972 1.6329 3.9562 1.2580 1.1192 39.5926 -5.2637 -1.7254
Car -1 -1 -7.6215 616.1959 171.0292 671.9457 207.3878 1.5252 1.6191 4.0134 1.8013 1.1281 31.8138 -7.5638 -1.9159
Car -1 -1 -6.8312 808.7462 163.6434 883.9921 193.4725 1.6426 1.6802 3.7130 13.6757 0.7145 40.1619 -6.5037 -2.1623
Car -1 -1 -8.3061 952.7210 161.1126 1014.8259 195.7933 1.7779 1.5900 3.4298 20.2593 0.7842 37.9892 -7.8180 -2.8217
Car -1 -1 -5.5650 270.2537 172.8816 399.1393 229.0690 1.5690 1.5012 3.4579 -8.0775 1.3566 21.0539 -5.9245 -3.2500
Car -1 -1 -8.1636 676.0129 169.1299 719.6690 196.1201 1.6759 1.6702 4.0059 5.9821 0.9700 46.0239 -8.0335 -3.3520
Car -1 -1 -2.5047 600.2253 171.3184 655.5616 192.5974 1.6326 1.6981 4.2138 1.8035 0.9281 56.2211 -2.4711 -3.3942
Car -1 -1 -4.7600 591.6266 168.3016 632.7564 207.2889 1.6534 1.6622 4.1465 0.2440 1.1363 32.0886 -4.7507 -3.5093
Car -1 -1 -7.3313 407.8864 169.4756 443.2860 186.4823 1.5792 1.6548 3.6949 -17.1059 0.5554 67.6567 -7.5761 -3.5923
Car -1 -1 -7.7166 728.0533 173.2444 767.9913 203.3668 1.5417 1.6232 3.7176 7.7562 1.1705 38.2112 -7.5163 -3.6984
Car -1 -1 -6.5208 351.4236 179.5383 500.8023 234.5083 1.4758 1.5796 3.9619 -5.2267 1.4503 20.5987 -6.7639 -3.7684
Car -1 -1 -4.9125 355.1533 170.2462 387.3064 192.0139 1.5517 1.5779 3.6333 -17.3386 0.8208 52.3696 -5.2286 -3.8113
Car -1 -1 -5.0836 570.5989 172.5926 622.0936 199.4433 1.5245 1.6577 4.2478 -0.5893 1.0756 42.4226 -5.0957 -4.0575
Car -1 -1 -6.7870 594.2377 174.2411 652.2749 196.9532 1.4789 1.6075 3.5711 1.2297 1.0714 47.5731 -6.7596 -4.1600
Car -1 -1 -2.4462 439.4362 165.5926 484.9445 183.2494 1.4969 1.6073 3.7190 -12.4198 0.2330 61.5364 -2.6425 -4.2359
Car -1 -1 -6.1547 504.7601 170.4300 561.4829 190.3046 1.5720 1.6733 4.3558 -5.7371 0.7755 56.8276 -6.2530 -4.2831
Car -1 -1 -4.9837 1084.7725 190.5701 1223.0000 262.1712 1.4124 1.5801 4.0793 12.8009 1.6825 16.7497 -4.3388 -4.3085
Car -1 -1 -2.6728 166.2882 168.5384 263.9561 198.8607 1.4711 1.7151 3.9104 -19.3740 0.8909 35.2149 -3.1701 -4.4033
Car -1 -1 -5.8728 478.1108 171.4947 524.4293 190.3825 1.5656 1.5441 3.5575 -8.7544 0.8191 59.8222 -6.0157 -4.4121
Car -1 -1 -5.0650 500.6987 164.1109 532.7353 182.8608 1.6881 1.7306 3.8707 -8.2218 0.2124 65.7733 -5.1869 -4.4510
Car -1 -1 -3.3422 564.7318 176.2610 650.0411 213.8763 1.4171 1.4768 3.1046 0.0393 1.2576 27.6654 -3.3391 -4.4671
Car -1 -1 -3.6712 967.5726 154.6447 1043.7603 181.7137 1.6308 1.6398 3.7590 24.5700 0.0732 43.4479 -3.1579 -4.7154
Car -1 -1 -2.8994 588.2360 171.3792 635.8768 189.9707 1.6601 1.6459 4.0652 0.6717 0.8456 64.4413 -2.8873 -4.9580
Car -1 -1 -2.6537 0.0000 190.9126 0.0000 369.0000 1.4341 1.4920 2.9503 -7.7747 1.5473 6.4384 -3.5069 -4.9754
Car -1 -1 -8.0762 431.0758 161.3306 463.5326 181.5555 1.6495 1.7520 4.4855 -13.4220 0.0860 60.0685 -8.2930 -4.9839
Car -1 -1 -6.4543 147.8022 172.0956 249.5911 203.7922 1.3823 1.6108 3.8694 -18.7603 1.0160 32.6833 -6.9693 -5.0856
Car -1 -1 -7.3857 393.3989 161.7528 430.1168 183.4509 2.0794 1.8826 4.0240 -19.0374 0.2826 69.9201 -7.6485 -5.2785
Car -1 -1 -4.6639 551.9775 171.0584 576.3361 190.4486 1.3617 1.5778 4.0300 -2.9478 0.6987 51.6741 -4.7188 -5.3888
Car -1 -1 -8.1878 437.6962 175.0990 506.9335 212.2065 1.4746 1.6788 4.0482 -5.7716 1.2602 30.2703 -8.3725 -5.4243
Car -1 -1 -7.8600 385.9711 163.6835 404.5862 182.6729 1.8295 1.7263 3.9062 -20.8122 0.2092 70.2393 -8.1450 -5.7786
Car -1 -1 -7.7105 329.0996 181.6013 417.2435 251.8301 1.4542 1.4242 3.6786 -5.3758 1.4834 16.6310 -8.0159 -5.8024
Car -1 -1 -7.8901 442.3257 178.1069 479.9769 205.9016 1.3121 1.7196 3.3906 -7.2244 1.1993 35.2269 -8.0889 -5.8573
Car -1 -1 -2.0202 234.4131 165.8281 281.8225 188.7504 1.5561 1.6001 3.5971 -24.4209 0.5601 49.7434 -2.4722 -6.0491
Car -1 -1 -7.0577 1126.0935 187.2219 1223.0000 229.4575 1.4627 1.6053 4.0817 21.5233 1.7171 25.7649 -6.3664 -6.1239
Car -1 -1 -5.7545 0.0000 183.4579 5.2972 330.8475 1.5738 1.7579 3.9902 -10.5954 1.6182 9.0626 -6.5987 -6.5072
Car -1 -1 -7.9942 1086.7543 187.3984 1157.2423 228.4200 1.4452 1.6031 4.5646 20.4048 1.7430 28.1075 -7.3702 -6.9129
