Car -1 -1 -8.4091 955.8923 181.7323 1068.7477 231.6939 1.5757 1.7271 3.5160 13.7589 1.6212 24.1797 -7.8959 7.0174
Car -1 -1 -8.5576 1034.0598 184.6535 1154.4286 230.9943 1.4279 1.6071 3.2257 16.2908 1.5778 23.7787 -7.9617 6.0706
Car -1 -1 -5.4340 1095.1132 183.8373 1223.0000 233.4092 1.5593 1.6563 3.8285 19.1627 1.6843 24.4658 -4.7744 5.0366
Car -1 -1 -7.9447 601.5565 173.3393 637.9804 203.5353 1.5044 1.6087 3.2520 0.7137 1.1478 36.9048 -7.9238 2.6919
Car -1 -1 -7.5981 457.9617 168.7211 494.9803 195.2916 1.6337 1.5569 3.2099 -8.1704 0.9095 45.1341 -7.7741 -1.4075
Car -1 -1 -6.8263 805.9236 163.6192 875.7344 193.1132 1.6277 1.6329 3.4111 13.3729 0.6962 40.1934 -6.5058 -1.7530
Car -1 -1 -8.2883 468.8195 167.7471 503.5281 185.4606 1.5232 1.6109 3.7623 -10.5657 0.4265 62.8084 -8.4523 -1.8652
Car -1 -1 -4.9393 596.9507 174.9993 639.6391 201.5832 1.4574 1.6674 3.6915 0.7049 1.1559 40.7393 -4.9204 -2.0563
Car -1 -1 -8.2387 597.6204 174.0271 662.4721 209.6117 1.4754 1.6138 3.6381 1.0191 1.2072 31.3002 -8.2048 -2.1521
Car -1 -1 -7.9140 688.0107 169.8015 717.3598 195.5047 1.6064 1.6605 3.9513 6.3394 0.9379 46.2241 -7.7770 -2.9836
Car -1 -1 -7.2983 407.9061 170.1690 443.2090 186.4199 1.5100 1.6189 3.5911 -17.1102 0.5499 67.6535 -7.5432 -3.2733
Car -1 -1 -7.3238 275.1257 168.7493 344.0454 198.2551 1.4697 1.5972 3.8765 -15.4920 0.8846 37.2505 -7.7131 -3.4594
Car -1 -1 -7.6616 567.1465 176.5143 605.9851 201.5944 1.3652 1.5324 3.7257 -1.0200 1.1484 40.4531 -7.6849 -3.5304
Car -1 -1 -6.0949 479.7293 170.7760 528.4034 189.7195 1.5857 1.6680 3.8517 -8.5427 0.7717 60.1138 -6.2336 -3.5393
Car -1 -1 -6.2119 506.0561 170.7040 560.2618 190.5653 1.5703 1.6735 4.2215 -5.7274 0.7958 56.7948 -6.3101 -3.7291
Car -1 -1 -5.0040 1070.3981 180.2090 1155.7585 224.5040 1.6169 1.6438 3.9491 19.9218 1.6065 27.9422 -4.3885 -3.9006
Car -1 -1 -8.2424 559.7509 173.0608 627.8342 209.5942 1.5274 1.6287 4.0718 -0.6014 1.2166 31.7526 -8.2594 -3.9756
Car -1 -1 -8.2710 450.2141 161.5763 489.1015 183.1743 1.8256 1.7531 4.3291 -11.8957 0.2260 62.0434 -8.4577 -4.0425
Car -1 -1 -5.3577 1048.1740 189.2777 1223.0000 259.2349 1.4108 1.5467 3.5847 12.2280 1.6385 16.5155 -4.7281 -4.1079
Car -1 -1 -5.1392 239.4632 155.4897 289.6466 184.1525 2.0561 1.8073 4.2027 -25.4250 0.2620 52.7628 -5.5839 -4.2596
Car -1 -1 -6.8156 423.4814 174.6818 520.1868 209.2950 1.4683 1.5724 4.0509 -5.9838 1.2217 31.9138 -6.9974 -4.2604
Car -1 -1 -5.1270 559.0984 175.0588 605.1076 197.6510 1.4748 1.6155 4.1356 -1.6176 1.1197 48.3702 -5.1585 -4.4474
Car -1 -1 -7.9337 546.0311 174.6482 588.3386 210.9006 1.4757 1.5611 3.3130 -1.7038 1.2378 30.5277 -7.9872 -4.4576
Car -1 -1 -8.3864 981.1086 146.4892 1044.8044 174.9229 1.6858 1.6689 4.0200 25.7140 -0.3687 44.7337 -7.8660 -4.5203
Car -1 -1 -7.9881 547.6385 172.4186 582.7876 199.9293 1.5131 1.5897 3.3047 -2.3366 1.0688 40.6617 -8.0433 -4.6072
Car -1 -1 -6.9307 599.7628 174.3035 663.1223 197.3756 1.4919 1.6450 4.0953 1.7982 1.0913 47.5659 -6.8915 -4.6256
Car -1 -1 -1.9565 241.1685 160.6986 287.2378 184.4239 1.6171 1.7338 3.5615 -24.1331 0.2675 50.0315 -2.4015 -4.6552
Car -1 -1 -7.8703 538.1752 176.7729 586.6615 226.1499 1.4475 1.4229 3.5234 -1.4226 1.3386 22.5388 -7.9308 -4.6870
Car -1 -1 -8.1343 545.6986 171.9649 586.8383 197.3251 1.6138 1.7423 3.8348 -2.6275 1.0707 47.0903 -8.1880 -4.8113
Car -1 -1 -2.6656 0.0000 186.9518 0.0000 369.0000 1.4880 1.5738 3.6436 -8.3872 1.5610 6.5119 -3.5509 -4.9150
Car -1 -1 -8.3351 948.7947 160.3600 1016.7811 196.2612 1.8483 1.7262 3.6720 20.3300 0.8116 38.2424 -7.8482 -5.2713
Car -1 -1 -7.8033 244.3134 172.7382 278.9293 200.1316 1.3344 1.4230 3.0978 -17.5301 0.9565 36.1454 -8.2495 -5.3529
Car -1 -1 -7.9600 451.7877 167.0909 475.6125 184.5889 1.6188 1.7976 4.3196 -13.5443 0.3781 67.7394 -8.1546 -5.4549
Car -1 -1 -2.3027 0.0000 181.3004 29.4064 369.0000 1.3991 1.5522 4.1506 -6.0541 1.4052 3.9314 -3.2589 -5.6777
Car -1 -1 -4.9619 354.1917 165.1716 393.7780 189.4695 1.7177 1.7191 4.5764 -17.1516 0.6341 52.3782 -5.2747 -6.0534
Car -1 -1 -2.6909 545.3889 177.8598 632.3619 208.1623 1.4157 1.5849 3.9567 -0.8146 1.2925 34.5750 -2.7126 -6.2550
Car -1 -1 -5.7676 0.0000 184.1397 5.1303 348.3872 1.5880 1.7135 3.9646 -9.9786 1.6390 8.3651 -6.6203 -6.5837
Car -1 -1 -6.9157 1119.4060 188.2990 1223.0000 229.3042 1.4223 1.6642 4.0292 21.4096 1.7178 25.8249 -6.2281 -6.6864
