Car -1 -1 -8.5555 1033.5095 184.9181 1156.2245 231.3345 1.4265 1.6489 3.2773 16.3024 1.5860 23.7722 -7.9591 6.5679
Car -1 -1 -5.4261 1093.8590 183.3000 1223.0000 233.4182 1.5811 1.6638 3.8866 19.1652 1.6863 24.5128 -4.7673 5.3738
Car -1 -1 -8.4242 956.9982 182.3844 1068.6329 231.6293 1.5486 1.6924 3.4337 13.7533 1.6179 24.1308 -7.9104 4.7263
Car -1 -1 -7.8818 603.2735 172.9672 634.2672 202.5347 1.4748 1.5242 3.1721 0.6664 1.0993 36.8598 -7.8622 2.0116
Car -1 -1 -8.2089 948.1620 160.0578 1009.4886 190.8557 1.5800 1.6618 3.9248 20.1591 0.5314 38.3253 -7.7264 -1.1575
Car -1 -1 -8.1072 811.3622 162.8925 862.2926 195.5595 1.8005 1.7399 4.4874 13.4359 0.8302 41.2637 -7.7930 -2.9098
Car -1 -1 -2.3385 454.8985 161.3971 505.1602 183.5203 1.8990 1.7990 4.4651 -11.0926 0.2592 62.7350 -2.5107 -3.1255
Car -1 -1 -7.9848 684.8621 169.7186 718.6755 195.7779 1.6309 1.6780 3.9967 6.2778 0.9562 46.2526 -7.8491 -3.2516
Car -1 -1 -7.5631 247.2780 172.5515 301.0720 203.4058 1.5784 1.5924 3.7980 -17.7950 1.1719 38.1616 -7.9945 -3.2583
Car -1 -1 -7.6634 457.9167 167.8035 493.1057 194.6315 1.6512 1.5877 3.4234 -8.2487 0.8698 45.2390 -7.8407 -3.3191
Car -1 -1 -7.9685 574.1678 173.8954 612.7969 204.6149 1.5335 1.6291 3.5767 -0.6675 1.2040 37.1750 -7.9846 -3.3564
Car -1 -1 -7.8951 734.9698 176.4747 767.9493 204.5220 1.4382 1.5847 3.6656 7.8508 1.2319 38.1916 -7.6923 -3.4631
Car -1 -1 -8.2574 559.8486 173.2718 629.4461 209.4585 1.5169 1.6321 4.1453 -0.5667 1.2141 31.8645 -8.2732 -3.5006
Car -1 -1 -5.4662 362.3195 162.8848 415.1967 183.2495 1.5859 1.7420 4.0916 -17.3847 0.2141 56.8400 -5.7596 -3.7751
Car -1 -1 -6.9156 410.0468 165.4298 461.2390 183.5691 1.4295 1.6106 3.8557 -13.7787 0.2418 57.7101 -7.1468 -3.8440
Car -1 -1 -5.1180 1077.8826 187.2884 1223.0000 259.6142 1.4490 1.5915 4.0731 12.8884 1.6308 16.7398 -4.4695 -3.9838
Car -1 -1 -5.9552 602.7156 170.7768 658.3618 191.6862 1.6251 1.6613 4.1256 2.0497 0.8694 56.4670 -5.9174 -3.9893
Car -1 -1 -6.0835 473.0710 169.3344 523.5668 188.1718 1.5758 1.6507 3.9936 -9.0254 0.6417 60.0758 -6.2300 -4.1757
Car -1 -1 -7.2932 404.5534 166.3153 444.9899 183.6522 1.6008 1.7210 4.2908 -17.1554 0.2909 67.5916 -7.5388 -4.3156
Car -1 -1 -4.7095 216.2777 179.5318 258.9674 215.5098 1.5029 1.6028 4.1138 -16.4826 1.4627 31.7327 -5.1828 -4.3337
Car -1 -1 -6.6648 1062.3831 151.5367 1155.9618 180.1825 1.6959 1.6982 4.3339 30.7211 -0.0199 43.2186 -6.0486 -4.4348
Car -1 -1 -6.7845 423.0320 175.2284 520.0113 209.3238 1.4468 1.5750 4.0370 -5.9975 1.2233 31.8875 -6.9669 -4.5787
Car -1 -1 -2.1313 234.2191 160.9530 289.0795 184.5764 1.6157 1.6954 3.8962 -24.3476 0.2788 50.1133 -2.5791 -4.6019
Car -1 -1 -5.0819 570.7312 173.1452 613.5955 196.8465 1.4902 1.5686 3.7479 -0.8919 1.0278 46.4861 -5.0992 -4.6690
Car -1 -1 -5.0747 704.9508 167.7690 753.5643 195.6586 1.6374 1.6253 4.0275 7.5991 0.8901 43.6426 -4.9018 -4.6818
Car -1 -1 -7.9376 407.0515 163.5261 430.0455 181.6586 1.4515 1.5359 3.8538 -15.4863 0.0927 58.6733 -8.1924 -4.7166
Car -1 -1 -4.9261 572.4453 173.6043 614.2325 200.9972 1.4890 1.6325 3.7290 -0.7272 1.1143 40.4358 -4.9423 -4.7875
Car -1 -1 -2.5236 0.0000 173.1217 27.8269 369.0000 1.6768 1.7846 4.1755 -8.7353 1.6181 7.0464 -3.3919 -4.7887
Car -1 -1 -7.8400 577.0152 174.4984 619.7963 214.1126 1.4966 1.6167 3.9151 -0.2665 1.2701 28.6753 -7.8474 -4.8360
Car -1 -1 -8.1724 607.0632 164.1274 637.3092 182.9533 1.7661 1.7670 3.9980 1.6537 0.2300 68.4972 -8.1466 -4.8441
Car -1 -1 -7.5580 796.4142 176.3243 866.3805 216.2419 1.4898 1.5881 4.0150 9.1546 1.3342 28.4915 -7.2487 -4.9172
Car -1 -1 -2.7762 194.4289 172.8769 284.7574 202.0712 1.4396 1.5984 3.7471 -18.4857 1.0639 35.8566 -3.2468 -4.9761
Car -1 -1 -7.8574 260.5061 155.4700 288.5670 185.4023 2.1564 1.8464 4.1749 -24.8623 0.3532 53.2204 -8.2902 -5.1668
Car -1 -1 -4.7108 397.9721 165.5169 418.1213 182.1335 1.4509 1.7015 4.0453 -17.7731 0.1425 63.9116 -4.9788 -5.1715
Car -1 -1 -3.7368 974.7426 154.7079 1045.3811 181.8013 1.6258 1.5930 3.4602 24.7969 0.0782 43.3560 -3.2187 -5.1920
Car -1 -1 -7.4067 0.0000 197.0597 29.6766 369.0000 1.4298 1.6438 4.0941 -6.4352 1.6135 5.6203 -8.2301 -5.4122
Car -1 -1 -4.2638 480.4407 172.3847 520.3303 193.3613 1.5506 1.6730 3.4856 -7.9708 0.9507 54.1789 -4.4073 -5.5411
Car -1 -1 -4.5014 533.7581 174.5838 571.9015 199.2257 1.4249 1.5446 3.7703 -3.1240 1.0829 42.8590 -4.5719 -5.6086
Car -1 -1 -4.3235 499.6577 174.0485 548.3071 199.3170 1.4334 1.5396 3.8260 -4.7847 1.0675 42.1586 -4.4339 -5.7189
Car -1 -1 -7.9369 1088.0890 187.2073 1151.7808 228.0435 1.4363 1.6301 4.6039 20.2905 1.7253 28.0475 -7.3145 -5.8662
Car -1 -1 -9.1891 0.0000 0.0000 1223.0000 369.0000 1.4874 1.5950 3.8422 6.3335 1.4259 1.3443 -7.8743 -5.8867
Car -1 -1 -5.9090 1223.0000 151.4125 1223.0000 369.0000 1.5207 1.6083 3.9621 8.5716 1.4834 2.9103 -4.6974 -5.8867
Car -1 -1 -3.4941 0.0000 189.2354 0.0000 369.0000 1.4806 1.5990 3.9510 -6.2995 1.5314 2.0858 -4.6978 -5.8867
Car -1 -1 -8.4286 0.0000 0.0000 935.8893 369.0000 1.5376 1.5874 3.8043 0.6813 1.5697 0.9644 -7.9398 -5.8867
Car -1 -1 -9.1136 0.0000 0.0000 1223.0000 369.0000 1.4969 1.5883 3.9021 2.2807 1.5304 0.4949 -7.8858 -5.8867
Car -1 -1 -3.5144 0.0000 191.3629 0.0000 369.0000 1.4800 1.5964 3.9482 -7.9082 1.5553 2.8875 -4.6977 -5.8867
Car -1 -1 -3.6688 0.0000 187.8768 1.2965 369.0000 1.4885 1.6010 3.9530 -4.6910 1.5357 2.4889 -4.6976 -5.8867
Car -1 -1 -8.7251 1009.3680 175.9425 1141.2329 220.6173 1.6189 1.6642 4.2393 18.3570 1.4540 27.8915 -8.1467 -5.9559
Car -1 -1 -4.9123 590.4265 167.5566 625.4092 192.2111 1.8154 1.8037 4.6746 0.1788 0.8623 54.5300 -4.9073 -6.1160
Car -1 -1 -7.7647 519.2222 167.1514 540.7166 185.8595 1.8304 1.7701 4.3402 -7.5112 0.5242 71.3580 -7.8673 -6.1304
Car -1 -1 -5.5708 0.0000 174.7751 11.0096 283.4962 1.4904 1.8367 4.0402 -12.0011 1.4123 10.8233 -6.3913 -6.3195
Car -1 -1 -7.7443 544.7344 171.1146 582.9884 200.8893 1.4589 1.5467 3.9855 -2.0983 0.9992 36.6759 -7.7992 -6.3387
Car -1 -1 -5.2981 0.0000 191.0619 6.8810 340.1023 1.5115 1.7113 3.7925 -9.6899 1.6553 8.4651 -6.1307 -6.4487
Car -1 -1 -6.4529 348.4792 165.9875 407.6471 188.6307 1.4851 1.5831 3.6054 -15.3729 0.5333 47.9046 -6.7596 -6.5152
