Car -1 -1 -8.5372 1034.4849 184.1548 1156.4762 231.2772 1.4525 1.6245 3.3165 16.3278 1.5846 23.7827 -7.9403 6.3127
Car -1 -1 -8.4099 956.4141 181.3608 1068.6331 230.4570 1.5495 1.7043 3.5094 13.7591 1.5813 24.1661 -7.8965 6.1047
Car -1 -1 -5.4280 1094.4504 184.5386 1223.0000 233.3529 1.5295 1.6880 3.8988 19.1795 1.6809 24.4767 -4.7682 5.5033
Car -1 -1 -7.9663 600.9548 173.2416 637.7511 203.3773 1.5035 1.5508 3.4101 0.6931 1.1415 37.0433 -7.9460 2.5433
Car -1 -1 -6.8405 820.7583 163.1935 895.4283 191.4704 1.5603 1.6127 3.7043 14.3557 0.6055 40.1973 -6.4982 -0.4672
Car -1 -1 -8.0895 451.0665 168.3283 491.2900 194.0546 1.5808 1.6609 4.0210 -8.6825 0.8330 45.6203 -8.2745 -0.6161
Car -1 -1 -4.6944 480.4184 167.5724 499.5699 185.9865 1.5849 1.6056 3.6991 -10.1713 0.4721 62.7981 -4.8524 -1.4413
Car -1 -1 -3.5779 423.5744 173.6966 522.6181 209.9671 1.5356 1.6567 4.0571 -5.9179 1.2477 31.7832 -3.7585 -2.2478
Car -1 -1 -7.6246 616.9356 174.1793 670.5043 208.7411 1.4477 1.5740 3.7727 1.7697 1.1832 31.6487 -7.5676 -2.5225
Car -1 -1 -4.7990 600.2716 174.4242 634.7306 201.2386 1.4771 1.6674 3.7866 0.6668 1.1425 40.8952 -4.7811 -2.6984
Car -1 -1 -7.8225 240.8938 174.2681 276.1687 201.6164 1.3726 1.5489 3.6035 -18.3176 1.0600 37.4484 -8.2723 -2.7070
Car -1 -1 -5.4544 1181.2080 148.7477 1223.0000 181.5067 1.7470 1.7266 3.5189 34.4941 0.0538 39.4885 -4.7388 -2.8528
Car -1 -1 -7.9943 684.7961 169.5166 720.0018 195.6244 1.6301 1.7174 4.0837 6.3075 0.9444 46.1903 -7.8578 -3.2519
Car -1 -1 -8.2287 988.4668 145.3826 1046.9229 174.7227 1.7302 1.7335 4.2991 26.0730 -0.3848 44.8404 -7.7033 -3.4150
Car -1 -1 -7.9529 451.6603 163.4297 474.4700 181.9320 1.7104 1.7364 4.2281 -13.5827 0.1323 67.6351 -8.1483 -3.5433
Car -1 -1 -4.5066 518.1668 168.0738 541.1988 182.9166 1.4551 1.5950 3.6192 -7.5285 0.2368 71.1984 -4.6097 -3.8927
Car -1 -1 -7.3275 407.7859 168.9958 442.9059 185.6052 1.5417 1.6577 3.6140 -17.1142 0.4737 67.5930 -7.5726 -4.0374
Car -1 -1 -4.9190 587.8680 170.6508 641.7319 208.1530 1.5963 1.6390 4.1179 0.3536 1.1773 32.2740 -4.9064 -4.0392
Car -1 -1 -7.7451 474.3462 171.4970 504.8516 195.2778 1.5297 1.5979 3.9048 -7.7079 0.9506 47.4698 -7.9032 -4.1250
Car -1 -1 -8.4059 948.8439 163.7890 1018.3619 198.2948 1.7752 1.6780 3.5680 20.3602 0.9156 38.2099 -7.9182 -4.2418
Car -1 -1 -7.9188 507.2477 167.6361 526.5526 183.0656 1.5026 1.6593 4.2552 -8.8581 0.2497 71.1007 -8.0403 -4.3081
Car -1 -1 -4.2188 587.7410 169.7084 627.1450 192.8928 1.7858 1.5723 3.7133 0.2387 0.9545 56.4669 -4.2129 -4.4572
Car -1 -1 -5.3521 168.7412 172.3857 254.7694 204.3885 1.4666 1.5953 3.9208 -18.9040 1.0949 33.9423 -5.8545 -4.5318
Car -1 -1 -6.0123 477.7903 170.9515 528.2208 190.3980 1.6191 1.7104 3.9185 -8.6166 0.8240 59.9703 -6.1525 -4.5802
Car -1 -1 -6.3590 593.8488 174.0604 654.0284 196.8803 1.4866 1.6083 3.8838 1.2238 1.0671 46.9566 -6.3314 -4.5845
Car -1 -1 -7.7688 461.7291 163.7984 485.9398 183.5986 1.6782 1.7415 4.0488 -11.4548 0.2626 62.0263 -7.9486 -4.5858
Car -1 -1 -4.9267 237.0732 166.9008 296.1432 201.7257 1.5118 1.6323 4.1995 -15.7952 0.9216 32.8555 -5.3691 -4.6460
Car -1 -1 -2.5200 190.2644 175.7212 285.5118 203.1466 1.3358 1.6146 4.0790 -18.4375 1.1032 35.5389 -2.9931 -4.7905
Car -1 -1 -7.8188 375.7917 166.5406 401.8310 190.2013 1.6264 1.6531 3.2070 -15.3662 0.6669 50.3638 -8.1113 -4.8494
Car -1 -1 -7.8260 732.4656 173.7010 764.1168 202.4546 1.4721 1.5736 3.7640 7.7658 1.1242 38.2110 -7.6254 -4.8613
Car -1 -1 -2.3549 0.0000 174.7015 45.3737 355.7804 1.6709 1.6816 4.0341 -8.6815 1.6179 7.4671 -3.1927 -4.9925
Car -1 -1 -3.3012 554.1002 176.3571 633.8440 214.9986 1.4529 1.5549 2.9010 -0.4883 1.2974 27.6031 -3.3170 -4.9997
Car -1 -1 -3.6478 984.7801 187.7489 1223.0000 259.1814 1.4600 1.6255 4.2046 10.9282 1.6313 15.6644 -3.0467 -5.0517
Car -1 -1 -4.5771 515.0328 172.0407 545.8712 192.8853 1.3719 1.5805 3.9454 -5.0765 0.8152 48.5345 -4.6789 -5.1899
Car -1 -1 -4.7200 553.5204 171.1990 576.1796 190.8461 1.3798 1.5905 4.0605 -2.9484 0.7266 51.7314 -4.7748 -5.2931
Car -1 -1 -3.4462 1017.7341 150.4119 1107.2493 178.3087 1.6690 1.7677 4.3366 28.3388 -0.1406 43.9484 -2.8750 -5.3490
Car -1 -1 -2.2894 0.0000 180.8978 26.9833 369.0000 1.4014 1.5546 4.0770 -6.0318 1.4046 3.9431 -3.2425 -5.6187
Car -1 -1 -8.1532 864.3560 168.6151 920.3148 201.9622 1.7072 1.7669 3.7038 15.3986 1.0989 38.1159 -7.7705 -5.6549
Car -1 -1 -4.3235 499.9851 174.3482 548.5369 199.2414 1.4132 1.5427 3.8078 -4.7711 1.0640 42.1810 -4.4336 -5.6997
Car -1 -1 -8.0157 434.3017 164.2670 462.5790 183.4513 1.5725 1.6882 4.3087 -13.3656 0.2419 60.2698 -8.2309 -6.1131
Car -1 -1 -3.2955 607.2452 167.9066 690.6142 202.9708 1.6360 1.6417 3.7900 2.0528 1.0486 33.9814 -3.2339 -6.2416
Car -1 -1 -5.7659 0.0000 185.9789 4.7637 341.3704 1.5803 1.7704 3.6935 -10.1321 1.6593 8.7170 -6.6066 -6.4761
Car -1 -1 -8.5723 595.1829 162.0024 639.9766 184.8573 2.0403 1.8421 4.1790 1.1502 0.3889 65.3103 -8.5530 -6.9840
