Car -1 -1 -8.4231 955.7425 181.3248 1068.5490 231.4793 1.5841 1.7268 3.4596 13.7482 1.6146 24.1656 -7.9100 6.9821
Car -1 -1 -8.5434 1032.9269 184.6176 1156.0686 231.3893 1.4381 1.6141 3.3709 16.3042 1.5871 23.8009 -7.9475 5.9435
Car -1 -1 -5.4246 1094.5050 184.8478 1223.0000 233.5843 1.5295 1.6260 3.8931 19.1838 1.6928 24.5304 -4.7657 4.6087
Car -1 -1 -7.9312 602.6037 173.1996 636.8392 202.9090 1.4816 1.5326 3.3399 0.7138 1.1177 36.9711 -7.9103 2.5670
Car -1 -1 -2.0742 436.9283 167.3502 493.9181 194.8254 1.6930 1.7285 4.3762 -9.0919 0.8828 45.8006 -2.2670 -0.4262
Car -1 -1 -7.8456 480.3271 167.1182 498.9810 184.2736 1.4777 1.5894 3.6137 -10.2090 0.3250 62.8091 -8.0040 -1.5899
Car -1 -1 -8.0861 679.2608 169.7888 717.5241 195.0582 1.5759 1.6432 3.7649 6.0295 0.9080 46.0512 -7.9550 -1.6344
Car -1 -1 -4.9693 601.4196 174.2796 646.1077 202.0594 1.4799 1.6261 3.6467 0.9881 1.1486 39.6260 -4.9428 -1.7718
Car -1 -1 -7.5451 612.3502 172.3857 674.0095 208.0468 1.4949 1.6307 3.9814 1.7616 1.1550 31.7902 -7.4886 -1.7841
Car -1 -1 -8.2734 954.8210 163.1093 1015.3733 196.6795 1.7163 1.6367 3.3109 20.2621 0.8273 37.8562 -7.7838 -1.8879
Car -1 -1 -4.9566 315.5675 165.0369 344.2268 181.4961 1.5378 1.6698 3.9873 -26.5240 0.0929 68.1714 -5.3242 -2.5344
Car -1 -1 -8.2191 561.4981 175.1197 626.7614 210.7393 1.4853 1.6192 3.9121 -0.5794 1.2612 31.6005 -8.2355 -2.9918
Car -1 -1 -8.7369 1187.6938 149.0119 1223.0000 182.9220 1.7755 1.7392 3.6864 34.6478 0.1270 38.9786 -8.0127 -3.3729
Car -1 -1 -4.6591 570.1527 176.4219 603.5399 202.9088 1.4252 1.6714 4.1133 -0.9949 1.2059 40.1249 -4.6820 -3.4796
Car -1 -1 -4.5450 590.8991 171.8221 619.5023 194.9836 1.7784 1.6241 4.0646 0.0623 1.1121 56.4309 -4.5423 -3.6053
Car -1 -1 -4.9133 294.9452 172.1882 332.5902 194.8042 1.5267 1.6756 4.1348 -20.5933 0.9657 49.9154 -5.3006 -3.7264
Car -1 -1 -7.9364 462.1654 162.1791 485.5943 181.8843 1.6685 1.7069 3.9404 -11.5085 0.1171 61.9934 -8.1171 -3.7393
Car -1 -1 -3.1734 531.5469 174.3972 631.4031 214.5423 1.5153 1.6854 3.7865 -0.9677 1.2852 27.6514 -3.2063 -3.7983
Car -1 -1 -7.8742 286.9364 172.3705 318.4122 199.5921 1.4366 1.5412 3.2486 -16.7611 1.0077 39.1111 -8.2744 -3.8776
Car -1 -1 -8.1101 867.0720 174.8705 918.8442 205.9032 1.5856 1.6860 3.6923 15.4159 1.2981 38.0639 -7.7266 -3.9156
Car -1 -1 -4.9454 583.1459 173.1855 624.8495 198.2003 1.4238 1.5983 4.0834 -0.1228 1.0076 42.4159 -4.9466 -3.9346
Car -1 -1 -4.3337 614.7433 173.8012 656.6798 195.0645 1.5437 1.6872 4.3502 2.3843 1.0574 53.6605 -4.2879 -4.1293
Car -1 -1 -6.8610 817.3539 164.0794 892.9393 192.9145 1.5920 1.6361 3.7794 14.2192 0.6855 40.2787 -6.5224 -4.1964
Car -1 -1 -4.4989 492.9678 168.3408 522.2067 187.0014 1.5589 1.6661 4.1099 -8.3736 0.5431 61.1828 -4.6324 -4.3552
Car -1 -1 -7.4090 648.8520 172.9915 689.0033 191.8604 1.4509 1.6469 3.9636 5.1529 0.8735 56.4934 -7.3168 -4.5373
Car -1 -1 -8.0023 432.3316 156.2210 459.0685 178.4737 1.8579 1.6987 4.0636 -13.9012 -0.1830 61.6346 -8.2210 -4.5385
Car -1 -1 -8.0026 306.9808 170.2861 347.4453 197.6529 1.4637 1.5775 3.8755 -15.7214 0.9175 39.8889 -8.3735 -4.6829
Car -1 -1 -2.0786 0.0000 175.5488 52.2144 341.3469 1.5017 1.7039 3.8776 -8.4411 1.4573 7.7178 -2.8864 -4.8943
Car -1 -1 -6.9469 1009.6169 144.9925 1097.4839 173.3699 1.6826 1.7823 4.4151 27.6040 -0.4507 43.5899 -6.3839 -5.0593
Car -1 -1 -4.6150 415.9095 167.9681 441.4268 188.5508 1.5765 1.5715 4.0857 -13.9913 0.6166 56.2899 -4.8555 -5.1372
Car -1 -1 -6.3199 320.1628 170.7209 378.8038 193.8495 1.5779 1.7772 3.8215 -17.9888 0.9108 49.7696 -6.6629 -5.2569
Car -1 -1 -3.1804 571.8043 175.1784 623.2986 197.2755 1.4585 1.5906 3.4031 -0.5298 1.1073 47.5442 -3.1898 -5.3017
Car -1 -1 -7.9632 399.4949 166.2629 422.0326 184.7665 1.7611 1.6944 4.2410 -19.1146 0.4059 69.5770 -8.2283 -5.6270
Car -1 -1 -3.7719 959.3794 152.0221 1040.8135 182.6699 1.8320 1.7583 4.1184 24.2021 0.1298 43.3900 -3.2645 -6.1983
Car -1 -1 -5.7594 0.0000 182.4113 9.1974 338.9259 1.6702 1.7666 4.0458 -10.5663 1.6990 9.0549 -6.6027 -6.6363
Car -1 -1 -3.0896 600.3745 172.4448 644.5347 189.7529 1.5547 1.6151 3.9454 1.6309 0.8310 64.4711 -3.0627 -6.6395
Car -1 -1 -8.0665 1081.4819 186.5958 1161.4830 228.5560 1.4883 1.6283 4.4750 20.3971 1.7517 28.1456 -7.4433 -7.0671
