Car -1 -1 -8.4235 955.8223 181.3782 1068.9519 230.9704 1.5644 1.7197 3.4825 13.7483 1.5969 24.1537 -7.9101 6.4901
Car -1 -1 -8.5460 1034.9895 184.5700 1155.7821 231.6196 1.4484 1.6120 3.2542 16.3106 1.5952 23.7559 -7.9491 6.1478
Car -1 -1 -5.4255 1093.6234 183.6569 1223.0000 233.6274 1.5718 1.6749 3.9296 19.1680 1.6904 24.5002 -4.7665 5.5926
Car -1 -1 -7.9580 600.9204 172.8392 637.6358 203.2236 1.5135 1.5586 3.5524 0.6874 1.1320 37.0539 -7.9379 2.7415
Car -1 -1 -8.1819 252.3824 170.2515 304.9397 199.1423 1.4922 1.6289 3.2590 -17.6984 0.9630 38.2627 -8.6101 0.2376
Car -1 -1 -3.5091 453.2467 162.1666 503.8510 181.0216 1.5873 1.6989 3.9731 -10.9329 0.0438 61.2735 -3.6829 -1.3651
Car -1 -1 -8.1607 867.7911 180.7147 922.6456 209.7349 1.4750 1.6355 3.7996 15.4753 1.4873 37.9247 -7.7747 -1.6548
Car -1 -1 -6.9341 817.6176 163.2226 897.7418 193.5140 1.6682 1.6793 4.1372 14.4044 0.7168 40.3680 -6.5921 -1.7626
Car -1 -1 -8.3765 949.2870 165.8657 1017.8187 198.3620 1.6703 1.6882 3.5766 20.3301 0.9183 38.1593 -7.8888 -1.8956
Car -1 -1 -5.0156 588.1437 169.8562 650.2623 207.4395 1.5903 1.6571 4.1226 0.5457 1.1401 32.1295 -4.9970 -2.0251
Car -1 -1 -7.9137 379.0574 163.9768 398.6971 179.5525 1.4687 1.6232 3.6523 -21.0579 -0.0952 68.9072 -8.2071 -2.5995
Car -1 -1 -4.9477 415.9890 171.0489 444.3027 187.6431 1.5855 1.7693 4.2990 -17.2831 0.6823 69.8700 -5.1873 -2.8169
Car -1 -1 -7.5183 525.9239 163.2610 556.4610 180.4146 1.4576 1.6183 3.4394 -5.5448 -0.0078 61.9681 -7.6052 -3.1120
Car -1 -1 -2.1692 307.2179 162.7982 349.1096 180.0693 1.6109 1.7197 4.1442 -26.5867 -0.0427 67.9280 -2.5388 -3.2219
Car -1 -1 -8.9468 1194.9885 147.1109 1223.0000 181.4654 1.7516 1.7343 4.2137 34.9112 0.0494 38.3265 -8.2105 -3.3049
Car -1 -1 -5.4594 487.1613 171.5865 540.0249 194.4249 1.6293 1.6721 3.9089 -6.7856 0.9934 52.3360 -5.5859 -3.3888
Car -1 -1 -8.2427 881.7332 173.0833 938.8018 202.6320 1.5709 1.6417 3.6663 16.9375 1.1767 39.4337 -7.8384 -3.4356
Car -1 -1 -5.1224 554.3835 173.1858 625.2122 209.3870 1.5118 1.6648 4.1273 -0.7825 1.2066 31.7495 -5.1451 -3.8059
Car -1 -1 -3.4036 514.5670 176.3607 591.2372 206.0989 1.4615 1.6385 3.6047 -2.6887 1.2583 36.1138 -3.4755 -3.8624
Car -1 -1 -2.8796 418.6241 158.0670 468.9595 177.3089 1.7210 1.7630 4.1641 -14.6653 -0.2957 64.5291 -3.1000 -3.8789
Car -1 -1 -5.1282 354.6860 166.5595 403.3694 188.0330 1.5452 1.8022 4.5737 -17.0333 0.5421 53.1888 -5.4345 -4.0804
Car -1 -1 -7.9246 460.0902 167.9169 491.4587 194.5488 1.6371 1.7178 3.9740 -8.3777 0.8637 45.6003 -8.1032 -4.0910
Car -1 -1 -4.3664 431.6509 171.6781 460.0459 187.2249 1.5007 1.5663 3.7484 -15.7414 0.6490 70.2074 -4.5843 -4.1544
Car -1 -1 -5.0085 1080.8552 178.2390 1164.0707 223.1588 1.6406 1.5848 3.7822 20.2478 1.5583 27.8696 -4.3841 -4.3417
Car -1 -1 -4.7475 549.0344 175.5957 575.1694 198.9457 1.5196 1.6352 3.9830 -2.9542 1.2005 48.0738 -4.8068 -4.5488
Car -1 -1 -4.8962 536.6993 178.6207 571.5941 203.0947 1.3714 1.4207 3.5349 -3.0341 1.2662 41.5092 -4.9669 -4.5562
Car -1 -1 -8.4080 977.6161 148.3497 1044.2472 176.2930 1.6630 1.7158 4.1664 25.6332 -0.2792 44.8274 -7.8898 -4.6300
Car -1 -1 -2.3900 0.0000 173.7040 47.3309 356.7144 1.6742 1.6819 4.0167 -8.6762 1.6124 7.4770 -3.2269 -4.8967
Car -1 -1 -5.0510 585.8080 176.3759 634.1479 201.9662 1.4263 1.5603 4.1204 0.2244 1.1965 41.6087 -5.0439 -5.0665
Car -1 -1 -2.2566 0.0000 183.4897 21.0499 369.0000 1.4088 1.5598 4.0847 -6.0707 1.4299 3.9585 -3.2111 -5.6577
Car -1 -1 -2.1291 205.3109 178.2641 278.1595 203.6907 1.2304 1.4747 3.8594 -18.4518 1.1224 35.8422 -2.5992 -5.7366
Car -1 -1 -2.7540 531.2530 177.6346 619.9050 207.7482 1.4188 1.6079 4.0471 -1.4617 1.2840 34.7584 -2.7940 -6.2266
Car -1 -1 -2.8951 414.8058 173.6223 525.1934 213.0047 1.6958 1.6844 4.5454 -5.9699 1.3999 31.4275 -3.0793 -6.3276
Car -1 -1 -5.6873 0.0000 186.5394 4.5561 330.8832 1.5645 1.7031 3.9624 -10.5904 1.6537 9.0833 -6.5302 -6.6866
