Car -1 -1 -8.5391 1032.9406 184.8709 1156.7491 231.1705 1.4209 1.6346 3.3809 16.3045 1.5791 23.7865 -7.9430 5.9186
Car -1 -1 -5.4111 1094.8330 184.5232 1223.0000 233.7104 1.5426 1.6819 3.9397 19.2026 1.6937 24.5028 -4.7512 5.8299
Car -1 -1 -8.4583 951.7346 182.2796 1069.2072 231.8187 1.5563 1.7335 3.5919 13.7110 1.6221 24.2143 -7.9472 3.3796
Car -1 -1 -7.9432 601.0562 173.5314 636.9587 203.4139 1.4936 1.5559 3.7926 0.6757 1.1454 37.2856 -7.9235 2.2615
Car -1 -1 -7.9548 686.6204 171.8243 719.0148 197.3775 1.5938 1.6798 4.1618 6.3398 1.0527 46.2087 -7.8177 -1.3458
Car -1 -1 -8.2771 800.9138 163.2699 862.2999 195.1856 1.7620 1.7274 4.4540 13.1488 0.8109 41.3469 -7.9697 -2.2828
Car -1 -1 -7.5439 613.0029 171.6777 674.3087 207.8955 1.5184 1.6437 3.8633 1.7772 1.1488 31.7408 -7.4868 -2.4840
Car -1 -1 -4.7658 601.9481 174.4415 634.2405 201.1972 1.4751 1.6623 3.8370 0.7033 1.1412 40.9282 -4.7471 -2.5184
Car -1 -1 -7.8896 480.2595 164.9659 500.4009 183.0192 1.5558 1.6418 3.7687 -10.2146 0.2170 62.9398 -8.0478 -2.6077
Car -1 -1 -2.5542 433.9646 169.9426 494.3387 194.6283 1.5184 1.5857 3.4627 -8.9454 0.8691 44.8877 -2.7478 -2.7808
Car -1 -1 -6.5659 431.1273 174.3743 530.0088 209.8526 1.5112 1.6585 4.0747 -5.6017 1.2505 31.7557 -6.7371 -3.0662
Car -1 -1 -7.3829 409.5910 168.9829 444.3971 187.1346 1.6863 1.6265 3.9223 -16.9981 0.6162 67.7790 -7.6257 -3.1640
Car -1 -1 -4.5275 380.1982 164.9488 405.5395 181.1729 1.5547 1.6597 4.1243 -20.9047 0.0643 69.8914 -4.8150 -3.1729
Car -1 -1 -4.9266 585.6658 171.6042 638.6688 208.5061 1.5591 1.6114 3.8028 0.2364 1.1834 31.8980 -4.9176 -3.9301
Car -1 -1 -4.8118 519.4250 175.2860 546.4760 196.2495 1.5240 1.6556 3.9360 -5.4800 1.1449 53.4924 -4.9116 -4.3373
Car -1 -1 -2.3405 347.5611 169.6026 407.6754 190.8385 1.5375 1.7203 4.3964 -17.0486 0.7485 52.9883 -2.6482 -4.3958
Car -1 -1 -7.9866 516.6697 166.2896 538.6406 181.3308 1.4702 1.7102 3.8383 -7.7844 0.0811 71.1785 -8.0932 -4.4139
Car -1 -1 -6.7972 277.4062 168.7281 363.9824 198.1305 1.4378 1.5982 3.8696 -14.6651 0.8623 36.5809 -7.1736 -4.4379
Car -1 -1 -2.7130 301.5377 173.7130 424.2806 219.7855 1.5883 1.6647 3.8286 -8.6750 1.3545 25.4025 -3.0366 -4.4755
Car -1 -1 -5.0382 388.2344 171.2916 441.1854 199.7818 1.5584 1.6606 4.3515 -11.0821 1.0548 40.9459 -5.2988 -4.5127
Car -1 -1 -4.3000 588.4380 170.0233 625.1357 193.1259 1.7781 1.5679 3.7161 0.1871 0.9718 56.4361 -4.2950 -4.5133
Car -1 -1 -8.2654 863.9781 180.5957 922.9907 208.6454 1.4331 1.6128 3.6056 15.3984 1.4386 37.9599 -7.8814 -4.5224
Car -1 -1 -3.5082 957.2176 150.2980 1041.8317 176.9385 1.5968 1.6461 4.2674 24.3605 -0.2261 43.7912 -3.0018 -4.5383
Car -1 -1 -7.7856 604.0417 174.4208 630.8947 196.2477 1.4183 1.5777 3.4450 0.8702 1.0234 47.7298 -7.7658 -4.5776
Car -1 -1 -8.2273 1065.1339 185.2909 1222.9359 257.8927 1.4789 1.6637 3.7188 12.4476 1.6058 16.6783 -7.5938 -4.7185
Car -1 -1 -3.5019 570.0814 178.1784 663.7178 214.8270 1.3688 1.4537 3.3657 0.4289 1.2823 27.6587 -3.4848 -4.8312
Car -1 -1 -2.5818 0.0000 184.7589 3.1631 369.0000 1.4651 1.6400 3.3790 -8.3954 1.5149 6.9052 -3.4399 -4.9211
Car -1 -1 -8.0713 250.7945 170.2752 294.6781 197.6714 1.4092 1.4864 3.2420 -17.9489 0.8834 38.1072 -8.5064 -5.0753
Car -1 -1 -7.5511 271.4518 171.6091 320.9966 198.6221 1.3559 1.4503 3.3311 -16.2106 0.9098 37.2212 -7.9569 -5.2165
Car -1 -1 -6.0135 638.2045 173.0226 683.0726 190.2692 1.5130 1.5861 3.7230 5.0110 0.8570 63.4119 -5.9334 -5.2178
Car -1 -1 -4.2069 338.6163 173.2802 400.2312 200.9900 1.5086 1.6138 3.9951 -13.4625 1.1156 40.6066 -4.5230 -5.4439
Car -1 -1 -7.9269 403.9542 163.0754 426.1093 183.5983 1.9523 1.7796 4.7417 -18.7563 0.2946 69.7924 -8.1865 -5.5040
Car -1 -1 -3.1368 595.0557 170.7515 644.5630 189.1864 1.6485 1.7303 4.4305 1.3649 0.7767 64.1542 -3.1139 -5.5715
Car -1 -1 -8.5440 665.3876 175.6113 762.4150 222.9711 1.4453 1.4593 3.1856 3.4893 1.2964 23.3187 -8.3957 -5.5874
Car -1 -1 -4.2981 299.9603 170.1042 369.0107 199.1427 1.3472 1.6841 4.0307 -13.2616 0.8651 34.8622 -4.6567 -5.6467
Car -1 -1 -7.3006 1114.7003 185.9586 1223.0000 227.1198 1.4442 1.5918 4.5216 21.6190 1.6623 26.7133 -6.6246 -5.8329
Car -1 -1 -4.6498 559.9234 173.2518 584.9297 193.0030 1.3853 1.5724 3.9599 -2.3395 0.8770 51.5868 -4.6931 -5.8867
Car -1 -1 -7.7558 445.0371 157.0084 468.7856 178.7485 1.9520 1.7588 4.1853 -13.7681 -0.1691 66.0105 -7.9585 -6.1580
Car -1 -1 -5.0681 365.1729 167.3429 414.4063 191.1726 1.4969 1.6223 4.5928 -14.2760 0.6705 46.7358 -5.3608 -6.1966
Car -1 -1 -7.9224 444.3618 170.7946 484.2944 206.3882 1.6870 1.7387 3.2817 -7.0849 1.2272 35.3227 -8.1169 -6.3283
Car -1 -1 -5.5802 0.0000 189.5859 7.8268 346.5538 1.5739 1.7458 3.6979 -9.7544 1.6959 8.3413 -6.4231 -6.5224
Car -1 -1 -8.0445 1082.2887 186.6904 1160.1604 228.9140 1.4950 1.6324 4.5673 20.3967 1.7629 28.1571 -7.4215 -6.8109
