Car -1 -1 -8.4240 955.9171 181.7644 1068.9414 231.5534 1.5713 1.7339 3.4601 13.7661 1.6180 24.1802 -7.9106 6.4462
Car -1 -1 -8.5514 1033.9996 184.5308 1155.4531 231.5357 1.4486 1.6414 3.2427 16.3027 1.5940 23.7758 -7.9551 6.3324
Car -1 -1 -5.4469 1091.4504 183.6710 1223.0000 233.5780 1.5681 1.6904 3.9660 19.1464 1.6874 24.5158 -4.7887 4.8610
Car -1 -1 -7.9315 602.3439 173.0265 636.8137 203.5451 1.5197 1.5531 3.1292 0.7052 1.1477 36.8139 -7.9108 2.8547
Car -1 -1 -7.5742 456.9281 167.4735 497.5682 194.5740 1.6667 1.6374 3.5610 -8.1497 0.8657 45.3409 -7.7490 -1.3275
Car -1 -1 -7.6758 459.5257 161.3055 487.7863 182.7432 1.8184 1.7488 3.9818 -11.4553 0.1902 61.9655 -7.8558 -1.8778
Car -1 -1 -8.2208 594.3201 172.0417 661.3487 208.8449 1.5300 1.6677 3.9659 0.9192 1.1786 31.5418 -8.1902 -2.0196
Car -1 -1 -6.7533 821.6409 163.6990 896.3188 193.5483 1.6470 1.6062 3.6471 14.3405 0.7201 40.0408 -6.4101 -2.0803
Car -1 -1 -4.9415 596.8761 174.5321 639.5743 201.1467 1.4569 1.6441 3.7547 0.6994 1.1303 40.7108 -4.9228 -2.1498
Car -1 -1 -4.7495 492.7699 164.7170 515.3273 187.5917 1.8015 1.6843 3.9068 -8.2640 0.5585 57.7538 -4.8891 -2.6944
Car -1 -1 -5.2516 889.6451 179.4190 988.9169 220.2048 1.4837 1.6298 4.1119 13.0013 1.4446 27.8507 -4.8177 -2.9355
Car -1 -1 -8.2164 842.8990 179.2472 917.3771 217.0990 1.5263 1.6659 3.9897 11.7416 1.4760 30.5083 -7.8510 -2.9708
Car -1 -1 -7.3450 408.1635 169.7542 443.2967 187.5070 1.6474 1.6834 3.6547 -17.0775 0.6501 67.5967 -7.5896 -3.0308
Car -1 -1 -3.6579 974.5477 155.2596 1049.7461 183.7800 1.7149 1.6793 3.6408 24.9149 0.1973 43.3598 -3.1378 -3.0549
Car -1 -1 -7.9897 546.3170 169.7921 569.8230 189.3590 1.6918 1.6140 3.6657 -4.1974 0.7659 63.0885 -8.0540 -3.3925
Car -1 -1 -8.1424 676.6517 170.0972 718.9722 196.5523 1.6482 1.6711 3.9727 5.9977 1.0002 46.1447 -8.0124 -3.6448
Car -1 -1 -4.9616 1092.7026 189.3869 1223.0000 260.8491 1.4080 1.5755 3.9634 12.8266 1.6436 16.5924 -4.3113 -3.7254
Car -1 -1 -5.0961 1066.7089 177.3784 1160.1267 221.2085 1.6059 1.6320 3.9048 19.9625 1.4917 27.9928 -4.4804 -3.8933
Car -1 -1 -5.1141 376.9486 164.2408 418.3614 183.9529 1.5264 1.7449 4.0873 -16.7029 0.2673 56.8851 -5.3963 -3.9823
Car -1 -1 -8.0233 372.5771 161.4210 397.3508 180.3044 1.7913 1.6793 3.9780 -21.5567 -0.0199 69.2715 -8.3218 -4.0048
Car -1 -1 -5.0200 567.2469 172.9676 613.8138 199.8844 1.5291 1.6001 4.1729 -0.9339 1.1013 42.3984 -5.0402 -4.0391
Car -1 -1 -7.8552 605.3229 173.9631 631.7797 196.0822 1.4370 1.7191 3.6935 0.9112 1.0124 47.7974 -7.8346 -4.1956
Car -1 -1 -6.6100 278.1838 163.4958 361.6524 197.3141 1.6594 1.6257 3.6724 -14.7014 0.8252 36.5024 -6.9879 -4.2832
Car -1 -1 -5.9491 505.3200 170.9003 562.7358 190.5080 1.5252 1.6335 4.2478 -5.6299 0.7785 56.2910 -6.0464 -4.3239
Car -1 -1 -7.8299 579.7324 172.4444 617.5483 208.2480 1.4739 1.5579 3.4216 -0.2592 1.1425 30.8302 -7.8365 -4.4370
Car -1 -1 -7.7137 252.9326 155.6647 289.7257 186.2825 2.1916 1.8650 4.5312 -24.9669 0.4139 53.0482 -8.1494 -4.5441
Car -1 -1 -7.7114 839.4075 171.7274 912.4492 228.9705 1.7372 1.7474 3.9101 9.0720 1.4713 23.5912 -7.3473 -4.6277
Car -1 -1 -2.6530 0.0000 175.7126 0.0000 369.0000 1.6098 1.7336 4.1291 -8.6776 1.5768 6.5577 -3.5516 -4.8098
Car -1 -1 -7.4464 1131.3146 187.0811 1223.0000 232.3148 1.5413 1.6397 4.1030 21.5454 1.8015 26.2539 -6.7637 -4.9098
Car -1 -1 -5.1212 509.6410 172.6449 548.4390 193.3898 1.5029 1.6538 3.4817 -5.7357 0.9338 53.1456 -5.2263 -4.9130
Car -1 -1 -4.0273 519.0986 174.8560 582.0693 198.2800 1.3563 1.6018 4.0775 -3.2695 1.0296 43.0672 -4.1008 -5.1199
Car -1 -1 -3.2716 553.1391 175.4829 636.1143 214.2251 1.4597 1.5281 3.0668 -0.4654 1.2709 27.6174 -3.2865 -5.1273
Car -1 -1 -4.7616 600.6356 173.7002 621.2794 192.5734 1.4603 1.4840 3.3561 0.4598 0.9341 56.4125 -4.7518 -5.5173
Car -1 -1 -8.3681 950.3643 160.8058 1019.2451 196.5150 1.8340 1.7563 3.5127 20.3619 0.8227 38.0915 -7.8790 -5.7483
Car -1 -1 -6.0026 277.6971 157.5404 351.4888 182.5528 1.5434 1.5575 4.0337 -18.2792 0.1267 44.6125 -6.3870 -6.1602
Car -1 -1 -5.7256 0.0000 182.6684 11.1790 342.2713 1.5640 1.7339 4.0333 -9.9562 1.5944 8.3795 -6.5764 -6.6220
