Car -1 -1 -8.4218 956.5035 182.3917 1068.0320 231.3752 1.5420 1.6833 3.4625 13.7558 1.6117 24.1695 -7.9085 6.5004
Car -1 -1 -8.5521 1035.2260 184.7457 1155.5356 231.1928 1.4290 1.5984 3.2355 16.3097 1.5820 23.7522 -7.9552 6.1340
Car -1 -1 -5.4272 1095.2327 183.5662 1223.0000 233.8412 1.5824 1.6372 3.8638 19.1655 1.6974 24.4694 -4.7676 4.9321
Car -1 -1 -7.9416 601.9345 173.4358 637.8814 203.4594 1.4952 1.5953 3.2043 0.7211 1.1435 36.8629 -7.9205 2.8286
Car -1 -1 -7.8686 480.8079 167.2837 499.3852 184.1871 1.4571 1.5827 3.5100 -10.2118 0.3178 62.8124 -8.0271 -1.5530
Car -1 -1 -7.8908 493.8313 165.3783 515.6462 187.3284 1.7279 1.6302 3.6577 -8.1834 0.5375 57.6007 -8.0293 -1.7020
Car -1 -1 -5.1055 598.3939 173.1228 652.8954 201.9007 1.5179 1.6479 3.9443 1.0781 1.1290 39.4307 -5.0766 -1.7165
Car -1 -1 -8.2293 607.5125 173.8337 670.7531 210.0319 1.4831 1.6140 3.3992 1.4037 1.2102 30.8379 -8.1826 -1.8385
Car -1 -1 -7.6625 457.6473 167.7945 492.2577 194.8065 1.6603 1.5661 3.2980 -8.2647 0.8794 45.1190 -7.8406 -1.9010
Car -1 -1 -5.9460 480.3606 166.7673 528.6397 185.1843 1.5304 1.6374 3.7189 -8.4895 0.3892 59.9232 -6.0842 -1.9069
Car -1 -1 -7.9790 442.6938 161.4540 468.6909 181.8679 1.7082 1.7272 4.0029 -12.9677 0.1144 61.3392 -8.1844 -2.1165
Car -1 -1 -6.7044 821.0480 164.0214 904.4388 195.1987 1.7200 1.6750 4.1040 14.5254 0.8110 39.9921 -6.3569 -2.4637
Car -1 -1 -1.9492 217.0389 177.5358 280.8690 205.9532 1.3794 1.5911 3.9348 -18.2926 1.2357 36.2266 -2.4115 -2.6769
Car -1 -1 -5.1557 375.8359 163.3201 418.7953 183.7301 1.5777 1.7175 4.1139 -16.6938 0.2497 56.7637 -5.4383 -3.1208
Car -1 -1 -7.9893 685.9160 169.5698 719.2601 195.4356 1.6206 1.6472 3.8674 6.3312 0.9359 46.2353 -7.8525 -3.3657
Car -1 -1 -8.1230 458.8731 162.7659 489.3978 182.2251 1.6527 1.7218 3.6900 -11.5032 0.1464 62.0867 -8.3034 -3.6574
Car -1 -1 -5.2284 569.3465 172.5774 627.3578 199.4756 1.5265 1.6311 4.1578 -0.4648 1.0770 42.3329 -5.2376 -3.6841
Car -1 -1 -6.8264 1103.1829 188.8511 1223.0000 231.3276 1.4990 1.6294 3.7584 21.0749 1.8235 26.4069 -6.1573 -3.8631
Car -1 -1 -7.7598 730.4180 174.0294 767.3918 203.2635 1.5023 1.6176 3.8117 7.8410 1.1700 38.3941 -7.5583 -4.0376
Car -1 -1 -6.7035 595.5886 174.0438 654.3774 196.8847 1.4874 1.6379 3.5905 1.3359 1.0670 47.4829 -6.6739 -4.0791
Car -1 -1 -5.0089 1083.7908 189.3728 1223.0000 260.2726 1.4076 1.5702 3.9458 12.7631 1.6440 16.6905 -4.3637 -4.1425
Car -1 -1 -4.8095 507.2854 172.7241 547.7271 203.6612 1.5943 1.7915 4.3048 -4.3139 1.1937 38.7264 -4.9178 -4.3030
Car -1 -1 -4.5393 581.0992 174.1004 627.6309 209.0458 1.4362 1.5086 3.0885 -0.0067 1.1734 30.7096 -4.5378 -4.4973
Car -1 -1 -5.0701 500.7099 163.8626 532.8038 183.1706 1.7382 1.7296 3.8419 -8.2157 0.2403 65.7569 -5.1920 -4.5784
Car -1 -1 -4.6898 505.1776 174.0090 546.4551 212.3437 1.5371 1.6496 3.9246 -3.3756 1.2770 30.3749 -4.7977 -4.6851
Car -1 -1 -2.2401 0.0000 179.0365 84.9953 335.9435 1.4997 1.6769 4.1433 -8.3968 1.4861 7.8019 -3.0401 -4.7321
Car -1 -1 -7.7178 271.5133 165.4644 314.5779 194.5118 1.4985 1.6598 3.5417 -16.9004 0.7230 38.4045 -8.1274 -4.7505
Car -1 -1 -7.1544 0.0000 95.7804 0.0000 369.0000 1.5691 1.5395 3.1359 -3.8792 1.4968 2.3243 -8.1243 -4.8441
Car -1 -1 -4.6341 375.6865 159.5777 399.6745 178.4657 1.8207 1.9663 4.1999 -21.7284 -0.2107 70.9074 -4.9282 -5.1390
Car -1 -1 -4.2964 0.0000 242.6644 180.1618 369.0000 1.3054 1.4212 2.6892 -2.4871 1.6327 2.2091 -5.0710 -5.2975
Car -1 -1 -2.0268 0.0000 205.6737 43.5398 369.0000 1.3270 1.5975 3.9205 -5.7813 1.5199 4.2114 -2.9306 -5.4745
Car -1 -1 -8.3286 950.8959 159.4438 1018.1250 195.4603 1.8519 1.7304 3.5998 20.3854 0.7694 38.1678 -7.8398 -5.4843
Car -1 -1 -7.0802 1001.7014 144.6121 1088.9236 174.6389 1.7691 1.9271 4.5833 27.1963 -0.3747 43.7224 -6.5252 -5.6528
Car -1 -1 -5.8814 0.0000 186.1285 8.6070 332.3047 1.5264 1.7268 3.9613 -10.5462 1.6124 9.1279 -6.7199 -6.2704
Car -1 -1 -4.9967 352.1586 163.6983 390.1113 187.0405 1.6600 1.5883 4.1191 -17.3724 0.4652 52.4312 -5.3130 -6.5822
Car -1 -1 -5.4090 586.0560 171.5949 630.3922 190.2265 1.6182 1.6260 4.2691 0.2724 0.8447 63.5704 -5.4031 -6.7070
Car -1 -1 -7.7169 1084.7734 186.4837 1148.2416 227.2186 1.4609 1.4609 4.4963 20.3631 1.7171 28.1166 -7.0940 -6.9111
