Car -1 -1 -8.5480 1033.0031 184.4634 1156.9514 231.2634 1.4391 1.6444 3.3540 16.3106 1.5825 23.7863 -7.9516 5.7900
Car -1 -1 -5.4315 1094.0555 183.6013 1223.0000 233.7400 1.5778 1.6685 3.8779 19.1554 1.6941 24.4804 -4.7724 5.3225
Car -1 -1 -8.4254 953.7529 181.8428 1068.7858 231.1151 1.5523 1.7106 3.6154 13.7472 1.6021 24.2310 -7.9134 3.8583
Car -1 -1 -7.7991 603.2129 172.6017 636.8399 203.3644 1.5332 1.5709 3.4354 0.8092 1.1397 37.0124 -7.7757 1.3034
Car -1 -1 -7.8813 460.2326 166.5002 487.7138 194.8851 1.7457 1.6378 4.0625 -8.4985 0.8848 45.6398 -8.0624 -0.9710
Car -1 -1 -6.8738 277.0937 173.2657 366.3496 201.3909 1.4368 1.6272 4.3168 -15.3002 1.0674 38.3582 -7.2487 -2.0910
Car -1 -1 -7.7814 479.5193 164.6949 501.0912 183.0336 1.5784 1.6216 3.6578 -10.1329 0.2180 62.7471 -7.9388 -2.2250
Car -1 -1 -5.2235 431.3467 157.7812 473.2357 177.7344 1.6952 1.7209 4.3897 -13.6005 -0.2548 62.9017 -5.4334 -2.9451
Car -1 -1 -4.6078 246.9216 173.2834 289.6191 202.4494 1.4572 1.6222 3.9329 -17.7873 1.0968 37.4498 -5.0461 -2.9594
Car -1 -1 -8.3173 942.7120 164.6455 1017.3118 196.0186 1.6202 1.7576 4.5288 20.4419 0.8016 38.7951 -7.8341 -2.9681
Car -1 -1 -8.0008 819.0903 163.3199 862.9973 196.2790 1.8106 1.7571 4.6186 13.6905 0.8669 41.2677 -7.6811 -3.0414
Car -1 -1 -7.8528 691.6348 169.5690 718.5507 195.4389 1.6125 1.6653 4.1318 6.5396 0.9313 46.2353 -7.7115 -3.3581
Car -1 -1 -7.8319 938.1642 173.0740 1061.5553 275.9105 1.5706 1.7089 3.3694 7.0144 1.4576 12.6852 -7.3357 -3.4321
Car -1 -1 -3.7255 1198.8091 145.7701 1223.0000 174.9680 1.5559 1.6728 3.9303 35.6937 -0.3156 39.2288 -2.9896 -3.7708
Car -1 -1 -5.5907 601.0999 171.1067 654.5792 192.1629 1.6182 1.7069 4.1177 1.8009 0.8963 56.3422 -5.5572 -3.8314
Car -1 -1 -3.2888 224.5388 162.2850 288.4275 186.7308 1.7085 1.7716 3.9437 -25.2475 0.4355 51.2596 -3.7421 -3.9854
Car -1 -1 -8.1725 369.2580 161.9114 399.1786 180.3743 1.7531 1.6453 3.9690 -21.6260 -0.0129 69.2605 -8.4719 -4.0135
Car -1 -1 -4.5751 496.3495 167.4997 522.0687 186.8324 1.6166 1.6392 4.2077 -8.2429 0.5295 61.2333 -4.7065 -4.1030
Car -1 -1 -6.8225 423.6013 174.6270 519.5593 209.6259 1.4873 1.5744 4.0247 -6.0052 1.2379 31.9668 -7.0047 -4.1517
Car -1 -1 -7.7861 587.0817 170.2783 627.9758 206.9424 1.6155 1.6524 3.8915 0.1513 1.1653 33.1553 -7.7799 -4.1840
Car -1 -1 -5.0340 1079.7163 177.8177 1166.0707 222.5599 1.6347 1.5888 3.8402 20.2827 1.5369 27.9021 -4.4094 -4.2863
Car -1 -1 -4.7236 342.4085 172.6074 376.5062 201.4664 1.4522 1.6341 4.1135 -13.1522 1.0552 37.7919 -5.0541 -4.3188
Car -1 -1 -7.8058 412.2025 162.8152 435.3049 182.5330 1.5709 1.6427 4.1843 -14.9594 0.1619 58.5423 -8.0528 -4.3296
Car -1 -1 -7.2717 407.8213 168.1273 445.5499 185.7919 1.6393 1.6544 3.8488 -17.0107 0.4910 67.7057 -7.5150 -4.3504
Car -1 -1 -4.7128 512.2718 171.5504 537.4655 193.4167 1.4251 1.6350 4.1195 -5.4635 0.8419 48.2195 -4.8231 -4.4451
Car -1 -1 -4.6346 216.6252 171.2009 264.3683 206.9824 1.5027 1.5892 3.8897 -16.3435 1.1124 31.7946 -5.1035 -4.5074
Car -1 -1 -8.1504 483.6411 168.7580 516.6031 190.1338 1.6783 1.6756 3.6027 -8.5486 0.7563 57.4989 -8.2954 -4.5969
Car -1 -1 -4.7104 333.7775 168.7060 365.3873 197.1038 1.5803 1.6668 4.2304 -15.0273 0.9241 41.6190 -5.0527 -4.6282
Car -1 -1 -7.9091 521.2804 166.2320 540.1359 182.0926 1.5493 1.6724 4.0435 -7.4779 0.1554 71.1961 -8.0115 -4.7136
Car -1 -1 -3.6894 991.9079 185.7304 1223.0000 254.6837 1.4289 1.5809 4.0884 11.0367 1.5520 15.6949 -3.0845 -4.8368
Car -1 -1 -7.8085 928.7164 179.6584 990.2729 232.8170 1.5927 1.6501 4.0833 11.7425 1.5677 23.3691 -7.3468 -4.8533
Car -1 -1 -5.5698 285.7396 175.7688 368.5312 203.7520 1.3824 1.5641 3.8895 -14.2865 1.1489 36.3207 -5.9398 -4.9106
Car -1 -1 -6.1228 505.8453 171.2952 562.8994 191.0585 1.5604 1.6778 4.3477 -5.6367 0.8336 56.8020 -6.2194 -4.9399
Car -1 -1 -2.6875 0.0000 191.6370 0.0000 369.0000 1.4538 1.5211 3.5624 -8.1070 1.5740 6.1532 -3.5825 -5.0090
Car -1 -1 -4.8874 588.7664 175.4427 626.0167 196.9957 1.3460 1.7507 4.0973 0.1029 1.0302 46.3222 -4.8835 -5.0382
Car -1 -1 -6.8115 1008.3265 152.2508 1092.5507 178.4577 1.5735 1.6895 4.0903 27.3450 -0.1282 43.5039 -6.2519 -5.0426
Car -1 -1 -5.1577 586.3087 174.4269 626.0901 196.1828 1.5975 1.5807 3.7326 0.0589 1.1516 53.9436 -5.1550 -5.2381
Car -1 -1 -6.3753 1132.5314 184.7718 1223.0000 231.5112 1.5354 1.6390 4.1211 21.5350 1.7003 25.4113 -5.6770 -5.4859
Car -1 -1 -7.5618 398.1157 162.6541 429.4408 179.6909 1.6451 1.8053 4.4699 -19.0590 -0.0837 70.7525 -7.8219 -5.6024
Car -1 -1 -4.4403 518.0465 174.6836 559.2242 198.9313 1.3934 1.5353 3.6594 -3.9568 1.0593 42.5705 -4.5305 -5.6578
Car -1 -1 -2.2967 0.0000 183.7017 48.6112 369.0000 1.4306 1.5705 4.1377 -6.2412 1.4551 4.3693 -3.2209 -5.6590
Car -1 -1 -4.6391 573.3809 176.7891 596.3159 196.4965 1.5245 1.5732 3.5434 -1.5736 1.2374 56.5026 -4.6652 -5.8182
Car -1 -1 -3.1019 594.5392 171.3497 645.4326 189.1241 1.5952 1.7259 4.5721 1.4110 0.7739 64.4594 -3.0784 -5.9126
Car -1 -1 -5.4671 0.0000 186.1533 35.8822 361.5048 1.6611 1.7936 4.4604 -9.2666 1.7312 7.7398 -6.3203 -6.5846
Car -1 -1 -5.7025 0.0000 186.9138 7.5200 331.7658 1.5676 1.7341 3.6815 -10.3771 1.6621 9.0671 -6.5362 -6.5988
