Car -1 -1 -8.5438 1036.3367 184.4378 1154.5953 230.5474 1.4208 1.5706 3.1953 16.3033 1.5625 23.7345 -7.9467 5.5885
Car -1 -1 -8.3756 956.8586 183.4878 1066.1700 230.6589 1.4807 1.5967 3.7004 13.7883 1.5915 24.2874 -7.8633 3.9454
Car -1 -1 -5.3028 1097.8866 185.2148 1223.0000 233.5835 1.5064 1.6470 4.2275 19.3082 1.6852 24.6083 -4.6424 1.5234
Car -1 -1 -7.6141 592.9043 173.8764 636.5787 203.1744 1.4581 1.5370 3.3190 0.5365 1.1286 36.9882 -7.5980 0.6678
Car -1 -1 -6.7958 819.3428 164.2759 900.9116 194.2145 1.6504 1.6692 4.0586 14.4435 0.7562 40.1403 -6.4512 -0.8220
Car -1 -1 -4.7265 481.0273 167.8251 499.6711 186.2634 1.5861 1.5869 3.6927 -10.1850 0.4957 62.7778 -4.8847 -1.5397
Car -1 -1 -8.2444 385.0177 172.2890 455.6288 209.1325 1.5305 1.6202 4.0639 -8.3037 1.1896 31.4825 -8.4981 -1.7144
Car -1 -1 -8.4420 950.1375 158.6536 1020.9318 190.0671 1.6078 1.6500 3.5495 20.3706 0.4898 38.0347 -7.9521 -1.7202
Car -1 -1 -7.3027 401.8985 167.1338 438.9365 184.2644 1.5795 1.7068 3.7197 -17.4861 0.3470 67.2205 -7.5542 -1.9128
Car -1 -1 -7.7479 458.6848 168.1582 489.7322 194.7472 1.6342 1.5768 3.5890 -8.3458 0.8758 45.3045 -7.9270 -2.2637
Car -1 -1 -5.6164 464.6251 173.1356 534.7606 201.5371 1.5108 1.6170 3.6259 -5.8645 1.1192 39.2157 -5.7619 -2.3137
Car -1 -1 -7.8739 578.1091 174.4630 611.1010 202.5772 1.4360 1.6867 4.0256 -0.6173 1.1278 38.1551 -7.8882 -2.3492
Car -1 -1 -8.3426 880.7268 164.7753 949.4663 197.6090 1.6878 1.7044 4.0519 16.7464 0.8797 38.4335 -7.9330 -3.0172
Car -1 -1 -3.5471 424.7883 173.1838 525.4114 208.8709 1.5116 1.6311 4.1398 -5.8274 1.2019 31.7693 -3.7250 -3.2817
Car -1 -1 -4.3250 1133.0652 172.0582 1223.0000 215.7626 1.5463 1.6165 3.8436 21.7852 1.2479 26.6506 -3.6440 -3.2838
Car -1 -1 -7.8850 326.9475 165.4270 346.3823 182.1565 1.5721 1.6519 3.8607 -26.0085 0.1555 68.5419 -8.2443 -3.4355
Car -1 -1 -4.9849 399.4849 164.1344 432.2838 182.6337 1.4708 1.6095 3.9792 -15.6226 0.1696 58.3364 -5.2433 -3.6532
Car -1 -1 -2.9846 415.6807 158.8320 468.0245 177.2605 1.6404 1.7690 4.4166 -14.7865 -0.2996 64.3286 -3.2074 -3.7433
Car -1 -1 -7.9394 379.5356 164.1619 400.7622 180.3683 1.5422 1.6606 4.1232 -21.1312 -0.0135 69.5450 -8.2312 -3.8924
Car -1 -1 -4.5061 518.1547 167.8737 541.1784 182.7381 1.4573 1.5944 3.6102 -7.5301 0.2193 71.1972 -4.6092 -3.9225
Car -1 -1 -5.9463 590.5601 170.4648 673.6759 206.2791 1.6428 1.7256 3.6146 1.2876 1.1826 33.8979 -5.9070 -4.0171
Car -1 -1 -3.3691 593.0183 174.3544 665.6946 201.1337 1.5011 1.6579 3.9199 1.3720 1.1568 40.8226 -3.3341 -4.0719
Car -1 -1 -3.3773 502.2331 174.5301 567.5751 198.5044 1.5235 1.7135 3.9771 -4.6108 1.1442 46.3891 -3.4740 -4.0922
Car -1 -1 -6.0149 477.5216 171.0332 525.2710 190.4991 1.6211 1.6689 3.6947 -8.7500 0.8326 59.9418 -6.1573 -4.1250
Car -1 -1 -7.7844 461.9535 163.1282 485.6415 182.9246 1.6769 1.7552 4.0744 -11.4562 0.2053 62.0145 -7.9643 -4.2758
Car -1 -1 -8.6185 829.1849 171.3473 955.9400 221.4134 1.6141 1.6578 4.2578 10.0188 1.3193 25.0785 -8.2411 -4.3662
Car -1 -1 -7.4527 364.9440 169.0975 401.3737 187.9044 1.5894 1.6748 3.8027 -19.3059 0.6257 61.7291 -7.7525 -4.5485
Car -1 -1 -5.1240 483.7035 171.5222 528.5605 194.2404 1.6297 1.6867 4.4766 -7.4634 0.9857 53.0713 -5.2612 -4.6022
Car -1 -1 -8.0176 510.4649 171.9180 549.5914 202.2634 1.6475 1.6326 3.7646 -4.3423 1.1817 40.4192 -8.1221 -4.7190
Car -1 -1 -8.6707 1191.9568 151.4924 1223.0000 190.7116 2.0232 1.7573 4.0393 34.6586 0.5269 38.5629 -7.9411 -4.7856
Car -1 -1 -7.7766 857.8586 172.0282 977.8337 273.4025 1.5905 1.7702 4.0380 5.9490 1.4580 13.2910 -7.3629 -5.1008
Car -1 -1 -3.5392 964.5512 148.6662 1044.9109 179.7870 1.8712 1.6804 3.9729 24.5945 -0.0450 43.6240 -3.0272 -5.1175
Car -1 -1 -2.4040 0.0000 193.3506 4.6913 369.0000 1.4669 1.6155 3.5521 -8.5147 1.6128 6.9862 -3.2637 -5.1386
Car -1 -1 -6.7855 1011.8212 147.4919 1106.8136 179.4712 1.9198 2.0116 4.5257 27.9775 -0.0652 43.6740 -6.2174 -5.5407
Car -1 -1 -5.7730 0.0000 183.1674 6.5739 336.7122 1.6446 1.7654 3.9861 -10.6134 1.6849 9.1094 -6.6157 -6.5658
