Car -1 -1 -8.5544 1035.8528 185.4605 1157.2854 232.1804 1.4309 1.5851 3.2856 16.3340 1.6098 23.7347 -7.9564 5.1025
Car -1 -1 -8.4345 947.0396 182.3474 1068.0057 230.5990 1.5160 1.6612 4.0412 13.7184 1.5855 24.4485 -7.9272 3.9014
Car -1 -1 -7.9395 602.0430 173.2938 636.7632 203.3331 1.4953 1.5427 3.1155 0.6958 1.1367 36.8002 -7.9190 2.9445
Car -1 -1 -5.3973 1093.9918 185.9249 1223.0000 236.0156 1.5540 1.7187 4.1891 19.2610 1.7584 24.5063 -4.7360 2.3549
Car -1 -1 -7.6773 458.1887 168.0933 492.6952 195.3036 1.6797 1.5831 3.4876 -8.2804 0.9139 45.3901 -7.8547 -0.1275
Car -1 -1 -5.1429 598.2472 172.8868 655.1532 201.7452 1.5270 1.6855 3.9424 1.1408 1.1243 39.5550 -5.1126 -1.8280
Car -1 -1 -7.9116 1195.4784 193.0835 1223.0000 241.8121 1.4197 1.5821 3.8281 20.8216 1.8760 23.6281 -7.1945 -1.8503
Car -1 -1 -7.8564 480.7844 167.8683 499.4211 185.1764 1.4918 1.5891 3.6831 -10.2018 0.4030 62.8843 -8.0146 -2.0227
Car -1 -1 -6.9972 813.8149 163.3075 882.5771 192.6276 1.6155 1.6055 3.5215 13.8662 0.6683 40.3613 -6.6670 -2.0376
Car -1 -1 -4.0961 402.7768 167.6827 441.7126 184.5213 1.5524 1.6793 3.8266 -17.3244 0.3706 67.2711 -4.3452 -2.2580
Car -1 -1 -8.2613 595.5389 174.6595 661.2894 209.7086 1.4598 1.6116 3.6195 0.9523 1.2168 31.4281 -8.2296 -2.3582
Car -1 -1 -5.8042 459.3540 167.1447 515.3044 187.2445 1.6734 1.7021 4.4275 -10.0275 0.5614 60.3631 -5.9662 -2.5467
Car -1 -1 -2.1465 232.9516 169.8657 300.5148 199.1333 1.5034 1.5943 3.5664 -18.1765 0.9573 37.9345 -2.5882 -3.0235
Car -1 -1 -7.7551 445.8612 161.1422 468.1360 179.3623 1.6272 1.6357 3.8573 -13.6382 -0.1086 65.4017 -7.9578 -3.1811
Car -1 -1 -5.0641 378.3974 163.2202 419.9525 184.8667 1.6785 1.8106 4.4490 -16.6658 0.3386 57.1560 -5.3445 -3.1874
Car -1 -1 -4.9512 1143.0099 192.0432 1223.0000 253.1065 1.4727 1.6946 3.9163 16.7056 1.8341 19.9893 -4.2615 -3.4426
Car -1 -1 -4.9621 582.1888 172.8904 624.9674 198.8102 1.4788 1.6088 4.0866 -0.1488 1.0448 42.5193 -4.9639 -3.7930
Car -1 -1 -6.7686 425.7798 173.9638 522.4022 209.8707 1.5273 1.5976 4.0093 -5.8953 1.2495 31.9397 -6.9476 -3.8540
Car -1 -1 -8.3458 858.9132 174.7362 923.0718 207.6450 1.6830 1.7239 3.5276 15.2830 1.3884 38.0075 -7.9648 -4.0466
Car -1 -1 -7.7910 323.3603 164.7175 345.8676 181.8947 1.6080 1.7544 4.3618 -26.1465 0.1304 68.5331 -8.1520 -4.2578
Car -1 -1 -8.1605 674.5133 168.6327 715.5108 194.3764 1.6111 1.6397 3.6038 5.8256 0.8685 46.1676 -8.0341 -4.3276
Car -1 -1 -7.8115 600.5844 174.5704 627.8282 196.1193 1.3983 1.6848 3.5605 0.6517 1.0136 47.7052 -7.7962 -4.3616
Car -1 -1 -5.0662 500.6542 164.2392 532.4980 182.8013 1.6724 1.7161 3.8522 -8.2388 0.2072 65.8069 -5.1883 -4.4301
Car -1 -1 -5.9648 505.5990 170.1432 564.4750 190.3682 1.5773 1.6674 4.3750 -5.5623 0.7696 56.4385 -6.0607 -4.4942
Car -1 -1 -4.3129 571.1303 176.3220 629.0709 211.2843 1.4214 1.5550 2.6939 -0.1966 1.2518 30.2883 -4.3176 -4.5335
Car -1 -1 -5.6301 604.2497 172.1512 658.1167 192.4197 1.5605 1.6324 4.1562 2.0703 0.9177 56.3902 -5.5919 -4.5590
Car -1 -1 -7.1568 329.2168 156.7735 377.8079 179.6668 1.9609 1.7068 4.3110 -22.3494 -0.0772 63.0487 -7.4939 -4.6309
Car -1 -1 -3.2626 550.3033 176.1129 635.9661 214.8285 1.4583 1.5380 3.1808 -0.5251 1.2933 27.6127 -3.2797 -4.6876
Car -1 -1 -3.6719 968.7593 154.7883 1044.0573 180.5110 1.5517 1.5816 3.7391 24.6313 0.0008 43.4719 -3.1578 -4.9148
Car -1 -1 -7.2095 1110.6731 187.0968 1223.0000 228.6184 1.4653 1.6570 4.0742 21.4406 1.7267 26.6819 -6.5369 -4.9352
Car -1 -1 -2.5044 206.3556 160.2937 282.8596 182.4182 1.5104 1.6994 4.6896 -25.2097 0.1310 49.5044 -2.9708 -5.0066
Car -1 -1 -2.4907 0.0000 183.3894 10.9970 369.0000 1.5632 1.6435 3.9332 -8.6943 1.5971 6.9826 -3.3610 -5.1468
Car -1 -1 -4.7864 551.6216 170.9084 577.4926 190.5209 1.3754 1.5944 4.0506 -2.9893 0.7028 51.6943 -4.8420 -5.4200
Car -1 -1 -8.0456 373.9377 159.7242 400.8930 180.8104 2.0097 1.7617 4.3000 -21.4519 0.0294 69.7005 -8.3410 -5.4895
Car -1 -1 -4.8467 373.2921 165.9998 399.2624 185.0098 1.6053 1.6685 3.9141 -19.1387 0.3808 61.8338 -5.1436 -5.7829
Car -1 -1 -4.9493 1090.6111 168.5238 1159.7742 203.3512 1.4680 1.6222 3.8929 23.3513 0.9634 31.9111 -4.3207 -5.8867
Car -1 -1 -8.6560 1030.4951 185.2045 1165.0388 227.2367 1.4876 1.6410 4.4394 19.2149 1.6889 27.8858 -8.0565 -6.1099
Car -1 -1 -5.7288 0.0000 183.8339 4.1747 330.7964 1.5845 1.7446 3.9679 -10.6185 1.6343 9.0889 -6.5727 -6.5554
Car -1 -1 -4.4553 589.9711 173.6910 616.1715 190.6133 1.5334 1.5999 3.5161 -0.1312 0.9163 65.9719 -4.4556 -6.7842
