Car -1 -1 -8.5435 1034.3342 184.7831 1155.7722 231.3404 1.4322 1.6146 3.2904 16.3129 1.5869 23.7788 -7.9470 4.2528
Car -1 -1 -8.4224 952.4930 183.1486 1067.1228 231.7442 1.5294 1.7122 3.6298 13.7459 1.6277 24.3163 -7.9120 3.9181
Car -1 -1 -5.4090 1095.1947 184.7859 1223.0000 233.6063 1.5241 1.6521 4.0750 19.2453 1.6854 24.5007 -4.7480 2.3778
Car -1 -1 -7.9029 603.9228 173.0160 636.9368 203.2850 1.5144 1.5618 3.4404 0.7538 1.1402 37.1165 -7.8811 2.2317
Car -1 -1 -7.8142 458.8447 166.8930 487.4236 194.9717 1.7292 1.6445 4.0697 -8.4802 0.8913 45.6720 -7.9948 -1.0511
Car -1 -1 -7.8374 479.8932 167.0042 499.0216 184.5857 1.5136 1.6084 3.7462 -10.2249 0.3516 62.8366 -7.9960 -1.8774
Car -1 -1 -5.1459 598.1036 172.8236 654.7280 201.7772 1.5329 1.6760 3.9066 1.1261 1.1266 39.5596 -5.1160 -1.9411
Car -1 -1 -6.7472 816.0233 163.8807 887.0604 192.7197 1.5920 1.5984 3.4470 13.9226 0.6747 40.0463 -6.4133 -2.1980
Car -1 -1 -8.8001 1019.1927 194.0927 1223.0000 268.7434 1.4250 1.6152 3.8379 11.8182 1.7791 16.3291 -8.1814 -2.6136
Car -1 -1 -8.2635 597.4254 174.9524 662.1874 210.0823 1.4584 1.5863 3.5188 1.0118 1.2283 31.2803 -8.2298 -2.6738
Car -1 -1 -7.8493 446.0963 161.2120 465.6043 181.0634 1.7762 1.7130 4.2795 -13.7855 0.0503 65.5294 -8.0538 -2.9667
Car -1 -1 -2.1673 443.6226 164.2089 486.4859 182.6984 1.5616 1.6734 4.0803 -12.2314 0.1856 61.7462 -2.3600 -3.0659
Car -1 -1 -7.7788 729.1402 172.8577 765.3452 203.3712 1.5639 1.6438 3.7828 7.7271 1.1723 38.2805 -7.5796 -3.0683
Car -1 -1 -4.8149 1124.4028 177.5976 1191.2227 218.9371 1.4790 1.6069 4.0326 21.3186 1.3754 27.4330 -4.1583 -3.1404
Car -1 -1 -2.1689 227.6151 160.9629 286.0302 183.1572 1.5138 1.6645 4.1537 -24.6240 0.1813 49.9790 -2.6222 -3.1528
Car -1 -1 -4.0805 405.2586 167.5196 444.2714 183.8076 1.5033 1.6473 3.8383 -17.1043 0.3052 67.3472 -4.3262 -3.3741
Car -1 -1 -5.2293 505.3583 172.0436 549.8321 193.9440 1.5867 1.6320 3.8731 -5.8623 0.9740 53.2751 -5.3366 -3.5231
Car -1 -1 -6.7756 973.0764 152.2912 1048.2440 181.5423 1.7619 1.7139 3.6300 24.8967 0.0629 43.4921 -6.2571 -3.6357
Car -1 -1 -4.9501 582.3914 172.7736 625.0104 198.8851 1.4882 1.6297 4.1370 -0.1423 1.0480 42.5002 -4.9517 -3.6519
Car -1 -1 -8.2314 950.5592 156.9387 1017.9305 194.0231 1.8964 1.8029 4.1321 20.4312 0.6917 38.3102 -7.7432 -3.6860
Car -1 -1 -8.0976 277.5264 172.7152 321.2978 199.5742 1.4180 1.4977 3.2138 -16.9222 1.0072 39.0617 -8.5016 -3.6941
Car -1 -1 -6.7670 422.9072 173.9431 521.2842 209.4515 1.5062 1.6013 4.0830 -5.9723 1.2283 31.8818 -6.9486 -3.7097
Car -1 -1 -5.5522 602.7452 171.4801 654.2107 191.9543 1.5757 1.6716 4.0124 1.8530 0.8815 56.4074 -5.5178 -3.8707
Car -1 -1 -6.9534 310.7175 164.1271 361.1954 186.1209 1.6857 1.5963 3.5098 -21.3019 0.4308 56.1055 -7.3125 -4.2407
Car -1 -1 -6.8977 597.2288 173.4651 652.7037 196.2639 1.4830 1.5781 3.4553 1.3530 1.0255 47.6032 -6.8678 -4.3906
Car -1 -1 -3.3374 563.6418 175.4918 648.4053 213.1692 1.4162 1.4819 3.0780 -0.0146 1.2282 27.6005 -3.3362 -4.5497
Car -1 -1 -2.3800 0.0000 185.1327 28.6887 356.0801 1.4583 1.5431 3.7031 -8.2983 1.5107 7.0058 -3.2255 -4.5903
Car -1 -1 -6.3135 505.4786 170.7769 561.8632 190.4257 1.5585 1.6916 4.4751 -5.7753 0.7873 57.2089 -6.4118 -4.6406
Car -1 -1 -7.8865 521.9316 166.3721 539.8909 182.3218 1.5583 1.6733 3.9972 -7.4540 0.1778 71.1741 -7.9886 -4.6518
Car -1 -1 -6.0440 474.5055 170.2448 526.9616 189.1136 1.5747 1.6565 4.1308 -8.8158 0.7188 60.0293 -6.1873 -4.8359
Car -1 -1 -7.6393 577.5067 175.1460 624.8900 210.6760 1.4418 1.4685 2.7515 -0.1479 1.2248 30.1919 -7.6424 -4.8397
Car -1 -1 -7.7979 326.0298 163.2132 348.9473 183.3851 1.8894 1.8043 4.8292 -25.9636 0.2701 68.7988 -8.1554 -5.0630
Car -1 -1 -8.0904 1206.5583 181.2697 1223.0000 234.5172 1.7025 1.7183 4.1496 22.8159 1.7322 24.9028 -7.3537 -5.4089
Car -1 -1 -8.0968 370.5888 157.6764 398.0734 177.5538 1.8670 1.6288 4.1476 -21.6168 -0.2979 69.2594 -8.3961 -5.5202
Car -1 -1 -7.5643 400.9582 162.2016 432.0919 179.3867 1.6522 1.7648 4.5588 -18.7389 -0.1150 70.5846 -7.8208 -5.6508
Car -1 -1 -5.1908 1009.1545 174.7557 1114.7789 225.7633 1.8605 1.7498 4.1790 17.8725 1.6512 27.9468 -4.6255 -5.7426
Car -1 -1 -6.2232 588.1539 169.0369 680.9982 205.6446 1.7032 1.7535 4.3532 1.4397 1.1701 33.9939 -6.1795 -6.0795
Car -1 -1 -3.1116 594.8907 171.4062 646.3386 189.6674 1.6358 1.7640 4.6188 1.4625 0.8211 64.3435 -3.0873 -6.1416
Car -1 -1 -4.3943 590.0447 174.4223 615.4203 191.8077 1.5807 1.4669 3.1100 -0.1682 1.0280 65.9929 -4.3952 -6.9837
