Car -1 -1 -7.9790 599.9697 173.1590 637.5718 203.4968 1.5103 1.5531 3.3653 0.6607 1.1450 36.9537 -7.9596 2.7503
Car -1 -1 -8.4272 1039.2463 186.3663 1156.1550 232.2232 1.4047 1.5797 3.4787 16.4525 1.6176 23.8671 -7.8284 2.3763
Car -1 -1 -5.0329 1126.1171 185.6985 1223.0000 234.4559 1.5022 1.6658 3.8140 19.5380 1.6964 24.3036 -4.3607 1.6806
Car -1 -1 -5.3685 956.4716 182.1851 1070.5120 230.0571 1.5146 1.6604 3.3718 13.8696 1.5769 24.2807 -4.8537 0.0408
Car -1 -1 -1.9506 245.8677 171.7770 300.5273 200.7081 1.4841 1.5695 3.2583 -17.8495 1.0368 37.9583 -2.3851 -1.2669
Car -1 -1 -3.6468 814.2055 161.1754 882.7264 188.5608 1.5114 1.5516 3.3374 13.7642 0.4450 40.0761 -3.3166 -1.5578
Car -1 -1 -7.6157 616.2603 174.0541 670.6530 208.5531 1.4463 1.5756 3.8116 1.7617 1.1763 31.6945 -7.5590 -2.0302
Car -1 -1 -4.7486 424.1199 170.7218 441.8887 185.9252 1.4643 1.5788 3.9814 -17.0782 0.5224 70.2269 -4.9843 -2.3672
Car -1 -1 -6.8650 418.0905 175.2274 513.3673 209.7956 1.4591 1.6114 3.9713 -6.2340 1.2367 31.8059 -7.0549 -2.4359
Car -1 -1 -4.8162 600.0621 174.8232 635.5232 201.3148 1.4630 1.6651 3.8321 0.6848 1.1496 41.0280 -4.7979 -2.4632
Car -1 -1 -7.8851 480.4429 166.1322 500.4355 184.7377 1.6039 1.6472 3.6813 -10.2001 0.3652 62.9141 -8.0432 -2.5068
Car -1 -1 -5.4798 1179.7937 147.8796 1223.0000 182.5861 1.8322 1.7928 3.9711 34.5504 0.1103 39.3531 -4.7617 -2.9920
Car -1 -1 -8.0503 681.7480 169.9638 720.1233 195.8719 1.6084 1.6862 4.1768 6.1857 0.9544 46.0315 -7.9159 -3.0329
Car -1 -1 -2.0695 309.4268 163.5061 347.7276 180.5318 1.5902 1.7126 4.0456 -26.5793 0.0028 68.0011 -2.4386 -3.2975
Car -1 -1 -3.6864 967.8657 154.2341 1048.4359 183.1132 1.7340 1.7415 3.9654 24.6808 0.1570 43.3812 -3.1705 -3.6585
Car -1 -1 -8.1102 373.9719 165.1561 402.9708 180.9951 1.5089 1.6777 4.4108 -21.3418 0.0470 69.6770 -8.4043 -3.6974
Car -1 -1 -4.4880 517.7185 167.5237 541.4813 182.3851 1.4563 1.6072 3.6242 -7.5342 0.1846 71.1794 -4.5911 -3.8892
Car -1 -1 -4.9943 1088.8186 184.8942 1196.6370 238.3957 1.5934 1.6137 4.7000 17.9902 1.7579 23.9482 -4.3550 -4.0774
Car -1 -1 -7.5800 458.7250 168.6374 495.5408 195.2598 1.6365 1.5190 3.1121 -8.1214 0.9074 45.0859 -7.7552 -4.3136
Car -1 -1 -4.9909 320.6859 167.6992 353.1266 187.2021 1.5308 1.5373 3.6112 -21.7791 0.5260 57.4043 -5.3499 -4.7843
Car -1 -1 -7.6411 601.1810 174.8784 634.4654 196.2266 1.3891 1.5762 3.3471 0.8986 1.0233 47.8161 -7.6207 -4.8343
Car -1 -1 -7.9214 443.7083 158.1227 465.8045 177.4944 1.7161 1.7315 4.2326 -13.9504 -0.2887 65.6151 -8.1280 -4.9177
Car -1 -1 -2.3635 0.0000 170.2556 46.4360 352.0009 1.6759 1.6779 3.9935 -8.6549 1.5819 7.4727 -3.1994 -4.9619
Car -1 -1 -3.3907 558.4189 175.5410 640.5074 214.7328 1.4668 1.5457 2.9096 -0.2668 1.2814 27.5791 -3.3985 -5.1134
Car -1 -1 -5.0179 321.2204 162.9668 364.7769 187.7755 1.7090 1.7609 4.2249 -18.9006 0.5012 50.9156 -5.3694 -5.4093
Car -1 -1 -3.2043 282.5799 173.4842 347.5290 197.7368 1.6213 1.6773 4.0654 -20.0496 1.1523 48.9030 -3.5893 -5.4870
Car -1 -1 -5.7117 0.0000 182.5932 14.0568 342.0448 1.6725 1.7193 3.9862 -10.2440 1.7030 8.8111 -6.5527 -6.7377
