Car -1 -1 -8.3955 957.5602 181.8049 1067.5204 231.0594 1.5566 1.7109 3.4309 13.7694 1.6046 24.1747 -7.8819 7.1693
Car -1 -1 -8.5669 1033.6719 184.1565 1154.9551 231.3351 1.4557 1.6228 3.2259 16.2905 1.5877 23.7752 -7.9710 6.3854
Car -1 -1 -5.4228 1093.6042 185.2766 1223.0000 234.8840 1.5436 1.6822 4.0391 19.1765 1.7230 24.4567 -4.7627 3.4739
Car -1 -1 -7.9527 601.1150 173.0600 636.8852 203.4125 1.5113 1.5501 3.2371 0.6742 1.1410 36.8790 -7.9328 3.1912
Car -1 -1 -5.1807 596.4073 172.8313 653.1011 201.3468 1.5207 1.6504 3.7904 1.0435 1.1118 39.7713 -5.1530 -2.0376
Car -1 -1 -3.6735 425.0860 174.1503 524.1433 209.6716 1.5091 1.6261 4.1591 -5.8745 1.2396 32.0114 -3.8515 -2.2712
Car -1 -1 -8.0141 684.1522 169.8932 720.5511 195.4534 1.5929 1.6961 4.2305 6.3024 0.9320 46.1990 -7.8777 -2.4415
Car -1 -1 -8.0946 810.5023 162.9889 859.9302 194.5156 1.7413 1.7221 4.4467 13.3672 0.7743 41.3325 -7.7823 -2.5068
Car -1 -1 -6.7653 979.3061 153.5276 1054.7230 180.5615 1.6275 1.6999 3.6325 25.2869 0.0038 43.4933 -6.2401 -2.8168
Car -1 -1 -7.3672 406.2958 166.7502 443.1289 183.7245 1.5759 1.6823 4.1286 -17.2296 0.2992 67.8471 -7.6129 -2.9334
Car -1 -1 -8.1287 395.4180 172.4202 454.5604 208.6585 1.5168 1.5805 3.8648 -8.1383 1.1788 31.6628 -8.3761 -3.0692
Car -1 -1 -7.9564 443.1255 158.5077 466.2790 177.6732 1.6998 1.7103 3.9372 -13.9245 -0.2705 65.4766 -8.1630 -3.5133
Car -1 -1 -7.0233 410.0383 165.4725 459.6087 183.6611 1.4392 1.6304 3.8618 -13.9099 0.2501 58.0026 -7.2556 -3.6991
Car -1 -1 -4.7307 434.6258 170.0158 450.7373 185.8012 1.5424 1.5180 3.5728 -16.2899 0.5178 71.0006 -4.9535 -3.7735
Car -1 -1 -5.0272 587.2390 171.8487 651.3802 208.1757 1.5464 1.6877 4.2707 0.5514 1.1783 32.3875 -5.0086 -3.9923
Car -1 -1 -3.1926 251.7549 160.5819 304.5417 182.7466 1.5049 1.6021 3.2819 -22.8696 0.1526 49.4746 -3.6211 -4.0064
Car -1 -1 -8.0568 374.8575 162.2774 401.6834 180.7800 1.7604 1.7040 4.2820 -21.3239 0.0265 69.5587 -8.3511 -4.0510
Car -1 -1 -4.5449 518.6510 170.3229 540.9294 185.4498 1.4820 1.6140 3.8049 -7.5191 0.4848 71.2218 -4.6478 -4.1966
Car -1 -1 -6.3615 597.9189 174.1130 657.0405 196.5255 1.4609 1.6104 3.8111 1.4599 1.0446 46.9783 -6.3289 -4.2314
Car -1 -1 -7.5824 459.1920 169.0094 496.1450 194.9926 1.5974 1.5266 3.1443 -8.0902 0.8910 45.1057 -7.7569 -4.2570
Car -1 -1 -5.8066 1131.3071 186.7946 1223.0000 234.1517 1.4854 1.5915 3.8745 21.0340 1.7253 24.8277 -5.1086 -4.3814
Car -1 -1 -7.0955 479.5090 168.2823 523.2527 186.8353 1.6000 1.6173 3.8991 -9.1858 0.5463 63.0339 -7.2377 -4.4623
Car -1 -1 -6.7183 986.4550 181.5755 1223.0000 252.1756 1.4556 1.6390 4.2432 11.0503 1.4817 15.7757 -6.1152 -4.5210
Car -1 -1 -4.7964 512.5264 172.1571 540.4777 193.6464 1.4132 1.5906 3.8667 -5.4261 0.8646 48.5491 -4.9052 -4.5398
Car -1 -1 -4.2057 586.5006 169.6798 627.8074 192.8671 1.7837 1.6363 3.8433 0.2179 0.9513 56.4671 -4.2002 -4.6972
Car -1 -1 -3.2896 560.1412 176.1306 646.1682 213.6200 1.4108 1.4756 3.1705 -0.1307 1.2466 27.5749 -3.2925 -4.8399
Car -1 -1 -7.6020 389.9581 167.1886 422.9941 186.2712 1.6677 1.8164 4.4564 -17.9090 0.5043 64.0358 -7.8716 -4.8420
Car -1 -1 -7.6226 800.5640 174.6462 863.6030 215.5772 1.5215 1.5924 3.7405 9.1128 1.3041 28.2950 -7.3127 -4.8691
Car -1 -1 -7.8691 496.2156 168.6254 518.1357 191.1134 1.7757 1.7190 3.8635 -8.0217 0.8380 57.8688 -8.0044 -5.0015
Car -1 -1 -2.5811 0.0000 192.3380 0.0000 369.0000 1.5238 1.6034 3.8812 -8.4148 1.6518 6.2020 -3.4906 -5.1785
Car -1 -1 -8.3727 951.3060 161.7246 1017.2261 197.0140 1.8197 1.6849 3.3490 20.3761 0.8517 38.1578 -7.8841 -5.2291
Car -1 -1 -2.1750 0.0000 182.1853 53.8346 341.5396 1.4895 1.6598 4.0270 -8.6185 1.5110 7.7550 -2.9910 -5.2553
Car -1 -1 -7.2609 565.3975 174.7221 628.8918 210.2295 1.4407 1.4553 2.6930 -0.3287 1.2065 30.2127 -7.2700 -5.2911
Car -1 -1 -5.5513 247.6209 160.9835 308.7744 184.3473 1.6699 1.5687 4.0773 -23.9767 0.2750 51.8935 -5.9798 -5.4461
Car -1 -1 -4.5504 552.7059 173.4911 583.2190 192.7125 1.3350 1.5614 4.0985 -2.6399 0.8483 51.2331 -4.5998 -5.5761
Car -1 -1 -2.3043 0.0000 186.4077 43.7086 369.0000 1.4147 1.5741 4.1880 -6.3089 1.4598 4.3621 -3.2344 -5.6470
Car -1 -1 -4.4361 518.1220 174.6926 559.5876 199.0146 1.3980 1.5389 3.6653 -3.9446 1.0643 42.5844 -4.5260 -5.6944
Car -1 -1 -4.8776 379.9026 161.3362 408.0822 181.2938 1.6453 1.6941 3.9176 -18.0455 0.0654 60.4206 -5.1645 -5.7131
Car -1 -1 -4.9772 1018.9153 175.0462 1098.4249 219.6934 1.6345 1.6706 3.8450 17.8000 1.4351 27.9682 -4.4140 -5.9036
Car -1 -1 -5.6984 0.0000 172.1891 18.8926 307.6946 1.5983 1.8070 4.5401 -11.3321 1.5007 9.7879 -6.5390 -6.4541
Car -1 -1 -4.9460 356.6005 161.8442 391.3940 184.6037 1.6187 1.5760 4.0005 -17.1500 0.2919 52.4049 -5.2586 -6.7823
