Car -1 -1 -8.4167 955.8820 181.3891 1068.2140 231.6134 1.5863 1.7167 3.4744 13.7479 1.6192 24.1718 -7.9037 6.3638
Car -1 -1 -8.5535 1033.7786 183.9390 1151.6666 230.8930 1.4543 1.5675 3.1874 16.2650 1.5785 23.8098 -7.9589 3.9589
Car -1 -1 -7.9087 601.1677 172.9916 634.0031 202.8168 1.4857 1.5376 3.1102 0.6028 1.1119 36.8037 -7.8907 2.7105
Car -1 -1 -5.3982 1089.0789 186.1907 1223.0000 233.5372 1.4692 1.6212 4.2212 19.1042 1.6845 24.5863 -4.7424 2.2362
Car -1 -1 -8.3147 378.2834 172.2968 454.9909 208.9471 1.5164 1.6184 4.1378 -8.4299 1.1772 31.3445 -8.5731 -1.8124
Car -1 -1 -7.8923 687.4139 167.5940 714.5198 191.9800 1.5248 1.6059 3.7476 6.2223 0.7179 46.1530 -7.7574 -2.2928
Car -1 -1 -2.1809 435.6547 165.8512 495.7502 194.6848 1.7761 1.7402 4.1567 -9.0284 0.8738 45.6223 -2.3732 -2.5389
Car -1 -1 -8.0001 376.3048 164.0044 399.7870 179.5465 1.4567 1.6447 3.8415 -21.0525 -0.0955 68.6142 -8.2946 -2.8530
Car -1 -1 -7.2892 408.8251 166.2461 446.4306 183.4907 1.6022 1.6772 3.8781 -16.9429 0.2777 67.7983 -7.5312 -2.9057
Car -1 -1 -4.3830 577.0900 173.8828 636.8472 207.8286 1.5027 1.6627 3.8429 0.1367 1.2099 33.3867 -4.3772 -3.1749
Car -1 -1 -8.4287 977.3521 145.1916 1046.7966 175.4358 1.7924 1.7307 4.3268 25.7129 -0.3370 44.8522 -7.9094 -3.3398
Car -1 -1 -3.4458 532.6392 176.6446 596.8585 200.3274 1.5285 1.6755 3.9522 -2.6895 1.2797 47.1108 -3.5008 -3.5822
Car -1 -1 -2.3095 353.7149 169.7312 402.3722 187.8513 1.5407 1.7045 4.1607 -19.8638 0.6250 61.8990 -2.6167 -3.6977
Car -1 -1 -7.0052 410.0934 165.2865 459.7721 183.4963 1.4409 1.6306 3.8390 -13.8980 0.2371 57.9843 -7.2373 -3.7637
Car -1 -1 -4.2417 426.1320 168.4909 457.0258 183.8329 1.4953 1.5575 3.5777 -16.3115 0.3247 70.8364 -4.4653 -3.8349
Car -1 -1 -5.4576 420.1104 161.9059 470.1693 180.6689 1.6786 1.7859 4.7253 -14.7731 0.0150 65.3337 -5.6770 -3.8571
Car -1 -1 -7.9416 521.6388 173.3783 553.9854 199.6083 1.4203 1.5332 3.4227 -3.8590 1.0348 40.1054 -8.0350 -3.8980
Car -1 -1 -7.1034 477.3326 167.8144 522.5348 186.8314 1.6360 1.6746 4.0375 -9.3014 0.5446 62.9634 -7.2475 -4.0047
Car -1 -1 -7.8613 496.0274 166.9089 518.0593 190.0724 1.8285 1.7269 3.9414 -8.0197 0.7556 57.8879 -7.9965 -4.0952
Car -1 -1 -7.5642 614.0886 171.3076 675.4515 207.6471 1.5188 1.6416 4.1086 1.8347 1.1348 31.7622 -7.5053 -4.1098
Car -1 -1 -8.3699 1065.3353 187.5691 1223.0000 260.2478 1.4549 1.5765 3.7511 12.5210 1.6397 16.4943 -7.7284 -4.1770
Car -1 -1 -7.5509 469.5846 172.3819 507.6953 195.2575 1.4702 1.5361 3.4923 -7.7406 0.9485 47.2800 -7.7104 -4.1859
Car -1 -1 -3.4087 786.4984 164.1612 861.3547 193.3615 1.6177 1.6540 3.7440 12.3433 0.7127 40.0564 -3.1102 -4.2758
Car -1 -1 -4.9058 541.2103 177.4958 588.6161 205.3379 1.3784 1.6506 4.5806 -2.2057 1.2299 37.4289 -4.9624 -4.5065
Car -1 -1 -2.7014 0.0000 192.4866 0.0000 369.0000 1.4649 1.5181 3.5551 -8.1157 1.5945 6.1601 -3.5964 -4.8565
Car -1 -1 -7.7977 754.1230 180.0658 804.0143 225.6963 1.4469 1.4738 3.6379 6.0214 1.4334 24.3743 -7.5569 -4.8689
Car -1 -1 -4.7440 345.4367 161.3788 366.8494 178.9382 1.5872 1.7805 4.2130 -23.4458 -0.1523 66.6049 -5.0790 -5.0622
Car -1 -1 -2.1639 0.0000 180.3876 64.3292 341.7101 1.5042 1.7085 4.1668 -8.5794 1.5035 7.7781 -2.9762 -5.0849
Car -1 -1 -8.3259 861.3043 179.2928 922.5634 209.6996 1.5539 1.6433 3.4519 15.3038 1.4923 37.9246 -7.9437 -5.1691
Car -1 -1 -4.7411 512.4080 167.4256 528.9103 182.8037 1.5134 1.5622 3.3523 -8.5013 0.2265 71.3518 -4.8573 -5.2202
Car -1 -1 -7.6806 386.6048 167.0268 413.0402 185.4181 1.5989 1.6218 3.9045 -18.3706 0.4275 63.4975 -7.9591 -5.4234
Car -1 -1 -4.4218 523.4065 169.4437 550.5781 185.4086 1.5641 1.7497 3.6421 -6.7923 0.4807 71.2285 -4.5147 -5.5777
Car -1 -1 -2.3494 0.0000 183.3076 47.8585 369.0000 1.4248 1.5887 4.2024 -6.3362 1.4469 4.3901 -3.2787 -5.5896
Car -1 -1 -4.6511 363.6140 163.5270 388.0853 184.7301 1.6876 1.6432 4.5552 -18.9664 0.3366 58.6856 -4.9602 -5.5934
Car -1 -1 -7.7353 447.3928 164.1681 470.2469 182.4706 1.6958 1.6779 3.9141 -13.9057 0.1825 67.5288 -7.9356 -5.8754
Car -1 -1 -7.8297 196.5100 168.9196 232.6373 197.5148 1.3600 1.4893 3.2619 -19.5308 0.8094 35.4186 -8.3279 -6.2593
Car -1 -1 -5.7192 0.0000 172.2668 22.3269 307.6692 1.5888 1.8200 4.5740 -11.3084 1.4926 9.7936 -6.5584 -6.4187
Car -1 -1 -4.0361 269.4575 166.3282 333.5717 196.2259 1.4913 1.3273 3.2632 -15.8429 0.7846 37.0180 -4.4355 -6.8329
