Car -1 -1 -8.4278 956.3654 181.4227 1068.6973 231.5331 1.5824 1.7016 3.4551 13.7640 1.6165 24.1683 -7.9143 6.6454
Car -1 -1 -8.5456 1033.7188 184.7015 1155.3738 231.3993 1.4366 1.6203 3.2890 16.2926 1.5883 23.7740 -7.9495 6.2871
Car -1 -1 -5.4324 1094.4902 183.2870 1223.0000 234.0911 1.6006 1.6542 3.8884 19.1723 1.7052 24.4846 -4.7730 5.2384
Car -1 -1 -7.8989 604.6346 172.8509 636.5736 202.9102 1.4988 1.5210 3.1292 0.7611 1.1175 36.8350 -7.8767 2.8324
Car -1 -1 -4.6374 492.5202 161.1221 517.7387 181.8872 1.6312 1.7145 4.2775 -8.1049 0.1089 57.7290 -4.7743 -0.8478
Car -1 -1 -6.9783 814.4476 162.0599 892.5338 191.9906 1.6491 1.6667 4.1003 14.2024 0.6332 40.4554 -6.6414 -0.9245
Car -1 -1 -7.5193 614.1169 172.4518 678.7762 208.1765 1.4894 1.6378 4.0801 1.9049 1.1541 31.6761 -7.4581 -2.2266
Car -1 -1 -4.5204 317.6671 159.6508 349.1347 183.6707 2.0633 1.7801 4.5169 -24.1734 0.2723 63.1130 -4.8826 -2.2360
Car -1 -1 -7.8781 459.9715 168.8887 487.8739 193.7052 1.5495 1.7031 4.1900 -8.6382 0.8246 46.3718 -8.0592 -2.3555
Car -1 -1 -6.3818 600.4967 175.1075 667.1208 200.6408 1.4583 1.6230 3.7453 1.6386 1.1504 41.2994 -6.3408 -2.5478
Car -1 -1 -5.1296 503.2387 167.4334 547.4305 190.7506 1.6669 1.6894 4.2895 -5.9924 0.7328 52.8231 -5.2401 -2.7656
Car -1 -1 -2.7106 660.2720 173.6367 726.0043 195.9919 1.4872 1.6844 4.1854 6.0711 1.0307 48.8573 -2.5861 -2.7699
Car -1 -1 -6.7285 976.6129 152.2639 1052.8674 180.0350 1.6684 1.7187 3.6760 25.1518 -0.0292 43.5091 -6.2058 -2.8735
Car -1 -1 -8.0626 370.7669 163.1187 396.8377 180.5145 1.6523 1.6572 3.9860 -21.6799 0.0012 69.3012 -8.3626 -3.2455
Car -1 -1 -6.5485 533.6084 174.9737 648.8000 216.5233 1.5184 1.6654 4.1413 -0.5782 1.3167 27.2185 -6.5678 -3.3355
Car -1 -1 -4.4699 384.9994 167.1457 415.1864 184.9942 1.5549 1.6645 4.1068 -18.3916 0.3914 63.6772 -4.7479 -3.6972
Car -1 -1 -4.7641 575.0049 174.5685 605.4707 199.9132 1.4372 1.6143 3.8209 -0.9280 1.1010 42.0588 -4.7843 -3.6991
Car -1 -1 -4.7146 577.6669 174.3618 600.9475 197.4738 1.5042 1.5154 4.0063 -1.0718 1.1048 48.0369 -4.7351 -4.0262
Car -1 -1 -6.5804 475.2774 176.1983 545.6682 203.7362 1.4794 1.5901 3.5858 -5.2869 1.2485 39.4524 -6.7108 -4.0648
Car -1 -1 -7.3857 532.1967 172.6394 589.6962 201.2344 1.5566 1.7029 3.9277 -2.4840 1.1288 40.6299 -7.4446 -4.1908
Car -1 -1 -4.6045 479.3013 166.2385 508.6545 190.6749 1.7362 1.6889 4.2850 -8.1817 0.7230 52.4148 -4.7566 -4.2736
Car -1 -1 -5.0634 598.3801 175.8312 649.4824 202.3829 1.3959 1.5962 3.8763 0.9804 1.1506 39.2641 -5.0369 -4.3368
Car -1 -1 -7.6940 435.4774 159.4367 467.4706 184.6277 1.9419 1.8420 4.2520 -12.2476 0.3182 56.6724 -7.9038 -4.4654
Car -1 -1 -4.7118 525.6107 177.3203 557.2371 206.6848 1.4511 1.5597 4.7527 -3.3717 1.2941 37.3741 -4.7993 -4.4866
Car -1 -1 -7.1233 409.8365 162.9948 459.8362 181.8915 1.4799 1.6784 4.0496 -13.7920 0.1089 57.5516 -7.3553 -4.5264
Car -1 -1 -4.6183 591.3091 170.3779 634.7859 206.9016 1.5482 1.6053 3.8652 0.3972 1.1193 31.9790 -4.6043 -4.5350
Car -1 -1 -4.6914 533.4735 177.3804 557.6787 198.8075 1.3792 1.5323 4.0125 -3.9651 1.1785 47.5607 -4.7723 -4.5358
Car -1 -1 -7.2131 404.1407 164.8029 447.8987 183.4218 1.7193 1.7466 4.4398 -17.0553 0.2697 67.6767 -7.4571 -4.5640
Car -1 -1 -8.3188 949.9685 160.9671 1017.0048 196.3471 1.8154 1.6930 3.7062 20.3183 0.8133 38.1507 -7.8312 -4.6277
Car -1 -1 -8.2914 1068.2109 188.4607 1223.0000 259.4248 1.4108 1.6216 3.6845 12.4590 1.6187 16.4654 -7.6515 -4.7594
Car -1 -1 -7.7992 445.9085 161.0373 465.9490 178.4059 1.5482 1.6140 3.5240 -13.7293 -0.1992 65.3393 -8.0034 -4.8670
Car -1 -1 -2.3703 0.0000 172.1641 44.8108 356.3036 1.6853 1.6922 4.1311 -8.7500 1.6094 7.4611 -3.2123 -4.9200
Car -1 -1 -2.4083 319.9919 162.7210 380.5999 184.0728 1.5607 1.7182 4.2444 -19.1919 0.2612 53.2868 -2.7501 -5.1032
Car -1 -1 -7.8409 828.7495 169.8741 887.2853 226.2096 1.7493 1.7340 4.1279 8.6295 1.4196 24.1910 -7.5008 -5.4276
Car -1 -1 -3.8749 587.7198 171.5448 626.7839 191.0819 1.7749 1.5365 3.5206 0.2476 0.9612 65.9794 -3.8695 -5.4370
Car -1 -1 -6.1006 679.5594 169.4218 743.0771 194.9596 1.5736 1.5603 3.7697 6.7538 0.8911 44.9210 -5.9507 -5.4911
Car -1 -1 -2.2898 0.0000 180.4969 30.0738 369.0000 1.4201 1.5641 4.1096 -6.0377 1.4205 3.9512 -3.2425 -5.6678
Car -1 -1 -4.6109 374.8680 161.6546 401.4123 182.7895 1.7369 1.7391 4.1809 -18.4469 0.1881 60.3244 -4.9043 -5.8202
Car -1 -1 -7.6486 342.4082 165.4204 367.2272 183.0559 1.7107 1.5821 3.8141 -24.9118 0.2478 70.5794 -7.9846 -6.0183
Car -1 -1 -5.7129 0.0000 187.7447 7.4911 339.7619 1.5541 1.7659 3.7432 -10.1192 1.6575 8.7073 -6.5534 -6.4388
