Car -1 -1 -5.4334 1094.3929 183.8632 1223.0000 233.7970 1.5693 1.6789 3.8911 19.1809 1.6955 24.4824 -4.7737 5.6976
Car -1 -1 -8.3798 956.1456 182.3715 1066.2698 231.3211 1.5419 1.6785 3.5701 13.7344 1.6109 24.2046 -7.8678 5.1576
Car -1 -1 -8.5680 1031.0767 186.1323 1157.7715 233.4612 1.4447 1.6025 3.4858 16.3232 1.6494 23.8419 -7.9723 4.4715
Car -1 -1 -7.9566 601.3928 172.9446 637.2641 203.3615 1.5135 1.5467 3.1814 0.6909 1.1377 36.8303 -7.9362 3.0440
Car -1 -1 -6.8550 818.7762 163.9293 895.9970 191.9716 1.5467 1.6424 3.8653 14.3320 0.6329 40.2401 -6.5136 -0.7797
Car -1 -1 -8.2942 378.7248 171.8441 456.1897 209.1009 1.5499 1.6795 4.2940 -8.4657 1.1900 31.5988 -8.5517 -2.1206
Car -1 -1 -6.8277 423.9096 174.7820 522.4561 208.8313 1.4446 1.5890 4.1571 -5.9291 1.2022 31.9707 -7.0075 -2.4159
Car -1 -1 -4.5038 422.9812 171.2534 447.6883 187.0888 1.5277 1.6094 3.8744 -16.7772 0.6355 70.1683 -4.7357 -2.4719
Car -1 -1 -4.8733 597.5565 174.6582 636.1892 201.2961 1.4637 1.6515 3.7142 0.6266 1.1428 40.8069 -4.8564 -2.7045
Car -1 -1 -7.8151 401.9360 164.1577 424.6494 183.2901 1.5020 1.6237 3.9504 -15.5775 0.2190 57.6145 -8.0759 -2.7166
Car -1 -1 -8.0335 682.8260 169.6956 720.0615 195.3804 1.6001 1.6928 4.1175 6.2358 0.9271 46.1406 -7.8984 -2.7755
Car -1 -1 -8.1009 372.2441 164.8602 399.0832 180.0096 1.4287 1.6329 3.7655 -21.3552 -0.0493 68.8474 -8.3984 -2.9197
Car -1 -1 -4.9678 589.8344 171.6083 648.0928 208.0337 1.5492 1.6564 4.1422 0.5398 1.1713 32.2799 -4.9495 -3.5724
Car -1 -1 -7.8572 496.1909 166.6409 518.4995 189.9186 1.8367 1.7478 4.1010 -7.9939 0.7431 57.9404 -7.9918 -3.8796
Car -1 -1 -4.5160 518.4861 168.9215 541.0812 183.9381 1.4716 1.5731 3.6581 -7.5168 0.3368 71.1833 -4.6190 -3.9048
Car -1 -1 -7.4404 316.9486 158.4707 358.7772 180.4974 1.8900 1.8278 4.4783 -23.7047 -0.0004 62.9569 -7.7969 -3.9368
Car -1 -1 -8.3444 980.7774 148.3507 1044.4309 176.7513 1.6895 1.6905 4.2168 25.6995 -0.2486 44.7575 -7.8244 -3.9635
Car -1 -1 -6.6904 608.8635 176.2858 706.9146 214.5615 1.4558 1.5253 3.5888 2.0721 1.2958 28.2001 -6.6162 -4.0468
Car -1 -1 -7.5614 600.4465 174.6168 639.2521 196.2702 1.4046 1.6132 3.7443 1.0453 1.0230 47.8952 -7.5380 -4.3275
Car -1 -1 -7.7968 234.2084 160.1370 267.9305 187.4525 1.7281 1.7537 4.1226 -23.4623 0.4399 46.9702 -8.2554 -4.3783
Car -1 -1 -7.8275 446.4784 160.4461 466.3246 178.2079 1.5775 1.6885 3.6239 -13.6618 -0.2179 65.2289 -8.0311 -4.5563
Car -1 -1 -8.2419 246.4305 172.7701 302.0114 200.4388 1.4284 1.5500 3.4297 -17.9276 1.0295 38.2380 -8.6753 -4.6076
Car -1 -1 -4.4733 593.1880 173.0626 622.0342 192.6181 1.5089 1.5289 3.4308 0.2470 0.9350 56.4052 -4.4672 -4.6526
Car -1 -1 -5.3798 1172.7275 147.6214 1223.0000 182.5977 1.8870 1.8682 3.8067 34.5891 0.1133 40.0866 -4.6702 -4.7293
Car -1 -1 -7.3926 570.6088 176.1250 629.2527 211.7640 1.4433 1.4657 2.6663 -0.2055 1.2663 30.1534 -7.3976 -4.8418
Car -1 -1 -3.2854 544.1944 176.5111 632.5232 215.1497 1.4488 1.5284 3.2522 -0.7072 1.2995 27.5360 -3.3091 -4.8498
Car -1 -1 -2.3268 0.0000 176.2962 30.8403 354.7187 1.6595 1.6417 3.8764 -8.7266 1.6208 7.4486 -3.1684 -4.9869
Car -1 -1 -7.7662 458.4716 167.4142 488.6483 195.1783 1.7079 1.5906 3.5304 -8.3928 0.9030 45.3260 -7.9463 -5.1043
Car -1 -1 -4.7773 551.8480 171.1893 577.2208 190.8523 1.3793 1.5943 4.0398 -2.9906 0.7262 51.6982 -4.8330 -5.3426
Car -1 -1 -2.3572 0.0000 187.9653 65.2860 369.0000 1.4147 1.5882 4.2312 -6.2230 1.4729 4.3988 -3.2770 -5.6194
Car -1 -1 -4.3303 500.3506 174.5855 548.3226 199.6434 1.4237 1.5367 3.7887 -4.7698 1.0878 42.2035 -4.4403 -5.7472
Car -1 -1 -7.9612 222.2161 175.7314 261.1694 204.9671 1.4217 1.4351 3.3374 -18.6322 1.1900 36.1726 -8.4315 -5.8774
Car -1 -1 -5.0804 1015.9592 175.3120 1107.0009 219.6460 1.6163 1.6740 3.9631 17.8388 1.4274 27.8850 -4.5150 -5.9076
Car -1 -1 -4.9523 355.0575 166.3689 387.4125 186.9334 1.4755 1.5119 3.4691 -17.4122 0.4616 52.6019 -5.2682 -5.9571
Car -1 -1 -5.7721 0.0000 186.6469 10.2199 337.9789 1.5381 1.7595 3.7465 -10.1000 1.6270 8.7375 -6.6100 -6.5257
