Car -1 -1 -8.4083 953.5148 182.2612 1069.8373 231.5512 1.5522 1.7520 3.7012 13.7865 1.6176 24.2861 -7.8961 4.0956
Car -1 -1 -8.5212 1036.3000 184.1866 1153.7939 231.1722 1.4540 1.5886 3.2070 16.3304 1.5870 23.7956 -7.9245 2.8964
Car -1 -1 -5.4926 1094.7720 186.1829 1223.0000 233.4617 1.4661 1.5508 3.6426 18.9692 1.6769 24.2848 -4.8344 1.8057
Car -1 -1 -7.7811 601.2592 174.3082 635.7596 203.6412 1.4653 1.5562 3.5313 0.7345 1.1562 37.1509 -7.7598 1.1011
Car -1 -1 -4.7918 458.5343 169.1906 489.2260 194.9533 1.5915 1.6369 4.1768 -8.5577 0.8929 45.9074 -4.9731 -0.2273
Car -1 -1 -6.9393 815.8662 163.1166 895.5703 193.1183 1.6518 1.6784 4.1219 14.2930 0.6948 40.3671 -6.5998 -1.0885
Car -1 -1 -7.7878 460.7662 164.3178 483.0899 182.7228 1.5568 1.6630 3.7754 -11.5803 0.1879 61.7776 -7.9703 -1.2373
Car -1 -1 -6.5212 676.8705 169.6417 738.8246 194.7367 1.5612 1.5960 3.6220 6.5050 0.8858 44.9516 -6.3767 -2.3677
Car -1 -1 -3.0190 545.3047 175.5124 615.8353 201.3178 1.4688 1.6634 3.9373 -1.4040 1.1850 41.2502 -3.0511 -2.6593
Car -1 -1 -4.7060 841.8287 170.2384 965.0842 273.6375 1.6202 1.8349 3.6983 5.4522 1.4598 13.1383 -4.3196 -2.9200
Car -1 -1 -3.3829 505.5972 174.3161 571.6259 198.8738 1.5641 1.6943 4.0358 -4.3762 1.1703 46.4915 -3.4744 -2.9633
Car -1 -1 -8.2602 866.6795 173.7869 966.9068 228.4294 1.5389 1.5429 3.4406 9.3815 1.3501 21.6336 -7.8547 -3.0088
Car -1 -1 -3.1484 532.5127 173.9161 617.4901 204.1950 1.5062 1.6310 4.2358 -1.5482 1.1789 36.0874 -3.1892 -3.3301
Car -1 -1 -6.7586 971.8756 153.2778 1048.5422 182.1385 1.7382 1.7102 3.7225 24.8815 0.0988 43.5184 -6.2406 -3.3798
Car -1 -1 -8.4183 952.3317 162.4636 1016.1524 194.0249 1.6297 1.6418 3.0547 20.3515 0.6985 38.0941 -7.9294 -3.4608
Car -1 -1 -7.7339 445.9604 161.5059 468.9575 180.1638 1.6732 1.6328 3.7942 -13.6026 -0.0322 65.4367 -7.9360 -3.4797
Car -1 -1 -8.0146 478.9058 166.2402 503.9562 184.2827 1.5528 1.6201 3.7885 -10.1139 0.3255 62.9017 -8.1714 -3.6854
Car -1 -1 -8.0866 321.1660 161.3629 358.0558 184.8799 1.6320 1.6708 3.8188 -19.2152 0.3040 51.1195 -8.4421 -3.7713
Car -1 -1 -5.0836 378.5500 164.1046 417.5424 184.2102 1.5616 1.7199 3.9167 -16.7018 0.2882 56.9957 -5.3652 -3.8201
Car -1 -1 -7.7458 408.5279 161.2123 436.2628 181.2808 1.5873 1.7194 4.5626 -15.0000 0.0617 58.3038 -7.9943 -3.8373
Car -1 -1 -8.2091 1080.0454 189.7178 1223.0000 261.3839 1.4148 1.5850 3.9687 12.7544 1.6597 16.6335 -7.5627 -3.9322
Car -1 -1 -4.1092 853.6148 179.1859 934.5015 210.9277 1.4885 1.6462 4.1492 14.3087 1.4271 34.9839 -3.7226 -4.2101
Car -1 -1 -8.4110 884.6639 162.3488 954.9263 196.0174 1.7248 1.7053 3.8019 16.9151 0.7951 38.2227 -7.9957 -4.2740
Car -1 -1 -6.9519 308.9727 168.3399 361.1298 189.8007 1.6395 1.6082 3.6452 -21.3274 0.7105 55.9924 -7.3121 -4.4647
Car -1 -1 -7.8776 835.3149 174.5860 893.5974 230.4039 1.6078 1.5957 3.8457 8.1237 1.4378 22.4425 -7.5333 -4.5956
Car -1 -1 -7.6195 393.6753 173.8110 453.3881 210.1987 1.4364 1.5681 3.8802 -7.6071 1.1726 29.8587 -7.8647 -4.7351
Car -1 -1 -2.3984 0.0000 172.2790 65.8638 359.1255 1.6907 1.7440 4.2525 -8.5867 1.6168 7.4568 -3.2313 -4.8033
Car -1 -1 -6.5217 588.6925 174.4156 645.8841 195.6236 1.6289 1.7024 4.2132 0.9587 1.1615 55.5943 -6.5029 -4.8705
Car -1 -1 -7.7532 921.7217 186.9816 991.5746 238.1074 1.4311 1.5979 4.1604 11.2375 1.6580 22.5332 -7.2947 -5.0865
Car -1 -1 -7.5830 430.2498 174.9029 489.5644 210.8002 1.4114 1.5107 3.6230 -6.0396 1.1916 29.6619 -7.7800 -5.1202
Car -1 -1 -2.0894 218.1701 171.8742 283.1479 200.6486 1.4026 1.3948 3.5489 -18.0956 0.9823 36.0344 -2.5494 -5.5123
Car -1 -1 -7.3542 378.3161 161.3858 419.6693 181.1355 1.8969 1.9784 4.6058 -20.4185 0.0609 70.3752 -7.6335 -5.8610
Car -1 -1 -5.7624 0.0000 184.2300 5.8318 334.7543 1.6054 1.7576 3.9823 -10.5952 1.6615 9.0783 -6.6058 -6.5792
Car -1 -1 -4.9320 351.9148 161.5303 387.3821 184.9642 1.6653 1.6688 4.0090 -17.4689 0.3173 52.3930 -5.2501 -6.5797
Car -1 -1 -4.4196 592.6296 173.6864 618.2963 190.5062 1.5243 1.4949 3.3173 0.0889 0.9067 65.8814 -4.4166 -6.9885
