Car -1 -1 -8.4097 956.3145 182.0081 1068.6243 231.5013 1.5600 1.7243 3.4853 13.7611 1.6156 24.1713 -7.8963 6.1126
Car -1 -1 -5.4085 1094.8256 184.0631 1223.0000 233.3915 1.5516 1.6720 3.9045 19.1847 1.6853 24.5067 -4.7492 5.7893
Car -1 -1 -8.5632 1032.5922 185.2702 1157.0090 231.8268 1.4282 1.6125 3.3854 16.3310 1.6011 23.8254 -7.9670 5.2983
Car -1 -1 -7.9477 601.6310 173.1570 637.5917 203.4365 1.5090 1.5539 3.5594 0.7057 1.1432 37.0670 -7.9271 2.4923
Car -1 -1 -6.7971 820.4213 163.9199 896.0696 192.8947 1.5977 1.6115 3.7278 14.3242 0.6836 40.0987 -6.4548 -1.1172
Car -1 -1 -7.4642 460.0750 164.2161 494.4859 183.6065 1.6404 1.6641 3.7240 -11.1097 0.2627 61.8105 -7.6393 -1.5460
Car -1 -1 -7.5895 615.4476 171.9070 672.6728 207.4108 1.4888 1.5975 3.9018 1.7953 1.1287 31.7521 -7.5319 -1.6773
Car -1 -1 -8.0504 681.8671 169.7301 720.0574 195.9156 1.6301 1.6967 4.0838 6.1993 0.9598 46.1067 -7.9159 -2.1047
Car -1 -1 -4.8322 590.9528 167.9371 638.6156 207.8164 1.6911 1.6721 4.1508 0.3552 1.1585 32.1349 -4.8195 -2.3772
Car -1 -1 -4.7796 601.6118 174.7341 634.8798 201.3825 1.4688 1.6648 3.8915 0.7109 1.1511 40.9536 -4.7607 -2.5430
Car -1 -1 -5.4644 1179.6230 148.4072 1223.0000 183.9868 1.8819 1.8001 3.9346 34.5453 0.1846 39.3948 -4.7468 -3.1815
Car -1 -1 -2.8900 417.4833 158.4726 468.3153 178.3661 1.7810 1.8030 4.2007 -14.7315 -0.1976 64.4704 -3.1116 -3.1824
Car -1 -1 -6.7702 973.0204 154.6177 1047.2289 183.6332 1.7478 1.7075 3.5763 24.8679 0.1888 43.4986 -6.2523 -3.2732
Car -1 -1 -2.1370 237.9789 172.4954 302.6079 200.3770 1.4360 1.5263 3.4660 -18.0125 1.0239 37.9902 -2.5747 -3.3086
Car -1 -1 -7.8567 320.2905 156.4245 343.5836 179.4664 1.8444 1.7562 4.3449 -22.8258 -0.0900 59.1492 -8.2213 -3.4459
Car -1 -1 -8.0228 278.6292 172.6016 317.4892 199.2878 1.4048 1.4819 3.0284 -16.9229 0.9892 38.8949 -8.4284 -3.4749
Car -1 -1 -7.7226 458.0086 167.1645 491.1845 194.9449 1.7125 1.6195 3.6942 -8.3475 0.8905 45.4693 -7.9011 -3.5054
Car -1 -1 -6.7952 421.8405 173.2080 525.4780 209.0829 1.5199 1.6583 4.3537 -5.9092 1.2112 31.9819 -6.9744 -3.6324
Car -1 -1 -8.0575 373.3048 163.2003 399.3192 180.5231 1.6476 1.6585 4.0800 -21.4767 0.0021 69.4367 -8.3543 -3.7252
Car -1 -1 -6.9988 409.0160 165.9814 459.1165 183.6926 1.4001 1.6096 3.8852 -13.9576 0.2523 57.9405 -7.2320 -4.0358
Car -1 -1 -7.7026 601.8853 173.8770 633.5396 196.4765 1.4645 1.6100 3.5900 0.8918 1.0354 47.7235 -7.6823 -4.2551
Car -1 -1 -2.1317 231.1427 160.4298 286.3880 182.8020 1.5245 1.6563 3.9691 -24.4655 0.1569 49.9336 -2.5828 -4.2891
Car -1 -1 -4.5072 594.3577 173.0515 622.6823 192.8828 1.5286 1.5568 3.5950 0.3214 0.9545 56.4222 -4.4998 -4.4387
Car -1 -1 -7.8871 521.7945 166.1465 539.6272 181.9622 1.5451 1.6592 3.9408 -7.4700 0.1427 71.1389 -7.9894 -4.6719
Car -1 -1 -7.8045 404.8768 173.3547 441.3438 207.7454 1.4287 1.3892 3.0594 -7.9597 1.1321 31.0103 -8.0515 -4.8704
Car -1 -1 -4.0331 340.1863 160.4278 394.0493 182.2387 1.7634 1.8089 4.6023 -19.9815 0.1405 59.6361 -4.3529 -4.9632
Car -1 -1 -2.5624 0.0000 188.5970 8.3312 369.0000 1.4854 1.6173 3.3450 -8.3500 1.5795 6.9509 -3.4148 -4.9939
Car -1 -1 -7.6246 394.8620 164.5593 424.2797 183.5640 1.8094 1.7631 4.6945 -19.1886 0.2916 69.6956 -7.8903 -5.0021
Car -1 -1 -5.0063 376.1860 163.0348 412.6020 183.5138 1.6495 1.7317 4.4033 -17.6761 0.2427 59.2656 -5.2928 -5.2656
Car -1 -1 -4.8258 550.4357 171.2554 578.4407 190.8571 1.3752 1.5989 4.0458 -3.0021 0.7266 51.7321 -4.8816 -5.4142
Car -1 -1 -8.0440 225.8656 175.6515 266.3701 204.4079 1.4002 1.3251 2.8942 -18.3017 1.1643 35.9796 -8.5092 -5.6282
Car -1 -1 -4.6224 574.8635 171.2619 619.8072 211.6813 1.5545 1.5159 3.7266 -0.2854 1.1994 29.1117 -4.6303 -5.7683
Car -1 -1 -5.7631 0.0000 184.1348 12.0115 350.8110 1.6051 1.7518 4.0518 -9.9420 1.6561 8.3606 -6.6143 -6.5665
