Car -1 -1 -8.5649 1033.4177 184.8341 1156.1755 231.1987 1.4248 1.6202 3.2936 16.3044 1.5814 23.7786 -7.9686 6.4046
Car -1 -1 -5.4266 1093.6034 183.3942 1223.0000 233.6172 1.5822 1.6671 3.9098 19.1589 1.6909 24.5017 -4.7678 5.2474
Car -1 -1 -8.4286 950.1235 183.2714 1065.9856 231.2400 1.5045 1.6314 3.8107 13.6998 1.6078 24.3560 -7.9203 4.0904
Car -1 -1 -7.9431 600.8281 173.0366 636.0898 203.1998 1.5033 1.5490 3.3182 0.6467 1.1315 36.9468 -7.9240 3.2184
Car -1 -1 -8.2111 469.6292 167.1574 502.7935 185.7904 1.6007 1.6509 3.9033 -10.5713 0.4544 62.8439 -8.3751 -0.8294
Car -1 -1 -7.9718 821.0428 163.4478 860.5483 193.5201 1.6592 1.6876 4.2205 13.6822 0.7185 41.2478 -7.6521 -1.1738
Car -1 -1 -2.3832 427.6437 166.9719 494.9608 195.2193 1.7454 1.7286 4.2203 -9.2800 0.9096 45.5426 -2.5811 -1.8157
Car -1 -1 -8.1872 368.4130 164.8441 397.6025 180.1667 1.4534 1.5899 3.7542 -21.7034 -0.0337 69.1372 -8.4882 -2.3387
Car -1 -1 -5.2483 605.1382 172.9382 688.5909 211.2850 1.5062 1.6611 4.0987 1.6642 1.2094 29.9731 -5.1917 -2.3994
Car -1 -1 -7.9160 687.3277 169.2200 716.2781 194.3447 1.5705 1.6315 3.8678 6.2780 0.8655 46.1861 -7.7801 -2.4273
Car -1 -1 -4.8737 597.7844 175.3071 636.6725 201.0714 1.4109 1.6426 3.8236 0.6438 1.1266 40.7285 -4.8563 -2.4650
Car -1 -1 -4.2516 407.0142 169.3458 444.1232 186.5129 1.5798 1.7581 4.1407 -17.0025 0.5532 67.2775 -4.4963 -2.7696
Car -1 -1 -8.1742 436.4315 158.7895 467.7271 177.2198 1.6274 1.7049 3.8480 -14.1232 -0.3126 65.2676 -8.3843 -3.2990
Car -1 -1 -3.7187 967.5067 153.8584 1044.6537 181.3781 1.6493 1.6806 3.8131 24.5340 0.0527 43.3339 -3.2049 -3.7423
Car -1 -1 -4.6472 910.8253 176.7225 1024.4281 278.2489 1.5226 1.5751 4.0316 6.5869 1.4663 12.7396 -4.1786 -3.8591
Car -1 -1 -6.9503 409.5439 166.1080 461.5644 184.2638 1.4329 1.6302 3.9840 -13.8194 0.2970 57.8695 -7.1816 -3.8917
Car -1 -1 -6.7654 424.7938 174.2864 522.1045 208.7542 1.4636 1.5879 4.0390 -5.9145 1.2000 31.8912 -6.9452 -4.2342
Car -1 -1 -6.2754 509.3452 171.4390 559.8860 191.2693 1.5565 1.6431 3.9607 -5.6011 0.8453 56.4924 -6.3719 -4.3168
Car -1 -1 -5.0617 1079.7460 188.7219 1223.0000 260.2313 1.4236 1.5610 3.9359 12.7429 1.6423 16.6703 -4.4167 -4.3221
Car -1 -1 -7.4835 566.3866 172.1191 627.4313 208.3005 1.4685 1.5269 3.3371 -0.3187 1.1286 30.5279 -7.4921 -4.4222
Car -1 -1 -4.2862 385.6956 163.8842 421.4280 181.0113 1.6251 1.7912 4.1825 -19.6672 0.0484 69.2921 -4.5596 -4.5265
Car -1 -1 -8.3664 952.5248 165.0210 1016.9421 197.0015 1.6467 1.6158 3.3408 20.3694 0.8498 38.0955 -7.8772 -4.6039
Car -1 -1 -5.7829 0.0000 177.1275 16.3658 369.0000 1.6138 1.6398 3.9395 -8.5536 1.5884 6.8828 -6.6519 -4.7116
Car -1 -1 -4.7479 498.6383 168.9814 519.7180 188.4078 1.6139 1.6596 4.0554 -8.2635 0.6569 60.8764 -4.8804 -4.7178
Car -1 -1 -8.3564 433.8098 166.3859 474.8710 184.3141 1.6564 1.8474 4.6321 -14.4326 0.3523 67.6843 -8.5638 -4.7658
Car -1 -1 -2.1132 302.0720 157.0194 346.8900 180.9548 2.0586 1.7372 4.3035 -24.9225 0.0390 62.8104 -2.4873 -4.8397
Car -1 -1 -4.8291 572.2172 173.6191 604.4197 198.9603 1.4300 1.4978 3.5358 -1.0330 1.0418 41.7524 -4.8519 -4.8734
Car -1 -1 -7.9281 256.4425 171.7144 290.1837 199.0442 1.4055 1.4246 3.1806 -17.9121 0.9538 38.0974 -8.3626 -4.9061
Car -1 -1 -4.7103 544.6475 169.9910 568.2413 191.6858 1.5114 1.6417 4.1279 -3.5182 0.7793 51.3689 -4.7765 -5.2299
Car -1 -1 -7.8087 342.9618 158.1914 366.0844 180.6345 1.9707 1.7764 4.4131 -22.7757 0.0117 64.4545 -8.1449 -5.3195
Car -1 -1 -8.1752 618.1313 173.3354 695.8016 220.6438 1.5943 1.6380 4.0382 1.7828 1.3531 25.9867 -8.1058 -5.3568
Car -1 -1 -3.7641 585.0146 172.0258 627.6530 192.1265 1.8212 1.6365 3.7090 0.1572 1.0533 65.8020 -3.7601 -5.5922
Car -1 -1 -4.9657 626.2726 172.2565 673.9864 197.7627 1.3754 1.6709 4.3815 2.5016 0.9310 40.4373 -4.9026 -5.6092
Car -1 -1 -2.3455 0.0000 183.6719 48.2943 369.0000 1.4265 1.5837 4.1897 -6.3024 1.4513 4.3646 -3.2748 -5.6218
Car -1 -1 -4.3264 500.0402 174.4174 548.3784 199.2832 1.4108 1.5247 3.8384 -4.7724 1.0658 42.1700 -4.4365 -5.7776
Car -1 -1 -4.5527 594.2851 169.0861 621.9916 192.7379 1.8221 1.6607 3.5546 0.2903 0.9427 56.3594 -4.5458 -6.0913
Car -1 -1 -5.7788 274.2056 161.5003 347.2030 188.9056 1.7844 1.7528 4.1697 -19.5942 0.5473 47.1453 -6.1684 -6.0960
Car -1 -1 -5.7613 0.0000 182.1185 0.0000 329.3600 1.5850 1.7325 3.9281 -10.6566 1.6095 9.0890 -6.6070 -6.4923
