Car -1 -1 -8.4265 955.3110 180.9818 1068.5999 231.4058 1.5929 1.7247 3.4743 13.7344 1.6108 24.1544 -7.9137 6.9924
Car -1 -1 -8.5554 1034.4886 184.9760 1156.4882 231.4719 1.4277 1.6213 3.2726 16.3099 1.5892 23.7518 -7.9585 6.3492
Car -1 -1 -5.4097 1095.4564 184.2953 1223.0000 233.5432 1.5483 1.6617 3.8660 19.1818 1.6906 24.4942 -4.7501 6.0041
Car -1 -1 -7.9354 602.3874 173.3402 637.0076 203.2862 1.4937 1.5350 3.4191 0.7123 1.1368 37.0214 -7.9146 2.6012
Car -1 -1 -7.8414 479.9602 166.8686 498.8106 184.3769 1.5087 1.6006 3.6539 -10.2344 0.3340 62.8494 -8.0001 -1.8050
Car -1 -1 -7.9868 686.3603 170.8353 721.3243 196.6246 1.6035 1.7029 4.2442 6.3856 1.0027 46.0889 -7.8483 -2.2725
Car -1 -1 -5.0712 598.9753 173.2362 649.3586 201.9481 1.5263 1.6104 3.7281 1.0071 1.1403 39.6098 -5.0443 -2.3497
Car -1 -1 -3.8634 1152.8184 195.2186 1223.0000 255.8577 1.4129 1.6451 3.6843 16.1785 1.7998 17.7252 -3.1310 -2.4716
Car -1 -1 -7.6073 616.0014 173.8661 670.9772 208.9603 1.4705 1.5888 3.7384 1.7593 1.1928 31.6482 -7.5506 -2.7037
Car -1 -1 -6.7730 421.2663 174.7005 518.0013 209.5054 1.4737 1.6008 3.9900 -6.0706 1.2283 31.8083 -6.9580 -2.7044
Car -1 -1 -7.6213 263.2108 172.5584 307.9402 200.6321 1.4694 1.5766 2.9538 -17.4041 1.0538 38.6038 -8.0400 -2.8062
Car -1 -1 -6.9568 813.2513 164.1696 883.3479 193.4177 1.6123 1.6266 3.5408 13.8597 0.7122 40.3376 -6.6265 -2.8093
Car -1 -1 -8.4304 976.3678 144.9679 1045.9919 175.1986 1.7893 1.7262 4.3463 25.6532 -0.3529 44.8482 -7.9121 -3.0045
Car -1 -1 -8.3027 948.7438 161.2342 1015.9639 197.0463 1.8452 1.7195 3.8117 20.3694 0.8527 38.3667 -7.8164 -3.1157
Car -1 -1 -8.7263 1194.1956 148.9579 1223.0000 182.4917 1.7011 1.7036 4.3341 34.5959 0.1012 38.1315 -7.9920 -3.3664
Car -1 -1 -8.1597 402.5258 165.6561 438.8701 185.5054 1.5595 1.6670 4.2947 -15.0949 0.3932 57.8134 -8.4119 -3.6840
Car -1 -1 -7.5857 457.9298 167.3356 496.4940 194.6815 1.6805 1.5806 3.3781 -8.1323 0.8716 45.2055 -7.7607 -3.9898
Car -1 -1 -8.0098 375.6368 161.8232 399.9424 180.3787 1.7653 1.6731 4.1234 -21.3557 -0.0125 69.5156 -8.3047 -4.0363
Car -1 -1 -7.8205 462.7021 164.1040 483.3747 182.5706 1.5649 1.6471 3.7188 -11.5041 0.1754 61.8763 -8.0015 -4.0942
Car -1 -1 -7.7126 427.7113 171.7591 450.1860 187.7964 1.5449 1.6609 3.6535 -16.3841 0.7027 70.0036 -7.9397 -4.2112
Car -1 -1 -2.1552 226.5477 161.5112 284.6346 183.7754 1.5181 1.6700 4.1668 -24.7155 0.2234 49.9857 -2.6099 -4.2711
Car -1 -1 -3.4272 543.1664 174.9495 632.9395 211.2463 1.4995 1.5809 3.5713 -0.7696 1.2704 30.5061 -3.4505 -4.2778
Car -1 -1 -6.0018 477.2333 169.5914 528.6918 188.6488 1.5884 1.6504 4.0241 -8.6305 0.6791 60.0301 -6.1420 -4.2978
Car -1 -1 -4.9083 1086.7156 178.8336 1159.9797 224.2788 1.6571 1.5927 3.7766 20.2681 1.5966 27.8303 -4.2828 -4.3631
Car -1 -1 -8.0298 598.0644 174.6306 630.2827 196.1546 1.3943 1.5770 3.5323 0.5789 1.0141 47.6713 -8.0160 -4.4809
Car -1 -1 -4.3023 588.4852 170.3009 625.4027 193.2488 1.7665 1.5817 3.7478 0.2003 0.9813 56.4600 -4.2971 -4.5383
Car -1 -1 -7.8412 521.9470 166.4396 539.3246 182.1794 1.5379 1.6816 3.9974 -7.4300 0.1639 71.1492 -7.9430 -4.6256
Car -1 -1 -8.3287 862.3367 177.6841 922.1825 207.4110 1.5230 1.6073 3.3625 15.3441 1.3789 37.9720 -7.9460 -4.7770
Car -1 -1 -7.6157 393.8876 170.6440 447.4476 208.5988 1.5673 1.5529 3.1166 -7.9857 1.1605 30.7637 -7.8653 -4.8650
Car -1 -1 -5.9811 636.9709 173.4514 683.6160 190.5060 1.4949 1.5837 3.8758 4.9788 0.8770 63.4329 -5.9015 -4.9693
Car -1 -1 -7.5734 393.8810 164.2617 425.4500 183.3788 1.8216 1.7682 4.6627 -19.1833 0.2742 69.7185 -7.8389 -5.0739
Car -1 -1 -2.7072 0.0000 186.5082 0.0000 369.0000 1.4883 1.5353 3.3336 -8.2294 1.5558 6.4821 -3.5853 -5.1311
Car -1 -1 -6.6485 282.9789 171.0968 368.1974 198.9324 1.4672 1.6164 4.0935 -15.4744 0.9717 39.2415 -7.0196 -5.2270
Car -1 -1 -8.5171 667.1348 176.3970 763.7404 222.8685 1.4144 1.4795 3.1934 3.5306 1.2898 23.2740 -8.3669 -5.2287
Car -1 -1 -3.0586 594.2516 171.7932 644.2493 189.6865 1.6049 1.7038 4.4327 1.3407 0.8239 64.4981 -3.0363 -5.6149
Car -1 -1 -5.7598 0.0000 184.6517 8.7976 338.2218 1.5650 1.7399 3.8032 -10.1219 1.6248 8.7021 -6.6008 -6.6602
