Car -1 -1 -5.4449 1093.6343 183.9995 1223.0000 233.6573 1.5591 1.6540 3.8743 19.1420 1.6903 24.4718 -4.7860 5.2577
Car -1 -1 -8.4151 957.1718 182.1817 1066.5549 230.2507 1.5177 1.6524 3.4266 13.7616 1.5797 24.1976 -7.9021 5.0047
Car -1 -1 -8.5365 1030.7805 186.0755 1157.7898 232.5880 1.4202 1.6462 3.5291 16.3233 1.6230 23.8559 -7.9411 3.8429
Car -1 -1 -7.9668 600.7339 173.8742 636.9799 203.0312 1.4516 1.5285 3.2738 0.6665 1.1219 36.9006 -7.9472 2.7075
Car -1 -1 -7.6277 458.7586 168.8245 496.0015 194.7727 1.6037 1.5866 3.5943 -8.1780 0.8822 45.5332 -7.8024 0.2922
Car -1 -1 -6.9067 816.7704 161.8951 898.6980 192.6831 1.6966 1.6909 4.2092 14.4008 0.6715 40.3589 -6.5647 -1.2975
Car -1 -1 -7.6239 616.7520 172.4013 670.0830 208.0230 1.4935 1.5833 3.6727 1.7530 1.1542 31.6301 -7.5674 -1.6144
Car -1 -1 -6.5448 598.7209 175.2788 672.1829 201.7676 1.4887 1.6396 3.9626 1.7336 1.1954 40.9670 -6.5012 -2.1860
Car -1 -1 -8.2621 951.3370 161.6892 1014.1392 195.3241 1.7274 1.7058 3.5503 20.2838 0.7615 38.1482 -7.7752 -2.2348
Car -1 -1 -5.5042 366.8915 163.8229 420.8166 183.0643 1.5006 1.7637 4.1084 -16.9876 0.2000 56.8912 -5.7909 -2.6681
Car -1 -1 -3.6471 973.5467 154.9677 1049.7499 183.6721 1.7257 1.6822 3.6991 24.8906 0.1908 43.3737 -3.1275 -2.8325
Car -1 -1 -4.9243 1098.8486 176.3365 1179.1592 220.2000 1.5884 1.6563 4.1414 20.8649 1.4379 27.8315 -4.2849 -3.1937
Car -1 -1 -7.6612 461.1725 159.8626 491.1339 181.8790 1.8691 1.7988 4.2667 -11.2691 0.1170 62.1738 -7.8377 -3.2243
Car -1 -1 -4.8653 586.9860 168.9453 638.0762 207.2102 1.6150 1.6784 4.2559 0.2468 1.1276 32.0685 -4.8559 -3.2357
Car -1 -1 -7.6360 723.1631 174.1104 768.1870 203.0179 1.4680 1.6164 3.6548 7.5690 1.1437 37.9051 -7.4389 -3.3055
Car -1 -1 -4.8115 488.2981 162.9532 514.2047 183.0110 1.5810 1.7103 4.0595 -8.5186 0.1979 57.9057 -4.9549 -3.4426
Car -1 -1 -4.7716 585.1675 173.6850 615.9775 199.5101 1.4667 1.6021 4.0002 -0.3165 1.0798 42.2049 -4.7774 -3.5172
Car -1 -1 -2.2281 224.5604 169.1438 303.8449 198.5665 1.5206 1.6559 4.1909 -18.4521 0.9339 38.2270 -2.6727 -3.9346
Car -1 -1 -6.1676 667.9158 169.3297 731.6701 196.6096 1.6973 1.7004 3.8773 6.0820 1.0024 45.2930 -6.0333 -3.9711
Car -1 -1 -4.6843 380.0460 163.0609 399.7231 180.2812 1.6561 1.7453 4.1288 -21.3235 -0.0226 70.2757 -4.9757 -4.0064
Car -1 -1 -8.1989 553.0541 171.9814 616.7082 209.5111 1.5373 1.6189 3.7238 -0.9710 1.1885 30.9904 -8.2282 -4.2564
Car -1 -1 -4.4515 424.6013 170.2658 450.2154 185.4377 1.4611 1.5929 3.5608 -16.5094 0.4754 69.8955 -4.6807 -4.5478
Car -1 -1 -7.9863 247.0167 155.0528 281.7890 179.4329 1.7402 1.8070 4.3066 -25.5434 -0.0834 52.9674 -8.4313 -4.5595
Car -1 -1 -3.7246 997.3972 182.1851 1223.0000 250.8538 1.4381 1.5875 3.9630 11.0936 1.4779 15.6909 -3.1172 -4.5645
Car -1 -1 -2.6526 0.0000 192.1651 0.0000 369.0000 1.4618 1.5135 3.5524 -8.1021 1.5869 6.1595 -3.5468 -4.8658
Car -1 -1 -2.1376 0.0000 173.5267 60.6878 338.1694 1.5048 1.7399 4.2822 -8.6103 1.4415 7.7130 -2.9556 -4.9038
Car -1 -1 -7.6865 522.2292 173.1022 572.3970 210.8841 1.6134 1.6585 3.7788 -2.5818 1.2977 32.1485 -7.7641 -5.1625
Car -1 -1 -5.9880 498.8659 170.3575 552.4135 193.6114 1.6946 1.7025 3.6274 -5.8922 0.9555 52.6983 -6.0970 -5.2098
Car -1 -1 -4.5771 408.9609 168.6227 433.6581 185.0844 1.5252 1.7506 4.0201 -17.5040 0.4246 67.6050 -4.8275 -5.3176
Car -1 -1 -7.4860 418.2419 172.8736 470.9376 205.5634 1.5275 1.5220 3.0338 -7.8295 1.1713 34.6517 -7.7045 -5.3545
Car -1 -1 -4.6360 481.7636 166.9615 509.1285 194.0973 1.9316 1.6798 4.2580 -8.0913 0.9679 52.5156 -4.7863 -5.5273
Car -1 -1 -2.3208 0.0000 184.0362 49.7925 369.0000 1.4223 1.5744 4.1568 -6.2487 1.4495 4.3560 -3.2469 -5.6707
Car -1 -1 -7.8986 717.0399 175.0679 780.7426 231.0153 1.6084 1.7707 4.1577 4.4477 1.4525 22.5135 -7.7047 -5.7617
Car -1 -1 -6.7431 582.7849 172.9490 641.7336 197.5345 1.5984 1.5687 3.6386 0.4876 1.1075 47.4628 -6.7312 -5.9589
Car -1 -1 -8.6768 1032.7880 182.8192 1160.1649 226.8891 1.5854 1.6032 4.1073 19.1621 1.6841 27.8445 -8.0779 -6.0223
Car -1 -1 -8.1022 870.3755 158.1591 923.8152 191.7990 1.8282 1.8122 4.3540 16.7188 0.6142 40.7071 -7.7136 -6.0580
Car -1 -1 -5.7842 0.0000 183.8858 5.7816 335.5503 1.6178 1.7525 3.7903 -10.4628 1.6686 9.0636 -6.6221 -6.6268
