Car -1 -1 -8.4010 957.0593 181.2625 1068.2472 231.5341 1.5874 1.6719 3.5408 13.7695 1.6157 24.1775 -7.8875 5.4565
Car -1 -1 -5.4328 1094.7172 184.5874 1223.0000 234.0889 1.5512 1.6706 3.8655 19.1654 1.7043 24.4632 -4.7731 5.3434
Car -1 -1 -8.5294 1028.3683 186.1665 1157.6885 232.8119 1.4243 1.6283 3.7002 16.3438 1.6319 23.9629 -7.9355 4.1111
Car -1 -1 -7.9861 599.4042 173.7655 636.7791 202.8260 1.4471 1.5166 3.3905 0.6258 1.1119 36.9784 -7.9676 2.5602
Car -1 -1 -8.0426 453.9026 167.6475 493.2325 194.7314 1.6655 1.7196 4.3755 -8.5724 0.8752 45.8292 -8.2245 -0.5281
Car -1 -1 -3.6365 814.0364 160.4984 894.6533 191.8294 1.7307 1.6523 4.0182 14.1313 0.6259 40.1875 -3.2991 -1.3567
Car -1 -1 -7.9393 730.7964 174.6042 768.2084 204.7045 1.5091 1.6195 3.6645 7.5690 1.2137 37.3621 -7.7394 -2.0937
Car -1 -1 -8.1206 677.3543 169.9238 718.5681 196.4910 1.6524 1.6649 3.9849 5.9974 0.9947 46.0645 -7.9903 -2.3464
Car -1 -1 -6.7082 423.1510 171.8804 525.6994 208.2981 1.5410 1.6704 4.2236 -5.8599 1.1765 31.8047 -6.8869 -2.5650
Car -1 -1 -5.2635 499.1749 174.9647 546.0625 196.5569 1.5637 1.6335 4.0508 -6.2420 1.1628 53.3016 -5.3777 -2.8160
Car -1 -1 -7.5571 461.7340 162.7009 495.2178 182.4977 1.6766 1.7480 4.1459 -11.0407 0.1691 62.0449 -7.7304 -2.9565
Car -1 -1 -3.7071 977.6631 156.3015 1048.1790 185.5918 1.7573 1.6848 3.3636 24.9549 0.3056 43.3353 -3.1860 -3.3108
Car -1 -1 -7.9476 787.4750 170.7796 907.6477 269.0510 1.6629 1.8096 4.3203 4.6530 1.4988 14.2685 -7.6372 -3.3134
Car -1 -1 -8.3167 952.3148 163.2857 1014.5867 195.8419 1.6729 1.6083 3.3645 20.2674 0.7885 38.0337 -7.8289 -3.4278
Car -1 -1 -8.1165 251.2990 169.4890 303.3959 198.5743 1.4991 1.6186 3.9287 -17.8793 0.9317 38.4714 -8.5466 -3.4502
Car -1 -1 -5.3220 606.3832 170.6569 679.8098 205.4270 1.5678 1.6044 3.8386 1.7452 1.1242 33.9348 -5.2694 -3.6814
Car -1 -1 -3.4605 514.6997 174.9214 586.6207 203.1624 1.5529 1.7403 3.7410 -3.1215 1.2463 40.3994 -3.5353 -3.8938
Car -1 -1 -7.9812 376.5816 163.1813 399.1399 180.4011 1.6385 1.6350 3.9775 -21.3275 -0.0102 69.4530 -8.2760 -3.9297
Car -1 -1 -6.9636 307.6905 163.7629 363.9241 187.0473 1.7782 1.6705 4.0139 -21.3178 0.5000 56.1504 -7.3227 -4.1400
Car -1 -1 -4.9119 566.8986 174.0278 610.9757 204.2983 1.4998 1.5881 3.7746 -0.9102 1.1793 37.0481 -4.9346 -4.1554
Car -1 -1 -6.6258 519.5580 173.8941 586.7466 198.8967 1.5944 1.7311 4.0822 -3.4272 1.1732 46.7000 -6.6969 -4.2502
Car -1 -1 -7.6391 399.5155 171.6850 449.8633 208.2034 1.5166 1.4884 3.1499 -7.8628 1.1507 30.9592 -7.8836 -4.3159
Car -1 -1 -8.0967 404.6680 165.2046 437.8566 184.0545 1.4818 1.6556 4.2790 -15.0593 0.2794 57.8560 -8.3481 -4.3219
Car -1 -1 -7.8451 332.6089 162.5562 352.2704 181.2468 1.7586 1.7427 4.4435 -25.5324 0.0701 68.9100 -8.1965 -4.4510
Car -1 -1 -4.8419 540.2066 175.1975 584.5673 204.2766 1.4480 1.7288 5.0270 -2.3684 1.1841 37.8399 -4.9021 -4.5046
Car -1 -1 -8.0268 405.0525 162.8737 431.7473 182.9393 1.9090 1.7850 4.6242 -18.4127 0.2319 69.7421 -8.2820 -4.5954
Car -1 -1 -7.1068 1106.3805 189.0798 1223.0000 230.7089 1.4761 1.6706 4.0353 21.3716 1.8137 26.6693 -6.4356 -4.7779
Car -1 -1 -4.7492 587.3793 169.8728 630.2333 208.9390 1.7293 1.8624 4.3295 0.0944 1.2591 33.4915 -4.7447 -4.8006
Car -1 -1 -2.3863 0.0000 173.9885 47.4761 357.4337 1.6766 1.7100 4.0613 -8.7116 1.6175 7.4829 -3.2248 -4.9630
Car -1 -1 -7.5435 268.9500 169.9829 323.1456 199.7585 1.4780 1.4980 3.8010 -16.1345 0.9561 37.0587 -7.9491 -5.1351
Car -1 -1 -5.8959 492.1351 162.1053 545.5314 182.4195 1.6623 1.6540 4.1192 -7.1932 0.1570 59.2023 -6.0143 -5.3359
Car -1 -1 -8.0529 330.7731 161.8895 363.5193 187.8368 1.8274 1.5828 3.5816 -18.8917 0.5167 51.7377 -8.3992 -5.5127
Car -1 -1 -2.2588 0.0000 180.9865 21.7751 369.0000 1.4188 1.5654 4.1075 -6.0787 1.4226 3.9544 -3.2144 -5.6459
Car -1 -1 -3.2389 567.9523 175.2995 620.3518 197.6079 1.4797 1.5562 3.4114 -0.7585 1.1348 47.8593 -3.2530 -5.7077
Car -1 -1 -4.8991 580.3182 170.8107 621.0638 197.5604 1.5131 1.6716 4.2426 -0.3226 0.9651 42.2368 -4.9049 -6.2198
Car -1 -1 -4.9085 353.4356 161.2502 387.4962 185.1872 1.7000 1.6384 4.0921 -17.4114 0.3329 52.4000 -5.2256 -6.3850
Car -1 -1 -5.7487 0.0000 184.9027 1.3509 334.8604 1.6091 1.7161 3.9382 -10.6343 1.6749 9.0884 -6.5934 -6.5884
