Car -1 -1 -8.5493 1033.7666 183.9704 1155.1588 231.3042 1.4614 1.6272 3.2639 16.2985 1.5868 23.7841 -7.9533 5.7262
Car -1 -1 -5.4337 1095.8337 183.8671 1223.0000 233.2637 1.5521 1.6794 3.8109 19.1714 1.6780 24.4353 -4.7733 5.5485
Car -1 -1 -5.3677 956.0379 182.8878 1080.3193 231.1118 1.4961 1.6351 3.8470 13.9228 1.5848 24.1522 -4.8490 2.4122
Car -1 -1 -7.7962 597.9171 175.2113 632.3252 204.8716 1.4773 1.5914 3.7090 0.5585 1.2140 37.1238 -7.7796 0.9532
Car -1 -1 -7.5818 421.5345 164.1679 457.1566 185.1577 1.5541 1.6658 3.9145 -12.6782 0.3449 54.3447 -7.8078 -1.6419
Car -1 -1 -4.7633 614.8857 173.3855 656.1906 208.8266 1.4920 1.6475 3.8152 1.2893 1.1927 31.6810 -4.7214 -2.2528
Car -1 -1 -6.7779 979.1801 152.9398 1055.4141 180.7839 1.6768 1.7159 3.6756 25.3045 0.0172 43.4934 -6.2524 -2.5876
Car -1 -1 -7.3540 826.1605 161.2763 890.6929 189.5048 1.5581 1.6639 4.3222 14.7519 0.4972 41.0851 -7.0100 -2.7222
Car -1 -1 -7.8728 692.1342 169.5599 718.9534 195.1484 1.5969 1.6542 4.0510 6.5302 0.9143 46.2366 -7.7317 -2.7314
Car -1 -1 -7.5254 461.9299 162.0476 494.7708 181.8211 1.6772 1.6913 3.8005 -11.0459 0.1120 61.9810 -7.6990 -2.7546
Car -1 -1 -4.3449 607.9568 173.0624 670.0595 205.3285 1.5586 1.7507 4.3500 1.8098 1.1995 36.4965 -4.2941 -2.8895
Car -1 -1 -7.4687 407.2193 167.5102 441.6004 186.0112 1.7120 1.7305 4.1899 -17.2006 0.5099 67.6209 -7.7149 -2.9123
Car -1 -1 -5.2700 549.5408 172.9796 628.3964 209.3735 1.5254 1.6602 4.0216 -0.8121 1.2104 31.7707 -5.2936 -3.1399
Car -1 -1 -8.3005 952.3463 162.3238 1015.7825 195.6532 1.7106 1.6405 3.5156 20.3195 0.7779 38.0793 -7.8121 -3.1887
Car -1 -1 -8.1108 448.9228 167.0028 492.5988 195.7604 1.7716 1.7329 4.3831 -8.7710 0.9402 45.9088 -8.2965 -3.2326
Car -1 -1 -4.6486 377.8648 163.0978 398.5935 180.7321 1.6856 1.6887 4.0788 -21.3304 0.0220 69.7627 -4.9422 -3.5273
Car -1 -1 -8.2724 800.4192 162.0082 853.4607 188.3664 1.4519 1.5726 3.6341 12.7444 0.4334 40.8427 -7.9703 -3.5373
Car -1 -1 -5.5016 366.0004 164.4953 415.8710 183.8465 1.5145 1.7303 3.7083 -17.2444 0.2619 56.9757 -5.7920 -3.7039
Car -1 -1 -2.1800 176.1059 172.6863 256.2147 204.0804 1.5043 1.6128 3.8608 -19.5305 1.1301 35.4649 -2.6778 -3.7147
Car -1 -1 -6.9565 409.3378 164.7611 460.5866 183.0532 1.4431 1.6325 3.9078 -13.8576 0.2014 57.8214 -7.1886 -3.8972
Car -1 -1 -6.4447 545.5835 174.6457 630.5056 202.3382 1.5151 1.7161 4.5801 -0.9962 1.1949 39.9480 -6.4678 -3.9220
Car -1 -1 -4.7699 547.2475 174.5725 575.2210 197.8845 1.5152 1.6743 3.8825 -3.0086 1.1300 47.9823 -4.8305 -4.0403
Car -1 -1 -7.8774 765.0746 175.8802 876.6094 273.3490 1.5583 1.7397 4.0579 3.9691 1.4848 13.4876 -7.5959 -4.3318
Car -1 -1 -2.5769 0.0000 182.2837 0.0000 369.0000 1.5609 1.7268 4.0717 -8.6974 1.5816 6.5628 -3.4763 -4.8418
Car -1 -1 -7.7279 335.4082 162.2863 366.3332 188.3961 1.8502 1.6453 4.0226 -18.7276 0.5596 52.2437 -8.0683 -4.9311
Car -1 -1 -5.2662 509.3438 176.7610 588.8975 205.1899 1.3986 1.6999 5.2143 -3.0610 1.2148 37.3891 -5.3455 -4.9344
Car -1 -1 -6.0846 757.2290 182.1693 869.8943 223.5499 1.4891 1.6305 3.9152 7.9805 1.5574 27.2046 -5.8009 -4.9561
Car -1 -1 -7.9076 445.3442 161.8641 464.7053 179.0081 1.5306 1.5686 3.5681 -13.8699 -0.1422 65.3860 -8.1137 -5.0937
Car -1 -1 -4.9112 479.7599 168.7170 514.5225 194.0998 1.6121 1.4758 4.2974 -7.2436 0.8638 47.1768 -5.0608 -5.4185
Car -1 -1 -4.8001 534.1074 177.1009 567.9979 202.3767 1.4044 1.5993 4.5078 -3.2379 1.2157 41.6398 -4.8755 -5.4509
Car -1 -1 -2.2866 0.0000 180.3967 28.9926 369.0000 1.4024 1.5555 4.0815 -6.0194 1.4024 3.9448 -3.2386 -5.6427
Car -1 -1 -8.1208 592.1575 160.3279 621.2457 180.5554 1.8547 1.7634 4.0064 0.1485 0.0050 66.9934 -8.1167 -5.7963
Car -1 -1 -5.6907 0.0000 184.6995 13.7224 333.3808 1.5492 1.7534 3.8052 -10.1015 1.6094 8.7527 -6.5278 -6.5725
