Car -1 -1 -4.5922 114.2383 174.8904 161.1376 204.6966 1.4466 1.5793 3.7676 -24.4132 1.5574 37.3365 -5.1682 -1.4772
Car -1 -1 -3.9323 126.4479 180.4305 187.2233 200.7228 1.4927 1.6989 4.0448 -35.6564 2.1120 56.8489 -4.4905 -2.9397
Car -1 -1 -4.8205 193.6063 175.9057 231.2644 202.4463 1.5506 1.6364 3.8879 -24.6889 1.7481 44.6913 -5.3229 -3.3767
Car -1 -1 -7.8022 168.5973 176.3588 209.8346 208.0409 1.4238 1.5305 3.3822 -20.2187 1.6010 34.6906 -8.3268 -3.4114
Car -1 -1 -4.8500 103.2405 181.8689 137.0281 202.8296 1.5051 1.6294 3.9559 -37.7695 2.2241 55.5583 -5.4451 -3.7349
Car -1 -1 -7.8170 201.9660 175.1430 240.7451 206.3122 1.4679 1.5730 3.6201 -19.5086 1.5889 36.2427 -8.3079 -3.7432
Car -1 -1 -6.5053 273.2946 178.9273 393.5680 220.7168 1.3905 1.5738 3.8308 -10.0629 1.6253 26.2203 -6.8687 -3.7853
Car -1 -1 -2.3241 0.0000 179.8915 22.4263 219.1476 1.4922 1.5814 3.6574 -25.8320 1.7813 28.7197 -3.0521 -3.8004
Car -1 -1 -2.0873 68.7697 178.8979 157.0536 213.3349 1.4347 1.5997 3.7549 -22.1934 1.7166 32.1433 -2.6878 -3.8445
Car -1 -1 -7.9442 3.9285 179.0745 61.8440 217.3506 1.4957 1.6016 3.7729 -24.6592 1.7769 30.7353 -8.6163 -4.0832
Car -1 -1 -7.7926 17.9347 182.6968 137.1999 285.2315 1.5322 1.4748 3.2490 -9.4196 1.7319 12.8896 -8.4141 -4.1343
Car -1 -1 -7.9343 798.2050 176.8089 891.9454 259.4205 1.4748 1.4885 4.0532 4.7683 1.5696 15.2247 -7.6371 -4.1619
Car -1 -1 -2.6696 0.0000 181.7039 162.3803 238.6914 1.4458 1.6000 3.4305 -14.4908 1.7000 19.6909 -3.2978 -4.1823
Car -1 -1 -5.1137 0.0000 181.2139 17.8042 211.7776 1.4657 1.6657 3.7770 -32.4375 1.9128 37.0402 -5.8294 -4.2599
Car -1 -1 -7.5002 184.2237 175.5307 227.5238 197.4261 1.5551 1.6329 3.6750 -30.0274 1.7611 53.6633 -8.0084 -4.3933
Car -1 -1 -4.5196 74.8375 176.7578 132.2350 207.9631 1.4585 1.6274 3.9676 -25.5068 1.6667 36.4030 -5.1275 -4.4768
Car -1 -1 -3.9342 67.3898 176.4194 161.6820 205.0214 1.4871 1.6022 4.5805 -27.7172 1.6989 40.5103 -4.5314 -4.6588
Car -1 -1 -4.5505 159.5322 173.8487 208.1693 204.5957 1.6583 1.7285 4.2421 -24.3835 1.7182 41.3533 -5.0807 -4.9493
Car -1 -1 -7.3558 45.5276 178.1151 144.5533 222.0811 1.5880 1.7065 3.4567 -20.1252 1.8073 28.3102 -7.9695 -5.0484
Car -1 -1 -3.9086 230.7307 175.5028 299.7617 201.6527 1.5024 1.5313 3.7850 -20.9436 1.6708 43.9093 -4.3516 -5.1348
Car -1 -1 -3.3039 0.0000 192.6575 125.2160 348.0847 1.4416 1.5332 3.5678 -8.4602 1.7409 9.0435 -4.0413 -5.3584
Car -1 -1 -4.8001 169.7858 170.4718 195.1942 186.2057 1.4648 1.7849 3.6622 -41.0262 1.2427 69.1803 -5.3338 -5.4876
Car -1 -1 -5.0429 325.3009 177.3411 441.8924 230.6693 1.3300 1.7734 4.6652 -6.6852 1.4740 20.8015 -5.3506 -5.7434
Car -1 -1 -8.4934 1219.3726 161.0598 1241.0000 271.8759 1.4368 1.7998 4.3132 12.2325 1.2836 11.6271 -7.6954 -5.7974
Car -1 -1 -8.3416 1241.0000 158.8527 1241.0000 317.6709 1.4270 1.5937 3.8306 10.6387 1.3009 8.5573 -7.4651 -5.8194
Car -1 -1 -5.7450 1241.0000 27.1891 1241.0000 374.0000 1.4465 1.5827 4.1044 5.8470 1.3062 2.7851 -4.6589 -5.8481
Car -1 -1 -8.4910 1241.0000 154.4381 1241.0000 374.0000 1.4241 1.5858 3.8907 9.0531 1.3086 6.6008 -7.5714 -5.8594
Car -1 -1 -4.8780 284.3412 173.9612 366.9808 229.3631 1.5487 1.7334 4.1199 -8.9785 1.5862 22.4694 -5.2544 -5.8860
Car -1 -1 -4.9568 0.0000 0.0000 1241.0000 374.0000 1.5003 1.6053 3.9590 0.5468 1.5294 1.7190 -4.6976 -5.8867
Car -1 -1 -4.5773 11.5566 182.3677 50.4676 205.0165 1.5048 1.6484 4.0165 -41.6099 2.2169 51.8886 -5.2508 -5.8867
Car -1 -1 -4.6200 68.3766 180.6402 99.9566 200.7964 1.4893 1.6497 4.0247 -41.6117 2.1286 57.1260 -5.2475 -5.8867
Car -1 -1 -5.6700 0.0000 0.0000 1241.0000 374.0000 1.4969 1.6044 3.9576 2.9587 1.4921 1.7186 -4.6977 -5.8867
Car -1 -1 -4.2059 264.8831 0.0000 1241.0000 374.0000 1.4982 1.6050 3.9585 -1.0611 1.5381 1.7192 -4.6977 -5.8867
Car -1 -1 -3.5477 0.0000 183.8366 0.0000 374.0000 1.4846 1.5991 3.9498 -6.2775 1.5531 2.5319 -4.6972 -5.8867
Car -1 -1 -4.5993 39.2841 181.5741 74.3318 202.7938 1.4821 1.6433 4.0151 -41.6105 2.1640 54.3034 -5.2509 -5.8867
Car -1 -1 -4.2068 0.0000 178.1542 67.5777 228.8969 1.4368 1.5948 4.2389 -19.4957 1.6228 23.1282 -4.9016 -5.9811
Car -1 -1 -8.7015 1241.0000 124.8337 1241.0000 374.0000 1.4491 1.6132 4.1241 7.4567 1.2737 4.7778 -7.7282 -6.0117
Car -1 -1 -1.9550 29.6703 180.1654 164.2021 252.4445 1.6182 1.5764 3.4555 -12.9298 1.8173 18.0759 -2.5692 -6.0174
Car -1 -1 -4.1766 306.2654 176.6613 366.5504 201.4379 1.4371 1.7012 3.9494 -16.8664 1.6831 44.5871 -4.5365 -6.5867
Car -1 -1 -3.6081 0.0000 169.4377 78.5214 374.0000 1.6257 1.6861 4.2770 -4.7486 1.6224 2.8635 -4.5943 -6.9413
