Car -1 -1 -8.5948 790.8875 159.0888 846.6061 188.3384 2.0586 1.8137 3.8216 15.2235 1.0895 52.8979 -8.3163 -0.1912
Car -1 -1 -4.5653 634.8275 179.8815 679.3477 210.1543 1.3353 1.5805 4.0581 2.2977 1.6966 34.9743 -4.5008 -0.4873
Car -1 -1 -7.8416 1003.6122 174.5376 1057.4910 218.7661 1.5013 1.6168 4.0645 15.5821 1.5686 26.8172 -7.3204 -0.9855
Car -1 -1 -7.8805 963.1635 176.5208 1014.1589 219.3298 1.4696 1.5672 3.7577 14.1314 1.6176 27.1510 -7.4055 -1.4188
Car -1 -1 -8.1110 644.1777 179.2919 682.3420 203.3703 1.5111 1.6338 3.7792 3.4921 1.9602 48.3631 -8.0399 -1.4785
Car -1 -1 -8.4962 654.6301 162.9648 701.3075 187.7894 2.2413 1.9330 4.6790 6.3030 1.3481 67.6436 -8.4040 -1.7726
Car -1 -1 -2.7444 655.6176 172.8730 767.5691 224.1675 1.5154 1.5103 3.1609 3.1460 1.5157 22.7698 -2.6095 -1.8405
Car -1 -1 -4.4744 697.6837 173.4655 731.0774 194.0915 1.5748 1.6863 4.2451 8.3308 1.6252 57.5094 -4.3316 -1.9567
Car -1 -1 -4.9023 632.6761 175.5865 675.1558 205.6634 1.5731 1.6468 3.8537 2.3515 1.7324 40.1244 -4.8447 -2.3031
Car -1 -1 -7.0074 701.3024 180.8322 775.2381 209.4820 1.3183 1.5330 3.4465 6.3049 1.7290 35.6213 -6.8342 -2.3396
Car -1 -1 -7.8713 1018.1205 165.9118 1041.2610 184.3278 1.4830 1.5898 3.6478 34.8920 0.9237 60.0852 -7.3475 -2.6241
Car -1 -1 -2.4505 566.6602 177.6768 651.4650 209.0485 1.3788 1.6126 3.8669 -0.1211 1.6190 34.1313 -2.4546 -2.8190
Car -1 -1 -7.7973 667.2211 178.5292 693.7700 200.9583 1.4337 1.5940 3.7517 4.7966 1.8351 49.0970 -7.7010 -3.7327
Car -1 -1 -8.2016 991.7662 165.5313 1034.9043 186.3109 1.5353 1.6673 3.8368 30.8437 0.9940 55.3363 -7.6955 -3.7761
Car -1 -1 -7.8759 1015.1050 154.0111 1051.0249 183.8454 1.7029 1.7532 4.1409 25.3679 0.6271 43.4208 -7.3502 -3.9885
Car -1 -1 -5.0331 699.2554 174.2649 737.4141 195.2194 1.4895 1.6564 3.8765 7.9743 1.5981 53.6174 -4.8866 -4.0472
Car -1 -1 -3.7931 773.7228 182.4954 876.7047 220.6837 1.3786 1.5651 3.6514 8.3405 1.7727 28.1318 -3.5083 -4.1000
Car -1 -1 -5.0138 601.6722 177.1754 651.4662 208.1110 1.6489 1.7256 3.9883 0.8517 1.9084 41.2166 -4.9938 -4.2322
Car -1 -1 -4.5776 699.6374 181.4106 728.1225 203.3056 1.4267 1.5063 3.6200 7.2675 2.0482 50.4859 -4.4359 -4.8512
Car -1 -1 -5.1840 963.2763 176.8723 1037.0308 205.8793 1.3849 1.6844 3.9762 19.8686 1.6019 37.0069 -4.6949 -4.9939
Car -1 -1 -5.3742 1053.4264 179.2473 1148.5946 213.2632 1.3987 1.5331 3.7353 21.8238 1.7016 32.3074 -4.7848 -5.3529
Car -1 -1 -6.4529 706.8230 177.4889 771.4803 202.5119 1.6500 1.6907 4.0690 8.6549 1.9683 48.7478 -6.2788 -5.4140
Car -1 -1 -4.5406 1057.9130 174.9612 1115.2308 205.4453 1.3813 1.7212 3.7043 23.0435 1.4886 34.9039 -3.9613 -5.7138
Car -1 -1 -4.8556 938.0238 176.2552 987.5665 206.9099 1.4462 1.6747 4.0800 17.8418 1.6294 36.7257 -4.4069 -5.8496
Car -1 -1 -1.8505 16.0093 188.3756 146.8977 265.3843 1.5878 1.5429 3.8940 -12.8585 2.0009 17.4104 -2.4795 -6.0015
Car -1 -1 -4.7216 1026.6927 176.9264 1065.2368 209.8280 1.4285 1.4706 3.5365 20.2754 1.6291 33.6957 -4.1842 -6.1176
