Car -1 -1 -7.3175 440.9544 170.7022 509.3004 210.1798 1.9475 1.7658 3.8998 -7.0197 1.8411 37.7305 -7.5007 3.4655
Car -1 -1 -7.3345 151.3743 182.0714 227.6081 214.6159 1.5012 1.6124 3.8365 -21.0892 1.9890 36.2919 -7.8580 0.2178
Car -1 -1 -7.8112 408.6425 181.8141 435.8680 204.8900 1.3823 1.5478 3.6913 -12.1521 1.9866 46.7161 -8.0646 -0.7691
Car -1 -1 -2.3662 386.6601 175.2959 444.4899 196.5268 1.5325 1.6662 4.2461 -14.6614 1.7218 54.2561 -2.6292 -1.8710
Car -1 -1 -4.4768 426.5596 179.2495 464.0627 203.6207 1.4870 1.5623 3.6498 -10.6733 1.9180 46.8217 -4.7000 -1.8892
Car -1 -1 -7.8136 120.2040 177.2579 156.6066 206.0398 1.6057 1.6467 4.0818 -28.1473 1.8817 43.0943 -8.3895 -1.9357
Car -1 -1 -5.6789 413.6425 182.0158 486.7849 211.2806 1.5800 1.7336 3.7850 -9.2051 2.1249 41.4209 -5.8967 -2.5131
Car -1 -1 -2.5110 7.5123 167.7339 110.9663 195.5217 1.5669 1.7290 4.6135 -31.7193 1.2779 41.5916 -3.1596 -3.3511
Car -1 -1 -5.4144 268.3483 182.1164 350.5882 215.4760 1.4355 1.5616 3.6002 -13.9646 1.8835 33.4092 -5.8078 -3.5420
Car -1 -1 -3.0802 357.2379 180.4939 436.9286 211.0790 1.4360 1.6005 3.6843 -10.4972 1.8258 35.6586 -3.3648 -3.6756
Car -1 -1 -7.8325 413.9648 179.8812 446.8331 210.3270 1.4802 1.5969 3.7310 -9.4513 1.8694 37.9960 -8.0750 -3.6767
Car -1 -1 -7.5894 0.0000 181.0649 47.8345 222.6120 1.5728 1.6608 4.0485 -25.3231 1.9429 30.3653 -8.2803 -3.9274
Car -1 -1 -6.0032 141.7829 184.6730 227.1776 210.4590 1.4470 1.6714 4.0813 -25.3219 2.1727 43.0084 -6.5328 -3.9582
Car -1 -1 -4.4818 242.9804 184.3067 285.0030 208.6820 1.6375 1.8331 4.3340 -25.3579 2.5145 52.9576 -4.9267 -4.0218
Car -1 -1 -4.9105 259.2395 181.0063 309.8628 214.2240 1.4975 1.5315 3.9378 -16.1292 1.9224 35.5798 -5.3336 -4.0791
Car -1 -1 -7.0829 201.6398 183.6883 291.4337 217.4227 1.3877 1.5602 3.6370 -16.5296 1.9112 32.9153 -7.5453 -4.1784
Car -1 -1 -6.9935 271.4758 172.3959 314.8391 189.4024 1.6169 1.6114 3.7402 -30.9956 1.5730 70.6336 -7.4058 -4.3642
Car -1 -1 -5.5552 216.4694 177.3353 266.0244 195.7683 1.6202 1.6576 3.8786 -33.4073 2.0338 65.3451 -6.0264 -4.4732
Car -1 -1 -4.7087 271.7274 180.9568 300.4577 208.1995 1.5388 1.5340 3.5616 -19.7036 2.0527 43.8475 -5.1291 -4.4903
Car -1 -1 -4.3554 288.7091 180.5544 336.8600 207.6973 1.5586 1.5366 3.7006 -18.2487 2.0518 44.3683 -4.7438 -4.6692
Car -1 -1 -5.2888 246.7326 180.7583 336.0783 219.0728 1.5608 1.6428 4.1183 -14.1806 1.9305 31.9572 -5.7036 -4.7651
Car -1 -1 -4.7594 435.5346 174.8634 455.7406 193.6393 1.4715 1.4420 3.4760 -13.4446 1.6402 58.8144 -4.9835 -5.3402
Car -1 -1 -4.7411 330.0614 172.1251 365.2221 203.4138 1.7288 1.8080 4.3815 -15.4358 1.6882 42.2374 -5.0897 -5.3568
Car -1 -1 -6.6183 484.3372 181.0508 569.8473 208.8607 1.4781 1.6442 4.5518 -4.7449 1.9644 41.1006 -6.7330 -5.3632
Car -1 -1 -3.8722 367.5666 181.3496 435.0220 207.4375 1.4525 1.6226 3.7951 -12.5741 1.9888 43.5382 -4.1521 -5.5561
Car -1 -1 -4.7733 314.9243 180.9680 369.4014 223.6372 1.4192 1.6595 4.3421 -10.2053 1.7509 27.2021 -5.1294 -5.8086
Car -1 -1 -7.1385 437.7999 176.8034 501.2371 202.2836 1.5393 1.7169 4.1408 -9.0276 1.8057 46.5012 -7.3295 -5.8506
Car -1 -1 -4.5618 310.9411 179.0431 359.3659 211.9488 1.4847 1.6299 4.0477 -13.4963 1.8075 35.5142 -4.9228 -5.8528
Car -1 -1 -4.4328 314.9344 177.2239 377.8152 212.5380 1.4729 1.6253 3.9876 -11.8805 1.6827 32.6448 -4.7796 -5.8840
Car -1 -1 -8.0681 279.6026 162.2146 417.9294 263.6107 1.8723 1.9005 4.4938 -5.8800 1.6755 15.7288 -8.4209 -6.0624
Car -1 -1 -2.7175 375.2644 167.4205 431.1643 184.3359 1.4891 1.6873 4.5246 -18.5405 1.0105 64.6825 -2.9957 -6.3548
Car -1 -1 -7.7165 75.3916 185.4678 185.9109 267.4729 1.7316 1.7883 3.3495 -11.6750 2.0741 17.7151 -8.2926 -6.6582
Car -1 -1 -6.0041 1029.2352 294.1459 1241.0000 374.0000 1.3245 1.3699 3.0028 4.8049 2.4546 5.0897 -5.2785 -9.3537
