Car -1 -1 -7.8176 515.6844 177.6517 545.1481 203.6563 1.4907 1.6519 3.7602 -4.8502 1.7960 44.0123 -7.9271 0.6178
Car -1 -1 -7.2740 392.5333 174.7684 467.6746 208.9379 1.5805 1.6728 4.0409 -8.8822 1.6810 35.8038 -7.5159 -0.2757
Car -1 -1 -7.9435 319.4972 160.4715 415.3998 250.7789 1.8782 1.7863 4.3422 -5.9928 1.6204 17.3532 -8.2719 -1.5775
Car -1 -1 -7.7212 257.4799 176.3541 306.8855 210.2616 1.5255 1.6308 4.2911 -15.9653 1.7071 35.2231 -8.1442 -1.9981
Car -1 -1 -4.0058 529.3674 171.5895 573.2810 194.5666 1.8995 1.6285 3.8578 -5.0081 1.7947 61.6898 -4.0868 -2.5680
Car -1 -1 -7.9961 522.0416 176.9916 563.9484 209.8553 1.4836 1.5481 3.3430 -3.3177 1.6934 34.8349 -8.0909 -2.8653
Car -1 -1 -4.7818 531.1323 171.1907 561.7654 198.7202 1.7057 1.6843 4.2820 -4.2111 1.6024 46.9539 -4.8711 -3.0627
Car -1 -1 -4.1437 547.0591 161.4844 625.7939 209.1300 2.1123 1.8114 4.0946 -1.0883 1.6080 34.2116 -4.1758 -3.2273
Car -1 -1 -8.0463 256.3589 180.2432 317.3757 218.6384 1.4392 1.6182 3.7269 -13.4349 1.7645 29.8013 -8.4668 -3.2895
Car -1 -1 -4.9950 418.6244 176.6929 478.3030 212.6450 1.5122 1.6094 3.9629 -7.4689 1.6983 32.9252 -5.2168 -3.3606
Car -1 -1 -4.1708 515.9794 177.8172 561.8147 201.5594 1.7620 1.8055 3.9445 -5.5632 2.1661 56.6235 -4.2687 -3.5018
Car -1 -1 -3.0827 230.2516 160.8984 307.3449 192.4583 1.8667 1.7555 4.1768 -20.8831 1.1592 44.2667 -3.5213 -3.7737
Car -1 -1 -7.7841 292.2266 176.2915 333.3965 208.5959 1.5214 1.6603 3.6993 -14.9862 1.7043 36.4275 -8.1721 -3.9336
Car -1 -1 -7.4440 294.4215 180.6344 366.9994 216.5956 1.3950 1.5594 3.5951 -11.8040 1.7445 30.6117 -7.8094 -4.0448
Car -1 -1 -2.3119 342.7888 175.6609 430.0330 211.1518 1.5926 1.6933 4.0359 -10.7202 1.7330 34.4057 -2.6121 -4.1513
Car -1 -1 -4.8251 518.5656 178.4656 554.4764 206.3980 1.4389 1.5677 3.6464 -4.1414 1.7641 39.9020 -4.9283 -4.2526
Car -1 -1 -3.3773 0.0000 188.5381 27.3872 374.0000 1.5418 1.5594 4.0169 -6.7646 1.6947 4.8946 -4.2954 -4.4708
Car -1 -1 -4.5654 383.6361 176.7785 433.7933 212.7863 1.4716 1.5950 3.7581 -8.8675 1.6553 31.8782 -4.8350 -4.5234
Car -1 -1 -7.7851 543.1826 176.2498 574.5696 201.8245 1.4737 1.6453 3.9752 -3.1163 1.6903 44.0948 -7.8556 -4.5389
Car -1 -1 -7.7246 350.2813 163.2481 385.0901 193.8073 1.9234 1.6554 4.1104 -15.9630 1.3185 47.5905 -8.0468 -4.5640
Car -1 -1 -4.4951 611.9949 177.5670 666.5912 212.5418 1.4511 1.6369 4.0672 1.3518 1.6786 32.6984 -4.4548 -4.5728
Car -1 -1 -2.5299 388.6973 178.5189 501.8459 226.5369 1.5006 1.5613 3.4322 -5.5761 1.7013 24.2425 -2.7542 -4.7679
Car -1 -1 -4.4717 0.0000 181.7623 112.8348 243.6508 1.4623 1.6054 4.0303 -15.1568 1.7337 19.8406 -5.1177 -5.0167
Car -1 -1 -5.5842 373.0904 178.0569 444.0039 205.7965 1.4867 1.5366 3.7416 -11.4037 1.7905 40.6972 -5.8561 -5.1411
Car -1 -1 -4.3907 292.2076 177.9291 347.2418 207.6800 1.5878 1.6108 4.4371 -16.6627 1.8956 41.5414 -4.7702 -5.6020
Car -1 -1 -4.6816 340.8148 177.1746 388.2495 214.2632 1.3672 1.6893 4.5394 -10.0271 1.5585 29.5779 -5.0061 -5.7186
Car -1 -1 -4.9573 614.3593 175.3747 682.4517 217.6996 1.5425 1.6806 4.4029 1.3995 1.6513 28.8970 -4.9100 -5.7599
Car -1 -1 -4.1768 0.0000 182.5892 82.9766 234.0537 1.3810 1.5479 4.0514 -18.3357 1.7098 22.2797 -4.8596 -5.8326
Car -1 -1 -8.9994 0.0000 0.0000 1241.0000 374.0000 1.5456 1.5928 3.8073 2.3077 1.5815 0.9960 -7.9398 -5.8867
Car -1 -1 -7.8472 0.0000 0.0000 1110.3691 374.0000 1.5470 1.5930 3.8073 -0.1041 1.6128 0.9961 -7.9398 -5.8867
Car -1 -1 -6.9166 0.0000 0.0000 1241.0000 374.0000 1.5466 1.5900 3.8044 -2.1017 1.6407 1.0034 -7.9391 -5.8867
Car -1 -1 -4.8329 647.9056 174.9020 695.9988 209.9435 1.4032 1.5825 3.9652 2.5657 1.4970 31.1407 -4.7521 -5.8867
Car -1 -1 -5.1650 156.5136 184.5412 219.5323 211.9474 1.3082 1.4255 3.5174 -21.9012 1.9383 37.3525 -5.6924 -5.9184
Car -1 -1 -7.2075 1241.0000 182.0442 1241.0000 366.6877 1.4259 1.6044 4.2677 8.5711 1.5195 6.5135 -6.3086 -6.0713
Car -1 -1 -8.1596 37.5511 182.5545 183.5290 260.8770 1.6872 1.7979 4.3290 -12.6349 1.9575 18.0880 -8.7626 -6.2980
