Car -1 -1 -4.9247 538.2993 176.5633 566.1249 193.7697 1.4428 1.6148 4.0934 -5.1536 1.7810 63.6416 -5.0055 0.4282
Car -1 -1 -7.5285 642.0441 157.4895 767.5315 242.1297 1.9460 1.8571 4.8044 2.6174 1.5924 19.1540 -7.3956 0.0197
Car -1 -1 -5.2631 557.2776 180.7055 607.3642 203.7759 1.5301 1.6594 4.1128 -2.0496 2.1138 51.5016 -5.3032 -0.9462
Car -1 -1 -8.4491 447.1899 180.5194 540.4042 222.4278 1.4830 1.6238 4.0249 -4.6597 1.8047 28.2916 -8.6114 -1.3175
Car -1 -1 -7.8870 875.5170 165.3584 895.4048 181.5674 1.4924 1.6331 3.6129 26.0682 0.8020 68.4072 -7.5245 -1.5128
Car -1 -1 -3.6112 374.7825 180.2457 461.6766 213.7134 1.4862 1.5949 3.7177 -9.2202 1.8600 34.6823 -3.8695 -1.8419
Car -1 -1 -7.4305 549.8718 178.1590 605.2677 208.1776 1.5008 1.6063 3.6792 -1.7277 1.8005 38.7898 -7.4752 -2.1374
Car -1 -1 -4.8394 510.5577 176.3831 562.8693 218.3731 1.5681 1.6194 3.9534 -3.0944 1.7220 29.4103 -4.9439 -2.3800
Car -1 -1 -7.9714 830.5049 169.9477 851.7650 185.4733 1.4646 1.5598 3.4473 22.3472 1.1902 69.9069 -7.6634 -2.6387
Car -1 -1 -7.7396 831.0609 178.4500 865.1135 202.9351 1.4153 1.5832 3.8910 14.7702 1.7785 44.7646 -7.4233 -2.7926
Car -1 -1 -2.5909 143.5381 192.7466 258.1992 232.3198 1.4259 1.5423 3.5471 -15.6861 2.2119 27.6823 -3.1026 -2.8412
Car -1 -1 -4.4597 794.8284 178.4016 839.5106 204.3433 1.4427 1.6131 4.0799 12.4157 1.7913 43.2206 -4.1823 -3.1136
Car -1 -1 -7.7971 542.5987 173.4314 572.9826 204.4966 1.7957 1.6180 3.9654 -3.1610 1.8320 43.7761 -7.8693 -3.1835
Car -1 -1 -8.5915 639.1838 162.6541 685.4472 184.8254 1.8802 1.7895 4.0475 4.5352 1.0149 63.3319 -8.5206 -3.1986
Car -1 -1 -6.3809 705.4766 169.0480 811.4438 214.2306 1.7845 1.6981 4.0944 5.9579 1.6339 29.5445 -6.1844 -3.5009
Car -1 -1 -5.5244 587.1290 180.3357 647.6262 204.2895 1.5230 1.6726 4.0883 0.4363 2.0534 49.1594 -5.5161 -3.7654
Car -1 -1 -4.7258 549.4737 181.9890 572.1161 202.8638 1.4545 1.6298 3.7799 -3.7350 2.1617 53.9333 -4.7951 -4.2154
Car -1 -1 -4.6371 967.2179 178.0074 1019.2954 217.1548 1.5027 1.6485 4.2890 16.2315 1.7367 30.5463 -4.1531 -4.2633
Car -1 -1 -2.6271 479.1517 180.4014 555.5124 209.2274 1.4095 1.5508 3.6349 -4.8432 1.8153 37.4179 -2.7554 -4.2889
Car -1 -1 -4.4024 848.4158 180.4046 905.5435 210.6435 1.4338 1.5881 4.1889 13.8533 1.8475 37.4215 -4.0509 -4.4492
Car -1 -1 -4.7163 1003.9849 178.3510 1036.4438 204.8821 1.5025 1.6400 2.8785 24.5032 1.8439 43.2036 -4.2037 -4.4763
Car -1 -1 -6.9888 851.3628 180.2970 926.4210 206.1401 1.4595 1.6295 4.1046 16.5959 1.9182 43.0403 -6.6236 -4.4832
Car -1 -1 -2.6789 621.7638 184.0652 815.3956 261.8439 1.4017 1.5636 3.7213 2.1782 1.6638 15.1900 -2.5403 -4.6652
Car -1 -1 -4.9815 964.8694 175.6801 1023.7668 205.0059 1.4987 1.8005 4.0832 20.9020 1.6616 39.4814 -4.4981 -4.7194
Car -1 -1 -8.2024 940.5703 155.2944 1002.8545 193.7831 2.2944 1.8960 5.0175 22.7190 1.2474 45.6116 -7.7431 -4.7321
Car -1 -1 -7.9250 868.1267 166.2978 893.4675 186.5619 1.7062 1.7562 4.3512 23.6120 1.1539 63.0863 -7.5686 -4.9785
Car -1 -1 -3.7443 1104.3303 162.5832 1241.0000 374.0000 1.4889 1.7189 3.6351 5.1216 1.4499 4.0251 -2.8749 -5.0547
Car -1 -1 -4.7843 999.0047 176.9309 1041.5127 205.3940 1.4671 1.7516 3.8057 22.5794 1.7040 39.8863 -4.2727 -5.0586
Car -1 -1 -4.9858 545.2947 175.8095 579.0410 196.0408 1.6156 1.8142 3.9518 -4.0670 1.8717 60.4191 -5.0532 -5.2607
Car -1 -1 -8.0693 863.8360 159.9201 901.2051 184.3629 1.8978 1.8166 4.8960 22.0305 0.8933 58.5739 -7.7114 -5.4068
Car -1 -1 -7.9240 663.3568 172.6790 705.6841 206.6989 1.5528 1.7204 4.5368 3.5303 1.5445 35.2259 -7.8254 -5.4637
Car -1 -1 -5.2006 859.6345 174.8632 941.4200 209.0863 1.4515 1.6898 4.1702 13.1432 1.5492 33.0242 -4.8254 -5.6839
Car -1 -1 -4.8967 933.8567 174.6574 990.4129 208.9503 1.4760 1.6226 3.9919 16.1836 1.5645 33.4181 -4.4496 -5.8727
Car -1 -1 -4.8896 935.5383 175.5624 982.4955 204.4630 1.4828 1.6300 3.9051 19.0057 1.6387 39.5111 -4.4446 -5.8867
Car -1 -1 -4.6491 763.2604 175.7390 793.8738 200.8210 1.4784 1.6270 3.9697 10.5498 1.6671 45.1542 -4.4215 -5.8867
Car -1 -1 -6.9166 0.0000 0.0000 1241.0000 374.0000 1.5455 1.5912 3.8048 -2.1023 1.6330 1.0035 -7.9392 -5.8867
Car -1 -1 -5.0834 889.6136 174.8734 954.3076 205.7058 1.4395 1.5989 3.9931 15.4217 1.5455 35.9715 -4.6818 -5.8867
Car -1 -1 -4.4334 512.0297 180.7980 548.4077 202.2016 1.4824 1.6557 3.9841 -5.9142 2.0958 53.6378 -4.5431 -5.8867
Car -1 -1 -8.2701 626.7427 181.8872 719.3220 232.4422 1.4100 1.5720 3.5886 1.8493 1.7193 22.7748 -8.1909 -6.0754
Car -1 -1 -3.1907 868.6263 160.9852 944.5823 201.8469 2.4672 2.0356 4.2985 18.4723 1.7502 45.2347 -2.8057 -7.7692
