Car -1 -1 -5.4128 652.6600 178.5974 713.0980 203.3351 1.4889 1.5942 4.1190 4.6184 1.8765 46.5746 -5.3151 2.0377
Car -1 -1 -7.7154 641.7188 181.0628 682.1558 210.9099 1.3228 1.4949 3.4039 2.5062 1.7390 34.7980 -7.6447 -1.4592
Car -1 -1 -8.4594 659.1819 161.6014 702.1281 185.7286 2.1738 1.8540 4.3208 6.5310 1.1596 67.3455 -8.3634 -1.6239
Car -1 -1 -6.6960 695.9026 174.1056 744.1785 193.7895 1.4969 1.5991 3.3596 8.5373 1.5963 56.2349 -6.5465 -2.4489
Car -1 -1 -3.3581 963.8933 157.7742 1054.1697 189.8616 1.8165 1.7595 4.3491 23.2657 0.9625 42.2995 -2.8584 -2.4761
Car -1 -1 -5.1386 626.6311 181.5827 675.6017 207.6097 1.3491 1.4987 3.3047 2.2233 1.8598 40.4283 -5.0846 -3.1195
Car -1 -1 -6.5578 655.0560 177.8844 723.7747 200.8973 1.5038 1.7039 4.3252 5.3241 1.8526 48.8744 -6.4504 -3.6057
Car -1 -1 -6.4977 577.0578 174.0609 661.5192 207.8572 1.5621 1.6878 3.7799 0.3791 1.6218 34.6462 -6.4874 -3.7996
Car -1 -1 -5.2638 958.9453 173.8807 1050.3247 206.7775 1.5618 1.8147 4.8175 19.9749 1.6174 36.8661 -4.7710 -3.8067
Car -1 -1 -4.4709 692.7974 176.5609 732.7072 202.1401 1.5510 1.6178 4.1288 6.6484 1.8015 46.6090 -4.3305 -3.8590
Car -1 -1 -7.3959 1033.9800 169.8154 1114.6202 205.8799 1.6612 1.6682 4.0881 22.5069 1.5210 35.0097 -6.8287 -3.9964
Car -1 -1 -7.4522 708.0330 179.5645 769.7396 210.0970 1.3897 1.5996 3.9732 6.4191 1.7425 35.8668 -7.2770 -4.0061
Car -1 -1 -7.4134 887.2497 152.4709 1050.5641 238.7119 1.8980 1.9076 4.5815 9.0076 1.4491 18.0554 -6.9577 -4.1380
Car -1 -1 -4.8649 703.0730 174.7216 734.7808 195.7730 1.4850 1.7201 3.9568 7.9631 1.6276 53.2317 -4.7176 -4.3346
Car -1 -1 -6.7242 960.3970 181.2281 1241.0000 374.0000 1.4593 1.6334 3.9047 4.3072 1.5249 4.3021 -5.9725 -4.3478
Car -1 -1 -2.2800 203.7431 185.5240 318.2112 230.0034 1.3675 1.5100 3.5983 -11.8543 1.8206 24.4036 -2.7282 -4.4222
Car -1 -1 -4.6588 1027.7278 170.5710 1077.2603 210.1631 1.6572 1.6867 4.4719 19.9506 1.5614 32.5240 -4.1130 -4.5881
Car -1 -1 -7.8462 872.5743 164.5634 923.2547 213.3917 1.7296 1.6875 4.0451 11.0197 1.4356 27.7492 -7.4723 -4.6336
Car -1 -1 -5.5443 788.8367 156.6670 848.0225 185.0873 2.0029 1.9088 3.9055 15.2362 0.8618 53.0120 -5.2661 -4.7440
Car -1 -1 -7.9702 548.0274 175.3579 576.5795 197.7364 1.4757 1.5571 3.6063 -3.3641 1.6553 49.9231 -8.0375 -4.9588
Car -1 -1 -1.8835 7.5568 191.3176 145.5258 266.1882 1.4493 1.4971 3.6329 -12.2662 1.9130 16.4614 -2.5163 -5.2261
Car -1 -1 -5.0199 671.8344 175.6774 722.2252 202.1056 1.3699 1.6003 4.0774 4.7243 1.5346 40.0156 -4.9036 -5.2720
Car -1 -1 -8.4060 459.7694 178.5123 543.5525 220.6897 1.4770 1.5302 3.5491 -4.2409 1.7077 27.6108 -8.5575 -5.4109
Car -1 -1 -4.8822 987.2993 172.8726 1048.5598 208.4776 1.5291 1.7113 4.4155 18.7157 1.5297 33.3555 -4.3750 -5.4807
Car -1 -1 -4.7788 945.2003 173.6509 994.7079 209.4921 1.4320 1.6177 3.9657 15.3808 1.4684 31.0652 -4.3233 -5.8867
Car -1 -1 -4.4999 605.3826 178.6334 641.4023 201.5810 1.4615 1.6436 4.0401 0.9253 1.8725 49.1933 -4.4817 -5.8867
Car -1 -1 -7.5680 925.5477 178.9695 1010.0724 224.9380 1.3400 1.5074 3.6321 11.5916 1.5534 23.3733 -7.1131 -6.0722
Car -1 -1 -3.6246 1103.4987 152.3872 1209.7722 195.0803 2.0922 1.7653 3.9189 27.5562 1.0889 36.5407 -2.9825 -7.5903
