Car -1 -1 -4.4085 310.0041 181.6646 371.1513 215.7594 1.4632 1.5887 3.9261 -12.6519 1.9025 33.9991 -4.7626 -0.1880
Car -1 -1 -5.6518 401.8821 180.5133 476.2024 207.6973 1.4182 1.5368 3.8322 -9.4963 1.8569 39.9124 -5.8843 -1.6172
Car -1 -1 -4.5417 107.1178 181.5060 175.7665 226.6625 1.6844 1.6955 4.1612 -19.4326 2.0710 30.0215 -5.1123 -2.2106
Car -1 -1 -3.2822 580.3533 180.1949 694.6563 219.9556 1.4647 1.6874 4.2384 0.9752 1.7605 28.0384 -3.2485 -2.2466
Car -1 -1 -2.4076 453.1367 178.3562 533.1577 211.6265 1.5338 1.6020 3.7906 -5.8135 1.8174 35.5258 -2.5691 -2.3159
Car -1 -1 -7.8256 579.5471 177.9185 608.2834 204.2673 1.4307 1.5614 3.7067 -0.9306 1.7365 41.7502 -7.8483 -2.7661
Car -1 -1 -4.3304 595.7440 177.5674 650.2057 205.3384 1.4961 1.6979 4.2721 0.7796 1.7849 41.9500 -4.3125 -2.8931
Car -1 -1 -3.8645 500.5984 178.5732 585.6882 210.0116 1.4660 1.6377 4.2761 -3.3663 1.7720 36.5327 -3.9562 -2.9970
Car -1 -1 -7.6769 349.6436 178.1176 395.9057 211.8280 1.5440 1.5427 3.6395 -11.6679 1.8169 35.5518 -7.9921 -3.2097
Car -1 -1 -7.7924 513.8228 178.6568 546.2489 206.6320 1.5160 1.6345 3.9480 -4.6401 1.8692 41.9465 -7.9023 -3.3280
Car -1 -1 -8.0479 478.8776 179.8262 520.4568 206.1721 1.3983 1.6198 4.0120 -6.4446 1.8209 41.6018 -8.2011 -3.6584
Car -1 -1 -2.7035 509.5273 179.4443 606.8445 214.4803 1.4449 1.6034 3.9670 -2.3209 1.7480 31.7615 -2.7764 -3.7797
Car -1 -1 -4.6545 186.8819 178.8890 226.6215 210.6583 1.5450 1.5943 3.8829 -21.2073 1.8799 37.9800 -5.1610 -3.8503
Car -1 -1 -3.0448 656.4699 174.7558 747.7565 209.4843 1.5676 1.7563 4.1228 4.3277 1.6605 34.0236 -2.9200 -3.8515
Car -1 -1 -4.7570 668.2266 179.9893 702.8397 209.4448 1.3773 1.5578 4.1536 3.7704 1.7627 36.8812 -4.6565 -4.1487
Car -1 -1 -4.2501 325.7380 184.2987 368.0600 207.1894 1.4715 1.5983 2.8989 -18.0226 2.2798 49.4467 -4.5982 -4.2544
Car -1 -1 -7.6151 403.6823 177.9922 459.0123 211.9229 1.6017 1.6812 4.7534 -9.1487 1.8830 37.1585 -7.8553 -4.3684
Car -1 -1 -5.8797 0.0000 181.5802 53.0012 331.4739 1.6265 1.7933 4.4616 -10.5836 1.7646 9.7395 -6.6929 -4.6405
Car -1 -1 -7.7576 434.5021 167.6549 459.0953 187.3556 1.8531 1.8996 4.6190 -15.8742 1.3637 70.2789 -7.9791 -4.6888
Car -1 -1 -8.0434 518.4354 177.6422 574.2514 219.0692 1.5078 1.5635 3.4811 -2.6231 1.7097 28.5872 -8.1346 -4.8908
Car -1 -1 -4.1586 344.1146 180.0886 392.6832 204.5936 1.5753 1.5409 3.4969 -16.5124 2.0888 49.3715 -4.4801 -5.0801
Car -1 -1 -7.9022 413.1414 165.7248 439.6201 191.9596 1.6206 1.4807 3.5846 -11.8952 1.1799 46.5021 -8.1515 -5.2961
Car -1 -1 -7.1894 589.5031 174.9750 631.9852 195.3781 1.6186 1.5708 3.6859 0.0641 1.7991 59.5773 -7.1888 -5.3683
Car -1 -1 -4.6544 618.3280 179.0480 653.0033 207.4698 1.3625 1.5765 4.1156 1.3470 1.7035 37.6356 -4.6194 -5.5003
Car -1 -1 -7.1457 51.2433 0.0000 1241.0000 374.0000 1.5493 1.5917 3.8055 -1.2980 1.6394 1.0029 -7.9391 -5.8867
Car -1 -1 -4.7697 391.9153 178.2773 428.1206 206.9876 1.4070 1.6238 3.9764 -10.6985 1.7108 38.3136 -5.0406 -5.8867
Car -1 -1 -4.1092 1196.9443 99.4084 1241.0000 374.0000 1.5120 1.6200 3.9593 5.0165 1.2967 2.9726 -3.1158 -5.8867
Car -1 -1 -4.6884 382.5301 182.6763 408.2471 206.0873 1.5159 1.6335 4.1127 -15.0913 2.2366 50.7648 -4.9762 -5.8867
Car -1 -1 -5.7265 0.0000 195.2430 10.3201 374.0000 1.6295 1.8117 3.9793 -8.3065 1.8778 6.5120 -6.6122 -5.9775
Car -1 -1 -7.2339 1241.0000 172.6542 1241.0000 374.0000 1.4049 1.5634 4.1209 7.7680 1.4033 5.6500 -6.3168 -6.0374
Car -1 -1 -4.5667 379.3279 184.8336 444.8847 227.2507 1.3832 1.7215 4.6359 -7.4210 1.8759 27.2899 -4.8303 -6.0571
Car -1 -1 -4.6489 375.4555 179.6845 408.5901 205.9140 1.3767 1.5602 3.7455 -12.3511 1.7826 40.9129 -4.9406 -6.1191
Car -1 -1 -5.0354 383.8045 186.4310 454.1789 221.9519 1.3497 1.6480 4.3950 -8.4368 1.9843 31.4537 -5.2959 -7.1137
