Car -1 -1 -7.7802 996.6188 171.6379 1060.4800 230.4121 1.8948 1.6770 3.9660 14.7243 1.8553 25.3741 -7.2600 0.7073
Car -1 -1 -7.7306 899.4901 187.4261 946.6152 222.9133 1.4708 1.5800 3.7172 14.5551 2.1885 33.5526 -7.3252 0.2569
Car -1 -1 -1.9824 190.5832 184.0284 247.3367 211.1189 1.5859 1.6923 4.0342 -24.8374 2.3233 45.7244 -2.4779 -0.1145
Car -1 -1 -8.4231 673.7230 166.9348 730.4872 193.2048 1.5804 1.6706 3.9687 5.7249 1.2240 45.5578 -8.2992 -0.2727
Car -1 -1 -4.7987 292.7040 184.1074 329.5171 213.4541 1.5452 1.6316 3.9920 -17.3819 2.2301 41.7865 -5.1910 -0.9066
Car -1 -1 -4.0534 691.1928 165.4666 759.3022 196.2378 1.6529 1.6613 4.0662 6.5096 1.2558 40.7556 -3.8965 -1.4302
Car -1 -1 -8.1641 475.4109 173.6709 570.9305 238.1415 1.5955 1.5867 3.5360 -2.5219 1.6198 19.8430 -8.2896 -1.5009
Car -1 -1 -4.6403 920.8964 188.2019 960.1489 218.8846 1.4459 1.6382 3.5192 17.3433 2.2925 37.8775 -4.2145 -1.6508
Car -1 -1 -2.8619 697.4354 166.1840 763.4539 193.7638 1.7310 1.6990 3.9162 7.7907 1.3120 46.8917 -2.6987 -2.1549
Car -1 -1 -7.4991 694.3701 169.1656 761.4840 211.3671 1.9358 1.7853 4.5847 5.8391 1.7663 35.5321 -7.3381 -2.3010
Car -1 -1 -7.7806 881.3375 184.2501 931.5964 224.4429 1.4628 1.6422 3.8337 12.1336 1.9617 29.5232 -7.3948 -2.3949
Car -1 -1 -3.9437 914.2751 182.4107 996.0651 214.5200 1.6745 1.7172 4.1293 19.1269 2.2252 40.0702 -3.5018 -2.6557
Car -1 -1 -4.6364 442.7679 198.6400 484.3890 235.7744 1.5143 1.6462 3.7479 -6.9061 2.8030 34.1070 -4.8354 -3.4761
Car -1 -1 -7.5964 363.8923 173.1889 405.0467 198.0689 1.5683 1.6609 3.8293 -14.8191 1.5909 47.4824 -7.8976 -3.6114
Car -1 -1 -4.9464 896.2037 172.5560 928.5666 191.3116 1.4922 1.5662 3.9876 24.8625 1.4682 59.4993 -4.5526 -3.7617
Car -1 -1 -5.1763 817.0343 185.3054 878.3923 214.7235 1.4475 1.6087 3.8267 12.8070 2.1587 39.2180 -4.8635 -3.8570
Car -1 -1 -4.7327 941.8601 184.7263 969.5480 209.3861 1.5703 1.6363 3.7483 23.8663 2.4257 49.9606 -4.2898 -4.0231
Car -1 -1 -4.9081 963.2066 181.1234 989.2629 196.5680 1.4155 1.5643 3.6822 35.5942 2.2428 70.2345 -4.4411 -4.3285
Car -1 -1 -2.0448 187.9038 183.3392 259.3368 218.5764 1.6790 1.6682 3.8752 -19.9994 2.2458 37.2351 -2.5350 -4.5767
Car -1 -1 -4.6308 889.4194 186.0565 942.9689 229.4092 1.4126 1.5463 3.7286 11.3524 1.9385 26.7459 -4.2340 -4.5826
Car -1 -1 -7.9704 118.1425 188.6264 179.8431 232.2464 1.4532 1.5521 3.7822 -17.6000 2.0948 27.4099 -8.5370 -4.6809
Car -1 -1 -4.5710 946.1908 185.5235 993.4617 218.4286 1.5556 1.6609 4.2829 18.9885 2.2630 38.0693 -4.1120 -4.7891
Car -1 -1 -8.5797 1147.9231 138.8244 1241.0000 174.3824 2.0375 1.8167 4.8089 35.3950 0.0873 43.7899 -7.9031 -5.3110
