Car -1 -1 -5.4151 579.1532 181.4934 635.2111 204.2177 1.4817 1.6356 4.1631 -0.2701 2.1145 50.7655 -5.4209 2.4164
Car -1 -1 -7.5247 689.5161 157.9578 814.4689 241.5892 1.9125 1.8166 4.6512 3.8171 1.5715 18.9679 -7.3299 0.9739
Car -1 -1 -7.1105 566.7644 178.9655 635.9752 208.7982 1.4537 1.5625 3.6620 -0.4510 1.7897 37.8167 -7.1229 0.6361
Car -1 -1 -8.4227 542.8135 177.5616 582.3550 194.7097 1.4459 1.6235 3.9571 -4.2627 1.8771 64.0531 -8.4892 0.1792
Car -1 -1 -8.0273 900.8502 166.7431 926.9286 183.4491 1.5010 1.6225 3.5669 28.0565 0.9517 66.7490 -7.6311 -0.7030
Car -1 -1 -8.4453 470.6578 178.5483 571.5412 223.2957 1.5632 1.7022 4.4126 -3.5712 1.8013 27.9931 -8.5717 -0.7638
Car -1 -1 -4.8319 882.3346 175.9146 934.2712 213.0002 1.4758 1.5883 3.9185 12.7635 1.6166 31.1595 -4.4470 -1.5992
Car -1 -1 -8.0505 761.7664 178.8236 819.9289 217.3965 1.4016 1.5310 3.6570 7.0619 1.6537 28.6524 -7.8118 -1.6191
Car -1 -1 -5.6924 155.6877 192.3299 272.8208 231.7534 1.3878 1.5719 3.6271 -14.9637 2.1498 27.2902 -6.1901 -2.2943
Car -1 -1 -3.8859 0.0000 190.7542 58.5211 235.7005 1.4182 1.5991 3.8536 -22.6217 2.1221 26.3777 -4.5899 -2.3522
Car -1 -1 -7.8991 570.1000 176.6116 601.1392 206.6342 1.6750 1.6474 4.2197 -1.5316 1.9097 42.9672 -7.9350 -2.6890
Car -1 -1 -5.9160 822.9533 180.5243 894.9011 206.3497 1.4620 1.6079 3.8022 15.0360 1.9465 43.7727 -5.5877 -2.8180
Car -1 -1 -4.3901 565.1713 179.6395 608.3800 204.5846 1.4844 1.5883 3.9874 -1.4718 1.9391 46.2377 -4.4223 -3.2333
Car -1 -1 -3.5166 846.5406 167.5461 896.4985 182.4103 1.3705 1.5937 4.0857 24.3769 0.8808 67.3847 -3.1710 -3.3290
Car -1 -1 -7.8316 755.5179 177.8513 806.3745 224.7125 1.4900 1.6187 4.0180 6.0358 1.6815 25.5466 -7.6029 -3.7884
Car -1 -1 -3.1659 511.4628 179.4479 577.6965 206.4655 1.5892 1.6434 3.9489 -4.0351 2.0005 43.9946 -3.2573 -3.7938
Car -1 -1 -4.6446 548.7241 180.3457 577.2249 205.2823 1.4918 1.5690 3.8342 -3.0096 1.9915 46.2371 -4.7098 -3.8517
Car -1 -1 -7.9319 1031.7783 176.9149 1072.9359 204.9036 1.3981 1.5624 3.8957 23.6526 1.6276 38.7404 -7.3875 -3.8844
Car -1 -1 -4.8532 840.8555 175.7384 889.6042 210.7805 1.5519 1.6048 4.1537 12.0915 1.6983 34.5083 -4.5193 -4.1013
Car -1 -1 -4.7399 805.5296 177.1983 848.5248 217.5804 1.4477 1.4859 3.3423 8.3416 1.6272 28.0613 -4.4544 -4.1263
Car -1 -1 -7.1520 662.2600 157.4466 714.8739 180.2707 1.9373 1.8359 4.9751 6.9427 0.6292 63.6224 -7.0440 -4.6913
Car -1 -1 -7.9065 671.9349 83.7229 1241.0000 374.0000 1.4650 1.4844 3.5547 1.3986 1.3630 2.7491 -7.4783 -4.9633
Car -1 -1 -7.4862 694.6316 184.0359 775.6540 231.1880 1.3501 1.4523 3.4500 4.0717 1.7411 23.3927 -7.3167 -5.0294
Car -1 -1 -8.4942 0.0000 0.0000 1241.0000 374.0000 1.4031 1.5725 3.8106 3.4871 1.3172 1.9172 -7.4887 -5.2355
Car -1 -1 -5.0291 887.5904 166.3084 922.5642 185.5985 1.5853 1.6073 3.8889 24.9933 1.0471 61.2935 -4.6438 -5.4413
Car -1 -1 -4.8345 955.2198 172.2958 1014.4481 211.2523 1.4914 1.6536 4.0915 15.3611 1.4697 29.8281 -4.3633 -5.8734
Car -1 -1 -4.8727 972.5459 172.2093 1028.8320 206.2505 1.4595 1.6280 3.9726 17.7848 1.4315 33.0774 -4.3834 -5.8867
