Car -1 -1 -8.0459 731.8901 179.3980 786.3657 219.0818 1.5833 1.6151 3.6842 6.3446 1.8831 31.2433 -7.8480 7.0674
Car -1 -1 -7.5513 823.4222 184.5385 929.3245 248.9450 1.5129 1.7001 3.6840 7.2727 1.8628 19.6471 -7.2025 6.9098
Car -1 -1 -8.0934 770.3870 185.2292 845.9083 233.9835 1.4351 1.5719 3.6434 6.4492 1.8780 24.0073 -7.8348 5.4306
Car -1 -1 -4.5962 535.8192 177.6973 593.7738 222.0092 1.5324 1.7300 4.2283 -1.6905 1.7318 27.5832 -4.6575 5.0511
Car -1 -1 -7.9762 650.1992 171.7155 697.3167 212.4413 1.8884 1.7834 4.3389 3.0410 1.8354 35.6597 -7.8924 4.4546
Car -1 -1 -5.6328 0.0000 177.0806 234.6171 285.3483 1.4926 1.6810 4.4286 -8.3591 1.5610 10.8688 -6.2768 4.3891
Car -1 -1 -8.0920 705.7582 182.1371 757.8238 212.8013 1.4071 1.6386 4.1941 6.0590 1.9049 36.5658 -7.9297 3.9528
Car -1 -1 -8.0284 694.0748 180.5406 733.3800 208.5119 1.5050 1.6006 3.8272 5.9255 1.9710 41.8298 -7.8892 1.9386
Car -1 -1 -6.5165 102.2276 163.8980 228.9706 202.3863 1.5692 1.6972 4.4569 -19.4144 1.2038 31.5898 -7.0640 -1.7632
Car -1 -1 -6.7330 0.0000 171.5632 192.8725 259.7628 1.4450 1.6116 4.2054 -10.7280 1.4235 14.0587 -7.3758 -2.3406
Car -1 -1 -8.0706 667.7275 179.8126 711.1342 207.8723 1.5075 1.6382 4.1680 4.5273 1.9331 41.9985 -7.9645 -2.8688
Car -1 -1 -6.2310 567.8810 180.1414 696.6379 230.6933 1.4783 1.5806 3.8442 0.6650 1.7129 22.3149 -6.2024 -3.0197
Car -1 -1 -7.8332 251.2408 160.3645 284.7043 189.9775 1.6371 1.6730 3.8121 -19.8839 0.9464 41.9715 -8.2734 -3.1542
Car -1 -1 -7.8076 533.5240 170.5765 554.9236 189.3810 1.5597 1.6461 3.9912 -5.6351 1.3705 61.8780 -7.8983 -3.5489
Car -1 -1 -6.1684 223.7083 152.0940 338.8015 196.3062 1.5303 1.6490 3.6494 -11.9279 0.8115 26.3126 -6.5904 -3.8438
Car -1 -1 -2.0965 27.8453 178.3763 203.7736 247.2763 1.3993 1.6068 3.8539 -11.3425 1.5369 16.4642 -2.6923 -3.9099
Car -1 -1 -4.7548 113.9233 171.0639 153.5758 202.0186 1.5640 1.6125 3.7150 -25.4367 1.4733 38.4357 -5.3364 -4.0996
Car -1 -1 -4.4011 490.5085 175.1840 538.2261 203.2199 1.6076 1.6914 4.1423 -5.7951 1.7562 43.9269 -4.5319 -4.2320
Car -1 -1 -4.6194 551.8503 173.5602 597.8585 213.6585 1.7383 1.7426 4.3369 -1.6086 1.7730 33.5622 -4.6675 -4.2543
Car -1 -1 -7.6455 177.6384 174.6301 260.5049 227.0397 1.4375 1.5081 3.3945 -11.7300 1.4953 21.7548 -8.1351 -4.5316
Car -1 -1 -5.9276 0.0000 179.6029 155.3587 374.0000 1.4085 1.6857 4.0123 -4.5560 1.4560 3.3449 -6.8268 -4.5772
Car -1 -1 -4.4432 212.7076 164.4254 282.5181 203.9064 1.4088 1.4530 3.6833 -13.8591 1.1077 27.6918 -4.9035 -4.6386
Car -1 -1 -8.1081 529.1179 170.6168 560.5915 190.0797 1.5058 1.5875 3.8766 -5.2899 1.3324 57.9170 -8.1991 -4.6668
Car -1 -1 -7.5329 405.4920 177.2001 485.1643 223.8091 1.4363 1.5936 3.5053 -5.5238 1.5940 24.3987 -7.7537 -4.8273
Car -1 -1 -4.8308 679.1094 179.7561 709.9835 204.9893 1.5421 1.5686 3.5817 5.4205 2.0073 46.8721 -4.7169 -4.8485
Car -1 -1 -5.8688 225.7254 168.4972 307.9698 199.2746 1.6612 1.7230 3.7249 -18.9405 1.4257 39.8553 -6.3100 -4.9203
Car -1 -1 -6.1446 264.0959 153.0154 375.1703 192.7236 1.5003 1.6202 3.8812 -11.4213 0.7504 28.5083 -6.5226 -5.0536
Car -1 -1 -4.4670 618.9330 176.1758 653.4329 199.0765 1.5135 1.5716 3.6150 1.8267 1.7533 50.2067 -4.4313 -5.1308
Car -1 -1 -1.9419 0.0000 173.5075 0.0000 315.3876 1.4155 1.4865 3.7337 -9.3488 1.4242 8.6062 -2.7531 -5.2186
Car -1 -1 -4.8602 650.1817 177.0082 682.3598 197.8902 1.3833 1.6507 4.1689 3.8847 1.6878 50.7883 -4.7847 -5.2508
Car -1 -1 -2.2129 214.4517 153.7809 296.5259 189.7343 1.6192 1.5917 3.6806 -16.7747 0.7599 34.0422 -2.6678 -5.3789
Car -1 -1 -4.5157 546.9561 175.0186 594.7021 205.0823 1.5571 1.7403 4.8798 -2.1483 1.6853 40.2760 -4.5691 -5.5458
Car -1 -1 -4.8629 357.3340 182.9710 416.5361 227.7925 1.3850 1.4517 3.4801 -7.8355 1.7620 25.0276 -5.1638 -5.8087
Car -1 -1 -4.5398 307.4737 180.2758 375.6256 228.1373 1.4586 1.5772 3.4606 -9.0399 1.7283 24.4042 -4.8914 -5.8279
Car -1 -1 -5.8877 0.0000 168.0078 0.0000 374.0000 1.4562 1.6323 3.8752 -8.0477 1.4264 6.0498 -6.7924 -5.8527
Car -1 -1 -6.7243 0.0000 0.0000 1241.0000 374.0000 1.4813 1.5968 3.8407 -3.6960 1.5310 1.3714 -7.8745 -5.8867
Car -1 -1 -5.3018 786.6462 186.8335 883.3506 228.2739 1.3684 1.5716 3.9001 8.3683 1.9382 27.3332 -5.0084 -6.0441
Car -1 -1 -7.7736 619.5270 173.7111 658.0239 210.8052 1.7380 1.6079 3.9893 1.4450 1.7829 35.9794 -7.7344 -6.5082
Car -1 -1 -2.8410 161.3501 150.2852 285.0566 200.0198 2.0186 1.7708 4.2836 -16.3130 1.1023 30.5521 -3.3280 -7.5018
