Car -1 -1 -8.0419 859.5224 183.1585 911.3026 217.8865 1.5070 1.6141 3.7608 13.0489 2.0275 34.4808 -7.6835 5.1635
Car -1 -1 -8.0865 888.9633 188.1744 957.1227 230.6856 1.4186 1.5595 3.5636 11.7208 2.0386 27.3256 -7.6859 5.1052
Car -1 -1 -4.5698 683.7332 183.8463 734.2406 220.2533 1.4621 1.6970 4.0935 4.4781 1.9906 32.5075 -4.4348 3.7304
Car -1 -1 -7.5088 927.0814 187.0992 1026.7980 239.9823 1.4663 1.6472 3.8317 11.6768 1.9571 22.9571 -7.0442 3.2077
Car -1 -1 -7.9038 798.5550 174.2362 844.2080 220.3386 1.9186 1.7306 4.2489 9.3863 1.9848 32.4290 -7.6252 2.5703
Car -1 -1 -5.2232 681.0996 178.8400 749.1616 213.7493 1.6872 1.6582 4.2528 5.4095 2.0206 37.9384 -5.0832 -1.3021
Car -1 -1 -4.8059 686.2101 178.4215 707.6205 196.0577 1.5422 1.5921 3.8337 7.9302 2.0680 66.2520 -4.6877 -2.0116
Car -1 -1 -4.7155 850.3123 179.3774 885.6410 210.8646 1.5827 1.7305 4.4330 14.1062 1.9623 39.6321 -4.3765 -2.5341
Car -1 -1 -4.8021 456.1710 168.2714 495.0225 200.8021 1.5608 1.5709 4.2358 -6.9567 1.3406 36.8699 -4.9876 -2.5709
Car -1 -1 -5.2588 836.1470 169.5527 883.9781 190.2237 1.5573 1.6274 4.1191 19.5077 1.3083 56.5435 -4.9284 -2.6002
Car -1 -1 -5.3128 789.1161 183.1827 865.9376 213.0122 1.4931 1.8431 4.5396 11.9977 2.1040 40.2523 -5.0257 -3.3402
Car -1 -1 -7.5275 0.0000 133.2127 111.5819 206.9995 1.4740 1.6135 3.8834 -13.0327 0.6818 16.5123 -8.1879 -3.3946
Car -1 -1 -5.5075 323.2637 176.9446 436.6253 220.3594 1.4776 1.6025 3.9793 -8.5007 1.6365 26.4722 -5.8157 -3.7791
Car -1 -1 -4.7523 470.7925 166.3647 499.1244 190.2052 1.6032 1.7987 3.9526 -8.8417 1.1665 50.6422 -4.9245 -3.9361
Car -1 -1 -4.4131 675.9614 177.4127 705.3111 196.5583 1.5974 1.5620 3.6032 7.0555 2.0082 63.1002 -4.3026 -4.0881
Car -1 -1 -7.6707 450.2594 174.2922 497.3842 207.9183 1.4786 1.5339 3.5647 -6.3367 1.5489 33.6628 -7.8558 -4.1408
Car -1 -1 -5.1651 809.2775 185.2421 898.1549 232.4266 1.5731 1.7189 3.6023 8.9560 2.0682 26.9544 -4.8484 -4.2252
Car -1 -1 -5.8330 480.7556 155.9631 554.7785 183.1958 1.6147 1.7198 4.1715 -5.6850 0.6129 44.2606 -5.9601 -4.4464
Car -1 -1 -2.7219 0.0000 134.8111 42.4381 221.2972 1.5453 1.6540 3.6887 -13.8513 0.8652 14.2879 -3.4824 -4.4600
Car -1 -1 -4.6041 804.3878 176.8250 826.6021 194.3887 1.4759 1.5501 3.0963 17.9755 1.8325 63.1367 -4.3283 -4.5144
Car -1 -1 -6.4546 993.0543 137.7649 1125.8652 184.3017 1.8335 1.7158 4.4569 18.5230 0.4507 30.0451 -5.9064 -4.7010
Car -1 -1 -4.5487 728.3222 185.1884 756.7730 206.2290 1.4625 1.5403 3.6821 10.0089 2.4277 54.4839 -4.3685 -4.8345
Car -1 -1 -4.6970 465.6124 159.5127 493.3810 184.5909 1.5823 1.7297 3.1188 -8.5437 0.7402 47.2030 -4.8753 -4.9308
Car -1 -1 -7.5532 580.2101 180.3066 644.2894 220.0002 1.4924 1.6093 3.7950 0.1192 1.8226 29.9498 -7.5500 -5.0234
Car -1 -1 -2.3790 301.3590 179.3863 427.4148 232.5678 1.5515 1.5840 3.7323 -7.8581 1.7724 22.9255 -2.7061 -5.0828
Car -1 -1 -4.7203 728.9514 184.8624 764.7155 218.1846 1.4444 1.5994 3.7400 6.5091 2.0543 34.6845 -4.5370 -5.1297
Car -1 -1 -4.3145 0.0000 156.1133 161.4021 234.9798 1.4695 1.5296 3.4963 -11.1024 1.1573 15.3177 -4.9336 -5.1648
Car -1 -1 -4.6223 754.8713 181.8041 787.0027 207.8312 1.5127 1.6325 4.0743 10.1808 2.1055 45.6287 -4.4047 -5.3006
Car -1 -1 -6.1456 0.0000 0.0000 1241.0000 374.0000 1.5342 1.4957 3.5341 -3.2579 1.5228 0.5427 -7.4678 -5.3198
Car -1 -1 -5.3766 701.3400 179.0187 808.8369 225.8733 1.4173 1.6013 3.6987 4.7570 1.6424 24.3660 -5.1868 -5.5019
Car -1 -1 -5.6569 5.6870 175.1995 333.5457 311.2789 1.5596 1.5112 3.3356 -5.5459 1.5922 9.2139 -6.1865 -5.5406
Car -1 -1 -2.9656 389.0901 157.8319 477.4765 189.4623 1.7285 1.7202 4.5797 -9.8784 0.9073 40.4313 -3.2040 -5.5950
Car -1 -1 -4.9502 744.4532 180.3327 775.3710 198.7101 1.4680 1.6602 4.0283 12.6777 2.1247 61.3421 -4.7478 -5.6370
Car -1 -1 -2.2800 190.1816 173.9743 420.8381 262.5790 1.4072 1.5711 4.1061 -5.6253 1.4297 13.1203 -2.6782 -5.7280
Car -1 -1 -4.5465 438.0005 179.6422 490.1043 217.5767 1.4201 1.5281 3.4441 -5.9242 1.7126 29.3811 -4.7442 -5.8463
Car -1 -1 -4.8874 770.7036 176.2880 797.9820 193.5280 1.4249 1.6195 3.9613 15.0317 1.7315 62.4683 -4.6527 -5.8867
Car -1 -1 -6.4083 406.4134 161.5192 483.6809 190.7780 1.5287 1.5405 3.9198 -8.9784 0.9362 39.0937 -6.6328 -5.9676
Car -1 -1 -4.8788 471.1294 176.1087 520.9247 213.2770 1.5241 1.6169 3.4087 -5.1108 1.6756 31.7882 -5.0374 -6.0100
Car -1 -1 -4.8048 722.3793 183.5943 744.0248 198.0518 1.2982 1.6702 4.4352 11.9750 2.3804 70.4441 -4.6376 -6.1130
Car -1 -1 -6.5070 1091.3649 145.5819 1241.0000 204.1924 1.6065 1.5589 4.3519 16.9599 0.8587 21.4081 -5.8438 -6.2280
Car -1 -1 -8.0172 965.3995 158.2884 1037.6091 216.9734 2.2262 1.8563 4.6441 16.0377 1.6734 29.8686 -7.5290 -6.8351
