Car -1 -1 -4.4614 157.6911 197.6774 298.5274 289.4925 1.5049 1.6130 4.0121 -7.8445 2.0981 15.1147 -4.9335 7.9004
Car -1 -1 -7.7335 733.2419 182.7407 899.1730 330.9926 1.5055 1.6953 3.8517 2.8853 1.6671 9.7116 -7.4543 7.5354
Car -1 -1 -8.1959 599.5063 188.4734 746.4877 282.9911 1.4408 1.5608 3.7131 0.9780 1.7795 13.6579 -8.1272 6.9310
Car -1 -1 -8.0865 536.5963 183.2424 624.9263 246.4066 1.5737 1.6787 3.7875 -0.9857 1.9010 20.7035 -8.1344 6.0512
Car -1 -1 -4.5640 235.1284 184.2367 327.5260 261.4525 1.8402 1.7061 4.2627 -9.0823 2.1937 20.1498 -4.9831 4.2235
Car -1 -1 -7.9641 491.6044 187.3994 539.2712 227.2932 1.5045 1.5957 3.7648 -4.1211 2.1638 30.7016 -8.0970 3.9940
Car -1 -1 -4.6573 280.6643 194.8970 336.9402 243.1990 1.4121 1.5814 4.0911 -10.5165 2.2512 25.2857 -5.0482 2.3289
Car -1 -1 -8.0090 462.1814 184.1190 493.7991 208.2862 1.5030 1.5607 3.5572 -8.9580 2.2919 48.6151 -8.1907 2.0896
Car -1 -1 -7.8063 296.7688 193.8382 341.4835 232.7240 1.4539 1.6088 3.9286 -12.6289 2.4279 31.3833 -8.1864 1.9343
Car -1 -1 -8.0779 506.1300 188.3594 571.7841 235.4510 1.4863 1.5838 3.5888 -2.6734 2.0870 26.0133 -8.1801 0.1585
Car -1 -1 -8.0013 480.0354 188.7073 524.9041 222.1900 1.4451 1.5955 3.9714 -5.3520 2.2671 35.2923 -8.1513 -0.1721
Car -1 -1 -6.1074 276.8354 183.6998 351.4517 210.3215 1.6316 1.7179 4.2175 -19.0534 2.3502 46.5469 -6.4942 -0.6394
Car -1 -1 -7.9433 350.4957 184.7532 379.3758 209.2949 1.6799 1.6852 3.9555 -18.2718 2.5994 53.6241 -8.2705 -0.9737
Car -1 -1 -8.0309 468.5094 173.3993 493.7313 190.7785 1.5866 1.6757 3.9334 -12.2192 1.6395 68.1424 -8.2080 -1.2250
Car -1 -1 -4.7054 440.9417 180.0621 459.5343 197.5391 1.5019 1.6078 3.9247 -14.5786 2.1799 65.8143 -4.9229 -1.8488
Car -1 -1 -4.7236 478.2963 183.1470 505.9051 211.1005 1.5641 1.5826 3.5594 -7.1886 2.2135 43.6535 -4.8864 -1.9092
Car -1 -1 -2.2654 442.9116 184.3848 490.5379 206.4816 1.4911 1.5633 3.3930 -10.3934 2.3504 52.1123 -2.4617 -2.1871
Car -1 -1 -7.9759 453.7529 188.7787 497.1670 222.6965 1.4375 1.5807 3.8733 -6.5454 2.2474 34.6238 -8.1619 -2.8460
Car -1 -1 -4.9621 308.8944 184.9268 356.2166 213.2030 1.5558 1.7026 4.1614 -16.9015 2.3243 43.7600 -5.3290 -3.0899
Car -1 -1 -7.9368 418.3266 180.1106 456.4852 217.4241 1.8449 1.6662 3.8525 -9.3083 2.2536 38.5789 -8.1725 -4.2984
Car -1 -1 -7.1848 431.4749 183.5681 497.5319 216.5204 1.6928 1.6446 3.7717 -8.1355 2.3237 40.4558 -7.3825 -4.4054
Car -1 -1 -5.4504 872.5797 168.4623 1054.7053 261.6816 1.7308 1.5493 3.3861 7.2435 1.6489 15.2435 -5.0150 -4.5898
Car -1 -1 -6.9200 626.9434 167.9148 719.3856 208.4451 1.5957 1.5312 3.6349 2.6028 1.4010 30.0128 -6.8349 -4.7314
Car -1 -1 -4.6347 385.5385 181.4574 414.2039 203.1664 1.4781 1.6969 4.3309 -15.4882 2.1400 53.2379 -4.9168 -5.2227
Car -1 -1 -3.0938 0.0000 211.0736 187.5663 342.9814 1.3819 1.4999 3.4198 -8.0014 1.9999 10.0782 -3.7522 -5.4470
Car -1 -1 -7.8426 322.7591 178.8045 347.1873 207.2272 1.9513 1.6087 4.6307 -20.2012 2.4084 53.0124 -8.2053 -5.6446
Car -1 -1 -8.0580 467.9100 183.7879 531.4773 232.7058 1.5609 1.5822 3.3446 -4.0308 1.9779 25.6915 -8.2127 -5.8479
