Car -1 -1 -8.0690 586.5148 172.9566 695.9170 252.6285 1.5757 1.6682 3.6941 0.5244 1.5780 16.2439 -8.0383 8.3618
Car -1 -1 -4.3261 47.9810 195.3216 276.8805 321.2794 1.4827 1.5834 3.9926 -6.7497 1.9001 11.3262 -4.8537 7.9513
Car -1 -1 -8.2375 666.6629 180.9000 905.9060 328.3895 1.4319 1.5457 3.7747 1.9126 1.5567 9.2209 -8.0406 7.3786
Car -1 -1 -4.4831 206.2077 178.6228 335.0210 271.1847 1.7854 1.6803 4.3017 -7.5984 1.9350 16.4751 -4.9096 6.8691
Car -1 -1 -4.5829 284.7559 189.5370 359.6150 243.5525 1.3634 1.5687 3.9076 -8.5511 1.9104 21.5856 -4.9564 5.3980
Car -1 -1 -7.9689 968.8846 174.9689 1241.0000 374.0000 1.4767 1.6250 3.7322 3.3853 1.4971 5.0445 -7.4053 5.0810
Car -1 -1 -8.0546 552.5121 177.4871 633.4798 233.5517 1.4671 1.5825 4.1349 -0.6570 1.6185 21.4375 -8.0857 4.9188
Car -1 -1 -4.5986 315.2428 184.1112 371.8990 228.7262 1.4811 1.5564 3.7985 -9.9376 1.9337 27.0048 -4.9485 4.6143
Car -1 -1 -8.0437 532.1177 178.3305 593.4946 222.2003 1.4702 1.5786 3.6972 -1.8575 1.6874 26.6670 -8.1133 2.0419
Car -1 -1 -6.2576 369.6653 175.1209 423.4289 198.7451 1.5625 1.6721 3.4607 -14.5526 1.7208 49.2176 -6.5439 0.6405
Car -1 -1 -7.9207 519.5525 174.0510 553.6497 204.2879 1.5964 1.6358 3.7825 -4.1734 1.6662 40.2553 -8.0237 0.2121
Car -1 -1 -2.9826 315.0267 179.7719 390.5895 206.3730 1.5331 1.6112 4.0715 -15.4261 1.9595 43.3471 -3.3228 -0.0017
Car -1 -1 -8.0862 503.3108 174.6711 543.6675 201.1574 1.5587 1.6160 3.9708 -5.4622 1.6769 44.8979 -8.2070 -0.9695
Car -1 -1 -8.4391 1087.0555 171.7722 1241.0000 277.1104 1.4694 1.5641 3.5597 9.6627 1.4540 11.9045 -7.7698 -1.3692
Car -1 -1 -7.7854 501.2665 170.7085 522.8546 189.8668 1.6003 1.6007 3.5790 -8.4270 1.4207 62.1071 -7.9199 -1.3785
Car -1 -1 -7.8428 463.3973 167.5418 496.6238 203.1321 1.8897 1.7431 3.8804 -7.2851 1.6074 40.3688 -8.0206 -1.8881
Car -1 -1 -4.9666 351.6642 180.9246 398.6353 209.1797 1.4628 1.6027 3.8068 -13.2753 1.9389 40.5541 -5.2814 -2.2380
Car -1 -1 -7.4120 495.9059 177.5868 565.8278 215.6050 1.5200 1.5940 3.6876 -3.4094 1.7384 31.3489 -7.5199 -3.0408
Car -1 -1 -4.7496 505.7790 173.6454 532.5583 198.4125 1.6129 1.6567 4.1114 -6.2720 1.6690 49.2889 -4.8759 -3.1796
Car -1 -1 -4.9606 515.6263 159.9883 547.3516 180.3669 1.7882 1.8122 4.5290 -7.2161 0.6589 65.7514 -5.0696 -3.2306
Car -1 -1 -4.9780 479.4768 174.5055 518.6514 198.5410 1.5384 1.6160 3.9803 -7.5489 1.6543 48.6249 -5.1316 -3.7769
Car -1 -1 -4.2086 572.5817 187.7792 628.7465 217.0960 1.5104 1.5907 3.7763 -0.5210 2.4063 41.2899 -4.2218 -3.8428
Car -1 -1 -4.6014 642.5188 179.3563 683.8653 212.8102 1.3495 1.4417 3.4398 2.3341 1.6507 31.6362 -4.5290 -4.8739
Car -1 -1 -9.4535 0.0000 0.0000 1241.0000 374.0000 1.4563 1.4521 3.2755 3.0818 1.3594 0.6223 -8.1709 -4.9624
Car -1 -1 -5.1578 574.7349 177.2889 641.4391 211.2199 1.3552 1.4877 3.5631 -0.1850 1.5589 31.2505 -5.1643 -5.0141
Car -1 -1 -8.9390 0.0000 0.0000 1241.0000 374.0000 1.4588 1.4509 3.2126 1.8718 1.3905 0.7386 -7.8727 -5.1172
Car -1 -1 -3.1941 278.4866 161.6225 347.5490 186.5408 1.6970 1.5539 4.4217 -20.9226 0.9318 50.7854 -3.5832 -5.2413
Car -1 -1 -7.6519 539.9952 171.3932 597.3488 210.6345 1.6667 1.7704 4.3725 -1.8478 1.6043 32.9371 -7.7080 -5.5532
Car -1 -1 -8.5468 0.0000 0.0000 1018.5452 374.0000 1.4759 1.5556 3.8306 0.6311 1.4426 0.5181 -7.8930 -5.8928
