Car -1 -1 -7.5455 833.3910 185.2206 936.9159 247.2075 1.4863 1.6542 3.7196 7.6679 1.8636 20.0602 -7.1861 7.2104
Car -1 -1 -8.0496 743.4552 179.1172 798.1422 218.4345 1.5916 1.6170 3.7985 6.9561 1.8833 31.7306 -7.8364 5.8951
Car -1 -1 -4.5948 552.0684 177.4027 608.1250 221.6613 1.5724 1.7113 4.1792 -1.1364 1.7636 28.2261 -4.6353 5.2087
Car -1 -1 -8.1300 780.2457 184.0377 857.8281 232.2118 1.4602 1.5881 3.5618 6.9497 1.8670 24.4815 -7.8573 4.9110
Car -1 -1 -7.9741 665.3101 170.4628 712.8979 212.6477 1.9403 1.7675 4.5815 3.7755 1.8300 35.4921 -7.8696 4.6570
Car -1 -1 -5.6787 0.0000 177.8029 247.6301 276.6891 1.4645 1.6430 4.1440 -8.3726 1.5496 11.6114 -6.2928 4.0635
Car -1 -1 -8.0884 719.3599 182.5549 769.5098 212.6403 1.4000 1.6018 4.0933 6.7865 1.9253 37.0096 -7.9091 2.9973
Car -1 -1 -8.0308 706.9898 180.9440 746.0869 208.2455 1.4839 1.6016 3.8081 6.7407 1.9792 42.2759 -7.8743 2.2103
Car -1 -1 -2.5700 0.0000 178.9353 225.3452 246.9608 1.4256 1.6387 3.9027 -11.0459 1.5685 16.1354 -3.1628 -1.2322
Car -1 -1 -4.9512 543.2893 173.9403 574.6821 194.8039 1.6332 1.6680 3.9169 -4.2200 1.7246 58.8208 -5.0229 -1.9229
Car -1 -1 -4.6611 567.0871 176.2054 608.8260 215.0437 1.6237 1.6754 4.2589 -0.9796 1.7852 32.6828 -4.6914 -2.7796
Car -1 -1 -7.4912 549.0642 173.4295 581.6602 191.5357 1.5089 1.5949 3.7143 -3.8415 1.5598 62.2667 -7.5529 -2.8196
Car -1 -1 -7.8987 272.3670 162.2275 305.6601 190.5824 1.6042 1.6420 3.7831 -19.1423 1.0027 42.8798 -8.3164 -3.5044
Car -1 -1 -2.9587 109.0819 168.8474 210.0995 208.3577 1.6586 1.6353 3.5215 -19.7256 1.4901 31.6880 -3.5119 -3.9517
Car -1 -1 -7.5392 426.8036 180.5373 500.2416 224.2606 1.3621 1.5206 3.3076 -5.0062 1.6445 24.8179 -7.7367 -3.9838
Car -1 -1 -2.6487 208.2196 158.3282 308.3914 194.0578 1.6509 1.6478 3.9687 -16.6825 0.9794 34.2465 -3.0991 -4.1273
Car -1 -1 -2.7608 87.1779 163.4751 190.3086 195.4242 1.6658 1.7288 4.3217 -25.3448 1.1765 38.8847 -3.3355 -4.4485
Car -1 -1 -4.7688 270.2354 165.8257 314.4274 203.0682 1.4076 1.4394 3.5363 -12.9264 1.1416 29.1728 -5.1828 -4.6262
Car -1 -1 -5.7226 246.4420 169.4250 328.8546 198.5014 1.5967 1.7702 3.9117 -18.2199 1.4081 40.7757 -6.1406 -4.6856
Car -1 -1 -5.8065 75.7438 162.0418 217.9859 221.5914 1.7160 1.5220 3.2666 -13.8840 1.4041 21.6925 -6.3704 -4.7670
Car -1 -1 -2.2749 205.6343 173.1314 326.5278 226.1507 1.5208 1.6058 3.2836 -10.5872 1.5296 22.1195 -2.7169 -5.2712
Car -1 -1 -9.0839 1109.9259 178.9781 1241.0000 284.0784 1.6842 1.6290 3.2407 11.5620 1.8145 13.5820 -8.3900 -5.3050
Car -1 -1 -4.9451 658.8273 177.5823 695.1892 198.0839 1.3683 1.6531 4.1433 4.6869 1.7185 51.3239 -4.8550 -5.5028
Car -1 -1 -7.6130 269.6131 158.4281 324.6433 194.2937 1.7039 1.5741 4.2528 -15.7841 1.0182 36.5048 -8.0186 -5.6372
Car -1 -1 -2.9899 214.2216 154.1300 320.8938 190.7473 1.5233 1.6474 3.9834 -14.8311 0.7441 31.3699 -3.4284 -5.8093
Car -1 -1 -4.4431 345.2503 177.9799 420.0508 223.0550 1.4416 1.6284 3.4345 -7.9016 1.6328 25.2155 -4.7442 -5.8613
Car -1 -1 -7.2306 0.0000 97.6015 281.8145 374.0000 1.5592 1.6728 4.2834 -2.9577 1.4881 2.9088 -7.9796 -6.1761
Car -1 -1 -6.7778 0.0000 88.1427 107.9708 374.0000 1.5106 1.6616 4.1719 -4.5337 1.4227 2.9168 -7.7349 -6.2571
Car -1 -1 -7.9282 144.1845 214.5129 581.9164 374.0000 1.2404 1.7100 4.5534 -1.8947 1.6717 5.0476 -8.2720 -6.5649
Car -1 -1 -5.7056 924.7487 293.1584 1241.0000 374.0000 1.1485 1.2901 2.8255 4.0136 2.3502 5.6570 -5.1153 -8.4228
