Car -1 -1 -7.6840 711.3789 183.5865 852.6809 294.7543 1.4783 1.6796 3.8540 2.9719 1.6892 12.1025 -7.4500 7.7758
Car -1 -1 -4.5113 233.3136 187.8599 342.9920 261.1701 1.4793 1.6318 4.0406 -7.7317 1.8893 17.5836 -4.9205 7.5241
Car -1 -1 -8.1771 605.6306 186.3605 724.9424 262.4951 1.4133 1.5218 3.6583 1.0478 1.7503 16.0540 -8.1142 7.3821
Car -1 -1 -8.0924 548.3468 179.3093 627.5908 235.4277 1.5990 1.6740 3.7320 -0.8379 1.8230 23.0475 -8.1292 6.6159
Car -1 -1 -8.0758 518.0971 181.8497 584.4658 225.2295 1.4993 1.6804 4.1849 -2.4134 1.8776 28.1191 -8.1613 4.9264
Car -1 -1 -7.9966 504.2800 182.6726 550.4957 217.4266 1.4448 1.5804 3.7682 -3.8907 1.9233 33.1629 -8.1130 4.2967
Car -1 -1 -4.6012 287.2942 177.8819 360.6643 240.7602 1.7450 1.6572 4.2631 -8.9155 1.9184 22.6606 -4.9725 3.5862
Car -1 -1 -8.0141 481.6051 178.9598 516.7075 204.7981 1.5551 1.6291 3.9109 -7.2218 1.9665 46.5362 -8.1676 2.6193
Car -1 -1 -4.7043 317.5990 186.8892 366.5295 229.3561 1.4117 1.6367 4.1578 -10.2984 1.9935 27.6947 -5.0577 1.1427
Car -1 -1 -6.2524 340.2685 178.3718 394.5024 199.0092 1.5060 1.6444 3.8444 -18.3766 1.9343 54.7103 -6.5752 -0.2072
Car -1 -1 -7.9973 491.6869 181.0936 535.1559 212.5518 1.5157 1.6897 4.1869 -5.2037 1.9771 38.1860 -8.1323 -0.6811
Car -1 -1 -7.9188 434.5714 177.4273 473.0691 212.9552 1.7410 1.7196 4.1103 -8.3407 1.9964 38.1396 -8.1331 -0.8148
Car -1 -1 -7.7471 331.2945 184.2016 375.8296 218.6334 1.4744 1.5832 3.8975 -12.1834 2.0469 34.3450 -8.0859 -1.8656
Car -1 -1 -8.0611 471.3210 178.9471 503.8014 201.6552 1.5119 1.5612 3.5646 -8.7209 1.9589 51.0281 -8.2299 -2.1047
Car -1 -1 -8.1851 714.5534 187.8915 839.9075 262.8016 1.4084 1.5828 3.7129 3.5694 1.7878 16.2814 -7.9740 -2.1607
Car -1 -1 -7.8246 483.4812 168.7341 501.5163 185.1058 1.5401 1.6204 3.3995 -11.3426 1.1523 69.6683 -7.9856 -2.2387
Car -1 -1 -5.7328 316.1957 177.1956 376.4651 200.5205 1.5547 1.5908 3.5958 -18.1597 1.8600 49.6553 -6.0820 -2.5253
Car -1 -1 -4.3878 583.8977 180.3849 632.9142 209.6893 1.4309 1.5091 3.6661 -0.0723 1.8502 38.2250 -4.3903 -3.1493
Car -1 -1 -7.8147 521.7910 181.3838 556.2815 212.3211 1.5249 1.6877 4.0222 -3.8009 2.0070 38.7546 -7.9123 -3.4106
Car -1 -1 -4.4106 471.8625 176.2664 507.1522 197.0386 1.5113 1.5855 3.8629 -9.1996 1.7816 55.1833 -4.5754 -3.9121
Car -1 -1 -3.1372 288.3147 184.2064 386.4294 222.1022 1.5616 1.6683 3.9833 -12.1146 2.0894 32.0896 -3.4958 -4.4368
Car -1 -1 -4.9846 412.4766 181.7617 450.9353 205.5537 1.4953 1.5540 3.8419 -12.1600 2.1245 48.9405 -5.2272 -4.9060
Car -1 -1 -2.5023 0.0000 207.7401 0.0000 374.0000 1.4372 1.5305 3.4218 -8.1192 1.8057 6.4822 -3.3790 -5.1738
Car -1 -1 -2.1012 263.5519 167.7518 308.0479 187.9524 1.8414 1.8236 4.4331 -30.5016 1.3760 67.8008 -2.5226 -5.5785
Car -1 -1 -7.9458 462.4697 179.7814 493.3716 205.5312 1.5314 1.5921 3.8242 -8.5029 1.9932 46.0745 -8.1277 -5.6000
Car -1 -1 -2.0550 258.2314 170.9645 319.0022 195.1685 1.5659 1.7845 4.6812 -21.8142 1.4434 48.8316 -2.4733 -5.7377
Car -1 -1 -4.6523 460.4048 178.0050 484.2861 199.4118 1.5497 1.5685 3.8015 -10.5220 1.9575 55.1756 -4.8402 -5.8081
Car -1 -1 -7.5631 152.4078 0.0000 1241.0000 374.0000 1.5536 1.5948 3.8074 -0.4946 1.6418 1.0016 -7.9392 -5.8867
Car -1 -1 -4.9100 634.3295 181.8448 719.8046 239.8542 1.3883 1.5031 4.4379 1.7088 1.6691 20.2689 -4.8280 -6.3803
Car -1 -1 -7.8093 303.1374 179.5143 329.6571 201.6634 1.4355 1.5360 3.5792 -20.2912 1.9135 49.8760 -8.1941 -6.6291
Car -1 -1 -5.1626 535.9316 183.4955 601.8364 216.2748 1.3950 1.5716 3.8770 -2.0459 1.9286 34.1293 -5.2226 -6.6959
