Car -1 -1 -4.6087 654.0162 180.4873 690.2896 207.6438 1.6824 1.9732 4.5542 4.1954 2.2206 48.4837 -4.5235 5.2896
Car -1 -1 -7.8383 749.9153 185.3943 769.6839 202.6907 1.3951 1.6462 3.9846 13.1638 2.5337 63.4021 -7.6350 -0.2085
Car -1 -1 -5.0059 667.4738 183.1566 704.5079 204.1889 1.4764 1.6424 4.2458 5.7233 2.2946 55.0834 -4.9034 -0.8984
Car -1 -1 -2.0407 285.4450 179.0867 332.7929 202.0409 1.5347 1.5977 3.6812 -21.3265 1.9907 51.0222 -2.4350 -0.9863
Car -1 -1 -3.1351 246.0982 177.6660 319.2770 200.9935 1.5099 1.6512 4.4615 -22.2279 1.8478 49.0462 -3.5588 -1.1811
Car -1 -1 -7.2564 316.9110 180.4161 366.5573 201.1566 1.4230 1.5234 3.8378 -19.6936 2.0001 53.0438 -7.6106 -2.3691
Car -1 -1 -2.2998 328.7354 182.2062 396.4228 206.0630 1.3657 1.6234 4.0922 -15.2588 1.9625 44.3556 -2.6296 -2.4881
Car -1 -1 -4.5427 955.6909 167.0998 992.7297 191.4428 1.6241 1.6496 4.0797 25.3739 1.2399 50.2720 -4.0779 -2.7981
Car -1 -1 -4.5743 687.8660 182.6775 714.6291 203.5410 1.5084 1.5631 3.7984 7.0997 2.2999 56.1221 -4.4496 -3.2210
Car -1 -1 -6.5666 689.2598 178.4287 753.3726 201.7207 1.4614 1.5308 3.8300 7.1590 1.8302 46.7670 -6.4162 -3.4794
Car -1 -1 -5.0512 784.1057 178.8356 833.2179 203.8237 1.4751 1.6862 4.2047 12.5030 1.8723 45.7865 -4.7868 -3.8393
Car -1 -1 -7.7802 331.8735 185.7616 400.6763 248.4317 1.4182 1.4515 3.0946 -6.2862 1.7824 18.6967 -8.1008 -4.0904
Car -1 -1 -4.9544 331.3689 173.7771 375.1309 199.6124 1.6275 1.7131 4.4914 -17.1437 1.6916 47.9667 -5.2962 -4.1846
Car -1 -1 -6.8448 964.8861 166.9572 1041.7264 190.5715 1.5608 1.5703 4.3870 26.4356 1.1707 48.6192 -6.3496 -4.4617
Car -1 -1 -7.8547 329.3151 181.2555 376.0374 224.3080 1.6060 1.7130 4.1686 -10.7493 1.9817 30.0448 -8.1959 -4.4634
Car -1 -1 -4.2477 701.8254 183.0257 736.5039 199.9292 1.4716 1.5860 3.9948 10.2074 2.4511 67.4191 -4.0985 -4.7186
Car -1 -1 -4.8727 763.9033 179.0282 799.7284 205.7806 1.6102 1.6453 3.7210 10.9256 2.0218 46.2239 -4.6425 -4.7477
Car -1 -1 -6.8395 974.2767 163.2564 1051.0345 186.0237 1.5775 1.8077 4.4587 28.3938 0.9122 51.0110 -6.3342 -4.7919
Car -1 -1 -6.5133 677.7372 179.7951 745.1689 204.8798 1.6368 1.6725 4.2328 6.7827 2.1147 48.6809 -6.3763 -5.3050
Car -1 -1 -4.6122 230.7237 177.0310 284.2495 212.7483 1.6037 1.8744 4.9641 -17.3689 1.8252 35.6700 -5.0627 -5.7099
Car -1 -1 -4.7111 743.6306 179.9366 772.0822 204.0795 1.4046 1.6793 4.2841 9.2975 1.8740 45.5757 -4.5116 -5.7505
Car -1 -1 -4.9915 709.6354 179.0581 745.3665 199.7485 1.4366 1.5732 3.9400 8.6171 1.9129 53.3796 -4.8328 -5.8266
Car -1 -1 -4.9839 716.7610 177.8613 760.2648 204.6191 1.5448 1.6326 3.9200 7.8254 1.8671 44.4488 -4.8113 -5.8305
Car -1 -1 -4.5706 207.3138 181.3050 257.9108 212.1289 1.4170 1.6771 4.3330 -19.1880 1.8746 36.7658 -5.0489 -5.8436
Car -1 -1 -4.4397 716.2935 180.2690 747.6247 198.9309 1.5633 1.6911 4.2321 10.9174 2.2495 64.5249 -4.2733 -5.8448
Car -1 -1 -4.7120 768.5167 178.5122 803.4233 209.7100 1.4526 1.6253 4.1427 8.8732 1.7566 36.5998 -4.4765 -5.8757
Car -1 -1 -4.8414 1218.8929 167.0594 1241.0000 189.6350 1.4223 1.6253 3.9940 41.4725 1.0569 47.5721 -4.1276 -5.8867
Car -1 -1 -4.6065 193.0212 180.2744 244.2818 215.4418 1.4600 1.6292 4.0988 -17.9111 1.8226 33.0901 -5.0995 -5.8867
Car -1 -1 -4.8078 1177.4020 168.0284 1214.1056 189.1182 1.4342 1.6308 3.9955 41.4682 1.1058 51.1854 -4.1299 -5.8867
Car -1 -1 -4.7782 1148.9078 170.4364 1181.2622 190.9679 1.4764 1.6434 3.9980 41.4708 1.3023 54.0063 -4.1262 -5.8867
Car -1 -1 -4.9121 1241.0000 166.2290 1241.0000 193.1772 1.4572 1.6360 3.9962 41.4688 1.0987 41.1344 -4.1264 -5.8867
Car -1 -1 -4.8802 1241.0000 166.8539 1241.0000 191.8878 1.4494 1.6506 4.0406 41.4611 1.1017 43.9152 -4.1271 -5.8867
Car -1 -1 -4.6221 732.1656 178.0416 761.8159 201.6993 1.5122 1.6447 3.9364 9.3373 1.8807 49.1687 -4.4360 -5.8867
Car -1 -1 -8.6067 1235.9774 163.3405 1241.0000 230.6168 1.6559 1.6944 4.3184 19.9342 1.4215 19.9393 -7.8292 -6.1112
Car -1 -1 -8.6373 1240.0553 160.0409 1241.0000 234.5189 1.6235 1.6989 4.3674 18.3439 1.3439 17.9170 -7.8486 -6.1296
Car -1 -1 -7.7071 177.9901 182.0023 283.6696 254.8307 1.7261 1.9362 4.5031 -10.4639 2.0123 20.1578 -8.1809 -6.6784
Car -1 -1 -5.3009 582.8669 181.8301 658.1868 212.2224 1.4624 1.6867 4.7044 0.4455 1.9724 38.5858 -5.2901 -7.0594
Car -1 -1 -6.1706 592.7989 172.5389 680.5768 204.1101 1.7116 1.6875 4.7418 1.4826 1.6942 40.3030 -6.1346 -7.0890
Car -1 -1 -4.7348 944.3018 170.4552 970.2220 192.0448 1.5129 1.6136 2.9569 25.0825 1.3445 52.2417 -4.2896 -7.5824
