Car -1 -1 -4.5879 655.0378 180.2902 692.0857 207.6695 1.6955 1.9281 4.6007 4.2893 2.2199 48.4644 -4.5008 5.2042
Car -1 -1 -2.2731 328.0390 181.1649 395.3482 206.0285 1.4282 1.5919 4.1786 -15.3231 1.9592 44.3723 -2.6041 -0.5895
Car -1 -1 -5.0439 666.4877 182.6674 705.2513 203.1427 1.4400 1.6411 4.2554 5.7219 2.2208 55.1688 -4.9416 -1.1559
Car -1 -1 -7.2737 274.7260 176.9034 330.7799 200.2311 1.5232 1.6954 3.9147 -21.2166 1.8147 49.9124 -7.6739 -2.0800
Car -1 -1 -6.0621 673.7264 183.8576 718.5864 204.0506 1.6173 1.6967 3.4586 7.2254 2.5631 60.6623 -5.9447 -3.3941
Car -1 -1 -2.1467 300.9906 183.7384 422.5652 246.0924 1.4239 1.4885 3.1402 -6.4723 1.7272 18.5728 -2.4782 -3.4445
Car -1 -1 -5.5055 906.3215 173.1124 961.9677 194.7583 1.5940 1.6665 3.8048 24.7394 1.6142 55.2583 -5.0869 -3.4486
Car -1 -1 -7.2877 315.8325 178.6338 367.4785 200.5199 1.5113 1.5946 4.1349 -19.7378 1.9545 53.1704 -7.6418 -3.5758
Car -1 -1 -5.2509 682.8746 182.0410 734.5010 205.7944 1.4788 1.6307 3.9886 6.5800 2.1265 48.7407 -5.1180 -3.6862
Car -1 -1 -4.6901 689.4181 180.3912 710.3604 202.0416 1.6095 1.5638 3.6086 7.0803 2.2229 56.8585 -4.5673 -3.9195
Car -1 -1 -4.9439 1193.0426 163.5765 1241.0000 192.7046 1.6693 1.6412 4.0810 36.7379 1.1373 43.5421 -4.2466 -4.2598
Car -1 -1 -4.9410 331.5786 173.6835 373.5341 199.7110 1.6433 1.6841 4.3536 -17.1944 1.7007 47.9867 -5.2836 -4.3937
Car -1 -1 -4.5961 263.4574 176.1820 294.5961 198.7365 1.4947 1.5618 3.6152 -23.0876 1.7357 50.3559 -5.0242 -4.6081
Car -1 -1 -5.1108 779.5589 179.2116 829.1188 205.3031 1.5424 1.6830 3.7625 12.1871 1.9613 45.5981 -4.8517 -4.6589
Car -1 -1 -4.6937 673.6522 182.9995 697.6844 204.8679 1.4553 1.6538 3.8527 5.4423 2.2130 51.8978 -4.5903 -4.6952
Car -1 -1 -5.2073 697.0311 182.4361 737.6918 202.2584 1.4911 1.6093 3.8522 8.6167 2.2938 58.3784 -5.0620 -4.7614
Car -1 -1 -3.6936 976.3138 169.6284 1047.3413 191.1892 1.4257 1.5843 3.9349 26.9958 1.2121 48.5948 -3.1893 -4.7812
Car -1 -1 -8.6255 957.9410 166.0878 1013.9603 188.2409 1.5269 1.7045 3.3321 26.7893 1.0602 51.5742 -8.1489 -5.1064
Car -1 -1 -4.4151 672.1145 183.2354 704.3627 203.6600 1.5543 1.6700 3.4833 6.3782 2.4278 58.8015 -4.3081 -5.1490
Car -1 -1 -7.6174 537.5490 181.5877 581.4253 211.7482 1.5166 1.5807 3.6238 -2.7400 2.0154 39.3120 -7.6871 -5.3369
Car -1 -1 -7.4737 208.5139 178.1539 279.8901 210.7471 1.4714 1.7247 4.0594 -17.8589 1.7462 35.3511 -7.9387 -5.3533
Car -1 -1 -5.1089 942.9164 168.5009 992.4718 191.5811 1.5422 1.6783 3.9583 24.8045 1.2511 50.2393 -4.6528 -5.3917
Car -1 -1 -4.3035 740.6544 179.5936 793.1625 207.4104 1.6446 1.6940 4.3362 10.0174 2.0951 46.0087 -4.0909 -5.4042
Car -1 -1 -4.6799 1234.7401 166.1495 1241.0000 234.8610 1.6947 1.8143 4.6681 18.7395 1.5291 20.0985 -3.9371 -5.4770
Car -1 -1 -5.5910 1150.6055 162.6503 1226.8593 190.7315 1.6504 1.4492 3.5313 35.4001 1.0504 44.2830 -4.9200 -5.5133
Car -1 -1 -5.4523 871.9011 177.1204 945.5522 202.6972 1.3937 1.5908 4.1538 17.3841 1.6566 42.2833 -5.0651 -5.5788
Car -1 -1 -4.4186 224.1735 180.7929 282.7305 210.4538 1.4588 1.6282 4.3823 -19.2217 1.9130 39.0093 -4.8740 -5.5956
Car -1 -1 -4.2508 528.2313 179.9914 596.7539 217.3665 1.5885 1.5781 3.9808 -2.1828 1.9420 33.6245 -4.3157 -5.5990
Car -1 -1 -5.2918 697.9443 179.3163 752.6099 200.8307 1.4900 1.7624 4.6578 8.5233 1.9951 53.9490 -5.1364 -5.6472
Car -1 -1 -4.9257 821.1672 176.9343 859.0288 199.6714 1.4725 1.6271 4.1306 15.7370 1.7648 49.6230 -4.6207 -5.7311
Car -1 -1 -4.9726 716.9931 177.8199 759.8905 204.5896 1.5458 1.6318 3.9256 7.8206 1.8654 44.4444 -4.8001 -5.8243
Car -1 -1 -4.5424 462.0435 179.2338 516.4469 218.5868 1.6313 1.7156 4.4067 -5.4545 1.9409 32.8351 -4.7062 -5.8262
Car -1 -1 -4.7510 762.2668 177.2535 798.9297 209.1894 1.5082 1.6456 3.9225 8.5914 1.7445 36.7287 -4.5235 -5.8547
Car -1 -1 -4.5603 736.7506 179.0451 771.0881 202.9782 1.5040 1.6680 4.1894 9.7337 1.9414 48.7612 -4.3649 -5.8627
Car -1 -1 -4.7784 1148.9094 170.5971 1181.2750 191.1304 1.4766 1.6433 3.9972 41.4709 1.3140 54.0058 -4.1264 -5.8867
Car -1 -1 -4.8155 1186.0953 167.9134 1224.1956 189.4162 1.4383 1.6320 3.9968 41.4682 1.1075 50.3807 -4.1299 -5.8867
Car -1 -1 -4.8277 1241.0000 167.5192 1241.0000 191.8434 1.4217 1.6504 4.0428 41.2877 1.1096 44.2901 -4.0809 -5.8867
Car -1 -1 -4.9314 1241.0000 166.3571 1241.0000 194.8736 1.4783 1.6424 3.9987 41.4678 1.1412 39.5255 -4.1259 -5.8867
Car -1 -1 -4.9018 1241.0000 166.5100 1241.0000 192.3703 1.4414 1.6312 3.9946 41.4467 1.0875 42.3336 -4.1306 -5.8867
Car -1 -1 -4.9307 711.3389 179.0237 740.2832 197.6224 1.5031 1.6131 3.9641 9.8377 2.0476 61.6857 -4.7737 -5.8867
Car -1 -1 -4.9892 786.9711 176.3377 826.5397 198.7533 1.4603 1.5974 3.9276 13.4387 1.7090 49.5954 -4.7265 -5.8867
Car -1 -1 -4.8494 1228.9672 167.0427 1241.0000 190.1197 1.4280 1.6284 3.9994 41.4762 1.0681 46.7667 -4.1272 -5.8867
Car -1 -1 -5.2197 1241.0000 165.0181 1241.0000 220.6182 1.4315 1.6154 4.0359 20.9791 1.2295 20.7390 -4.4358 -5.8867
Car -1 -1 -4.5399 188.9471 182.9683 252.9034 220.4022 1.4278 1.6894 4.3469 -16.7142 1.8962 31.1077 -5.0296 -5.9148
Car -1 -1 -7.3922 1241.0000 163.0518 1241.0000 241.9551 1.4306 1.6062 4.2417 15.7389 1.2526 14.4611 -6.5748 -5.9387
Car -1 -1 -7.4868 422.0750 176.9249 486.8824 214.6872 1.6454 1.6571 3.9919 -7.2857 1.8487 33.9933 -7.6968 -6.1530
Car -1 -1 -5.6336 0.0000 192.3931 29.1839 374.0000 1.5954 1.8743 4.2073 -8.6631 1.8225 7.0211 -6.5044 -6.2980
Car -1 -1 -8.0053 613.3317 176.0693 654.2781 208.0832 1.6521 1.7195 3.4878 1.2169 1.8357 39.4395 -7.9752 -6.5712
Car -1 -1 -7.7540 184.0073 181.9721 280.5150 254.3611 1.7225 1.9272 4.3450 -10.4357 2.0068 20.1417 -8.2270 -6.8901
Car -1 -1 -5.2773 578.8856 182.1312 646.9450 213.1976 1.5102 1.6171 4.2341 0.0535 2.0351 38.6245 -5.2766 -7.0266
