Car -1 -1 -4.5943 655.1299 180.2464 691.5549 207.5659 1.6926 1.9143 4.6066 4.2753 2.2141 48.4791 -4.5075 5.2997
Car -1 -1 -7.8941 749.3149 185.7329 769.0173 201.7945 1.3686 1.6236 3.6630 13.7061 2.5905 66.5305 -7.6923 1.0514
Car -1 -1 -3.1492 251.8353 177.1785 320.7233 200.8905 1.5406 1.6492 4.2122 -22.0223 1.8442 49.0937 -3.5691 0.2927
Car -1 -1 -5.0287 667.2680 182.3134 705.1063 202.9237 1.4540 1.6390 4.2089 5.7486 2.2063 55.1797 -4.9259 -1.5397
Car -1 -1 -4.7518 691.0487 184.9610 710.2786 202.6642 1.5037 1.5874 3.6313 8.2117 2.6377 65.7265 -4.6286 -1.7235
Car -1 -1 -2.3035 329.8029 180.3957 398.0089 205.6497 1.4547 1.6374 4.1074 -15.1598 1.9354 44.3051 -2.6317 -2.4677
Car -1 -1 -7.8305 331.4982 185.8311 396.9504 248.3024 1.4015 1.4701 3.1031 -6.3303 1.7662 18.5935 -8.1548 -3.3660
Car -1 -1 -6.6657 688.1873 179.1490 750.8981 202.7237 1.4693 1.5330 3.7152 7.0542 1.8874 46.7760 -6.5174 -3.6848
Car -1 -1 -5.5403 679.1491 181.1799 743.9467 205.4421 1.5214 1.7605 4.2885 6.8116 2.1118 48.9767 -5.4034 -3.9132
Car -1 -1 -4.6697 692.6785 183.1363 717.2747 204.1644 1.4818 1.6966 4.0807 7.2571 2.2975 55.1073 -4.5399 -3.9707
Car -1 -1 -4.2154 314.9230 178.7296 362.9423 200.8997 1.5313 1.5335 4.1052 -19.9179 1.9809 53.1098 -4.5728 -4.3064
Car -1 -1 -5.1386 778.3468 179.4507 829.5124 205.1185 1.5159 1.6668 3.8679 12.1889 1.9522 45.7109 -4.8801 -4.5288
Car -1 -1 -7.5116 207.9389 184.4706 289.9319 225.3589 1.4383 1.6321 4.0591 -14.2822 1.9339 28.6914 -7.9701 -4.5897
Car -1 -1 -8.4038 955.0301 162.7698 1012.0876 186.2942 1.6311 1.7364 4.1524 26.8977 0.9316 52.1651 -7.9302 -4.6834
Car -1 -1 -5.0031 328.7490 173.5434 372.5790 199.2099 1.6211 1.5816 4.2584 -17.2771 1.6686 47.8724 -5.3480 -4.7530
Car -1 -1 -7.9014 395.6931 167.1150 419.7603 191.6915 1.9051 1.6795 3.9134 -16.3277 1.4599 58.0534 -8.1746 -4.8518
Car -1 -1 -3.7468 979.7618 168.6366 1052.4712 191.2454 1.4901 1.6351 4.0584 27.2713 1.2119 48.5654 -3.2379 -4.9356
Car -1 -1 -6.5145 262.6126 182.7752 376.4823 222.2692 1.5085 1.6573 4.1817 -12.2328 1.9518 30.3826 -6.8946 -4.9481
Car -1 -1 -5.0587 1000.4694 165.4668 1046.5199 187.5398 1.5500 1.7085 3.8206 30.1036 1.0310 52.6952 -4.5423 -4.9670
Car -1 -1 -4.2674 741.4681 180.0257 793.1067 207.2393 1.6231 1.6555 4.0577 10.0892 2.1035 46.2581 -4.0545 -5.1361
Car -1 -1 -4.7968 1241.0000 165.8730 1241.0000 232.8162 1.6500 1.8488 4.6616 19.0374 1.4777 20.1898 -4.0484 -5.1890
Car -1 -1 -8.5250 1141.5106 164.2512 1241.0000 219.8369 1.5634 1.5149 3.6491 18.3368 1.3211 22.1289 -7.8398 -5.3009
Car -1 -1 -4.9112 1109.2122 171.0858 1148.4330 194.2477 1.5648 1.5376 3.6235 36.3814 1.4450 50.7142 -4.2919 -5.3249
Car -1 -1 -4.4017 224.9616 181.3856 280.4918 210.0715 1.4128 1.5332 3.9586 -19.1895 1.8962 38.8376 -4.8582 -5.4239
Car -1 -1 -7.4117 203.6071 178.7814 281.9437 211.2798 1.4549 1.7608 4.2143 -17.8434 1.7613 35.2064 -7.8780 -5.5064
Car -1 -1 -5.4097 855.3310 176.2213 926.8690 201.5738 1.4200 1.6322 4.2598 16.7459 1.6324 43.2983 -5.0433 -5.5182
Car -1 -1 -7.5932 450.6520 183.6311 492.9118 209.0955 1.3603 1.5633 3.4743 -8.0042 2.0118 41.8491 -7.7814 -5.5596
Car -1 -1 -1.9803 156.4279 182.2370 283.8077 251.1947 1.6848 1.7348 3.8140 -10.8995 1.9688 19.9973 -2.4741 -5.7081
Car -1 -1 -4.8947 821.8291 176.5919 858.0611 199.3410 1.4749 1.6382 4.1222 15.7310 1.7428 49.6309 -4.5898 -5.7488
Car -1 -1 -5.0851 823.0472 172.4782 874.7426 201.2189 1.6695 1.6734 3.8756 14.4306 1.6474 43.8957 -4.7699 -5.7918
Car -1 -1 -4.9771 716.8815 177.8172 760.0945 204.5869 1.5454 1.6338 3.9332 7.8226 1.8648 44.4421 -4.8045 -5.8237
Car -1 -1 -4.8884 758.6143 176.9845 803.6807 208.8368 1.5148 1.6113 3.5393 8.5831 1.7343 36.5914 -4.6604 -5.8252
Car -1 -1 -4.9764 709.0634 179.0591 745.4055 199.6990 1.4305 1.6179 4.1505 8.6052 1.9084 53.4501 -4.8181 -5.8444
Car -1 -1 -4.6424 958.1374 168.1492 989.1523 191.0361 1.5179 1.6567 3.9738 25.1876 1.2055 49.9845 -4.1783 -5.8625
Car -1 -1 -4.9124 1241.0000 166.3407 1241.0000 193.2455 1.4549 1.6350 3.9940 41.4675 1.1024 41.1342 -4.1267 -5.8867
Car -1 -1 -4.6681 733.6655 177.8912 760.6298 201.3869 1.5040 1.6415 3.9291 9.3493 1.8617 49.1864 -4.4818 -5.8867
Car -1 -1 -4.7871 1152.8243 170.7474 1185.9343 191.1636 1.4566 1.6338 3.9868 41.4719 1.3060 53.5948 -4.1315 -5.8867
Car -1 -1 -4.8566 1234.1084 167.3850 1241.0000 190.4361 1.4130 1.6295 4.0118 41.4747 1.0775 46.3524 -4.1300 -5.8867
Car -1 -1 -4.8834 1241.0000 166.5587 1241.0000 192.0094 1.4460 1.6466 4.0164 41.4108 1.0880 43.1218 -4.1218 -5.8867
Car -1 -1 -4.8151 1190.5649 167.7238 1229.1212 189.5758 1.4498 1.6350 3.9991 41.4684 1.1091 49.9875 -4.1256 -5.8867
Car -1 -1 -7.3618 1133.5153 163.5990 1197.2451 190.3479 1.7599 1.7041 4.1148 37.7631 1.1507 49.0985 -6.7092 -5.9061
Car -1 -1 -4.5427 189.9603 181.4623 252.4251 218.3888 1.4204 1.6575 4.2721 -16.7082 1.8186 31.1103 -5.0323 -5.9223
Car -1 -1 -7.3926 1241.0000 163.0098 1241.0000 241.7425 1.4278 1.6048 4.2408 15.7330 1.2490 14.4643 -6.5755 -5.9311
Car -1 -1 -7.6417 431.3289 177.0546 483.3157 212.6996 1.5676 1.6267 3.8461 -7.1907 1.7771 34.1135 -7.8484 -6.0881
Car -1 -1 -4.6430 1039.0997 169.6248 1064.0421 186.0806 1.4855 1.7050 4.2650 41.2287 1.1937 67.3679 -4.0960 -6.1469
Car -1 -1 -4.9795 1138.3585 161.8365 1188.0621 193.6180 1.9652 1.6119 3.7055 35.6531 1.2836 46.6361 -4.3301 -6.3428
Car -1 -1 -5.2641 577.8717 182.5517 647.1515 212.1966 1.4361 1.6613 4.3790 0.0278 1.9876 38.7575 -5.2640 -6.4068
Car -1 -1 -5.2001 923.8340 170.9171 973.7988 191.5661 1.4542 1.7402 3.7481 24.6684 1.3175 52.7318 -4.7649 -6.7071
