Car -1 -1 -4.5896 655.0142 180.3571 692.1458 207.5007 1.6801 1.9416 4.5971 4.2908 2.2093 48.4666 -4.5024 5.3334
Car -1 -1 -7.8408 749.2629 181.3334 774.7746 205.2365 1.4877 1.6128 4.0790 10.2281 2.0841 48.6107 -7.6352 3.2941
Car -1 -1 -2.2588 327.3219 180.8845 399.2713 205.2538 1.3895 1.6034 4.6308 -15.2062 1.9033 44.2930 -2.5880 -0.6852
Car -1 -1 -8.0318 280.0780 176.2432 317.6929 201.3497 1.6614 1.7145 4.1434 -21.8574 1.9089 50.5432 -8.4383 -0.7370
Car -1 -1 -4.6534 675.6270 183.4313 700.2045 203.9049 1.4254 1.6266 3.7124 5.8557 2.2488 54.2282 -4.5470 -1.5287
Car -1 -1 -7.2035 315.6396 179.7451 370.2513 201.5617 1.4988 1.6144 4.1054 -19.6391 2.0272 53.1578 -7.5561 -1.7956
Car -1 -1 -6.9094 353.9781 172.7620 406.8819 193.9296 1.6636 1.7282 3.8168 -18.6833 1.6561 58.7562 -7.2162 -2.8304
Car -1 -1 -5.3215 904.1607 171.8981 959.9008 194.2303 1.6491 1.7253 4.3593 24.7049 1.5783 55.5875 -4.9056 -2.8387
Car -1 -1 -4.4366 690.8148 182.8926 730.3891 204.8381 1.5452 1.9077 4.3152 7.7284 2.3473 55.3200 -4.2991 -3.3779
Car -1 -1 -5.0035 294.3412 180.9322 333.2375 202.2818 1.4519 1.5826 3.8556 -21.6410 2.0626 52.5763 -5.3925 -3.5009
Car -1 -1 -3.6545 977.5592 169.8193 1048.0220 190.9621 1.3977 1.5693 3.8639 27.0036 1.1968 48.4985 -3.1493 -3.9980
Car -1 -1 -5.3204 772.8081 178.3704 831.9383 205.1180 1.5433 1.6212 3.8287 11.7844 1.8996 44.5645 -5.0640 -4.0092
Car -1 -1 -4.4188 732.3091 178.1825 775.9622 205.3906 1.5912 1.6734 3.7191 8.9979 1.9384 45.0278 -4.2233 -4.2492
Car -1 -1 -5.1874 770.2106 179.2390 821.0178 203.8334 1.5259 1.6384 3.9384 12.2438 1.9686 47.9605 -4.9394 -4.2858
Car -1 -1 -6.5637 262.3060 177.3472 334.5099 201.9801 1.5057 1.6023 4.0029 -20.1600 1.8078 46.6808 -6.9696 -4.3153
Car -1 -1 -4.6556 682.8188 181.9498 710.1405 204.9615 1.5354 1.7441 3.6062 6.1839 2.2098 51.5941 -4.5375 -4.3605
Car -1 -1 -7.8886 335.5525 182.8775 402.3318 247.7672 1.4673 1.5037 3.1451 -6.3086 1.7493 18.5880 -8.2121 -4.5180
Car -1 -1 -7.9787 1180.8420 159.2171 1241.0000 193.9494 1.5974 1.7566 4.1098 29.3508 0.9699 35.3908 -7.2906 -4.5690
Car -1 -1 -7.6424 221.8917 182.9313 289.3753 225.7942 1.5292 1.6153 3.9364 -14.1076 1.9610 28.8345 -8.0941 -4.7364
Car -1 -1 -8.5340 957.7224 164.6818 1013.8164 187.4115 1.5660 1.7450 3.4873 26.7806 1.0027 51.5962 -8.0578 -4.8011
Car -1 -1 -5.1090 944.4491 167.8526 993.3578 191.0191 1.5471 1.6679 3.8617 24.8537 1.2128 50.1639 -4.6516 -4.9294
Car -1 -1 -4.5979 757.7605 179.3376 792.0507 205.3942 1.4715 1.6004 3.9928 10.0514 1.8856 43.9657 -4.3751 -4.9593
Car -1 -1 -4.8472 231.6066 181.5365 282.8655 214.2055 1.4642 1.7216 4.3299 -17.6042 1.9225 35.8288 -5.3013 -5.1658
Car -1 -1 -4.7957 1154.1716 162.0478 1194.5497 191.7207 1.8105 1.6913 3.9573 35.9999 1.1509 46.1454 -4.1365 -5.1684
Car -1 -1 -4.7590 702.3322 177.6660 729.9288 201.1532 1.4127 1.5549 3.9593 6.7346 1.7347 46.2821 -4.6158 -5.3725
Car -1 -1 -4.7074 804.2214 178.3304 831.4031 203.0409 1.4572 1.5843 4.2455 13.1592 1.8217 45.8106 -4.4298 -5.4844
Car -1 -1 -4.3995 223.3040 180.9530 280.1936 209.4414 1.3982 1.5458 4.0837 -19.1974 1.8568 38.7564 -4.8570 -5.5490
Car -1 -1 -7.2847 38.7364 190.0871 222.5937 268.0921 1.5684 1.7593 4.0505 -11.3728 2.0329 17.4306 -7.8561 -5.5925
Car -1 -1 -5.4327 862.0929 176.4174 936.2479 202.9455 1.4706 1.6546 4.3022 17.0766 1.6937 42.9230 -5.0569 -5.6308
Car -1 -1 -2.2056 0.0000 189.7957 28.4225 374.0000 1.4270 1.5735 4.0152 -5.9941 1.5412 4.0792 -3.1480 -5.6390
Car -1 -1 -4.9859 821.7197 176.6131 863.1620 199.4896 1.4710 1.6229 4.1058 15.7446 1.7376 49.1592 -4.6781 -5.6941
Car -1 -1 -4.3534 448.3348 177.6397 519.8565 216.9509 1.6277 1.7371 4.4698 -5.6662 1.8606 32.8078 -4.5235 -5.7810
Car -1 -1 -4.4404 190.2133 180.0682 251.7118 212.3325 1.4478 1.6154 4.0821 -19.0973 1.8243 35.5156 -4.9309 -5.8021
Car -1 -1 -4.9580 747.8082 177.0962 798.7277 209.0625 1.5207 1.6218 3.8689 8.2202 1.7483 36.8013 -4.7405 -5.8151
Car -1 -1 -4.5575 198.5760 180.7995 255.1697 215.1725 1.4163 1.6350 4.2944 -17.5216 1.8057 33.0887 -5.0414 -5.8421
Car -1 -1 -4.8679 1241.0000 167.2631 1241.0000 190.5611 1.4013 1.6319 4.0312 41.4404 1.0647 45.5308 -4.1329 -5.8867
Car -1 -1 -4.8073 1181.7289 167.5807 1218.8550 188.9790 1.4435 1.6340 3.9993 41.4680 1.0875 50.7926 -4.1256 -5.8867
Car -1 -1 -4.8891 1241.0000 167.2528 1241.0000 192.7325 1.4345 1.6335 3.9961 41.4158 1.1188 42.7368 -4.1230 -5.8867
Car -1 -1 -4.7860 1156.7643 169.6658 1190.2103 190.2174 1.4551 1.6376 3.9953 41.4697 1.2290 53.2022 -4.1268 -5.8867
Car -1 -1 -7.1467 52.0053 0.0000 1241.0000 374.0000 1.5406 1.5877 3.8029 -1.2977 1.6111 1.0050 -7.9392 -5.8867
Car -1 -1 -4.9309 1241.0000 166.3981 1241.0000 194.3030 1.4620 1.6357 3.9932 41.4680 1.1234 39.9199 -4.1303 -5.8867
Car -1 -1 -4.8406 1213.9148 167.3011 1241.0000 189.6701 1.4215 1.6257 3.9928 41.4677 1.0683 47.9656 -4.1310 -5.8867
Car -1 -1 -4.9344 792.7737 175.9252 830.0770 198.1799 1.4492 1.6039 4.0452 13.7647 1.6688 49.6120 -4.6657 -5.8867
Car -1 -1 -4.8722 715.3069 178.9443 745.2501 199.8151 1.4838 1.6012 4.0039 9.0099 1.9602 54.4720 -4.7096 -5.8867
Car -1 -1 -4.2985 480.4048 183.4632 545.7657 219.3993 1.4623 1.5299 3.7880 -4.3472 1.9711 32.5922 -4.4306 -5.9097
Car -1 -1 -4.6372 215.4834 179.8217 254.7188 207.1419 1.4172 1.6502 4.1984 -21.1917 1.8329 40.8322 -5.1135 -5.9154
Car -1 -1 -4.3982 409.7288 172.3524 444.4551 193.7190 1.4418 1.4153 3.2424 -12.7583 1.4077 50.3543 -4.6454 -6.0376
Car -1 -1 -5.2391 577.4740 181.3285 646.5981 212.6435 1.5244 1.6881 4.4566 -0.0011 2.0068 38.7465 -5.2398 -6.4277
Car -1 -1 -7.7817 184.2615 182.0184 279.0881 254.9776 1.7187 1.9781 4.5108 -10.4158 2.0047 20.0783 -8.2552 -6.9536
