Car -1 -1 -6.7153 579.9257 179.5708 685.0222 214.4411 1.4493 1.7228 4.3807 0.9677 1.7648 32.2759 -6.6863 5.7643
Car -1 -1 -4.5982 656.5960 179.9044 691.5634 206.9437 1.6880 1.8743 4.2543 4.3208 2.1839 48.5015 -4.5104 3.9979
Car -1 -1 -2.2758 328.4735 181.1597 395.9835 205.3429 1.3885 1.5479 4.2415 -15.2932 1.9192 44.3766 -2.6061 -0.0722
Car -1 -1 -4.8348 288.8089 179.7591 321.8293 201.8905 1.4463 1.6608 3.9866 -21.4408 1.9510 50.6303 -5.2338 -0.8015
Car -1 -1 -7.3334 314.7012 179.2491 363.6176 201.0877 1.5079 1.5993 3.9864 -19.9158 1.9972 53.1438 -7.6906 -2.9097
Car -1 -1 -7.8716 328.5435 183.5219 397.9873 248.7938 1.4607 1.5479 3.2219 -6.3967 1.7604 18.5068 -8.2005 -3.5942
Car -1 -1 -6.7261 693.8546 177.0146 752.7123 201.7120 1.5599 1.5104 3.4942 7.3693 1.8389 47.2083 -6.5727 -3.8375
Car -1 -1 -5.5398 906.5420 172.8395 961.6137 194.2709 1.5806 1.6401 3.7084 24.7306 1.5792 55.2413 -5.1212 -4.1441
Car -1 -1 -4.5818 674.8215 182.8896 701.7186 202.5980 1.3869 1.5781 3.5830 5.9300 2.1737 54.6638 -4.4748 -4.2098
Car -1 -1 -4.6545 787.8484 179.8508 821.3281 205.5955 1.5096 1.8258 4.1012 12.3441 1.9746 45.7563 -4.3931 -4.2538
Car -1 -1 -4.5141 263.5866 175.3806 298.6140 198.5976 1.5583 1.5763 3.5082 -23.1078 1.7422 50.7258 -4.9398 -4.3241
Car -1 -1 -4.9508 331.5528 173.5914 373.5547 199.4164 1.6331 1.6624 4.3012 -17.2017 1.6841 48.0093 -5.2934 -4.5120
Car -1 -1 -5.0934 692.1395 179.2748 736.0226 203.7290 1.7516 1.8482 4.2903 7.8768 2.2630 55.1957 -4.9529 -4.8922
Car -1 -1 -8.4217 953.5941 162.1909 1012.7646 187.0242 1.7183 1.8145 4.1883 26.8323 0.9802 52.0971 -7.9486 -4.9140
Car -1 -1 -7.6003 747.8378 178.5946 789.8760 203.8378 1.4628 1.6172 3.9771 9.8968 1.8369 44.9234 -7.3853 -5.1580
Car -1 -1 -6.8167 979.7899 169.1824 1050.4712 191.3093 1.4623 1.6360 3.8517 27.1903 1.2193 48.5508 -6.3090 -5.2391
Car -1 -1 -4.5318 223.9267 179.2798 280.6139 212.4422 1.4985 1.7262 4.5697 -17.7834 1.8403 35.9807 -4.9881 -5.2991
Car -1 -1 -7.7563 770.7466 179.9043 824.1340 220.7792 1.4182 1.6173 4.2490 7.3162 1.7146 28.0916 -7.5046 -5.3797
Car -1 -1 -4.5240 459.6409 180.3288 514.5403 219.1491 1.6120 1.7111 4.1651 -5.5628 1.9739 32.8703 -4.6908 -5.4478
Car -1 -1 -4.7178 758.8078 177.5860 792.9933 209.6204 1.6232 1.7286 4.4319 9.0418 1.8980 39.6043 -4.4955 -5.5092
Car -1 -1 -7.6841 535.2005 182.7151 575.6647 212.8228 1.4973 1.6118 3.4681 -2.9314 2.0528 38.8659 -7.7594 -5.5365
Car -1 -1 -4.4089 225.1662 181.2159 281.2604 210.2188 1.4281 1.5493 4.0932 -19.1915 1.9034 38.9021 -4.8648 -5.5614
Car -1 -1 -4.6614 1233.5588 166.4505 1241.0000 234.6040 1.6897 1.7786 4.5421 18.7478 1.5307 20.1158 -3.9188 -5.5684
Car -1 -1 -5.4729 863.3380 177.1391 939.1343 203.2805 1.4375 1.6627 4.2721 17.1191 1.7045 42.7195 -5.0945 -5.5881
Car -1 -1 -2.3889 0.0000 185.8832 29.5547 374.0000 1.5334 1.7739 4.7236 -8.6779 1.6768 6.7570 -3.2787 -5.5951
Car -1 -1 -4.9877 698.8250 177.6757 737.0414 198.9651 1.3989 1.5956 4.0314 7.4674 1.7499 50.4650 -4.8421 -5.7357
Car -1 -1 -5.2739 725.4897 178.6715 786.2932 207.0565 1.5778 1.6427 4.0661 8.6310 1.9435 43.1979 -5.0785 -5.7576
Car -1 -1 -4.7393 605.6260 181.0621 641.7260 213.2172 1.4903 1.7042 4.2845 0.6024 1.9319 36.6923 -4.7236 -5.7847
Car -1 -1 -5.1626 943.5102 168.9389 994.8340 191.5465 1.5095 1.6353 3.9223 24.8592 1.2478 50.1433 -4.7049 -5.8008
Car -1 -1 -5.0098 702.5270 177.4842 746.7082 203.4173 1.5114 1.6214 3.9175 7.0324 1.8121 44.8405 -4.8557 -5.8242
Car -1 -1 -4.7188 741.1981 179.9797 768.5901 203.7876 1.4404 1.6793 4.1363 9.4115 1.9273 47.1520 -4.5235 -5.8369
Car -1 -1 -4.9817 1105.1965 169.3987 1150.9932 193.8042 1.6357 1.5480 4.1237 36.2045 1.4039 50.5620 -4.3633 -5.8578
Car -1 -1 -4.8639 753.8082 175.5140 808.2716 212.4024 1.6591 1.8675 4.7154 8.2174 1.7976 35.2222 -4.6371 -5.8793
Car -1 -1 -4.8400 1218.8094 167.1150 1241.0000 190.0198 1.4430 1.6313 3.9966 41.4684 1.0812 47.5730 -4.1263 -5.8867
Car -1 -1 -4.8073 1181.7224 167.8577 1218.8826 189.3292 1.4484 1.6356 3.9994 41.4682 1.1111 50.7921 -4.1256 -5.8867
Car -1 -1 -4.8658 1241.0000 166.7480 1241.0000 190.5609 1.4324 1.6395 4.0254 41.4789 1.0648 45.5346 -4.1304 -5.8867
Car -1 -1 -4.9306 1241.0000 166.0141 1241.0000 193.8921 1.4606 1.6360 3.9948 41.4676 1.1019 39.9205 -4.1300 -5.8867
Car -1 -1 -4.8955 1241.0000 165.9252 1241.0000 191.4923 1.4393 1.6358 4.0081 41.4776 1.0490 42.7433 -4.1288 -5.8867
Car -1 -1 -4.7786 1148.9127 170.7543 1181.2886 191.2957 1.4771 1.6431 3.9964 41.4711 1.3258 54.0053 -4.1266 -5.8867
Car -1 -1 -4.5952 192.2457 180.4326 244.7896 215.6480 1.4609 1.6352 4.1179 -17.9215 1.8316 33.1022 -5.0883 -5.8867
Car -1 -1 -7.5637 498.3370 182.9496 554.5441 219.4888 1.5130 1.6011 3.4963 -3.7752 1.9972 32.7665 -7.6781 -5.9075
Car -1 -1 -7.3935 1241.0000 162.8703 1241.0000 241.7666 1.4293 1.6077 4.2757 15.7292 1.2482 14.4591 -6.5764 -5.9533
Car -1 -1 -7.8616 465.3665 186.4430 490.5937 210.2743 1.3105 1.4348 3.1172 -7.9596 2.1561 43.2446 -8.0430 -5.9849
Car -1 -1 -7.2404 1234.7776 168.7735 1241.0000 243.8675 1.5881 1.7235 4.3515 16.9216 1.5015 16.4720 -6.4509 -6.1117
Car -1 -1 -3.9499 611.8680 182.1651 669.7668 208.9952 1.5447 1.6067 3.4950 1.8943 2.1427 44.5743 -3.9083 -6.1638
Car -1 -1 -7.2218 1.7217 186.4711 212.5206 271.2894 1.6347 1.8083 4.2691 -11.4355 1.9919 16.7726 -7.8131 -6.2605
Car -1 -1 -7.7388 182.6255 181.8095 278.1561 253.6961 1.7097 1.8384 4.2615 -10.4481 1.9871 20.0559 -8.2140 -6.6907
Car -1 -1 -7.9914 619.5061 174.4190 660.1639 204.3301 1.5540 1.7196 3.7701 1.5512 1.6440 39.6532 -7.9531 -6.7679
