Car -1 -1 -7.3045 684.7015 179.4979 755.6382 210.9655 1.4624 1.6711 4.0763 5.5856 1.8176 36.5143 -7.1545 6.1684
Car -1 -1 -4.6639 656.6345 179.9146 687.5858 207.6393 1.7222 1.8554 4.6445 4.1875 2.2201 48.4818 -4.5788 5.0543
Car -1 -1 -2.3042 266.0105 174.7943 327.3406 201.3481 1.7810 1.6929 3.9738 -21.8433 1.9200 50.2236 -2.7127 -1.2195
Car -1 -1 -7.4361 322.9998 181.8751 367.4982 202.5559 1.4163 1.5844 4.0236 -19.5164 2.1078 53.2723 -7.7859 -2.5775
Car -1 -1 -5.1778 283.8729 179.7949 333.8459 201.9973 1.4923 1.6316 4.1140 -21.6261 2.0080 51.6831 -5.5726 -2.6304
Car -1 -1 -2.2970 327.6297 180.2240 395.5026 205.5441 1.4621 1.6289 4.1118 -15.3313 1.9327 44.3844 -2.6281 -3.2399
Car -1 -1 -4.6743 910.4886 172.6472 984.6122 235.5516 1.5876 1.7314 3.9105 9.5161 1.5821 20.3458 -4.2429 -3.5877
Car -1 -1 -6.6739 954.3359 166.2628 1029.3407 190.1801 1.5791 1.6828 4.1415 25.6677 1.1436 48.6650 -6.1913 -3.7071
Car -1 -1 -6.6892 686.0168 176.7414 751.3114 201.0608 1.5202 1.6126 3.8635 6.9994 1.7788 46.7850 -6.5421 -3.9006
Car -1 -1 -4.9941 328.3606 174.2966 371.9654 199.6896 1.5990 1.6539 4.0614 -17.2841 1.6986 47.8073 -5.3395 -4.3008
Car -1 -1 -5.0108 673.8962 184.5737 719.7498 210.8229 1.4072 1.5896 3.9303 5.0346 2.1328 42.6127 -4.8946 -4.3631
Car -1 -1 -7.1490 369.9635 180.9828 428.1514 205.3567 1.3944 1.5199 3.5247 -12.9860 1.9168 44.4781 -7.4318 -4.3812
Car -1 -1 -5.8182 264.4686 182.0824 419.0652 246.6414 1.5035 1.5200 3.2866 -6.6874 1.7457 18.0149 -6.1694 -4.4980
Car -1 -1 -4.6848 330.5741 183.8003 373.2585 222.6654 1.4758 1.5907 3.6493 -10.8924 1.9681 30.4945 -5.0255 -4.8134
Car -1 -1 -5.0537 788.1227 178.0493 840.1526 202.8657 1.4441 1.7085 4.5181 12.6940 1.7864 45.2694 -4.7824 -4.8895
Car -1 -1 -8.5200 950.3836 165.8952 1011.8858 189.5757 1.6379 1.7473 4.1515 26.6955 1.1563 52.1134 -8.0491 -4.8921
Car -1 -1 -3.7424 914.9202 175.6687 1015.0379 206.5454 1.5568 1.8188 4.4697 18.5348 1.7088 37.8338 -3.2903 -4.9868
Car -1 -1 -4.8107 233.5125 180.7577 281.8228 213.4401 1.4632 1.7273 4.4314 -17.5573 1.8804 35.7745 -5.2642 -5.1418
Car -1 -1 -4.7429 1241.0000 165.7326 1241.0000 232.3845 1.6495 1.8360 4.6083 19.0538 1.4730 20.1959 -3.9942 -5.1776
Car -1 -1 -4.5526 759.4282 177.1036 808.1783 212.2355 1.6297 1.7132 4.4807 8.7985 1.8582 36.4483 -4.3182 -5.2340
Car -1 -1 -4.2493 529.7649 178.9240 598.2983 217.3412 1.6635 1.6084 4.0108 -2.1401 1.9681 34.0863 -4.3121 -5.4508
Car -1 -1 -7.9670 803.7819 178.2275 830.3608 198.8812 1.5449 1.6014 3.6510 16.2690 1.9828 56.9087 -7.6904 -5.4799
Car -1 -1 -4.4091 225.1463 181.2216 281.6584 210.3838 1.4353 1.5574 4.1415 -19.1890 1.9115 38.9207 -4.8647 -5.5525
Car -1 -1 -7.7481 707.2784 177.1458 743.3806 205.1437 1.5166 1.6790 3.7987 6.6795 1.7769 41.7653 -7.5912 -5.5545
Car -1 -1 -4.8636 820.1470 177.7553 853.3296 199.3022 1.4132 1.6021 4.0660 15.7646 1.7699 50.4226 -4.5627 -5.5840
Car -1 -1 -5.2575 926.6337 169.6867 974.3181 194.4673 1.7354 1.5915 3.3853 24.5956 1.5133 52.2990 -4.8204 -5.6319
Car -1 -1 -4.9080 739.6704 180.9011 779.8682 207.4537 1.4919 1.6646 3.7458 8.9533 1.9984 43.5570 -4.7072 -5.7239
Car -1 -1 -5.0122 797.9832 177.3434 840.9518 202.5070 1.5758 1.6588 3.8440 13.7911 1.8850 47.8141 -4.7335 -5.8094
Car -1 -1 -4.5855 199.4145 180.8706 253.4956 215.2880 1.4159 1.6413 4.3142 -17.5321 1.8086 33.0657 -5.0700 -5.8319
Car -1 -1 -4.8935 731.6679 178.7696 769.7159 203.0529 1.4721 1.7163 3.9639 9.0199 1.8710 46.7001 -4.7044 -5.8397
Car -1 -1 -5.2134 1241.0000 165.3244 1241.0000 221.0719 1.4355 1.6239 4.0629 20.9963 1.2413 20.7573 -4.4296 -5.8433
Car -1 -1 -4.5048 459.1468 179.7080 517.0994 220.0118 1.6669 1.7235 4.4107 -5.5027 1.9998 32.8428 -4.6701 -5.8748
Car -1 -1 -4.4797 191.7333 180.0758 250.1421 212.7888 1.4677 1.6215 4.0798 -19.1014 1.8446 35.5131 -4.9703 -5.8814
Car -1 -1 -5.5183 1241.0000 165.0103 1241.0000 243.0726 1.3744 1.6019 4.2373 16.2841 1.2360 14.8350 -4.6964 -5.8866
Car -1 -1 -4.9014 1241.0000 165.8681 1241.0000 192.0462 1.4451 1.6302 3.9875 41.4335 1.0592 41.9434 -4.1257 -5.8867
Car -1 -1 -4.8010 1173.1912 168.5186 1209.0099 189.4819 1.4376 1.6306 3.9935 41.4691 1.1400 51.5943 -4.1270 -5.8867
Car -1 -1 -4.8405 1213.9164 167.2840 1241.0000 189.6563 1.4217 1.6255 3.9926 41.4676 1.0674 47.9658 -4.1309 -5.8867
Car -1 -1 -4.8601 712.7976 177.6775 748.3303 202.7876 1.4624 1.5967 3.9442 7.3969 1.7747 44.7688 -4.6979 -5.8867
Car -1 -1 -4.8765 1241.0000 166.0747 1241.0000 191.1243 1.4650 1.6492 4.0355 41.5120 1.0682 44.3359 -4.1275 -5.8867
Car -1 -1 -4.8534 709.4125 179.1127 741.5029 202.5495 1.4984 1.6066 3.9571 7.7938 1.9420 49.1837 -4.6976 -5.8867
Car -1 -1 -4.9524 782.1475 177.1612 818.6002 198.9611 1.4634 1.5956 3.9442 13.4286 1.7806 51.2030 -4.6978 -5.8867
Car -1 -1 -3.5047 0.0000 189.2477 0.0000 374.0000 1.4924 1.6030 3.9535 -7.0820 1.5948 2.5308 -4.6975 -5.8867
Car -1 -1 -4.7779 1148.9031 170.4999 1181.2651 191.1251 1.4832 1.6452 3.9994 41.4709 1.3136 54.0066 -4.1259 -5.8867
Car -1 -1 -7.2688 1241.0000 163.1092 1241.0000 234.4074 1.5936 1.6721 4.2809 18.1496 1.3755 17.3458 -6.4695 -6.2771
Car -1 -1 -4.8642 617.0386 178.7366 658.3492 207.0527 1.3938 1.5916 4.0686 1.3841 1.7247 38.5073 -4.8291 -6.2789
Car -1 -1 -7.7688 184.7850 182.3328 279.8470 254.9686 1.7233 1.9496 4.3688 -10.4310 2.0189 20.1332 -8.2418 -6.8990
