Car -1 -1 -4.5698 654.4210 180.1235 692.5701 207.5365 1.6999 1.9318 4.5450 4.2852 2.2124 48.4663 -4.4827 5.0047
Car -1 -1 -4.8678 288.2032 180.1352 322.4715 202.2029 1.4421 1.6231 3.9641 -21.4516 1.9744 50.6594 -5.2668 -0.6114
Car -1 -1 -2.2829 327.1547 180.8378 394.9405 205.5326 1.4209 1.5870 4.1944 -15.3654 1.9309 44.3818 -2.6147 -1.1464
Car -1 -1 -4.9333 671.2001 183.4701 704.1902 204.2968 1.4607 1.6161 4.1548 5.8447 2.3008 54.9621 -4.8284 -1.1550
Car -1 -1 -7.2998 314.8865 179.8438 365.4161 201.1784 1.4672 1.6086 4.0195 -19.8422 2.0024 53.1456 -7.6557 -1.9054
Car -1 -1 -5.0646 681.0617 183.0645 716.9371 205.1031 1.7263 1.7874 3.7579 7.3892 2.6101 60.4381 -4.9441 -3.5318
Car -1 -1 -5.5222 679.3557 181.4016 743.3167 205.7130 1.5169 1.7290 4.2568 6.7675 2.1204 48.7717 -5.3856 -3.7027
Car -1 -1 -4.6533 692.0341 183.4282 717.5488 204.5906 1.4893 1.7007 4.0894 7.2446 2.3285 55.1132 -4.5239 -3.9575
Car -1 -1 -8.4100 956.6985 162.4274 1013.8837 186.0169 1.6321 1.7257 4.1330 26.9640 0.9104 52.0512 -7.9345 -4.0801
Car -1 -1 -3.6875 978.2943 169.4783 1051.3123 190.7374 1.4041 1.6222 4.0299 27.1650 1.1809 48.5440 -3.1802 -4.1218
Car -1 -1 -4.9052 1193.6412 163.0109 1241.0000 192.5471 1.6938 1.6419 4.0751 36.6987 1.1290 43.5583 -4.2086 -4.2739
Car -1 -1 -7.8903 337.8651 181.7256 405.2453 250.6645 1.5635 1.5162 3.2071 -6.2451 1.8135 18.5867 -8.2107 -4.5389
Car -1 -1 -5.1778 777.9594 179.1653 831.9100 205.5684 1.5526 1.6764 3.9566 12.2043 1.9691 45.5447 -4.9182 -4.6246
Car -1 -1 -4.6932 674.0204 182.9007 698.2754 205.0230 1.4717 1.6657 3.8399 5.4699 2.2211 51.8320 -4.5891 -4.6891
Car -1 -1 -2.9480 512.6695 181.7418 584.8774 209.9440 1.4459 1.5889 3.6117 -3.2842 1.9332 38.5990 -3.0329 -4.8711
Car -1 -1 -5.0441 701.2735 183.6667 738.7910 202.7381 1.4500 1.7312 4.3747 9.0393 2.3802 59.7836 -4.8953 -4.9594
Car -1 -1 -4.8594 1017.6110 166.0365 1053.7695 189.2385 1.6223 1.6597 4.2020 31.0099 1.1453 52.7080 -4.3303 -5.0973
Car -1 -1 -7.4951 208.5125 177.8290 278.8695 210.9617 1.4962 1.7320 4.1034 -17.8862 1.7544 35.3561 -7.9607 -5.3667
Car -1 -1 -4.5279 228.2333 181.0020 277.9566 210.5445 1.4465 1.6178 4.3842 -19.2207 1.9123 38.9422 -4.9839 -5.3848
Car -1 -1 -7.5266 745.4058 178.5454 793.2462 206.9390 1.6938 1.7254 4.2477 10.2167 2.0759 46.2157 -7.3110 -5.4236
Car -1 -1 -2.1762 0.0000 183.7396 0.0000 360.5962 1.5432 1.6688 4.0398 -9.0219 1.6711 7.4621 -3.0382 -5.4283
Car -1 -1 -5.4048 828.8665 176.6752 894.4291 200.7424 1.4311 1.6556 4.1471 15.8803 1.6854 45.8454 -5.0738 -5.4397
Car -1 -1 -7.5155 208.8690 181.5931 281.5368 217.7418 1.4901 1.7226 3.9517 -16.5263 1.9122 32.8102 -7.9791 -5.4918
Car -1 -1 -4.9927 708.4305 179.2996 745.9568 200.0626 1.4371 1.6350 4.2008 8.6055 1.9341 53.4819 -4.8344 -5.7685
Car -1 -1 -4.9003 821.1665 176.4883 857.5459 198.7285 1.4415 1.6196 4.1621 15.6907 1.7021 49.6332 -4.5962 -5.7910
Car -1 -1 -5.0202 723.1423 177.3918 768.4063 204.1520 1.5380 1.6250 3.8259 8.2156 1.8279 44.1463 -4.8379 -5.8125
Car -1 -1 -4.8828 759.0263 177.0853 803.8044 208.9800 1.5154 1.6130 3.5469 8.5942 1.7402 36.5804 -4.6543 -5.8136
Car -1 -1 -4.4718 186.5839 180.8553 267.9258 225.2119 1.4796 1.6863 4.4333 -14.3787 1.8078 27.2705 -4.9533 -5.8457
Car -1 -1 -4.5240 461.2751 179.5224 516.3210 218.2821 1.6057 1.6863 4.3122 -5.4731 1.9288 32.8163 -4.6885 -5.8535
Car -1 -1 -4.7784 1148.9083 170.5621 1181.2731 191.0879 1.4760 1.6433 3.9973 41.4708 1.3109 54.0058 -4.1264 -5.8867
Car -1 -1 -4.8009 724.2488 178.2970 754.1465 201.8910 1.4855 1.6200 3.9137 8.5881 1.8654 48.3784 -4.6267 -5.8867
Car -1 -1 -4.8636 1241.0000 166.5108 1241.0000 190.9229 1.4406 1.6469 4.0272 41.4411 1.0660 44.7109 -4.1196 -5.8867
Car -1 -1 -4.9120 1241.0000 166.2298 1241.0000 193.0980 1.4530 1.6347 3.9928 41.4657 1.0944 41.1340 -4.1263 -5.8867
Car -1 -1 -4.9524 782.1609 176.9481 818.5787 198.6339 1.4568 1.5938 3.9414 13.4284 1.7583 51.2028 -4.6977 -5.8867
Car -1 -1 -5.2146 1241.0000 165.5546 1241.0000 221.4068 1.4380 1.6161 4.0414 20.9824 1.2497 20.7423 -4.4308 -5.8867
Car -1 -1 -4.7997 1173.1477 167.9669 1208.9767 189.0520 1.4459 1.6357 3.9996 41.4680 1.1105 51.5966 -4.1257 -5.8867
Car -1 -1 -4.8239 1199.7075 167.3507 1239.6959 189.3700 1.4363 1.6296 3.9958 41.4684 1.0771 49.1822 -4.1265 -5.8867
Car -1 -1 -4.8495 1223.8260 167.0733 1241.0000 189.7222 1.4140 1.6239 3.9931 41.4702 1.0528 47.1604 -4.1314 -5.8867
Car -1 -1 -4.7560 707.5466 178.4824 736.5143 203.7236 1.4881 1.6182 4.0469 6.9993 1.8596 45.5719 -4.6051 -5.8867
Car -1 -1 -4.5092 816.6558 173.7653 857.1590 203.1471 1.7342 1.6627 3.8682 14.0941 1.7932 44.8131 -4.2068 -5.8972
Car -1 -1 -7.3909 1241.0000 162.7776 1241.0000 241.6534 1.4302 1.6078 4.2733 15.7283 1.2472 14.4665 -6.5741 -5.9517
Car -1 -1 -4.7421 1047.8992 165.9642 1071.6609 184.9163 1.6896 1.7277 3.9540 41.3778 1.0751 66.4696 -4.1875 -6.0056
Car -1 -1 -7.9915 1241.0000 167.3452 1241.0000 234.8696 1.6667 1.8325 4.5079 19.1316 1.5304 20.1803 -7.2404 -6.0302
Car -1 -1 -5.0661 941.8789 168.3544 990.4453 191.5926 1.5545 1.6995 4.1336 24.7786 1.2532 50.4077 -4.6118 -6.1254
Car -1 -1 -7.2428 1240.5845 168.7544 1241.0000 242.1530 1.5555 1.6907 4.2670 17.0136 1.4684 16.4808 -6.4507 -6.1722
Car -1 -1 -5.2512 577.1351 180.9395 645.8975 212.1620 1.5265 1.6828 4.3643 -0.0256 1.9865 38.7735 -5.2524 -6.2331
Car -1 -1 -7.7425 183.3455 182.1774 278.8792 254.2453 1.7076 1.8416 4.4029 -10.4458 1.9978 20.0982 -8.2168 -6.8671
