Car -1 -1 -4.5875 655.5120 180.0382 691.2916 207.6855 1.7167 1.8490 4.5390 4.2766 2.2230 48.4693 -4.5006 4.7753
Car -1 -1 -7.8135 746.8739 180.7592 774.9382 205.5737 1.5174 1.6593 4.2687 10.0093 2.0662 47.8416 -7.6090 3.8360
Car -1 -1 -7.2006 316.3376 179.3695 370.8700 201.6219 1.5330 1.6139 4.0914 -19.6013 2.0328 53.1854 -7.5524 -0.7092
Car -1 -1 -4.9185 290.2109 179.7360 327.2686 201.7316 1.4453 1.6120 4.0764 -21.3084 1.9507 50.8853 -5.3135 -1.5247
Car -1 -1 -4.8027 673.0140 183.3320 698.1317 203.3843 1.4143 1.5573 3.6827 5.6656 2.2348 54.6749 -4.7005 -2.4953
Car -1 -1 -4.8997 1190.3964 170.7699 1241.0000 202.3080 1.4535 1.5397 3.5892 29.6337 1.3572 35.1961 -4.2042 -2.6100
Car -1 -1 -6.8360 979.3665 168.9012 1052.4073 190.6711 1.4378 1.6169 4.0382 27.2422 1.1764 48.5504 -6.3275 -2.8363
Car -1 -1 -5.4006 321.6133 179.7777 385.1244 204.9716 1.4747 1.6169 3.8927 -16.0045 1.9211 44.8617 -5.7417 -2.9342
Car -1 -1 -5.2171 1169.3458 176.0512 1241.0000 205.6131 1.4897 1.6118 3.7337 32.0097 1.6700 38.7698 -4.5310 -2.9863
Car -1 -1 -2.2777 315.1694 175.6977 374.6244 200.2354 1.5403 1.6184 3.7390 -17.4179 1.7328 47.2923 -2.6290 -3.2774
Car -1 -1 -4.9439 749.3471 177.9917 792.9023 205.8952 1.5938 1.7083 3.9657 9.7184 1.9206 43.9445 -4.7282 -3.5024
Car -1 -1 -7.8247 325.1021 184.1084 394.0125 248.8527 1.4490 1.5330 3.1606 -6.4014 1.7642 18.4881 -8.1541 -3.6492
Car -1 -1 -4.7319 689.4054 181.4252 712.6342 203.7050 1.6066 1.6899 3.9745 6.9626 2.2922 55.6809 -4.6087 -3.6628
Car -1 -1 -8.6539 1129.2736 167.2584 1227.3341 199.7736 1.5283 1.6830 3.6867 28.0847 1.2650 35.8557 -7.9937 -3.8351
Car -1 -1 -4.9915 785.0554 181.3247 830.6343 204.9492 1.3872 1.6796 4.2571 12.5245 1.9526 46.0444 -4.7281 -3.8465
Car -1 -1 -6.6750 1213.5574 169.5888 1241.0000 204.2718 1.5174 1.7044 4.2491 30.6270 1.3743 33.0973 -5.9331 -3.9635
Car -1 -1 -7.8623 828.7354 175.5782 853.3716 197.0853 1.4453 1.6004 3.6069 16.2560 1.6448 50.9445 -7.5555 -4.8859
Car -1 -1 -7.0823 370.9911 180.4135 429.2668 203.7284 1.3393 1.4537 3.4563 -12.9380 1.8250 44.5249 -7.3638 -5.0132
Car -1 -1 -7.9490 332.0002 183.6543 385.6775 225.9917 1.4712 1.6059 4.1530 -9.9986 1.9297 28.4295 -8.2847 -5.0517
Car -1 -1 -4.4493 259.3833 176.1570 298.5998 199.8791 1.5799 1.6063 3.6116 -23.1463 1.8195 50.4997 -4.8773 -5.0622
Car -1 -1 -4.8185 233.6740 181.6734 282.1967 214.4093 1.4625 1.7109 4.3710 -17.5482 1.9278 35.7850 -5.2717 -5.1172
Car -1 -1 -2.4111 0.0000 183.4277 38.5525 374.0000 1.5882 1.7715 4.1920 -8.5935 1.7095 7.1504 -3.2694 -5.1479
Car -1 -1 -7.9770 462.6716 183.2148 494.7247 208.9344 1.4119 1.4622 3.4422 -7.8868 2.0553 42.9690 -8.1579 -5.2027
Car -1 -1 -5.4267 846.6100 174.8615 914.2439 200.8708 1.4905 1.6207 3.9865 16.3184 1.6181 43.8318 -5.0729 -5.3303
Car -1 -1 -8.5629 948.4225 166.7757 1009.6442 189.6808 1.5909 1.7656 3.9912 26.6265 1.1684 52.2630 -8.0942 -5.4116
Car -1 -1 -4.8968 1108.0737 170.5735 1145.8514 191.9208 1.4433 1.5240 3.5174 36.2441 1.2888 50.7004 -4.2791 -5.4629
Car -1 -1 -4.2577 529.6918 179.8251 595.7910 217.1556 1.5962 1.5546 3.8332 -2.1807 1.9415 33.6934 -4.3225 -5.5396
Car -1 -1 -7.8616 805.7784 178.2939 828.3849 199.3524 1.5785 1.6675 3.8297 16.3706 2.0252 57.2222 -7.5847 -5.5644
Car -1 -1 -4.4162 225.9557 181.3130 281.3315 210.1529 1.4209 1.5445 4.0886 -19.1911 1.9023 38.9460 -4.8716 -5.5764
Car -1 -1 -4.9934 701.9374 177.7862 741.0801 198.2336 1.4213 1.6678 4.5464 8.2047 1.8039 53.6566 -4.8429 -5.6024
Car -1 -1 -2.2073 0.0000 189.1774 30.5631 374.0000 1.4271 1.5740 4.0245 -5.9862 1.5373 4.0804 -3.1490 -5.6302
Car -1 -1 -7.0066 0.0000 189.5925 205.4412 274.0955 1.6039 1.6708 4.1562 -11.7939 2.0446 16.7914 -7.6117 -5.7136
Car -1 -1 -8.4239 536.9253 182.6783 599.2798 212.7290 1.5002 1.7332 3.5599 -2.3570 2.0608 39.2437 -8.4841 -5.7313
Car -1 -1 -4.8681 759.8968 176.9844 804.0845 208.7905 1.5116 1.6321 3.5476 8.6275 1.7313 36.5960 -4.6389 -5.7882
Car -1 -1 -4.9682 791.4053 179.0559 829.3550 200.9429 1.5057 1.6771 4.1228 14.6017 1.9777 52.8820 -4.7006 -5.8110
Car -1 -1 -4.5755 198.8723 180.9050 253.9319 215.2909 1.4144 1.6408 4.3114 -17.5328 1.8088 33.0653 -5.0600 -5.8282
Car -1 -1 -4.8411 1143.6366 169.2973 1180.9896 191.6663 1.4620 1.5058 4.0072 37.6283 1.2292 49.2707 -4.1919 -5.8288
Car -1 -1 -4.9461 817.1448 176.7573 856.2368 201.0594 1.5301 1.6154 3.8723 15.0103 1.8005 48.0523 -4.6455 -5.8321
Car -1 -1 -4.5009 459.3220 179.5567 516.7604 219.4309 1.6530 1.7045 4.3179 -5.5097 1.9782 32.8460 -4.6663 -5.8407
Car -1 -1 -4.4769 191.6071 180.0310 250.2119 212.7122 1.4666 1.6206 4.0763 -19.1022 1.8412 35.5123 -4.9675 -5.8824
Car -1 -1 -2.0302 153.8170 181.9419 287.1543 251.5275 1.7085 1.7586 3.7918 -10.8847 1.9830 20.0048 -2.5233 -5.8852
Car -1 -1 -4.8151 1186.0812 167.6593 1224.1787 189.1766 1.4393 1.6332 3.9983 41.4677 1.0915 50.3815 -4.1295 -5.8867
Car -1 -1 -4.8402 1213.9017 167.4117 1241.0000 189.9153 1.4300 1.6281 3.9943 41.4678 1.0839 47.9661 -4.1306 -5.8867
Car -1 -1 -4.6137 735.7173 182.4346 763.2950 204.3507 1.5400 1.6756 4.0068 10.5886 2.2953 54.7475 -4.4242 -5.8867
Car -1 -1 -4.9000 1241.0000 165.4990 1241.0000 191.2292 1.4340 1.6302 4.0026 41.4402 1.0238 42.3311 -4.1288 -5.8867
Car -1 -1 -4.7937 1160.7738 169.4751 1194.9968 190.0193 1.4429 1.6321 3.9902 41.4701 1.2053 52.7923 -4.1308 -5.8867
Car -1 -1 -4.8686 1241.0000 166.1537 1241.0000 190.8044 1.4554 1.6452 4.0230 41.5093 1.0595 44.7303 -4.1240 -5.8867
Car -1 -1 -4.2458 69.6691 181.7549 211.6263 244.4406 1.4906 1.6439 3.9186 -12.7071 1.7591 19.7648 -4.8113 -5.9151
Car -1 -1 -5.0301 611.7559 176.1395 666.0504 206.2580 1.5270 1.6717 4.3546 1.4707 1.7167 39.4119 -4.9936 -6.4132
Car -1 -1 -5.2995 583.7625 181.6757 651.7194 212.7659 1.5017 1.6077 4.0613 0.3118 1.9946 38.2039 -5.2920 -6.5654
