Car -1 -1 -4.5843 655.0875 180.1470 692.2471 207.2883 1.6825 1.9212 4.6033 4.2997 2.1972 48.5013 -4.4970 4.9963
Car -1 -1 -7.2081 315.6942 179.8229 368.5348 201.5592 1.4942 1.5408 4.0105 -19.6879 2.0276 53.1159 -7.5617 -1.2751
Car -1 -1 -2.3230 339.1760 177.9878 404.8025 203.7687 1.4909 1.5883 3.8657 -14.5588 1.8152 43.9966 -2.6410 -1.4056
Car -1 -1 -4.7381 676.8849 183.5138 699.6360 204.1037 1.4341 1.5923 3.6929 5.8121 2.2616 54.1312 -4.6322 -1.9275
Car -1 -1 -7.7775 289.6524 177.2571 319.7756 200.8457 1.5578 1.6446 3.9196 -21.3800 1.8790 50.5618 -8.1759 -2.4288
Car -1 -1 -5.0399 777.7430 179.9249 822.7724 205.2087 1.4832 1.5764 3.8311 11.8782 1.9471 45.3971 -4.7860 -3.0788
Car -1 -1 -5.1169 690.8855 183.8246 727.9374 204.8516 1.6362 1.7261 3.7414 8.2422 2.5836 60.2997 -4.9823 -3.4922
Car -1 -1 -7.8123 329.8365 183.2398 398.5772 248.1006 1.4643 1.5310 3.2429 -6.3118 1.7576 18.6269 -8.1352 -3.6569
Car -1 -1 -4.9244 333.3586 174.2581 373.7950 199.3104 1.5799 1.6800 4.2346 -17.1287 1.6774 47.9979 -5.2657 -3.8715
Car -1 -1 -4.7395 682.2390 182.1608 704.0038 203.4216 1.6625 1.6894 3.5873 6.8478 2.4589 59.9082 -4.6268 -3.9173
Car -1 -1 -6.7144 693.5924 177.5764 751.2809 200.9286 1.4724 1.5276 3.3999 7.3086 1.7888 47.1834 -6.5622 -4.0508
Car -1 -1 -3.6349 977.5057 169.2820 1051.0333 190.4231 1.3963 1.5824 4.0432 27.0842 1.1600 48.4722 -3.1282 -4.0764
Car -1 -1 -8.1490 1126.5668 168.0054 1178.6393 191.1656 1.4444 1.5953 4.0454 35.3627 1.1417 47.1730 -7.5090 -4.0904
Car -1 -1 -7.7011 750.9492 177.3642 787.2118 203.3979 1.5045 1.6026 4.0354 9.8429 1.7967 44.6207 -7.4859 -4.8557
Car -1 -1 -8.4811 955.3045 162.5287 1015.6129 186.6231 1.6625 1.7891 4.0741 26.9154 0.9497 51.9340 -8.0054 -5.0192
Car -1 -1 -7.3841 197.5908 183.2305 292.6249 226.1602 1.5373 1.7137 4.0902 -14.5159 1.9818 28.8812 -7.8464 -5.0722
Car -1 -1 -4.7966 234.6678 180.9223 281.2156 213.4724 1.4578 1.7129 4.3977 -17.5532 1.8838 35.7965 -5.2499 -5.1729
Car -1 -1 -7.9531 459.6627 185.1293 488.6948 209.9320 1.3500 1.3728 3.2376 -8.1103 2.1067 42.7485 -8.1399 -5.2999
Car -1 -1 -5.1897 945.3607 169.2937 994.2249 191.4013 1.4743 1.6625 3.3322 24.7446 1.2366 49.7992 -4.7312 -5.5081
Car -1 -1 -4.8250 702.0284 177.7342 732.6739 199.2397 1.4074 1.6517 4.0455 7.3933 1.7604 50.1968 -4.6800 -5.5955
Car -1 -1 -4.3165 529.8411 179.8634 594.2840 217.4483 1.5949 1.5846 3.9587 -2.1980 1.9412 33.5424 -4.3820 -5.6435
Car -1 -1 -4.8753 759.5596 176.8718 804.2675 208.6750 1.5118 1.6332 3.5520 8.6209 1.7254 36.5875 -4.6462 -5.7944
Car -1 -1 -4.9676 717.1262 177.8919 759.7195 204.6349 1.5442 1.6315 3.9214 7.8200 1.8683 44.4461 -4.7951 -5.8234
Car -1 -1 -4.5674 198.6510 181.0036 254.4156 215.3032 1.4111 1.6393 4.2968 -17.5317 1.8104 33.0761 -5.0517 -5.8293
Car -1 -1 -4.5234 460.1884 179.5252 517.1035 219.0601 1.6346 1.7446 4.4417 -5.4772 1.9586 32.8312 -4.6879 -5.8348
Car -1 -1 -4.9208 1241.0000 166.0326 1241.0000 193.1929 1.4532 1.6347 3.9963 41.4689 1.0879 40.7244 -4.1302 -5.8867
Car -1 -1 -4.8591 1241.0000 167.0612 1241.0000 190.7415 1.4240 1.6337 4.0349 41.4256 1.0754 45.5217 -4.1242 -5.8867
Car -1 -1 -4.6355 661.2762 180.6732 684.4872 199.6048 1.5064 1.6666 3.9982 5.3437 2.1928 61.2610 -4.5494 -5.8867
Car -1 -1 -4.8788 732.6995 181.0450 764.2359 202.5541 1.4963 1.6655 3.9174 10.2278 2.1277 53.6738 -4.6920 -5.8867
Car -1 -1 -4.8250 1199.7438 167.3577 1239.6852 189.1219 1.4198 1.6236 3.9905 41.4684 1.0609 49.1810 -4.1276 -5.8867
Car -1 -1 -4.8777 712.8079 178.1260 743.8438 199.1912 1.4552 1.5939 4.0043 8.5950 1.8558 52.8556 -4.7179 -5.8867
Car -1 -1 -4.8006 1173.1742 168.4501 1209.0104 189.4925 1.4430 1.6330 3.9958 41.4689 1.1407 51.5949 -4.1265 -5.8867
Car -1 -1 -4.8942 1241.0000 166.3596 1241.0000 191.4564 1.4404 1.6441 4.0191 41.5490 1.0674 43.5454 -4.1358 -5.8867
Car -1 -1 -4.6099 735.1356 178.0218 766.3049 201.5476 1.4615 1.6381 4.0119 9.3511 1.8199 47.9294 -4.4188 -5.8867
Car -1 -1 -4.7788 1148.9187 170.8111 1181.2902 191.3214 1.4749 1.6422 3.9953 41.4712 1.3277 54.0050 -4.1268 -5.8867
Car -1 -1 -4.5707 199.8258 180.3183 250.6456 212.2299 1.4418 1.6422 4.2078 -19.1120 1.8364 35.9139 -5.0569 -5.9018
Car -1 -1 -4.8993 706.0336 179.8339 734.8245 199.6472 1.5968 1.6979 4.0529 9.3722 2.2129 61.6578 -4.7496 -5.9214
Car -1 -1 -8.6231 1241.0000 160.0282 1241.0000 234.8390 1.6286 1.7024 4.3668 18.3427 1.3491 17.9078 -7.8342 -6.1175
Car -1 -1 -8.6056 1237.3468 163.2802 1241.0000 229.8925 1.6384 1.6867 4.2784 19.9255 1.4026 19.9081 -7.8274 -6.1241
Car -1 -1 -5.0377 611.0332 175.6430 665.4982 206.0991 1.5423 1.6533 4.3187 1.4309 1.7027 39.2668 -5.0021 -6.4781
Car -1 -1 -7.7108 179.9318 182.7551 280.4981 254.6591 1.6990 1.8365 4.3400 -10.4379 2.0060 20.0469 -8.1858 -6.6549
Car -1 -1 -5.2507 577.4519 182.2790 647.8281 213.4083 1.5031 1.7092 4.4610 0.0307 2.0380 38.6184 -5.2505 -6.9102
