Car -1 -1 -4.6009 654.9412 180.1643 691.3109 207.5525 1.6978 1.9396 4.6066 4.2615 2.2136 48.4860 -4.5143 5.2186
Car -1 -1 -3.0758 255.7885 177.4066 322.9188 200.8976 1.5355 1.6230 4.0829 -21.8245 1.8548 49.1917 -3.4916 1.0543
Car -1 -1 -5.0256 667.3073 182.1287 704.9502 202.7453 1.4562 1.6370 4.2045 5.7458 2.1940 55.1936 -4.9229 -1.5535
Car -1 -1 -4.8360 686.8713 184.6294 710.1084 203.3610 1.5576 1.6120 3.5545 7.7994 2.6311 64.0164 -4.7158 -2.3728
Car -1 -1 -5.4197 319.7557 180.3944 384.0714 204.7240 1.4224 1.5929 3.9358 -16.1034 1.9086 44.8875 -5.7626 -3.2115
Car -1 -1 -6.4855 693.9348 178.7784 746.4123 203.0398 1.5442 1.4849 3.1533 7.1429 1.9379 47.1545 -6.3366 -3.5043
Car -1 -1 -7.8281 333.7023 185.3296 398.7534 247.6293 1.4059 1.4683 3.1228 -6.3016 1.7580 18.6738 -8.1498 -3.5465
Car -1 -1 -7.2909 315.7458 178.5580 365.7709 200.6817 1.5291 1.5631 3.9758 -19.7677 1.9649 53.0613 -7.6462 -3.5623
Car -1 -1 -8.2864 951.5397 166.4992 1003.6711 189.6084 1.6101 1.7431 4.2404 26.5994 1.1670 52.4210 -7.8193 -3.5687
Car -1 -1 -4.6779 692.8712 183.1241 717.0166 204.1869 1.4834 1.6943 4.1010 7.2516 2.2980 55.0863 -4.5483 -3.9873
Car -1 -1 -5.5946 679.5066 181.8705 738.1957 205.2140 1.4790 1.6653 3.7548 6.6695 2.1172 49.1569 -5.4611 -4.1195
Car -1 -1 -5.1730 455.2425 185.1561 508.1774 210.8117 1.3615 1.5550 3.6997 -7.5610 2.1124 42.1088 -5.3501 -4.3505
Car -1 -1 -6.7582 263.0135 180.8698 374.0480 221.9268 1.5431 1.6774 3.9432 -12.0712 1.8982 29.9526 -7.1386 -4.4288
Car -1 -1 -5.1496 777.7834 178.9882 830.3033 205.1313 1.5424 1.6706 3.9723 12.1792 1.9482 45.6595 -4.8910 -4.4921
Car -1 -1 -4.8972 1194.5372 162.5609 1241.0000 193.1118 1.7421 1.7549 4.1476 36.6686 1.1549 43.3815 -4.1990 -4.6662
Car -1 -1 -7.5519 210.1014 183.6047 288.9871 225.4321 1.4774 1.6591 4.0639 -14.2752 1.9368 28.7195 -8.0098 -4.6798
Car -1 -1 -7.6454 384.9555 166.1169 415.1974 190.7546 1.9200 1.6261 3.5981 -16.8864 1.3947 58.0827 -7.9273 -4.9662
Car -1 -1 -5.0969 327.2455 174.3905 373.9971 198.3203 1.5132 1.5557 3.9366 -17.2715 1.6191 47.8687 -5.4416 -4.9787
Car -1 -1 -4.2768 742.3225 179.9013 793.2369 207.1537 1.6259 1.6590 4.0032 10.1135 2.0976 46.2285 -4.0633 -5.0826
Car -1 -1 -4.9553 1106.4927 169.7581 1146.3896 191.1937 1.4524 1.4520 3.5808 36.2912 1.2424 50.8219 -4.3381 -5.1237
Car -1 -1 -4.7904 1241.0000 164.7187 1241.0000 231.7596 1.6537 1.8541 4.6879 19.0641 1.4528 20.2111 -4.0418 -5.1786
Car -1 -1 -4.8831 230.4995 181.7061 284.5135 214.3041 1.4622 1.7066 4.2916 -17.5869 1.9289 35.8220 -5.3368 -5.1989
Car -1 -1 -2.4406 0.0000 179.4065 37.5792 373.8036 1.5853 1.7358 4.1385 -8.5684 1.6606 7.1429 -3.2979 -5.1992
Car -1 -1 -3.6737 978.8521 169.4913 1049.4254 190.5819 1.3927 1.5686 3.8791 27.0847 1.1703 48.4785 -3.1670 -5.4362
Car -1 -1 -5.3620 827.1362 177.3849 892.3259 201.1529 1.4129 1.6718 4.2788 15.8277 1.7162 46.0593 -5.0334 -5.4513
Car -1 -1 -4.5272 228.2386 180.7188 277.5257 210.6195 1.4678 1.6101 4.2816 -19.2122 1.9163 38.8969 -4.9835 -5.4677
Car -1 -1 -5.2708 1241.0000 167.7005 1241.0000 236.2780 1.3816 1.6014 4.1928 17.4311 1.2775 16.7627 -4.4748 -5.7215
Car -1 -1 -5.2439 926.5929 169.2699 986.3316 191.1973 1.4996 1.8336 4.4568 24.6791 1.2542 51.6447 -4.8006 -5.7219
Car -1 -1 -4.9032 821.5086 176.8047 858.0936 199.5271 1.4726 1.6329 4.1062 15.7229 1.7558 49.6371 -4.5985 -5.7240
Car -1 -1 -5.0044 702.6999 178.8779 745.8987 205.0484 1.5213 1.6002 3.8509 7.0224 1.9126 44.8889 -4.8508 -5.7312
Car -1 -1 -4.5433 462.6198 180.1527 515.2577 218.3249 1.5820 1.6710 4.2199 -5.4727 1.9351 32.8245 -4.7078 -5.7389
Car -1 -1 -1.9894 156.3270 182.2130 285.9457 251.4181 1.6907 1.7537 3.8513 -10.8759 1.9741 20.0064 -2.4821 -5.7486
Car -1 -1 -5.0898 727.9954 177.6781 777.8801 205.3220 1.5682 1.6493 3.8420 8.5584 1.8736 43.6843 -4.8981 -5.7760
Car -1 -1 -4.8686 759.2543 176.6380 803.4997 208.8591 1.5326 1.6299 3.5688 8.5948 1.7339 36.5911 -4.6402 -5.7942
Car -1 -1 -7.5878 500.1613 183.3154 554.5015 219.1188 1.4820 1.5880 3.5040 -3.7398 1.9842 32.8025 -7.7010 -5.7966
Car -1 -1 -4.3897 187.6861 181.3596 257.1005 214.8852 1.3744 1.5712 4.0161 -17.5393 1.7851 32.7603 -4.8781 -5.8244
Car -1 -1 -4.9759 709.0821 179.1037 745.3866 199.7500 1.4308 1.6173 4.1500 8.6053 1.9120 53.4505 -4.8176 -5.8455
Car -1 -1 -5.4363 864.4479 176.2970 937.7535 203.1588 1.4846 1.6505 4.1887 17.1070 1.6988 42.7048 -5.0581 -5.8491
Car -1 -1 -4.9009 1241.0000 165.6914 1241.0000 191.4335 1.4349 1.6294 3.9945 41.4605 1.0354 42.3355 -4.1295 -5.8867
Car -1 -1 -4.9922 786.8824 176.4241 826.6538 198.9014 1.4636 1.5998 3.9312 13.4382 1.7185 49.5912 -4.7295 -5.8867
Car -1 -1 -4.7867 1152.8169 170.6514 1185.9277 191.1355 1.4615 1.6355 3.9887 41.4719 1.3040 53.5955 -4.1310 -5.8867
Car -1 -1 -4.8154 1186.0905 167.7119 1224.1790 189.1745 1.4356 1.6319 3.9969 41.4678 1.0914 50.3811 -4.1298 -5.8867
Car -1 -1 -4.8529 1241.0000 166.3031 1241.0000 190.7834 1.4585 1.6475 4.0332 41.4185 1.0679 45.1187 -4.1136 -5.8867
Car -1 -1 -4.7562 730.2950 178.5685 757.5475 202.2995 1.5054 1.6294 3.8861 8.9844 1.9076 48.7876 -4.5757 -5.8867
Car -1 -1 -5.2150 1241.0000 165.1183 1241.0000 220.8392 1.4339 1.6167 4.0442 20.9806 1.2345 20.7346 -4.4310 -5.8867
Car -1 -1 -4.8415 1218.8810 167.0826 1241.0000 189.6793 1.4236 1.6252 3.9930 41.4712 1.0597 47.5715 -4.1277 -5.8867
Car -1 -1 -8.4734 1241.0000 164.0110 1241.0000 241.2651 1.3870 1.5625 3.8332 15.8886 1.2279 14.9817 -7.6686 -6.0071
Car -1 -1 -5.2620 577.6349 182.2332 647.4114 212.4488 1.4652 1.6763 4.4146 0.0271 1.9987 38.7477 -5.2619 -6.4248
