Car -1 -1 -4.6200 565.1995 157.3669 597.0409 182.8829 1.5572 1.6929 3.9647 -1.2496 0.0845 45.8683 -4.6518 2.0385
Car -1 -1 -7.9136 424.0134 163.2836 482.1979 215.8822 1.5938 1.6276 4.0840 -5.0437 1.0423 23.9513 -8.1240 1.2296
Car -1 -1 -4.3703 602.4744 158.2875 664.0891 194.1485 1.5809 1.6340 4.1154 1.5582 0.5579 33.8804 -4.3296 -0.2082
Car -1 -1 -3.1411 816.3038 162.0773 1022.7126 243.0587 1.5053 1.6299 3.6945 6.3990 1.1448 14.8175 -2.7451 -1.5167
Car -1 -1 -7.9182 745.9463 183.9040 804.1740 230.3833 1.4115 1.6073 3.6807 5.6854 1.4986 23.9603 -7.6929 -2.9048
Car -1 -1 -7.8020 1071.5522 154.8496 1135.9535 205.8780 1.5761 1.6209 3.7335 16.9134 0.7534 24.1617 -7.2014 -3.3265
Car -1 -1 -7.4439 526.8749 158.5373 575.0696 184.3246 1.6219 1.7157 4.0406 -3.2662 0.1777 47.3690 -7.5171 -3.7105
Car -1 -1 -5.1006 805.6805 159.6608 853.0835 183.4602 1.4852 1.6193 3.7420 14.7858 0.1224 46.7618 -4.8007 -3.8769
Car -1 -1 -8.4636 794.6970 161.5096 932.1086 222.5032 1.4712 1.6422 3.6374 6.8592 0.9896 19.3009 -8.1315 -4.0107
Car -1 -1 -3.6853 1173.9149 160.9267 1237.0000 284.0663 1.5902 1.6527 4.2197 11.3058 1.3252 10.6100 -2.8857 -4.0266
Car -1 -1 -8.1031 867.2471 163.0846 969.9276 225.8519 1.5187 1.6295 3.5815 8.3401 1.0737 19.2729 -7.7047 -4.0820
Car -1 -1 -7.9881 1126.5449 158.6745 1233.0255 222.3436 1.4807 1.6003 3.8295 14.9195 0.9504 18.7631 -7.3281 -4.2521
Car -1 -1 -5.3395 912.4733 174.6359 1124.5682 249.4242 1.3897 1.6612 4.3739 8.7284 1.2628 15.6242 -4.8424 -4.2542
Car -1 -1 -6.7286 413.3055 151.9873 495.1476 183.5469 1.7779 1.7431 4.4275 -8.6730 0.1155 42.5013 -6.9334 -4.2969
Car -1 -1 -6.5366 758.9348 145.9279 871.8229 184.2339 1.6098 1.7317 4.3836 9.1766 0.1152 31.1107 -6.2568 -4.3424
Car -1 -1 -7.3218 914.2656 149.3898 1015.4087 189.5131 1.5232 1.7231 4.3476 14.7755 0.3046 29.1801 -6.8616 -4.4265
Car -1 -1 -6.4700 564.8082 160.0920 618.3764 183.2117 1.5155 1.5615 3.3563 -0.6679 0.1122 48.1930 -6.4886 -4.5829
Car -1 -1 -2.6944 555.9254 155.3299 614.5320 179.4772 1.6252 1.5762 3.7738 -1.1211 -0.1453 50.0863 -2.7214 -4.6451
Car -1 -1 -3.1416 404.6766 147.2925 482.3285 177.1185 1.5344 1.6465 3.9871 -8.4630 -0.2426 38.5564 -3.3609 -4.6685
Car -1 -1 -6.0984 579.5921 161.3267 644.3278 185.3059 1.3945 1.4110 3.6660 0.6430 0.2214 42.8219 -6.0882 -4.9076
Car -1 -1 -7.9757 500.6527 160.1282 532.0969 182.2958 1.4006 1.6181 3.5430 -5.6276 0.0503 47.3020 -8.0982 -4.9421
Car -1 -1 -8.3668 982.0352 159.2590 1223.4132 275.7219 1.5633 1.6623 3.2528 7.5702 1.2654 11.3161 -7.7931 -4.9550
Car -1 -1 -7.9269 518.6801 153.5645 545.7398 175.2988 1.5603 1.7213 4.5479 -5.3521 -0.4984 55.3221 -8.0276 -5.0836
Car -1 -1 -4.0975 0.0000 197.9363 19.1623 373.0000 1.3262 1.4754 2.9542 -5.3543 1.4662 4.4744 -4.9496 -5.1862
Car -1 -1 -3.8372 862.4876 152.2993 974.2758 194.2811 1.5201 1.7533 3.6238 12.0279 0.4632 27.3672 -3.4315 -5.2100
Car -1 -1 -7.8162 659.5395 167.5889 746.3057 242.8436 1.5604 1.8001 3.9724 2.4155 1.2725 17.0048 -7.6826 -5.2935
Car -1 -1 -3.3009 356.5832 151.9111 424.5746 178.9050 1.4549 1.6002 3.4627 -11.8816 -0.1514 40.4721 -3.5894 -5.2948
Car -1 -1 -6.2752 500.2304 155.7465 556.2014 183.2811 1.8594 1.6792 3.7749 -5.0286 0.1203 49.5271 -6.3806 -5.4445
Car -1 -1 -8.2072 868.7435 141.1596 948.1827 179.6264 1.5026 1.6250 4.4265 12.9046 -0.0852 30.5234 -7.8150 -5.5342
Car -1 -1 -6.5400 753.0502 167.0784 911.9910 216.5435 1.4050 1.7594 4.1791 6.7360 0.9958 21.3660 -6.2431 -5.5658
Car -1 -1 -7.0378 1152.8325 147.3153 1237.0000 216.6878 1.5564 1.6277 4.0575 15.6306 0.7900 16.9764 -6.3063 -5.8312
Car -1 -1 -5.5152 0.0000 0.0000 1193.0955 373.0000 1.4987 1.6060 3.9585 2.1601 1.4906 1.7342 -4.6977 -5.8867
Car -1 -1 -7.4267 1237.0000 89.3043 1237.0000 373.0000 1.4636 1.5975 3.8298 5.4574 1.2275 2.8176 -6.3753 -5.8867
Car -1 -1 -6.8232 0.0000 0.0000 1237.0000 373.0000 1.4728 1.5926 3.8383 -2.8879 1.4854 1.4127 -7.8745 -5.8867
Car -1 -1 -4.5632 0.0000 0.0000 1237.0000 373.0000 1.4990 1.6052 3.9592 -0.2518 1.5178 1.7467 -4.6977 -5.8867
Car -1 -1 -2.6819 339.0584 161.8354 452.1072 200.1060 1.6739 1.6737 4.6841 -9.3408 0.8141 32.6571 -2.9633 -6.0728
Car -1 -1 -5.5260 0.0000 175.4604 29.8662 363.8838 1.6432 1.8284 4.6584 -9.1187 1.5912 7.4449 -6.4005 -6.3072
Car -1 -1 -3.9637 0.0000 142.6828 0.0000 373.0000 1.4821 1.6063 4.4383 -7.2078 1.3558 4.6949 -4.9373 -6.4655
Car -1 -1 -6.7611 0.0000 201.1087 153.8947 373.0000 1.4540 1.5847 3.8107 -4.1853 1.5940 3.0814 -7.6639 -6.4966
Car -1 -1 -7.2228 1132.4838 186.1267 1237.0000 334.0037 1.3849 1.3492 3.1834 7.6359 1.4416 7.7400 -6.4663 -6.8365
