Car -1 -1 -3.8197 0.0000 221.3354 208.2187 373.0000 1.4629 1.5631 3.6246 -3.0757 1.6900 2.2676 -4.7089 3.0442
Car -1 -1 -4.5114 500.7902 163.9258 532.4443 187.0376 1.7776 1.7329 4.1651 -6.7109 0.4258 57.3935 -4.6322 0.7368
Car -1 -1 -7.8033 758.4932 169.3542 815.2130 223.6143 1.4974 1.5146 3.3050 5.6051 1.1627 21.6252 -7.5578 -0.3515
Car -1 -1 -6.5789 445.5760 166.9134 507.9372 191.1444 1.5724 1.6366 3.8108 -8.3534 0.6259 48.2094 -6.7545 -1.2105
Car -1 -1 -4.5810 742.6680 168.2299 838.7281 246.7068 1.5082 1.5799 3.9709 4.2649 1.2538 15.9420 -4.3289 -1.4027
Car -1 -1 -5.5617 795.9462 166.2543 981.1839 243.6965 1.5088 1.5909 3.6599 6.1908 1.2124 15.9845 -5.2029 -1.7452
Car -1 -1 -7.9938 465.6308 163.5243 494.5776 184.5341 1.6903 1.7745 4.3792 -10.1705 0.2440 60.1498 -8.1654 -1.8732
Car -1 -1 -4.8513 530.0604 166.2971 573.3511 199.3967 1.5632 1.6253 3.7949 -2.5492 0.8455 35.9517 -4.9265 -1.9619
Car -1 -1 -8.0060 425.2632 171.0188 471.9238 204.0601 1.4404 1.5616 3.6350 -7.1431 0.9838 33.2919 -8.2207 -2.1108
Car -1 -1 -8.0768 735.3498 158.3310 772.9066 181.4147 1.5782 1.6898 4.2683 10.8576 -0.0064 51.2793 -7.8740 -3.1362
Car -1 -1 -8.8904 1052.9171 169.5275 1237.0000 236.3485 1.4509 1.5791 3.7792 13.4189 1.1915 17.6451 -8.2525 -3.3571
Car -1 -1 -7.8989 583.7631 176.7427 660.8859 245.5128 1.4944 1.6541 4.0710 0.3697 1.3916 17.6686 -7.8837 -3.7976
Car -1 -1 -7.6123 872.3287 172.9285 1026.5234 274.5273 1.4088 1.5210 3.4979 5.7647 1.2906 11.7976 -7.1719 -3.8767
Car -1 -1 -5.1302 645.4675 178.2749 730.4711 222.6185 1.4379 1.5843 3.6691 2.9313 1.3338 25.2819 -5.0211 -3.8916
Car -1 -1 -8.0077 439.7441 156.3076 470.2601 179.7847 1.8286 1.7731 4.3608 -11.9687 -0.1459 58.6480 -8.2129 -4.1045
Car -1 -1 -8.1133 789.4577 151.4570 840.9693 182.8423 1.6418 1.7380 3.9208 11.6966 0.0704 39.5557 -7.8324 -4.1383
Car -1 -1 -8.1092 345.7325 171.8641 380.1411 192.5557 1.5458 1.6108 3.7958 -18.4997 0.8259 55.6943 -8.4334 -4.1474
Car -1 -1 -7.3732 367.2189 171.7622 411.6393 191.1555 1.4588 1.6356 4.0980 -16.5098 0.7262 56.2017 -7.6626 -4.2438
Car -1 -1 -5.5321 1052.0122 157.6000 1206.1216 209.7748 1.5695 1.6785 4.0104 17.2187 0.8510 23.7417 -4.9148 -4.7107
Car -1 -1 -5.5046 1062.1340 151.5590 1237.0000 291.5409 1.6750 1.7032 4.4737 9.3921 1.3174 10.9053 -4.8107 -4.7401
Car -1 -1 -5.6342 345.5935 165.3592 429.3141 195.2639 1.5421 1.6553 4.1436 -11.4838 0.7100 38.5420 -5.9268 -4.7673
Car -1 -1 -4.3468 0.0000 213.5976 25.1796 373.0000 1.3796 1.5126 3.0353 -5.5809 1.6862 5.1516 -5.1533 -4.7889
Car -1 -1 -5.4260 813.6693 168.9585 896.4099 204.4490 1.4316 1.5232 3.3229 10.7847 0.9260 30.8008 -5.0968 -4.8487
Car -1 -1 -4.5358 0.0000 194.9124 204.2250 373.0000 1.4398 1.5973 3.6023 -4.6841 1.5982 6.4795 -5.1489 -5.0331
Car -1 -1 -7.9968 1110.4347 165.2484 1237.0000 373.0000 1.5249 1.6437 3.9531 6.1289 1.4137 7.0661 -7.3060 -5.0826
Car -1 -1 -2.4898 0.0000 207.7797 35.0573 373.0000 1.4191 1.4651 2.9416 -7.4205 1.7003 6.6947 -3.3131 -5.1128
Car -1 -1 -6.8345 960.1495 166.3326 1156.1259 244.0228 1.4888 1.4580 3.0300 9.0812 1.1987 14.5025 -6.2884 -5.1881
Car -1 -1 -4.8324 793.2539 174.2770 842.2643 210.4383 1.4466 1.5459 3.5718 9.1405 1.1580 30.6239 -4.5497 -5.3539
Car -1 -1 -4.6132 537.3658 168.1687 571.1593 196.2238 1.4496 1.4910 3.6726 -2.5220 0.7610 38.9741 -4.6823 -5.6508
Car -1 -1 -5.9551 386.7016 167.6289 475.0366 203.6043 1.7518 1.6302 3.9945 -8.5133 1.0766 35.9756 -6.1909 -6.5149
