Car -1 -1 -4.6120 509.8408 162.3302 537.0942 184.2120 1.6045 1.6830 4.0679 -5.8821 0.1988 54.7140 -4.7234 0.9925
Car -1 -1 -8.0096 770.2459 163.7431 869.7905 238.3233 1.5107 1.5912 3.4359 4.8128 1.1516 16.3518 -7.7329 -0.6716
Car -1 -1 -8.5094 905.8427 174.9727 1041.1033 225.3855 1.4053 1.5966 3.9206 11.2506 1.2238 22.1019 -8.0485 -1.0619
Car -1 -1 -8.8467 976.7371 184.2547 1237.0000 352.6927 1.3095 1.5269 3.2886 5.7968 1.3456 7.4503 -8.2078 -1.6706
Car -1 -1 -5.6314 803.3773 166.0643 1003.1964 243.0952 1.4727 1.6051 3.8365 6.4258 1.1782 15.7907 -5.2559 -2.2849
Car -1 -1 -7.9487 543.1576 156.8028 588.5594 197.1205 1.7845 1.7243 4.1998 -1.7579 0.6917 34.0002 -8.0049 -2.6797
Car -1 -1 -7.0841 760.9553 165.7061 885.1437 222.2813 1.5240 1.5453 3.3736 6.4138 1.0991 20.8495 -6.7943 -2.9228
Car -1 -1 -7.8375 443.1641 171.9875 481.7190 206.7895 1.4239 1.5565 3.9421 -6.0771 1.0350 31.4669 -8.0318 -3.2086
Car -1 -1 -8.0121 974.7877 141.3882 1041.9908 184.5613 1.6358 1.6971 4.2830 16.5970 0.1164 29.5198 -7.5085 -3.2280
Car -1 -1 -8.0362 674.7636 148.9386 726.1553 189.2484 1.8112 1.6952 4.0324 4.6509 0.3484 34.3356 -7.9074 -3.3279
Car -1 -1 -6.3714 838.6282 147.8270 942.9875 189.0163 1.6488 1.6850 3.9059 12.0128 0.3012 30.1098 -5.9996 -3.4294
Car -1 -1 -7.8499 589.5349 173.1677 670.5554 243.5708 1.4840 1.7098 3.9655 0.6323 1.3090 17.1533 -7.8189 -3.4670
Car -1 -1 -4.9270 671.5084 169.6000 742.0917 216.7518 1.4714 1.5739 3.6852 3.4530 1.1005 24.3163 -4.7925 -3.5539
Car -1 -1 -2.6789 418.1926 166.5378 484.1682 190.3360 1.5362 1.6196 3.9789 -9.9465 0.5704 47.6504 -2.8885 -3.6742
Car -1 -1 -7.5886 326.9531 154.7790 368.3646 179.1730 1.4829 1.5943 3.6958 -16.1687 -0.1550 45.9362 -7.9300 -3.9526
Car -1 -1 -5.7133 1103.8497 149.1235 1237.0000 278.3928 1.5436 1.6690 3.8125 9.8396 1.1577 10.6380 -4.9843 -4.0615
Car -1 -1 -7.9255 1023.2145 140.0030 1084.3909 184.9671 1.6551 1.7185 4.2116 17.9606 0.1280 28.7056 -7.3753 -4.0939
Car -1 -1 -4.6860 420.6492 163.7361 455.1153 195.4216 1.5716 1.6756 4.5434 -8.6061 0.6907 38.0215 -4.9120 -4.1071
Car -1 -1 -8.5992 1112.2000 168.2241 1237.0000 351.3839 1.4262 1.6115 3.5792 7.2733 1.3236 7.3906 -7.8447 -4.2560
Car -1 -1 -2.4644 436.5246 161.7596 493.0475 183.6298 1.7531 1.7105 4.5071 -11.2849 0.1706 59.3903 -2.6562 -4.3147
Car -1 -1 -6.2491 356.2142 159.5593 428.9595 189.4974 1.6180 1.7565 3.8246 -11.6237 0.4324 40.1473 -6.5340 -4.5757
Car -1 -1 -3.4234 0.0000 183.5541 43.8560 373.0000 1.4728 1.4731 3.1715 -6.5247 1.4942 5.4893 -4.2772 -4.6061
Car -1 -1 -7.8970 798.9319 155.5386 845.1231 196.6319 1.6478 1.6917 3.8401 9.3970 0.6071 30.8721 -7.6088 -4.6201
Car -1 -1 -7.7479 624.0422 165.9379 677.7412 209.6469 1.4736 1.5765 3.8877 1.8514 0.9494 26.2678 -7.6832 -4.6859
Car -1 -1 -4.7465 993.9426 169.2337 1058.1166 222.7923 1.4810 1.4961 3.8112 12.8226 1.1423 21.8981 -4.2270 -4.8513
Car -1 -1 -4.9207 418.4522 163.0983 473.2618 200.5594 1.6649 1.6354 4.5052 -7.5090 0.8473 34.3135 -5.1394 -5.1466
Car -1 -1 -6.8561 551.1622 165.1746 639.2914 204.7550 1.5493 1.5581 3.3331 -0.2585 0.9106 29.6884 -6.8697 -5.1575
Car -1 -1 -2.7075 290.6134 159.7290 377.3034 188.4925 1.5438 1.6723 4.1561 -14.6890 0.3755 39.5466 -3.0657 -5.1706
Car -1 -1 -2.8304 344.0295 160.0375 440.5284 197.1509 1.8136 1.6331 4.3515 -10.4332 0.7650 35.9745 -3.1156 -5.7019
Car -1 -1 -7.4658 485.4474 160.1566 523.7346 179.8236 1.6141 1.7755 4.3028 -8.2349 -0.1495 61.6565 -7.6028 -5.7992
