Car -1 -1 -4.5181 351.4957 181.4172 547.6398 329.8475 1.4808 1.6079 4.2543 -1.7256 1.4807 9.3016 -4.7025 6.0467
Car -1 -1 -3.5717 488.8413 171.3523 565.8469 200.5802 1.5288 1.6242 3.8623 -4.0385 0.9982 39.2589 -3.6786 -1.6920
Car -1 -1 -4.8527 604.9745 158.4489 690.7029 229.7547 1.8832 1.8868 4.2646 1.2153 1.2749 21.1790 -4.8013 -1.7141
Car -1 -1 -4.7456 568.8527 172.1931 594.6984 196.2495 1.5821 1.6193 3.7717 -1.3691 0.9700 49.1767 -4.7783 -1.9310
Car -1 -1 -6.7428 470.4977 169.2259 555.8291 201.5564 1.5814 1.6806 4.0319 -4.5243 0.9813 36.9513 -6.8688 -2.1909
Car -1 -1 -6.0022 439.6588 181.6900 523.7375 211.5977 1.3466 1.5038 3.5710 -5.5325 1.3559 33.3021 -6.1707 -2.8750
Car -1 -1 -4.6546 747.5065 172.3825 817.4735 237.3807 1.4796 1.5560 2.9887 4.5619 1.2726 18.0091 -4.4152 -3.7162
Car -1 -1 -7.9778 531.3596 163.4237 557.8982 184.1087 1.6701 1.7133 3.9831 -4.7618 0.2105 60.1243 -8.0613 -3.7476
Car -1 -1 -8.0365 464.7159 177.8897 508.4572 204.3451 1.3581 1.5892 4.2107 -6.3127 1.1730 39.1265 -8.2004 -4.3544
Car -1 -1 -5.2623 593.8789 173.6727 674.2515 210.0513 1.4156 1.6020 3.7542 1.2741 1.1114 29.9809 -5.2252 -4.4099
Car -1 -1 -6.0466 691.3807 159.9183 756.8210 183.6755 1.5832 1.7760 4.1484 8.4630 0.1450 49.4978 -5.8829 -4.4442
Car -1 -1 -8.3747 644.0886 170.2366 724.3693 206.4688 1.5294 1.7370 4.1844 3.6539 1.0543 32.5863 -8.2690 -4.5528
Car -1 -1 -5.2236 1085.7286 91.4915 1237.0000 172.8220 1.6327 1.7131 4.3154 13.5930 -0.2341 17.1629 -4.5658 -4.6296
Car -1 -1 -2.5071 377.6834 170.4149 462.7776 201.6147 1.4292 1.5419 3.7561 -8.6695 0.9217 34.3229 -2.7577 -4.6732
Car -1 -1 -8.4993 1045.5204 122.7312 1200.7573 180.8056 1.5181 1.6568 3.7599 14.8254 -0.0214 20.7320 -7.8893 -4.7221
Car -1 -1 -7.7098 592.9373 169.3671 629.1301 196.8759 1.7013 1.7957 4.1104 0.6762 0.9510 46.5942 -7.7003 -4.7516
Car -1 -1 -7.1490 426.7857 156.0211 479.2797 180.5100 1.5858 1.5052 3.6131 -9.9911 -0.0697 48.6211 -7.3553 -4.8529
Car -1 -1 -6.4477 1156.2727 99.1897 1237.0000 170.6763 1.5566 1.7474 4.0533 16.5355 -0.2985 18.0187 -5.7172 -5.0692
Car -1 -1 -7.2475 369.2646 185.9741 486.8230 239.6873 1.2794 1.4351 3.2932 -4.5648 1.4106 19.2024 -7.4832 -5.1453
Car -1 -1 -8.3570 780.8435 129.6016 1237.0000 373.0000 1.6624 1.6560 4.7352 3.2154 1.3521 6.7306 -7.9319 -5.2706
Car -1 -1 -4.8884 676.3850 167.7479 714.7493 193.7933 1.6467 1.7665 4.2809 6.1891 0.7773 47.5997 -4.7647 -5.5054
Car -1 -1 -3.0503 293.4395 167.3932 422.0799 209.3324 1.5925 1.7079 4.7266 -9.6179 1.0572 28.6575 -3.3764 -5.5075
Car -1 -1 -6.4648 1223.4149 80.0566 1237.0000 176.4613 1.6778 1.6903 3.4063 14.7384 -0.1117 14.3384 -5.6795 -5.5226
Car -1 -1 -2.2727 0.0000 181.4748 44.3084 373.0000 1.4068 1.5525 4.1483 -5.9309 1.4075 4.0525 -3.2200 -5.6829
Car -1 -1 -7.6749 467.5522 174.0665 533.2698 223.9113 1.4968 1.5404 3.3938 -3.2280 1.2740 23.2956 -7.8162 -5.7156
Car -1 -1 -4.3959 447.0234 171.0297 521.8696 211.3697 1.4568 1.6010 4.4810 -4.5173 1.0791 28.2782 -4.5579 -5.7338
Car -1 -1 -8.0015 451.4636 178.3470 550.3584 260.4739 1.6086 1.6049 3.8513 -2.4084 1.5474 16.1460 -8.1527 -5.7827
Car -1 -1 -1.9086 0.0000 179.9885 19.2931 264.5314 1.7200 1.7041 4.3188 -15.4159 1.6899 16.3680 -2.6614 -5.8198
Car -1 -1 -3.7555 0.0000 186.6461 131.3854 373.0000 1.4886 1.6006 3.9532 -3.8567 1.5220 2.5772 -4.6976 -5.8867
Car -1 -1 -3.4784 0.0000 0.0000 1237.0000 373.0000 1.5061 1.6038 3.9574 -5.4673 1.6112 1.7792 -4.6973 -5.8867
Car -1 -1 -3.4243 0.0000 193.9485 0.0000 373.0000 1.4834 1.5968 3.9504 -7.8788 1.5566 2.1966 -4.6977 -5.8867
Car -1 -1 -3.9452 107.3148 0.0000 1237.0000 373.0000 1.4963 1.6036 3.9573 -1.8598 1.5289 1.7544 -4.6976 -5.8867
Car -1 -1 -5.3605 0.0000 0.0000 1237.0000 373.0000 1.5003 1.6068 4.0566 40.2305 0.5341 -0.4672 -3.7896 -5.8867
Car -1 -1 -7.4518 586.2874 177.4394 619.8604 196.7523 1.3192 1.3056 3.0191 0.1541 1.0418 50.7126 -7.4538 -6.9024
