Car -1 -1 -6.9905 0.0000 0.0000 1237.0000 373.0000 1.5179 1.5363 3.3942 -2.1859 1.6238 1.4355 -7.9082 -0.9958
Car -1 -1 -8.0107 599.7019 163.9205 692.6471 244.5025 1.8992 1.7479 4.4112 1.0273 1.4854 19.2180 -7.9634 -1.1910
Car -1 -1 -6.6184 0.0000 193.3860 126.2252 358.7333 1.4411 1.6177 3.9266 -8.3184 1.6204 8.6794 -7.3732 -1.8899
Car -1 -1 -4.1306 522.8105 175.7638 567.5553 194.3719 1.7458 1.8832 5.0847 -5.3921 1.2073 70.0759 -4.2121 -2.2090
Car -1 -1 -7.8458 503.5752 181.8123 535.8586 212.0577 1.5268 1.6254 4.2188 -4.3776 1.5447 38.4917 -7.9634 -2.6537
Car -1 -1 -7.5548 298.8773 183.3280 386.5181 231.2289 1.4042 1.5928 3.8577 -8.2540 1.4686 23.1696 -7.8987 -2.7888
Car -1 -1 -4.2690 506.1125 181.2786 551.0090 205.2004 1.5590 1.5943 3.7550 -4.8994 1.5446 48.8486 -4.3735 -3.1363
Car -1 -1 -7.9066 584.1807 172.0866 603.9529 188.5952 1.5710 1.7287 3.5037 -0.7028 0.6749 70.1658 -7.9215 -3.5296
Car -1 -1 -5.4170 236.7343 179.7211 381.2860 238.4149 1.5567 1.6270 4.0320 -8.4786 1.5100 20.6993 -5.8067 -3.7818
Car -1 -1 -8.1773 495.5957 180.7917 542.2728 207.9661 1.5543 1.6265 3.8530 -5.0032 1.5139 43.1767 -8.2970 -3.8576
Car -1 -1 -4.6585 582.1450 179.7421 615.8981 208.0886 1.4457 1.6354 3.6238 -0.0936 1.3563 38.4847 -4.6660 -3.8721
Car -1 -1 -7.6558 591.6121 181.0867 636.3464 211.1347 1.4434 1.5823 3.7624 0.6809 1.4238 36.5117 -7.6424 -3.9262
Car -1 -1 -6.9621 445.8185 181.0988 509.9407 208.3579 1.5184 1.5536 3.4825 -7.1610 1.4962 41.8345 -7.1357 -3.9763
Car -1 -1 -4.6519 192.5746 197.4389 238.2777 235.6034 1.8003 1.8991 3.9490 -20.3060 2.6902 37.9052 -5.1461 -3.9817
Car -1 -1 -7.8651 0.0000 0.0000 942.6746 373.0000 1.5417 1.5738 3.7074 -0.5496 1.6858 1.0590 -8.2717 -4.1361
Car -1 -1 -4.5148 223.1891 195.3396 274.3948 230.9140 1.7286 1.7666 3.7967 -18.8661 2.5115 38.5682 -4.9724 -4.4758
Car -1 -1 -5.9171 537.0604 183.7118 593.6998 206.5292 1.5370 1.5883 3.6053 -2.4883 1.6948 49.9492 -5.9718 -4.5679
Car -1 -1 -4.9645 596.5842 182.9518 654.5934 219.4467 1.5295 1.6592 3.8996 1.0039 1.5993 32.3557 -4.9389 -4.8021
Car -1 -1 -7.6027 286.4578 184.8915 386.1224 252.4744 1.5033 1.5864 3.1045 -6.4805 1.5954 17.7643 -7.9532 -5.2571
Car -1 -1 -6.5897 0.0000 0.0000 1237.0000 373.0000 1.4832 1.6295 4.0922 -3.6788 1.5628 0.7777 -7.8905 -5.5366
Car -1 -1 -4.3748 471.6809 181.4956 526.0015 211.2775 1.5581 1.6704 4.2904 -5.6213 1.5580 39.8465 -4.5191 -5.5418
Car -1 -1 -4.8958 615.7517 178.7399 665.6290 209.5737 1.5104 1.7599 4.5888 1.9717 1.3754 37.5800 -4.8488 -5.5705
Car -1 -1 -8.0351 563.7189 172.7743 589.2701 188.5726 1.5121 1.7199 4.5072 -2.4641 0.6766 71.1405 -8.0745 -5.5842
Car -1 -1 -4.0924 553.7786 170.2105 598.8908 191.1926 1.8900 1.8324 4.7143 -2.2655 0.8728 67.1790 -4.1309 -5.7023
Car -1 -1 -5.0148 614.1955 185.5697 692.3087 225.0217 1.3369 1.7053 4.2527 1.8294 1.5035 27.0767 -4.9532 -5.8535
Car -1 -1 -4.5202 255.2376 188.2431 303.3718 219.7433 1.5659 1.6349 4.0735 -17.3354 1.9507 38.8070 -4.9430 -5.8867
Car -1 -1 -5.0139 811.8922 172.3561 930.3949 239.4220 1.4493 1.5334 3.9405 6.3773 1.2523 17.5211 -4.6749 -5.9839
Car -1 -1 -2.4905 402.7480 182.3058 472.9816 213.6324 1.5667 1.5534 3.2930 -8.5177 1.6104 37.3800 -2.7182 -6.1258
Car -1 -1 -7.4985 159.5959 169.7543 287.9569 237.4717 1.7355 1.9419 4.0686 -10.6437 1.4350 20.5474 -7.9765 -6.1356
Car -1 -1 -3.0264 448.0818 181.4779 524.4079 205.0908 1.5187 1.7433 4.7879 -7.5071 1.5173 47.1827 -3.1884 -6.2570
Car -1 -1 -4.2348 749.0997 209.8513 1199.0371 373.0000 1.3121 1.5957 2.7930 2.4811 1.5593 4.7700 -3.7833 -7.3223
