Car -1 -1 -4.5742 438.7835 176.0867 573.0367 281.2993 1.4830 1.6757 4.1922 -1.4763 1.4074 12.2335 -4.6974 6.7664
Car -1 -1 -5.3005 579.5633 169.8778 627.7238 193.3224 1.5776 1.5940 3.6612 0.1298 0.7955 50.3000 -5.3029 -0.1522
Car -1 -1 -8.1364 619.5533 162.3951 705.8840 219.4735 1.6613 1.6631 4.0068 1.8299 1.1057 23.0405 -8.0632 -1.6635
Car -1 -1 -7.7244 751.0042 174.2718 827.2827 237.1018 1.4020 1.4389 3.3537 4.6979 1.2413 17.8531 -7.4759 -2.6813
Car -1 -1 -7.8683 577.7628 168.0492 628.4881 214.6563 1.5080 1.6429 4.1697 -0.0144 1.0733 25.3437 -7.8740 -3.2587
Car -1 -1 -6.8376 0.0000 200.2232 135.1872 303.7303 1.2921 1.5818 3.5738 -9.8339 1.6461 11.6150 -7.5345 -3.4500
Car -1 -1 -8.0036 524.5577 168.5877 557.4207 193.4996 1.5563 1.6281 3.3491 -3.9560 0.7497 46.6945 -8.0926 -3.7905
Car -1 -1 -5.8548 702.1511 159.3087 766.0770 182.9498 1.5929 1.7393 4.0394 9.2758 0.0977 50.2634 -5.6780 -4.0311
Car -1 -1 -7.6120 1147.5529 104.5486 1237.0000 177.5122 1.4941 1.6548 4.0159 14.4249 -0.1028 16.7654 -6.9139 -4.3011
Car -1 -1 -6.3837 1186.3314 120.0244 1237.0000 373.0000 1.5371 1.5862 3.0076 4.9892 1.3615 3.6896 -5.4886 -4.3148
Car -1 -1 -8.3316 1040.9784 141.9283 1151.7329 187.1190 1.4108 1.5503 3.6322 16.5817 0.1759 24.3170 -7.7430 -4.7756
Car -1 -1 -4.8376 797.1809 170.5749 902.5887 237.4074 1.4996 1.9170 4.6645 6.2132 1.2550 18.5888 -4.5244 -4.8091
Car -1 -1 -6.9743 313.7571 171.7823 439.5031 214.9606 1.4473 1.6595 4.3431 -8.1503 1.1220 26.3499 -7.2765 -4.8928
Car -1 -1 -2.0463 41.3514 192.0775 207.8535 267.7318 1.3867 1.4842 3.4760 -10.0729 1.6314 15.0796 -2.6326 -4.8942
Car -1 -1 -5.5797 0.0000 0.0000 1237.0000 373.0000 1.3921 1.5303 3.0657 2.0541 1.5859 0.7727 -4.4827 -4.9362
Car -1 -1 -6.5335 531.7743 170.3816 596.5645 198.5688 1.5372 1.5800 3.3509 -2.1118 0.9310 40.4338 -6.5903 -5.0217
Car -1 -1 -7.8596 769.9429 172.2713 931.0937 313.6513 1.4143 1.5726 4.2628 3.1247 1.3227 9.4546 -7.5541 -5.0431
Car -1 -1 -6.5517 1237.0000 99.5487 1237.0000 187.9037 1.5832 1.7174 3.7010 15.4836 0.1154 14.5529 -5.7492 -5.0898
Car -1 -1 -7.7667 530.2161 165.1217 568.9836 203.7925 1.7607 1.5630 3.6679 -2.4555 1.0152 34.5487 -7.8421 -5.1555
Car -1 -1 -6.7563 1103.6445 125.9619 1237.0000 181.4479 1.6122 1.7185 3.7196 17.9093 -0.0013 22.0819 -6.0855 -5.1967
Car -1 -1 -3.6673 473.7898 175.1926 545.5312 203.9127 1.4885 1.5704 3.5517 -4.9567 1.1618 38.9363 -3.7981 -5.3158
Car -1 -1 -3.5260 957.5633 131.9630 1119.7986 185.3784 1.6544 1.8215 4.1391 14.1120 0.1206 23.4532 -2.9941 -5.5122
Car -1 -1 -2.0090 0.0000 181.2610 0.0000 373.0000 1.4147 1.5771 3.9948 -6.1614 1.4145 4.1141 -2.9676 -5.6567
Car -1 -1 -6.0806 492.6377 165.9344 560.1615 189.8540 1.7380 1.6926 4.7403 -5.5190 0.6070 53.2625 -6.1882 -5.7151
Car -1 -1 -4.2184 255.6018 0.0000 1237.0000 373.0000 1.5091 1.6139 3.8947 -1.0630 1.5109 1.7865 -4.7056 -5.8867
Car -1 -1 -3.4679 0.0000 187.9654 0.0000 373.0000 1.5035 1.6080 3.9547 -7.8763 1.5455 2.5940 -4.6960 -5.8867
Car -1 -1 -4.1095 901.1753 71.8746 1237.0000 373.0000 1.6262 1.5011 2.8191 3.0590 1.2788 3.3886 -3.4183 -6.2449
Car -1 -1 -7.5779 501.2169 170.0548 584.7527 218.5674 1.5647 1.8490 4.3395 -1.9844 1.1960 25.4762 -7.6600 -6.6152
