Car -1 -1 -4.7636 515.9496 156.0449 542.9490 179.9461 1.6983 1.7564 4.4347 -5.4009 -0.1213 53.6715 -4.8681 -0.0248
Car -1 -1 -8.3709 790.4704 164.7736 934.4445 234.8114 1.4776 1.5870 3.6130 6.0056 1.1253 17.0778 -8.0427 -0.9149
Car -1 -1 -2.5141 428.4489 161.5591 496.9941 185.9393 1.5637 1.7279 4.2683 -9.2190 0.2848 47.7525 -2.7085 -1.8156
Car -1 -1 -4.8614 544.7056 158.6014 590.4755 194.1759 1.6512 1.6361 4.1293 -1.7434 0.5886 35.5288 -4.9150 -2.1591
Car -1 -1 -8.0837 673.5881 179.5759 739.2991 221.8475 1.4478 1.5843 3.5807 3.7665 1.3823 26.4602 -7.9489 -2.4066
Car -1 -1 -8.5236 1015.8677 182.5896 1237.0000 332.9885 1.2923 1.4396 2.9494 5.9888 1.3069 7.6890 -7.8836 -2.5107
Car -1 -1 -3.8500 1008.3698 171.6655 1237.0000 249.8825 1.3929 1.6499 3.8082 10.1073 1.2184 13.7851 -3.2316 -2.8432
Car -1 -1 -7.7704 936.3641 193.4762 1023.5470 260.6516 1.3206 1.5419 3.5903 8.8515 1.6324 16.7408 -7.2958 -2.8889
Car -1 -1 -5.9821 425.6170 162.0485 494.0322 189.6235 1.6337 1.7112 3.7386 -8.5629 0.4814 43.6032 -6.1797 -3.2460
Car -1 -1 -8.2504 890.6387 168.2697 981.1850 210.8834 1.4137 1.5246 3.8704 11.8583 0.9752 25.7843 -7.8283 -3.3538
Car -1 -1 -7.8623 600.0162 170.2764 680.4537 241.0145 1.4945 1.7005 4.2117 0.8533 1.2579 17.3106 -7.8191 -3.8716
Car -1 -1 -8.3176 520.6596 162.8730 580.2157 193.7691 1.5867 1.5958 3.9760 -2.8280 0.6303 39.0064 -8.3944 -3.9263
Car -1 -1 -7.5623 641.2300 164.3319 704.7161 203.1133 1.4748 1.6036 3.6901 2.9636 0.8223 29.3277 -7.4675 -3.9394
Car -1 -1 -8.1923 962.6275 166.5146 1071.9258 218.3905 1.4293 1.5758 4.0339 12.4935 1.0169 21.9122 -7.6843 -3.9599
Car -1 -1 -8.0544 476.3588 159.0373 506.7643 180.9091 1.5666 1.5606 3.4659 -8.1885 -0.0456 53.4517 -8.2105 -4.0368
Car -1 -1 -4.3421 315.7831 173.5402 386.5640 212.1043 1.5151 1.5406 3.7989 -10.4289 1.2027 30.1472 -4.6776 -4.2539
Car -1 -1 -6.9387 703.6338 165.0491 839.3140 215.9018 1.5195 1.7070 4.0529 5.4436 1.0284 23.0874 -6.7148 -4.3273
Car -1 -1 -8.2984 804.4016 150.0438 867.4155 180.8857 1.5742 1.7419 3.7921 12.5635 -0.0347 38.7430 -7.9915 -4.4708
Car -1 -1 -8.5190 958.3827 142.3253 1062.0702 185.1173 1.7489 1.6736 4.2337 17.8152 0.1482 31.5814 -8.0137 -4.5042
Car -1 -1 -6.4019 840.7935 143.3205 956.6887 184.3937 1.6285 1.7924 4.2564 12.2415 0.1151 29.8979 -6.0211 -4.5555
Car -1 -1 -7.1615 1205.6047 187.9972 1237.0000 370.6349 1.3470 1.4440 3.3724 7.3685 1.4100 6.1190 -6.3099 -4.6402
Car -1 -1 -4.7258 417.1375 165.6997 456.0657 201.0231 1.4479 1.5660 3.8061 -7.2725 0.8006 31.4805 -4.9559 -4.6468
Car -1 -1 -5.9157 0.0000 189.2722 0.4306 350.8536 1.5134 1.5803 3.9091 -9.8593 1.6233 8.4896 -6.7659 -4.7075
Car -1 -1 -6.5737 317.6761 155.3750 383.1794 179.8160 1.5567 1.6406 3.8028 -16.6682 -0.1162 47.7825 -6.9123 -4.7275
Car -1 -1 -4.1309 0.0000 196.1042 17.9179 373.0000 1.3894 1.6218 3.8528 -5.6577 1.5248 4.5457 -5.0030 -5.0027
Car -1 -1 -5.2942 1128.2716 122.7093 1237.0000 284.8455 1.7253 1.8577 4.6260 9.6695 1.1004 10.0780 -4.5476 -5.0678
Car -1 -1 -5.9160 308.0933 153.7070 388.9984 185.7342 1.7492 1.7275 3.9082 -14.0921 0.2314 40.1486 -6.2563 -5.3654
Car -1 -1 -6.4983 839.3799 147.1519 928.5129 179.8031 1.6117 1.7780 3.9444 14.3737 -0.0894 36.7543 -6.1327 -5.3808
Car -1 -1 -8.0626 819.3513 154.5697 877.5527 193.9005 1.6638 1.7659 3.3971 10.9763 0.5249 32.1741 -7.7412 -5.4813
Car -1 -1 -8.2361 587.9526 162.3800 658.7717 202.7325 1.5569 1.6312 3.7283 0.8175 0.8196 29.7474 -8.2138 -5.5832
Car -1 -1 -8.4362 985.3740 139.5397 1111.3008 190.8082 1.5478 1.5678 3.9546 14.5435 0.2815 23.6946 -7.8954 -5.9414
Car -1 -1 -2.5420 460.6587 159.1856 534.8259 188.3201 1.5686 1.5734 3.8997 -5.8186 0.3674 40.2335 -2.6895 -6.0350
Car -1 -1 -6.3725 372.4997 151.9142 440.0979 182.2966 1.6624 1.7021 3.5554 -11.0734 0.0437 40.7233 -6.6411 -6.1602
