Car -1 -1 -4.2045 0.0000 192.6118 463.6911 373.0000 1.5342 1.6319 4.2483 -2.0775 1.6276 3.8453 -4.6797 3.9985
Car -1 -1 -4.8079 586.1000 170.3044 663.9654 240.7582 1.7388 1.6988 4.2881 0.5094 1.4630 19.9309 -4.7881 -0.6065
Car -1 -1 -7.8618 493.0530 183.4849 524.8356 211.8504 1.4273 1.6041 3.9214 -4.9870 1.5395 38.4849 -7.9950 -1.5293
Car -1 -1 -7.5969 455.1277 184.1015 503.8177 212.9104 1.4215 1.6079 3.8743 -6.3621 1.5658 37.8022 -7.7677 -2.1486
Car -1 -1 -4.4939 298.5512 186.0113 376.5116 232.9772 1.3697 1.5688 3.9312 -8.5111 1.5299 23.3940 -4.8445 -2.4560
Car -1 -1 -4.1829 514.3260 173.9640 546.7993 190.2395 1.5430 1.5679 3.5848 -6.8426 0.8282 70.0596 -4.2848 -3.0226
Car -1 -1 -4.3965 581.3197 181.8728 628.1986 207.5727 1.6361 1.8202 4.6377 0.2944 1.6624 48.2860 -4.3955 -3.0319
Car -1 -1 -4.7248 490.0965 184.0195 518.3820 209.9985 1.4477 1.5830 3.9812 -5.7891 1.6042 42.5207 -4.8644 -3.3423
Car -1 -1 -4.5984 443.8056 184.0348 485.2953 215.7697 1.4259 1.5576 3.7313 -6.5306 1.5546 34.5006 -4.7892 -3.5809
Car -1 -1 -4.8428 575.4363 171.2320 596.5380 187.1334 1.5164 1.6025 3.5214 -1.4964 0.5369 70.3663 -4.8689 -3.8558
Car -1 -1 -5.1090 502.8719 180.5331 550.6917 205.1375 1.6080 1.7587 4.1803 -5.1502 1.5448 49.2009 -5.2178 -4.0598
Car -1 -1 -3.1981 382.0093 185.5004 475.3089 220.4214 1.4133 1.5719 3.7848 -7.4084 1.5917 30.6756 -3.4383 -4.2607
Car -1 -1 -7.8872 481.7597 164.1477 505.3990 185.8201 1.6873 1.7365 3.9562 -8.7199 0.3362 58.0304 -8.0405 -4.3298
Car -1 -1 -7.7793 537.4083 176.3593 595.9517 230.7091 1.5947 1.6101 3.7395 -1.0642 1.4443 22.9650 -7.8304 -4.3663
Car -1 -1 -8.2112 551.1586 169.8873 585.8972 187.3004 1.6560 1.9281 4.5509 -3.2429 0.5513 70.7869 -8.2617 -4.6127
Car -1 -1 -4.6192 585.1309 177.3477 651.2493 233.1065 1.6526 1.7817 4.4811 0.6211 1.5300 23.6175 -4.5986 -4.7052
Car -1 -1 -4.5372 526.1924 180.3145 563.3444 206.0957 1.5954 1.6866 4.4076 -3.6252 1.5221 46.7256 -4.6193 -4.7102
Car -1 -1 -8.8185 1082.6523 103.6052 1237.0000 373.0000 1.6071 1.5500 3.3115 4.1823 1.4333 3.3416 -7.9651 -4.7733
Car -1 -1 -4.1701 489.0093 176.9031 525.9554 193.4095 1.5019 1.7138 3.8462 -8.7509 1.0833 67.4642 -4.3036 -4.7879
Car -1 -1 -4.9890 618.2704 174.2406 670.0547 206.5087 1.6323 1.7596 3.8171 2.2176 1.2653 38.3937 -4.9368 -4.8126
Car -1 -1 -4.5232 321.2400 183.2919 396.4318 236.6521 1.4691 1.5704 3.1905 -7.2292 1.5276 21.5766 -4.8482 -4.8823
Car -1 -1 -4.1616 453.8748 180.5461 511.8887 207.1521 1.5822 1.6736 4.1414 -7.3505 1.5256 44.9523 -4.3278 -4.9122
Car -1 -1 -5.3509 643.8348 166.3573 724.7644 203.2506 1.7538 1.6557 4.5866 4.1192 1.0342 36.5442 -5.2444 -5.0142
Car -1 -1 -4.5372 629.9185 180.1444 680.6047 210.2128 1.3746 1.7681 4.3271 2.6898 1.3129 35.1537 -4.4665 -5.0190
Car -1 -1 -8.3438 449.6002 166.8864 497.5007 191.0786 1.8306 1.8439 4.4126 -10.1046 0.7247 56.6570 -8.5244 -5.1202
Car -1 -1 -7.4817 114.6060 190.7251 385.4920 351.7014 1.4191 1.6097 3.3344 -3.7558 1.5474 8.2332 -7.9039 -5.1384
Car -1 -1 -4.7783 497.2644 177.3137 519.0104 190.9965 1.3065 1.8269 4.2731 -9.1916 0.9064 70.8645 -4.9117 -5.2087
Car -1 -1 -8.0218 513.6648 171.6160 544.0008 195.2719 1.8111 1.7499 3.9095 -5.7862 1.0543 57.1150 -8.1272 -5.3005
Car -1 -1 -5.2572 519.1124 172.1049 558.4047 189.9784 1.6247 1.7191 4.2310 -5.8864 0.7704 67.5071 -5.3487 -5.3009
Car -1 -1 -4.8560 583.4642 180.2242 635.0123 218.3873 1.6057 1.7252 4.0439 0.2690 1.5523 32.3465 -4.8530 -5.3811
Car -1 -1 -4.8663 572.4627 173.1812 595.9868 189.2404 1.4656 1.6163 3.8782 -1.6122 0.7061 67.6109 -4.8949 -5.4209
Car -1 -1 -5.2172 587.8643 179.8045 685.9749 219.1147 1.3626 1.8056 4.3465 1.2187 1.3042 27.2462 -5.1781 -5.4322
Car -1 -1 -4.7977 881.2911 113.7048 1237.0000 373.0000 1.7402 1.6230 2.9038 2.8566 1.4108 5.1506 -4.3183 -5.4458
Car -1 -1 -7.8022 734.3518 181.9795 804.5485 239.5272 1.4070 1.6974 3.7574 4.6329 1.4219 19.6347 -7.5788 -5.5062
Car -1 -1 -7.4241 0.0000 0.0000 0.0000 373.0000 1.4599 1.5381 3.9357 -4.2240 1.3696 2.4075 -8.4368 -5.5860
Car -1 -1 -7.4126 595.1667 182.0625 645.3948 206.8784 1.5423 1.6569 4.2237 1.2928 1.5809 47.0052 -7.3903 -5.6546
Car -1 -1 -4.9731 586.2664 182.5240 636.7485 211.0889 1.4066 1.5559 4.3562 0.4565 1.4640 37.8400 -4.9663 -5.8053
Car -1 -1 -5.1125 594.4008 181.0629 663.8594 211.7798 1.3529 1.6578 4.4294 1.2132 1.3340 34.0042 -5.0822 -5.8316
Car -1 -1 -7.2503 0.0000 199.7478 285.5700 371.0691 1.4075 1.5878 3.1094 -5.0174 1.6473 7.8265 -7.8113 -5.8674
Car -1 -1 -5.3605 0.0000 0.0000 1237.0000 373.0000 1.5003 1.6068 4.0566 40.2305 0.5341 -0.4672 -3.7896 -5.8867
Car -1 -1 -4.5825 341.6499 180.3335 388.0155 215.0771 1.5322 1.5843 3.9366 -11.0657 1.4810 33.7611 -4.9021 -6.3134
