Car -1 -1 -4.6583 557.8203 158.2685 586.2036 182.5735 1.5437 1.6776 4.2894 -1.9071 0.0682 47.7759 -4.7027 1.6910
Car -1 -1 -3.4264 847.9973 164.6873 1078.1768 243.3619 1.4880 1.6035 3.8969 7.1764 1.1706 14.6841 -2.9840 -1.0854
Car -1 -1 -4.7181 601.5928 153.0757 638.1512 191.1704 1.7386 1.6686 3.9707 0.8547 0.4416 34.7802 -4.6986 -2.3073
Car -1 -1 -8.8225 1212.8297 183.7656 1237.0000 342.7030 1.3952 1.5572 3.7596 9.5626 1.4283 8.3290 -7.9890 -2.4727
Car -1 -1 -4.8522 733.3190 186.3008 796.2624 231.7977 1.3748 1.4929 3.8019 5.3604 1.5490 24.0657 -4.6406 -2.7814
Car -1 -1 -5.2466 1086.1946 197.4234 1237.0000 303.8124 1.3174 1.5352 3.9970 9.6731 1.6216 11.6076 -4.5683 -2.9256
Car -1 -1 -8.3509 810.3393 161.4108 924.3306 220.3216 1.4482 1.5376 3.1209 7.0054 0.9549 19.3209 -8.0125 -3.3859
Car -1 -1 -6.6385 746.4962 146.2573 859.3872 182.2739 1.5393 1.7226 4.4848 8.8426 0.0334 31.7618 -6.3739 -3.4154
Car -1 -1 -8.7621 1124.6063 178.7856 1237.0000 373.0000 1.3882 1.6381 3.9512 6.9512 1.3728 6.3357 -7.9562 -3.7895
Car -1 -1 -2.6263 400.1700 146.2162 483.4742 177.9241 1.6645 1.7273 4.1545 -8.7595 -0.2034 39.4607 -2.8479 -3.8030
Car -1 -1 -5.0950 0.0000 189.9251 108.4071 373.0000 1.3580 1.4195 2.8684 -5.5736 1.4396 5.6611 -5.8556 -3.8131
Car -1 -1 -8.1406 1209.4741 180.4193 1237.0000 246.9808 1.4463 1.5403 3.6936 16.4466 1.4234 17.6067 -7.4018 -3.8764
Car -1 -1 -6.9147 899.8884 143.2125 1019.5519 185.6121 1.6318 1.7082 4.0906 14.3300 0.1586 28.8501 -6.4621 -3.9605
Car -1 -1 -6.5209 601.7137 148.4560 701.6997 192.9927 1.9086 1.7258 4.1465 2.1896 0.4928 31.9941 -6.4579 -4.0537
Car -1 -1 -7.9973 823.5312 150.1243 861.3118 178.4192 1.6527 1.6552 3.8117 14.8514 -0.1991 44.4194 -7.6812 -4.0765
Car -1 -1 -7.8792 654.2447 169.7447 741.0250 245.6314 1.4809 1.6891 4.2278 2.0371 1.2521 16.2014 -7.7614 -4.2458
Car -1 -1 -6.4793 349.1225 147.3833 416.6184 176.3670 1.5238 1.6752 3.3149 -12.1205 -0.2954 39.8297 -6.7774 -4.3573
Car -1 -1 -7.7284 583.2658 162.4349 612.6370 185.8365 1.3796 1.4127 3.3389 -0.1794 0.2558 44.0894 -7.7372 -4.4724
Car -1 -1 -8.1749 871.0155 151.0132 941.7070 190.3194 1.5773 1.6368 3.7895 12.9499 0.3543 30.7731 -7.7845 -4.5205
Car -1 -1 -2.4800 0.0000 195.5374 0.0000 338.4864 1.3350 1.4697 3.5480 -9.3450 1.5122 7.9761 -3.3336 -4.8514
Car -1 -1 -8.1728 479.9801 164.9210 519.1783 186.4466 1.3769 1.5489 3.5055 -6.8123 0.3165 47.8635 -8.3182 -4.9057
Car -1 -1 -5.0096 770.6578 156.9286 815.7139 180.0569 1.3418 1.6142 3.6970 11.6350 -0.0917 43.7930 -4.7562 -5.1804
Car -1 -1 -4.7856 471.6955 152.7105 509.4186 186.5825 1.6906 1.6773 3.6734 -5.8886 0.2539 37.8343 -4.9437 -5.1918
Car -1 -1 -3.0392 337.7380 170.0868 445.2469 217.8806 1.4392 1.4698 3.1208 -6.5694 1.0960 22.6359 -3.3237 -5.2644
Car -1 -1 -2.1365 0.0000 169.5978 7.3777 373.0000 1.4138 1.5316 3.9996 -5.7385 1.3666 3.7295 -3.1049 -5.3403
Car -1 -1 -5.5397 0.0000 178.8936 46.3053 373.0000 1.6070 1.5893 4.1324 -8.0729 1.5867 6.8177 -6.3960 -5.3481
Car -1 -1 -8.4094 788.3319 150.7637 848.8914 178.5605 1.6144 1.8873 3.6804 13.2934 -0.1890 44.1738 -8.1235 -5.4041
Car -1 -1 -2.5314 353.5985 151.8121 433.4287 179.1337 1.5172 1.7895 4.1742 -12.0528 -0.1422 41.6705 -2.8159 -5.4749
Car -1 -1 -5.0154 906.9832 166.1472 1056.3513 235.4776 1.4248 1.7647 4.5965 8.8021 1.1099 17.1720 -4.5531 -5.6935
Car -1 -1 -4.8853 602.3846 159.3543 639.7707 185.3543 1.5192 1.6274 3.8342 1.1589 0.2253 43.9906 -4.8639 -5.7157
Car -1 -1 -2.9675 545.5517 155.9503 597.9738 182.8129 1.8445 1.6177 3.4487 -2.0472 0.0901 50.3491 -3.0127 -5.7437
Car -1 -1 -4.1996 1150.6887 139.1231 1237.0000 373.0000 1.4194 1.6237 4.0038 5.0145 1.2847 3.3321 -3.2565 -5.8138
Car -1 -1 -5.2313 845.5036 151.8233 902.8557 177.8688 1.4140 1.5646 3.4360 15.6285 -0.2180 41.3307 -4.8767 -5.8206
Car -1 -1 -5.2849 0.0000 0.0000 1036.4426 373.0000 1.4995 1.6053 3.9591 1.3561 1.5031 1.7387 -4.6977 -5.8867
Car -1 -1 -3.7691 0.0000 0.0000 1237.0000 373.0000 1.4947 1.6058 3.9574 -2.6637 1.5270 1.7573 -4.6977 -5.8867
Car -1 -1 -6.4568 473.9069 157.8005 558.5331 182.6305 1.4625 1.8503 4.8859 -5.2169 0.0667 43.9075 -6.5791 -6.2307
Car -1 -1 -7.5788 1209.4132 140.0099 1237.0000 208.3223 1.7088 1.8255 3.9766 18.6626 0.6715 19.7871 -6.8342 -6.3719
