Car -1 -1 -8.4336 638.1230 184.9155 689.0769 206.8307 1.3944 1.5587 3.8297 4.1504 1.6342 48.3971 -8.3536 -1.0433
Car -1 -1 -7.5821 555.5240 189.0352 611.6766 221.7934 1.3611 1.5646 4.0513 -0.7636 1.7301 32.9919 -7.6103 -1.3777
Car -1 -1 -2.9660 132.5688 174.6290 242.5472 216.9230 1.5728 1.6343 3.4947 -16.0918 1.3176 28.0736 -3.4875 -2.3675
Car -1 -1 -6.8357 695.6807 174.0828 758.6875 199.8163 1.5887 1.6216 3.6509 8.0166 1.1308 45.7839 -6.6683 -2.9223
Car -1 -1 -4.8172 703.4131 187.6507 772.0049 238.0735 1.3984 1.6524 3.8729 4.1242 1.6076 22.3952 -4.6425 -3.0498
Car -1 -1 -7.7606 653.3503 185.2626 711.5840 233.8134 1.4347 1.5872 3.4755 2.6716 1.5673 23.3757 -7.6534 -3.1176
Car -1 -1 -8.1528 620.8736 175.1152 652.3332 193.3350 1.4847 1.5893 3.7660 2.9555 0.9642 60.5572 -8.1092 -3.1641
Car -1 -1 -5.2514 502.7343 187.5887 582.5674 222.5087 1.4375 1.6448 4.2238 -2.7445 1.7320 32.5265 -5.3401 -3.4075
Car -1 -1 -6.2513 497.7658 188.3882 584.3632 223.8662 1.3914 1.5022 3.4369 -2.4601 1.6813 29.3470 -6.3395 -3.5428
Car -1 -1 -8.0061 581.9399 168.1212 605.3449 182.7635 1.4139 1.7322 3.9185 -0.7621 0.1217 71.4414 -8.0215 -3.8600
Car -1 -1 -8.5250 704.2650 153.9536 753.4789 175.5164 1.6209 1.7055 4.0529 10.1579 -0.4965 57.4000 -8.3553 -3.9698
Car -1 -1 -2.1430 107.5724 171.0505 226.5052 218.8888 1.6359 1.7132 4.2008 -15.9128 1.2790 26.2543 -2.6885 -4.1785
Car -1 -1 -7.6589 705.8152 172.8094 739.6841 197.5621 1.6518 1.6222 3.9070 8.4999 1.0719 50.0496 -7.4966 -4.1921
Car -1 -1 -8.1053 586.2266 177.1828 622.4362 201.4387 1.6951 1.6720 3.9993 0.1818 1.3933 52.3442 -8.1069 -4.2000
Car -1 -1 -5.0917 677.9935 184.8937 734.4617 213.7051 1.4978 1.6558 4.1853 5.7741 1.6979 40.0985 -4.9548 -4.3024
Car -1 -1 -3.1846 609.5138 176.9805 673.8990 205.0088 1.7752 1.7105 4.0676 2.5659 1.4890 46.3652 -3.1347 -4.3570
Car -1 -1 -8.0193 606.9641 178.7793 639.6925 202.7725 1.6883 1.7065 4.1981 1.5778 1.4968 52.7445 -7.9946 -4.3787
Car -1 -1 -2.5583 561.2045 172.3904 629.1639 200.8605 1.7567 1.6818 4.1132 -0.4152 1.1947 46.1402 -2.5723 -4.4455
Car -1 -1 -7.6486 748.4933 175.3452 875.3059 269.7934 1.6731 1.7500 4.1424 4.4702 1.5647 14.9654 -7.3686 -4.4640
Car -1 -1 -3.2537 331.7900 184.5025 459.7036 242.9948 1.4818 1.6160 3.2066 -5.6857 1.5704 19.7003 -3.5365 -4.4824
Car -1 -1 -6.4708 754.0844 173.9066 862.7338 226.8273 1.8357 1.6465 3.5024 7.3597 1.5727 25.8801 -6.2016 -4.7380
Car -1 -1 -7.9683 700.2641 185.9870 745.5660 218.6008 1.4157 1.6211 3.9400 5.6290 1.6391 33.7350 -7.8094 -4.7431
Car -1 -1 -4.2274 539.0560 189.6085 599.7229 221.4466 1.4070 1.5448 3.3423 -1.5016 1.8177 34.5225 -4.2758 -4.7935
Car -1 -1 -4.5742 698.8684 178.9118 733.1422 206.6199 1.5767 1.5445 3.7274 6.8773 1.4295 42.8822 -4.4213 -4.9953
Car -1 -1 -7.8640 676.7305 186.0451 712.2347 219.6523 1.4723 1.5718 3.6361 4.3379 1.6988 33.8734 -7.7429 -5.0410
Car -1 -1 -8.1232 662.7306 165.6556 695.9597 186.1916 1.7960 1.8040 4.6390 7.0616 0.4101 65.2595 -8.0207 -5.4358
Car -1 -1 -4.7742 619.3596 184.2446 647.1797 208.4566 1.5505 1.5870 4.3273 2.1245 1.7447 48.6740 -4.7360 -5.6258
Car -1 -1 -7.5552 148.8641 0.0000 1237.0000 373.0000 1.5616 1.5930 3.8183 -0.4885 1.6766 1.0309 -7.9291 -5.8867
Car -1 -1 -4.3858 169.5268 164.5058 256.1376 220.9268 1.8541 1.7036 3.3698 -13.6620 1.2961 25.4090 -4.8800 -6.2265
Car -1 -1 -4.8040 746.7303 177.0908 817.8485 230.3568 1.5527 1.7514 4.7374 5.7431 1.4246 23.4072 -4.5712 -6.3302
Car -1 -1 -4.5803 594.6224 183.9412 626.2856 209.5147 1.6418 1.6326 4.1817 0.6637 1.8147 48.7149 -4.5719 -6.7448
