Car -1 -1 -7.7400 635.9595 172.1190 689.9229 211.1165 1.3406 1.5830 4.0020 2.3406 1.0185 26.8101 -7.6588 -1.7385
Car -1 -1 -3.0406 551.6667 172.5312 653.4876 206.8713 1.4588 1.6860 4.3338 0.0786 1.0781 31.5680 -3.0432 -2.1396
Car -1 -1 -7.8826 526.9310 169.5911 569.8983 208.4682 1.5108 1.6438 3.8680 -2.2822 1.0484 29.9278 -7.9631 -3.3313
Car -1 -1 -2.4462 551.4623 170.5028 626.1206 201.2765 1.4227 1.5457 3.4215 -0.6490 0.9146 34.8795 -2.4697 -3.5719
Car -1 -1 -2.8108 496.6895 160.5443 552.3693 181.8819 1.6746 1.7002 4.1167 -6.1359 0.0298 57.6551 -2.9211 -3.8442
Car -1 -1 -8.2712 753.4231 161.8837 835.1779 203.4715 1.4616 1.6284 3.6084 7.1760 0.7726 27.1592 -8.0202 -3.9308
Car -1 -1 -3.1062 489.2541 169.5690 606.5048 215.5387 1.5614 1.7386 3.9876 -1.8821 1.1565 25.3527 -3.1847 -4.0327
Car -1 -1 -7.0457 0.0000 185.4039 83.7251 298.1429 1.3772 1.4632 3.5098 -9.8364 1.4457 10.7021 -7.7822 -4.2373
Car -1 -1 -2.8992 499.0127 165.5735 556.4778 191.7149 1.7313 1.6723 3.5791 -4.9581 0.6765 48.6469 -3.0051 -4.3004
Car -1 -1 -6.6184 0.0000 197.6340 66.8672 373.0000 1.4352 1.4888 3.4834 -4.3194 1.5380 2.6726 -7.5983 -4.3087
Car -1 -1 -4.6183 623.2550 163.5933 658.4281 192.6834 1.6930 1.7934 4.1072 2.4606 0.6510 43.9665 -4.5676 -4.3822
Car -1 -1 -2.9347 590.9999 169.3618 653.7710 196.9569 1.5382 1.6108 3.3454 1.2174 0.8617 41.2085 -2.9103 -4.3895
Car -1 -1 -8.2411 671.9796 167.8685 747.1177 212.7781 1.4073 1.4243 3.0541 3.5420 0.9806 24.1653 -8.1022 -4.4988
Car -1 -1 -7.8292 806.8408 144.7809 856.2736 192.6541 1.6397 1.6291 4.1831 8.6034 0.3825 26.8461 -7.5267 -4.5632
Car -1 -1 -8.0423 547.2561 166.8402 573.2549 183.7910 1.5659 1.7692 3.8179 -3.9146 0.2113 68.4292 -8.1040 -4.6485
Car -1 -1 -7.4152 639.8178 165.3097 705.5003 199.2929 1.4913 1.6418 3.7224 3.3670 0.7811 33.5437 -7.3209 -4.6566
Car -1 -1 -8.1866 208.6176 171.6919 368.7145 262.8489 1.3947 1.5108 3.5846 -5.7128 1.2453 12.8171 -8.6037 -4.7449
Car -1 -1 -4.7209 539.2534 166.7478 578.0999 203.2290 1.5853 1.6888 4.2239 -2.0323 0.9445 33.3836 -4.7862 -4.7880
Car -1 -1 -6.6356 599.7549 167.0654 694.4771 199.5459 1.5142 1.5167 4.3279 2.1981 0.8415 34.8424 -6.5781 -4.8905
Car -1 -1 -6.9663 0.0000 201.2984 274.4723 373.0000 1.4459 1.5624 3.6361 -2.9468 1.5694 2.5793 -7.7764 -4.9252
Car -1 -1 -6.5279 681.5584 152.4919 788.3741 187.9605 1.6498 1.7386 4.7496 6.3385 0.3008 34.4430 -6.3520 -5.0376
Car -1 -1 -6.0647 561.2773 169.6150 635.5759 195.6913 1.3940 1.5882 3.8451 -0.1506 0.7588 39.5773 -6.0734 -5.1647
Car -1 -1 -8.3433 750.5817 163.9265 829.7657 201.6532 1.4620 1.5856 3.7236 7.7312 0.7813 29.8344 -8.0969 -5.2038
Car -1 -1 -7.7613 730.7983 170.7740 772.1481 205.5944 1.4806 1.5413 3.3876 6.7905 1.0248 32.3889 -7.5613 -5.2702
Car -1 -1 -7.8047 32.3422 178.4828 157.5773 282.9946 1.4333 1.4620 3.1264 -8.0527 1.3926 11.5654 -8.4078 -5.3155
Car -1 -1 -5.7558 539.3044 161.5052 598.1482 181.6955 1.5428 1.6316 4.4071 -2.5697 0.0148 56.6261 -5.8057 -5.3628
Car -1 -1 -7.0837 679.7502 159.4118 759.3571 194.3965 1.6628 1.6633 3.9535 5.9376 0.6132 35.9924 -6.9263 -5.4712
Car -1 -1 -6.6219 450.3256 150.3212 529.4273 180.9438 1.7081 1.7066 4.2319 -6.4927 -0.0337 41.8922 -6.7794 -5.5285
Car -1 -1 -9.2099 0.0000 0.0000 1237.0000 373.0000 1.3870 1.5734 3.4711 1.8082 1.5254 -0.1222 -7.7219 -5.5537
Car -1 -1 -8.2428 603.1318 160.2944 638.3522 179.6323 1.7446 1.6407 4.6941 1.8119 -0.1830 67.7754 -8.2209 -5.5790
Car -1 -1 -7.9375 510.2027 158.8894 548.6082 198.0446 1.8218 1.5683 3.4834 -3.5901 0.7701 35.2812 -8.0431 -5.7485
Car -1 -1 -4.0688 187.7413 0.0000 1237.0000 373.0000 1.4967 1.5995 3.9551 -1.4472 1.5336 1.7625 -4.6974 -5.8867
Car -1 -1 -5.6238 1237.0000 0.0000 1237.0000 373.0000 1.5405 1.6694 4.0267 41.4658 0.6939 2.3483 -4.1208 -5.8867
Car -1 -1 -5.3605 0.0000 0.0000 1237.0000 373.0000 1.5003 1.6068 4.0566 40.2305 0.5341 -0.4672 -3.7896 -5.8867
Car -1 -1 -6.7694 0.0000 182.6737 0.0000 373.0000 1.4399 1.5800 3.8808 -6.1733 1.4487 3.0140 -7.8577 -5.9375
Car -1 -1 -4.9857 811.1305 176.1020 894.9521 223.0182 1.3668 1.5383 3.6273 7.8410 1.2100 22.7762 -4.6628 -5.9597
Car -1 -1 -8.1147 0.0000 0.0000 1193.0596 373.0000 1.5386 1.5508 3.3346 0.5573 1.4823 0.7185 -7.6105 -5.9609
Car -1 -1 -5.0217 1152.4604 186.1257 1237.0000 373.0000 1.3564 1.7865 3.9341 6.6573 1.4139 6.6539 -4.2609 -6.1188
Car -1 -1 -3.1533 572.6520 160.2527 638.3612 192.4279 1.9394 1.7054 3.9634 0.2381 0.6588 44.1740 -3.1528 -6.1328
Car -1 -1 -8.7392 1124.8597 0.0000 1237.0000 373.0000 1.6417 1.6488 4.2503 4.3185 1.2037 2.8616 -7.8005 -6.1713
Car -1 -1 -4.8761 722.1528 171.3967 776.2493 210.1501 1.4614 1.5522 3.4341 5.8446 1.0808 28.8280 -4.6829 -6.3734
Car -1 -1 -6.0019 586.8507 163.7035 635.6182 180.1397 1.4177 1.6712 4.0114 0.9054 -0.1232 63.5632 -5.9925 -6.5517
Car -1 -1 -5.1032 506.5671 161.2202 542.2349 182.7038 1.5823 1.4735 3.4842 -5.8866 0.0886 54.7864 -5.2145 -7.1818
