Car -1 -1 -7.8611 611.7846 178.7656 673.5301 235.4559 1.4429 1.5718 3.8152 1.0923 1.3738 20.2212 -7.8131 -3.2468
Car -1 -1 -4.6361 843.1594 173.4868 930.6711 243.5803 1.3931 1.5942 4.0072 6.5799 1.2344 16.4281 -4.2659 -3.6641
Car -1 -1 -5.1019 605.0653 174.2291 653.3169 200.8220 1.6001 1.6486 3.9388 1.7043 1.1627 45.3553 -5.0696 -3.9559
Car -1 -1 -2.9332 578.9854 159.1396 637.9804 183.2757 1.9250 1.8491 4.5393 0.6165 0.1415 58.6772 -2.9276 -4.1344
Car -1 -1 -3.3470 505.9619 179.2058 578.1693 207.2189 1.5079 1.6378 3.7462 -3.3212 1.3846 39.9918 -3.4344 -4.2567
Car -1 -1 -8.5348 577.0109 161.1711 617.7726 180.7445 1.6496 1.6743 3.5592 -0.3469 -0.0681 62.5923 -8.5451 -4.3373
Car -1 -1 -3.4899 505.5852 176.9031 568.3937 201.7897 1.5330 1.6284 3.6476 -4.0991 1.2499 45.7642 -3.5837 -4.3497
Car -1 -1 -2.6469 435.5288 165.1556 490.1144 185.6738 1.5479 1.6150 3.8357 -10.6890 0.3148 55.5317 -2.8410 -4.3772
Car -1 -1 -4.4374 588.5136 176.9376 626.6551 201.1022 1.4358 1.5394 3.2983 0.4200 1.1648 44.4797 -4.4330 -4.5204
Car -1 -1 -8.0573 565.5704 175.0639 612.2974 207.4230 1.6523 1.7056 4.1017 -0.7405 1.3239 38.8695 -8.0813 -4.5830
Car -1 -1 -4.8729 482.0997 174.7123 520.1183 202.9832 1.5983 1.6024 3.9737 -6.0139 1.2147 42.7477 -5.0169 -4.8698
Car -1 -1 -3.8277 408.6923 179.1200 493.2950 211.9006 1.4479 1.5706 3.7386 -7.0092 1.3431 33.6780 -4.0365 -4.9171
Car -1 -1 -7.3447 336.7030 172.7205 439.6820 229.1508 1.6174 1.6276 3.4120 -6.5818 1.3662 22.4315 -7.6322 -4.9467
Car -1 -1 -7.9379 430.2383 183.6273 501.3876 245.7153 1.4295 1.4997 3.2019 -3.5757 1.4897 18.4033 -8.1325 -4.9975
Car -1 -1 -8.2157 145.2579 183.5657 308.4020 266.8553 1.4344 1.6392 3.7831 -7.5867 1.4815 14.3300 -8.7005 -5.0321
Car -1 -1 -4.4817 466.8405 175.0623 519.6762 212.8259 1.6373 1.5929 3.8058 -4.9316 1.3585 33.1043 -4.6335 -5.0576
Car -1 -1 -5.8568 499.6828 165.4205 547.4874 183.4077 1.6081 1.6149 4.0342 -7.0726 0.1703 65.6142 -5.9685 -5.3367
Car -1 -1 -5.0179 548.6203 173.9120 593.4509 197.3089 1.4143 1.6393 4.1866 -1.9806 0.9557 45.6702 -5.0660 -5.3725
Car -1 -1 -4.0584 410.9390 177.8997 509.5627 221.3948 1.5281 1.5912 3.9969 -5.3050 1.4020 27.3815 -4.2532 -5.3783
Car -1 -1 -6.7746 621.5938 154.6114 680.3600 180.0890 1.8657 1.7475 4.1058 3.7736 -0.1103 54.4318 -6.7105 -5.5130
Car -1 -1 -7.9186 944.9318 168.5037 1056.3667 249.1485 1.2851 1.4881 3.8715 7.3096 1.0786 13.5178 -7.4361 -5.5512
Car -1 -1 -7.8665 431.1566 178.1701 492.5623 234.6381 1.5802 1.7025 3.8954 -4.3715 1.4875 22.1846 -8.0641 -5.5570
Car -1 -1 -8.5432 616.3887 172.0071 689.7287 208.6665 1.5891 1.5580 3.3641 2.3081 1.1779 32.9572 -8.4789 -5.5841
Car -1 -1 -8.0461 575.0991 178.9423 621.9206 209.7781 1.4508 1.6438 3.6068 -0.2076 1.3308 35.7303 -8.0570 -5.6153
Car -1 -1 -4.2124 418.7547 175.7956 499.0538 217.4245 1.6003 1.6139 3.8528 -5.8212 1.3814 29.6937 -4.4094 -5.6286
Car -1 -1 -6.7897 0.0000 0.0000 1237.0000 373.0000 1.5562 1.5180 3.6030 -2.9385 1.6283 1.1253 -7.9255 -5.8434
Car -1 -1 -4.6682 570.3899 176.0575 595.5773 197.3419 1.4002 1.5748 3.9192 -1.2206 1.0422 49.2273 -4.6978 -5.8867
Car -1 -1 -9.2187 0.0000 0.0000 1237.0000 373.0000 1.4967 1.5744 3.7873 4.3310 1.3990 1.0103 -7.9393 -5.8867
Car -1 -1 -4.6361 547.3943 175.8316 573.7414 196.6205 1.4029 1.5732 3.9160 -2.8227 1.0204 50.4441 -4.6967 -5.8867
Car -1 -1 -3.5085 0.0000 186.0551 0.0000 373.0000 1.5056 1.6043 3.9515 -7.0702 1.5354 2.5928 -4.7008 -5.8867
Car -1 -1 -5.9533 0.0000 0.0000 1237.0000 373.0000 1.4750 1.5928 3.9461 6.1797 1.3807 1.7147 -4.6975 -5.8867
Car -1 -1 -9.1611 0.0000 0.0000 1237.0000 373.0000 1.4743 1.5779 3.8919 2.7027 1.4637 0.5430 -7.8859 -5.8867
Car -1 -1 -5.6382 0.0000 0.0000 1237.0000 373.0000 1.5209 1.6625 4.0203 41.4653 0.6658 1.9374 -4.1253 -5.8867
Car -1 -1 -8.4281 0.0000 0.0000 934.6609 373.0000 1.5286 1.5812 3.8002 0.7012 1.5485 1.0223 -7.9397 -5.8867
Car -1 -1 -4.6782 405.2235 175.2760 447.8211 211.5820 1.4248 1.6237 3.9902 -7.3352 1.1809 30.3092 -4.9188 -5.8867
Car -1 -1 -3.9933 0.0000 171.2143 134.6345 274.7549 1.4311 1.5873 3.8599 -9.8561 1.2896 11.8830 -4.6802 -5.8867
Car -1 -1 -4.6668 1033.9573 168.3283 1056.6727 184.8561 1.5045 1.6615 4.0266 41.7784 0.3052 67.5206 -4.1194 -5.8867
Car -1 -1 -3.4808 0.0000 152.8005 0.0000 373.0000 1.4523 1.5863 3.9346 -8.6790 1.4122 3.0044 -4.6967 -5.8867
Car -1 -1 -7.7049 588.9186 173.2855 640.9623 214.0730 1.7460 1.7806 4.4094 0.6815 1.3947 33.0704 -7.6896 -6.0791
Car -1 -1 -3.0261 909.1581 115.0213 1094.2461 194.1781 1.9322 1.7891 4.2234 10.7579 0.3100 19.4767 -2.5320 -6.3207
Car -1 -1 -4.0214 0.0000 168.4607 0.0000 373.0000 1.4751 1.6196 4.4101 -5.9470 1.4553 3.4807 -5.0359 -6.3640
