Car -1 -1 -8.0248 509.1901 181.8996 566.9736 220.6723 1.3026 1.4958 3.4346 -2.3779 1.3185 26.0237 -8.1202 0.2160
Car -1 -1 -7.9793 695.0251 169.4429 731.5340 197.4498 1.6021 1.6665 3.8112 6.6492 0.9125 43.0146 -7.8318 -2.1775
Car -1 -1 -6.7366 0.0000 187.2944 41.2554 368.4408 1.4356 1.5532 3.7278 -8.6527 1.5156 7.8297 -7.5609 -2.6801
Car -1 -1 -4.5306 0.0000 177.2180 18.2055 242.6645 1.5475 1.7005 3.5247 -16.8044 1.4468 18.9335 -5.2547 -2.8807
Car -1 -1 -5.4070 244.8580 176.0396 410.1401 242.2519 1.4605 1.6308 3.9118 -6.7412 1.3406 17.5092 -5.7748 -3.0432
Car -1 -1 -8.0935 609.7970 174.4031 651.1771 204.0485 1.6743 1.7069 3.1865 1.6706 1.2736 42.3031 -8.0593 -3.0526
Car -1 -1 -8.2016 758.5272 159.5841 965.1689 297.4235 1.7266 1.6482 3.7710 3.6438 1.4527 10.9134 -7.8921 -3.2979
Car -1 -1 -7.5149 608.1600 169.0173 640.4508 187.9247 1.5617 1.6201 3.7453 2.0141 0.5305 61.3709 -7.4871 -3.4509
Car -1 -1 -5.0183 586.7927 174.5986 626.3563 197.6046 1.4928 1.6141 3.7084 0.3147 1.0450 48.6209 -5.0169 -3.5706
Car -1 -1 -3.4087 502.2050 178.6678 596.8680 215.0612 1.3627 1.4546 3.4366 -2.0624 1.2570 28.1619 -3.4863 -3.8350
Car -1 -1 -6.0570 600.8765 169.4429 672.5757 196.2511 1.6755 1.7128 4.3465 2.2924 0.9220 46.3004 -6.0128 -3.8881
Car -1 -1 -7.9051 564.0951 170.5568 601.1457 202.9236 1.4888 1.5933 3.5183 -0.9678 0.9857 34.8622 -7.9376 -3.9510
Car -1 -1 -7.9587 602.8596 162.2639 632.9006 185.4364 1.7876 1.8957 4.8212 1.2994 0.3036 57.8986 -7.9412 -4.0250
Car -1 -1 -4.5188 0.0000 177.2858 173.6983 303.8595 1.5044 1.5426 3.6687 -7.4598 1.4550 10.5273 -5.1291 -4.0487
Car -1 -1 -5.4714 652.0503 170.6097 766.3723 225.4616 1.5208 1.5219 3.3350 3.1550 1.2193 21.7144 -5.3340 -4.0672
Car -1 -1 -8.3033 655.6215 174.6282 704.2373 198.8771 1.4715 1.5933 3.7100 4.9381 1.0546 45.6059 -8.2010 -4.1489
Car -1 -1 -7.5976 0.0000 178.4939 112.3317 234.2810 1.4221 1.7551 4.1614 -15.5895 1.3460 20.5691 -8.2451 -4.4433
Car -1 -1 -2.9761 165.8331 177.8967 374.9611 251.0036 1.4708 1.6345 3.9426 -7.1065 1.3989 15.7443 -3.3992 -4.5147
Car -1 -1 -7.4640 637.5604 169.5420 689.3468 200.2315 1.6675 1.6411 3.8170 3.5944 1.0179 41.1025 -7.3823 -4.6846
Car -1 -1 -2.6647 558.8641 177.6468 630.5092 202.3986 1.3747 1.5280 3.8596 -0.3997 1.1609 41.4405 -2.6793 -4.9183
Car -1 -1 -6.5834 697.3746 155.7927 782.3151 185.9341 1.9339 1.9875 5.1384 9.0945 0.2845 47.3747 -6.3996 -5.2308
Car -1 -1 -7.6877 771.6009 178.1230 887.0245 258.9167 1.3629 1.5723 3.9709 4.5914 1.3065 14.2441 -7.3866 -5.2537
Car -1 -1 -2.8667 552.2628 166.6474 600.6682 182.4278 1.4596 1.6761 4.2713 -2.3080 0.0855 67.7587 -2.9054 -5.3323
Car -1 -1 -4.1761 63.2650 178.3147 195.8371 231.5807 1.4738 1.5976 3.8928 -14.2023 1.3861 21.8515 -4.7522 -5.8651
Car -1 -1 -5.9097 0.0000 0.0000 1237.0000 373.0000 1.4938 1.5988 3.9520 5.3760 1.4564 1.7186 -4.6975 -5.8867
Car -1 -1 -4.0431 0.0000 176.3176 0.0000 243.1911 1.5779 1.6852 4.2719 -18.7517 1.4562 19.1611 -4.8160 -5.8867
Car -1 -1 -5.3605 0.0000 0.0000 1237.0000 373.0000 1.5003 1.6068 4.0566 40.2305 0.5341 -0.4672 -3.7896 -5.8867
Car -1 -1 -7.9095 796.7875 171.1088 876.6813 235.3199 1.3781 1.5633 3.9164 5.5817 1.1557 17.5062 -7.6104 -6.0290
Car -1 -1 -4.5780 300.5099 179.2315 383.1142 236.6147 1.4409 1.6688 3.8449 -7.1762 1.3845 20.0916 -4.9221 -6.1587
Car -1 -1 -4.8600 583.1245 163.9024 609.9333 184.5046 1.7728 1.7054 4.6440 -0.4474 0.2583 64.2403 -4.8717 -6.1910
Car -1 -1 -3.7846 0.0000 184.5980 0.0000 373.0000 1.4274 1.5598 4.1359 -5.5490 1.4490 2.6509 -4.8774 -6.3098
Car -1 -1 -2.8881 500.0693 166.0155 579.0167 198.1249 1.6638 1.6195 3.9209 -3.2831 0.8616 38.3393 -2.9779 -6.4089
Car -1 -1 -3.0853 446.6352 172.6724 542.3854 229.6230 1.5297 1.3095 2.5637 -2.9773 1.2931 20.0668 -3.2359 -6.7441
