Car -1 -1 -8.0187 615.3417 181.5418 671.8235 220.0972 1.3299 1.4666 3.7452 1.4752 1.3319 26.7255 -7.9693 -1.5598
Car -1 -1 -6.3524 674.3867 171.8855 754.4788 203.9512 1.4555 1.6250 3.5783 5.2124 1.0193 33.5559 -6.2045 -2.2019
Car -1 -1 -4.1455 511.5841 181.0290 565.0048 207.2180 1.4447 1.5931 3.2309 -3.6032 1.4189 41.4277 -4.2368 -2.6364
Car -1 -1 -6.3897 509.1378 178.5468 563.7260 202.1280 1.5407 1.6620 3.4756 -4.3618 1.3478 48.0949 -6.4847 -2.7700
Car -1 -1 -7.6447 714.2455 170.9787 776.8519 213.6517 1.5005 1.6051 3.7886 5.5204 1.1310 27.3162 -7.4523 -3.4219
Car -1 -1 -5.2359 574.5566 163.2350 617.1530 184.7870 1.8615 1.7925 4.4992 -0.5125 0.2837 64.4366 -5.2487 -3.5097
Car -1 -1 -6.0275 40.0040 194.7049 283.6035 277.5876 1.3735 1.5372 3.6440 -8.1208 1.6460 13.5448 -6.5647 -3.6995
Car -1 -1 -5.1785 610.0960 176.4928 659.2621 201.7604 1.5540 1.6720 3.6608 2.0978 1.2461 46.1920 -5.1384 -4.0019
Car -1 -1 -4.3864 590.9830 178.6796 628.0916 200.6456 1.3835 1.5541 3.0140 0.5658 1.2059 46.9214 -4.3795 -4.1672
Car -1 -1 -4.1544 516.9082 174.5676 556.3624 193.1241 1.5037 1.5871 3.7011 -5.3707 0.9417 60.2170 -4.2479 -4.2496
Car -1 -1 -4.3731 598.8806 177.1644 636.1220 198.9867 1.6342 1.6510 4.0981 1.3144 1.3095 56.0037 -4.3547 -4.4203
Car -1 -1 -4.7676 557.4996 175.0215 593.5285 203.2659 1.4747 1.7176 4.4867 -1.4949 1.1367 39.8233 -4.8099 -4.4439
Car -1 -1 -7.7570 574.0176 181.5720 623.5820 221.1969 1.3745 1.5198 3.6797 -0.0604 1.3777 26.8230 -7.7644 -4.5510
Car -1 -1 -7.8095 626.1270 177.8509 683.2372 228.8550 1.4296 1.6047 4.1027 1.6974 1.3278 22.2642 -7.7395 -4.6108
Car -1 -1 -6.6192 0.0000 214.4248 62.9397 373.0000 1.3843 1.5058 3.5027 -4.3940 1.5961 2.7214 -7.5994 -5.1013
Car -1 -1 -4.6569 481.3889 163.4425 505.1483 188.6361 2.0733 1.7870 4.3965 -9.1788 0.5871 61.3884 -4.8096 -5.1384
Car -1 -1 -4.8370 503.7125 171.9513 529.6504 191.7372 1.6245 1.7074 3.8126 -7.2040 0.8403 61.0353 -4.9589 -5.1958
Car -1 -1 -3.0612 481.9866 178.3669 575.2847 206.3832 1.4652 1.7252 4.8571 -3.8466 1.3015 38.4869 -3.1652 -5.3349
Car -1 -1 -2.9308 589.0629 171.1676 638.5184 193.2910 1.7585 1.6386 3.7593 1.0391 0.9371 58.3132 -2.9180 -5.3514
Car -1 -1 -2.5249 455.2351 178.9319 531.5922 205.5395 1.4545 1.6283 4.1113 -6.1652 1.3143 40.9152 -2.6786 -5.3594
Car -1 -1 -4.5715 609.9152 161.4867 632.8047 182.2353 1.9174 1.6303 4.2147 1.9715 0.0677 68.5932 -4.5477 -5.5082
Car -1 -1 -6.5468 971.1525 140.4588 1190.0962 222.1028 1.6880 1.6784 3.7882 10.5709 0.8400 16.2155 -5.9815 -5.5956
Car -1 -1 -4.5934 502.1654 176.0237 536.7535 202.2602 1.5080 1.6102 4.1706 -4.8986 1.1934 43.3758 -4.7103 -5.6244
Car -1 -1 -6.4524 541.5698 176.4394 607.0141 198.7611 1.4386 1.5980 4.1093 -1.8038 1.1125 47.5075 -6.4952 -5.6879
Car -1 -1 -7.3029 694.2549 283.7953 1237.0000 373.0000 1.4718 1.8842 4.4180 2.7986 2.2090 3.4706 -6.6673 -5.8084
Car -1 -1 -7.2590 1237.0000 102.8321 1237.0000 373.0000 1.4314 1.5821 4.0415 5.3802 1.2316 2.7733 -6.2075 -5.8834
Car -1 -1 -4.6460 554.4813 175.7877 579.6493 195.8575 1.3877 1.5710 3.9152 -2.4234 0.9927 51.6380 -4.6976 -5.8867
Car -1 -1 -9.1923 0.0000 0.0000 1237.0000 373.0000 1.5101 1.5832 3.7954 3.9167 1.4364 1.0035 -7.9398 -5.8867
Car -1 -1 -4.2826 431.7108 176.0397 499.9966 209.0744 1.4279 1.6218 3.9155 -6.1884 1.1922 33.1445 -4.4708 -5.8867
Car -1 -1 -6.5274 627.1532 170.4861 679.4227 192.7100 1.7314 1.5923 3.8685 4.1259 0.8732 57.0868 -6.4605 -6.0075
Car -1 -1 -7.4824 0.0000 105.3284 79.1811 179.1831 1.6802 1.8867 3.6406 -15.2788 -0.0657 18.4937 -8.1705 -6.1628
Car -1 -1 -4.6636 568.8977 167.3704 591.5666 191.0036 1.8544 1.6830 3.5108 -1.6657 0.7456 58.1320 -4.6970 -7.4325
