Car -1 -1 -6.8220 0.0000 184.4606 41.1877 269.5648 1.4429 1.5996 3.7527 -13.7401 1.5109 14.3411 -7.5821 -1.3766
Car -1 -1 -7.7128 524.2416 182.0882 572.3769 216.7091 1.3417 1.5084 3.6337 -2.1606 1.3679 29.7622 -7.7898 -1.5380
Car -1 -1 -4.8834 0.0000 203.3778 51.1091 339.0554 1.4201 1.5830 3.7773 -9.1864 1.7758 9.8742 -5.6252 -2.1347
Car -1 -1 -8.1981 695.6928 175.5702 762.9006 210.3854 1.3884 1.6283 3.7189 5.3541 1.1522 30.6202 -8.0315 -2.5686
Car -1 -1 -7.2303 0.0000 176.0596 126.9007 232.3123 1.5885 1.6280 3.9588 -16.8345 1.4354 22.2824 -7.8768 -2.8920
Car -1 -1 -5.8521 696.8717 158.3630 765.5356 184.4416 1.7122 1.7521 4.2747 8.8554 0.1932 49.0967 -5.6794 -2.9717
Car -1 -1 -2.8500 579.4393 163.6142 634.9368 183.4856 1.5852 1.7149 4.2258 0.5019 0.1583 58.7388 -2.8463 -2.9964
Car -1 -1 -6.4157 0.0000 227.0232 123.8931 373.0000 1.4142 1.5977 3.9929 -4.3248 1.7148 2.5864 -7.4102 -3.0100
Car -1 -1 -7.6208 0.0000 188.0482 49.5446 273.6973 1.4242 1.5349 3.2029 -12.1002 1.5685 13.9908 -8.3299 -3.3709
Car -1 -1 -8.2274 588.3880 172.4642 634.5974 198.3332 1.5284 1.5980 3.7010 0.5788 0.9947 44.4559 -8.2195 -3.7222
Car -1 -1 -7.7027 563.1857 178.5089 600.4059 206.8784 1.4278 1.4831 3.4273 -1.0023 1.2774 37.9419 -7.7340 -3.7978
Car -1 -1 -6.8537 0.0000 195.9111 301.0744 309.6375 1.3670 1.5875 3.7183 -6.7964 1.6321 11.1640 -7.3959 -4.0265
Car -1 -1 -2.3051 0.0000 170.5302 65.1800 232.6606 1.6506 1.7688 4.2438 -17.7996 1.3597 20.2074 -3.0259 -4.0520
Car -1 -1 -6.9007 598.3987 162.1882 651.0383 181.8026 1.6620 1.7418 4.4135 2.0840 0.0254 62.8160 -6.8725 -4.0662
Car -1 -1 -7.3497 0.0000 180.4707 158.4242 246.8830 1.4352 1.5554 3.7847 -12.5882 1.4135 17.4941 -7.9716 -4.1010
Car -1 -1 -4.0935 40.2969 180.3968 177.1286 230.0455 1.4262 1.5635 3.9152 -15.3527 1.3950 22.6095 -4.6897 -4.1510
Car -1 -1 -4.2382 527.2923 178.6875 599.2979 211.7192 1.4041 1.5848 4.1168 -1.6743 1.2848 32.7374 -4.2940 -4.3579
Car -1 -1 -7.4043 269.5630 188.1016 408.1677 249.5383 1.2691 1.6118 3.8224 -6.1669 1.4463 17.2497 -7.7482 -4.4264
Car -1 -1 -4.8567 710.7474 175.7549 800.1273 240.7765 1.5378 1.6636 4.2672 3.9389 1.4025 19.1623 -4.6620 -4.8501
Car -1 -1 -8.4038 573.2806 167.5679 612.7064 185.6709 1.7084 1.7677 4.4488 -0.8226 0.3933 70.1409 -8.4203 -5.8595
Car -1 -1 -4.2050 38.1883 170.7582 203.8429 234.6443 1.3221 1.5599 3.7838 -11.0549 1.1004 16.8086 -4.7847 -6.2672
