Car -1 -1 -4.6125 521.4572 179.1365 546.9069 200.3289 1.5414 1.5750 3.5772 -5.0107 1.3694 54.0363 -4.7095 1.9305
Car -1 -1 -6.1001 579.0654 163.7168 625.0981 187.4115 2.0251 1.7554 3.7604 0.1024 0.5050 62.5946 -6.1034 -0.1921
Car -1 -1 -5.0609 508.1804 183.8722 554.9821 208.2578 1.5092 1.7002 4.2084 -4.6289 1.6724 47.1597 -5.1634 -1.8938
Car -1 -1 -4.8366 511.1295 171.6029 531.9451 187.6648 1.5450 1.6070 3.4845 -7.8753 0.5927 70.9808 -4.9515 -2.6287
Car -1 -1 -7.5073 48.0325 140.2249 137.4296 182.7610 1.4525 1.5685 3.5586 -18.6371 0.0435 26.4531 -8.1210 -3.9608
Car -1 -1 -7.9629 471.0508 172.4961 492.0898 188.9216 1.5430 1.5956 3.7018 -11.5770 0.6968 69.4778 -8.1323 -4.0433
Car -1 -1 -6.7245 622.9441 160.7112 675.9977 180.7941 1.6379 1.6882 4.1133 4.0533 -0.0609 60.2403 -6.6624 -4.2067
Car -1 -1 -4.5699 690.5842 178.2178 716.8867 198.6628 1.4997 1.5316 3.3802 7.8087 1.2589 54.5271 -4.4333 -4.3575
Car -1 -1 -7.7520 639.3704 178.7886 723.9413 254.2311 1.5910 1.6801 3.1259 1.9243 1.5344 16.8515 -7.6455 -4.3590
Car -1 -1 -8.3441 581.3500 180.9556 644.4325 212.6197 1.4793 1.5344 3.7106 0.5003 1.4541 35.5590 -8.3353 -4.4712
Car -1 -1 -7.7555 615.0518 167.7757 636.7255 183.4536 1.4973 1.7690 3.9836 2.4755 0.1862 70.6907 -7.7254 -4.6493
Car -1 -1 -4.5423 620.0562 183.2640 652.6705 205.1167 1.3698 1.5390 3.8614 2.3512 1.4912 47.4052 -4.4981 -4.7327
Car -1 -1 -5.1077 543.8804 178.3337 587.7576 201.9344 1.6746 1.7189 4.2610 -2.6724 1.4499 53.2618 -5.1626 -4.8325
Car -1 -1 -4.6812 492.1285 181.6233 521.2739 205.1259 1.4442 1.7534 4.2845 -6.0664 1.4526 46.3833 -4.8156 -4.9407
Car -1 -1 -3.2661 626.6942 180.1012 683.8765 200.5713 1.4441 1.8264 3.8972 3.8568 1.3454 51.6968 -3.1970 -5.0378
Car -1 -1 -7.7101 622.6501 184.2233 666.8541 215.6998 1.3456 1.5353 3.6828 2.0270 1.4783 33.0013 -7.6544 -5.0386
Car -1 -1 -7.6698 769.0479 175.3732 834.7575 222.6993 1.3676 1.4348 3.2803 6.3165 1.1910 22.5470 -7.4049 -5.1398
Car -1 -1 -4.9676 547.8721 180.1103 589.6782 204.5656 1.4788 1.6962 3.8948 -2.1132 1.3949 45.5510 -5.0188 -5.1429
Car -1 -1 -7.0159 880.3615 166.8493 1062.6599 233.0295 1.4791 1.7070 3.7635 8.8780 1.1522 17.3818 -6.5550 -5.1454
Car -1 -1 -4.1813 492.8530 177.9867 534.2800 198.9282 1.5394 1.4980 3.6657 -6.6436 1.2811 54.7852 -4.3064 -5.1860
Car -1 -1 -2.4848 27.7019 134.1505 149.3066 174.3618 1.5313 1.7075 3.6629 -20.3791 -0.2931 28.6045 -3.1041 -5.2193
Car -1 -1 -7.6287 136.2318 157.1767 253.4982 228.5820 1.7445 1.8195 4.7223 -11.1870 1.1508 20.0711 -8.1367 -5.2314
Car -1 -1 -7.0606 327.2157 186.9456 479.6482 249.9580 1.4819 1.6545 3.9311 -5.2377 1.6452 19.3729 -7.3267 -5.2924
Car -1 -1 -7.9326 592.4600 166.6871 614.9355 184.1835 1.6457 1.8056 4.5884 0.2255 0.2521 69.9256 -7.9342 -5.3093
Car -1 -1 -3.7112 989.2147 168.1118 1178.8376 230.0055 1.4836 1.5721 3.6924 11.9612 1.1632 18.0136 -3.1369 -5.4209
Car -1 -1 -4.3231 464.6302 174.5734 523.4424 205.9887 1.7318 1.8585 4.4628 -6.1983 1.3501 41.9856 -4.4738 -5.5188
Car -1 -1 -7.9437 1042.9751 182.5370 1184.9303 266.4137 1.2644 1.6486 3.7124 8.9620 1.2865 12.9017 -7.3513 -5.5230
Car -1 -1 -8.1997 389.0420 183.6764 473.2676 236.4102 1.5456 1.5327 3.4516 -5.5564 1.6216 23.0691 -8.4388 -5.5432
Car -1 -1 -8.3430 601.8264 171.4984 644.5366 195.6661 1.8435 1.6569 4.0530 1.7031 1.0805 56.9770 -8.3182 -5.6018
Car -1 -1 -6.1439 121.2479 133.0950 246.6254 173.3413 1.5286 1.6646 4.2624 -17.0237 -0.3525 29.4937 -6.6681 -5.7574
Car -1 -1 -4.7099 600.9899 179.9009 628.1919 203.1731 1.4662 1.7140 4.4767 0.8678 1.3655 47.5081 -4.6968 -5.7723
Car -1 -1 -4.7023 564.2968 177.7197 589.6033 201.1788 1.5130 1.6321 4.0114 -1.6311 1.2692 48.3576 -4.7408 -5.8152
Car -1 -1 -4.8867 561.6093 174.1293 601.8446 202.3557 1.5811 1.6777 3.9937 -1.2124 1.1684 42.3639 -4.9202 -5.8420
Car -1 -1 -4.3696 97.0176 135.4956 188.1270 181.0748 1.5878 1.7868 3.5748 -17.1483 -0.0168 27.0024 -4.9356 -5.8580
Car -1 -1 -4.5383 584.7405 178.0276 617.8782 198.1307 1.3761 1.6607 4.3907 0.0507 1.1384 51.4762 -4.5423 -5.8628
Car -1 -1 -4.8470 653.5170 179.1289 687.3705 203.4500 1.4892 1.6064 4.0024 4.3799 1.3441 46.0206 -4.7577 -5.8867
Car -1 -1 -2.3526 445.6991 177.1145 508.2877 197.3307 1.4657 1.7871 4.7872 -9.3988 1.1477 54.1897 -2.5285 -5.8998
Car -1 -1 -4.9207 575.9229 177.1752 615.6291 202.4324 1.4850 1.6229 4.0556 -0.3968 1.2308 44.3913 -4.9346 -5.9190
Car -1 -1 -4.5760 402.3647 181.3065 459.6349 221.8464 1.4560 1.6224 4.2071 -6.5714 1.4495 27.9720 -4.8098 -5.9944
Car -1 -1 -5.2379 555.2290 177.6238 601.6904 198.1490 1.4950 1.5878 4.2519 -1.7714 1.2126 54.5415 -5.2752 -6.5154
