Car -1 -1 -2.0255 0.0000 201.5973 148.5359 373.0000 1.3755 1.6183 4.0644 -5.1579 1.5371 4.4183 -2.8652 0.1227
Car -1 -1 -4.2789 594.8091 172.5337 666.9095 209.3037 1.4573 1.5867 3.9059 1.3041 1.1023 30.5709 -4.2417 -1.1889
Car -1 -1 -2.8012 727.1100 172.3780 852.8426 217.1684 1.3840 1.5372 3.7445 6.2042 1.1026 23.8735 -2.5547 -3.0091
Car -1 -1 -6.5674 0.0000 0.0000 1237.0000 373.0000 1.4313 1.6567 4.0155 -3.7088 1.4473 1.6908 -7.6592 -3.1189
Car -1 -1 -7.6070 540.7333 167.5412 567.9150 184.5263 1.5224 1.7213 3.4654 -4.2805 0.2710 66.2427 -7.6761 -3.4038
Car -1 -1 -5.4804 562.0508 169.5356 637.8378 197.1034 1.5380 1.7467 4.5968 -0.1424 0.8707 42.3274 -5.4887 -3.7659
Car -1 -1 -4.1527 609.7625 169.4488 674.7081 199.8848 1.5422 1.6471 3.9394 2.2313 0.9318 38.4828 -4.1001 -3.7701
Car -1 -1 -3.2044 579.4985 162.5691 629.9739 181.0814 1.6578 1.7748 4.4840 0.3077 -0.0390 65.4030 -3.2045 -4.1190
Car -1 -1 -7.8086 823.3784 173.6398 878.1609 219.1675 1.3829 1.5813 3.8144 8.3198 1.1446 23.8840 -7.4820 -4.2771
Car -1 -1 -4.6373 539.5226 169.3561 584.8494 206.9686 1.5339 1.6872 4.1919 -1.6665 1.0390 31.4049 -4.6949 -4.2837
Car -1 -1 -3.5440 822.8021 161.6797 1037.5719 233.6556 1.5334 1.6515 4.0671 7.2243 1.1117 16.1440 -3.1344 -4.4078
Car -1 -1 -3.0375 490.5727 164.2027 552.0000 189.7451 1.6627 1.6495 3.9022 -5.2681 0.5367 47.6053 -3.1520 -4.4789
Car -1 -1 -7.3035 515.1186 171.1344 578.5240 199.2965 1.5620 1.7485 4.2655 -3.1381 0.9872 42.1401 -7.3824 -4.5040
Car -1 -1 -7.9435 560.8004 167.7845 607.1521 211.2062 1.5235 1.4129 3.3958 -0.7299 1.0427 26.9748 -7.9754 -4.5364
Car -1 -1 -8.3875 499.6716 162.0786 545.5427 184.7082 1.7297 1.7141 4.1933 -6.2813 0.2451 57.0965 -8.5014 -4.5548
Car -1 -1 -4.1657 0.0000 177.0440 30.7103 303.3369 1.4628 1.6135 4.2844 -10.5573 1.4119 10.5901 -4.9425 -4.9195
Car -1 -1 -3.0370 607.3487 162.6973 657.0009 181.5874 1.5410 1.6292 3.9804 2.5973 0.0070 59.6904 -2.9985 -5.0104
Car -1 -1 -5.6181 608.9520 165.1547 690.2289 195.1106 1.6301 1.7160 4.5560 2.7137 0.7408 41.2423 -5.5577 -5.1757
Car -1 -1 -7.0367 0.0000 0.0000 1237.0000 373.0000 1.4953 1.5542 3.6584 -2.1893 1.4747 1.5568 -7.9210 -5.1918
Car -1 -1 -4.8203 611.6306 165.4530 644.0300 192.5440 1.6621 1.6416 3.8736 1.6557 0.6777 46.0658 -4.7895 -5.2885
Car -1 -1 -5.7788 116.3961 175.0194 336.9508 238.9170 1.4023 1.7084 4.2490 -8.6178 1.2606 16.6796 -6.2545 -5.3933
Car -1 -1 -3.8789 1074.4794 135.4458 1237.0000 373.0000 1.3787 1.5770 3.7713 4.3354 1.2627 2.9524 -2.9520 -5.6750
Car -1 -1 -7.6056 0.0000 147.3315 58.8473 305.1883 1.6635 1.6186 3.6063 -8.6316 1.3041 9.5430 -8.3327 -5.7230
Car -1 -1 -5.2847 0.0000 0.0000 1036.2428 373.0000 1.4991 1.6033 3.9583 1.3561 1.5055 1.7393 -4.6976 -5.8867
Car -1 -1 -9.1567 0.0000 0.0000 1237.0000 373.0000 1.5133 1.5796 3.7943 3.5274 1.4605 1.0159 -7.9394 -5.8867
Car -1 -1 -9.3096 0.0000 0.0000 1237.0000 373.0000 1.5011 1.5759 3.7887 6.3282 1.3934 0.9919 -7.9397 -5.8867
Car -1 -1 -5.3605 0.0000 0.0000 1237.0000 373.0000 1.5003 1.6068 4.0566 40.2305 0.5341 -0.4672 -3.7896 -5.8867
Car -1 -1 -7.2118 1194.0507 155.1711 1237.0000 373.0000 1.3724 1.6445 4.4452 6.1324 1.2617 3.9421 -6.2475 -5.8959
Car -1 -1 -2.7724 667.9224 155.1099 741.9456 182.4597 1.5430 1.5698 4.0053 6.0627 0.0543 42.1840 -2.6353 -6.4206
Car -1 -1 -2.4278 53.2099 180.1699 303.7541 284.2725 1.5156 1.5005 3.2836 -6.7423 1.4969 11.5016 -2.9537 -6.4393
Car -1 -1 -2.7420 441.7822 163.7079 496.8995 190.8182 1.9524 1.5868 3.6644 -9.6973 0.6710 52.8969 -2.9273 -7.4635
