Car -1 -1 -4.5764 637.0809 178.5828 670.8430 204.2037 1.6280 1.7081 4.2493 3.5551 1.4427 47.8989 -4.5078 -1.1637
Car -1 -1 -7.7908 546.4500 187.1859 582.2002 217.1820 1.3973 1.5787 3.7098 -1.8247 1.6974 36.0266 -7.8462 -1.8613
Car -1 -1 -7.0541 651.1368 180.9143 709.4383 202.5178 1.4775 1.6611 4.1439 5.6430 1.4374 51.0619 -6.9497 -2.2646
Car -1 -1 -4.8500 345.0630 178.4029 425.7760 239.8895 1.5085 1.5885 3.7522 -6.0221 1.4331 19.6599 -5.1488 -2.3448
Car -1 -1 -8.1274 661.9238 169.4268 764.2849 250.1572 1.8025 1.6187 3.3343 2.6210 1.5335 17.7993 -7.9887 -2.6372
Car -1 -1 -7.5306 380.1965 186.8874 458.0624 232.6027 1.4119 1.5444 3.4763 -6.1276 1.6087 24.3982 -7.7795 -2.7311
Car -1 -1 -4.3285 661.1808 182.1469 728.3689 213.1753 1.4973 1.7618 4.9466 4.9276 1.5334 37.3577 -4.2034 -2.7477
Car -1 -1 -4.8050 583.2408 171.8037 604.8533 190.5744 1.7299 1.6653 4.0272 -0.6937 0.8360 68.2924 -4.8201 -3.2318
Car -1 -1 -2.8881 659.6329 182.7062 739.9149 214.2766 1.4584 1.6029 3.5583 4.7430 1.5192 34.6979 -2.7585 -3.4403
Car -1 -1 -4.7087 558.4860 184.4170 586.5911 211.0053 1.4359 1.5327 3.4154 -1.6524 1.6092 40.9108 -4.7540 -3.4531
Car -1 -1 -7.2103 34.0546 190.7941 210.5421 256.7363 1.4119 1.5864 3.9883 -11.8010 1.6716 17.9959 -7.7894 -3.5984
Car -1 -1 -4.4046 574.6691 175.6156 612.6101 199.8455 1.5962 1.5964 3.6242 -0.4853 1.2086 49.2874 -4.4194 -3.7179
Car -1 -1 -5.6577 0.0000 195.2479 88.7339 266.3335 1.4102 1.5282 3.5208 -13.4512 1.7251 15.5151 -6.3690 -3.7390
Car -1 -1 -3.2281 485.1422 188.2480 566.4084 219.2060 1.3872 1.5549 3.6740 -3.5953 1.7154 33.7969 -3.3385 -3.7832
Car -1 -1 -7.7087 571.5262 185.2811 613.3412 215.6274 1.4259 1.5929 3.8169 -0.4112 1.6273 36.2421 -7.7252 -3.9563
Car -1 -1 -8.1339 520.2144 178.3428 560.6187 203.8348 1.6369 1.6329 4.0355 -4.1393 1.4342 48.3033 -8.2240 -4.0035
Car -1 -1 -7.9184 610.1362 176.0049 636.9885 201.0285 1.8614 1.7645 4.5043 1.6941 1.4526 55.7190 -7.8932 -4.6201
Car -1 -1 -5.6070 659.9391 177.9798 725.1113 201.3837 1.5105 1.6592 4.2461 6.1109 1.2833 48.4580 -5.4872 -4.8700
Car -1 -1 -8.3442 624.2750 183.0443 685.6050 212.3555 1.4414 1.5893 3.7697 2.7328 1.5268 37.5844 -8.2773 -4.9115
Car -1 -1 -4.2205 539.6638 170.4277 583.7441 195.0405 1.8096 1.6461 4.0961 -2.9784 0.9955 55.0179 -4.2793 -4.9765
Car -1 -1 -4.8521 664.1722 184.1772 730.4496 234.1520 1.5541 1.6603 3.9765 3.1602 1.6535 24.5553 -4.7308 -5.1759
Car -1 -1 -4.7558 695.5914 181.7702 762.8653 234.5396 1.3891 1.7072 4.0549 3.6137 1.3983 21.0452 -4.5931 -5.2152
Car -1 -1 -4.3263 527.2986 182.4939 572.2918 207.8408 1.4556 1.5132 3.4967 -3.0663 1.5182 43.2938 -4.4017 -5.4681
Car -1 -1 -2.7397 293.0262 162.3766 371.0402 191.7385 1.4900 1.5835 3.4524 -13.9633 0.5198 37.3157 -3.1003 -5.6162
Car -1 -1 -7.9199 518.1703 184.7020 552.0237 213.7896 1.5565 1.6585 3.5337 -3.8018 1.7465 40.7288 -8.0176 -5.6922
Car -1 -1 -4.4147 335.9830 182.2544 411.9653 226.3450 1.5384 1.6313 4.0346 -8.5145 1.5694 27.1566 -4.7210 -5.8867
Car -1 -1 -4.1857 1204.8516 91.5681 1237.0000 373.0000 1.5060 1.6229 3.9362 5.0204 1.2517 2.9399 -3.1884 -5.8867
Car -1 -1 -7.5622 131.1773 0.0000 1237.0000 373.0000 1.5541 1.5914 3.8092 -0.4908 1.6449 1.0345 -7.9366 -5.8867
Car -1 -1 -7.9537 494.7634 187.9776 530.4309 216.8263 1.4503 1.5570 3.4083 -4.8375 1.8167 38.7729 -8.0822 -6.1314
