Car -1 -1 -7.6801 537.7289 169.8308 587.4464 206.7595 1.5450 1.6440 3.4569 -1.6827 1.0571 31.8651 -7.7374 -0.9446
Car -1 -1 -8.2749 609.6252 170.7074 673.0518 205.9234 1.4719 1.5534 3.3512 1.6983 1.0211 31.8676 -8.2271 -1.2468
Car -1 -1 -7.7708 782.9266 172.7587 828.4452 208.9961 1.4128 1.5547 3.6916 8.5604 1.0724 30.0076 -7.5002 -1.5964
Car -1 -1 -7.8312 1109.1853 151.3328 1237.0000 259.3698 1.4661 1.5658 3.4848 9.2437 1.0574 11.5952 -7.1743 -1.8370
Car -1 -1 -7.9383 741.7908 158.5632 786.4888 193.7305 1.5658 1.6872 4.1629 7.6565 0.5448 34.1558 -7.7243 -2.2339
Car -1 -1 -4.7416 795.1946 174.5070 857.1193 227.8471 1.4405 1.6000 3.3554 6.5306 1.2521 21.2263 -4.4518 -2.3593
Car -1 -1 -6.4965 528.2151 163.8755 605.2664 195.8809 1.6705 1.6667 3.8883 -1.8954 0.7508 38.8082 -6.5498 -2.4428
Car -1 -1 -4.3341 1182.9055 149.1538 1237.0000 266.2007 1.5029 1.5893 3.3753 10.4524 1.0883 10.6544 -3.5756 -2.5323
Car -1 -1 -7.6672 408.6061 175.5999 506.4737 245.5635 1.5014 1.6160 3.9341 -3.3855 1.3754 17.3888 -7.8621 -2.5854
Car -1 -1 -7.7841 576.5075 168.3535 616.8325 206.2636 1.5822 1.5519 3.7490 -0.1759 1.0338 31.8974 -7.7946 -2.7436
Car -1 -1 -8.0245 706.7253 159.6936 756.0916 195.7422 1.6257 1.6475 3.9106 6.1362 0.6426 34.3510 -7.8540 -2.8015
Car -1 -1 -8.1660 736.5342 168.7005 803.3240 206.0360 1.4698 1.5859 3.8917 7.0003 0.9663 30.2899 -7.9458 -2.8574
Car -1 -1 -5.3466 0.0000 185.1160 141.6058 287.8611 1.4455 1.5358 3.8172 -9.5600 1.5096 11.3978 -6.0387 -4.1343
Car -1 -1 -5.1849 533.5283 172.0864 590.2043 198.4740 1.5538 1.6473 4.4519 -2.5147 0.9996 44.6337 -5.2458 -4.2044
Car -1 -1 -6.8422 0.0000 195.7341 75.7777 259.9488 1.4949 1.5942 3.9127 -17.0262 1.9286 19.7593 -7.5522 -4.3055
Car -1 -1 -7.1958 0.0000 199.1335 118.9864 262.8276 1.4854 1.5367 3.6705 -15.1975 2.0122 19.6034 -7.8542 -4.4912
Car -1 -1 -5.6459 449.7906 170.4835 549.5934 208.8231 1.5702 1.6449 4.0997 -4.4401 1.1193 31.1119 -5.7915 -4.6155
Car -1 -1 -4.1864 529.8022 168.3645 583.6240 194.4811 1.6570 1.7052 4.2152 -2.9143 0.8236 47.8418 -4.2518 -4.6556
Car -1 -1 -8.3559 703.3476 169.9947 766.8444 199.6797 1.4600 1.6047 3.7750 6.8791 0.8944 37.3747 -8.1801 -4.6686
Car -1 -1 -8.0184 664.9066 174.2747 722.5515 211.0089 1.3546 1.5938 4.0162 3.5665 1.0885 28.5322 -7.9003 -4.7868
Car -1 -1 -7.4389 26.4069 192.2342 138.6681 250.1335 1.6357 1.6819 3.3244 -16.3288 2.0031 22.7595 -8.0611 -4.7900
Car -1 -1 -6.3940 520.1086 168.8764 654.9889 218.6543 1.6501 1.7559 4.5140 -0.5612 1.2321 24.9933 -6.4214 -4.8084
Car -1 -1 -6.8506 792.1484 171.3811 903.3845 210.5914 1.4963 1.5579 3.9926 9.7849 1.1105 28.6537 -6.5294 -5.1123
Car -1 -1 -7.5886 623.2272 161.5643 656.2928 183.4871 2.0588 2.0563 4.7939 3.8228 0.1863 70.0559 -7.5391 -5.1367
Car -1 -1 -4.8520 628.7844 163.8774 666.0003 193.1663 1.8230 1.8211 4.2465 2.9542 0.7262 46.9025 -4.7944 -5.3809
Car -1 -1 -7.5375 523.2130 159.4856 560.4698 182.4876 1.6613 1.5870 4.1925 -4.4235 0.0713 54.1042 -7.6234 -5.4342
Car -1 -1 -8.1134 636.8878 155.1071 667.7379 179.7175 2.1457 1.7167 4.3320 4.6128 -0.1679 65.2543 -8.0478 -5.6152
Car -1 -1 -8.4415 1200.7358 168.1042 1237.0000 373.0000 1.7507 1.8623 4.1323 5.7862 1.7111 4.4101 -7.5559 -5.8303
Car -1 -1 -5.6702 0.0000 0.0000 1237.0000 373.0000 1.4980 1.6067 3.9585 2.9641 1.4781 1.7299 -4.6977 -5.8867
Car -1 -1 -4.7967 574.6594 164.0473 605.8632 192.0219 1.7573 1.6695 4.3232 -0.7745 0.6610 47.3615 -4.8179 -5.9876
Car -1 -1 -6.9429 0.0000 207.8264 203.9427 373.0000 1.4942 1.4937 3.5022 -4.0282 1.7015 3.8055 -7.7297 -6.1476
Car -1 -1 -4.2048 69.7233 182.2506 195.8727 234.9982 1.5208 1.6635 3.8811 -14.7012 1.5471 22.7580 -4.7783 -6.2163
Car -1 -1 -7.9338 671.5704 163.5247 1237.0000 373.0000 1.4328 1.6019 3.7225 1.4525 1.4097 2.9762 -7.5194 -6.2647
Car -1 -1 -5.1036 835.8188 167.6185 949.0944 222.2935 1.4197 1.5579 3.9911 8.1844 1.0597 20.6651 -4.7359 -6.4905
Car -1 -1 -5.7150 1124.9104 255.7381 1237.0000 373.0000 1.3579 1.5838 3.2105 4.1766 1.8407 2.9884 -4.8119 -6.7220
