Car -1 -1 -8.0470 575.0773 171.1967 638.1870 217.6462 1.5687 1.5977 3.6520 0.0939 1.2212 26.2060 -8.0486 -2.0452
Car -1 -1 -3.5098 517.0073 177.2357 583.4410 202.5425 1.5687 1.6681 3.9165 -3.2789 1.3045 46.1226 -3.5854 -2.5413
Car -1 -1 -2.6305 439.2039 166.3905 493.4496 186.0157 1.4866 1.6722 3.8098 -10.4701 0.3420 55.8077 -2.8199 -2.9790
Car -1 -1 -6.6063 0.0000 188.5568 37.1794 330.9588 1.4608 1.5945 3.9509 -10.3694 1.5776 9.7063 -7.4167 -3.0535
Car -1 -1 -6.4552 464.4250 173.9991 537.5040 204.8947 1.5163 1.5718 3.4585 -5.1301 1.1484 36.5394 -6.5988 -3.0808
Car -1 -1 -8.0365 572.7703 158.3608 604.8452 182.0002 1.9130 1.8642 4.6536 -1.0856 0.0403 60.5984 -8.0591 -3.4684
Car -1 -1 -3.7248 628.8792 175.0233 742.1906 217.7537 1.3843 1.5777 3.6200 2.8872 1.1749 24.7987 -3.6152 -3.6358
Car -1 -1 -7.6176 0.0000 187.8739 163.9317 283.3926 1.4137 1.5555 3.6962 -9.1627 1.5466 12.9034 -8.2310 -3.9817
Car -1 -1 -7.8390 617.3470 177.9312 681.0418 234.2757 1.4627 1.6552 3.8289 1.3483 1.3706 20.6184 -7.7798 -4.1044
Car -1 -1 -3.3754 505.8331 180.7645 578.1288 209.1215 1.5181 1.6468 3.7095 -3.3098 1.4789 39.8222 -3.4629 -4.2073
Car -1 -1 -7.5961 717.3528 170.7031 788.7154 214.1369 1.4235 1.5841 3.8449 5.4498 1.0701 25.6174 -7.3936 -4.2812
Car -1 -1 -3.6135 555.6859 168.1288 642.2841 209.7474 1.7046 1.5940 3.3706 -0.1180 1.1573 30.9073 -3.6223 -4.4808
Car -1 -1 -8.2449 602.9742 157.5469 638.1339 179.4509 1.8621 1.6725 4.0654 1.6866 -0.1882 63.6783 -8.2233 -4.6146
Car -1 -1 -6.0167 843.7227 183.4496 1066.3043 261.0162 1.2625 1.4764 3.4879 6.4988 1.3042 13.4668 -5.5799 -4.6336
Car -1 -1 -4.8979 567.1935 176.4640 603.4795 202.2871 1.5451 1.5876 3.7209 -1.0459 1.2439 44.9675 -4.9261 -4.6440
Car -1 -1 -4.1363 417.3623 175.3407 493.5336 207.9293 1.4561 1.5812 4.1253 -6.8972 1.1811 34.3043 -4.3383 -4.7196
Car -1 -1 -4.4802 517.9551 177.7603 570.8571 206.7852 1.4104 1.7187 4.7289 -2.8932 1.2289 37.3723 -4.5620 -4.7806
Car -1 -1 -4.6664 487.5240 177.8241 526.5588 212.0127 1.4891 1.6235 4.4921 -4.3651 1.3293 33.5963 -4.7997 -4.8223
Car -1 -1 -7.9049 606.4202 154.6165 633.3739 182.6563 2.2033 1.9225 5.1139 1.4938 0.0907 59.0309 -7.8845 -4.8817
Car -1 -1 -7.8337 357.7300 173.2975 421.5713 225.2125 1.5036 1.7948 4.3970 -6.8061 1.2665 23.1630 -8.1216 -4.9485
Car -1 -1 -7.6806 830.6208 181.2727 933.0572 245.6434 1.2777 1.5789 3.6706 6.3843 1.2738 16.2391 -7.3168 -5.2868
Car -1 -1 -4.5037 431.0727 173.6456 495.2503 217.9214 1.7107 1.7389 4.5634 -5.7017 1.4076 30.0518 -4.6948 -5.4600
Car -1 -1 -3.0916 593.3752 155.5821 652.0875 176.8709 1.5726 1.6481 4.3816 1.6593 -0.3576 54.4796 -3.0660 -5.4924
Car -1 -1 -6.9228 913.1467 122.6508 1069.6116 180.8781 1.5544 1.6007 3.6604 10.9181 -0.0180 20.2742 -6.4389 -5.7306
Car -1 -1 -8.6889 1024.1504 189.8891 1237.0000 373.0000 1.4319 1.6047 3.9212 3.5434 1.4886 2.8240 -7.8410 -5.8147
Car -1 -1 -7.7741 424.6007 179.6140 486.6479 229.5607 1.5019 1.7194 3.4892 -4.7056 1.4456 23.4356 -7.9753 -5.8296
Car -1 -1 -9.1078 0.0000 0.0000 1237.0000 373.0000 1.4601 1.5857 3.8326 4.7481 1.3638 1.3736 -7.8743 -5.8867
Car -1 -1 -8.9525 0.0000 0.0000 1237.0000 373.0000 1.4939 1.5858 3.9005 1.4942 1.5367 0.5465 -7.8857 -5.8867
Car -1 -1 -3.5144 0.0000 188.2300 0.0000 373.0000 1.4695 1.5899 3.9424 -7.8748 1.5169 3.0006 -4.6977 -5.8867
Car -1 -1 -3.5004 0.0000 196.3752 0.0000 373.0000 1.4938 1.5988 3.9525 -6.2698 1.5809 2.1888 -4.7039 -5.8867
Car -1 -1 -9.3096 0.0000 0.0000 1237.0000 373.0000 1.5002 1.5755 3.7883 6.3282 1.3892 0.9919 -7.9397 -5.8867
Car -1 -1 -5.4819 0.0000 0.0000 1237.0000 373.0000 1.4857 1.6451 3.9869 40.6714 0.5907 -0.0459 -3.9214 -5.8867
Car -1 -1 -6.6470 0.0000 0.0000 1237.0000 373.0000 1.4714 1.5651 3.7921 -4.5284 1.5307 1.4225 -7.8671 -6.0025
