Car -1 -1 -7.7813 645.5317 176.0212 677.0121 202.5034 1.4893 1.5918 4.0215 3.5816 1.1813 42.5057 -7.7028 -0.9533
Car -1 -1 -4.9980 553.0829 174.8608 600.1490 202.3283 1.5097 1.6321 4.0314 -1.4944 1.1449 41.6516 -5.0387 -1.3630
Car -1 -1 -6.0653 581.4457 175.9869 665.2377 204.4872 1.5070 1.6514 4.3325 1.2103 1.2157 39.3063 -6.0398 -2.0560
Car -1 -1 -3.8450 682.3796 175.4193 765.8369 207.9482 1.4612 1.5953 3.7511 5.7959 1.1883 33.9167 -3.6821 -2.1994
Car -1 -1 -4.3442 655.5108 174.4695 710.6518 203.1425 1.4940 1.6338 4.2279 4.5638 1.1279 39.6825 -4.2355 -2.7098
Car -1 -1 -7.8388 624.9249 175.3976 653.4075 202.1165 1.5128 1.6124 4.0255 2.2614 1.1675 42.7321 -7.7913 -2.8600
Car -1 -1 -7.8960 481.3594 183.2360 531.1555 226.8066 1.3902 1.5401 3.4183 -3.3762 1.4551 24.8837 -8.0347 -2.9469
Car -1 -1 -4.4866 786.1830 189.1780 865.3101 240.7271 1.3687 1.5461 3.5037 6.7594 1.6198 21.5440 -4.1914 -2.9926
Car -1 -1 -2.3245 409.3803 182.9818 517.6044 228.9017 1.4139 1.5703 3.4753 -4.6399 1.4669 23.8736 -2.5196 -3.0202
Car -1 -1 -4.6821 568.9413 179.2275 600.7228 209.0633 1.4774 1.5629 4.0115 -0.8315 1.3651 37.5779 -4.7092 -3.2162
Car -1 -1 -7.0874 443.9669 182.9801 591.3723 239.4512 1.4043 1.6284 4.2350 -2.2607 1.4508 20.1548 -7.2030 -3.5893
Car -1 -1 -4.6927 583.1422 176.1380 607.5103 200.2946 1.6160 1.6305 3.9498 -0.3871 1.2573 50.0349 -4.7054 -3.6917
Car -1 -1 -4.5268 734.8385 171.5389 780.7881 204.5067 1.5997 1.6439 3.8948 8.0875 1.1166 36.9703 -4.3179 -3.7680
Car -1 -1 -7.9086 662.3362 168.7170 683.7072 184.5651 1.4959 1.8168 4.2001 6.9778 0.2890 69.9374 -7.8144 -4.2574
Car -1 -1 -4.3885 0.0000 211.2013 21.2837 373.0000 1.3563 1.5668 3.7900 -4.7154 1.6084 4.0435 -5.2253 -4.2936
Car -1 -1 -7.7724 640.2150 165.4358 666.6814 185.7420 1.5208 1.7289 4.4580 4.1223 0.3176 56.1310 -7.7042 -4.7105
Car -1 -1 -7.7466 732.5175 175.6072 784.3273 213.7771 1.3886 1.6144 3.7935 6.1949 1.1746 28.1862 -7.5373 -4.7493
Car -1 -1 -5.3234 571.6371 166.2922 621.0130 188.1190 1.5587 1.6685 3.9896 -0.4030 0.4726 53.4053 -5.3358 -4.7774
Car -1 -1 -7.0454 749.3824 186.9998 1159.0939 343.5952 1.4069 1.6153 4.1828 3.8549 1.4799 7.9995 -6.6147 -4.8551
Car -1 -1 -7.6209 742.6561 180.4452 814.4093 228.0136 1.3259 1.4557 3.0853 5.3787 1.2970 21.7273 -7.3862 -4.9536
Car -1 -1 -3.6167 0.0000 187.0154 0.0000 373.0000 1.5145 1.7058 4.6745 -6.5404 1.5623 3.7495 -4.6428 -5.2571
Car -1 -1 -8.3359 514.9733 179.1998 590.0354 216.5099 1.4264 1.5533 3.5983 -2.0801 1.3388 29.3994 -8.4111 -5.2619
Car -1 -1 -6.7849 794.6014 186.3049 1237.0000 373.0000 1.4818 1.7483 4.5909 4.2273 1.5329 6.5552 -6.2359 -5.2758
Car -1 -1 -4.7210 685.0277 174.0909 702.7651 191.9257 1.5075 1.4776 3.4920 8.0563 0.8811 62.5378 -4.5984 -5.3237
Car -1 -1 -5.0566 908.1046 183.2475 1037.6484 248.8764 1.4814 1.6428 3.9319 9.2787 1.5316 18.3689 -4.5999 -5.6480
Car -1 -1 -7.9861 886.8842 178.7134 1054.1243 293.9304 1.3631 1.5616 3.8071 5.1346 1.3308 10.5488 -7.5482 -5.7945
Car -1 -1 -5.3210 980.1979 178.3636 1160.3291 249.3485 1.5200 1.6129 3.9783 11.0834 1.4534 17.4113 -4.7661 -5.8867
Car -1 -1 -5.3605 0.0000 0.0000 1237.0000 373.0000 1.5003 1.6068 4.0566 40.2305 0.5341 -0.4672 -3.7896 -5.8867
Car -1 -1 -5.2852 961.9226 170.5048 1237.0000 323.2408 1.4818 1.5970 3.9505 6.2148 1.3759 8.9562 -4.6976 -5.8867
Car -1 -1 -3.9002 0.0000 185.3350 32.7783 338.6475 1.5003 1.5708 3.7961 -9.4967 1.5593 9.0310 -4.7017 -6.0587
Car -1 -1 -4.0755 0.0000 169.2231 209.5600 256.0295 1.5321 1.5750 3.8269 -9.9112 1.3160 14.6244 -4.6681 -6.2109
Car -1 -1 -6.1830 705.0600 157.9153 769.0023 182.5195 1.5580 1.5602 3.9632 8.8467 0.0646 46.7864 -6.0019 -6.2297
Car -1 -1 -4.7745 858.7368 179.7585 937.8948 241.9742 1.4226 1.5632 4.2849 7.5698 1.3833 18.7037 -4.4000 -6.2612
Car -1 -1 -4.8427 232.9625 0.0000 1237.0000 373.0000 1.5220 1.5913 3.9801 -0.3938 1.5503 1.7649 -5.0443 -6.3666
Car -1 -1 -7.5683 478.8444 164.1478 545.1908 205.6874 1.9313 1.9773 5.0358 -4.3883 1.1248 36.0406 -7.6936 -6.3969
