Car -1 -1 -4.4299 506.9001 182.6961 576.2739 224.1343 1.4027 1.5044 4.0318 -2.1479 1.4508 26.5619 -4.5150 1.5429
Car -1 -1 -7.1584 690.2785 174.6033 764.9875 205.6419 1.5053 1.6297 3.9405 6.4800 1.1711 36.7375 -6.9901 -1.1800
Car -1 -1 -4.8127 742.6113 174.2408 781.6454 205.4029 1.5269 1.5846 3.5539 8.2300 1.1714 37.0511 -4.6006 -3.0108
Car -1 -1 -7.9120 635.8111 171.1787 670.3631 203.3655 1.6702 1.6358 3.7021 2.7641 1.1348 39.1316 -7.8470 -3.0953
Car -1 -1 -5.7808 641.8452 164.8693 686.7255 181.2850 1.5393 1.6710 3.9931 6.0815 -0.0216 69.2084 -5.6983 -3.1883
Car -1 -1 -6.1023 573.6401 167.5471 621.2004 187.5532 1.6565 1.6774 3.7794 -0.2958 0.5010 60.6272 -6.1121 -3.5075
Car -1 -1 -7.9329 578.4682 163.9703 604.7586 185.1074 1.6304 1.7386 4.4485 -0.8059 0.2781 57.7060 -7.9516 -3.5865
Car -1 -1 -7.5535 631.1740 175.1643 675.5284 200.1083 1.4470 1.6101 3.9847 3.2172 1.0796 43.8182 -7.4856 -3.6479
Car -1 -1 -8.6093 739.3329 174.1480 887.6814 234.2726 1.4906 1.7146 3.8931 5.7147 1.3089 19.9312 -8.3387 -3.7044
Car -1 -1 -7.7922 674.3252 165.0498 694.7680 182.1558 1.6307 1.7630 4.2685 8.2524 0.0622 70.7311 -7.6813 -3.8749
Car -1 -1 -8.1050 839.4951 186.9594 960.9233 258.7245 1.4237 1.6247 3.7362 6.6597 1.5644 16.4998 -7.7322 -3.8875
Car -1 -1 -6.7280 0.0000 203.9720 53.0565 373.0000 1.4434 1.5239 3.6562 -3.9065 1.5683 2.0822 -7.7643 -3.9070
Car -1 -1 -7.0608 0.0000 0.0000 1237.0000 373.0000 1.3823 1.5303 3.4301 -2.6674 1.5413 1.7670 -7.9879 -4.2062
Car -1 -1 -7.7632 630.8461 172.5760 660.8242 198.0600 1.6868 1.7138 4.3191 3.1312 1.0962 49.8101 -7.7057 -4.4294
Car -1 -1 -7.2212 1115.7555 81.8537 1237.0000 373.0000 1.6461 1.7095 3.5105 4.0855 1.4336 2.4601 -6.2443 -4.6129
Car -1 -1 -7.9181 663.9238 172.4232 697.4030 202.9685 1.5888 1.5526 3.7196 4.2804 1.1168 39.2512 -7.8152 -4.6936
Car -1 -1 -4.7582 483.4478 182.8649 527.8397 220.9415 1.2944 1.4398 3.1423 -3.5634 1.3478 26.2159 -4.8972 -4.7790
Car -1 -1 -4.9754 610.6315 166.1621 635.9055 182.1688 1.5417 1.5444 3.8196 2.1771 0.0641 71.2230 -4.9498 -4.9831
Car -1 -1 -4.2302 331.1050 182.2562 401.2500 215.5616 1.6700 1.8401 4.1722 -12.4653 1.7129 38.3271 -4.5478 -5.0046
Car -1 -1 -2.9510 634.3256 166.3289 695.6041 193.2366 1.6992 1.6137 3.7305 4.1427 0.7412 46.6430 -2.8678 -5.0287
Car -1 -1 -4.5935 304.2253 181.3163 351.6881 211.9898 1.5353 1.8816 4.2554 -14.4922 1.5264 38.2486 -4.9585 -5.0582
Car -1 -1 -8.2060 671.0930 162.8268 716.5909 190.2091 1.7307 1.6531 4.0913 6.0715 0.5505 47.5840 -8.0847 -5.2028
Car -1 -1 -8.0644 864.9746 174.3366 1086.6377 317.2050 1.4713 1.6131 4.1475 4.6145 1.3982 9.5977 -7.6323 -5.2499
Car -1 -1 -6.8737 762.4822 157.1893 860.6486 201.8306 1.7786 1.6089 3.6572 8.7291 0.8104 29.9500 -6.5974 -5.2513
Car -1 -1 -7.6801 677.9070 179.7036 719.2097 206.1279 1.3143 1.4769 4.2363 5.1789 1.2252 37.9704 -7.5505 -5.2609
Car -1 -1 -5.0470 690.1529 165.4362 720.7206 185.9380 1.7407 1.5921 3.4183 9.0923 0.3766 62.8198 -4.9087 -5.2707
Car -1 -1 -6.6224 802.2437 176.4974 1022.2385 256.8275 1.5211 1.5192 3.7654 6.0814 1.4270 14.4500 -6.2358 -5.3266
Car -1 -1 -5.6670 0.0000 189.4234 300.4029 291.2466 1.4326 1.7187 4.4474 -7.3199 1.5674 11.2081 -6.2405 -5.5534
Car -1 -1 -6.8892 796.6506 183.2275 1237.0000 350.1262 1.4790 1.6070 4.0763 4.2321 1.4999 7.4042 -6.3908 -5.6983
Car -1 -1 -2.0553 0.0000 168.3098 96.3016 373.0000 1.4772 1.6932 4.6504 -5.6908 1.4250 4.0995 -2.9776 -5.8829
Car -1 -1 -3.4955 0.0000 0.0000 1237.0000 373.0000 1.5215 1.6263 4.0961 -5.4527 1.5982 1.7402 -4.7198 -5.8867
Car -1 -1 -5.1427 868.3156 168.6030 1088.2596 275.3377 1.4576 1.5879 3.9339 5.8367 1.2821 11.7884 -4.6971 -5.8867
Car -1 -1 -2.1812 0.0000 174.0186 120.7424 334.3305 1.6655 1.6596 4.1323 -8.3222 1.5885 8.6987 -2.9352 -6.0150
Car -1 -1 -7.7816 568.7225 162.3028 592.9113 182.0725 1.7073 1.8689 4.4583 -1.7770 0.0492 64.2985 -7.8139 -6.2387
Car -1 -1 -8.2754 493.7505 171.2812 559.2921 207.5515 1.6953 1.8290 3.7856 -3.7834 1.2180 35.6715 -8.3854 -6.3464
Car -1 -1 -8.0224 785.5611 167.0418 934.1040 267.8527 1.4525 1.6804 3.8180 4.1947 1.2449 12.3616 -7.7070 -6.4991
