Car -1 -1 -4.5595 524.0453 184.7102 574.8662 220.2835 1.3273 1.5233 3.6659 -2.0576 1.4658 29.0281 -4.6348 -1.8074
Car -1 -1 -5.1300 697.4501 181.7841 766.5704 215.0058 1.2984 1.5122 3.5217 5.3613 1.3113 29.9976 -4.9598 -2.1677
Car -1 -1 -7.3051 0.0000 191.0768 47.0026 272.6425 1.3862 1.5164 3.5623 -13.1414 1.6058 14.5404 -8.0364 -2.2853
Car -1 -1 -4.7235 88.8490 179.8483 147.2968 226.8223 1.4634 1.5414 3.7123 -16.4193 1.4124 24.3437 -5.3171 -2.2990
Car -1 -1 -7.8124 647.5577 174.0628 673.7529 198.0975 1.5309 1.5993 3.8724 3.9794 1.0573 47.7735 -7.7347 -2.3306
Car -1 -1 -7.6157 602.7186 170.8820 646.0438 200.5082 1.7562 1.7236 4.4771 1.4983 1.1269 44.9689 -7.5876 -2.8431
Car -1 -1 -2.9595 607.8875 165.3619 663.3259 186.8422 1.7162 1.7077 4.2921 2.8297 0.4267 58.7024 -2.9165 -3.0216
Car -1 -1 -3.9631 8.7968 192.2863 300.5880 303.7610 1.4114 1.6438 4.0954 -6.9467 1.6203 11.6927 -4.4950 -3.1577
Car -1 -1 -5.6503 596.0552 175.7994 661.2583 200.6668 1.6226 1.6497 4.2731 1.8295 1.2507 48.8385 -5.6181 -3.3799
Car -1 -1 -6.3790 606.3813 179.0950 680.4194 205.8187 1.5431 1.7092 4.2106 2.4390 1.4044 42.4247 -6.3270 -3.4978
Car -1 -1 -5.8349 0.0000 197.5092 62.2395 332.3583 1.4562 1.5569 3.4660 -9.4388 1.6947 9.3677 -6.6158 -3.5696
Car -1 -1 -7.5455 602.2682 164.7057 634.3392 184.4901 1.6932 1.7196 4.0192 1.5618 0.2557 63.6551 -7.5259 -3.6620
Car -1 -1 -4.9158 708.4093 174.9007 802.2986 237.6171 1.5459 1.6628 4.1306 4.0703 1.3838 19.7787 -4.7207 -3.7126
Car -1 -1 -7.7033 666.9577 168.3590 691.9099 186.3914 1.5410 1.6902 3.5614 6.9324 0.4178 63.3246 -7.5996 -4.0314
Car -1 -1 -4.1924 298.2577 184.8869 433.0151 251.1820 1.4329 1.6110 3.4838 -5.6649 1.5251 17.5864 -4.5051 -4.3147
Car -1 -1 -6.9172 677.4399 177.9726 760.3781 206.5092 1.4156 1.6229 4.0909 6.1044 1.2409 37.2965 -6.7611 -4.3539
Car -1 -1 -7.8851 564.7665 181.3361 596.7290 208.6221 1.3923 1.5719 3.7520 -1.1573 1.3842 38.5783 -7.9200 -4.4738
Car -1 -1 -7.3890 0.0000 192.5211 116.0075 275.3356 1.4381 1.5160 3.6393 -11.8083 1.6973 14.9233 -8.0553 -4.4843
Car -1 -1 -7.4293 23.6479 183.5433 169.2839 246.7559 1.3973 1.5414 3.8016 -12.4966 1.4547 18.0156 -8.0342 -4.5066
Car -1 -1 -7.7970 130.4086 172.2366 188.3582 217.7881 1.5384 1.5980 3.7062 -16.1095 1.2260 26.2713 -8.3477 -4.6016
Car -1 -1 -7.7991 207.5284 183.6646 304.8633 267.0633 1.4868 1.6040 3.7204 -7.0813 1.5384 14.9358 -8.2406 -4.6522
Car -1 -1 -5.0857 690.1896 177.6440 750.2593 210.5011 1.4703 1.5516 3.6740 5.5598 1.2981 34.1061 -4.9305 -4.8571
Car -1 -1 -3.2627 861.3504 178.2569 1042.2980 246.4426 1.4351 1.5434 3.5249 7.7980 1.3675 16.3939 -2.8302 -4.9278
Car -1 -1 -6.9806 0.0000 181.7627 130.1046 241.2133 1.6138 1.7799 4.3404 -16.9474 1.6230 21.8279 -7.6402 -5.2849
Car -1 -1 -7.7855 694.2059 174.0653 723.9996 198.5882 1.4910 1.6429 3.7725 6.8876 1.0390 45.6909 -7.6417 -5.2931
Car -1 -1 -4.9704 759.4753 174.4300 857.5131 231.4510 1.3978 1.5602 3.9052 5.4731 1.2251 19.5670 -4.7063 -5.8451
Car -1 -1 -4.9469 736.1127 174.6579 795.2036 209.7033 1.4395 1.6031 3.9958 7.1081 1.1588 31.5186 -4.7319 -5.8867
Car -1 -1 -4.4075 233.5784 182.2475 358.3033 248.3284 1.4633 1.6690 4.3059 -7.5724 1.4850 18.1753 -4.8025 -6.2201
Car -1 -1 -7.0332 947.8981 231.8247 1237.0000 373.0000 1.4769 1.7306 3.9605 4.0688 1.7968 3.5772 -6.2253 -7.1042
