Car -1 -1 -4.5861 522.3635 175.7666 550.2275 196.8096 1.4702 1.5770 3.6845 -4.6714 1.0696 52.0558 -4.6801 1.3046
Car -1 -1 -7.6284 642.5298 181.3697 720.3771 231.8842 1.3832 1.5732 3.6522 2.4611 1.3801 21.6517 -7.5218 -1.7442
Car -1 -1 -6.8011 455.3694 175.8573 529.1045 208.0630 1.5673 1.6010 3.3690 -5.5556 1.2929 36.6325 -6.9557 -2.2914
Car -1 -1 -2.3113 463.8070 160.5515 517.4557 182.9668 1.8324 1.8043 4.6701 -9.3928 0.1197 60.8843 -2.4685 -2.9092
Car -1 -1 -8.0732 772.9060 178.5321 833.6923 215.7637 1.3943 1.5424 3.6719 7.9857 1.2836 28.7700 -7.8099 -2.9107
Car -1 -1 -3.9143 912.5020 162.4018 1108.7762 233.3636 1.4494 1.5813 3.7756 9.0055 1.0599 15.9384 -3.4121 -3.0699
Car -1 -1 -7.5793 475.5583 167.0765 501.8099 182.6991 1.4519 1.6207 3.4252 -10.6928 0.1111 68.5518 -7.7383 -3.1390
Car -1 -1 -5.7086 0.0000 131.2671 96.9689 173.7644 1.4826 1.6752 3.5180 -20.9555 -0.2950 26.4271 -6.3788 -3.2327
Car -1 -1 -7.8797 813.2749 176.5656 856.7711 213.7964 1.3841 1.5158 3.5775 9.2325 1.2011 28.6339 -7.5756 -3.3749
Car -1 -1 -8.2184 572.9930 177.3248 631.0190 209.6230 1.5496 1.6491 3.8947 -0.0409 1.3496 36.5787 -8.2247 -3.7582
Car -1 -1 -5.0017 501.3833 173.6430 535.9464 196.2985 1.5897 1.6180 3.2583 -6.0314 1.0384 52.2215 -5.1211 -3.8112
Car -1 -1 -7.9055 552.5819 178.5546 584.2347 206.1281 1.5036 1.5934 3.7225 -1.9309 1.3431 41.1041 -7.9573 -3.9161
Car -1 -1 -4.9456 535.8204 174.9218 575.7529 199.0365 1.5839 1.7066 4.6090 -3.1980 1.1519 49.6361 -5.0146 -4.0353
Car -1 -1 -7.4960 0.0000 130.5185 93.2409 181.0479 1.5842 1.6125 3.5385 -18.9570 -0.0162 24.4851 -8.1543 -4.1801
Car -1 -1 -5.6841 1180.7974 195.4158 1237.0000 373.0000 1.3515 1.4802 3.6051 4.3653 1.4405 2.7457 -4.7226 -4.4473
Car -1 -1 -7.9025 485.6825 177.0180 511.1617 198.3316 1.4449 1.5754 3.8169 -7.2923 1.1410 50.7216 -8.0496 -4.5477
Car -1 -1 -7.4144 69.5818 128.0258 162.2473 170.3042 1.4806 1.5710 3.7268 -18.9262 -0.4691 28.1578 -8.0064 -4.6389
Car -1 -1 -3.3734 448.5692 178.9564 520.2528 206.0436 1.4895 1.6305 3.7593 -6.6797 1.3498 40.9811 -3.5391 -4.6490
Car -1 -1 -8.3223 971.9396 190.0513 1237.0000 373.0000 1.4209 1.4979 3.2272 2.3457 1.4701 2.3150 -7.5909 -4.6694
Car -1 -1 -8.0296 462.3999 176.9841 494.7597 199.4461 1.5115 1.5624 3.8944 -8.6496 1.2077 50.4360 -8.2036 -4.6793
Car -1 -1 -4.6555 523.7963 178.6799 556.4670 203.6100 1.4156 1.7180 4.5607 -3.6245 1.2556 43.0950 -4.7440 -4.7070
Car -1 -1 -4.6925 630.2750 179.6592 665.4576 212.1003 1.4559 1.5787 4.0660 2.2322 1.3735 34.3263 -4.6332 -4.8277
Car -1 -1 -7.7880 550.5707 178.4489 586.7178 210.8154 1.5607 1.6095 3.8016 -1.6297 1.4138 36.5510 -7.8374 -4.8449
Car -1 -1 -8.1019 381.9321 179.4087 469.1258 236.0829 1.5211 1.6539 3.5730 -5.3050 1.4655 21.2447 -8.3490 -4.9223
Car -1 -1 -7.7781 516.0496 166.0442 537.7144 181.2737 1.4567 1.8285 4.2927 -7.2895 -0.0235 70.9502 -7.8849 -4.9680
Car -1 -1 -7.1519 1022.4526 164.2281 1204.4419 231.0472 1.4560 1.5121 3.6396 11.9463 1.0802 16.8579 -6.5478 -5.0343
Car -1 -1 -6.0796 675.9125 165.9107 748.2318 199.6510 1.7082 1.5501 3.5158 5.8057 0.9192 37.6997 -5.9329 -5.1287
Car -1 -1 -7.8714 659.1296 182.2272 732.1343 256.5295 1.4908 1.4635 3.2699 2.0221 1.5094 16.1454 -7.7543 -5.6894
Car -1 -1 -4.7280 565.9695 177.4757 590.8975 201.0860 1.5780 1.6476 3.9052 -1.6234 1.3091 50.0048 -4.7653 -5.7298
Car -1 -1 -7.9713 764.3767 184.2119 831.8788 233.2745 1.3284 1.5348 3.0807 5.7134 1.4152 21.2588 -7.7171 -5.7476
Car -1 -1 -4.2567 355.6943 178.8175 447.8889 222.3991 1.4235 1.6223 3.8656 -7.0029 1.3363 25.5118 -4.5272 -5.8867
Car -1 -1 -6.9470 0.0000 0.0000 1237.0000 373.0000 1.5209 1.5653 3.8957 -3.7945 1.5253 1.4123 -8.1079 -6.1632
Car -1 -1 -5.0172 617.1407 175.9095 657.9120 198.0362 1.4458 1.6160 4.0533 2.4270 1.0805 49.1028 -4.9731 -6.1698
