Car -1 -1 -4.5791 526.2607 174.2430 556.3148 196.5443 1.5284 1.6378 4.0158 -4.2395 1.0311 51.2755 -4.6662 2.1467
Car -1 -1 -7.8033 655.5920 181.1427 715.1672 232.2884 1.3597 1.5716 3.6474 2.4948 1.3507 21.0236 -7.6919 -1.0184
Car -1 -1 -7.1053 0.0000 205.6110 128.4093 373.0000 1.3735 1.5503 3.4825 -5.7622 1.6274 5.7890 -7.8720 -1.1921
Car -1 -1 -4.9504 606.3716 162.5597 637.7021 182.8319 1.6518 1.7083 4.0840 1.7280 0.1084 60.7072 -4.9269 -1.5481
Car -1 -1 -7.7015 606.8246 165.5938 629.4271 181.4981 1.5308 1.6841 3.9175 1.7246 -0.0006 71.2181 -7.6822 -2.5500
Car -1 -1 -7.3163 0.0000 194.7922 38.1595 248.7937 1.4547 1.5588 3.6430 -19.4161 1.9023 22.2324 -8.0336 -3.0492
Car -1 -1 -8.2783 590.2443 169.3432 631.1025 189.9017 1.5292 1.6120 4.0644 0.6907 0.6249 55.6157 -8.2708 -3.7025
Car -1 -1 -8.0893 1135.4127 157.0481 1237.0000 239.4059 1.4146 1.5845 3.3735 11.8877 0.9952 14.2014 -7.4065 -3.7813
Car -1 -1 -4.7761 522.9893 167.7748 543.6736 187.1511 1.8016 1.7090 3.8722 -6.5137 0.5251 68.8388 -4.8749 -3.8415
Car -1 -1 -7.7686 553.1632 175.7202 588.4161 205.6162 1.5022 1.5716 3.6883 -1.5820 1.2120 37.9678 -7.8151 -4.2150
Car -1 -1 -7.4278 17.4597 189.8140 127.7620 236.2682 1.4599 1.5883 4.1278 -18.6567 1.7810 25.5365 -8.0591 -4.3105
Car -1 -1 -4.8577 555.7128 177.6369 603.4366 210.6498 1.4408 1.6046 4.1933 -1.0980 1.2725 33.5576 -4.8953 -4.3832
Car -1 -1 -4.5791 468.2896 176.3826 521.4587 216.0975 1.5288 1.6744 3.9422 -4.3419 1.3322 29.6371 -4.7285 -4.4193
Car -1 -1 -6.6914 682.3406 155.7362 766.9650 189.9715 1.7248 1.6635 4.0221 6.4036 0.4270 37.4845 -6.5282 -4.4561
Car -1 -1 -7.8439 624.4411 160.3221 645.3286 181.9616 1.8180 1.7542 3.6164 2.9321 0.0386 62.2027 -7.8018 -4.4620
Car -1 -1 -7.7998 622.8741 171.0557 645.7679 190.9246 1.4930 1.5947 3.9283 2.6137 0.7081 56.0100 -7.7583 -4.5102
Car -1 -1 -8.1987 544.8208 173.4626 591.4290 199.9154 1.6037 1.7262 3.8891 -2.1609 1.1165 45.6755 -8.2507 -4.8947
Car -1 -1 -1.9431 0.0000 192.3020 46.1049 237.2561 1.3948 1.5755 3.4570 -20.7860 1.7869 24.5308 -2.6460 -4.9054
Car -1 -1 -5.5633 1194.7748 175.7175 1237.0000 333.8053 1.4368 1.5520 3.8845 9.3974 1.3850 8.4975 -4.7482 -4.9848
Car -1 -1 -4.9398 0.0000 194.2061 104.5452 300.8489 1.3665 1.4574 3.2337 -9.1922 1.5919 11.1443 -5.6235 -5.1429
Car -1 -1 -4.6000 0.0000 191.8044 50.3558 247.1378 1.5226 1.5436 2.8680 -18.0159 1.8618 21.9933 -5.2858 -5.1607
Car -1 -1 -6.5864 0.0000 198.6460 0.0000 373.0000 1.4552 1.5264 3.7401 -4.5805 1.5550 2.1723 -7.6744 -5.5000
Car -1 -1 -4.8560 502.1360 163.4795 526.9739 182.7984 1.5853 1.5620 3.6788 -7.3693 0.1064 60.9274 -4.9806 -5.5272
Car -1 -1 -7.1128 1237.0000 166.3368 1237.0000 373.0000 1.5031 1.5490 3.3037 7.2436 1.4144 5.1593 -6.1901 -5.5782
Car -1 -1 -9.2813 0.0000 0.0000 1237.0000 373.0000 1.5061 1.5793 3.7926 5.5244 1.4122 0.9961 -7.9398 -5.8867
Car -1 -1 -5.6701 0.0000 0.0000 1237.0000 373.0000 1.4948 1.6044 3.9567 2.9640 1.4697 1.7302 -4.6977 -5.8867
Car -1 -1 -7.2154 1147.1913 147.9142 1237.0000 373.0000 1.3610 1.7531 4.3547 5.8000 1.2179 3.9603 -6.2795 -6.0083
