Car -1 -1 -4.6757 521.3415 178.8394 545.4725 200.4766 1.5404 1.6523 4.0859 -4.9903 1.3509 53.2291 -4.7738 2.2681
Car -1 -1 -6.0159 582.6841 164.1621 631.8434 189.1534 2.1105 1.7744 3.9202 0.5431 0.6461 62.0432 -6.0120 -1.4437
Car -1 -1 -7.7035 642.7225 185.7912 737.2396 256.4864 1.4272 1.6435 3.9959 2.1589 1.5416 16.9066 -7.5839 -1.6413
Car -1 -1 -8.0590 450.2084 176.7764 496.8551 211.0393 1.7383 1.6466 4.0997 -6.9398 1.4989 38.6539 -8.2406 -2.7493
Car -1 -1 -4.6086 513.1943 171.0002 533.3702 187.6097 1.5929 1.6323 3.5406 -7.6225 0.5856 70.6670 -4.7205 -3.1521
Car -1 -1 -2.5164 551.2147 176.0773 636.3008 212.5388 1.6984 1.7148 3.9078 -0.4121 1.4461 35.2812 -2.5331 -3.3278
Car -1 -1 -7.9179 966.0584 165.2555 1053.6746 231.1381 1.4571 1.6028 3.5044 9.9749 1.0984 17.8135 -7.4188 -3.7131
Car -1 -1 -3.0364 518.4529 183.1871 586.7594 209.1356 1.4431 1.6058 3.7417 -2.7492 1.5414 40.9269 -3.1082 -3.7216
Car -1 -1 -2.4043 101.2438 130.5960 214.1971 174.2560 1.5560 1.6807 3.3756 -16.7298 -0.2845 27.1135 -2.9573 -3.7629
Car -1 -1 -5.9000 1.0424 126.9831 131.4485 170.3401 1.5223 1.7108 3.5758 -20.1409 -0.4415 27.1590 -6.5380 -4.1430
Car -1 -1 -4.9949 537.0295 179.2032 576.1481 201.6228 1.5708 1.6776 4.4023 -3.3229 1.4099 52.6860 -5.0626 -4.2797
Car -1 -1 -7.4820 104.1229 132.5680 182.8313 172.0528 1.4657 1.5779 3.4247 -18.6463 -0.4101 29.3753 -8.0481 -4.2909
Car -1 -1 -4.7470 553.1367 180.3085 582.3220 205.0636 1.5196 1.7130 3.8049 -2.1933 1.4465 46.0650 -4.7994 -4.3136
Car -1 -1 -8.3290 625.3502 180.9953 671.6689 202.8434 1.4600 1.6224 3.8475 3.2474 1.4263 50.0909 -8.2697 -4.4548
Car -1 -1 -7.8774 1032.3855 162.6451 1119.8511 229.5010 1.4396 1.6140 3.4874 11.3324 1.0341 17.3775 -7.3115 -4.6943
Car -1 -1 -4.6770 528.1986 180.4583 553.0682 203.6778 1.4796 1.5381 3.3574 -3.9828 1.4133 47.4911 -4.7653 -4.7189
Car -1 -1 -4.7234 614.5950 183.4145 651.5153 215.5523 1.3804 1.5981 4.0937 1.4055 1.4746 33.1663 -4.6866 -4.7634
Car -1 -1 -4.5455 483.3520 164.7604 514.6213 188.1780 1.8559 1.8848 4.2430 -8.3548 0.5291 59.0705 -4.6902 -4.8746
Car -1 -1 -4.8036 966.4633 169.4727 1083.5521 249.8203 1.3725 1.5774 3.8480 8.2504 1.1676 14.3488 -4.2949 -4.8750
Car -1 -1 -4.0826 391.9501 187.1056 485.3737 224.7639 1.4279 1.5814 4.3522 -6.7595 1.6822 30.2353 -4.3060 -5.0040
Car -1 -1 -3.2079 574.3455 178.8453 635.3580 200.3207 1.4806 1.6818 4.1776 0.2221 1.2975 50.5026 -3.2085 -5.0966
Car -1 -1 -4.5009 618.4014 182.9860 649.4738 204.5684 1.5145 1.5485 3.7225 2.4330 1.6275 52.6763 -4.4601 -5.1604
Car -1 -1 -4.3885 624.6666 183.5889 661.6183 206.2023 1.4189 1.4425 3.3783 2.7835 1.5616 47.2449 -4.3351 -5.1824
Car -1 -1 -4.6220 467.0583 170.3071 486.9904 185.5981 1.4247 1.5559 3.9183 -11.8750 0.3815 68.9489 -4.7968 -5.2287
Car -1 -1 -4.3853 692.9822 178.8107 727.8178 199.8637 1.5163 1.5240 3.5741 8.1885 1.3226 53.6756 -4.2397 -5.2648
Car -1 -1 -4.8408 564.6567 182.8595 604.6645 211.2884 1.4328 1.5912 4.2224 -0.9622 1.5102 38.6242 -4.8707 -5.2905
Car -1 -1 -2.3479 7.7496 134.6927 212.6696 202.5478 1.6026 1.8173 4.2996 -12.4670 0.4976 18.2773 -2.9446 -5.3780
Car -1 -1 -5.1772 475.3021 164.3073 518.7034 184.2988 1.7666 1.9476 4.8808 -9.6094 0.2471 66.0349 -5.3260 -5.4064
Car -1 -1 -4.3356 579.6721 180.3425 628.8793 204.0081 1.4771 1.7269 4.4790 0.2540 1.4049 47.2350 -4.3353 -5.5929
Car -1 -1 -4.2503 654.0389 175.8979 701.1058 197.2649 1.4103 1.5916 4.0865 5.3064 1.0406 49.5654 -4.1492 -5.6215
Car -1 -1 -5.0407 1201.2405 149.9846 1237.0000 373.0000 1.5501 1.6959 4.2384 7.5238 1.3422 7.0308 -4.2453 -5.6453
Car -1 -1 -7.9550 339.7607 177.2546 420.1475 244.3080 1.5817 1.6613 3.3126 -5.8961 1.4821 18.7942 -8.2604 -5.6504
Car -1 -1 -4.5428 557.8760 178.8901 589.3083 199.1608 1.3746 1.5787 4.0645 -1.9161 1.1976 50.8267 -4.5853 -5.7223
Car -1 -1 -4.2934 368.8336 179.7081 453.9138 221.7089 1.4411 1.6295 3.8619 -6.9778 1.3800 26.6826 -4.5519 -5.8867
Car -1 -1 -4.2308 477.2970 182.1327 521.1931 200.1358 1.2851 1.5869 3.9898 -7.5553 1.3341 53.5704 -4.3752 -6.0602
Car -1 -1 -5.3615 549.4470 178.7492 601.3680 198.6368 1.4414 1.6288 4.3080 -1.9895 1.2419 54.2403 -5.4030 -6.1277
Car -1 -1 -4.7890 681.3501 179.4764 705.4180 199.8401 1.4775 1.4863 3.7448 6.8999 1.3306 54.0229 -4.6676 -6.2417
Car -1 -1 -4.8954 468.8666 177.6369 517.3360 204.7190 1.4236 1.8062 4.8618 -6.1560 1.2207 40.3518 -5.0509 -6.3255
Car -1 -1 -3.8934 0.0000 0.0000 0.0000 373.0000 1.5868 1.6364 4.1939 -4.8239 1.5513 2.3427 -4.9747 -7.0858
Car -1 -1 -4.3816 579.4447 181.8093 617.7446 202.6726 1.4602 1.6248 3.9337 -0.1502 1.4836 52.4604 -4.3895 -7.3810
