Car -1 -1 -7.8918 711.1599 169.8669 749.3652 204.6734 1.6329 1.6763 4.4281 6.3864 1.0874 36.0052 -7.7226 0.3667
Car -1 -1 -6.5192 0.0000 189.3070 85.0277 328.4329 1.4907 1.6368 4.1308 -10.0611 1.6252 10.1264 -7.2940 -1.3639
Car -1 -1 -7.7715 638.9177 172.9829 660.0263 191.6176 1.6715 1.6546 3.9055 4.5075 0.9073 66.4851 -7.7090 -1.4197
Car -1 -1 -7.9554 633.4360 172.8850 654.3890 189.8266 1.6297 1.6615 3.8802 4.2169 0.8006 71.0777 -7.9013 -1.6551
Car -1 -1 -8.0741 660.4167 183.8561 718.3575 219.2361 1.4101 1.6041 4.0179 3.7003 1.5188 30.9888 -7.9615 -1.8874
Car -1 -1 -8.1105 612.9827 184.3423 665.2393 214.9261 1.3738 1.6068 3.6663 1.7436 1.5186 34.5910 -8.0657 -2.5065
Car -1 -1 -8.1030 652.4889 161.8764 688.4776 186.4701 1.6607 1.6242 3.7289 4.8206 0.3356 50.4764 -8.0132 -2.5888
Car -1 -1 -7.9088 739.1058 168.8946 778.8137 202.6870 1.5775 1.6633 4.1501 7.7611 0.9893 35.7115 -7.7013 -2.6080
Car -1 -1 -6.5082 497.9059 169.1595 566.7640 197.1752 1.5541 1.6420 3.6538 -3.9755 0.8697 41.2107 -6.6087 -2.6904
Car -1 -1 -6.0591 606.9728 175.9459 684.7607 208.7253 1.6719 1.6900 3.8305 2.3579 1.3888 37.9813 -6.0026 -3.3397
Car -1 -1 -6.6108 669.0296 160.5366 729.3938 182.6346 1.6468 1.7106 4.2341 7.4575 0.0845 54.7876 -6.4810 -3.7298
Car -1 -1 -7.4633 15.5717 193.3603 216.2531 287.8870 1.3865 1.5784 4.0799 -8.6822 1.6410 13.2268 -8.0407 -3.8691
Car -1 -1 -4.5416 547.9785 175.9197 581.5633 202.9396 1.7882 1.6890 3.9427 -2.4777 1.4189 49.5962 -4.5963 -3.8819
Car -1 -1 -3.1338 603.3807 171.9595 673.4948 198.8684 1.5295 1.6396 3.9901 2.1453 0.9873 41.7558 -3.0877 -3.9547
Car -1 -1 -5.9532 491.7006 169.2199 549.2281 194.1385 1.8769 1.7945 4.0495 -6.2094 0.9519 55.4123 -6.0692 -4.1172
Car -1 -1 -7.8830 764.4109 170.9798 841.3699 254.1815 1.7061 1.5385 3.3913 4.5130 1.4910 16.5556 -7.6263 -4.1402
Car -1 -1 -6.5719 597.8297 170.8457 683.0620 200.9833 1.6059 1.7386 4.3797 2.1295 1.0384 39.6424 -6.5236 -4.2663
Car -1 -1 -7.9917 551.8954 167.2636 577.6233 185.6543 1.6305 1.7744 4.2007 -3.3654 0.3681 65.9176 -8.0473 -4.3070
Car -1 -1 -6.8838 557.7382 184.4455 662.4291 226.4145 1.4733 1.5919 3.7123 0.3321 1.5920 27.1531 -6.8770 -4.3346
Car -1 -1 -7.4368 35.7505 187.0430 187.9070 259.7587 1.3767 1.4657 3.4242 -10.5398 1.5123 15.6878 -8.0260 -4.4322
Car -1 -1 -8.1563 575.9969 178.8691 624.2481 209.2749 1.8494 1.7563 4.6855 -0.1450 1.6895 46.1916 -8.1646 -4.4606
Car -1 -1 -6.6808 761.8326 178.5061 904.6630 228.7268 1.4584 1.6633 3.7881 6.9646 1.3719 21.8730 -6.3812 -4.6968
Car -1 -1 -4.2755 512.4162 176.3401 564.8147 202.7671 1.6731 1.7439 4.5299 -4.1146 1.3465 47.9043 -4.3658 -5.0365
Car -1 -1 -2.7646 553.7258 171.5194 628.2164 203.2695 1.6587 1.5693 3.7192 -0.5678 1.1375 38.9144 -2.7841 -5.2040
Car -1 -1 -7.8528 661.0688 166.3354 688.6564 198.2955 1.9318 1.6617 3.7731 4.6294 1.0153 45.3764 -7.7567 -5.5946
Car -1 -1 -6.9168 525.5116 178.3174 613.2993 216.7491 1.7582 1.7103 4.0223 -1.5258 1.6129 34.7957 -6.9655 -5.6579
Car -1 -1 -3.0068 453.0923 162.4935 508.7758 185.2324 1.4911 1.5080 3.4979 -7.9989 0.2448 47.9181 -3.1761 -5.6595
Car -1 -1 -6.9939 312.6422 180.9201 458.1218 250.2533 1.6255 1.6365 3.3797 -5.5614 1.6125 18.7058 -7.2845 -5.8569
Car -1 -1 -3.7068 0.0000 196.8912 66.8786 373.0000 1.5133 1.6094 3.9628 -4.2674 1.6119 2.5704 -4.6976 -5.8867
Car -1 -1 -3.5479 0.0000 194.7379 0.0000 373.0000 1.4968 1.6022 3.9548 -6.2680 1.5819 2.5877 -4.6974 -5.8867
Car -1 -1 -6.9162 0.0000 0.0000 1237.0000 373.0000 1.5556 1.5941 3.8077 -2.0999 1.6649 1.0401 -7.9391 -5.8867
Car -1 -1 -8.7317 0.0000 0.0000 1195.8857 373.0000 1.5008 1.5998 3.8472 1.9371 1.5333 1.3892 -7.8744 -5.8867
Car -1 -1 -7.8186 0.0000 0.0000 1237.0000 373.0000 1.5044 1.6028 3.8499 -0.0741 1.5605 1.3970 -7.8744 -5.8867
