Car -1 -1 -4.6721 522.0883 180.1258 544.7655 200.3348 1.4362 1.5352 3.6953 -4.9670 1.3385 52.9381 -4.7702 2.8012
Car -1 -1 -6.3736 642.2708 180.0966 760.2903 230.2508 1.4425 1.5835 3.3546 2.8896 1.4027 21.5127 -6.2470 -0.1620
Car -1 -1 -4.7084 514.9871 172.4635 531.8026 188.9316 1.5620 1.5879 3.4633 -7.5600 0.7046 69.9416 -4.8205 -2.1672
Car -1 -1 -5.8221 578.7109 164.0395 631.2382 188.6622 2.0541 1.8219 4.1280 0.3279 0.5973 61.6594 -5.8217 -2.9586
Car -1 -1 -7.7674 452.5624 176.0712 490.4786 210.2110 1.7097 1.6574 3.9196 -6.8263 1.4381 38.0044 -7.9491 -3.0030
Car -1 -1 -4.8074 575.8860 177.9709 616.3400 211.8602 1.5948 1.6436 3.6498 -0.3231 1.4290 35.7075 -4.8216 -3.2344
Car -1 -1 -4.3305 690.6129 178.5949 732.8547 199.3014 1.4875 1.7039 4.2083 8.3258 1.2788 53.8506 -4.1829 -3.2408
Car -1 -1 -4.5627 379.3054 178.5952 421.9204 209.9608 1.4813 1.5808 3.2439 -9.9212 1.3444 35.6329 -4.8374 -3.3683
Car -1 -1 -2.2746 89.9949 131.1859 206.5944 176.8672 1.6016 1.7051 3.6832 -16.9250 -0.1815 26.8276 -2.8375 -3.5059
Car -1 -1 -7.2819 12.7571 131.6653 124.9444 179.5824 1.5548 1.6055 3.3328 -18.5448 -0.0714 25.1590 -7.9167 -3.6862
Car -1 -1 -8.0013 550.9258 182.3218 589.0340 206.1192 1.3767 1.6727 4.4248 -1.9799 1.4298 44.0498 -8.0511 -4.0822
Car -1 -1 -5.9864 0.0000 131.7673 124.4107 176.6980 1.5704 1.7053 3.5786 -20.1601 -0.1884 26.8201 -6.6308 -4.1440
Car -1 -1 -7.5852 87.9740 132.8530 159.3754 173.6370 1.4911 1.5337 3.4248 -19.1149 -0.3359 28.8496 -8.1707 -4.1623
Car -1 -1 -4.4081 591.5803 183.0693 651.8369 215.4260 1.3879 1.6482 4.1121 0.9950 1.4656 33.2376 -4.3836 -4.2415
Car -1 -1 -4.7708 553.9920 182.1522 588.4064 210.2086 1.4461 1.6200 3.9098 -1.6973 1.4836 39.1482 -4.8189 -4.5506
Car -1 -1 -6.2439 593.8450 168.7405 646.4472 190.5953 1.6596 1.6816 4.0041 1.4885 0.6906 55.5092 -6.2221 -4.5540
Car -1 -1 -4.1513 494.9323 179.4171 539.8111 198.7206 1.3871 1.6063 3.7213 -6.2194 1.2373 53.6413 -4.2711 -4.5676
Car -1 -1 -4.3258 474.7567 157.3678 515.7592 180.9887 1.8741 1.8644 4.3615 -8.7065 -0.0442 59.4367 -4.4754 -4.5989
Car -1 -1 -4.5014 448.2291 185.8474 505.7959 223.5172 1.4368 1.5825 3.9231 -5.1108 1.6298 29.8464 -4.6748 -4.9020
Car -1 -1 -7.2077 430.7067 180.3755 515.5112 217.2238 1.5624 1.7094 4.0478 -5.7631 1.5150 32.6491 -7.3862 -5.0557
Car -1 -1 -4.7300 533.0062 179.5669 561.2515 203.8823 1.5039 1.7250 4.2631 -3.5597 1.3844 46.6353 -4.8108 -5.1191
Car -1 -1 -4.6902 568.5350 182.6624 595.2062 204.8874 1.3847 1.6703 4.4382 -1.2418 1.4647 47.2124 -4.7214 -5.2002
Car -1 -1 -7.3971 83.3658 159.7263 229.4914 226.1001 1.4905 1.6382 3.7083 -11.0229 1.0021 18.0510 -7.9439 -5.2840
Car -1 -1 -4.7448 569.0130 177.6532 594.0158 198.0500 1.4078 1.6360 4.2456 -1.4577 1.1423 51.7527 -4.7778 -5.5661
Car -1 -1 -5.4446 1237.0000 12.6049 1237.0000 373.0000 1.4628 1.6007 4.0524 5.8010 1.2813 2.9512 -4.3852 -5.8323
Car -1 -1 -8.0523 475.4333 174.5826 520.6251 206.4350 1.6440 1.7049 3.7725 -5.6859 1.2872 39.1399 -8.2007 -5.8729
Car -1 -1 -4.2585 355.7664 180.5892 448.9071 223.8299 1.4083 1.6308 3.9232 -6.9697 1.3790 25.4726 -4.5282 -5.8797
Car -1 -1 -4.8129 604.7352 178.5352 636.1865 202.4176 1.4623 1.5955 3.9743 1.1822 1.2809 46.0283 -4.7924 -5.8867
Car -1 -1 -6.8366 0.0000 0.0000 1237.0000 373.0000 1.5055 1.5993 3.9102 -4.5344 1.5321 1.4228 -8.0571 -5.8867
Car -1 -1 -4.0161 0.0000 179.8351 165.0097 373.0000 1.5409 1.7051 3.9115 -5.2625 1.5339 5.3692 -4.7735 -6.0067
Car -1 -1 -2.8525 336.9767 190.1043 465.7712 249.0645 1.3707 1.3655 2.7697 -4.8823 1.5907 17.6120 -3.1246 -6.2155
Car -1 -1 -5.2196 611.6626 177.0342 663.1534 199.1849 1.4497 1.6679 4.2153 2.4230 1.1575 49.2725 -5.1757 -6.2956
Car -1 -1 -4.9863 672.9945 178.6528 707.7878 198.8896 1.4574 1.5144 4.0827 6.6414 1.2523 53.8687 -4.8692 -6.3794
Car -1 -1 -2.3082 326.2219 175.0403 399.0824 206.7069 1.5977 1.6715 3.5689 -12.5931 1.2720 37.8419 -2.6324 -6.8164
Car -1 -1 -5.4587 1159.1068 149.9818 1237.0000 335.1331 1.4330 1.5617 3.6622 7.8605 1.1898 7.4241 -4.6675 -7.0568
Car -1 -1 -7.0314 1004.3725 171.6669 1175.3423 227.9063 1.2699 1.4994 3.2587 11.6232 1.0485 17.2308 -6.4501 -7.1776
