Car -1 -1 -7.6765 529.6032 171.1146 554.9399 188.1877 1.4742 1.6138 3.8496 -5.2087 0.5772 64.0150 -7.7622 -2.1542
Car -1 -1 -6.1753 498.6534 170.8347 580.4016 199.9485 1.5941 1.6525 4.4118 -3.4231 1.0103 40.1983 -6.2647 -2.8225
Car -1 -1 -8.0575 610.5629 173.7422 664.4704 211.8609 1.4402 1.4884 3.3699 1.3750 1.1475 28.9227 -8.0155 -2.9776
Car -1 -1 -6.3784 516.3282 165.6336 571.9716 187.7932 1.6522 1.7143 4.0770 -4.3682 0.4691 54.7657 -6.4625 -3.2570
Car -1 -1 -4.5766 454.5624 171.6048 514.6542 218.6083 1.5006 1.5831 3.5802 -3.9743 1.1851 24.7432 -4.7393 -3.6081
Car -1 -1 -8.2014 572.6830 170.5516 639.5693 210.6022 1.5056 1.5654 3.5097 0.1047 1.0944 28.9207 -8.2028 -3.7365
Car -1 -1 -8.1727 593.6418 159.2167 627.8127 182.8884 2.0933 1.8288 4.3852 0.8433 0.1225 65.8890 -8.1648 -3.7602
Car -1 -1 -7.7690 638.0317 159.8030 679.0734 198.0066 1.7526 1.6857 3.9988 2.8296 0.7575 35.0623 -7.6940 -3.8099
Car -1 -1 -3.0113 547.8483 174.8228 636.5125 204.5959 1.4330 1.7336 4.2202 -0.4312 1.1119 35.6747 -3.0284 -3.8746
Car -1 -1 -7.9463 514.9840 168.0414 543.0807 189.3284 1.4490 1.6435 3.4577 -5.1336 0.5329 50.7535 -8.0514 -4.3170
Car -1 -1 -7.5869 471.5452 167.2987 523.3528 198.9487 1.7011 1.8955 4.1573 -5.8366 0.9380 40.7873 -7.7331 -4.3443
Car -1 -1 -2.9453 455.0592 158.0271 512.5711 178.5750 1.6274 1.7750 4.3341 -9.4608 -0.2407 58.1183 -3.1107 -4.4084
Car -1 -1 -7.6594 697.8316 160.4675 747.2318 194.0780 1.5175 1.5884 4.2280 5.8952 0.5682 34.6901 -7.4972 -4.4190
Car -1 -1 -7.9729 537.6319 171.7474 586.6516 208.0436 1.5331 1.6897 4.2932 -1.8649 1.1215 32.6050 -8.0347 -4.4568
Car -1 -1 -7.4952 586.1435 163.0686 649.5584 204.6696 1.8081 1.7207 3.8292 0.8125 1.0073 33.3179 -7.4760 -4.5764
Car -1 -1 -6.0057 563.4546 173.9308 635.3514 200.9421 1.4475 1.5851 3.6888 -0.1029 1.0421 39.7516 -6.0132 -5.1620
Car -1 -1 -7.7105 623.1024 171.2484 685.3705 218.3858 1.4595 1.5815 3.8846 1.8352 1.1425 24.3072 -7.6411 -5.1703
Car -1 -1 -2.8050 492.5287 172.3802 576.5357 205.8839 1.5875 1.6445 3.7798 -3.2763 1.1556 35.2835 -2.9020 -5.1871
Car -1 -1 -6.3436 724.9882 152.3642 828.6051 191.6990 1.7303 1.7415 4.4867 7.9123 0.4489 32.8344 -6.1138 -5.3309
Car -1 -1 -4.9825 0.0000 198.5596 1048.2860 373.0000 1.4380 1.6284 3.5904 -0.8429 1.5438 2.4729 -5.2897 -5.3582
Car -1 -1 -3.9575 0.0000 255.3241 155.0626 373.0000 1.3383 1.6460 3.0907 -2.7479 1.6956 1.8019 -4.8909 -5.4166
Car -1 -1 -5.2876 608.1281 167.8081 666.3947 196.6459 1.6563 1.6084 3.9414 2.1116 0.8700 43.3638 -5.2442 -5.4580
Car -1 -1 -5.6453 1167.9615 186.7586 1237.0000 373.0000 1.3793 1.5037 3.4116 4.1556 1.4124 2.6987 -4.6996 -5.5944
Car -1 -1 -5.8726 1237.0000 0.0000 1237.0000 373.0000 1.4188 1.5617 3.9723 6.2282 1.2379 2.5942 -4.7373 -5.8209
Car -1 -1 -6.7210 0.0000 0.0000 1237.0000 373.0000 1.5171 1.5842 3.8822 -4.5182 1.6087 1.0307 -8.0186 -5.8867
Car -1 -1 -3.5471 0.0000 185.3352 0.0000 373.0000 1.4877 1.5985 3.9491 -6.2672 1.5129 2.5881 -4.6965 -5.8867
Car -1 -1 -5.6382 0.0000 0.0000 1237.0000 373.0000 1.5209 1.6625 4.0203 41.4653 0.6658 1.9374 -4.1253 -5.8867
Car -1 -1 -8.8239 0.0000 0.0000 1237.0000 373.0000 1.4724 1.5898 3.8380 2.3376 1.4295 1.3869 -7.8744 -5.8867
Car -1 -1 -6.5736 662.9919 152.3569 727.6302 180.1969 1.7043 1.6074 3.7227 5.8865 -0.0839 45.1809 -6.4495 -6.0280
Car -1 -1 -2.1176 0.0000 179.1625 162.2724 278.5639 1.5890 1.5286 3.7130 -9.9417 1.5522 12.8677 -2.7710 -6.2457
Car -1 -1 -2.9897 435.2507 167.4347 483.9834 189.8774 1.5591 1.4992 3.1915 -9.9746 0.5820 50.7251 -3.1878 -6.7352
Car -1 -1 -2.8554 604.9124 161.5265 671.6482 195.7624 1.9098 1.7127 3.5094 2.1357 0.7958 41.4533 -2.8092 -7.7696
