Car -1 -1 -5.0024 696.5446 182.3615 758.6238 217.5140 1.3824 1.5601 3.6577 5.2208 1.4212 30.2531 -4.8382 -0.5262
Car -1 -1 -4.6755 692.8105 184.9504 720.9083 210.2689 1.3423 1.4636 2.9952 5.9113 1.5429 40.1228 -4.5354 -1.9285
Car -1 -1 -8.5840 697.7919 161.9712 761.0473 192.0581 1.9523 1.8139 4.3061 8.6656 0.6851 48.9164 -8.4145 -2.2367
Car -1 -1 -4.8191 709.8588 181.4697 783.2915 238.7731 1.5148 1.6430 3.8765 4.1068 1.5145 20.9860 -4.6335 -2.3810
Car -1 -1 -7.8004 532.5809 185.8060 571.9191 220.0746 1.3489 1.4946 3.6731 -2.0612 1.5436 30.5888 -7.8723 -2.8382
Car -1 -1 -6.0210 489.8212 169.8192 568.8893 207.2458 1.8273 1.6611 3.6611 -3.6104 1.2572 36.1800 -6.1248 -3.0212
Car -1 -1 -7.8092 589.7482 171.6720 615.5287 195.9671 1.6766 1.6934 4.1368 0.1363 0.9984 51.6760 -7.8116 -3.6406
Car -1 -1 -5.5824 540.5441 178.7285 619.2383 209.0601 1.6515 1.7397 4.4146 -1.2735 1.5007 41.1576 -5.6183 -3.7457
Car -1 -1 -7.7150 635.8328 167.6384 662.8791 188.5940 1.6468 1.6770 4.0588 3.9674 0.5574 58.6077 -7.6526 -3.8369
Car -1 -1 -7.8016 610.6822 167.8074 634.2394 189.4889 1.7680 1.7973 4.1587 1.8365 0.6513 60.7175 -7.7764 -3.8687
Car -1 -1 -8.0295 599.1214 180.5446 631.9912 204.6402 1.4903 1.5031 3.5172 0.8784 1.4313 46.2847 -8.0157 -3.8728
Car -1 -1 -4.7523 676.3992 181.4223 717.5764 218.3687 1.4471 1.5297 3.4346 3.9095 1.4444 29.9111 -4.6287 -4.2814
Car -1 -1 -6.5098 0.0000 0.0000 1237.0000 373.0000 1.4845 1.4773 3.6877 -3.8907 1.6431 1.7867 -7.6019 -4.3987
Car -1 -1 -4.4594 102.1299 188.1111 180.5032 240.6435 1.6772 1.5148 3.4116 -16.1020 1.9271 25.2571 -5.0275 -4.5969
Car -1 -1 -7.6785 667.6822 179.8390 702.5438 202.8488 1.4558 1.6262 4.1163 5.6005 1.3507 47.6508 -7.5672 -4.6112
Car -1 -1 -4.8348 673.1569 179.9508 718.5833 212.5767 1.4491 1.6068 4.0558 4.3842 1.3805 33.9323 -4.7124 -4.6402
Car -1 -1 -4.6906 674.7009 176.4632 702.5764 202.0292 1.4929 1.6201 3.6951 5.3560 1.1989 43.8876 -4.5749 -4.7365
Car -1 -1 -8.1705 576.9553 170.8723 607.9492 189.6911 1.7949 1.7253 4.4875 -0.8852 0.7809 70.9177 -8.1878 -4.8972
Car -1 -1 -4.6361 57.2620 194.0289 131.4539 241.8106 1.4220 1.7794 4.0608 -17.3692 1.8920 24.7298 -5.2487 -5.0244
Car -1 -1 -4.7565 678.5601 168.8654 697.4194 186.0194 1.4834 1.4888 3.5311 7.7107 0.3906 63.9319 -4.6418 -5.0948
Car -1 -1 -7.9574 763.2169 178.5243 850.8082 245.0893 1.3765 1.5411 3.5046 4.6305 1.3155 16.7060 -7.6964 -5.2509
Car -1 -1 -4.9918 731.0967 179.3849 801.2469 217.4439 1.4516 1.6596 4.2596 6.6628 1.3713 29.5765 -4.7772 -5.2655
Car -1 -1 -6.5427 0.0000 194.4841 189.9257 309.6910 1.3882 1.5219 4.0673 -8.9644 1.6290 11.2089 -7.2114 -5.4121
Car -1 -1 -7.4668 60.9172 195.7737 258.7881 306.3685 1.3815 1.4517 3.2606 -6.6544 1.6376 11.1356 -8.0008 -5.6112
Car -1 -1 -4.8827 758.1823 183.8763 843.2053 237.8623 1.3561 1.5801 4.1210 5.4870 1.4309 20.3497 -4.6278 -5.6290
Car -1 -1 -4.3828 595.5223 171.4478 621.7850 188.0057 1.5952 1.6098 3.3648 0.7798 0.6264 71.0566 -4.3767 -5.6384
Car -1 -1 -7.8358 147.2276 174.0142 197.9692 218.3846 1.5882 1.5846 4.2100 -16.6406 1.3206 27.9319 -8.3741 -5.8303
Car -1 -1 -3.9438 971.2236 139.7168 1237.0000 373.0000 1.5469 1.6161 3.8889 3.8484 1.4279 2.9855 -3.0801 -5.8867
Car -1 -1 -4.5906 153.3182 182.1769 224.8726 229.4430 1.5266 1.6929 4.3573 -14.6045 1.5532 25.6022 -5.1098 -6.2407
