Car -1 -1 -4.5921 553.6154 177.0611 598.8502 212.1248 1.5019 1.6178 3.9801 -1.1052 1.3121 32.8187 -4.6306 6.1220
Car -1 -1 -8.6106 0.0000 0.0000 1237.0000 373.0000 1.4250 1.5927 3.7363 3.0095 1.5367 1.8335 -7.6547 0.6307
Car -1 -1 -7.6695 663.5956 174.1063 701.2141 201.6666 1.5783 1.6251 3.6291 4.8994 1.1550 43.1095 -7.5620 -0.7720
Car -1 -1 -7.8004 657.9406 167.4270 677.3447 184.9518 1.6655 1.7119 3.7496 6.5383 0.3277 70.2466 -7.7128 -1.7983
Car -1 -1 -3.5505 667.6439 179.4665 749.8268 210.8478 1.4217 1.5533 3.4883 5.0127 1.3299 33.7539 -3.4093 -2.1262
Car -1 -1 -8.2133 636.2007 166.1211 683.5988 194.7802 1.9549 1.7962 4.7712 4.1407 0.9059 51.5405 -8.1385 -2.2207
Car -1 -1 -4.8570 473.7137 173.1595 498.7491 189.2801 1.5171 1.7715 4.3879 -11.2118 0.7319 69.9604 -5.0202 -2.5776
Car -1 -1 -7.5220 391.4407 209.4335 1198.9275 373.0000 1.5060 1.5917 3.7421 1.2089 1.6907 2.7873 -7.1528 -2.7251
Car -1 -1 -5.0333 653.1859 177.4480 710.0988 208.1896 1.5501 1.8112 4.0363 4.2097 1.3460 38.3859 -4.9299 -2.7268
Car -1 -1 -3.8756 653.3458 181.0499 800.4559 241.9469 1.5116 1.6262 3.8619 3.4185 1.5010 19.5559 -3.7102 -2.9065
Car -1 -1 -7.7772 642.8738 179.8949 678.4456 208.7646 1.3964 1.5528 3.7189 3.0600 1.3190 36.7017 -7.6997 -3.1765
Car -1 -1 -4.9628 485.0339 173.3114 516.6497 194.4223 1.5059 1.5265 3.2989 -7.4416 0.9217 53.0565 -5.1065 -3.3042
Car -1 -1 -7.7634 475.4322 169.8737 502.8878 191.6459 1.4805 1.6218 3.4542 -7.8668 0.6899 50.6241 -7.9217 -3.6380
Car -1 -1 -2.7272 647.0207 167.0672 705.5209 189.5055 1.6688 1.7007 4.1333 5.7558 0.5953 55.1789 -2.6287 -3.8553
Car -1 -1 -7.3254 518.7648 180.9167 587.0591 209.8056 1.3728 1.7272 3.8858 -2.3938 1.3454 36.2604 -7.3959 -4.2988
Car -1 -1 -8.3577 641.8604 166.6136 688.1844 191.9186 1.8178 1.7113 4.0108 4.7295 0.7484 53.7830 -8.2753 -4.3388
Car -1 -1 -4.7563 490.0126 166.2710 512.4964 186.1632 1.6190 1.6869 3.8615 -8.4410 0.3794 60.5174 -4.8992 -4.4194
Car -1 -1 -6.9074 720.6144 177.1472 835.6742 222.1860 1.6383 1.6429 4.1328 6.7888 1.4803 27.6760 -6.6742 -4.7312
Car -1 -1 -4.6580 1135.6332 240.4461 1237.0000 373.0000 1.3885 1.5540 3.4969 4.7286 1.9147 4.6389 -3.8969 -4.8708
Car -1 -1 -6.8077 803.8276 181.9013 923.5869 221.0974 1.4313 1.7083 3.9849 9.9645 1.4476 27.4601 -6.4679 -5.3999
Car -1 -1 -8.0891 475.3025 177.7085 524.1790 211.6759 1.5863 1.5754 3.5995 -5.0842 1.4095 35.5096 -8.2354 -5.4628
Car -1 -1 -4.2191 608.0729 173.0744 651.0930 196.2015 1.5479 1.5363 3.4859 2.0024 0.9840 49.9703 -4.1843 -5.4703
Car -1 -1 -7.8655 503.0974 167.0704 523.0536 186.3565 1.6874 1.7216 4.2069 -7.9963 0.4247 65.0517 -7.9922 -5.4916
Car -1 -1 -8.2888 765.8179 161.6286 828.5773 194.4750 1.5946 1.5270 4.0389 9.9930 0.6301 36.9950 -8.0317 -5.5658
Car -1 -1 -5.1718 545.3022 177.1593 599.9106 203.7018 1.5452 1.7165 4.0197 -1.8145 1.2926 43.9921 -5.2178 -5.6123
Car -1 -1 -2.2725 0.0000 205.7740 88.2551 373.0000 1.3661 1.5800 4.0184 -5.6007 1.5358 4.1254 -3.1844 -5.6528
Car -1 -1 -4.7781 619.6083 179.2843 647.9908 203.5930 1.4789 1.5263 3.8075 2.0229 1.3442 45.6254 -4.7391 -5.8031
Car -1 -1 -6.7248 0.0000 0.0000 1237.0000 373.0000 1.4854 1.5948 3.8418 -3.6910 1.5419 1.4170 -7.8745 -5.8867
Car -1 -1 -3.4678 0.0000 192.0085 0.0000 373.0000 1.5113 1.6095 3.9572 -7.8759 1.5791 2.5939 -4.6960 -5.8867
Car -1 -1 -6.9172 0.0000 0.0000 1237.0000 373.0000 1.5421 1.5882 3.8036 -2.0996 1.6206 1.0424 -7.9392 -5.8867
Car -1 -1 -7.7212 471.1521 161.8690 501.3904 188.4219 1.9438 1.6757 4.8947 -8.7566 0.5067 55.0575 -7.8831 -6.4111
Car -1 -1 -4.8588 464.5421 175.6465 512.7581 210.7635 1.4266 1.5129 3.7469 -4.9669 1.1892 31.1967 -5.0205 -6.7750
Car -1 -1 -6.6738 697.6010 170.8556 768.7750 196.6239 1.5295 1.6432 3.9449 8.0277 0.8978 43.8607 -6.4988 -6.8847
