Car -1 -1 -4.5969 528.7374 159.0513 586.7442 205.6738 1.5584 1.6656 3.9807 -1.5296 0.8085 26.0422 -4.6599 3.7230
Car -1 -1 -7.7619 652.0812 161.0398 683.8659 186.2696 1.4235 1.5864 3.2879 3.9495 0.2692 42.2894 -7.6742 -1.8421
Car -1 -1 -7.7846 682.6690 166.7807 723.6177 200.0943 1.3692 1.5446 3.7911 4.4978 0.7646 31.5376 -7.6490 -2.3313
Car -1 -1 -7.9948 454.2362 165.5455 512.6710 208.0345 1.4320 1.5600 3.8171 -4.4018 0.8947 26.2652 -8.1642 -2.5710
Car -1 -1 -6.3078 654.3345 156.7981 736.5153 189.5325 1.6756 1.7343 4.1960 4.9035 0.4114 37.8393 -6.1847 -3.3896
Car -1 -1 -7.7636 416.1999 159.1932 454.6514 190.3794 1.6387 1.7153 4.3714 -9.1935 0.4668 40.0294 -7.9928 -3.6118
Car -1 -1 -6.5857 694.6507 159.6049 808.9081 208.4395 1.5862 1.6474 3.4472 5.0160 0.8755 24.3346 -6.3895 -4.0274
Car -1 -1 -7.6694 812.9053 162.1231 933.2195 252.2670 1.5136 1.5834 3.6660 5.3658 1.1889 14.0413 -7.3158 -4.0474
Car -1 -1 -5.8440 723.2294 154.4391 814.2529 191.3758 1.7044 1.7284 3.9638 8.1174 0.4560 35.0443 -5.6229 -4.0575
Car -1 -1 -3.4180 576.7538 164.0505 715.1873 213.2736 1.4943 1.6165 4.1460 1.3690 0.9650 23.0528 -3.3644 -4.2990
Car -1 -1 -5.2300 389.0760 164.4371 492.6855 207.5730 1.4133 1.7317 4.2214 -5.8328 0.8547 25.6747 -5.4562 -4.2997
Car -1 -1 -6.0249 389.2594 154.8051 458.7404 179.0280 1.5995 1.6964 4.2653 -11.9294 -0.1699 48.4908 -6.2696 -4.3005
Car -1 -1 -7.7288 513.7910 145.2295 550.1194 175.4125 1.7771 1.7752 4.3225 -4.3291 -0.4029 45.3590 -7.8281 -4.3602
Car -1 -1 -7.8755 724.9614 171.5069 814.1005 251.6779 1.4415 1.5794 3.7254 3.3592 1.2624 14.8943 -7.6628 -4.5895
Car -1 -1 -4.7516 427.4005 154.3739 459.0653 181.4125 1.6211 1.7841 3.4691 -9.9359 -0.0057 44.9865 -4.9724 -4.6554
Car -1 -1 -6.2603 656.3893 157.8157 735.2805 189.9292 1.7363 1.6987 4.2629 5.2479 0.4559 39.9918 -6.1355 -5.0051
Car -1 -1 -4.1547 381.7531 160.2272 453.7928 193.6034 1.6024 1.7576 3.9200 -9.2917 0.5813 36.6222 -4.4063 -5.0363
Car -1 -1 -7.3645 677.7452 165.3300 745.2261 197.2554 1.4710 1.5901 3.9985 5.4320 0.7262 35.1785 -7.2173 -5.0370
Car -1 -1 -2.8345 468.4440 147.0045 556.7111 181.5766 1.9850 2.0129 4.8235 -5.2435 0.0045 42.6672 -2.9608 -5.2955
Car -1 -1 -4.6636 792.4906 167.0178 859.4581 218.4536 1.4237 1.7971 4.8326 7.0827 1.0233 22.4609 -4.3665 -5.3396
Car -1 -1 -7.6691 538.7404 147.7899 577.5769 177.7866 1.7818 1.7760 3.8601 -2.6701 -0.2441 45.1960 -7.7324 -5.3434
Car -1 -1 -7.9743 712.1472 168.1458 758.5085 202.7557 1.4088 1.5317 3.4384 5.7044 0.8656 30.9990 -7.7988 -5.3701
Car -1 -1 -7.8708 538.2590 153.1509 569.6817 186.8909 1.7815 1.6529 3.4540 -2.6648 0.2848 39.7216 -7.9421 -5.3933
Car -1 -1 -6.6400 587.2042 151.2477 653.6655 173.6081 1.4511 1.7271 4.2105 1.3051 -0.5570 49.1906 -6.6183 -5.4202
Car -1 -1 -8.1488 700.6598 162.0026 806.6406 234.6050 1.6204 1.5620 3.5537 3.6283 1.1858 17.8795 -7.9566 -5.4387
Car -1 -1 -8.8388 1237.0000 136.6868 1237.0000 373.0000 1.3725 1.6485 4.0367 6.9802 1.2086 4.6871 -7.8902 -5.7104
Car -1 -1 -2.3148 0.0000 152.3010 60.8896 373.0000 1.5430 1.5764 3.6517 -5.4553 1.4243 3.9015 -3.2392 -5.7826
Car -1 -1 -4.1217 1193.9983 125.9372 1237.0000 373.0000 1.4254 1.6117 3.9844 5.0433 1.2638 2.9427 -3.1227 -5.8744
Car -1 -1 -6.7252 717.8040 149.3941 791.2587 176.1228 1.5973 1.5941 4.1941 9.5177 -0.3441 44.7099 -6.5213 -5.8781
Car -1 -1 -9.0636 0.0000 0.0000 1237.0000 373.0000 1.5239 1.5825 3.7985 2.7237 1.5036 1.0207 -7.9394 -5.8867
Car -1 -1 -5.6382 0.0000 0.0000 1237.0000 373.0000 1.5209 1.6625 4.0203 41.4653 0.6658 1.9374 -4.1253 -5.8867
Car -1 -1 -9.2684 0.0000 0.0000 1237.0000 373.0000 1.4694 1.5780 3.8917 4.3102 1.4234 0.5353 -7.8860 -5.8867
Car -1 -1 -3.5146 0.0000 161.1548 0.0000 373.0000 1.4424 1.5840 3.9341 -7.8759 1.4142 3.0002 -4.6978 -5.8867
Car -1 -1 -4.9566 0.0000 0.0000 1237.0000 373.0000 1.5044 1.6037 3.9596 0.5522 1.5356 1.7435 -4.6976 -5.8867
Car -1 -1 -8.1005 631.6484 156.9272 663.2243 179.5540 1.8523 1.7639 3.9083 3.9111 -0.1718 61.2515 -8.0418 -6.0317
Car -1 -1 -6.4675 880.2186 127.7886 1007.1235 179.5305 1.8463 1.7268 4.0541 12.7559 -0.0775 27.0686 -6.0356 -6.0474
Car -1 -1 -7.6433 522.7398 163.1490 577.3427 198.8840 1.4012 1.6293 3.2849 -2.1003 0.6820 29.9038 -7.7177 -6.0525
Car -1 -1 -4.8067 640.8817 167.7378 660.5296 184.3324 1.5957 1.5810 3.5982 4.8798 0.2720 70.8960 -4.7431 -6.0806
Car -1 -1 -3.9329 0.0000 0.0000 1237.0000 373.0000 1.4980 1.5539 4.0393 -0.9434 1.4731 1.9719 -4.3409 -6.1843
Car -1 -1 -7.9947 673.1696 162.0174 708.6395 188.2137 1.4984 1.5649 3.7689 5.3091 0.3842 42.9907 -7.8774 -6.2079
Car -1 -1 -2.0774 0.0000 137.2887 61.3898 373.0000 1.8385 1.8385 4.0676 -7.6670 1.5052 6.7881 -2.9101 -6.4193
Car -1 -1 -7.3239 451.1489 148.3179 507.4716 173.6587 1.5904 1.9659 4.1219 -8.2198 -0.5572 48.7672 -7.4946 -6.5288
Car -1 -1 -8.2840 459.0292 158.4377 528.2596 195.7210 1.6485 1.6325 4.1483 -5.1674 0.6291 33.9420 -8.4388 -7.0121
