Car -1 -1 -4.6551 567.5822 169.7421 597.5059 195.7338 1.4944 1.6012 3.9140 -1.0968 0.8185 43.2781 -4.6853 3.9766
Car -1 -1 -8.0527 592.8029 177.5388 625.3831 199.7772 1.5643 1.6670 3.6655 0.5369 1.2856 52.4871 -8.0475 -2.8106
Car -1 -1 -7.7044 665.6088 171.4929 699.8303 196.1377 1.4635 1.5913 3.7772 5.0983 0.8693 44.6863 -7.5964 -3.0899
Car -1 -1 -5.3792 614.5906 170.9104 674.8671 196.0612 1.5061 1.6327 4.0094 2.6743 0.8720 45.1243 -5.3253 -3.3641
Car -1 -1 -6.9763 1218.4288 112.8451 1237.0000 373.0000 1.5335 1.6395 3.8813 5.8137 1.3176 3.6001 -5.9975 -3.5748
Car -1 -1 -7.5278 624.8055 170.6904 701.7411 218.9052 1.5458 1.6561 3.4612 2.1895 1.1997 24.9479 -7.4463 -3.6297
Car -1 -1 -8.2599 539.5699 161.5645 579.3184 182.5273 1.6512 1.7331 4.1483 -3.4552 0.0808 58.8230 -8.3230 -3.7884
Car -1 -1 -4.2694 0.0000 185.1946 126.4663 329.9503 1.4804 1.5569 3.5955 -7.8427 1.5393 9.3779 -4.9578 -3.8918
Car -1 -1 -5.2662 659.0734 171.0656 722.3293 198.8771 1.4538 1.6400 3.8955 4.8620 0.9085 39.6611 -5.1500 -4.0600
Car -1 -1 -5.1771 661.2991 159.1872 697.7753 180.2479 1.7675 1.6478 3.7196 6.7944 -0.1129 62.5604 -5.0742 -4.1355
Car -1 -1 -4.8955 470.4911 175.0346 522.5336 212.2880 1.4539 1.5222 3.4280 -4.4358 1.2019 29.9030 -5.0466 -4.1442
Car -1 -1 -3.0348 563.4786 160.6056 606.6635 180.6862 1.6866 1.6959 3.5371 -1.3502 -0.0709 61.4031 -3.0615 -4.1853
Car -1 -1 -7.6995 637.5800 170.6743 676.7510 200.7033 1.5672 1.6315 3.5765 3.0959 1.0024 39.4152 -7.6266 -4.2431
Car -1 -1 -7.6880 433.3192 177.3281 502.8421 228.6183 1.4515 1.5442 3.5712 -4.0506 1.3339 22.1280 -7.8722 -4.2746
Car -1 -1 -7.8292 383.0472 143.7643 416.2496 175.7105 1.6334 1.6769 3.6957 -11.0408 -0.3339 39.4517 -8.1050 -4.3026
Car -1 -1 -2.9853 212.3473 177.3640 377.2494 234.2028 1.4552 1.5695 3.9471 -8.2698 1.3498 19.6273 -3.3845 -4.3996
Car -1 -1 -8.6870 1103.0242 197.5993 1237.0000 373.0000 1.3045 1.5485 3.7809 3.5009 1.4007 2.3011 -7.7545 -4.4086
Car -1 -1 -7.8189 653.4584 158.2288 680.5977 186.1885 2.0064 1.8896 5.0758 5.0099 0.3364 54.1823 -7.7320 -4.4895
Car -1 -1 -3.9834 511.6335 169.7368 581.2007 197.3870 1.5876 1.6591 4.4678 -3.2705 0.9123 43.5265 -4.0629 -4.7114
Car -1 -1 -7.9375 390.1572 178.5716 459.0204 235.9851 1.5181 1.6096 3.9704 -5.3113 1.4412 21.1333 -8.1861 -4.7748
Car -1 -1 -2.6005 512.7516 157.6924 579.9626 182.1166 1.7730 1.9712 4.6966 -4.1367 0.0447 54.0726 -2.6813 -5.0345
Car -1 -1 -3.3498 557.6299 169.5963 632.4879 197.4185 1.7146 1.7091 4.4905 -0.4179 0.9811 45.5981 -3.3639 -5.0464
Car -1 -1 -5.6476 0.0000 125.3951 97.3631 205.8970 1.4896 1.6215 3.7564 -12.5209 0.4520 14.2521 -6.3641 -5.0997
Car -1 -1 -5.9697 430.1058 175.2494 516.2243 211.4040 1.5559 1.5358 3.4633 -5.6807 1.2872 31.9040 -6.1496 -5.2676
Car -1 -1 -4.9095 610.7405 168.8250 649.1890 195.1877 1.4717 1.5012 3.8473 1.6248 0.7643 42.1210 -4.8761 -5.3588
Car -1 -1 -6.3797 330.4358 156.5546 396.1356 186.1596 1.4843 1.4764 3.1088 -12.3827 0.2338 37.3214 -6.7027 -5.4342
Car -1 -1 -4.2567 563.2990 168.7474 605.0421 188.7817 1.4463 1.6681 3.7436 -1.2396 0.5256 53.9069 -4.2844 -5.5903
Car -1 -1 -7.5160 365.6195 160.8794 507.4665 247.5101 1.6608 1.8051 4.0304 -3.4971 1.2661 15.8799 -7.7347 -5.5930
Car -1 -1 -4.1726 0.0000 134.1202 134.7245 274.7086 1.7500 2.0354 4.9591 -9.8514 1.1609 11.5517 -4.8727 -5.6322
Car -1 -1 -2.9573 693.8162 165.2981 757.2327 193.3314 1.5934 1.6925 3.4266 7.3004 0.6726 42.2108 -2.7920 -5.7256
Car -1 -1 -5.6985 0.0000 208.9731 0.0000 373.0000 1.3597 1.5150 3.3802 -6.1049 1.5681 4.1106 -6.6533 -5.8069
Car -1 -1 -8.4475 893.7759 182.3539 1237.0000 373.0000 1.3412 1.5948 3.4010 3.9622 1.3511 6.0677 -7.8941 -5.8217
Car -1 -1 -4.6454 1022.7270 166.7022 1045.8993 182.8369 1.5031 1.6666 4.0623 41.6770 0.1242 69.0642 -4.1090 -5.8867
Car -1 -1 -5.6387 0.0000 0.0000 1237.0000 373.0000 1.5075 1.6656 4.0820 41.2648 0.7130 0.6975 -4.0961 -5.8867
Car -1 -1 -5.6039 1237.0000 0.0000 1237.0000 373.0000 1.5439 1.6706 4.0285 41.4692 0.6810 3.1538 -4.1202 -5.8867
Car -1 -1 -7.9084 573.2611 162.0645 593.3655 180.6878 1.6972 1.6726 3.6401 -1.6913 -0.0788 67.5162 -7.9381 -5.9572
Car -1 -1 -6.1795 657.2722 169.5621 752.9052 206.0676 1.7301 1.7044 4.5220 5.1186 1.1646 35.4119 -6.0420 -5.9575
Car -1 -1 -8.3013 518.3185 175.2073 562.7006 198.6331 1.5762 1.6677 3.6495 -4.2925 1.1528 50.3279 -8.3909 -6.0491
Car -1 -1 -6.8795 0.0000 0.0000 1237.0000 373.0000 1.6515 1.6536 4.1451 -2.9713 1.6642 1.4799 -7.9265 -6.1420
Car -1 -1 -4.6710 564.7105 172.9604 590.5611 196.1318 1.4795 1.5824 3.7937 -1.5409 0.9343 47.7662 -4.7080 -6.1737
Car -1 -1 -4.8818 480.0067 171.4188 514.4047 195.0429 1.4985 1.6120 3.8403 -6.9428 0.8591 47.6406 -5.0307 -6.3743
Car -1 -1 -7.6679 125.1592 178.2498 327.6895 344.5316 1.6103 1.5720 2.9633 -4.3055 1.5795 8.5949 -8.1262 -6.4679
Car -1 -1 -5.1952 653.6981 161.7542 704.8162 188.0028 1.7262 1.8743 3.9088 5.3099 0.4277 49.4023 -5.0935 -6.9897
Car -1 -1 -6.3583 671.5739 166.3095 732.5911 192.3904 1.6727 1.5821 3.8326 6.5494 0.6985 46.9710 -6.2255 -7.3838
