Car -1 -1 -4.6144 542.5991 167.9254 573.4415 192.3408 1.6065 1.7420 4.0953 -2.9289 0.7133 49.3414 -4.6783 3.4442
Car -1 -1 -2.3756 359.0392 181.0603 487.0590 239.6393 1.3808 1.4646 2.9783 -4.5903 1.3710 18.3060 -2.6233 -2.3752
Car -1 -1 -5.7695 540.1625 168.9843 606.7642 195.3799 1.6408 1.6821 3.9734 -1.8045 0.8629 46.3038 -5.8131 -3.1776
Car -1 -1 -7.5867 686.4305 167.9981 779.0301 228.3264 1.5180 1.6184 3.8430 3.7413 1.1788 20.1578 -7.4107 -3.5543
Car -1 -1 -5.5445 0.0000 188.2784 98.4658 280.0173 1.4794 1.6243 3.8517 -11.3101 1.6061 12.5371 -6.2735 -3.6055
Car -1 -1 -5.1733 530.1555 163.1432 563.0760 181.2512 1.6451 1.5632 3.7352 -5.1290 -0.0244 67.3212 -5.2538 -4.0022
Car -1 -1 -3.1642 549.2222 171.2072 610.5479 200.5408 1.6258 1.6930 3.4075 -1.2460 1.0555 40.7571 -3.1995 -4.1359
Car -1 -1 -7.5730 635.6066 171.6741 696.6998 208.9910 1.4579 1.5723 3.8226 2.7603 1.0743 30.1294 -7.4875 -4.2713
Car -1 -1 -6.5622 593.6307 169.5887 665.2338 195.8004 1.6002 1.7506 4.1789 1.7490 0.8731 45.2115 -6.5287 -4.3000
Car -1 -1 -5.0986 568.5336 168.0618 620.1902 193.2177 1.5709 1.6551 4.9066 -0.5295 0.7318 47.4401 -5.1146 -4.4703
Car -1 -1 -7.1321 652.4163 155.3914 702.8578 179.1846 1.7978 1.7248 4.0462 6.0590 -0.1893 56.6763 -7.0309 -4.4767
Car -1 -1 -7.8426 298.5980 180.6330 383.1349 254.4218 1.3941 1.5302 3.6157 -5.6393 1.3783 15.5310 -8.1909 -4.6004
Car -1 -1 -7.8920 699.3193 174.7192 785.9573 250.1241 1.4384 1.6372 3.9156 2.9362 1.3096 15.7542 -7.7160 -4.7212
Car -1 -1 -2.9042 712.8105 166.1446 800.4402 204.2450 1.5262 1.5415 3.3357 6.5023 0.9114 30.1857 -2.6988 -4.7849
Car -1 -1 -5.1057 646.8605 170.4609 695.8306 197.3540 1.5679 1.5792 3.9158 4.2271 0.9244 43.9839 -5.0154 -4.8474
Car -1 -1 -7.5412 392.0836 177.7844 434.9909 202.5436 1.4688 1.5740 3.5111 -11.5625 1.2485 44.4090 -7.7995 -4.8897
Car -1 -1 -4.5350 309.8333 183.0393 382.8919 233.0234 1.4145 1.5572 3.4088 -7.8372 1.4665 22.2467 -4.8753 -4.9696
Car -1 -1 -8.1095 626.3565 156.5148 662.8970 182.5649 2.0714 1.8469 4.7982 3.5567 0.0845 59.6541 -8.0550 -4.9804
Car -1 -1 -6.4824 560.0472 167.4227 623.8096 191.9458 1.6778 1.6360 4.2285 -0.6708 0.7147 50.4003 -6.5005 -5.2828
Car -1 -1 -4.6642 383.5501 180.4093 436.6693 229.5498 1.4891 1.5304 3.5292 -6.2581 1.4565 23.6547 -4.9254 -5.2878
Car -1 -1 -4.8883 453.8214 175.5765 521.1257 218.1778 1.4501 1.6975 4.4296 -4.3626 1.2488 26.8216 -5.0531 -5.4700
Car -1 -1 -3.9741 332.4463 170.0849 408.8197 198.2357 1.5254 1.6432 4.4121 -13.1737 0.9070 41.2715 -4.2862 -5.4863
Car -1 -1 -4.0148 879.3877 182.9013 1237.0000 373.0000 1.4211 1.5939 3.9795 3.3725 1.4294 2.9319 -3.2086 -5.6967
Car -1 -1 -7.5571 0.0000 228.4006 0.0000 373.0000 1.2853 1.4780 3.3731 -6.1937 1.7689 5.5653 -8.3788 -5.7079
Car -1 -1 -7.6395 399.8510 181.8964 487.5941 238.2871 1.4715 1.7386 3.5442 -4.4338 1.4843 20.5419 -7.8548 -5.7280
Car -1 -1 -2.8785 500.3281 170.9727 556.5532 191.6437 1.4445 1.5354 3.7230 -5.1770 0.7088 51.2502 -2.9836 -5.7428
Car -1 -1 -5.8160 1237.0000 63.1631 1237.0000 373.0000 1.4341 1.5698 4.0201 7.0223 1.2094 3.3929 -4.7306 -5.8146
Car -1 -1 -7.4718 366.9677 160.8089 432.3474 194.3271 1.5685 1.7130 4.1670 -9.9697 0.6005 35.7782 -7.7465 -5.8710
Car -1 -1 -8.4281 0.0000 0.0000 934.6852 373.0000 1.5311 1.5837 3.8033 0.7013 1.5500 1.0227 -7.9398 -5.8867
Car -1 -1 -9.2621 0.0000 0.0000 1237.0000 373.0000 1.5015 1.5735 3.7889 5.1359 1.4103 1.0081 -7.9392 -5.8867
Car -1 -1 -9.2265 0.0000 0.0000 1237.0000 373.0000 1.4722 1.5791 3.8927 3.5062 1.4412 0.5389 -7.8860 -5.8867
Car -1 -1 -5.6238 1237.0000 0.0000 1237.0000 373.0000 1.5405 1.6694 4.0267 41.4658 0.6939 2.3483 -4.1208 -5.8867
Car -1 -1 -5.3605 0.0000 0.0000 1237.0000 373.0000 1.5003 1.6068 4.0566 40.2305 0.5341 -0.4672 -3.7896 -5.8867
Car -1 -1 -2.4053 111.0147 122.4195 293.9775 189.0414 1.7211 1.7578 4.3963 -11.0488 0.1953 19.9162 -2.9108 -5.9299
Car -1 -1 -6.9035 0.0000 0.0000 1237.0000 373.0000 1.5868 1.5734 3.8282 -2.5744 1.6197 1.1753 -7.9716 -5.9749
Car -1 -1 -7.3051 315.4325 0.0000 1237.0000 373.0000 1.5128 1.5863 3.8416 -0.8706 1.5354 1.5729 -7.7574 -6.0595
Car -1 -1 -7.7021 623.4055 152.9894 656.2538 181.4040 2.0533 1.8611 4.3537 2.9610 -0.0077 54.2461 -7.6526 -6.2496
Car -1 -1 -8.0850 785.9022 158.0761 861.7318 209.2940 1.5863 1.6428 3.4003 7.3084 0.8613 23.9920 -7.7974 -6.3014
Car -1 -1 -7.2388 350.6137 184.4121 431.9121 223.5974 1.3329 1.4203 2.9486 -7.6523 1.4464 26.2989 -7.5245 -6.4729
