Car -1 -1 -4.6421 560.6808 169.3372 593.8212 195.9464 1.4761 1.6778 3.9150 -1.3650 0.8016 41.8336 -4.6795 4.7395
Car -1 -1 -4.5019 531.5737 171.1295 573.6660 195.6098 1.3652 1.7059 3.8730 -2.8086 0.7870 42.0955 -4.5730 -2.5608
Car -1 -1 -8.0791 668.1911 175.5964 736.3609 218.5724 1.3709 1.5335 3.5540 3.3690 1.1830 24.7564 -7.9504 -2.7704
Car -1 -1 -3.4614 169.9298 166.3570 370.3588 257.5913 1.6252 1.6746 3.3304 -6.6755 1.3561 14.5433 -3.8903 -3.0868
Car -1 -1 -7.9130 365.9120 181.0560 435.1313 238.3108 1.4005 1.5740 3.6588 -5.5742 1.3901 19.5577 -8.1924 -3.3323
Car -1 -1 -7.8877 315.0986 185.9888 426.1026 287.4472 1.3851 1.5052 3.1492 -3.8519 1.4696 11.6970 -8.2048 -3.3487
Car -1 -1 -7.6595 278.2365 185.1480 374.3821 245.7637 1.3358 1.5627 3.6660 -6.8004 1.4376 18.0005 -8.0212 -4.0476
Car -1 -1 -2.4692 639.7775 156.7082 700.2801 183.9066 1.8824 1.7482 4.1457 4.9241 0.1665 51.7785 -2.3797 -4.2047
Car -1 -1 -4.6374 654.0211 172.5856 689.8939 201.5040 1.3953 1.5696 3.6868 3.6274 0.9654 36.6079 -4.5443 -4.2171
Car -1 -1 -8.0368 627.0015 170.4267 690.3938 214.9777 1.5641 1.6577 4.0235 2.0709 1.1757 27.3116 -7.9670 -4.3467
Car -1 -1 -2.8309 527.0006 164.3898 592.2527 190.1724 1.6561 1.6584 3.9879 -2.7394 0.5571 47.4341 -2.8931 -4.4086
Car -1 -1 -8.1567 802.4163 164.2365 835.0946 182.2021 1.4944 1.6675 3.5746 18.6090 0.0582 61.5523 -7.8691 -4.4456
Car -1 -1 -3.3293 556.1376 169.7888 635.6475 195.5871 1.5384 1.6531 4.6503 -0.3572 0.8401 44.1082 -3.3423 -4.4872
Car -1 -1 -4.8662 550.5441 164.8112 582.5421 187.9731 1.6001 1.7224 3.7398 -2.5316 0.4472 51.6329 -4.9198 -4.4948
Car -1 -1 -4.6840 544.7521 158.6339 566.8110 177.6511 1.4414 1.6620 4.4483 -3.6051 -0.3210 57.6142 -4.7510 -4.5033
Car -1 -1 -5.2471 665.6381 169.7311 726.9986 201.2922 1.5646 1.5748 3.5402 4.8964 0.9814 37.5474 -5.1233 -4.5415
Car -1 -1 -3.4524 583.0035 172.6731 648.0043 195.0130 1.5093 1.6321 4.2182 0.9811 0.9130 49.9277 -3.4378 -4.5717
Car -1 -1 -7.2861 0.0000 0.0000 1237.0000 373.0000 1.4298 1.4140 3.1347 -2.3824 1.5455 1.0833 -8.3493 -4.6607
Car -1 -1 -7.7227 565.1638 153.3885 592.0131 177.3672 2.0720 1.9298 4.0526 -1.9959 -0.3859 64.9090 -7.7580 -4.6979
Car -1 -1 -3.4263 622.9550 155.2120 696.3206 182.3091 1.9870 2.0328 5.1504 4.3854 0.0593 54.2043 -3.3508 -4.7077
Car -1 -1 -6.0660 0.0000 0.0000 1237.0000 373.0000 1.4320 1.4651 3.9034 -4.2927 1.3585 1.5159 -7.2494 -4.8504
Car -1 -1 -3.2497 669.6146 172.7605 753.6813 205.2380 1.4106 1.5219 3.5495 4.8499 1.0313 32.0245 -3.1056 -4.9505
Car -1 -1 -4.6452 667.8588 173.0880 708.6415 210.0370 1.4410 1.4753 3.4717 3.6344 1.1133 29.8554 -4.5302 -4.9840
Car -1 -1 -7.6921 323.8266 171.5137 441.3637 262.8051 1.6029 1.6761 3.8007 -4.3268 1.4282 14.6037 -7.9807 -5.0142
Car -1 -1 -6.8280 669.4225 173.2366 780.0296 212.7993 1.4785 1.5692 4.0838 4.8451 1.1701 28.3347 -6.6653 -5.0170
Car -1 -1 -4.9302 557.5537 161.8664 586.1969 184.4686 1.8540 1.6725 3.5777 -2.5082 0.2433 60.8687 -4.9760 -5.0786
Car -1 -1 -8.0236 746.1131 169.5224 799.6093 207.1356 1.5030 1.5953 3.5716 7.2007 1.0247 30.5317 -7.7990 -5.1898
Car -1 -1 -4.6215 511.4697 169.5707 544.4378 195.3446 1.4133 1.5510 4.0096 -4.1908 0.7593 41.4041 -4.7266 -5.3231
Car -1 -1 -7.1190 830.5841 200.8821 1237.0000 373.0000 1.3025 1.7002 4.0719 3.5128 1.4402 3.9386 -6.4288 -5.3325
Car -1 -1 -4.8899 1.8874 0.0000 1237.0000 373.0000 1.4366 1.6215 3.6114 -0.7954 1.6609 1.7618 -5.2741 -5.5132
Car -1 -1 -8.9189 0.0000 0.0000 965.6920 373.0000 1.5428 1.5813 2.9860 1.0010 1.5991 0.8682 -8.2046 -5.6444
Car -1 -1 -6.3429 821.5406 163.4576 875.7690 182.0026 1.5054 1.6523 4.1543 20.5045 0.0406 59.6539 -6.0180 -5.6947
Car -1 -1 -6.0829 0.0000 0.0000 1237.0000 373.0000 1.6023 1.6798 3.3203 2.9788 1.4911 1.6308 -5.0848 -5.7154
Car -1 -1 -8.1986 709.7841 164.7067 762.0778 197.5269 1.7867 1.6625 4.0105 7.6492 0.8727 41.2217 -8.0212 -5.7583
Car -1 -1 -4.6454 1022.7270 166.7022 1045.8993 182.8369 1.5031 1.6666 4.0623 41.6770 0.1242 69.0642 -4.1090 -5.8867
Car -1 -1 -5.3605 0.0000 0.0000 1237.0000 373.0000 1.5003 1.6068 4.0566 40.2305 0.5341 -0.4672 -3.7896 -5.8867
Car -1 -1 -5.6187 1237.0000 0.0000 1237.0000 373.0000 1.5223 1.6623 4.0205 41.4687 0.6556 2.7425 -4.1252 -5.8867
Car -1 -1 -4.8592 523.4217 159.7852 552.0701 179.6985 1.5740 1.7172 4.3910 -5.2927 -0.1554 59.5409 -4.9522 -5.9039
Car -1 -1 -7.8508 779.4170 165.8728 808.3971 192.6641 1.5404 1.6170 4.1251 11.6428 0.6420 43.5021 -7.5957 -6.0344
Car -1 -1 -4.1813 0.0000 94.4411 52.9323 189.8696 1.5497 1.6163 3.6574 -12.3568 0.1366 13.6188 -4.9132 -6.0621
Car -1 -1 -6.0252 290.4547 180.6561 414.7073 225.3316 1.3296 1.3569 3.3941 -7.6452 1.3050 22.1836 -6.3587 -6.3130
Car -1 -1 -5.1548 467.2371 166.4658 520.8160 191.3250 1.4780 1.7158 4.0686 -6.7512 0.5843 44.8743 -5.3081 -6.4480
Car -1 -1 -7.3335 51.5035 163.5000 266.3184 259.8817 1.6268 1.7149 4.2183 -8.5003 1.3236 14.2463 -7.8687 -6.6281
Car -1 -1 -7.7793 367.9048 143.7346 410.7971 186.1010 2.1002 1.8660 4.3295 -11.1341 0.2283 37.9225 -8.0677 -6.7158
Car -1 -1 -8.2334 665.3313 188.5974 865.8057 308.9746 1.4549 1.6283 3.6122 2.2035 1.5816 10.8355 -8.0432 -8.9671
