Car -1 -1 -4.5976 547.2193 173.5218 582.3701 201.0702 1.4733 1.5626 3.8374 -2.0170 1.0468 40.3779 -4.6522 4.0517
Car -1 -1 -6.1418 0.0000 191.1125 51.1725 339.2505 1.4941 1.6202 3.8394 -9.5810 1.6433 9.2874 -6.9343 -2.4250
Car -1 -1 -4.2600 506.3600 157.7119 551.3218 183.3035 1.7102 1.7241 3.6025 -4.9976 0.1205 49.9928 -4.3639 -2.7486
Car -1 -1 -6.5166 641.0281 169.1364 736.3442 206.3715 1.6140 1.6698 3.9558 3.8571 1.0784 32.2023 -6.4034 -2.9980
Car -1 -1 -7.4540 290.3696 165.0548 374.7570 212.4834 1.6093 1.5989 3.6330 -9.7344 1.0517 26.2229 -7.8112 -3.3953
Car -1 -1 -3.3036 650.6906 166.3712 712.0827 191.9952 1.7599 1.7006 4.0431 5.5785 0.7208 50.3009 -3.1986 -3.6077
Car -1 -1 -4.6453 635.2369 168.9583 690.2071 221.9409 1.6869 1.6674 3.7844 2.1626 1.2880 24.8650 -4.5647 -3.9502
Car -1 -1 -7.8115 616.9794 172.1789 656.4653 209.6349 1.6089 1.6697 3.2333 1.6261 1.2088 32.5391 -7.7670 -4.1372
Car -1 -1 -2.5252 0.0000 184.0602 13.7892 252.8163 1.5252 1.6847 3.6282 -16.6144 1.5907 17.1228 -3.2931 -4.2462
Car -1 -1 -7.4813 61.5327 174.7631 221.9824 258.7124 1.4772 1.5193 3.5478 -9.1247 1.3593 14.5240 -8.0395 -4.2495
Car -1 -1 -7.5828 529.3359 157.0881 569.0773 185.3457 1.8475 1.7561 3.8392 -3.5073 0.2515 49.0195 -7.6586 -4.2663
Car -1 -1 -8.0983 627.4722 154.0818 661.5771 177.6045 1.9200 1.8477 4.5962 3.6900 -0.3490 61.8704 -8.0438 -4.2773
Car -1 -1 -6.8298 0.0000 203.5810 163.8294 368.9393 1.4831 1.5873 3.5909 -7.6853 1.8179 8.9185 -7.5325 -4.3692
Car -1 -1 -7.8209 366.4967 169.3907 414.8844 211.8037 1.5035 1.6608 4.3568 -8.0945 1.0747 27.7817 -8.1069 -4.5293
Car -1 -1 -5.1677 623.3356 175.1994 698.0005 215.4632 1.5301 1.6137 3.5333 2.3219 1.2910 29.2377 -5.0943 -4.5739
Car -1 -1 -7.5852 552.8809 158.5199 585.4954 182.4188 2.0178 1.8368 4.1349 -2.7514 0.0774 62.8679 -7.6335 -4.6463
Car -1 -1 -3.7864 151.5669 196.1618 323.8090 264.5299 1.2785 1.4938 3.1344 -7.9683 1.6392 15.9124 -4.2496 -4.7025
Car -1 -1 -4.0727 103.2923 178.9659 311.6959 276.5576 1.5476 1.6860 3.3102 -7.0377 1.5080 13.1541 -4.5612 -4.8683
Car -1 -1 -7.6932 0.0000 182.3545 82.8139 242.4309 1.4402 1.5824 3.4816 -15.1059 1.4658 19.1805 -8.3588 -4.9090
Car -1 -1 -6.9322 660.4209 170.4400 781.4103 220.1758 1.6274 1.6597 4.0029 4.1808 1.2659 25.1803 -6.7745 -4.9177
Car -1 -1 -5.4206 571.4544 172.3371 643.7161 201.2292 1.5465 1.6288 4.3546 0.2884 1.0562 40.6341 -5.4185 -4.9991
Car -1 -1 -7.6357 241.0400 175.7354 391.6777 277.5936 1.6327 1.7849 4.0670 -5.2372 1.5410 13.6568 -8.0010 -5.0772
Car -1 -1 -7.8890 492.1029 171.3853 510.8624 186.6522 1.4693 1.6913 3.6870 -9.8726 0.4955 71.0948 -8.0313 -5.2608
Car -1 -1 -1.9576 148.0021 188.3207 287.3546 252.9335 1.3762 1.6495 3.8894 -9.4806 1.5613 17.5689 -2.4516 -5.2772
Car -1 -1 -4.5518 0.0000 180.6214 4.6552 261.7856 1.5248 1.7200 3.6471 -14.2829 1.5089 15.4915 -5.2935 -5.3169
Car -1 -1 -6.8680 0.0000 149.6035 94.0566 373.0000 1.5921 1.7519 4.2644 -5.2886 1.5176 3.8887 -7.7790 -5.4683
Car -1 -1 -4.6336 0.0000 175.9311 79.2642 247.2239 1.4424 1.6227 3.5028 -13.0709 1.3303 16.4402 -5.3028 -5.5216
Car -1 -1 -6.2614 740.9996 148.0953 814.8968 176.7442 1.5129 1.6154 3.8802 9.7204 -0.2707 39.6316 -6.0271 -5.5394
Car -1 -1 -4.8722 625.1993 173.1990 669.1952 200.1567 1.3652 1.6881 4.1134 2.3874 0.9450 38.5100 -4.8157 -5.5842
Car -1 -1 -5.2718 606.7974 173.4282 677.4147 202.1384 1.3274 1.6199 3.9015 1.9244 0.9545 35.3091 -5.2228 -5.5871
Car -1 -1 -5.5969 1237.0000 0.0000 1237.0000 373.0000 1.3879 1.5795 4.1183 5.4385 1.1783 2.5044 -4.5022 -5.8468
Car -1 -1 -6.1591 351.9016 177.0708 439.1784 211.1844 1.6117 1.5352 3.9332 -9.9790 1.4027 35.0025 -6.4400 -6.0918
Car -1 -1 -6.2631 690.7480 155.9267 761.5498 180.0478 1.5568 1.7273 4.5574 8.2946 -0.0992 47.7865 -6.0969 -6.2269
Car -1 -1 -6.3386 0.0000 0.0000 1237.0000 373.0000 1.5865 1.4606 3.3383 -4.0180 1.7650 1.2714 -7.5507 -6.3807
