Car -1 -1 -4.5989 559.1730 168.6277 590.4785 194.4136 1.5417 1.5513 3.8285 -1.6200 0.7722 44.9145 -4.6396 1.7421
Car -1 -1 -4.5961 530.5895 169.2125 564.5245 194.7873 1.5436 1.7268 3.7457 -3.3473 0.8020 45.2596 -4.6744 -3.0499
Car -1 -1 -7.8405 634.2159 169.8272 681.6450 213.3659 1.5001 1.6336 4.0108 2.0953 1.0984 26.8182 -7.7684 -3.0971
Car -1 -1 -5.8873 514.9532 158.1097 566.0180 176.1084 1.4823 1.6932 4.0083 -5.1768 -0.4718 61.4200 -5.9757 -3.5066
Car -1 -1 -5.2958 544.3138 162.4954 584.6786 181.8692 1.6576 1.7038 3.8650 -3.2650 0.0314 63.5180 -5.3517 -3.5132
Car -1 -1 -7.9998 629.4576 166.1805 655.0659 186.4939 1.6417 1.6186 3.4956 3.3983 0.4034 59.8706 -7.9482 -3.8640
Car -1 -1 -7.7913 689.3799 168.3173 743.2052 215.1239 1.5562 1.7037 3.9693 4.1996 1.1183 26.0039 -7.6379 -3.8883
Car -1 -1 -7.9103 602.8104 169.9289 644.8950 207.4389 1.5997 1.6494 4.1493 0.9474 1.1065 32.7360 -7.8867 -3.9103
Car -1 -1 -7.7423 706.4792 175.5218 739.9507 202.2683 1.5114 1.5736 3.7362 7.2597 1.1737 42.6040 -7.5796 -4.0469
Car -1 -1 -5.7599 0.0000 176.5552 123.4168 300.1667 1.4318 1.5547 3.5297 -8.6487 1.3752 9.4482 -6.4928 -4.1633
Car -1 -1 -4.7619 586.6658 172.1913 612.7344 195.0620 1.3884 1.4600 3.3034 -0.1346 0.8234 45.2991 -4.7697 -4.1841
Car -1 -1 -4.8346 582.2227 171.1892 614.0186 195.0833 1.6123 1.7375 4.0017 -0.2630 0.9165 50.5681 -4.8447 -4.1851
Car -1 -1 -8.0957 618.4349 162.1242 651.2552 185.4069 2.0497 1.9089 4.6733 3.0424 0.3437 65.7185 -8.0544 -4.6047
Car -1 -1 -5.1137 698.2438 166.8228 754.7842 194.9884 1.4583 1.6493 3.8352 6.7636 0.6986 39.2491 -4.9491 -4.7226
Car -1 -1 -5.0842 669.6404 174.1199 721.4882 201.1709 1.5204 1.7182 3.8870 5.5047 1.1058 42.4695 -4.9611 -4.7770
Car -1 -1 -7.8127 191.1785 178.6101 313.8560 277.0340 1.4318 1.6580 3.7736 -5.9916 1.3904 12.5103 -8.2567 -4.7949
Car -1 -1 -2.7942 595.4274 167.1573 665.6849 190.8327 1.4743 1.6356 4.2183 1.8801 0.5812 46.2791 -2.7587 -4.9020
Car -1 -1 -7.9551 786.6977 180.7169 930.0652 295.0869 1.3507 1.4849 3.4896 3.4675 1.3421 10.3443 -7.6448 -5.0005
Car -1 -1 -7.3819 634.7109 155.8958 679.4614 182.7822 2.0312 1.8716 4.0850 4.4368 0.0968 56.5001 -7.3087 -5.1747
Car -1 -1 -3.1748 624.7130 163.9745 709.1238 203.4784 1.8053 1.7306 3.8559 3.0254 1.0047 33.7896 -3.0912 -5.2365
Car -1 -1 -4.7823 630.3641 168.3778 662.5424 193.2954 1.4363 1.6789 3.2271 2.6616 0.6800 43.0308 -4.7258 -5.2732
Car -1 -1 -2.2973 303.8116 173.4880 421.3815 219.1498 1.5510 1.6468 4.2521 -8.7530 1.2793 26.1703 -2.6222 -5.2893
Car -1 -1 -6.6960 512.4546 168.5279 566.4748 191.8686 1.5614 1.6632 3.3268 -4.2647 0.6936 49.5853 -6.7862 -5.3767
Car -1 -1 -7.6644 564.8283 168.9029 589.2847 186.5529 1.6733 1.7101 3.8461 -2.3098 0.4787 70.1320 -7.7020 -5.3991
Car -1 -1 -8.0027 504.5146 167.0263 540.5732 193.3599 1.5744 1.6911 3.7044 -4.9732 0.7092 44.9566 -8.1172 -5.4205
Car -1 -1 -7.9223 421.2264 177.5704 478.8559 227.4456 1.4485 1.5218 3.5656 -4.8913 1.3348 22.7862 -8.1367 -5.5106
Car -1 -1 -5.6399 0.0000 163.9052 71.7343 373.0000 1.5441 1.8344 4.4516 -4.6640 1.5328 2.2669 -6.7195 -5.5764
Car -1 -1 -2.7676 0.0000 188.0553 67.4733 373.0000 1.3779 1.5590 3.9532 -5.8749 1.4341 4.3976 -3.6733 -5.7123
Car -1 -1 -6.2334 653.4341 161.9380 712.2147 188.1413 1.7323 1.6327 3.8836 5.5357 0.4391 48.5991 -6.1254 -5.8026
Car -1 -1 -4.6454 1022.7270 166.7022 1045.8993 182.8369 1.5031 1.6666 4.0623 41.6770 0.1242 69.0642 -4.1090 -5.8867
Car -1 -1 -5.6382 0.0000 0.0000 1237.0000 373.0000 1.5209 1.6625 4.0203 41.4653 0.6658 1.9374 -4.1253 -5.8867
Car -1 -1 -7.3161 187.3562 176.9033 227.8801 193.0532 1.5577 1.6787 4.0983 -39.0230 1.1140 71.3597 -7.8199 -5.8867
Car -1 -1 -4.6740 1036.8020 168.2003 1059.2473 184.6684 1.4897 1.6546 4.0207 41.7770 0.2863 67.1099 -4.1238 -5.8867
Car -1 -1 -4.5411 549.8831 170.4906 583.3733 191.5489 1.4237 1.7320 3.9205 -2.3977 0.6794 50.6129 -4.5930 -5.9188
Car -1 -1 -7.2463 22.4658 114.2536 212.4860 189.7454 1.6019 1.7925 4.0246 -11.4144 0.1755 17.2779 -7.8277 -6.0044
Car -1 -1 -7.6009 65.8298 0.0000 1237.0000 373.0000 1.5321 1.5697 3.8917 -0.4811 1.5548 1.1780 -7.9345 -6.0101
Car -1 -1 -4.7652 648.9108 163.2399 674.2336 184.1430 1.4433 1.5819 3.8684 4.2944 0.1825 51.5513 -4.6873 -6.0598
Car -1 -1 -8.9831 958.6914 95.1401 1237.0000 373.0000 1.5646 1.5508 3.7730 3.8824 1.3728 3.6403 -8.2064 -6.0860
Car -1 -1 -6.3275 660.7952 161.3334 729.0292 188.9526 1.6739 1.7239 4.1116 5.7527 0.4518 44.5569 -6.2047 -6.1259
Car -1 -1 -5.2806 684.4475 159.7967 724.4335 177.3216 1.4035 1.6763 3.5332 8.6548 -0.3630 60.4183 -5.1437 -6.1698
Car -1 -1 -5.8086 386.3711 160.7697 474.5692 192.8955 1.6946 1.6450 4.4195 -9.3202 0.6013 39.2118 -6.0453 -6.3450
Car -1 -1 -4.9558 937.0582 222.1851 1237.0000 373.0000 1.3144 1.4458 3.1157 2.2998 1.5845 3.0442 -4.3552 -6.3648
Car -1 -1 -5.3426 716.8599 166.8467 791.2837 193.1961 1.3729 1.6479 4.5448 8.3718 0.6096 39.8380 -5.1417 -7.3098
