Car -1 -1 -4.6098 553.3167 170.5394 588.2692 199.5798 1.5805 1.6331 3.7984 -1.7077 0.9841 41.0358 -4.6561 5.9467
Car -1 -1 -4.6508 659.1884 156.7463 686.5723 183.9384 1.8770 1.7330 4.1958 5.2016 0.1683 51.7918 -4.5560 -2.4453
Car -1 -1 -8.3814 0.0000 0.0000 1237.0000 373.0000 1.4348 1.6082 3.7906 1.9843 1.4350 1.4725 -7.5363 -2.6608
Car -1 -1 -6.4215 0.0000 182.3639 84.0125 333.3127 1.5025 1.6118 4.0154 -9.3735 1.5168 9.2599 -7.2044 -3.0424
Car -1 -1 -8.0517 659.6187 156.3742 687.1600 176.6876 1.7608 1.7200 3.9782 6.5394 -0.4517 65.3150 -7.9570 -3.2202
Car -1 -1 -7.3305 0.0000 186.0773 58.2630 251.8916 1.4256 1.5324 3.7373 -15.4031 1.5522 17.8128 -8.0414 -3.4063
Car -1 -1 -3.3957 566.4496 174.5804 639.0161 199.2159 1.5960 1.7492 4.5478 0.0811 1.1477 47.9611 -3.3990 -3.8479
Car -1 -1 -8.3472 622.0021 174.8443 673.7976 197.7599 1.4042 1.5878 4.0166 2.9383 0.9964 46.1730 -8.2890 -3.8716
Car -1 -1 -7.6814 330.0614 160.9992 392.3477 205.6787 1.6269 1.6545 4.0949 -9.3933 0.8808 28.3043 -8.0041 -4.0228
Car -1 -1 -7.7751 201.2275 0.0000 1237.0000 373.0000 1.5458 1.6345 3.7762 0.4719 1.5643 1.0821 -7.4494 -4.0810
Car -1 -1 -7.3830 0.0000 199.5141 119.2387 264.7799 1.4363 1.5283 3.5671 -14.3162 1.9543 18.7437 -8.0339 -4.2231
Car -1 -1 -7.4991 276.9796 182.8091 383.3696 242.3172 1.4064 1.5686 3.1924 -6.9575 1.4438 18.6458 -7.8570 -4.2804
Car -1 -1 -4.1714 0.0000 163.8691 72.0631 219.8128 1.4775 1.6900 4.2442 -17.7969 1.0124 21.1995 -4.8687 -4.3418
Car -1 -1 -7.9604 655.3641 177.5262 684.7660 199.1913 1.3472 1.4821 3.7206 4.4147 1.1002 46.5427 -7.8714 -4.4491
Car -1 -1 -3.6680 104.4041 188.6306 299.6086 260.6449 1.4027 1.5078 3.6021 -8.9483 1.5843 16.3053 -4.1685 -4.4847
Car -1 -1 -6.8454 0.0000 199.7398 141.2783 366.2976 1.4198 1.6006 3.8355 -7.9155 1.6921 8.6381 -7.5779 -4.5031
Car -1 -1 -4.9110 551.0373 158.6015 581.6010 180.4563 1.7338 1.7441 4.0064 -2.9136 -0.0896 59.3529 -4.9646 -4.6711
Car -1 -1 -7.4898 0.0000 187.0646 114.3690 242.0429 1.4391 1.6085 3.5344 -15.9277 1.6180 21.1120 -8.1354 -4.7922
Car -1 -1 -7.6516 23.9813 149.6152 108.8422 196.1993 1.4581 1.6556 3.4043 -18.0712 0.4606 24.3773 -8.2891 -4.9626
Car -1 -1 -8.0038 311.0217 175.5278 417.3017 258.0160 1.5581 1.6219 3.7262 -5.2857 1.4459 15.5960 -8.3309 -4.9812
Car -1 -1 -6.7213 34.3948 196.3185 297.5508 306.7216 1.4427 1.5050 3.3347 -6.9458 1.7212 11.6711 -7.2540 -5.0547
Car -1 -1 -7.7018 663.8182 177.0546 731.1943 225.6179 1.4541 1.6643 3.7138 3.1913 1.3215 23.5238 -7.5737 -5.1230
Car -1 -1 -7.5802 675.8149 158.1103 704.5955 177.0802 1.6456 1.7282 3.4907 8.1116 -0.4132 65.1654 -7.4616 -5.2213
Car -1 -1 -9.0000 0.0000 0.0000 1237.0000 373.0000 1.4797 1.6133 3.9450 3.7193 1.4611 1.5465 -7.8878 -5.3602
Car -1 -1 -2.7996 496.2236 157.2456 559.5419 179.5886 1.8051 1.9529 4.8744 -6.0830 -0.1634 59.8170 -2.9053 -5.4077
Car -1 -1 -4.5772 596.9008 170.5831 633.5538 200.3347 1.5243 1.5342 3.4830 0.7772 0.9652 38.6407 -4.5622 -5.5572
Car -1 -1 -4.6311 545.9507 172.2029 579.5869 196.4299 1.4305 1.7336 4.8211 -2.3546 0.8816 44.8442 -4.6882 -5.5717
Car -1 -1 -5.1128 366.5465 176.8808 425.5365 211.2476 1.5633 1.5250 3.3427 -9.8967 1.3535 34.4541 -5.3956 -5.6601
Car -1 -1 -6.7704 1237.0000 120.0226 1237.0000 373.0000 1.6948 1.5396 3.7873 7.9676 1.3103 5.9691 -5.8688 -5.8314
Car -1 -1 -5.6687 1237.0000 0.0000 1237.0000 373.0000 1.4177 1.5774 4.0286 5.4296 1.2591 2.5964 -4.5882 -5.8527
Car -1 -1 -5.4819 0.0000 0.0000 1237.0000 373.0000 1.4857 1.6451 3.9869 40.6714 0.5907 -0.0459 -3.9214 -5.8867
Car -1 -1 -5.0448 491.7871 173.7029 543.5715 199.9675 1.3764 1.5751 4.1070 -4.7028 0.9680 39.8366 -5.1665 -5.9794
Car -1 -1 -6.5679 740.3074 174.7554 836.2738 210.5030 1.4294 1.4521 3.5460 7.6155 1.1600 29.5178 -6.3226 -6.0684
Car -1 -1 -5.0053 664.0825 170.8230 713.8633 199.5456 1.4656 1.5742 3.9014 4.6505 0.9210 38.7133 -4.8915 -6.2702
Car -1 -1 -6.0502 542.1421 170.1270 600.5941 191.3747 1.4662 1.5174 3.8779 -2.0936 0.6814 50.6747 -6.0962 -6.2871
Car -1 -1 -6.2091 503.2213 165.6102 557.3566 192.5581 1.8966 1.6515 3.7527 -5.0482 0.7782 51.4340 -6.3113 -6.6442
Car -1 -1 -2.7071 475.6582 177.1295 529.8191 200.4375 1.5190 1.4408 3.2828 -6.5763 1.2342 47.9801 -2.8476 -7.3067
