Car -1 -1 -4.5272 403.1587 173.7407 501.3147 241.7018 1.4853 1.6279 4.2228 -3.5928 1.3163 17.8234 -4.7286 3.5743
Car -1 -1 -5.8638 256.8104 174.6483 374.0442 213.7143 1.4980 1.6073 4.0047 -11.2799 1.2356 28.4273 -6.2435 -0.0550
Car -1 -1 -7.6607 475.3119 171.1044 505.6180 190.3701 1.4877 1.6518 4.1499 -8.8292 0.6848 57.5738 -7.8171 -1.3512
Car -1 -1 -8.3493 559.2569 176.2459 675.5892 233.3388 1.4128 1.5883 3.7299 0.3039 1.2833 19.7952 -8.3394 -1.7587
Car -1 -1 -7.8565 234.7613 186.9498 287.8902 230.7207 1.3809 1.5729 3.8375 -11.9781 1.5885 25.2461 -8.3008 -1.9867
Car -1 -1 -8.0923 242.5832 180.4373 338.9627 237.0403 1.4830 1.6476 4.0511 -9.1581 1.4557 20.9309 -8.5054 -2.0340
Car -1 -1 -7.4708 240.9068 177.7030 299.7206 207.3363 1.4731 1.5696 3.5915 -17.2369 1.2845 37.5406 -7.9036 -2.4817
Car -1 -1 -6.9647 120.4428 183.3308 272.5988 237.4709 1.4120 1.5789 3.6760 -11.6453 1.4707 20.8687 -7.4735 -2.4827
Car -1 -1 -2.8097 544.2447 176.0567 679.2710 224.4097 1.4533 1.6009 4.0255 0.3101 1.2901 23.0155 -2.8016 -2.5084
Car -1 -1 -3.3890 524.1520 181.2052 588.8040 204.9861 1.4274 1.5575 3.7199 -2.7856 1.4098 44.4344 -3.4563 -2.8665
Car -1 -1 -7.9999 534.6851 169.3166 558.5640 185.6289 1.5736 1.7355 4.3529 -5.4538 0.3980 71.6121 -8.0805 -2.9267
Car -1 -1 -4.9827 241.9386 165.0330 276.0053 184.0754 1.5587 1.6370 3.7882 -28.9632 0.2106 60.7634 -5.4306 -3.4931
Car -1 -1 -5.0523 528.2714 176.6949 568.5762 200.1626 1.6033 1.6767 3.7839 -3.8007 1.2750 51.1442 -5.1311 -3.6709
Car -1 -1 -4.2577 489.0926 170.3423 530.4766 189.1544 1.4491 1.6718 4.0994 -7.2716 0.5895 57.5426 -4.3877 -3.7293
Car -1 -1 -7.3231 316.6124 173.2449 417.0983 225.3685 1.4752 1.5471 3.1564 -7.1303 1.2420 22.0377 -7.6377 -3.8144
Car -1 -1 -3.2559 509.0699 171.2672 582.4747 200.7440 1.5623 1.6688 3.8276 -3.0701 1.0202 39.2660 -3.3384 -4.0382
Car -1 -1 -7.9774 335.7120 180.1300 392.0297 221.0230 1.4198 1.5452 3.6630 -8.9793 1.3727 26.9262 -8.3015 -4.2643
Car -1 -1 -8.0123 584.7536 162.8994 611.3857 182.7265 1.6696 1.7160 3.8135 -0.2960 0.1031 62.5134 -8.0218 -4.2671
Car -1 -1 -5.1039 515.3388 176.2108 582.1382 211.8848 1.5382 1.6356 4.0250 -2.5107 1.3104 33.1372 -5.1841 -4.2728
Car -1 -1 -5.8826 263.6380 168.5031 330.9043 188.6729 1.5409 1.7397 4.4865 -23.5479 0.5479 55.7547 -6.2854 -4.3258
Car -1 -1 -2.5801 427.1859 161.1281 501.3235 185.7736 1.5850 1.8586 4.5625 -9.1348 0.2749 47.8860 -2.7724 -4.4637
Car -1 -1 -2.2950 128.8767 177.7990 255.9804 226.2703 1.6294 1.6484 4.0708 -14.5802 1.5054 25.5830 -2.8138 -4.4846
Car -1 -1 -8.2959 473.1973 168.5387 507.8742 186.9409 1.6256 1.6325 3.8217 -10.1048 0.4804 65.4942 -8.4532 -4.4859
Car -1 -1 -4.2314 0.0000 171.9390 34.8218 252.9064 1.3627 1.6044 3.6614 -12.9946 1.2024 14.0652 -4.9731 -4.6767
Car -1 -1 -5.0109 515.4396 169.6396 573.3783 203.0332 1.5940 1.5883 4.7879 -3.0077 1.0281 36.8059 -5.0969 -4.7065
Car -1 -1 -7.7864 454.3012 176.3584 489.5490 206.0760 1.4924 1.6082 3.6075 -6.8039 1.2344 37.9572 -7.9676 -4.7461
Car -1 -1 -2.3324 396.0858 155.1747 470.0074 186.5468 1.7536 1.7169 4.2903 -9.8783 0.2822 42.0392 -2.5666 -4.8324
Car -1 -1 -7.9831 528.6508 177.5683 587.3854 220.2907 1.4065 1.5374 4.2584 -1.6681 1.2775 25.8871 -8.0520 -4.9078
Car -1 -1 -5.9328 642.4395 155.3793 706.4354 181.8074 1.6680 1.7422 3.7948 4.7755 0.0195 46.9419 -5.8367 -5.0851
Car -1 -1 -7.7551 624.3347 160.2688 656.6838 191.5250 1.8669 1.6466 4.1650 2.4999 0.5989 45.0872 -7.7049 -5.2700
Car -1 -1 -2.0369 0.0000 197.1854 31.7921 373.0000 1.4298 1.5706 3.8441 -5.8843 1.5513 4.3859 -2.9448 -5.9817
Car -1 -1 -6.8216 579.6325 169.6219 663.4831 202.9122 1.5756 1.5719 3.9107 1.0048 1.0137 35.6457 -6.7986 -6.0445
