Car -1 -1 -4.4654 258.2781 182.3578 427.3790 291.1286 1.5131 1.6604 4.2573 -4.1843 1.5309 12.2161 -4.7945 5.9655
Car -1 -1 -3.7492 0.0000 170.7577 61.5677 204.7286 1.5605 1.6790 4.1825 -29.2034 1.0673 35.2366 -4.4425 -0.3504
Car -1 -1 -3.2283 368.6736 175.4440 439.0078 202.7751 1.4953 1.6105 3.7125 -11.2048 1.1641 40.7062 -3.5003 -1.9142
Car -1 -1 -4.5808 65.5443 178.4356 98.7069 197.4589 1.4298 1.6155 3.8759 -40.4739 1.1994 56.0794 -5.2087 -2.0777
Car -1 -1 -7.8928 555.6465 168.7120 578.0854 188.7879 1.5360 1.6118 3.6288 -2.7417 0.5575 56.8417 -7.9457 -2.1000
Car -1 -1 -6.6818 0.0000 186.6635 113.7022 265.0122 1.5291 1.6438 4.2983 -14.0674 1.6655 16.6086 -7.3821 -2.1559
Car -1 -1 -5.6485 0.0000 177.7598 88.5146 214.7021 1.6328 1.7159 4.0426 -26.0062 1.4678 32.6854 -6.3217 -2.8871
Car -1 -1 -3.0815 0.0000 173.2888 104.0693 229.4680 1.7600 1.6747 3.8006 -19.1481 1.5032 24.2765 -3.7492 -3.0765
Car -1 -1 -7.4596 0.0000 198.1549 102.4054 275.2167 1.4050 1.5404 3.4764 -12.5823 1.8153 15.7917 -8.1297 -3.2529
Car -1 -1 -7.1860 46.6866 172.0701 135.3948 203.6931 1.5998 1.6896 4.1117 -27.1912 1.1229 38.4355 -7.8034 -3.4018
Car -1 -1 -4.7130 49.2288 173.9048 87.4699 204.3177 1.5819 1.6191 4.0143 -29.2813 1.1870 39.4568 -5.3532 -3.4079
Car -1 -1 -7.5119 444.2293 168.6689 474.4365 185.5094 1.5731 1.6498 3.9149 -13.6036 0.3742 69.1560 -7.7102 -3.4714
Car -1 -1 -4.3215 83.7442 176.8108 129.4681 197.0973 1.5593 1.6012 4.0332 -39.4194 1.1988 57.3547 -4.9265 -3.4823
Car -1 -1 -4.5110 208.2579 163.6584 251.0410 191.3402 1.7379 1.6911 4.3054 -24.4565 0.6178 47.3990 -4.9899 -3.5705
Car -1 -1 -4.7178 139.9822 182.2011 184.6469 218.2731 1.4900 1.6020 4.0853 -19.5301 1.5235 31.9115 -5.2684 -3.6604
Car -1 -1 -5.0766 78.8554 177.0241 126.7863 198.1259 1.5444 1.6402 4.0400 -37.7503 1.2168 54.3884 -5.6860 -3.6604
Car -1 -1 -6.1321 549.0451 180.4442 654.9839 222.8538 1.4021 1.5768 3.4636 0.0329 1.3676 24.7829 -6.1360 -3.8689
Car -1 -1 -4.3296 45.6429 175.4771 104.5247 202.2213 1.6311 1.6747 3.9975 -33.5805 1.2639 45.9555 -4.9629 -3.8746
Car -1 -1 -4.7689 521.1475 177.3455 552.2556 202.4676 1.5041 1.6927 4.0903 -4.1067 1.2555 45.1581 -4.8641 -4.2298
Car -1 -1 -6.0295 127.1058 173.7272 227.3931 203.9714 1.5767 1.7185 4.3870 -22.8654 1.1717 38.8815 -6.5632 -4.3330
Car -1 -1 -3.4397 0.0000 140.6703 67.1148 373.0000 1.6470 1.6073 3.8468 -5.3968 1.5525 3.7587 -4.3759 -4.3607
Car -1 -1 -6.6238 541.8925 161.1223 645.8400 211.0820 2.0060 1.7819 4.0301 -0.3473 1.1881 30.3813 -6.6403 -4.3977
Car -1 -1 -7.0657 440.5796 166.3517 492.6760 185.8840 1.5709 1.6761 4.3832 -11.1966 0.3524 60.0563 -7.2541 -4.3981
Car -1 -1 -4.0530 29.5571 195.7134 209.8092 262.9811 1.3984 1.5654 4.0371 -11.7836 1.7937 17.8819 -4.6343 -4.4237
Car -1 -1 -4.8171 490.4535 177.9289 518.7617 200.0532 1.5147 1.5833 3.8717 -6.9286 1.2702 51.2486 -4.9558 -4.4298
Car -1 -1 -2.2838 80.8422 182.4616 316.5895 293.7243 1.6296 1.5145 3.4373 -6.6637 1.6478 11.8427 -2.7926 -4.5450
Car -1 -1 -7.8428 600.2734 176.9013 663.5593 238.9492 1.5009 1.5325 3.6862 0.7857 1.3902 19.2531 -7.8079 -4.5725
Car -1 -1 -6.3003 211.5947 173.5644 300.6804 204.6659 1.6779 1.7282 4.4469 -19.4404 1.2499 40.5258 -6.7501 -4.5922
Car -1 -1 -1.7657 10.8746 178.3511 76.3153 215.3371 1.4816 1.5947 3.1971 -23.6652 1.3558 30.4251 -2.4276 -4.6788
Car -1 -1 -4.7642 458.3624 173.9777 498.6146 207.5107 1.5684 1.7304 4.3831 -6.2131 1.2168 35.9268 -4.9392 -4.7168
Car -1 -1 -4.0861 152.9954 171.0519 216.3706 195.6108 1.5686 1.6975 3.9031 -27.7047 0.9013 47.9080 -4.6129 -4.7212
Car -1 -1 -2.8602 306.3379 177.6348 425.5525 222.5200 1.5340 1.6185 3.7086 -8.2872 1.4023 25.4247 -3.1774 -4.8184
Car -1 -1 -5.0385 47.8599 174.6998 105.7576 198.4019 1.6815 2.0225 4.7837 -38.8314 1.1990 53.1604 -5.6720 -4.8934
Car -1 -1 -7.6443 0.0000 168.9221 118.0770 373.0000 1.6037 1.6025 3.9662 -5.7686 1.5244 6.7018 -8.3417 -5.0478
Car -1 -1 -7.1479 47.2547 179.8449 137.5911 213.4397 1.4163 1.5322 3.2646 -22.5779 1.3469 31.9792 -7.7638 -5.0528
Car -1 -1 -8.0542 463.9749 163.4901 494.2631 183.6405 1.8291 1.9089 4.6302 -11.5307 0.1940 67.7087 -8.2271 -5.1103
Car -1 -1 -7.3570 0.0000 168.5614 41.3203 193.7704 1.5387 1.6623 3.9461 -37.8842 0.7491 45.9429 -8.0486 -5.2295
Car -1 -1 -7.6746 535.8555 172.5958 569.6677 196.6414 1.5251 1.6258 3.6161 -3.1676 0.9604 47.4467 -7.7458 -5.2976
Car -1 -1 -7.8330 978.6462 187.5957 1063.2469 248.6454 1.2576 1.5792 3.0024 9.7767 1.4153 16.8289 -7.3187 -5.7932
Car -1 -1 -4.1655 1201.3523 95.7636 1237.0000 373.0000 1.5021 1.6215 3.9331 5.0226 1.2546 2.9443 -3.1686 -5.8867
Car -1 -1 -4.5693 28.6759 176.2879 67.6932 197.9367 1.5417 1.7067 4.3779 -41.1100 1.1704 53.4795 -5.2273 -5.9010
Car -1 -1 -7.6793 1237.0000 138.6882 1237.0000 373.0000 1.3910 1.5758 4.1836 7.0341 1.2241 4.3757 -6.6968 -6.0800
Car -1 -1 -8.0819 144.1560 195.9715 253.5969 260.5571 1.3510 1.5711 3.5902 -10.0216 1.7457 17.7106 -8.5959 -6.1531
Car -1 -1 -7.8351 98.8449 181.2361 143.1026 218.9310 1.5150 1.5005 4.0397 -20.6800 1.5047 30.9758 -8.4249 -6.4196
