Car -1 -1 -4.5362 460.4176 171.7132 548.6794 235.8167 1.5435 1.6637 4.1460 -2.5258 1.3084 19.4037 -4.6692 6.1411
Car -1 -1 -7.9822 492.0521 168.1873 594.9623 261.1836 1.6273 1.5981 3.2601 -1.2984 1.3950 14.3361 -8.0764 -1.4012
Car -1 -1 -2.3053 295.5097 164.0348 344.9361 183.6399 1.5725 1.6810 3.7913 -23.1583 0.1715 59.2104 -2.6814 -1.7673
Car -1 -1 -3.0226 312.1750 179.0786 410.0094 218.7882 1.4410 1.5594 3.3516 -9.0383 1.3535 27.1714 -3.3460 -1.8052
Car -1 -1 -6.2939 326.1133 173.7032 416.4663 209.7456 1.4869 1.5836 3.6205 -9.9121 1.1656 30.9605 -6.6064 -1.8578
Car -1 -1 -7.6736 694.4294 167.4599 771.2977 225.1715 1.5369 1.5819 3.9098 3.9379 1.1635 21.2376 -7.4976 -1.8746
Car -1 -1 -7.2965 534.5174 165.9267 573.7602 185.3371 1.7438 1.7510 4.0940 -4.3217 0.3444 66.7531 -7.3657 -1.9672
Car -1 -1 -4.8438 322.5235 160.6259 367.6227 194.2633 1.6174 1.6584 3.8497 -13.1229 0.6139 36.6300 -5.1904 -2.5914
Car -1 -1 -7.8693 601.7064 171.1055 631.6848 199.4662 1.4935 1.5707 3.7249 0.8002 0.9463 39.6919 -7.8543 -2.7341
Car -1 -1 -7.8315 666.4621 182.4970 709.8224 222.2241 1.4466 1.5795 3.6326 3.4019 1.4887 28.1588 -7.7176 -2.8284
Car -1 -1 -7.8327 662.6371 172.5027 718.7051 224.6667 1.4141 1.5163 3.2522 2.6174 1.1707 21.1880 -7.7165 -2.9079
Car -1 -1 -8.1086 399.3740 180.3501 469.7921 225.6561 1.5147 1.6236 3.5145 -6.1086 1.4766 25.9478 -8.3428 -3.0685
Car -1 -1 -4.4576 602.5530 168.0567 651.8962 200.4889 1.5469 1.5775 3.9196 1.3535 0.9060 36.3657 -4.4256 -3.0933
Car -1 -1 -7.9212 395.2133 177.7021 442.2465 215.8904 1.4352 1.5671 3.8134 -7.4604 1.2929 29.0535 -8.1755 -3.2959
Car -1 -1 -4.6373 318.1198 164.8940 348.1652 189.1989 1.6465 1.7050 4.0951 -18.9401 0.5215 50.8668 -4.9969 -3.3954
Car -1 -1 -8.0761 665.5826 156.0667 704.4484 184.5689 1.9452 1.8012 4.4051 5.9270 0.2094 51.3156 -7.9666 -3.6315
Car -1 -1 -6.4675 606.6270 162.9565 678.0342 191.6857 1.7913 1.7881 4.2993 2.5917 0.6352 45.9611 -6.4164 -3.6729
Car -1 -1 -7.8128 648.8947 172.8097 699.0410 218.1499 1.3938 1.5412 3.2412 2.4275 1.1271 23.7928 -7.7173 -3.9381
Car -1 -1 -6.2329 206.3485 174.3268 324.3377 218.7927 1.5613 1.6524 3.8678 -12.4170 1.3098 26.7157 -6.6693 -3.9805
Car -1 -1 -6.2708 341.3213 163.4457 400.3450 186.2790 1.4944 1.6313 3.7229 -15.4809 0.3128 48.3435 -6.5839 -4.1692
Car -1 -1 -4.4629 695.7040 183.6299 753.4597 221.8424 1.3755 1.4795 3.1996 4.7940 1.4635 27.8152 -4.2990 -4.1858
Car -1 -1 -8.1334 601.7455 163.3498 639.2125 185.7458 1.6485 1.7709 4.1580 1.4328 0.3124 55.1094 -8.1124 -4.2173
Car -1 -1 -3.5052 556.3294 170.1251 622.5320 195.4913 1.6918 1.7747 4.2062 -0.8189 0.9331 49.5203 -3.5266 -4.2244
Car -1 -1 -4.8517 290.5126 159.9928 340.1334 193.4374 1.5476 1.6821 4.2809 -14.2054 0.5527 35.5150 -5.2345 -4.3757
Car -1 -1 -3.3962 538.2076 166.3215 608.8734 196.3051 1.7629 1.6775 3.9906 -1.7030 0.8706 43.6221 -3.4399 -4.4827
Car -1 -1 -4.5441 306.6190 161.1580 345.3828 185.1566 1.4448 1.6944 3.6989 -17.2843 0.2202 45.2272 -4.9120 -4.5176
Car -1 -1 -7.9497 324.1449 166.9468 359.4240 193.0344 1.3879 1.5236 3.3376 -14.5094 0.6138 40.0509 -8.3000 -4.6746
Car -1 -1 -4.3841 286.0463 166.4193 332.3469 190.4470 1.6267 1.8065 4.1288 -20.5649 0.6057 50.7464 -4.7722 -4.7791
Car -1 -1 -7.7433 590.6346 163.5974 622.8034 191.5487 1.7539 1.7102 3.8893 0.3942 0.6306 47.1045 -7.7399 -4.9589
Car -1 -1 -2.9130 626.8600 169.8369 720.8979 205.1163 1.5281 1.5548 3.9864 3.2681 1.0232 32.4832 -2.8186 -4.9765
Car -1 -1 -2.8302 204.2590 177.4776 330.8114 223.5520 1.4985 1.5335 3.5944 -11.2557 1.3681 24.3439 -3.2644 -5.0020
Car -1 -1 -2.8555 302.7119 180.0262 407.2299 216.2829 1.4246 1.5511 3.7190 -9.9360 1.3670 29.0841 -3.1871 -5.0378
Car -1 -1 -3.0473 250.3663 156.0510 337.1259 189.2507 1.7685 1.8231 4.2693 -16.9537 0.4130 39.7855 -3.4526 -5.0542
Car -1 -1 -7.4618 465.9151 172.0282 536.6262 209.8760 1.4230 1.5214 3.7475 -3.9850 1.0672 29.0112 -7.6021 -5.5151
Car -1 -1 -8.7737 900.9560 190.7122 1237.0000 373.0000 1.5254 1.6217 3.9791 3.0456 1.5904 2.9144 -8.0161 -5.6762
Car -1 -1 -8.4024 1237.0000 133.1938 1237.0000 373.0000 1.4047 1.6160 3.7783 6.2780 1.2291 4.6740 -7.5034 -5.7987
Car -1 -1 -6.7368 0.0000 0.0000 1237.0000 373.0000 1.5279 1.5846 3.7984 -3.3186 1.5878 1.0394 -7.9397 -5.8867
Car -1 -1 -9.2437 0.0000 0.0000 1237.0000 373.0000 1.5161 1.5821 3.7965 4.7207 1.4545 1.0005 -7.9398 -5.8867
Car -1 -1 -5.9534 0.0000 0.0000 1237.0000 373.0000 1.4736 1.5960 3.9479 6.1795 1.3660 1.7144 -4.6976 -5.8867
Car -1 -1 -7.0092 0.0000 0.0000 1237.0000 373.0000 1.5323 1.5867 3.8025 -1.7105 1.5787 1.0326 -7.9398 -5.8867
Car -1 -1 -7.6835 274.3571 170.3716 321.0271 203.2684 1.4008 1.4087 3.2689 -13.6323 0.9272 32.3390 -8.0845 -5.9288
Car -1 -1 -6.9806 1143.2328 167.7229 1237.0000 289.1086 1.4038 1.5071 3.8795 9.4622 1.2452 9.2169 -6.2014 -6.0472
Car -1 -1 -4.4240 292.5631 177.2848 355.2246 215.0302 1.5831 1.6513 3.6109 -12.2956 1.4066 31.9944 -4.7932 -6.1258
Car -1 -1 -7.1548 1147.7672 159.2162 1237.0000 266.6171 1.4756 1.6074 4.2509 10.8740 1.1701 10.8891 -6.3872 -6.2336
Car -1 -1 -5.1436 511.6304 166.5017 565.8047 196.5552 1.7038 1.5827 4.2275 -3.8034 0.8536 42.9498 -5.2363 -6.2661
Car -1 -1 -7.0875 699.0035 156.6884 775.1380 194.5075 1.9541 1.6268 4.1836 7.3881 0.6723 38.9980 -6.9064 -6.7968
