Car -1 -1 -4.4482 243.8313 183.3967 418.3075 294.1768 1.5010 1.6368 4.1216 -4.2751 1.5386 11.9237 -4.7912 6.9807
Car -1 -1 -6.4251 187.8989 172.5525 282.9989 204.4489 1.4612 1.6414 3.9002 -17.6623 1.0516 34.7031 -6.8978 -0.6673
Car -1 -1 -4.5605 68.0561 179.2525 103.9364 201.2949 1.5862 1.6407 3.7696 -38.4973 1.4245 53.7455 -5.1847 -0.7529
Car -1 -1 -4.6230 61.5371 182.3936 91.5855 202.0240 1.4586 1.5710 3.5956 -40.4882 1.5299 55.4930 -5.2560 -1.1181
Car -1 -1 -4.8605 31.2491 178.8224 82.8916 208.7150 1.5446 1.6438 4.1063 -29.6951 1.4064 39.1386 -5.5113 -1.3831
Car -1 -1 -7.9465 67.5798 198.0278 158.6871 264.0261 1.4126 1.5629 3.8798 -12.5819 1.8815 18.3645 -8.5460 -1.4898
Car -1 -1 -7.8107 130.9395 182.7942 200.1791 238.9353 1.5256 1.6193 3.7720 -13.0733 1.5687 21.6572 -8.3537 -2.7221
Car -1 -1 -7.8821 553.9388 165.0862 576.3893 186.4373 1.6296 1.6437 3.7746 -2.8744 0.3767 56.7753 -7.9373 -2.9518
Car -1 -1 -6.2186 0.0000 169.7520 147.4168 226.9810 1.8105 1.6627 4.0576 -17.9238 1.4393 24.5157 -6.8499 -2.9944
Car -1 -1 -4.7758 488.9666 178.5241 515.6227 200.7692 1.5066 1.6050 3.7601 -7.0103 1.3050 50.6544 -4.9176 -3.1815
Car -1 -1 -6.0622 549.7171 180.5524 661.9422 224.3766 1.4227 1.5821 3.5703 0.1531 1.3924 24.4853 -6.0612 -3.1939
Car -1 -1 -2.3948 438.8237 167.1044 485.0827 185.4379 1.6656 1.7341 4.1651 -13.0032 0.3575 67.0924 -2.5903 -3.3099
Car -1 -1 -7.9573 72.9449 193.2130 189.2338 277.0461 1.4707 1.6420 4.0986 -10.1409 1.7550 15.2954 -8.5403 -3.4373
Car -1 -1 -4.3549 60.5785 175.6407 114.5666 199.8810 1.5403 1.6256 4.0226 -34.1045 1.1680 47.7989 -4.9769 -3.5160
Car -1 -1 -4.9752 511.5732 176.1489 553.7257 201.5007 1.5163 1.6310 3.9946 -4.3633 1.1964 45.1219 -5.0760 -3.6798
Car -1 -1 -7.8004 592.7164 175.8885 659.1917 239.4670 1.5145 1.5814 3.5550 0.6913 1.3813 18.9489 -7.7698 -3.7289
Car -1 -1 -3.2593 0.0000 175.7203 86.4696 216.3099 1.5388 1.5914 3.7782 -23.3645 1.3200 29.1376 -3.9358 -3.8932
Car -1 -1 -7.8175 397.0840 175.7970 427.1834 201.9687 1.4518 1.5735 3.8573 -11.0002 1.1356 41.9017 -8.0777 -3.8975
Car -1 -1 -7.7616 0.0000 202.8550 77.1339 268.5106 1.3136 1.5279 3.5293 -13.8708 1.8907 17.5009 -8.4299 -4.0238
Car -1 -1 -4.0387 41.6581 179.7333 127.6793 208.8069 1.4552 1.6121 3.8992 -27.1875 1.3670 37.9415 -4.6622 -4.0284
Car -1 -1 -7.6685 430.7166 169.0954 456.2590 185.8525 1.5585 1.6781 4.1230 -15.0734 0.4045 68.8966 -7.8879 -4.0311
Car -1 -1 -7.3812 83.6320 178.4299 136.9797 200.0316 1.5714 1.6767 4.0634 -37.0825 1.3480 54.3781 -7.9824 -4.0472
Car -1 -1 -8.1075 527.0880 170.0448 564.9485 194.5965 1.5446 1.5783 3.7152 -3.6743 0.8240 47.2056 -8.1897 -4.0482
Car -1 -1 -2.2497 0.0000 175.0168 83.8528 210.9346 1.5814 1.6412 3.7788 -25.9793 1.2963 32.8431 -2.9201 -4.0971
Car -1 -1 -6.5020 536.3555 155.9132 640.1323 210.9936 2.2116 1.7638 4.0685 -0.5988 1.1846 30.1895 -6.5268 -4.3555
Car -1 -1 -2.6644 571.2492 178.3607 669.1949 217.6348 1.4161 1.4940 3.4256 0.6829 1.3033 27.3732 -2.6448 -4.4419
Car -1 -1 -6.1261 120.2900 171.3066 225.7142 201.8985 1.5847 1.7398 4.6915 -23.0773 1.0569 38.8903 -6.6637 -4.4996
Car -1 -1 -6.3565 287.8127 183.0838 405.7622 226.5844 1.4239 1.5865 3.7766 -8.9235 1.4829 25.1097 -6.6999 -4.6106
Car -1 -1 -8.1836 432.7602 171.4707 465.6745 191.8676 1.6386 1.6059 3.5196 -12.6362 0.8328 59.6312 -8.3964 -4.7759
Car -1 -1 -4.3440 66.3021 183.8640 113.8442 207.9120 1.4696 1.4498 3.1419 -32.6372 1.6264 45.9331 -4.9640 -4.8192
Car -1 -1 -6.1903 208.2166 172.3047 285.3233 202.4369 1.6213 1.6247 3.7277 -19.7149 1.1267 40.0782 -6.6498 -4.9678
Car -1 -1 -7.3266 0.0000 177.8774 73.8902 206.4783 1.6109 1.7774 4.2056 -33.5360 1.4070 42.6660 -7.9947 -4.9931
Car -1 -1 -3.7600 0.0000 196.0430 88.9834 373.0000 1.4876 1.5999 4.0822 -5.9068 1.6295 4.8700 -4.6212 -5.0672
Car -1 -1 -4.4518 42.1014 177.1414 94.7210 202.2446 1.6691 1.7685 4.9097 -37.2691 1.3793 50.3702 -5.0913 -5.1095
Car -1 -1 -4.8479 406.0246 173.8001 427.9072 188.5367 1.4182 1.5913 3.7467 -18.2557 0.6768 71.1663 -5.1030 -5.1330
Car -1 -1 -1.8199 30.2929 178.3830 81.0277 202.2630 1.7272 1.9369 4.6917 -41.1647 1.5017 54.1699 -2.4723 -5.2356
Car -1 -1 -2.5245 539.2498 173.9165 607.1880 200.8344 1.5551 1.6194 3.8527 -1.7140 1.1171 43.2242 -2.5689 -5.2777
Car -1 -1 -4.7606 130.1334 170.3950 181.1905 211.7166 1.6851 1.6752 4.6303 -19.7221 1.2326 31.6738 -5.3188 -5.4467
Car -1 -1 -4.5979 340.7169 182.3528 423.4261 237.6085 1.4257 1.8035 4.4966 -6.3014 1.4538 20.9794 -4.8916 -5.4661
Car -1 -1 -6.8980 539.1243 169.1794 598.2301 192.5937 1.5938 1.7984 3.8461 -2.2845 0.7551 50.7896 -6.9476 -5.5200
Car -1 -1 -4.4033 419.6310 172.6492 445.9925 187.5059 1.4384 1.5503 3.5756 -16.6843 0.5811 71.3889 -4.6370 -5.6762
Car -1 -1 -4.6500 19.7011 178.1288 53.0462 199.5339 1.4860 1.6545 4.1637 -40.8812 1.2520 52.0523 -5.3182 -5.8230
Car -1 -1 -4.5469 0.0000 179.8899 18.9878 202.5493 1.4873 1.6491 4.0266 -41.3895 1.3816 49.3012 -5.2476 -5.8867
Car -1 -1 -4.5127 0.0000 182.6282 0.0000 207.5815 1.5054 1.6482 4.0144 -41.4031 1.5805 45.6740 -5.2512 -5.8867
Car -1 -1 -4.6295 75.0032 182.6667 104.7603 202.0398 1.5034 1.6486 4.0117 -41.3412 1.6012 58.1466 -5.2504 -5.8867
Car -1 -1 -4.5682 72.2817 174.2097 116.5336 200.5004 1.7681 1.9145 4.7040 -35.7945 1.2778 50.8396 -5.1842 -5.8992
Car -1 -1 -7.6063 1237.0000 151.8221 1237.0000 373.0000 1.3870 1.5701 4.1859 7.1397 1.2530 4.7510 -6.6531 -6.0856
