Car -1 -1 -4.3774 91.8762 183.0847 343.1240 328.7061 1.5418 1.6513 4.1719 -4.9190 1.5689 9.8250 -4.8368 7.2884
Car -1 -1 -6.2770 18.4813 180.2608 204.9471 237.7283 1.4767 1.6232 4.2124 -13.7111 1.4454 20.3012 -6.8702 0.6200
Car -1 -1 -7.8150 496.2869 174.6431 536.1545 210.4559 1.4248 1.5540 3.6397 -3.5785 1.1524 30.4569 -7.9361 -1.3367
Car -1 -1 -7.8342 298.5887 180.6116 342.7751 217.1775 1.3886 1.5796 3.8755 -11.4545 1.3553 29.3712 -8.2081 -1.6951
Car -1 -1 -7.4736 0.0000 185.6486 201.4484 340.9968 1.5479 1.5296 3.2381 -6.4084 1.6106 9.0016 -8.0844 -2.6435
Car -1 -1 -6.9517 0.0000 191.5170 107.7835 361.2275 1.4909 1.5847 3.5443 -7.9945 1.6349 8.4029 -7.7024 -3.0475
Car -1 -1 -7.5030 0.0000 189.1739 116.2931 311.7488 1.4918 1.5697 3.6899 -8.9670 1.6312 10.9918 -8.1812 -3.1236
Car -1 -1 -7.8991 555.9766 173.0247 631.3206 243.3523 1.4818 1.5686 3.8317 -0.3198 1.3038 17.1001 -7.9228 -3.1911
Car -1 -1 -4.3694 385.6060 170.7341 425.6752 194.2839 1.5347 1.5859 3.3610 -13.1783 0.8331 48.5465 -4.6380 -3.5999
Car -1 -1 -5.7630 0.0000 182.3170 57.2317 258.2349 1.4880 1.6684 4.1093 -14.4775 1.5075 15.3897 -6.5146 -3.6149
Car -1 -1 -7.7785 493.3002 170.3808 512.6504 184.0870 1.3295 1.6417 3.9041 -9.7553 0.2506 71.6779 -7.9181 -3.6163
Car -1 -1 -8.2103 361.0712 171.8303 413.3245 198.8749 1.4831 1.6132 3.9014 -12.3980 0.9530 41.4351 -8.5042 -3.6847
Car -1 -1 -7.9455 501.5842 170.0311 553.1094 213.9708 1.5291 1.5721 3.5605 -2.8541 1.1304 26.8996 -8.0553 -3.7577
Car -1 -1 -7.8362 506.3816 163.0012 528.9536 184.2229 1.5576 1.6486 3.6752 -6.3285 0.1998 54.6355 -7.9558 -3.9041
Car -1 -1 -7.8164 365.6466 163.7923 386.4358 182.7313 1.7620 1.7509 5.0810 -21.7334 0.1142 69.5136 -8.1232 -4.0247
Car -1 -1 -7.3791 81.8665 165.4280 155.8511 197.3565 1.6565 1.6799 4.1122 -26.3694 0.8229 39.4092 -7.9706 -4.3024
Car -1 -1 -2.0159 0.0000 169.9111 62.1413 237.0725 1.5672 1.5769 3.7842 -15.7519 1.2973 18.2470 -2.7260 -4.4117
Car -1 -1 -7.7343 16.3190 173.8660 81.3255 212.2046 1.4826 1.7057 3.7490 -22.8717 1.1878 29.8270 -8.3892 -4.4330
Car -1 -1 -7.8224 98.7663 167.0416 128.9886 189.2122 1.4964 1.6611 3.1104 -34.0516 0.5205 50.2404 -8.4204 -4.4949
Car -1 -1 -4.6053 319.1981 176.1216 401.3542 237.3471 1.5123 1.7115 4.3652 -6.6343 1.3800 20.0581 -4.9261 -4.5402
Car -1 -1 -2.5334 490.1723 163.9410 553.9072 193.8051 1.8095 1.6491 3.6967 -4.9907 0.7457 45.1279 -2.6478 -4.6049
Car -1 -1 -4.6226 640.4664 172.4522 698.1686 221.4381 1.5003 1.5901 4.1615 2.3357 1.2237 24.1901 -4.5326 -4.7865
Car -1 -1 -5.8082 430.1506 171.3541 493.4323 196.3519 1.4914 1.5290 3.4993 -8.5544 0.8862 44.0729 -6.0037 -4.8054
Car -1 -1 -4.7773 315.9835 173.3365 358.2056 208.3925 1.4924 1.5456 3.6448 -12.0357 1.1452 32.5594 -5.1338 -4.8113
Car -1 -1 -5.1303 476.0239 171.3082 527.4362 198.3480 1.5124 1.5796 3.7698 -5.8993 0.9425 42.1953 -5.2733 -4.9079
Car -1 -1 -8.3890 516.4493 167.1173 587.0848 207.0002 1.6358 1.4910 3.4749 -2.2304 1.0462 31.3135 -8.4646 -5.1349
Car -1 -1 -4.5823 265.6143 162.2585 310.5635 192.0695 1.4289 1.6391 3.6330 -15.8275 0.5069 36.4051 -4.9946 -5.1526
Car -1 -1 -7.1229 24.0547 185.1229 294.3891 287.2583 1.4154 1.6280 4.0008 -7.2329 1.4883 12.2270 -7.6532 -5.1545
Car -1 -1 -4.9566 353.4199 169.3918 404.5171 198.8982 1.4939 1.6510 4.1330 -11.9961 0.8811 38.5632 -5.2612 -5.1816
Car -1 -1 -6.5683 730.4351 163.6787 886.6108 224.9699 1.4292 1.5102 3.3657 4.9411 1.0142 17.5380 -6.3026 -5.3997
Car -1 -1 -5.0716 386.9156 170.5745 422.1035 192.2723 1.6415 1.4794 3.5775 -15.4182 0.8148 56.2244 -5.3430 -5.4360
Car -1 -1 -4.2197 450.5171 173.6536 494.8971 196.9595 1.5998 1.5509 3.7350 -9.1372 1.0612 51.3243 -4.3999 -5.5445
Car -1 -1 -4.1147 28.6868 179.2243 198.8887 243.3722 1.4240 1.5545 3.9293 -11.9686 1.3741 17.9191 -4.7021 -5.6359
Car -1 -1 -8.1913 1237.0000 109.9939 1237.0000 373.0000 1.5634 1.9041 4.1736 5.8543 1.3351 4.5813 -7.3173 -5.6487
Car -1 -1 -4.9569 0.0000 0.0000 1237.0000 373.0000 1.5020 1.6065 3.9597 0.5522 1.5203 1.7423 -4.6977 -5.8867
Car -1 -1 -9.1169 0.0000 0.0000 1237.0000 373.0000 1.5210 1.5849 3.7998 3.1130 1.4837 1.0087 -7.9398 -5.8867
Car -1 -1 -9.2439 0.0000 0.0000 1237.0000 373.0000 1.5038 1.5807 3.7933 4.7204 1.4070 0.9998 -7.9398 -5.8867
Car -1 -1 -2.5492 354.0682 166.1459 409.8110 185.0251 1.6779 1.7280 4.6784 -19.9272 0.3130 65.3429 -2.8489 -5.9306
Car -1 -1 -4.2908 397.1129 165.1783 422.7274 179.7389 1.4067 1.3902 2.9310 -18.9523 -0.1791 71.3331 -4.5543 -6.0575
Car -1 -1 -3.5699 0.0000 190.1623 0.0000 373.0000 1.4923 1.5820 3.9100 -6.3181 1.5484 2.6301 -4.7168 -6.1067
