Car -1 -1 -4.5915 433.3847 172.1964 516.1336 238.9390 1.5153 1.6101 4.0150 -3.1544 1.3047 18.3560 -4.7645 3.1584
Car -1 -1 -8.0012 285.7552 177.4246 336.7009 212.9420 1.3982 1.5025 3.2511 -12.1983 1.2381 30.0596 -8.3888 0.1572
Car -1 -1 -7.6781 274.3999 176.5767 346.1155 225.2652 1.5151 1.6107 3.8472 -9.8153 1.3623 24.4015 -8.0620 -0.9858
Car -1 -1 -7.2918 328.2163 168.8804 404.2783 200.0254 1.5068 1.6596 4.3789 -12.0463 0.8965 37.0796 -7.6088 -1.4097
Car -1 -1 -7.6116 512.2023 167.0497 540.5949 186.8181 1.7511 1.6829 4.0335 -6.7963 0.4708 65.7421 -7.7191 -1.4898
Car -1 -1 -5.5785 471.1263 169.3895 529.6508 195.2487 1.6385 1.6741 3.5654 -6.6385 0.8712 47.1711 -5.7224 -2.0102
Car -1 -1 -8.0878 294.0150 174.7918 387.6022 235.1908 1.5493 1.6083 3.9987 -7.5623 1.3778 20.5361 -8.4418 -2.3326
Car -1 -1 -1.9224 196.5709 178.0800 294.1360 226.7074 1.4607 1.6116 3.8717 -11.7230 1.3584 23.4917 -2.3860 -2.6491
Car -1 -1 -8.0699 254.0222 180.8367 361.6150 248.2946 1.4462 1.6026 3.8739 -7.2526 1.4326 17.4472 -8.4639 -3.2251
Car -1 -1 -7.9159 601.1390 163.5418 622.8849 181.5953 1.5317 1.6599 3.5884 0.9274 0.0079 62.7816 -7.9059 -3.3301
Car -1 -1 -3.2802 218.1879 164.5108 290.9623 191.3606 1.5820 1.7048 3.8226 -21.2727 0.5811 44.0971 -3.7322 -3.3807
Car -1 -1 -7.7394 560.6829 168.3583 611.6032 209.5162 1.5893 1.6840 3.9965 -0.5852 1.0822 29.8049 -7.7639 -3.7410
Car -1 -1 -7.8471 339.1620 169.5861 366.6053 194.5481 1.4889 1.5567 3.5656 -15.4829 0.7784 44.7853 -8.1830 -3.9253
Car -1 -1 -6.5687 623.6534 157.9944 692.8928 184.9260 1.7205 1.7699 4.2028 3.7209 0.2189 47.1973 -6.4953 -3.9875
Car -1 -1 -4.5136 458.1949 174.3832 534.3066 227.1589 1.4591 1.5613 3.8751 -3.1272 1.2628 21.8358 -4.6593 -4.0712
Car -1 -1 -4.6590 284.3669 167.8265 313.1877 191.9007 1.5757 1.6244 3.8928 -20.6448 0.6808 49.1220 -5.0599 -4.0915
Car -1 -1 -5.6838 467.2661 163.1848 524.8229 183.0445 1.5496 1.7305 4.3598 -8.4616 0.1204 57.7785 -5.8333 -4.1284
Car -1 -1 -6.4697 553.0780 173.0185 690.4188 218.9650 1.5137 1.7693 4.5022 0.6311 1.2347 24.9116 -6.4498 -4.2847
Car -1 -1 -8.4077 635.0303 156.6894 686.6805 183.3953 1.8516 1.7789 4.1806 4.2689 0.1314 52.0690 -8.3311 -4.3770
Car -1 -1 -3.3116 529.3297 170.5811 672.4492 223.7970 1.6002 1.7209 4.3105 -0.0921 1.2723 22.8313 -3.3207 -4.4625
Car -1 -1 -2.7938 252.6289 162.0096 311.3656 182.1177 1.5744 1.6157 3.9626 -25.3734 0.0482 57.1936 -3.2144 -4.5585
Car -1 -1 -7.7092 368.7118 177.5056 441.6317 231.6138 1.4372 1.5545 3.5776 -5.6604 1.3316 20.9497 -7.9752 -4.6053
Car -1 -1 -5.8489 449.7370 170.2068 523.4427 197.7436 1.5560 1.6509 3.9155 -6.6878 0.9180 41.9114 -6.0111 -4.6460
Car -1 -1 -5.0655 545.7830 171.6207 585.7960 195.7092 1.6166 1.5640 3.7838 -2.5222 0.9536 50.2542 -5.1203 -4.6824
Car -1 -1 -5.8803 276.8766 163.0788 361.4291 191.9556 1.5726 1.6319 4.0688 -15.6738 0.5696 39.9902 -6.2564 -4.7457
Car -1 -1 -7.9359 360.0406 175.7638 414.0292 219.1923 1.5581 1.6631 4.0513 -8.4261 1.3527 27.9613 -8.2311 -4.7992
Car -1 -1 -8.3001 538.6941 170.7427 595.3521 200.9370 1.5739 1.5298 3.9728 -1.9535 1.0134 39.5542 -8.3541 -4.9225
Car -1 -1 -8.3690 520.3162 173.0427 593.1874 205.0555 1.4994 1.6412 4.4396 -2.3168 1.1036 35.9503 -8.4380 -4.9516
Car -1 -1 -5.7850 261.6677 168.2797 364.4413 196.7969 1.4519 1.7967 4.7267 -15.1115 0.7790 37.7350 -6.1684 -5.0501
Car -1 -1 -4.5791 270.8117 165.7671 305.2005 191.7326 1.7982 1.7741 4.0100 -22.5882 0.7086 51.9194 -4.9925 -5.2172
Car -1 -1 -5.0019 539.4903 168.7123 585.0352 197.4987 1.7028 1.7068 4.0991 -2.4867 0.9464 44.7083 -5.0621 -5.2325
Car -1 -1 -4.3511 474.1414 173.3049 529.3099 203.4588 1.4354 1.6271 3.4905 -4.9582 1.0455 36.0744 -4.4917 -5.2564
Car -1 -1 -7.4246 222.6260 177.6502 301.4307 215.2246 1.4425 1.5764 3.5622 -13.7971 1.2951 29.3680 -7.8655 -5.3838
Car -1 -1 -6.9390 1237.0000 130.7910 1237.0000 373.0000 1.6312 1.5851 3.8287 7.4607 1.4014 4.6340 -5.9545 -5.4751
Car -1 -1 -7.7605 616.2437 159.9443 646.6813 187.4037 1.9102 1.8547 4.0824 2.2328 0.4107 52.1169 -7.7228 -5.7454
Car -1 -1 -6.7163 1161.6693 159.6700 1237.0000 311.1474 1.4611 1.5706 4.1372 9.3226 1.2513 8.4287 -5.9012 -5.8338
Car -1 -1 -4.2439 1237.0000 101.3853 1237.0000 373.0000 1.4694 1.6070 3.9272 5.4113 1.2466 2.9496 -3.2144 -5.8867
Car -1 -1 -9.1921 0.0000 0.0000 1237.0000 373.0000 1.5193 1.5834 3.7979 3.9169 1.4730 1.0045 -7.9398 -5.8867
Car -1 -1 -4.9645 0.0000 171.4075 0.0000 373.0000 1.4129 1.6613 3.7145 -5.9909 1.3752 4.2093 -5.8995 -5.9374
Car -1 -1 -7.5136 0.0000 196.3573 114.1704 373.0000 1.4076 1.6473 3.9839 -5.8378 1.5845 6.3635 -8.2416 -6.1498
Car -1 -1 -8.1215 669.6360 152.0127 725.0176 193.5110 2.0995 1.8087 4.4442 5.0768 0.6079 38.6710 -7.9967 -6.2339
