Car -1 -1 -4.4556 285.7471 181.6797 441.3649 285.6968 1.5382 1.5843 4.1023 -4.0287 1.5425 12.7175 -4.7622 6.8874
Car -1 -1 -7.5518 657.1428 173.0043 724.1709 211.4085 1.4044 1.5795 3.8113 3.5642 1.0941 28.3308 -7.4329 -1.8178
Car -1 -1 -4.7125 57.9336 179.1329 85.6258 200.2380 1.5663 1.6708 4.0684 -40.8608 1.3906 55.4432 -5.3503 -1.8492
Car -1 -1 -3.2098 120.3858 175.3884 230.7314 209.5503 1.5091 1.6544 4.3435 -19.9189 1.2394 33.6475 -3.7459 -1.9594
Car -1 -1 -4.6886 0.0000 194.6547 44.0085 233.6056 1.4817 1.5855 3.8630 -24.8439 2.0809 30.6967 -5.3701 -1.9836
Car -1 -1 -7.9750 563.5844 167.1041 590.5289 188.0793 1.6199 1.6684 3.9618 -1.9659 0.5080 57.5639 -8.0138 -2.4067
Car -1 -1 -6.9541 23.8435 177.1196 124.1783 211.6603 1.9156 1.7740 4.6825 -30.9393 1.6728 42.3305 -7.5873 -2.5448
Car -1 -1 -4.5467 238.6396 168.3948 280.3372 195.4345 1.5106 1.6347 3.6692 -19.9933 0.7786 42.1204 -4.9924 -2.7159
Car -1 -1 -4.6655 0.0000 186.1964 91.0308 280.7586 1.6012 1.6646 4.1259 -11.4000 1.7110 14.5433 -5.3271 -2.9626
Car -1 -1 -8.0044 401.7290 157.9255 433.9493 184.0605 1.8663 1.7153 4.0719 -13.6937 0.1828 53.5058 -8.2585 -3.0537
Car -1 -1 -6.5953 549.4174 166.8015 652.9000 210.5604 1.7992 1.7363 4.1305 -0.0415 1.1952 31.0070 -6.6017 -3.2867
Car -1 -1 -4.6146 214.0188 170.1876 251.4143 198.3374 1.5381 1.5865 3.4417 -21.0714 0.9202 41.1431 -5.0902 -3.3237
Car -1 -1 -5.2633 456.2199 165.8108 495.9597 184.2447 1.6793 1.7436 4.1722 -11.7825 0.2498 67.5776 -5.4400 -3.5127
Car -1 -1 -7.4623 109.7280 178.8311 154.5587 198.5838 1.4732 1.5836 3.8006 -36.2360 1.2741 55.5910 -8.0427 -3.5793
Car -1 -1 -3.2161 568.4927 174.0314 670.9176 213.8264 1.4687 1.6152 3.7871 0.6257 1.1934 27.4257 -3.1986 -3.6579
Car -1 -1 -7.3410 17.9893 170.3386 315.9990 332.3378 1.6537 1.6448 3.5218 -5.1842 1.5405 9.0950 -7.8526 -3.6809
Car -1 -1 -7.8510 0.0000 195.0116 57.4601 239.5424 1.5061 1.7138 4.7611 -22.4814 2.0809 28.1451 -8.5257 -3.8277
Car -1 -1 -4.9757 127.5348 175.4120 166.3481 194.6552 1.5639 1.7019 4.2418 -38.2360 1.0690 60.4396 -5.5427 -3.9079
Car -1 -1 -3.9925 0.0000 192.3069 105.0847 245.3717 1.5503 1.5836 3.6927 -18.4980 1.9348 23.6420 -4.6563 -3.9749
Car -1 -1 -7.7866 340.2108 181.8332 427.0657 254.7474 1.4361 1.6125 3.8709 -4.8350 1.4451 16.2322 -8.0771 -4.0011
Car -1 -1 -4.9681 50.4758 179.8436 106.8462 210.7606 1.6500 1.5991 3.9294 -29.2816 1.5618 40.1971 -5.5996 -4.0260
Car -1 -1 -4.9876 464.6612 174.2003 519.8940 206.8115 1.5519 1.6883 4.1146 -5.5995 1.2048 36.4066 -5.1442 -4.2102
Car -1 -1 -6.5313 590.8451 162.8171 663.5616 191.6453 1.6713 1.7023 4.0422 1.5199 0.5883 42.9122 -6.5010 -4.3403
Car -1 -1 -7.5269 441.0326 172.9845 477.2070 194.7524 1.5275 1.5403 3.5359 -10.2978 0.9299 52.2597 -7.7254 -4.3847
Car -1 -1 -7.8742 547.7775 171.9188 572.4419 195.0793 1.4827 1.5430 3.7622 -2.7804 0.8694 47.9262 -7.9367 -4.4792
Car -1 -1 -6.2713 208.9075 174.7475 305.2523 206.5175 1.4918 1.6675 4.1889 -16.8976 1.1750 35.3699 -6.7191 -4.5793
Car -1 -1 -3.5597 116.4502 181.0183 231.4929 222.5929 1.5000 1.5347 3.5062 -16.4806 1.4830 27.7916 -4.0959 -4.6468
Car -1 -1 -4.1234 24.1401 189.7059 122.1584 231.1915 1.6734 1.6336 3.8301 -23.1914 2.0579 31.6938 -4.7564 -4.6998
Car -1 -1 -4.7106 11.2765 193.3234 49.1070 225.2476 1.6869 1.6469 3.7123 -32.8954 2.4004 41.3775 -5.3843 -4.7181
Car -1 -1 -4.4237 0.0000 196.6845 12.6876 294.3125 1.4303 1.6619 4.0503 -12.6372 1.7600 13.3858 -5.1760 -4.7912
Car -1 -1 -8.4413 548.1896 177.8462 619.3689 210.1559 1.4240 1.5375 3.6643 -0.8907 1.2633 33.5987 -8.4727 -4.7967
Car -1 -1 -8.2351 513.3719 170.1731 561.2657 196.5530 1.6741 1.7094 4.2195 -4.3131 0.9554 47.8543 -8.3295 -4.8874
Car -1 -1 -7.9029 98.8951 181.0063 145.1292 215.6243 1.6337 1.7172 4.1427 -24.1228 1.6107 36.0744 -8.4941 -4.9193
Car -1 -1 -8.0186 529.7636 176.0455 580.4424 212.3793 1.5300 1.5853 4.2116 -2.1754 1.3007 32.4823 -8.0901 -4.9205
Car -1 -1 -1.8306 0.0000 196.3584 20.0710 231.3773 1.5141 1.7030 3.9866 -29.6667 2.2643 34.4324 -2.5433 -5.0438
Car -1 -1 -4.6130 75.6277 178.6188 116.3041 206.4373 1.7452 1.7645 4.5880 -33.3444 1.5645 47.4947 -5.2275 -5.2883
Car -1 -1 -2.0556 14.6578 177.7020 78.4518 198.9605 1.5157 1.7408 4.6658 -40.9102 1.2448 52.9712 -2.7157 -5.3329
Car -1 -1 -4.4197 34.6298 181.5681 92.8283 205.9140 1.5052 1.8258 4.5039 -34.9649 1.5098 46.8503 -5.0631 -5.4878
Car -1 -1 -3.2952 677.0551 167.2710 817.1210 215.0114 1.6099 1.7043 4.5868 4.9845 1.1305 25.1555 -3.1066 -5.6273
Car -1 -1 -4.5141 0.0000 183.7900 0.0000 208.8190 1.5032 1.6459 4.0068 -41.4014 1.6556 45.6719 -5.2527 -5.8867
Car -1 -1 -4.4869 0.0000 184.0763 0.0000 210.7104 1.5092 1.6484 4.0086 -41.4131 1.6721 43.2583 -5.2525 -5.8867
Car -1 -1 -4.4386 0.0000 185.7356 0.0000 215.9750 1.5360 1.6548 4.0131 -41.4307 1.7802 39.2343 -5.2529 -5.8867
Car -1 -1 -3.0091 554.3068 163.2279 606.8240 188.4194 1.8146 1.6295 3.6772 -1.4944 0.4984 52.7366 -3.0421 -6.0636
Car -1 -1 -4.1800 41.7547 194.1547 127.1240 226.0220 1.4458 1.7028 4.0195 -26.0241 2.1224 36.3179 -4.8036 -6.1362
Car -1 -1 -7.5580 1202.4089 171.2162 1237.0000 373.0000 1.3758 1.6955 4.1320 5.8520 1.3362 4.3694 -6.6624 -6.8400
