Car -1 -1 -4.6030 395.8217 176.4948 484.8462 248.8229 1.5271 1.6418 4.2084 -3.7921 1.4220 17.3476 -4.8205 4.1944
Car -1 -1 -8.3136 597.1132 178.2380 683.0544 223.2254 1.3341 1.4233 3.2829 1.1414 1.2378 23.0914 -8.2700 -0.7188
Car -1 -1 -6.1401 248.3461 176.3216 354.4936 214.7895 1.4445 1.5722 3.6603 -11.7055 1.2504 28.1923 -6.5354 -1.8859
Car -1 -1 -3.7508 273.5829 164.6831 343.5446 193.3094 1.7053 1.7203 3.7346 -18.2199 0.7036 44.8285 -4.1397 -2.0523
Car -1 -1 -1.8643 223.9364 157.7019 270.1076 183.6547 1.6579 1.6926 3.9007 -23.6461 0.1377 47.8877 -2.3255 -2.3696
Car -1 -1 -5.7830 237.9495 168.4893 331.5962 199.3342 1.6063 1.6925 4.3002 -16.9037 0.9289 38.4300 -6.1999 -2.5786
Car -1 -1 -8.1506 227.7681 166.6332 263.8298 186.6201 1.6068 1.6476 3.7567 -29.5412 0.4115 59.6791 -8.6133 -2.7269
Car -1 -1 -7.8575 213.0564 163.8301 240.7580 188.4907 1.7313 1.7394 4.2342 -27.4759 0.4907 52.7078 -8.3408 -2.8148
Car -1 -1 -8.0212 466.2141 171.6759 499.1160 193.5723 1.4830 1.6510 3.8756 -8.4155 0.8177 50.7543 -8.1896 -3.0906
Car -1 -1 -4.5661 204.3280 191.5582 274.9191 239.1697 1.3244 1.5023 3.4296 -11.3367 1.6678 22.6320 -5.0311 -3.1127
Car -1 -1 -6.9015 400.7204 168.6866 505.6936 216.6622 1.6032 1.5996 3.3966 -5.2956 1.1754 25.7939 -7.1071 -3.2525
Car -1 -1 -5.4137 228.3440 170.2592 281.1534 191.0655 1.5669 1.6398 3.7567 -26.8187 0.7203 55.6069 -5.8661 -3.2680
Car -1 -1 -7.9135 568.3570 165.5507 590.8771 184.2580 1.5624 1.6887 3.9467 -1.8854 0.2301 62.0367 -7.9486 -3.5630
Car -1 -1 -7.9649 295.6608 183.5053 391.4611 262.1806 1.4534 1.5007 3.6677 -5.6357 1.5023 15.3460 -8.3168 -3.6432
Car -1 -1 -3.8514 223.8364 168.6642 294.3038 194.0576 1.4969 1.6050 3.8134 -21.0956 0.7404 44.4138 -4.2974 -3.7690
Car -1 -1 -7.6525 290.6279 164.8584 343.3000 199.8442 1.6285 1.6520 4.0791 -14.0249 0.8541 35.5889 -8.0303 -3.7852
Car -1 -1 -3.3176 57.9730 182.5348 231.4516 236.3301 1.4699 1.6395 4.2105 -13.7475 1.5045 21.7290 -3.8814 -3.8422
Car -1 -1 -3.9616 481.8833 172.7398 523.7889 190.7954 1.5595 1.5870 3.7363 -8.7260 0.8026 64.0286 -4.1014 -4.4319
Car -1 -1 -4.5108 214.3174 172.6432 259.5738 202.5816 1.4568 1.4401 3.3001 -18.5922 1.0260 36.7355 -4.9814 -4.5266
Car -1 -1 -2.3138 384.3994 161.1329 459.7083 192.5087 1.7384 1.7224 4.3840 -10.4449 0.6101 41.7214 -2.5625 -4.5899
Car -1 -1 -7.7336 230.0768 172.7483 255.8286 191.4011 1.6457 1.6695 3.7974 -32.5899 0.8733 65.4454 -8.1989 -4.7212
Car -1 -1 -4.6825 521.0361 172.8585 545.0367 195.7183 1.6220 1.6667 3.7818 -4.9907 1.0088 52.9124 -4.7810 -4.8429
Car -1 -1 -8.1664 260.1672 183.1910 350.5164 231.9148 1.4211 1.5757 3.7839 -9.5818 1.4803 23.0358 -8.5618 -4.8650
Car -1 -1 -8.1022 642.7272 162.3595 692.3817 198.7925 1.8095 1.6436 3.9715 3.4067 0.8591 37.7715 -8.0179 -5.0425
Car -1 -1 -8.1916 442.9322 171.6674 481.4560 193.1039 1.4453 1.5262 3.6120 -9.7848 0.7824 50.3763 -8.3874 -5.1537
Car -1 -1 -3.5359 482.7223 174.2402 563.1158 201.7061 1.4814 1.5782 4.2204 -4.4065 1.0900 40.4586 -3.6487 -5.1997
Car -1 -1 -3.2011 566.5630 162.6255 615.6938 184.8408 1.7307 1.5792 3.7957 -0.8173 0.2601 56.8986 -3.2202 -5.2636
Car -1 -1 -7.3633 891.0212 155.7641 1012.9883 209.4445 1.4197 1.6487 3.6891 10.1347 0.7396 20.7564 -6.9190 -5.2833
Car -1 -1 -7.1679 1150.8821 158.9057 1237.0000 337.4450 1.4798 1.6055 4.1021 7.8239 1.2933 6.8762 -6.3422 -5.4297
Car -1 -1 -2.9361 577.1752 162.2168 645.5796 190.2454 1.6817 1.5980 3.9807 0.6327 0.5248 44.3047 -2.9267 -5.4613
Car -1 -1 -4.2137 70.6586 187.9070 229.6732 250.5692 1.5066 1.7854 4.5387 -12.3770 1.7066 20.0573 -4.7661 -5.4892
Car -1 -1 -6.7642 749.9175 172.6183 881.1259 220.3268 1.3619 1.4805 3.4918 6.3676 1.1089 21.5825 -6.4857 -5.6656
