Car -1 -1 -4.5210 371.7636 177.2733 475.6660 251.2799 1.5285 1.6067 4.1633 -4.0785 1.4418 16.9531 -4.7590 1.8106
Car -1 -1 -8.2071 453.9855 175.1901 497.2395 198.7104 1.5284 1.7081 3.6699 -8.5549 1.1184 48.6944 -8.3851 -0.6746
Car -1 -1 -7.9779 202.0180 157.9512 254.5505 204.2231 1.9338 1.6263 3.6324 -16.6638 0.9500 31.9766 -8.4599 -0.9728
Car -1 -1 -4.9323 448.7597 171.8292 479.9291 191.2829 1.4569 1.6159 3.5885 -10.6516 0.7326 55.7636 -5.1251 -1.6513
Car -1 -1 -1.9628 207.3281 180.2704 284.0714 220.7997 1.4877 1.5134 3.3426 -13.9333 1.4430 28.0360 -2.4255 -2.1474
Car -1 -1 -4.9190 484.0196 178.3539 535.5595 210.4359 1.4646 1.6306 4.2468 -4.5469 1.3213 35.0672 -5.0521 -2.4584
Car -1 -1 -7.8012 478.6654 173.4678 499.2880 192.2911 1.6230 1.6321 3.8255 -9.9482 0.9302 63.9258 -7.9599 -2.7434
Car -1 -1 -7.2389 610.9444 157.4512 665.3335 181.3806 1.4167 1.5963 3.5852 2.3091 -0.0077 44.4529 -7.1920 -2.9002
Car -1 -1 -7.4328 218.6660 171.0881 275.3028 196.6474 1.4925 1.6534 3.9288 -21.6015 0.8846 43.9415 -7.8922 -3.2268
Car -1 -1 -7.6031 194.1088 167.7175 233.9460 190.3634 1.5740 1.6501 3.8257 -27.9653 0.6160 51.9848 -8.0994 -3.2539
Car -1 -1 -4.8676 198.5658 175.2367 243.9862 204.6203 1.4755 1.6104 3.3357 -20.0845 1.1612 37.8875 -5.3572 -3.3854
Car -1 -1 -4.1656 170.8102 174.2755 223.9309 195.5226 1.5638 1.6721 4.0806 -30.8090 1.0320 54.9357 -4.6796 -3.5368
Car -1 -1 -7.8991 306.0620 180.2288 353.6996 219.9543 1.4526 1.5713 3.6430 -10.7451 1.4065 28.2496 -8.2646 -3.5531
Car -1 -1 -7.6769 568.0362 164.1552 596.1152 185.6353 1.7861 1.7448 4.0848 -1.6024 0.3437 61.8766 -7.7076 -3.6796
Car -1 -1 -8.0171 265.7621 187.7087 345.5840 240.3777 1.3701 1.5530 3.8596 -8.8347 1.5716 21.2167 -8.4126 -3.8572
Car -1 -1 -4.8868 183.8148 194.4833 271.9750 249.5394 1.3820 1.5856 4.1828 -11.1164 1.8039 21.1794 -5.3704 -3.8611
Car -1 -1 -7.9190 608.4619 173.9927 666.1940 224.8656 1.5619 1.6291 4.0462 1.0968 1.3319 24.0978 -7.8793 -4.0390
Car -1 -1 -7.5916 465.9949 171.7244 498.1230 191.1022 1.4684 1.5846 3.7480 -9.3085 0.7275 56.3750 -7.7594 -4.0844
Car -1 -1 -4.5315 505.1140 178.2968 543.0490 201.6119 1.3467 1.6343 3.8437 -4.6303 1.1618 43.4675 -4.6420 -4.3298
Car -1 -1 -3.2133 556.7260 158.8794 609.4033 180.8149 1.6933 1.6098 4.0307 -1.4469 -0.0550 56.5209 -3.2435 -4.3895
Car -1 -1 -4.5163 224.4790 175.3511 272.4893 204.7242 1.5108 1.6062 3.9952 -19.1381 1.1948 39.0854 -4.9740 -4.4168
Car -1 -1 -5.0046 217.4516 169.1063 254.4990 189.4338 1.6110 1.6080 4.0145 -29.9816 0.6286 58.9325 -5.4783 -4.5048
Car -1 -1 -6.6595 886.5281 161.3231 1041.9637 216.1544 1.4437 1.5534 3.4978 9.8798 0.9130 19.8210 -6.2074 -4.5936
Car -1 -1 -3.4440 684.9769 175.5836 792.9711 216.4421 1.5016 1.6231 3.7312 5.1873 1.2846 27.4336 -3.2640 -5.0814
Car -1 -1 -7.8463 617.3956 177.7516 658.0959 214.6273 1.3510 1.4913 3.4437 1.3968 1.2140 28.0750 -7.8022 -5.1622
Car -1 -1 -6.4557 529.2360 163.8188 602.7372 192.9898 1.8446 1.7611 4.5415 -2.3207 0.7266 46.7924 -6.5099 -5.4367
Car -1 -1 -7.5962 217.7566 170.6560 249.1056 190.9026 1.9523 1.7968 4.1309 -36.5272 0.9063 71.4767 -8.0721 -5.5053
Car -1 -1 -7.8772 522.7714 173.6467 585.2849 232.0322 1.6361 1.7566 3.9235 -1.5541 1.4166 22.1680 -7.9516 -5.6316
Car -1 -1 -5.0991 459.5994 179.0013 507.5998 204.1352 1.4215 1.4811 3.7668 -7.0316 1.2803 42.6189 -5.2666 -5.8117
Car -1 -1 -4.7025 509.2358 176.4767 530.9597 199.3096 1.5327 1.4516 3.7316 -5.6581 1.1955 50.1517 -4.8192 -5.8166
Car -1 -1 -8.4961 831.5646 171.7474 946.3465 219.7536 1.3340 1.5219 3.3061 8.5682 1.0634 21.7583 -8.1301 -6.2553
Car -1 -1 -2.6003 477.3513 163.0751 547.9084 193.2708 1.9075 1.7550 4.2923 -5.8124 0.7436 47.0449 -2.7275 -6.3080
Car -1 -1 -4.5876 186.5974 192.3912 247.9265 236.4616 1.3098 1.4150 3.2482 -12.7830 1.7008 23.9927 -5.0779 -6.4980
Car -1 -1 -7.2294 395.3713 165.9127 502.8593 212.8484 1.5709 1.7483 4.1648 -5.4845 1.0497 26.3008 -7.4381 -6.8552
