Car -1 -1 -4.5666 501.0183 172.0035 580.4465 231.2117 1.5132 1.6776 4.1633 -1.6513 1.2710 20.4872 -4.6513 6.9526
Car -1 -1 -7.8794 689.5839 171.6235 739.5621 217.0864 1.5194 1.6435 4.4033 4.0378 1.1897 26.2917 -7.7336 -0.8486
Car -1 -1 -7.7841 370.8029 167.8471 411.4893 200.8392 1.4277 1.5560 3.6437 -9.6285 0.8372 33.0314 -8.0705 -1.2321
Car -1 -1 -6.9819 657.9587 171.9090 744.0150 206.6449 1.5392 1.6184 3.8504 4.6570 1.1145 33.5461 -6.8501 -1.3538
Car -1 -1 -7.9554 636.0244 172.7172 674.7392 201.7780 1.4699 1.6344 3.9761 2.8210 1.0259 38.3485 -7.8875 -1.7343
Car -1 -1 -7.8663 508.7116 174.3700 549.4956 212.8412 1.5136 1.6024 3.8985 -3.1041 1.2334 30.2923 -7.9726 -2.5717
Car -1 -1 -7.7847 412.0019 167.4536 443.6067 193.3485 1.5025 1.6257 3.7712 -10.5112 0.6876 43.6749 -8.0244 -2.5945
Car -1 -1 -4.1415 565.2952 166.8785 603.3760 185.2010 1.6743 1.6627 4.0870 -1.5427 0.3379 67.8213 -4.1690 -2.9165
Car -1 -1 -7.1760 408.6148 164.1470 461.7726 186.5302 1.5289 1.6431 3.8545 -11.7762 0.3436 51.1604 -7.4059 -3.0044
Car -1 -1 -7.8060 577.9248 174.7981 636.7288 233.7035 1.5433 1.5367 3.7310 0.2128 1.3682 20.7232 -7.8011 -3.1364
Car -1 -1 -4.2052 542.4128 167.3256 589.5586 190.6393 1.5963 1.6673 3.9539 -2.4739 0.6258 51.3276 -4.2580 -3.2985
Car -1 -1 -8.0622 381.0913 167.6962 423.6323 194.9653 1.5633 1.6468 4.0863 -12.0611 0.7721 43.3730 -8.3368 -3.4981
Car -1 -1 -4.3987 394.1366 162.3577 437.3560 187.6911 1.6265 1.6902 3.9144 -12.3741 0.3975 48.1219 -4.6539 -3.5238
Car -1 -1 -3.4314 571.5657 171.4399 653.0545 203.6436 1.5415 1.6449 3.7303 0.5148 1.0602 35.6922 -3.4221 -3.5851
Car -1 -1 -2.8636 558.0699 173.5794 634.0148 202.8452 1.5866 1.6619 3.9560 -0.2907 1.1574 40.2654 -2.8758 -3.6861
Car -1 -1 -8.3409 597.1833 171.5836 663.8457 201.7963 1.4950 1.6515 4.3236 1.4520 1.0045 37.8490 -8.3078 -3.9309
Car -1 -1 -7.4758 375.3459 162.7303 430.7984 192.2091 1.5341 1.6380 3.8402 -10.8088 0.5575 39.3799 -7.7468 -4.0355
Car -1 -1 -6.4688 606.8066 162.7338 677.6822 192.1739 1.8001 1.7612 4.1799 2.5353 0.6527 45.0761 -6.4179 -4.0546
Car -1 -1 -7.6848 577.3408 171.1819 677.3127 261.2114 1.5911 1.5462 2.7398 0.5529 1.4094 14.1924 -7.6521 -4.1399
Car -1 -1 -8.2799 713.0209 173.9413 804.7411 216.3767 1.4061 1.6019 4.2210 5.5626 1.1560 26.0368 -8.0766 -4.1502
Car -1 -1 -8.4451 618.0426 174.8674 693.2220 208.1297 1.4421 1.5997 3.7923 2.4252 1.1549 33.1861 -8.3778 -4.1928
Car -1 -1 -7.5250 654.6632 175.3096 706.2209 205.0806 1.4782 1.5675 3.7951 4.1915 1.1711 37.7186 -7.4202 -4.2651
Car -1 -1 -8.1204 646.5054 162.2022 677.9420 181.8522 1.7194 1.8231 3.9979 5.4932 0.0306 64.9908 -8.0412 -4.3053
Car -1 -1 -7.9849 421.1969 155.5547 467.5703 190.3007 1.7365 1.8022 4.6510 -8.4607 0.4401 38.3942 -8.2052 -4.3178
Car -1 -1 -8.0082 741.6117 172.7133 817.5255 226.7034 1.5250 1.6563 3.8759 5.3914 1.2773 22.2853 -7.7787 -4.3580
Car -1 -1 -3.4099 574.6357 171.3032 642.3930 196.7052 1.5751 1.6842 4.0209 0.4433 0.9429 45.8773 -3.4053 -4.4849
Car -1 -1 -2.4835 501.9716 155.7218 558.8936 179.5799 1.7389 1.6464 4.1453 -5.3791 -0.1504 54.4380 -2.5862 -4.5020
Car -1 -1 -4.9914 367.6302 178.3451 450.4556 228.8189 1.5013 1.6302 3.6772 -6.3508 1.4080 23.3610 -5.2592 -4.5728
Car -1 -1 -8.1038 550.5591 163.7959 581.4979 184.0734 1.6488 1.6815 3.8550 -2.9901 0.2091 60.4996 -8.1577 -4.5848
Car -1 -1 -3.4378 574.0767 168.9134 637.8063 194.5564 1.7942 1.7832 4.2512 0.3275 0.9135 51.7317 -3.4365 -4.6880
Car -1 -1 -7.9039 367.0708 165.4991 390.9755 184.8341 1.7374 1.8951 4.2822 -20.7016 0.2993 66.8851 -8.2078 -4.6895
Car -1 -1 -8.4896 864.0270 147.0358 981.8586 202.9158 1.6904 1.6122 3.7433 10.4619 0.6483 23.7362 -8.0835 -4.7912
Car -1 -1 -4.4568 569.7867 175.9153 640.2850 219.8983 1.4643 1.6382 3.8829 0.1881 1.2788 26.0007 -4.4548 -4.8014
Car -1 -1 -5.1703 549.5419 162.8037 582.4136 182.2597 1.8179 1.5980 3.8752 -3.4066 0.0707 69.1993 -5.2241 -4.9272
Car -1 -1 -8.5213 537.9240 167.8602 599.8489 195.5877 1.6796 1.7162 4.1485 -2.1065 0.8535 45.6412 -8.5721 -5.0632
Car -1 -1 -7.8458 757.5554 176.6981 854.8846 270.3704 1.5296 1.5550 3.8725 3.8621 1.4518 13.8035 -7.5834 -5.0776
Car -1 -1 -6.4056 687.4230 154.4418 753.7144 179.5725 1.6678 1.7286 4.2494 8.0519 -0.1334 48.7570 -6.2476 -5.1311
Car -1 -1 -6.8944 1237.0000 122.6688 1237.0000 373.0000 1.5575 1.5446 3.8403 7.9636 1.2143 5.5433 -5.9589 -5.5641
Car -1 -1 -4.9142 410.0847 171.6013 457.4167 206.2968 1.5325 1.5591 3.0027 -7.8485 1.0956 33.4191 -5.1481 -5.5814
Car -1 -1 -3.6012 0.0000 190.0312 0.0000 373.0000 1.4888 1.6006 3.9521 -5.4645 1.5438 2.5835 -4.6975 -5.8867
Car -1 -1 -5.1419 1237.0000 0.0000 1237.0000 373.0000 1.4126 1.5538 4.2687 4.2795 1.2649 2.4629 -4.1440 -6.0504
Car -1 -1 -6.8578 0.0000 183.1823 222.3680 373.0000 1.4945 1.6312 3.9712 -3.7639 1.5074 3.1005 -7.7055 -6.5471
