Car -1 -1 -4.5584 451.0703 171.8168 536.8431 236.0682 1.5278 1.6591 4.0297 -2.7720 1.2981 19.1007 -4.7059 6.9788
Car -1 -1 -6.8917 504.6734 165.3240 561.3310 186.4034 1.3919 1.5748 3.6171 -4.6552 0.3238 49.2057 -6.9903 -1.6078
Car -1 -1 -7.8002 312.5273 170.6587 346.1279 197.6164 1.4146 1.5530 3.6459 -14.9838 0.8459 39.6664 -8.1641 -1.6892
Car -1 -1 -6.0865 302.3135 174.6680 394.2667 214.6172 1.6299 1.5945 3.4213 -10.6441 1.3515 30.3414 -6.4263 -1.9990
Car -1 -1 -7.9123 590.5004 162.6784 682.3578 257.2179 1.6795 1.5912 3.6387 0.5557 1.3458 14.6011 -7.8804 -2.9293
Car -1 -1 -4.8809 555.0025 174.6833 595.7520 204.8060 1.5479 1.5498 3.9036 -1.4688 1.1978 38.9829 -4.9234 -2.9757
Car -1 -1 -2.6071 477.0929 162.3792 534.1780 182.4093 1.5862 1.7090 4.3411 -7.7825 0.0719 58.5135 -2.7435 -3.0316
Car -1 -1 -6.4449 660.6251 172.4861 800.0932 226.7139 1.4453 1.5599 3.5903 3.4679 1.2055 19.9306 -6.2800 -3.0560
Car -1 -1 -6.1636 203.5799 178.8326 314.3994 220.3719 1.4607 1.5987 3.5383 -12.5929 1.3673 26.5807 -6.6073 -3.3713
Car -1 -1 -6.3301 317.9102 164.1828 398.6602 194.8036 1.4869 1.6161 3.7921 -12.3090 0.6462 36.3284 -6.6595 -3.4694
Car -1 -1 -2.8486 517.8012 169.7252 629.5422 211.7282 1.5549 1.6283 4.0383 -1.0764 1.1194 27.8806 -2.8919 -3.6215
Car -1 -1 -6.5193 637.7264 158.1508 704.0862 182.5553 1.6709 1.7091 4.3447 4.8555 0.0722 50.3425 -6.4284 -3.6387
Car -1 -1 -7.7652 281.6852 166.4148 320.0392 194.8724 1.4622 1.6001 3.7827 -16.2500 0.6873 38.9536 -8.1629 -3.7910
Car -1 -1 -2.2498 283.2966 164.1794 335.6105 185.0914 1.6622 1.7152 4.1858 -23.9091 0.2853 58.8567 -2.6389 -3.8148
Car -1 -1 -4.9967 507.9478 169.2187 537.3536 188.6030 1.7174 1.6382 3.8648 -7.2063 0.6290 65.7402 -5.1104 -3.8170
Car -1 -1 -6.1872 191.7217 174.9683 324.1424 223.9582 1.5101 1.5902 3.7792 -11.1529 1.3092 23.5332 -6.6306 -3.8396
Car -1 -1 -7.7849 667.5052 169.9451 727.7814 223.9510 1.5035 1.5911 3.9837 3.0065 1.1823 22.1074 -7.6565 -4.0448
Car -1 -1 -3.5065 552.4329 173.4631 613.3147 196.6409 1.5081 1.5545 3.7760 -1.2364 0.9852 48.1850 -3.5370 -4.1179
Car -1 -1 -7.8639 592.3080 170.3159 660.4388 232.6789 1.5543 1.6985 3.9906 0.6161 1.2761 19.9112 -7.8387 -4.1630
Car -1 -1 -3.4742 548.0302 175.5002 616.8666 202.0138 1.5341 1.5743 3.8105 -1.1381 1.1871 42.9773 -3.5056 -4.1871
Car -1 -1 -7.8520 313.0471 181.2202 387.4506 245.9538 1.4707 1.6226 3.7260 -6.4394 1.4649 18.3464 -8.1905 -4.2187
Car -1 -1 -3.9218 301.6805 162.7249 369.0831 186.9120 1.5547 1.6832 4.3485 -17.8782 0.3479 48.4989 -4.2781 -4.4056
Car -1 -1 -7.2962 453.4185 173.5912 541.2558 213.8699 1.4827 1.5810 4.0193 -4.0719 1.1920 28.6012 -7.4414 -4.6742
Car -1 -1 -2.2964 339.8415 162.9947 396.4980 185.9561 1.4977 1.6329 3.6305 -15.7410 0.2907 48.4753 -2.6135 -4.7065
Car -1 -1 -2.5918 215.4555 160.0700 332.7202 196.7799 1.6647 1.7491 4.8057 -15.3382 0.6932 33.7336 -3.0205 -4.7858
Car -1 -1 -8.1493 679.1644 158.9139 728.9760 194.4862 1.8332 1.6521 3.6647 5.5033 0.6694 38.9606 -8.0148 -4.8766
Car -1 -1 -4.3777 270.5501 160.2888 322.3575 187.6389 1.6199 1.6626 4.2923 -18.9142 0.3637 44.7435 -4.7803 -5.0581
Car -1 -1 -6.3975 592.0952 157.9323 665.4420 187.4284 1.8593 1.7774 4.5473 1.7336 0.3738 46.3520 -6.3651 -5.1049
Car -1 -1 -6.2027 628.2001 159.3742 692.7214 191.2067 1.6937 1.5289 3.4088 3.2417 0.5167 39.2436 -6.1257 -5.1203
Car -1 -1 -8.0586 578.2681 168.1637 622.9784 199.5663 1.6325 1.6248 4.1344 -0.1066 0.9394 39.5355 -8.0663 -5.2787
Car -1 -1 -7.8590 423.2518 168.2364 504.1430 261.5911 1.6401 1.4117 2.9086 -2.7711 1.4077 14.1856 -8.0539 -5.2864
Car -1 -1 -8.0028 708.7701 174.9022 755.1328 208.5350 1.4937 1.6007 3.5311 6.0500 1.2010 33.6858 -7.8315 -5.5055
Car -1 -1 -4.5832 611.6557 165.4265 639.7504 184.5239 1.4759 1.7658 4.0622 2.0064 0.2336 57.6590 -4.5534 -5.6132
Car -1 -1 -8.2385 1237.0000 136.2702 1237.0000 373.0000 1.4733 1.6890 3.8881 5.7935 1.3277 4.4357 -7.3547 -5.8607
Car -1 -1 -9.2437 0.0000 0.0000 1237.0000 373.0000 1.5137 1.5817 3.7956 4.7207 1.4460 1.0003 -7.9398 -5.8867
Car -1 -1 -5.6701 0.0000 0.0000 1237.0000 373.0000 1.4919 1.6035 3.9560 2.9639 1.4591 1.7304 -4.6977 -5.8867
Car -1 -1 -5.9535 0.0000 0.0000 1237.0000 373.0000 1.4711 1.5955 3.9471 6.1795 1.3562 1.7143 -4.6976 -5.8867
Car -1 -1 -8.1538 837.0860 148.5628 932.6180 209.8341 1.8007 1.6173 4.3281 9.0259 0.8332 23.3199 -7.7933 -6.0054
Car -1 -1 -6.9696 1139.2618 163.9150 1237.0000 290.0464 1.3999 1.5258 4.0994 9.3291 1.2054 8.9373 -6.1825 -6.0816
Car -1 -1 -4.6007 261.1548 181.1912 308.4149 215.1065 1.4122 1.5684 3.1872 -13.9173 1.3997 31.6671 -5.0168 -6.0855
Car -1 -1 -8.0196 379.5536 177.9448 436.0761 214.3307 1.4414 1.6962 3.7921 -8.3013 1.3010 30.5341 -8.2880 -6.1844
Car -1 -1 -4.7729 488.8177 169.7112 533.5668 201.7027 1.4289 1.8268 4.5445 -4.4086 0.9026 34.4893 -4.9041 -6.5915
Car -1 -1 -2.6559 0.0000 158.0616 97.9031 254.7593 1.8400 1.7718 4.2996 -13.4193 1.3946 15.0395 -3.3810 -6.8407
