Car -1 -1 -4.5700 439.5733 172.0163 525.0547 238.6933 1.5317 1.6073 4.1774 -2.9951 1.3144 18.6061 -4.7327 4.0629
Car -1 -1 -3.1973 287.8351 175.6260 413.3531 222.4082 1.4648 1.6034 3.8405 -8.3830 1.2814 23.9696 -3.5355 0.4416
Car -1 -1 -5.3384 304.7003 169.5861 386.1660 200.6066 1.5078 1.6854 4.3680 -13.1685 0.9289 36.8419 -5.6844 -1.1063
Car -1 -1 -3.6770 276.7897 181.0151 383.2718 219.7464 1.4250 1.5866 3.6319 -10.6610 1.4076 28.3435 -4.0389 -1.2907
Car -1 -1 -6.3093 622.4353 168.1360 706.5728 208.4560 1.6247 1.6087 3.3896 2.5677 1.0865 29.8392 -6.2292 -2.3192
Car -1 -1 -6.4510 300.3036 177.6129 396.1953 213.8263 1.4456 1.5434 3.5965 -10.6581 1.2908 30.2265 -6.7924 -2.7064
Car -1 -1 -8.0510 268.5291 182.3878 370.4477 247.6196 1.4164 1.5990 3.7970 -7.0571 1.4412 17.6788 -8.4310 -2.9829
Car -1 -1 -2.8306 572.9188 175.4551 659.7952 210.4003 1.4615 1.5738 3.4785 0.6462 1.2090 31.3462 -2.8153 -3.0386
Car -1 -1 -7.9306 371.0105 179.1364 420.5649 219.7880 1.4895 1.5807 3.6602 -8.1755 1.4033 28.3123 -8.2144 -3.0443
Car -1 -1 -7.9132 271.1027 166.1792 306.8097 193.7088 1.4067 1.5455 3.4179 -16.8166 0.6240 38.5782 -8.3266 -3.1768
Car -1 -1 -7.9594 575.3972 168.8489 622.0563 210.5010 1.5991 1.5129 3.5911 -0.1852 1.1138 29.4504 -7.9707 -3.3936
Car -1 -1 -2.3587 239.9339 166.6285 306.6715 191.7262 1.5438 1.6719 3.7704 -20.8289 0.6291 45.6214 -2.7897 -3.5188
Car -1 -1 -8.0026 635.4019 172.1206 698.0316 218.6996 1.4838 1.5790 3.7188 2.1487 1.1855 24.7924 -7.9222 -3.5684
Car -1 -1 -6.5413 521.6310 169.6779 598.7302 197.1672 1.6028 1.7131 4.3525 -2.4971 0.9136 43.3816 -6.6034 -3.5802
Car -1 -1 -7.6777 333.5947 164.4320 368.7737 188.5685 1.6490 1.7201 3.9056 -17.7535 0.4829 51.1417 -8.0151 -3.6997
Car -1 -1 -7.8437 633.6874 176.5819 690.1382 229.1125 1.3685 1.4702 3.5896 1.6987 1.2409 20.5652 -7.7676 -3.7343
Car -1 -1 -3.3087 526.0881 170.5020 605.4323 200.9860 1.5728 1.6887 3.9965 -1.9307 1.0056 38.3258 -3.3637 -3.8383
Car -1 -1 -5.8671 281.9760 163.5795 369.5645 192.5391 1.5785 1.7072 4.2392 -15.3493 0.6019 40.1076 -6.2353 -3.8850
Car -1 -1 -2.4810 260.5062 161.3098 318.1197 181.1468 1.5616 1.6546 4.1054 -25.1248 -0.0293 57.9026 -2.8935 -4.2758
Car -1 -1 -8.2166 616.5963 154.9435 658.5585 183.2589 1.9578 1.7349 3.8833 2.5729 0.1216 51.7822 -8.1720 -4.2882
Car -1 -1 -8.0539 490.0862 160.6226 554.7523 208.7511 1.6347 1.5998 3.8883 -3.0097 0.9260 26.4945 -8.1709 -4.5753
Car -1 -1 -4.1704 484.8118 171.2294 546.2695 200.0494 1.5667 1.6774 4.0265 -4.8678 1.0085 41.2289 -4.2922 -4.7236
Car -1 -1 -4.4243 547.3342 170.6304 588.1801 194.6597 1.5144 1.7016 3.7710 -2.1644 0.8294 47.3042 -4.4747 -4.8088
Car -1 -1 -6.7912 526.2781 160.3190 708.0543 252.7046 1.6488 1.5681 3.2656 0.2823 1.2714 14.2848 -6.7772 -4.9547
Car -1 -1 -7.7925 519.4560 165.8293 539.5287 183.9003 1.6659 1.6675 4.1675 -6.7770 0.2210 68.3377 -7.8958 -5.0057
Car -1 -1 -4.5859 551.2846 171.1573 598.4977 209.3548 1.6183 1.6300 4.3393 -1.1527 1.1804 32.6656 -4.6259 -5.1106
Car -1 -1 -2.1554 156.7338 180.9664 333.6795 257.4403 1.5921 1.6273 4.2072 -8.3668 1.5815 16.7101 -2.6188 -5.1258
Car -1 -1 -3.6385 0.0000 196.9804 191.4803 373.0000 1.4209 1.5342 3.8684 -5.5067 1.5876 5.6275 -4.3961 -5.2623
Car -1 -1 -6.9301 1237.0000 163.7653 1237.0000 373.0000 1.4497 1.5858 3.8342 7.2369 1.3659 4.7649 -5.9720 -5.6431
Car -1 -1 -5.5152 0.0000 0.0000 1193.0559 373.0000 1.4940 1.6042 3.9567 2.1600 1.4754 1.7342 -4.6977 -5.8867
Car -1 -1 -4.2563 1237.0000 101.2309 1237.0000 373.0000 1.4703 1.6086 3.9338 5.4038 1.2498 2.9503 -3.2275 -5.8867
Car -1 -1 -7.9470 503.6441 163.9668 530.2098 185.3130 1.6841 1.8130 3.5290 -6.8978 0.3007 58.5907 -8.0685 -6.0913
Car -1 -1 -7.6476 465.8631 178.0715 547.1970 228.9932 1.4276 1.6546 4.3864 -2.8669 1.3320 22.3880 -7.7787 -6.4265
