Car -1 -1 -4.3718 76.0548 184.7201 334.6221 331.8538 1.5009 1.6199 4.1693 -4.9476 1.5543 9.5947 -4.8427 7.4347
Car -1 -1 -6.8375 0.0000 188.7767 52.1295 276.6178 1.4394 1.6122 4.0557 -13.6109 1.6068 14.2964 -7.5945 -0.6593
Car -1 -1 -4.5196 350.2789 172.0959 381.2856 194.8630 1.6867 1.5894 3.7418 -18.0393 0.9899 55.1735 -4.8391 -1.3039
Car -1 -1 -7.9331 544.7010 172.8001 629.8229 245.0673 1.5090 1.6618 3.8261 -0.4796 1.3279 16.9936 -7.9662 -1.3958
Car -1 -1 -4.9618 0.0000 190.4244 34.0041 244.5876 1.4846 1.6131 3.8245 -19.1169 1.7804 22.0200 -5.6761 -1.5897
Car -1 -1 -4.8559 0.0000 187.2557 91.5554 243.8886 1.4092 1.5455 3.7280 -15.6559 1.5855 20.0988 -5.5165 -2.0156
Car -1 -1 -6.7051 479.9542 172.7387 589.4081 215.9861 1.4891 1.5958 3.6642 -2.4544 1.1878 26.3350 -6.8023 -2.4411
Car -1 -1 -7.5114 0.0000 197.5976 84.0122 347.9980 1.3809 1.5509 3.4875 -7.9199 1.6239 8.9098 -8.2292 -2.6413
Car -1 -1 -6.9072 0.0000 194.5583 218.6369 277.3081 1.4091 1.5617 3.7160 -10.1273 1.7168 14.8804 -7.5021 -2.6725
Car -1 -1 -7.6779 490.9346 172.9743 542.2088 208.6609 1.4100 1.5524 3.5780 -3.5248 1.0735 30.2107 -7.7981 -2.9290
Car -1 -1 -2.7817 0.0000 181.3304 114.9941 221.6767 1.5250 1.5938 3.5877 -21.6256 1.5189 28.4292 -3.4327 -2.9875
Car -1 -1 -4.2547 401.0108 173.4956 442.3027 193.5953 1.4994 1.5192 3.9723 -13.8667 0.9022 55.6880 -4.5026 -3.7004
Car -1 -1 -7.8761 484.2630 169.2001 501.9900 183.9274 1.4174 1.6305 3.9351 -10.7178 0.2333 71.2137 -8.0297 -3.8995
Car -1 -1 -7.4768 186.6942 160.1080 239.0103 185.8310 1.4630 1.5914 3.4202 -23.0050 0.2465 42.6481 -7.9737 -4.1091
Car -1 -1 -4.3673 364.3395 171.4538 403.5977 194.3609 1.6995 1.6734 3.9346 -16.6703 0.9541 55.3004 -4.6637 -4.1311
Car -1 -1 -4.5633 0.0000 188.2612 81.4226 241.9262 1.5387 1.5784 4.1216 -18.1704 1.7792 23.3285 -5.2248 -4.1486
Car -1 -1 -7.6962 279.9135 181.0547 338.8579 218.3763 1.3630 1.5669 3.8755 -11.4412 1.3471 28.2985 -8.0823 -4.3469
Car -1 -1 -5.0461 361.7598 171.0769 410.7151 198.5903 1.5044 1.5494 3.7021 -12.3888 0.9346 41.2293 -5.3412 -4.4728
Car -1 -1 -4.6622 248.2107 188.0412 322.4152 245.4344 1.2922 1.5733 3.9757 -8.1963 1.4833 18.7969 -5.0736 -4.5195
Car -1 -1 -7.7651 0.0000 193.3030 74.0446 278.6830 1.4915 1.5482 3.1506 -11.9303 1.7633 14.7692 -8.4413 -4.8088
Car -1 -1 -8.3875 514.7502 166.0413 588.2219 205.8565 1.6179 1.5454 3.5878 -2.2320 0.9901 31.1026 -8.4636 -4.9191
Car -1 -1 -2.5804 430.5474 172.4503 494.4446 197.1816 1.4568 1.5322 3.5387 -8.4402 0.9239 43.6641 -2.7752 -5.0275
Car -1 -1 -4.9677 475.1814 173.1420 518.8282 198.9314 1.4237 1.5236 4.0261 -6.1258 0.9624 41.8057 -5.1173 -5.1024
Car -1 -1 -3.1625 522.5363 151.3844 594.1635 183.6524 1.9611 1.8151 4.3659 -2.6960 0.1309 44.7475 -3.2270 -5.3434
Car -1 -1 -6.7644 0.0000 192.7025 154.1474 316.1715 1.4493 1.7550 4.5280 -9.8397 1.6640 11.3002 -7.4749 -5.4025
Car -1 -1 -7.9776 332.5919 170.5685 390.2207 212.9612 1.6236 1.7517 4.0657 -10.0086 1.2053 29.7229 -8.3048 -5.4037
Car -1 -1 -7.6570 212.4590 153.5725 255.2200 182.6127 1.7759 1.7518 3.7127 -23.4508 0.0681 45.9537 -8.1312 -5.4603
Car -1 -1 -8.4239 1227.4044 80.6372 1237.0000 373.0000 1.5250 1.7028 4.0251 6.1654 1.1658 4.7409 -7.5403 -5.4899
Car -1 -1 -2.3836 300.3338 171.0095 382.6302 201.6127 1.5519 1.6214 4.0926 -13.7560 1.0201 37.9833 -2.7338 -5.5125
Car -1 -1 -2.3946 365.7976 164.4315 412.5592 182.5674 1.7322 1.7189 4.3851 -20.7524 0.1016 70.3473 -2.6853 -5.6307
Car -1 -1 -5.8990 0.0000 0.0000 1237.0000 373.0000 1.4083 1.5589 3.9377 5.0065 1.2645 1.7797 -4.7211 -5.8140
Car -1 -1 -5.5998 0.0000 0.0000 1237.0000 373.0000 1.4770 1.5982 3.9493 2.5705 1.4120 1.7408 -4.6977 -5.8867
Car -1 -1 -4.2059 261.1599 0.0000 1237.0000 373.0000 1.4989 1.6049 3.9591 -1.0558 1.5270 1.7507 -4.6977 -5.8867
Car -1 -1 -3.4939 0.0000 194.6241 0.0000 373.0000 1.4927 1.6014 3.9536 -6.2714 1.5698 2.1870 -4.6977 -5.8867
Car -1 -1 -4.9569 0.0000 0.0000 1237.0000 373.0000 1.5014 1.6068 3.9592 0.5522 1.5182 1.7420 -4.6977 -5.8867
Car -1 -1 -6.7766 0.0000 141.2490 0.0000 373.0000 1.5524 1.6521 3.9734 -4.9575 1.5143 2.7133 -7.8124 -6.1155
Car -1 -1 -7.5784 63.2913 182.6525 117.9430 211.7966 1.6524 1.6668 3.9394 -30.5167 1.7249 43.0291 -8.1974 -6.4342
Car -1 -1 -7.8658 365.7782 166.2348 382.6591 183.5541 1.6200 1.4914 3.4080 -21.8162 0.1918 69.0417 -8.1756 -6.8821
