Car -1 -1 -4.5725 505.8229 171.6322 582.2231 230.4368 1.5213 1.6540 4.0016 -1.5772 1.2666 20.6303 -4.6530 6.6405
Car -1 -1 -2.7791 307.7348 165.4816 419.0737 201.8940 1.5907 1.7340 4.4334 -10.6708 0.8912 32.3388 -3.1003 0.0998
Car -1 -1 -4.2073 570.2700 166.8233 606.4199 184.4539 1.6137 1.6666 4.0803 -1.1654 0.2701 67.9401 -4.2292 -1.8776
Car -1 -1 -7.5830 405.4627 166.9235 446.0740 192.4081 1.4845 1.5964 3.2145 -10.5850 0.6355 43.4726 -7.8254 -2.4127
Car -1 -1 -6.4083 412.0417 162.6790 478.1920 189.7637 1.7317 1.7186 4.0800 -10.3184 0.5284 47.4231 -6.6262 -2.5175
Car -1 -1 -4.1565 552.8090 171.0517 600.0405 194.9460 1.6219 1.6688 3.6571 -1.7167 0.9127 50.7605 -4.1951 -2.6767
Car -1 -1 -7.8826 415.6865 164.4404 441.9698 189.3531 1.7133 1.6986 4.0573 -12.4134 0.5401 51.5837 -8.1225 -3.3948
Car -1 -1 -2.6171 632.9805 164.1783 709.8138 195.4255 1.7096 1.7245 4.0615 3.9835 0.7621 41.1781 -2.5262 -3.4644
Car -1 -1 -7.7532 506.1290 174.8142 552.6741 210.3810 1.3966 1.5807 3.8266 -2.9766 1.1344 30.1217 -7.8559 -3.6908
Car -1 -1 -7.6803 367.4885 169.7661 392.8056 185.7915 1.4466 1.6783 3.5152 -20.4773 0.3871 66.6924 -7.9820 -3.7044
Car -1 -1 -2.6430 356.8196 178.3697 484.5170 225.2393 1.5049 1.6461 3.8814 -6.1234 1.4048 24.3405 -2.8921 -3.7277
Car -1 -1 -7.3046 556.3210 164.7476 599.7811 185.4170 1.6844 1.7411 4.2240 -1.9101 0.3190 60.8066 -7.3407 -3.7667
Car -1 -1 -2.7953 354.8605 168.3493 445.5677 197.8248 1.3382 1.4959 3.7920 -9.3569 0.7414 33.4938 -3.0706 -4.0291
Car -1 -1 -6.3403 439.1924 186.4761 540.7646 223.8943 1.3125 1.5276 3.6253 -4.1773 1.5052 26.6324 -6.4997 -4.1161
Car -1 -1 -6.8670 693.8311 155.8739 774.0463 185.7172 1.6728 1.7482 4.3711 7.7374 0.2365 41.9324 -6.6905 -4.1709
Car -1 -1 -7.4809 560.9150 163.0497 595.7256 182.4199 1.8016 1.8108 4.6326 -2.1452 0.0853 69.2980 -7.5166 -4.1786
Car -1 -1 -3.2882 828.6584 153.8130 979.1515 206.1166 1.5995 1.6872 4.2775 9.6401 0.7533 23.2897 -2.9047 -4.2132
Car -1 -1 -8.1659 587.4648 169.6026 628.6399 192.8743 1.5525 1.7252 3.9238 0.4260 0.7588 50.0539 -8.1624 -4.2351
Car -1 -1 -7.3047 530.5494 171.8517 675.3030 264.8723 1.6043 1.5226 2.9455 0.0742 1.4385 14.0428 -7.3050 -4.3489
Car -1 -1 -7.8400 599.7820 176.0967 654.5555 233.8421 1.5125 1.4360 3.4223 0.7128 1.3715 20.5552 -7.8111 -4.3739
Car -1 -1 -7.9179 412.8522 173.9947 444.5649 203.8534 1.5054 1.4134 3.1396 -9.1544 1.1272 37.9253 -8.1582 -4.4416
Car -1 -1 -4.5381 434.1188 182.1492 503.9798 231.6778 1.3618 1.4871 3.4766 -3.9155 1.3833 21.5402 -4.7211 -4.4947
Car -1 -1 -7.5306 605.4183 164.5425 633.0250 180.4183 1.4572 1.6589 3.3205 1.7463 -0.1056 68.0331 -7.5099 -4.5133
Car -1 -1 -8.1849 636.5200 166.0177 683.1439 191.8783 1.5804 1.6939 4.1706 3.6969 0.6343 46.1310 -8.1103 -5.2061
Car -1 -1 -5.1388 606.9872 173.0480 677.7828 208.6894 1.5762 1.6666 4.3669 1.8470 1.2027 34.1041 -5.0902 -5.2351
Car -1 -1 -7.8921 597.6542 180.0088 662.6158 243.4478 1.4057 1.4171 3.5259 0.5911 1.3732 17.6873 -7.8645 -5.4508
Car -1 -1 -8.0882 427.1140 172.2019 487.8475 205.8624 1.4492 1.7869 4.2713 -6.7405 1.0492 33.2396 -8.2918 -5.4693
Car -1 -1 -6.8789 1237.0000 131.7037 1237.0000 373.0000 1.5115 1.5650 3.9700 7.9252 1.2153 5.6630 -5.9555 -5.4718
Car -1 -1 -7.7357 948.9026 142.5861 1030.1384 200.3149 1.6524 1.8310 4.0836 12.3339 0.5390 22.7617 -7.2488 -5.4981
Car -1 -1 -4.4139 380.9394 175.6748 431.6799 205.7238 1.4075 1.5681 3.0994 -9.5243 1.1349 35.2216 -4.6811 -5.5063
Car -1 -1 -7.8792 253.0014 180.6875 348.2405 263.4164 1.4612 1.5933 3.6200 -6.2189 1.4474 14.6649 -8.2794 -5.6496
Car -1 -1 -3.6036 0.0000 190.2601 0.0000 373.0000 1.4918 1.6028 3.9547 -4.6638 1.5434 2.1791 -4.6978 -5.8867
Car -1 -1 -3.5478 0.0000 193.9354 0.0000 373.0000 1.4944 1.6017 3.9535 -6.2681 1.5744 2.5870 -4.6974 -5.8867
Car -1 -1 -7.2855 1237.0000 162.9060 1237.0000 373.0000 1.4120 1.6066 4.1262 6.9152 1.3212 4.4046 -6.3139 -6.0744
Car -1 -1 -5.1027 518.2001 169.8762 567.7114 196.2760 1.5430 1.6936 3.7882 -3.6290 0.8637 44.0565 -5.1893 -6.2756
Car -1 -1 -8.4533 1237.0000 0.0000 1237.0000 373.0000 1.5413 1.6383 4.1225 4.7200 1.3272 2.4880 -7.4159 -6.4253
