Car -1 -1 -4.5254 420.8181 173.0029 519.3116 240.1954 1.5126 1.6854 4.3879 -3.2453 1.3219 18.3726 -4.7031 3.8572
Car -1 -1 -7.8164 212.1193 179.8019 272.7514 229.0817 1.4319 1.5900 3.7244 -11.3859 1.3830 22.8962 -8.2784 -1.7937
Car -1 -1 -3.0826 224.1840 166.1675 291.3455 191.5546 1.5178 1.6585 3.6595 -21.1747 0.6012 44.4074 -3.5301 -2.1438
Car -1 -1 -7.1201 261.8694 178.2740 387.7929 229.0489 1.5093 1.6320 3.9248 -8.9335 1.4139 23.4777 -7.4852 -2.2823
Car -1 -1 -5.5392 464.8058 170.9919 522.7395 195.5006 1.5555 1.6219 3.6230 -7.0918 0.8886 47.2725 -5.6922 -2.5229
Car -1 -1 -7.3946 272.0276 183.2281 361.4028 224.5751 1.3939 1.5423 3.7502 -10.3398 1.4622 26.3105 -7.7709 -2.7585
Car -1 -1 -7.1829 327.8245 173.1612 399.3076 202.9357 1.4355 1.6072 3.5418 -12.0498 1.0337 36.5711 -7.5041 -3.2619
Car -1 -1 -7.7365 600.7492 160.4683 625.9844 182.5479 1.8722 1.7656 4.1161 1.1112 0.0886 63.0638 -7.7238 -3.6161
Car -1 -1 -3.3616 503.6618 170.3038 589.3667 200.7645 1.5570 1.7483 4.2593 -2.9379 0.9849 38.1845 -3.4429 -3.6318
Car -1 -1 -7.3901 508.6717 167.9906 545.0643 186.2284 1.6065 1.6711 4.0653 -6.7222 0.4163 65.4725 -7.4968 -3.7621
Car -1 -1 -8.2491 572.9955 169.0469 634.0096 201.6632 1.5666 1.6452 4.0853 0.0308 0.9687 36.7038 -8.2533 -3.8178
Car -1 -1 -2.1423 249.7350 164.6832 317.0119 193.5193 1.4726 1.6165 3.5431 -16.9916 0.6140 38.3302 -2.5618 -3.8455
Car -1 -1 -6.6174 418.1234 164.3337 533.8521 216.1302 1.7010 1.6435 3.6625 -4.4121 1.1377 25.2024 -6.7940 -3.9582
Car -1 -1 -7.6572 278.6242 168.8402 313.5741 192.0328 1.6228 1.6344 3.8466 -22.1726 0.7370 52.3143 -8.0611 -4.2082
Car -1 -1 -4.6117 543.9538 171.9513 582.7480 202.4772 1.4399 1.5760 3.7949 -1.8584 0.9898 35.8150 -4.6681 -4.2809
Car -1 -1 -7.6254 361.1924 179.1011 447.0971 233.0461 1.4216 1.5846 3.8050 -5.6457 1.3589 20.8616 -7.8918 -4.3348
Car -1 -1 -4.9331 545.4064 172.3888 580.3942 195.7318 1.5726 1.6220 3.8832 -2.7367 0.9588 50.4843 -4.9919 -4.4357
Car -1 -1 -6.0836 263.5941 167.2097 336.9498 191.7408 1.5272 1.8674 4.0507 -19.2279 0.6376 46.0348 -6.4821 -4.4514
Car -1 -1 -7.6103 319.7850 168.2018 357.9498 190.4465 1.5022 1.6445 3.8884 -18.4057 0.6042 50.5332 -7.9628 -4.5149
Car -1 -1 -5.9107 272.9019 163.1947 361.3041 193.4164 1.6462 1.6891 4.2548 -15.7779 0.6493 39.9851 -6.2892 -4.5613
Car -1 -1 -2.6440 219.9183 179.4148 322.8445 218.4712 1.5397 1.5924 3.4675 -13.4002 1.4579 29.2283 -3.0756 -4.5812
Car -1 -1 -2.3314 260.1064 164.9963 312.8551 186.3518 1.6609 1.7198 3.7852 -25.1374 0.3772 57.3873 -2.7474 -4.6891
Car -1 -1 -7.8400 486.5985 172.1354 519.7175 204.4237 1.5208 1.5503 3.7505 -4.8877 1.0800 35.7922 -7.9797 -4.7261
Car -1 -1 -5.0142 536.2037 172.2004 577.7117 198.9688 1.5910 1.5109 3.7510 -2.8083 1.0384 44.7174 -5.0815 -4.7362
Car -1 -1 -3.1628 387.0566 162.7571 468.8008 191.7869 1.6158 1.7466 4.4899 -9.9932 0.5727 41.4070 -3.4030 -4.8636
Car -1 -1 -4.9015 532.5230 170.7854 585.3118 206.9244 1.5090 1.5638 4.2357 -1.9913 1.0619 32.2405 -4.9678 -4.8814
Car -1 -1 -2.9705 421.7581 170.6311 496.9106 195.4928 1.4521 1.8060 4.1633 -8.4388 0.8174 42.9150 -3.1684 -5.0231
Car -1 -1 -5.1141 0.0000 207.4188 0.0000 373.0000 1.3633 1.4763 3.4510 -5.9965 1.5577 4.2447 -6.0460 -5.3517
Car -1 -1 -7.6508 453.2240 177.2708 528.7286 228.9216 1.4230 1.5833 3.4457 -3.2560 1.3070 21.5503 -7.8042 -5.5438
Car -1 -1 -6.9519 1237.0000 107.1426 1237.0000 373.0000 1.6708 1.5804 3.8365 7.4608 1.3301 4.6437 -5.9683 -5.6303
Car -1 -1 -6.7399 1158.2074 155.7766 1237.0000 313.4066 1.5333 1.6060 4.1478 9.3199 1.2838 8.4633 -5.9269 -5.7923
Car -1 -1 -4.2533 1237.0000 103.4113 1237.0000 373.0000 1.4661 1.6057 3.9227 5.4136 1.2503 2.9535 -3.2241 -5.8867
