Car -1 -1 -4.4323 226.3630 183.3093 411.0884 297.0137 1.4972 1.6445 4.1611 -4.3605 1.5326 11.6634 -4.7885 7.0532
Car -1 -1 -6.1364 0.0000 165.6505 137.7692 221.9875 1.7759 1.6368 3.5585 -17.8382 1.2767 24.2009 -6.7714 -1.4696
Car -1 -1 -4.1881 0.0000 179.1023 50.4583 209.1725 1.4425 1.5968 3.2800 -29.6405 1.3277 36.2074 -4.8755 -1.8440
Car -1 -1 -4.5083 59.0719 178.0232 97.3685 198.9115 1.4925 1.6201 3.5509 -38.7382 1.2440 53.2775 -5.1396 -2.2802
Car -1 -1 -7.2620 0.0000 179.3427 68.0162 208.8510 1.6454 1.6665 4.3117 -33.6852 1.5252 42.2710 -7.9368 -2.5804
Car -1 -1 -2.5756 34.6246 176.9306 130.6874 206.9879 1.5471 1.6448 3.8263 -27.3225 1.3121 37.9099 -3.2018 -2.7132
Car -1 -1 -7.8508 545.7362 166.2422 567.6838 185.9687 1.4913 1.6578 3.6465 -3.4817 0.3377 56.1783 -7.9172 -2.7925
Car -1 -1 -7.2505 127.4875 174.7106 345.4619 286.7543 1.6155 1.5112 3.5927 -6.0135 1.5182 12.2461 -7.7041 -2.9574
Car -1 -1 -7.9259 590.4520 176.2681 663.9344 238.9047 1.4865 1.6187 3.8552 0.5510 1.3629 19.0124 -7.9026 -2.9746
Car -1 -1 -2.5722 0.0000 174.4512 45.3552 207.9636 1.5352 1.6536 4.0303 -29.0668 1.2126 34.0059 -3.2806 -3.1229
Car -1 -1 -7.5432 434.5217 169.2860 463.5075 186.4539 1.5923 1.6380 3.8031 -14.4810 0.4592 68.5976 -7.7554 -3.2374
Car -1 -1 -4.7903 42.1550 192.3088 136.9722 261.0639 1.4470 1.5919 4.1306 -12.8389 1.7479 17.8682 -5.4118 -3.2972
Car -1 -1 -4.6868 181.7019 174.5477 215.9796 202.3681 1.4661 1.5737 3.8859 -22.3387 1.0999 39.9401 -5.1989 -3.5466
Car -1 -1 -4.4236 108.5153 177.6857 165.0340 206.6428 1.4804 1.5793 3.6880 -24.9708 1.2856 38.7158 -4.9983 -3.5750
Car -1 -1 -6.4430 177.5472 168.5371 269.0655 202.9891 1.5614 1.5946 3.6589 -18.0348 0.9742 34.2943 -6.9290 -3.7305
Car -1 -1 -7.5167 524.6794 170.4075 567.0195 194.8987 1.5240 1.6301 3.6869 -3.5603 0.8338 46.6882 -7.5973 -3.7458
Car -1 -1 -6.4798 426.6883 171.3260 487.6279 193.5021 1.5079 1.6291 3.9434 -10.1028 0.8161 50.3602 -6.6817 -4.0877
Car -1 -1 -4.4484 38.7307 180.3477 90.3373 206.0168 1.5522 1.6463 3.9994 -34.0010 1.4826 45.6007 -5.0913 -4.1403
Car -1 -1 -4.3502 86.4923 181.9891 194.6273 236.2607 1.4779 1.5417 3.6060 -13.6913 1.4943 21.5174 -4.9165 -4.2209
Car -1 -1 -7.1576 196.7803 175.5511 271.3918 205.0586 1.5762 1.6088 3.9179 -20.6037 1.2586 40.4597 -7.6310 -4.3343
Car -1 -1 -4.5699 185.6337 177.2605 219.8769 200.9558 1.5858 1.5895 3.7020 -27.7399 1.3021 50.0875 -5.0784 -4.3927
Car -1 -1 -8.0727 374.6373 174.9760 417.9179 201.9514 1.4702 1.5742 3.8379 -11.8112 1.1148 41.2110 -8.3551 -4.4070
Car -1 -1 -7.8531 181.2876 184.6768 266.9921 261.4846 1.5105 1.5477 3.5116 -8.5250 1.5912 16.1993 -8.3363 -4.4359
Car -1 -1 -6.2482 575.9728 156.9432 651.1614 186.0594 1.6632 1.7994 4.3067 0.7300 0.2606 42.0334 -6.2357 -4.6223
Car -1 -1 -4.6416 485.0867 176.0814 512.3179 199.1375 1.5457 1.6325 3.8251 -7.1205 1.1825 50.1263 -4.7869 -4.6493
Car -1 -1 -8.3596 554.5816 173.9303 657.6100 225.4678 1.5597 1.6667 3.9988 0.0318 1.3311 23.8916 -8.3635 -4.8425
Car -1 -1 -4.3525 22.0252 177.0133 84.9174 202.4571 1.6631 1.9092 4.7349 -37.6353 1.3699 49.4959 -5.0050 -4.8460
Car -1 -1 -3.0200 351.0261 165.8036 416.3542 190.4441 1.7105 1.7040 4.2763 -15.4153 0.6209 51.0774 -3.3165 -4.8823
Car -1 -1 -4.7612 162.0109 179.3713 195.5599 203.2267 1.5096 1.7098 3.9647 -28.0168 1.3750 47.5828 -5.2959 -5.0123
Car -1 -1 -8.0045 543.3606 173.9929 601.5179 219.1200 1.5751 1.6101 3.7718 -1.1840 1.3135 27.0806 -8.0530 -5.0357
Car -1 -1 -4.6712 39.5702 176.8064 71.9810 198.5537 1.5488 1.7537 4.4158 -40.5499 1.2145 53.4716 -5.3225 -5.0705
Car -1 -1 -2.4242 0.0000 175.9211 70.9431 197.0010 1.4690 1.7456 4.4379 -40.4980 1.0802 51.0284 -3.0974 -5.1144
Car -1 -1 -7.8234 102.7834 191.4359 198.9756 269.2849 1.5095 1.6971 4.3523 -10.4736 1.7746 16.8252 -8.3786 -5.2517
Car -1 -1 -6.4381 611.3245 151.0746 705.4657 183.0663 1.5502 1.5944 4.4752 2.7878 0.0761 35.7857 -6.3656 -5.2533
Car -1 -1 -8.5215 544.1224 173.6541 612.4303 208.7943 1.5388 1.4055 3.2871 -1.1206 1.1955 33.1623 -8.5601 -5.8076
Car -1 -1 -4.4766 0.0000 183.9958 0.0000 211.4804 1.5274 1.6534 4.0153 -41.4171 1.6824 42.4549 -5.2515 -5.8867
Car -1 -1 -4.5045 0.0000 182.8578 0.0000 208.1223 1.4947 1.6444 4.0098 -41.4067 1.5836 44.8686 -5.2519 -5.8867
Car -1 -1 -4.2550 1237.0000 112.6011 1237.0000 373.0000 1.4779 1.6113 3.8878 5.4287 1.2894 2.9332 -3.2219 -5.8867
Car -1 -1 -4.5309 0.0000 180.4354 0.0797 203.9113 1.4883 1.6479 4.0236 -41.3966 1.4209 47.6916 -5.2480 -5.8867
Car -1 -1 -4.4098 1237.0000 154.9496 1237.0000 373.0000 1.4108 1.7221 4.4358 6.4068 1.3036 4.4730 -3.4810 -5.9088
Car -1 -1 -7.6851 412.9072 168.9113 440.8448 191.5291 1.7652 1.5825 3.8634 -14.0444 0.7826 58.0465 -7.9263 -6.0173
Car -1 -1 -4.6803 298.3367 186.4788 401.1681 261.0529 1.4362 1.9540 4.4773 -5.7486 1.5685 16.5857 -5.0146 -7.9121
