Car -1 -1 -4.5218 465.3776 171.9376 554.9036 235.1041 1.5285 1.6419 4.2651 -2.3905 1.2976 19.5634 -4.6470 4.4790
Car -1 -1 -4.6225 323.9376 182.8097 408.6818 251.1724 1.4050 1.5566 3.6035 -5.4117 1.4396 16.7663 -4.9355 -0.8765
Car -1 -1 -6.4207 464.9339 176.1508 565.5569 217.6022 1.4368 1.5243 3.4446 -3.1738 1.2518 26.0828 -6.5457 -1.1398
Car -1 -1 -7.7521 677.3549 176.9346 741.6216 227.2979 1.3655 1.5694 3.4143 3.2421 1.2422 21.3232 -7.6083 -1.1818
Car -1 -1 -1.8232 323.3193 173.1296 369.1291 200.2957 1.4454 1.5870 3.4389 -14.2768 1.0002 40.0870 -2.1682 -1.6188
Car -1 -1 -7.7744 635.5515 178.6433 695.1418 228.9745 1.3551 1.4934 3.6172 1.9282 1.2787 21.2458 -7.6902 -1.9028
Car -1 -1 -4.6834 543.3293 166.9499 561.3405 185.9958 1.7169 1.5799 3.6517 -4.4949 0.4050 66.6134 -4.7553 -1.9551
Car -1 -1 -8.3868 598.2627 169.4835 675.6823 207.0181 1.5062 1.6097 3.7646 1.4410 1.0243 30.8652 -8.3456 -2.4289
Car -1 -1 -5.7790 209.9682 178.0893 341.5152 224.1109 1.5085 1.6100 3.7798 -11.0728 1.3971 24.4957 -6.2047 -3.0140
Car -1 -1 -8.0841 604.2378 163.2737 644.1063 189.5188 1.6294 1.6812 4.0806 1.4357 0.4979 46.7669 -8.0584 -3.1959
Car -1 -1 -6.2980 326.5060 171.6694 425.9773 211.0138 1.6327 1.6814 4.0251 -9.7831 1.2251 31.2425 -6.6042 -3.2621
Car -1 -1 -8.1695 660.4377 172.5996 739.3621 216.9080 1.4386 1.5872 3.9134 3.3586 1.1500 25.3940 -8.0444 -3.2826
Car -1 -1 -7.9305 508.8440 168.1674 603.6334 259.8070 1.6358 1.6255 3.2700 -1.0554 1.3984 14.5625 -8.0070 -3.3016
Car -1 -1 -7.6152 528.4164 162.4614 558.9424 181.8920 1.5542 1.6961 3.7458 -4.7179 0.0312 59.4390 -7.6989 -3.6074
Car -1 -1 -8.0000 624.2466 166.4417 667.8288 199.3368 1.5933 1.6472 3.9050 2.2206 0.8642 36.8118 -7.9451 -3.7034
Car -1 -1 -5.4700 507.4634 168.0341 559.0802 191.6950 1.5359 1.5596 3.3699 -4.5952 0.6618 48.3207 -5.5692 -3.8608
Car -1 -1 -7.6960 706.3164 172.5728 787.2054 230.4102 1.4257 1.5805 4.2365 4.1034 1.2062 19.9681 -7.5011 -4.3743
Car -1 -1 -8.0430 574.3956 169.3801 611.3048 195.9177 1.6088 1.5982 3.9942 -0.5872 0.8741 45.6652 -8.0607 -4.3783
Car -1 -1 -2.7293 287.8532 161.6880 346.3016 181.2624 1.5854 1.6354 4.1659 -23.3370 -0.0200 59.0910 -3.1087 -4.3834
Car -1 -1 -8.1991 325.6015 171.8883 386.1707 205.2470 1.4812 1.5661 3.5692 -11.5961 1.0547 33.7755 -8.5324 -4.4144
Car -1 -1 -3.4489 565.6635 171.2849 624.3448 194.7263 1.5931 1.6563 3.7739 -0.4461 0.8989 50.2007 -3.4627 -4.5244
Car -1 -1 -7.4845 369.5837 180.9382 471.9374 238.9646 1.3984 1.5303 3.3437 -4.7180 1.3854 19.0650 -7.7292 -4.6042
Car -1 -1 -7.6322 302.5800 165.1033 338.6555 188.3194 1.5969 1.6266 3.7711 -20.0299 0.4691 51.3974 -8.0069 -4.6231
Car -1 -1 -4.9189 567.1038 172.7657 607.5228 201.1932 1.5011 1.4794 3.7702 -0.8357 1.0401 39.9362 -4.9447 -4.6525
Car -1 -1 -8.1514 703.6467 181.4487 753.0482 211.1364 1.2624 1.3402 2.9630 5.6090 1.2605 32.1023 -7.9849 -4.7261
Car -1 -1 -7.6779 473.1601 175.9410 531.8608 212.3831 1.3479 1.6485 4.0258 -3.8795 1.1426 28.6111 -7.8165 -5.0421
Car -1 -1 -7.1611 248.0860 168.5556 343.2932 202.6553 1.4583 1.5564 4.4443 -13.9642 0.9050 33.0724 -7.5627 -5.4377
Car -1 -1 -6.0301 569.5529 166.0871 635.8160 194.2341 1.5829 1.5097 3.5741 0.0842 0.7163 41.5706 -6.0330 -5.5035
Car -1 -1 -8.3584 1237.0000 134.9742 1237.0000 373.0000 1.4096 1.6767 3.9339 6.2188 1.2442 4.7032 -7.4670 -5.7279
Car -1 -1 -7.7937 824.4057 176.4598 945.5632 290.9596 1.4143 1.4396 4.1082 4.3940 1.3528 11.0412 -7.4285 -5.8928
Car -1 -1 -6.9117 1120.1879 166.2657 1237.0000 283.2761 1.4720 1.6034 4.2096 10.0122 1.2810 10.1118 -6.1494 -6.0478
Car -1 -1 -7.2815 930.2963 255.1626 1237.0000 373.0000 1.5958 1.7799 3.8067 3.7995 2.0836 3.4791 -6.4952 -7.2000
