Car -1 -1 -4.5704 538.7233 178.5412 608.9568 232.3948 1.5202 1.6231 4.2534 -0.7933 1.4372 22.4760 -4.6105 5.5584
Car -1 -1 -8.0351 440.2624 182.5724 506.2568 229.2874 1.4894 1.5711 3.8482 -4.5692 1.5303 25.0740 -8.2188 -1.0437
Car -1 -1 -7.7594 448.8827 180.6010 491.0215 213.8765 1.4056 1.5320 3.7132 -5.8638 1.3680 32.2610 -7.9429 -2.7975
Car -1 -1 -5.7374 562.1490 167.6372 604.8868 183.5964 1.5286 1.5945 3.9309 -1.7252 0.2005 70.4667 -5.7666 -3.0913
Car -1 -1 -7.7300 522.1105 184.6671 598.6644 247.4974 1.4270 1.5423 3.3970 -0.9898 1.5156 18.2356 -7.7888 -3.1624
Car -1 -1 -4.9522 436.9764 182.8365 480.5448 209.1681 1.4019 1.5121 3.8779 -8.0960 1.4812 40.5282 -5.1533 -3.1711
Car -1 -1 -7.4683 580.2512 169.8070 617.1882 188.8632 1.5980 1.7145 4.3790 -0.1632 0.6173 62.5907 -7.4757 -3.2553
Car -1 -1 -7.2212 381.8121 183.3971 455.8619 218.0568 1.3680 1.4682 3.1208 -7.6496 1.4527 30.2608 -7.4719 -3.2717
Car -1 -1 -7.5652 234.9906 184.1836 340.8468 246.7972 1.4971 1.5434 3.9779 -8.3563 1.5778 19.4178 -7.9721 -3.4692
Car -1 -1 -7.9422 888.8593 152.5020 952.9802 209.4510 1.8641 1.6804 4.2037 11.3372 0.9154 25.7724 -7.5366 -3.6030
Car -1 -1 -6.7958 428.5356 181.0215 523.1352 218.2944 1.4411 1.5624 3.5140 -5.1419 1.4229 29.4928 -6.9721 -3.6379
Car -1 -1 -6.4526 645.8921 172.9204 691.6982 190.4708 1.6184 1.6714 4.0380 6.3196 0.8269 67.2371 -6.3641 -3.7498
Car -1 -1 -4.5135 600.2328 170.1837 623.3036 186.2040 1.5355 1.6030 3.6436 1.0855 0.4505 70.8006 -4.5031 -4.0686
Car -1 -1 -7.8697 287.8159 151.5253 316.9645 179.4860 1.6159 1.5687 3.2574 -18.1659 -0.1272 43.5826 -8.2672 -4.2198
Car -1 -1 -7.4309 489.0964 180.6402 579.8804 226.5943 1.4623 1.6112 4.1261 -2.2550 1.4354 25.0705 -7.5250 -4.3026
Car -1 -1 -4.7773 577.8107 176.1803 604.1893 197.8696 1.4847 1.6375 3.2806 -0.7557 1.1205 50.8748 -4.7971 -4.4243
Car -1 -1 -7.6722 306.1534 185.5533 387.0567 237.7391 1.3618 1.5849 3.7000 -7.3706 1.4917 20.9981 -8.0112 -4.4519
Car -1 -1 -7.6407 415.8846 172.7918 463.6086 204.2336 1.4924 1.5998 3.6756 -8.0384 1.0793 35.9421 -7.8642 -4.4597
Car -1 -1 -8.0618 676.8162 169.3583 717.5605 197.9258 1.7709 1.7532 4.2644 6.1764 1.0183 46.7259 -7.9361 -4.8169
Car -1 -1 -7.8538 636.9816 172.8105 654.6244 191.1778 1.6938 1.6249 3.7682 4.2358 0.8922 68.1706 -7.7969 -4.8356
Car -1 -1 -7.9529 701.2998 183.4011 772.5248 244.6648 1.5273 1.5223 3.8071 3.6389 1.5858 19.9825 -7.7804 -4.8650
Car -1 -1 -2.4779 513.7687 175.7292 597.0704 211.2088 1.5943 1.5899 3.7406 -2.2120 1.3353 33.9845 -2.5475 -4.8688
Car -1 -1 -6.1771 241.4344 152.6075 309.3118 178.2123 1.5343 1.6391 3.7034 -20.2480 -0.2110 44.7565 -6.6044 -5.0920
Car -1 -1 -8.5992 695.2099 169.9952 888.2051 275.4922 1.5806 1.5940 3.0044 3.1332 1.4088 12.4623 -8.3633 -5.2405
Car -1 -1 -4.9051 595.3248 173.3868 629.7264 197.4084 1.5109 1.5285 3.8381 0.6938 1.0007 47.2090 -4.8955 -5.2904
Car -1 -1 -4.4722 709.7450 180.0862 762.4708 208.7282 1.3516 1.6807 4.2012 6.8275 1.2852 36.1590 -4.2919 -5.3816
Car -1 -1 -8.1691 450.2231 181.8962 515.9543 222.6266 1.4492 1.4812 3.3814 -4.5946 1.4657 27.4350 -8.3387 -5.3928
Car -1 -1 -5.0624 470.8458 171.7746 514.9211 198.2446 1.6182 1.6538 3.5354 -6.9607 1.0237 45.8608 -5.2172 -5.5843
Car -1 -1 -4.4134 612.7200 176.0884 653.4255 198.8055 1.3709 1.5090 3.8992 2.0505 1.0444 45.4395 -4.3735 -5.6785
Car -1 -1 -7.7871 817.8722 179.1813 886.2904 238.8364 1.4026 1.5001 3.0286 6.4996 1.3487 18.5760 -7.4601 -5.7454
Car -1 -1 -7.5933 544.9028 180.8524 596.2104 210.7774 1.4811 1.8043 3.6929 -1.5638 1.4493 37.5489 -7.6398 -6.0703
Car -1 -1 -2.0494 0.0000 149.4362 18.9327 373.0000 1.7653 1.6364 3.2274 -7.1737 1.5421 6.2106 -2.8916 -6.1477
Car -1 -1 -4.7421 674.5596 172.3234 705.1146 203.1599 1.7877 1.6918 4.1596 5.3451 1.2558 43.7887 -4.6264 -6.7805
Car -1 -1 -6.4769 554.1328 170.9372 606.8788 204.1050 1.8539 1.5128 2.7786 -1.2179 1.2636 41.2018 -6.5114 -6.8724
Car -1 -1 -8.4108 652.9190 170.8246 716.5815 206.0106 1.8718 1.6736 3.9944 4.6162 1.3041 40.3762 -8.3028 -7.0016
