Car -1 -1 -4.5046 477.7953 172.1948 563.2560 233.9527 1.5318 1.5667 3.9812 -2.1580 1.3015 19.8730 -4.6166 3.7756
Car -1 -1 -7.7547 659.8320 171.9754 704.0834 210.1802 1.5149 1.5386 3.5244 3.4345 1.1376 30.3663 -7.6481 -1.5454
Car -1 -1 -6.7290 332.0323 168.3172 411.0534 195.7562 1.4805 1.6475 3.9430 -12.9903 0.7694 40.7120 -7.0409 -2.1782
Car -1 -1 -3.5212 452.8071 170.0403 623.1730 263.5098 1.6268 1.5932 2.8895 -1.2726 1.4280 13.8717 -3.6165 -2.2136
Car -1 -1 -8.0686 357.8035 177.1215 442.1284 230.6221 1.4887 1.6317 4.1595 -6.3423 1.3673 22.2057 -8.3490 -2.5132
Car -1 -1 -7.9584 603.5800 175.3948 652.9534 214.7883 1.4118 1.4938 3.6072 0.9492 1.1934 27.5988 -7.9295 -2.6212
Car -1 -1 -7.8035 482.0038 178.5945 525.7786 215.1382 1.3937 1.5945 4.0142 -3.9572 1.2833 29.4656 -7.9410 -2.7339
Car -1 -1 -4.6591 336.5683 160.2592 358.7734 178.2161 1.5065 1.6491 3.9422 -22.2523 -0.2988 63.1681 -5.0012 -3.0547
Car -1 -1 -3.2730 599.1691 167.8316 671.9731 196.2169 1.7641 1.7499 4.4282 2.1429 0.9147 45.7146 -3.2314 -3.5177
Car -1 -1 -2.4519 247.3158 178.6277 360.1396 217.2063 1.4472 1.6589 3.9550 -11.7386 1.3398 28.3154 -2.8468 -3.7576
Car -1 -1 -6.6785 546.8497 168.3617 593.9877 184.4592 1.4577 1.6757 4.0374 -2.8401 0.2677 66.6702 -6.7257 -3.8209
Car -1 -1 -7.7184 735.4116 169.5405 781.8439 204.6074 1.3949 1.4861 3.5203 6.6982 0.9195 30.4822 -7.5089 -3.8869
Car -1 -1 -8.2198 870.1506 147.3976 975.9242 208.6420 1.8319 1.7154 4.2419 10.3977 0.8123 23.6400 -7.8145 -3.9163
Car -1 -1 -7.4507 422.1599 176.6541 518.8923 228.2075 1.4696 1.6097 3.8416 -4.0207 1.3320 22.5289 -7.6305 -3.9320
Car -1 -1 -7.8823 362.1368 166.6402 397.6545 196.8794 1.5364 1.6935 4.0111 -11.9713 0.7816 38.6683 -8.1855 -4.0083
Car -1 -1 -7.9244 540.4636 162.7962 564.5544 181.5414 1.5081 1.7240 3.6633 -4.0714 0.0032 59.7271 -7.9969 -4.0757
Car -1 -1 -4.8193 473.3940 173.5821 527.9008 219.8567 1.5643 1.5715 3.5497 -3.7574 1.2971 26.1989 -4.9655 -4.1087
Car -1 -1 -7.8937 880.9377 166.0670 995.5939 261.7772 1.6193 1.8069 3.9977 6.5144 1.3588 14.3440 -7.4796 -4.1462
Car -1 -1 -3.3025 561.1429 171.6555 636.1830 199.7028 1.5124 1.6456 3.9464 -0.1827 0.9817 39.8812 -3.3121 -4.2065
Car -1 -1 -6.8195 527.8345 166.5493 587.7739 189.0927 1.5205 1.6452 3.8930 -3.0221 0.5121 50.2289 -6.8841 -4.2127
Car -1 -1 -7.9009 392.2109 162.0505 424.3250 189.8406 1.5968 1.6810 3.6316 -11.6654 0.4794 43.2621 -8.1676 -4.2779
Car -1 -1 -4.9835 609.3048 165.6023 653.6400 194.4459 1.6481 1.6653 3.8394 1.7517 0.7399 43.1068 -4.9481 -4.3472
Car -1 -1 -7.5248 542.0635 162.1608 576.1014 182.5139 1.8731 1.8872 4.5636 -3.9581 0.0930 68.5597 -7.5870 -4.4033
Car -1 -1 -7.6325 615.3626 175.5342 669.9929 209.7741 1.3730 1.5655 3.7933 1.8151 1.1341 30.8425 -7.5793 -4.6181
Car -1 -1 -7.7308 124.3728 203.2932 203.8094 260.4112 1.6254 1.8059 4.2017 -14.7987 2.4375 24.4712 -8.2755 -4.6748
Car -1 -1 -4.0778 335.0243 165.3649 404.5537 194.3624 1.6379 1.7326 4.3264 -13.7478 0.7267 42.9005 -4.3911 -4.9380
Car -1 -1 -3.4672 573.2227 171.7828 630.8531 194.9241 1.6103 1.6814 3.7818 0.0487 0.9341 51.3943 -3.4712 -4.9441
Car -1 -1 -6.7951 339.1837 170.0442 433.6796 206.2053 1.5290 1.7040 3.7153 -9.6344 1.0450 32.3035 -7.0878 -5.0129
Car -1 -1 -4.6244 331.4347 167.8250 360.9515 188.6198 1.4898 1.7869 3.3846 -18.8939 0.5100 53.3254 -4.9682 -5.2416
Car -1 -1 -3.3189 259.5330 171.3739 361.6172 208.4818 1.4722 1.5507 3.7573 -12.2046 1.0708 30.1583 -3.7055 -5.2680
Car -1 -1 -4.9651 349.3414 163.3210 387.3036 184.9483 1.5711 1.7865 3.9427 -17.6438 0.2504 54.3262 -5.2824 -5.6120
Car -1 -1 -7.8912 716.8031 176.6090 752.0974 211.9887 1.4459 1.3494 3.2235 5.6906 1.2463 31.0458 -7.7165 -5.8834
Car -1 -1 -4.2386 1237.0000 112.7958 1237.0000 373.0000 1.4787 1.6057 3.8838 5.4314 1.2870 2.9389 -3.2060 -5.8867
Car -1 -1 -9.1922 0.0000 0.0000 1237.0000 373.0000 1.5226 1.5847 3.7985 3.9170 1.4851 1.0041 -7.9398 -5.8867
Car -1 -1 -6.9727 0.0000 0.0000 1237.0000 373.0000 1.4791 1.5934 3.8396 -2.0835 1.5021 1.4088 -7.8745 -5.8867
Car -1 -1 -7.8727 716.8224 172.9076 805.2274 253.1299 1.5624 1.7001 4.2754 3.4823 1.3957 16.2474 -7.6703 -5.9104
Car -1 -1 -7.0414 1126.3680 170.2390 1237.0000 273.2942 1.3933 1.5108 3.8810 10.1024 1.2417 10.4844 -6.2922 -5.9841
Car -1 -1 -7.3796 1237.0000 163.0777 1237.0000 373.0000 1.4164 1.5978 4.2656 6.9727 1.3315 4.3893 -6.4026 -6.0628
Car -1 -1 -4.6646 583.0994 163.1736 603.1909 182.1808 1.7517 1.7403 3.9878 -0.7225 0.0624 68.2223 -4.6800 -6.1876
Car -1 -1 -7.7206 504.0741 175.7548 569.7094 223.3254 1.4434 1.6814 3.7942 -2.0742 1.2695 23.7260 -7.8120 -6.2445
Car -1 -1 -6.5495 1128.5935 152.5999 1237.0000 255.3134 1.7137 1.7169 4.5513 13.0360 1.2322 13.7913 -5.8069 -6.2658
Car -1 -1 -8.4844 661.8696 170.4199 777.6996 215.7531 1.4394 1.6181 4.5142 3.9925 1.0880 25.1834 -8.3338 -6.2894
Car -1 -1 -3.2151 599.9872 171.4153 684.8190 205.5064 1.6635 1.6916 4.1130 1.9933 1.1716 35.9449 -3.1651 -6.2894
Car -1 -1 -7.9073 886.4232 174.9824 1011.6232 292.6490 1.4365 1.3706 3.7972 4.9978 1.3576 10.7877 -7.4881 -6.3410
Car -1 -1 -2.3928 0.0000 166.7098 103.8427 287.3499 1.7454 1.6789 4.5070 -10.6697 1.5321 11.2419 -3.1459 -7.1366
