Car -1 -1 -4.4914 336.4251 181.6905 463.2823 267.1497 1.5405 1.6669 4.1704 -4.0839 1.5456 15.0778 -4.7571 3.1413
Car -1 -1 -6.5743 123.6813 170.1831 207.5249 199.3189 1.6314 1.6915 3.8944 -25.5734 0.9979 42.2339 -7.1209 -0.3897
Car -1 -1 -6.1811 38.0693 173.6055 141.7646 209.5876 1.5975 1.6696 3.7983 -23.7877 1.2473 33.5557 -6.7991 -1.9227
Car -1 -1 -6.6772 97.3934 193.2392 217.3266 234.4540 1.4946 1.5740 3.8423 -17.9903 2.0054 29.2183 -7.2304 -2.0509
Car -1 -1 -2.0085 105.7213 174.3372 151.8202 195.5096 1.6376 1.6328 3.7308 -37.6436 1.0834 57.2282 -2.5931 -2.4684
Car -1 -1 -7.5118 451.1949 172.8689 487.5197 192.8318 1.4571 1.6061 3.5829 -9.9299 0.8270 54.3252 -7.6967 -2.5246
Car -1 -1 -4.9125 543.8232 172.2001 593.8981 209.3717 1.6051 1.6151 3.4340 -1.5562 1.2039 32.8832 -4.9645 -2.5739
Car -1 -1 -1.9661 206.9027 185.7200 328.1126 245.5424 1.4526 1.6128 3.8922 -9.2113 1.5794 19.6144 -2.4053 -2.9205
Car -1 -1 -4.3627 450.7117 174.3012 494.3843 197.7640 1.4961 1.6074 4.0020 -8.5331 1.0371 47.9129 -4.5430 -3.1306
Car -1 -1 -5.3575 106.0214 185.9349 224.9015 229.0782 1.5250 1.6416 4.2241 -16.5628 1.7031 27.2506 -5.9045 -3.2020
Car -1 -1 -6.1414 2.0345 170.9543 160.0749 231.0763 1.8179 1.7644 3.9614 -16.8056 1.4995 23.4179 -6.7637 -3.3545
Car -1 -1 -3.2795 181.9406 174.1374 287.9900 208.4722 1.5556 1.7301 4.3401 -17.5722 1.2223 34.4987 -3.7525 -3.3678
Car -1 -1 -4.1139 100.5708 174.8264 160.1879 197.3141 1.5372 1.7023 3.8017 -33.3653 1.0810 51.0185 -4.6956 -3.3729
Car -1 -1 -7.8270 559.2848 170.2858 579.6885 189.0555 1.5085 1.6107 3.7796 -2.6005 0.6071 59.6386 -7.8752 -3.3877
Car -1 -1 -3.2252 468.1772 175.4992 526.4155 198.3775 1.5809 1.6506 3.9528 -7.3801 1.1662 50.8934 -3.3734 -3.4141
Car -1 -1 -5.0291 133.1947 176.0165 177.8894 197.0204 1.5271 1.6513 4.1221 -33.6376 1.1284 54.1831 -5.5875 -3.4194
Car -1 -1 -4.5655 243.4969 180.8657 274.6736 202.3623 1.4395 1.5000 3.2970 -23.7319 1.3971 49.8997 -5.0124 -3.6518
Car -1 -1 -8.0133 560.9075 163.1516 594.0261 188.9298 1.7564 1.6902 4.1771 -1.7378 0.5062 51.1579 -8.0519 -3.7810
Car -1 -1 -6.1569 200.8661 179.0311 338.3043 222.4472 1.4722 1.6611 4.3067 -11.8036 1.3889 25.7953 -6.5873 -4.0688
Car -1 -1 -8.3315 413.7748 177.6237 464.7642 200.0033 1.3816 1.5700 3.9167 -10.4925 1.1424 46.3477 -8.5579 -4.1774
Car -1 -1 -7.4900 33.9589 190.3719 174.5221 260.2001 1.4461 1.6011 3.5611 -11.8099 1.6837 17.2806 -8.0878 -4.2474
Car -1 -1 -7.9255 604.0359 177.3061 664.5431 230.6563 1.4914 1.5482 3.6049 0.8974 1.3746 21.9104 -7.8903 -4.3839
Car -1 -1 -2.4808 400.5283 179.1101 486.7834 209.9939 1.4148 1.5948 3.8725 -7.5858 1.3056 34.4543 -2.7010 -4.5784
Car -1 -1 -1.8324 51.3973 180.7826 140.8257 233.1562 1.8533 1.6870 4.4816 -19.4160 1.8283 27.5000 -2.4479 -4.7155
Car -1 -1 -4.7642 173.5586 190.8777 241.6396 244.0725 1.3508 1.5329 3.7892 -11.5820 1.6512 20.9636 -5.2690 -4.7886
Car -1 -1 -6.8387 185.1301 172.2942 483.1814 324.0887 1.6096 1.6048 3.3077 -3.3851 1.5126 9.4103 -7.1811 -4.8065
Car -1 -1 -3.1368 573.1174 179.2310 676.6383 219.2434 1.4892 1.6084 3.8593 0.8721 1.4051 27.5988 -3.1107 -4.8121
Car -1 -1 -6.7100 409.0493 172.9540 520.9290 220.7356 1.6555 1.5986 3.7503 -5.0469 1.3598 26.6261 -6.9007 -4.9289
Car -1 -1 -2.2466 53.8364 175.7823 124.1117 199.4881 1.8262 2.0568 4.6791 -40.5955 1.3856 56.9583 -2.8686 -4.9891
Car -1 -1 -7.9550 349.5782 187.0488 468.7453 296.0963 1.4801 1.4985 3.7372 -3.3691 1.5886 11.9672 -8.2295 -5.1079
Car -1 -1 -4.6477 231.3353 170.3170 265.0788 194.3283 1.4997 1.7360 4.1068 -23.0992 0.8013 47.0951 -5.1064 -5.1907
Car -1 -1 -4.5911 85.5799 176.8292 119.5128 197.1940 1.6113 1.7975 4.3401 -41.0167 1.2416 59.1731 -5.2001 -5.5201
Car -1 -1 -3.6102 900.9774 183.5950 1046.2781 237.3299 1.3748 1.4408 3.1290 9.8239 1.4333 19.1648 -3.1473 -5.6620
Car -1 -1 -6.8226 0.0000 0.0000 1237.0000 373.0000 1.4944 1.5984 3.8438 -2.8873 1.5661 1.4111 -7.8744 -5.8867
Car -1 -1 -4.5902 29.5054 179.7845 65.2417 200.5347 1.4897 1.6495 4.0253 -41.3681 1.3665 53.7238 -5.2489 -5.8867
Car -1 -1 -4.2529 1237.0000 102.7260 1237.0000 373.0000 1.4703 1.6061 3.8871 5.4304 1.2536 2.9367 -3.2201 -5.8867
Car -1 -1 -7.5642 302.3154 186.2372 417.9915 250.0366 1.4697 1.7546 4.2227 -6.2444 1.6096 19.0007 -7.8831 -6.0258
Car -1 -1 -2.9046 551.4522 167.4878 620.1566 197.3870 1.7667 1.6514 3.9004 -0.9293 0.9388 43.6601 -2.9307 -6.1013
Car -1 -1 -7.6578 1237.0000 153.5620 1237.0000 373.0000 1.3998 1.5564 4.1648 7.2429 1.2759 4.7590 -6.6986 -6.1461
Car -1 -1 -7.6068 256.8611 166.1991 311.3387 199.7531 1.6376 1.6047 4.2453 -16.3946 0.8911 37.2855 -8.0234 -6.1679
