Car -1 -1 -4.5725 523.7589 172.5504 598.9300 229.1530 1.5192 1.6912 4.0891 -1.1215 1.2795 21.3870 -4.6294 5.8680
Car -1 -1 -7.8447 430.6201 164.1109 461.9144 193.7079 1.5908 1.6518 4.0135 -8.7905 0.6563 40.7432 -8.0608 -0.7641
Car -1 -1 -7.8027 663.0557 169.8100 710.2066 217.1839 1.6078 1.5539 3.5743 3.1456 1.2115 26.2691 -7.6898 -1.2747
Car -1 -1 -8.0606 411.2079 177.8813 485.5822 227.7005 1.5123 1.5864 4.1319 -5.2238 1.4029 24.0143 -8.2778 -2.0941
Car -1 -1 -4.0476 560.0182 169.9061 608.6876 192.4565 1.5631 1.5970 3.6602 -1.1832 0.7595 51.7389 -4.0753 -2.1141
Car -1 -1 -7.7957 664.8923 175.3291 705.7079 209.7201 1.4201 1.5888 3.9367 3.7408 1.1656 31.7370 -7.6844 -2.2344
Car -1 -1 -6.2712 446.1083 176.4453 543.8651 216.3593 1.4684 1.5617 3.5918 -4.0673 1.2828 27.4488 -6.4221 -2.4012
Car -1 -1 -7.7462 523.1985 177.9759 570.9308 213.4005 1.4147 1.6161 4.2010 -2.2801 1.2743 30.8102 -7.8245 -2.4421
Car -1 -1 -5.0981 635.3395 173.0735 669.7963 192.5120 1.4647 1.5612 3.2196 3.9678 0.8297 55.9001 -5.0325 -2.9642
Car -1 -1 -7.9881 571.1403 165.7737 596.6567 183.9072 1.4982 1.6933 3.5641 -1.4967 0.1987 61.2441 -8.0172 -3.1618
Car -1 -1 -4.7606 431.0722 172.9151 466.5429 204.7165 1.5559 1.5806 4.1641 -7.9903 1.1361 37.3605 -4.9749 -3.2883
Car -1 -1 -4.6833 658.5315 180.4975 718.9391 242.8903 1.4699 1.4212 3.7476 2.2947 1.4468 18.8789 -4.5693 -3.7409
Car -1 -1 -7.8613 802.0822 176.9118 912.2615 277.6866 1.5608 1.6443 3.6638 4.5543 1.4904 13.1220 -7.5389 -4.0655
Car -1 -1 -8.2564 729.1647 172.1523 816.4208 218.8044 1.5623 1.5763 4.0916 6.1148 1.2497 26.2094 -8.0346 -4.1380
Car -1 -1 -7.7218 395.7126 175.5924 438.8891 209.2833 1.5099 1.5439 3.5101 -8.6797 1.2454 34.0275 -7.9748 -4.2094
Car -1 -1 -7.6630 430.5481 174.1567 483.0339 209.7369 1.4473 1.5544 3.7586 -6.2115 1.1490 31.1073 -7.8635 -4.2655
Car -1 -1 -4.0546 0.0000 191.9136 100.7617 373.0000 1.5523 1.5099 2.9430 -2.6430 1.6007 1.6544 -5.0047 -4.3569
Car -1 -1 -4.4393 654.6701 173.1296 689.6353 193.4751 1.5124 1.7317 3.8572 5.5199 0.8901 55.5101 -4.3456 -4.4171
Car -1 -1 -3.4783 710.3342 162.2119 777.5550 186.8347 1.6188 1.6633 4.1170 9.5762 0.3508 48.3502 -3.2886 -4.4326
Car -1 -1 -4.7119 0.0000 192.8113 661.8685 373.0000 1.4852 1.5232 3.0616 -1.3402 1.5492 2.3075 -5.2006 -4.4616
Car -1 -1 -7.5969 474.3575 178.0930 546.3876 223.1326 1.4264 1.5832 3.6689 -3.0675 1.3189 24.6710 -7.7245 -4.7597
Car -1 -1 -7.7715 676.2356 170.9024 775.8751 272.4070 1.5788 1.5299 2.9581 2.2628 1.4146 12.7950 -7.6054 -4.7823
Car -1 -1 -4.6044 653.9800 170.9379 680.2786 192.4966 1.5193 1.5525 3.6524 4.8520 0.7750 52.5662 -4.5178 -4.7929
Car -1 -1 -7.6132 429.9714 167.0798 465.6174 189.6741 1.4768 1.6435 3.2472 -10.3454 0.5343 48.5960 -7.8267 -4.8965
Car -1 -1 -7.7749 660.7042 165.7945 696.1813 199.0510 1.7554 1.6746 4.0796 4.3382 0.9266 40.0734 -7.6728 -5.0008
Car -1 -1 -8.1760 400.8356 164.6098 445.5062 191.4123 1.7361 1.6643 4.2533 -12.1353 0.6421 48.7690 -8.4235 -5.1946
Car -1 -1 -4.9133 524.6166 179.7535 586.3563 222.6031 1.4785 1.5786 3.5880 -1.7977 1.4186 26.7254 -4.9850 -5.4297
Car -1 -1 -6.5127 721.9771 174.2633 860.6881 224.6216 1.4847 1.5510 3.8423 5.7041 1.2718 21.9852 -6.2669 -5.5065
Car -1 -1 -4.0758 537.4050 171.0836 602.6951 197.8525 1.5643 1.6920 4.5020 -1.8701 0.9557 44.3177 -4.1227 -5.5253
Car -1 -1 -4.7962 456.5099 164.2967 491.7366 191.1395 1.5618 1.7639 4.1043 -7.8400 0.5610 44.0057 -4.9763 -5.5580
Car -1 -1 -2.1788 0.0000 177.7043 21.0808 373.0000 1.4206 1.5728 4.0329 -6.3161 1.4021 4.5044 -3.1086 -5.6588
Car -1 -1 -8.0831 941.3202 167.2561 1026.6263 215.9349 1.3627 1.5583 3.2042 11.5031 0.9644 21.8517 -7.6086 -5.7325
Car -1 -1 -8.2178 650.2133 166.0402 705.0260 194.8454 1.7720 1.9146 4.8541 4.8881 0.8211 46.7836 -8.1192 -5.7724
Car -1 -1 -6.6272 0.0000 0.0000 1237.0000 373.0000 1.7927 1.7613 3.7231 -4.0491 1.5015 1.7827 -7.7360 -5.8789
Car -1 -1 -8.3624 674.0167 168.3081 722.9888 196.8601 1.6076 1.4999 3.1275 5.6586 0.8650 42.1754 -8.2348 -6.6927
