Car -1 -1 -4.5381 444.1659 171.7250 536.0602 236.2533 1.5158 1.6981 4.1951 -2.8444 1.2868 18.9905 -4.6900 5.8112
Car -1 -1 -8.1169 431.8499 181.3633 501.3802 224.2370 1.3880 1.5143 3.4930 -4.8066 1.3840 25.1562 -8.3090 -1.8620
Car -1 -1 -2.2731 311.0908 169.2930 394.0779 199.7280 1.4992 1.6679 4.3010 -12.9144 0.8982 37.1946 -2.6101 -2.0216
Car -1 -1 -7.6956 656.4954 172.5589 718.7308 218.2215 1.4326 1.5795 3.5913 2.9761 1.1526 24.4793 -7.5811 -2.5176
Car -1 -1 -7.6004 539.4152 167.8539 668.7653 267.4031 1.5555 1.5990 3.1348 0.1229 1.3429 12.9433 -7.5966 -2.6241
Car -1 -1 -3.9911 292.7725 182.8121 392.5569 222.2346 1.4197 1.6208 3.7086 -10.0177 1.4749 28.0254 -4.3366 -3.0661
Car -1 -1 -2.0397 265.1994 161.1560 331.9269 191.3563 1.5488 1.6911 3.9811 -16.3804 0.5057 38.7671 -2.4419 -3.1455
Car -1 -1 -5.0491 536.4106 177.7048 580.7109 203.8891 1.5359 1.5649 3.6913 -2.6752 1.3134 44.1405 -5.1143 -3.1791
Car -1 -1 -7.9192 530.8180 172.4729 578.5457 212.5307 1.5065 1.6318 4.1640 -1.9840 1.1673 29.1888 -7.9916 -3.5739
Car -1 -1 -7.9508 347.2768 161.9603 378.9839 187.3477 1.7449 1.7525 4.1344 -17.1443 0.4019 51.6170 -8.2747 -3.7188
Car -1 -1 -8.1176 299.9019 167.7667 351.3596 198.5186 1.6046 1.6491 3.9868 -15.2396 0.8882 39.5761 -8.4879 -3.7274
Car -1 -1 -7.9881 294.0717 180.5114 381.8258 246.6258 1.4984 1.5862 3.7644 -6.8312 1.4765 18.3136 -8.3458 -3.8361
Car -1 -1 -2.4134 275.3828 162.1242 330.2028 183.3277 1.6790 1.7174 3.9723 -24.2250 0.1446 58.3398 -2.8102 -3.8615
Car -1 -1 -3.1909 512.3336 170.6199 594.9513 204.8338 1.5643 1.7082 3.8019 -2.3046 1.0671 33.9210 -3.2633 -3.9107
Car -1 -1 -4.9448 546.9407 176.1258 582.6064 200.3729 1.6074 1.5914 3.8774 -2.5669 1.2512 49.7058 -5.0012 -4.0125
Car -1 -1 -6.4456 635.4748 165.3739 695.5446 188.6577 1.5952 1.6923 3.9531 4.4615 0.4904 50.2147 -6.3624 -4.0406
Car -1 -1 -4.5901 286.0017 164.8626 334.0536 199.6708 1.6060 1.7117 4.1112 -14.2773 0.8386 35.3504 -4.9763 -4.2138
Car -1 -1 -7.3287 447.1862 167.5838 533.3194 210.9626 1.5994 1.6567 3.9178 -4.3572 1.0867 28.6111 -7.4835 -4.2610
Car -1 -1 -3.4594 308.3080 173.8534 388.1818 204.3286 1.4125 1.4902 3.3645 -12.2921 1.0583 34.9123 -3.8005 -4.3404
Car -1 -1 -4.1992 304.5514 167.5928 361.2923 192.2055 1.5558 1.7534 4.0746 -17.6948 0.6768 47.5558 -4.5585 -4.3720
Car -1 -1 -8.1747 605.5316 162.0055 640.3589 182.8125 1.7732 1.8422 4.1413 1.8895 0.1116 63.4677 -8.1498 -4.3810
Car -1 -1 -8.1542 679.0187 159.7995 729.0479 195.3007 1.8139 1.6389 3.6200 5.4534 0.7054 38.6237 -8.0198 -4.4377
Car -1 -1 -7.6776 302.1801 173.2663 382.0284 224.7696 1.4987 1.7089 4.1664 -8.2456 1.2596 23.0998 -8.0220 -4.4878
Car -1 -1 -4.4900 285.9464 161.2831 329.6679 185.6127 1.4337 1.7013 3.8589 -18.0732 0.2425 44.3731 -4.8795 -4.5468
Car -1 -1 -7.3313 295.3627 177.0457 374.2676 212.4982 1.4347 1.4844 3.8469 -11.4588 1.2548 31.0902 -7.6867 -4.6907
Car -1 -1 -7.0762 483.9422 165.0730 537.6240 190.5448 1.6867 1.7328 3.4782 -6.2016 0.5990 49.4770 -7.2052 -5.0289
Car -1 -1 -4.2609 250.3657 165.8518 305.5864 189.0622 1.6298 1.8808 4.6245 -23.6620 0.5310 52.7765 -4.6854 -5.2155
Car -1 -1 -6.1355 595.7769 173.7204 667.1527 201.6928 1.4824 1.6769 3.6949 1.6593 1.0703 39.2307 -6.0985 -5.2353
Car -1 -1 -2.5611 211.3084 164.6358 320.1982 202.4795 1.6951 1.7357 4.3380 -15.5527 0.9400 33.3426 -2.9994 -5.2921
Car -1 -1 -4.7330 297.5998 161.3094 324.1688 186.3479 1.7675 1.7144 3.9918 -21.4019 0.3422 52.8814 -5.1206 -5.3344
Car -1 -1 -7.8712 580.3542 171.2654 658.5354 244.8322 1.6499 1.7539 4.5517 0.3580 1.4209 18.3889 -7.8573 -5.5421
Car -1 -1 -7.8628 15.8673 183.8898 223.5921 366.2509 1.4712 1.5049 3.4873 -5.1599 1.5037 7.7116 -8.4429 -5.6150
Car -1 -1 -8.1391 582.9890 171.4849 638.6881 202.2813 1.4885 1.6927 4.3193 0.4052 1.0047 37.0287 -8.1332 -5.6447
Car -1 -1 -6.0260 457.7713 178.6348 574.1367 223.0987 1.5555 1.7807 3.9062 -3.1004 1.4556 26.2754 -6.1476 -5.6583
Car -1 -1 -3.4405 440.1251 176.6396 530.0750 209.5178 1.4123 1.6328 3.6873 -5.2577 1.2038 32.4102 -3.6051 -5.7720
Car -1 -1 -5.7998 1237.0000 54.6982 1237.0000 373.0000 1.4433 1.5777 4.0008 6.6194 1.2772 2.9643 -4.6881 -5.8196
Car -1 -1 -6.8839 1155.8723 165.0761 1237.0000 292.8896 1.4408 1.5179 3.7732 9.6089 1.2564 9.1948 -6.0959 -5.8602
Car -1 -1 -5.5151 0.0000 0.0000 1193.0233 373.0000 1.4973 1.6049 3.9578 2.1601 1.4873 1.7344 -4.6977 -5.8867
Car -1 -1 -9.0789 0.0000 0.0000 1237.0000 373.0000 1.4602 1.5873 3.8332 4.3477 1.3664 1.3780 -7.8745 -5.8867
Car -1 -1 -6.8334 0.0000 0.0000 1237.0000 373.0000 1.5504 1.5598 3.6686 -2.9361 1.5390 1.4568 -7.8807 -6.0008
Car -1 -1 -7.1164 1155.9325 160.3621 1237.0000 268.6997 1.4422 1.5786 4.2390 10.7115 1.1615 10.4648 -6.3370 -6.2268
Car -1 -1 -7.1389 972.9741 232.2125 1237.0000 373.0000 1.4771 1.7097 4.3066 4.3053 1.7794 3.4125 -6.2809 -6.7669
