Car -1 -1 -4.1204 663.6760 178.6482 774.0805 231.5880 1.4446 1.5480 3.5489 3.5323 1.3673 21.4293 -3.9642 -1.1473
Car -1 -1 -8.0826 634.1921 173.6240 660.7439 190.1940 1.4898 1.6393 3.6915 4.2680 0.7814 66.5414 -8.0237 -1.2217
Car -1 -1 -8.1871 889.7126 147.8249 1186.7477 354.4045 1.6747 1.5997 2.9819 4.1303 1.4024 7.4194 -7.6996 -1.3644
Car -1 -1 -7.4992 709.0256 171.7338 809.6221 230.4307 1.5031 1.5709 3.8692 4.5473 1.2535 20.4487 -7.2883 -1.6632
Car -1 -1 -2.6233 256.5129 176.5625 310.2764 196.8947 1.5426 1.6411 3.4367 -24.5232 1.1679 55.4861 -3.0427 -1.9258
Car -1 -1 -8.0943 458.9868 178.4805 511.6885 210.9359 1.4582 1.5763 3.9318 -5.6251 1.3228 34.3917 -8.2603 -2.2127
Car -1 -1 -4.6924 468.1319 185.5533 492.4330 209.4181 1.5075 1.5388 3.4668 -8.0299 1.7877 47.8253 -4.8629 -2.7175
Car -1 -1 -6.1343 652.1246 164.1402 698.8163 182.9916 1.7897 1.7440 4.2927 7.2197 0.1413 69.5671 -6.0361 -3.0041
Car -1 -1 -8.4592 653.1337 173.7667 713.5128 201.2293 1.6572 1.6531 4.2678 5.1425 1.1906 45.6167 -8.3526 -3.0974
Car -1 -1 -7.4631 694.4626 173.8887 740.9848 198.4859 1.4926 1.5797 3.8759 7.4359 1.0308 45.6560 -7.3076 -3.2176
Car -1 -1 -5.2793 651.7938 173.8825 704.0411 196.6004 1.6039 1.6830 4.4634 5.6088 1.0661 53.0859 -5.1796 -3.2796
Car -1 -1 -4.6336 784.5657 177.9508 824.4371 210.0883 1.4664 1.5941 3.7944 9.8777 1.3048 34.8332 -4.3644 -3.4380
Car -1 -1 -3.1920 352.9144 181.3404 481.6741 230.5330 1.4299 1.5736 3.7296 -5.7126 1.4257 22.1903 -3.4463 -3.5673
Car -1 -1 -5.0750 24.8888 206.0279 193.8844 297.3834 1.4341 1.5542 3.4224 -9.5049 1.9595 13.7569 -5.6764 -4.0335
Car -1 -1 -5.8497 281.9146 174.4544 371.2707 210.8545 1.5754 1.5747 3.3681 -12.2117 1.2707 31.9862 -6.2168 -4.0531
Car -1 -1 -4.6230 604.4621 178.5767 631.0994 199.2770 1.4735 1.6305 4.1979 1.2658 1.2654 53.3092 -4.6044 -4.1325
Car -1 -1 -5.4485 579.5491 181.1209 639.2234 204.5672 1.3982 1.5739 3.7830 0.4621 1.3757 44.7721 -5.4433 -4.1844
Car -1 -1 -4.9534 0.0000 0.0000 1237.0000 373.0000 1.5583 1.7387 4.2698 2.0431 1.4198 1.0463 -3.9594 -4.2206
Car -1 -1 -4.3609 240.9285 176.5197 298.4298 208.1695 1.5774 1.5582 3.7366 -17.3536 1.3294 37.7267 -4.7945 -4.2323
Car -1 -1 -4.7619 257.3167 182.0613 308.5394 222.2558 1.4956 1.6657 4.2587 -12.9616 1.5204 29.0661 -5.1831 -4.3476
Car -1 -1 -8.1287 430.7661 178.3222 487.2639 213.6744 1.5310 1.6288 3.5516 -6.6158 1.3936 33.0599 -8.3298 -4.3965
Car -1 -1 -4.7039 443.8829 179.0288 474.0831 208.3075 1.8692 1.8992 4.1632 -9.5163 1.7115 48.0832 -4.9034 -4.5035
Car -1 -1 -4.7482 620.0779 175.4391 659.4395 211.9160 1.5583 1.6137 3.8452 1.6728 1.2997 32.6173 -4.7025 -4.7630
Car -1 -1 -2.5157 354.9198 178.3487 482.6509 226.0602 1.5295 1.6531 4.0168 -6.2601 1.4289 24.5300 -2.7683 -4.8116
Car -1 -1 -8.1101 616.7860 174.3116 666.4319 205.2649 1.5229 1.5804 4.0538 2.0262 1.1694 37.4872 -8.0616 -4.8328
Car -1 -1 -7.7154 540.1363 178.2161 576.5555 207.2646 1.7552 1.7482 4.3282 -2.6794 1.5569 45.6274 -7.7788 -4.8440
Car -1 -1 -4.7759 672.0018 173.6887 698.1553 197.5389 1.5884 1.5554 3.4012 5.7513 1.0682 49.5760 -4.6660 -4.8551
Car -1 -1 -7.2206 52.3233 186.1718 246.4858 262.8154 1.5971 1.7844 4.2743 -10.7333 1.7253 17.4400 -7.7710 -4.8971
Car -1 -1 -8.6379 1130.1780 181.5177 1237.0000 373.0000 1.3916 1.5560 4.1069 6.8207 1.3924 6.2608 -7.8358 -4.9242
Car -1 -1 -7.5957 319.9103 0.0000 1237.0000 373.0000 1.5534 1.4985 3.7348 0.3127 1.6165 1.3449 -7.4150 -5.1287
Car -1 -1 -4.6588 684.5852 175.0658 721.1195 203.4638 1.3823 1.6777 4.1277 5.2848 1.0694 37.1513 -4.5235 -5.2714
Car -1 -1 -3.8818 460.4236 166.9761 514.6462 190.7708 1.7348 1.6229 4.0264 -8.5763 0.6758 54.4532 -4.0421 -5.3299
Car -1 -1 -4.8570 588.3435 179.8717 629.8977 207.6158 1.4629 1.6707 4.4213 0.3666 1.3773 40.1836 -4.8531 -5.3772
Car -1 -1 -5.1299 624.5671 176.5206 676.9197 204.3623 1.4625 1.5867 3.4792 2.6675 1.2011 39.6409 -5.0682 -5.5188
Car -1 -1 -2.6976 67.9441 144.4888 163.7641 176.9004 1.5437 1.6566 3.5725 -24.0082 -0.2348 35.6083 -3.2920 -5.5588
Car -1 -1 -4.2232 559.0055 179.8105 606.3989 200.3972 1.4601 1.7157 4.2837 -1.3222 1.3402 53.2477 -4.2530 -5.5713
Car -1 -1 -7.9630 578.3404 175.2601 622.3940 211.5231 1.5300 1.5818 3.3814 -0.1116 1.2670 32.0790 -7.9715 -5.6772
Car -1 -1 -5.3670 0.0000 145.6783 96.6761 179.8680 1.6220 1.8609 3.8590 -27.4174 -0.0839 35.6059 -6.0243 -5.8439
Car -1 -1 -5.0266 418.2799 183.3235 461.6814 206.6876 1.4462 1.5935 3.9836 -10.5768 1.5707 46.9115 -5.2523 -6.1760
Car -1 -1 -6.7807 1023.8565 176.8254 1237.0000 289.3965 1.5078 1.4272 3.1006 8.1354 1.4458 10.5475 -6.1410 -6.4583
