Car -1 -1 -1.7182 5.3747 205.5429 139.1616 291.8158 1.3983 1.6234 4.0908 -11.0167 1.9615 14.7897 -2.3555 1.3913
Car -1 -1 -7.8126 605.6298 177.6055 626.5303 196.6802 1.6287 1.7177 3.2631 1.3374 1.2959 63.0121 -7.7965 1.3634
Car -1 -1 -8.2849 648.1814 183.0375 721.0939 217.3329 1.3935 1.5828 4.1004 3.5559 1.4661 31.5787 -8.1789 1.3573
Car -1 -1 -3.1318 0.0000 173.7599 90.6910 226.9080 1.6901 1.6561 3.5717 -19.7527 1.4444 24.5978 -3.8083 0.9407
Car -1 -1 -4.4102 564.1232 181.6911 603.8516 205.0999 1.4359 1.5452 3.6551 -1.0708 1.4487 46.0617 -4.4383 -0.4640
Car -1 -1 -2.2598 362.9587 180.0193 407.5279 196.8942 1.4998 1.6473 4.1227 -19.7440 1.3679 65.6681 -2.5557 -0.6100
Car -1 -1 -7.3553 3.7049 182.7221 85.6035 215.3963 1.4469 1.5502 3.5315 -26.1170 1.5079 33.8159 -8.0142 -1.5666
Car -1 -1 -3.7413 4.4551 177.6337 84.3247 204.0523 1.4702 1.6320 3.3389 -32.3514 1.2552 41.8134 -4.4018 -1.6573
Car -1 -1 -4.9713 519.7193 170.7132 555.8160 193.9204 1.6095 1.6337 3.9021 -4.6281 0.8614 51.9318 -5.0647 -1.6856
Car -1 -1 -4.6796 242.6192 178.2479 276.3005 207.3896 1.5694 1.6090 4.1291 -19.4213 1.3944 40.8994 -5.1254 -1.7596
Car -1 -1 -6.0582 704.7772 174.6401 774.8566 202.7072 1.5380 1.6603 3.6397 7.8685 1.1623 40.8486 -5.8741 -2.1040
Car -1 -1 -1.7671 0.0000 183.3100 27.2970 238.5906 1.5694 1.6506 4.0890 -19.5960 1.6311 22.4184 -2.4848 -2.4551
Car -1 -1 -6.5656 0.0000 199.7854 76.4466 329.0462 1.4457 1.6167 3.7838 -10.3794 1.7695 10.6545 -7.3312 -2.5379
Car -1 -1 -4.9928 681.2448 182.7715 740.8315 215.1674 1.3721 1.5817 4.0669 4.8979 1.4340 32.7127 -4.8505 -2.6204
Car -1 -1 -7.2760 29.8985 181.1082 113.8234 213.8713 1.4469 1.5814 3.3366 -24.5621 1.4299 33.4345 -7.9109 -2.7604
Car -1 -1 -1.8968 0.0000 209.2120 62.6677 302.8907 1.3718 1.5698 3.8110 -11.7203 1.9409 13.1089 -2.6220 -3.3066
Car -1 -1 -2.7623 481.1832 174.5941 538.4096 194.7070 1.5500 1.6728 4.1561 -7.1982 1.0177 56.6800 -2.8929 -3.3313
Car -1 -1 -7.4777 391.5974 178.5124 427.7620 196.5350 1.6182 1.7294 4.5129 -17.7522 1.3497 66.8363 -7.7413 -3.3411
Car -1 -1 -7.4730 61.0852 173.0043 112.2824 195.4572 1.4555 1.5772 3.6448 -34.6934 0.9048 48.5241 -8.0960 -3.4814
Car -1 -1 -4.2340 233.4633 183.5224 291.3344 209.1024 1.4825 1.6052 3.8715 -20.6422 1.6117 43.9027 -4.6763 -3.8238
Car -1 -1 -3.4673 685.1505 182.5378 835.3179 246.0933 1.5277 1.5668 3.4027 3.9464 1.5560 18.2818 -3.2630 -3.8311
Car -1 -1 -4.5301 55.1338 172.8311 96.2507 195.2661 1.6102 1.7690 4.1803 -39.3114 0.9880 53.8232 -5.1635 -4.1201
Car -1 -1 -6.9124 10.8231 204.2212 189.6527 268.8412 1.4243 1.6166 3.6817 -13.2803 2.0970 19.2471 -7.5155 -4.4167
Car -1 -1 -5.0863 514.3408 183.1874 561.0670 207.2425 1.3710 1.5263 3.7236 -3.8768 1.4773 43.2253 -5.1803 -4.5906
Car -1 -1 -3.1561 237.3694 189.0260 436.9908 256.4288 1.4708 1.6796 4.3856 -6.4108 1.6720 17.5905 -3.5063 -4.7053
Car -1 -1 -2.0298 0.0000 171.6922 42.5139 195.7914 1.5812 1.8371 4.2468 -40.2826 0.9377 48.8371 -2.7218 -5.1784
Car -1 -1 -7.6373 389.9773 180.9250 481.7232 239.7799 1.4751 1.6481 4.1219 -4.5273 1.4612 20.0710 -7.8617 -5.4207
Car -1 -1 -8.1652 719.2861 161.9009 754.7269 187.0501 1.8715 1.6878 3.4335 10.4102 0.4129 55.2690 -7.9848 -5.8633
Car -1 -1 -4.5291 335.0929 165.8811 379.5473 200.0517 1.7599 1.5641 4.2298 -13.2588 0.9557 39.2020 -4.8582 -6.0778
Car -1 -1 -8.5123 525.7208 182.4188 577.2120 206.5432 1.4469 1.5692 3.2062 -3.1457 1.5066 44.9277 -8.5868 -6.1827
