Car -1 -1 -3.6937 0.0000 0.0000 1237.0000 373.0000 1.5278 1.5818 3.3549 -2.5713 1.7079 1.4624 -4.6807 1.6896
Car -1 -1 -4.5395 620.7244 175.6422 646.5220 195.0215 1.7016 1.6964 4.0051 2.9869 1.1870 65.2100 -4.4989 0.2023
Car -1 -1 -8.2058 665.2460 182.2193 729.0082 214.9758 1.4310 1.6221 4.0720 4.3887 1.4671 33.6414 -8.0822 -1.2489
Car -1 -1 -4.6254 144.5713 181.9492 184.9000 210.9576 1.6006 1.6574 4.3129 -25.4724 1.6284 42.0049 -5.1728 -2.1478
Car -1 -1 -3.6498 674.8826 178.2828 740.7844 204.1881 1.5856 1.6737 3.7893 6.7284 1.3888 45.4292 -3.5087 -2.2617
Car -1 -1 -4.6332 173.5501 182.2603 210.5967 209.8106 1.5473 1.6054 4.0647 -24.2449 1.5948 42.6431 -5.1526 -2.3041
Car -1 -1 -6.7861 734.5658 161.9108 791.3834 182.4902 1.5788 1.7086 4.0384 12.7161 0.0759 56.4990 -6.5706 -2.3236
Car -1 -1 -9.0183 0.0000 0.0000 1237.0000 373.0000 1.5161 1.6128 4.1332 2.6221 1.5217 0.9437 -7.8851 -2.3958
Car -1 -1 -7.9601 740.5569 172.7914 815.7241 231.1030 1.5589 1.6785 4.1470 5.1115 1.3266 21.3636 -7.7332 -2.5613
Car -1 -1 -5.5124 488.0386 183.6220 561.3563 214.6755 1.3859 1.4905 3.3357 -3.6548 1.4910 33.8880 -5.6241 -2.7127
Car -1 -1 -2.3056 156.0919 182.0755 240.2237 213.1728 1.5069 1.5922 3.7486 -20.3261 1.5372 36.2061 -2.8191 -3.4301
Car -1 -1 -3.4005 541.0614 173.3066 594.2929 193.3271 1.5896 1.7301 4.0156 -2.7324 0.9389 58.4704 -3.4519 -3.5495
Car -1 -1 -5.1358 149.3062 184.2303 207.1686 209.4743 1.5100 1.6205 4.0123 -26.6309 1.6887 45.1762 -5.6709 -3.6680
Car -1 -1 -7.5806 182.2599 169.3185 264.7258 216.9510 1.5603 1.6309 3.7965 -13.3551 1.1617 25.5574 -8.0629 -3.7200
Car -1 -1 -7.3498 0.0000 0.0000 1140.9152 373.0000 1.4839 1.6168 3.9113 0.3152 1.5789 1.8394 -7.2108 -3.7427
Car -1 -1 -8.3088 697.5582 177.9271 752.1069 205.1150 1.5319 1.6163 3.8894 7.2510 1.3308 42.5704 -8.1462 -3.8920
Car -1 -1 -7.8501 712.2679 183.8318 748.2391 215.6867 1.3724 1.5458 3.7139 5.9272 1.4868 33.1973 -7.6799 -3.9530
Car -1 -1 -2.7204 458.3668 181.1408 529.0345 209.3689 1.4649 1.5559 3.4062 -5.7623 1.4464 38.4792 -2.8732 -3.9779
Car -1 -1 -4.5640 445.0656 179.8188 512.6463 229.9309 1.5387 1.6505 4.1702 -4.0503 1.4875 24.1583 -4.7337 -4.4253
Car -1 -1 -4.4234 176.7303 183.2063 214.1897 203.7502 1.5421 1.5794 3.6832 -31.7019 1.6802 56.2198 -4.9398 -4.4557
Car -1 -1 -3.4480 411.1112 183.8515 528.4598 225.6467 1.4632 1.5946 4.0440 -4.9487 1.5573 26.9904 -3.6329 -4.4788
Car -1 -1 -4.7004 709.6971 167.4626 729.4825 189.8835 1.8941 1.6527 4.0353 10.3707 0.7080 62.8126 -4.5424 -4.8124
Car -1 -1 -7.8400 435.4188 169.0778 458.5540 189.0285 1.3614 1.5488 3.1681 -10.8764 0.5137 50.7230 -8.0550 -5.0577
Car -1 -1 -4.5245 422.1274 169.6389 449.2462 188.0338 1.7260 1.7640 4.5514 -16.0026 0.6128 69.7140 -4.7542 -5.0908
Car -1 -1 -4.9283 622.5089 178.9381 652.0969 198.6194 1.6222 1.7219 3.7996 3.0488 1.4109 61.2268 -4.8837 -5.3635
Car -1 -1 -4.5476 650.5430 184.3256 674.6025 201.3150 1.3966 1.4864 3.7386 5.3069 1.6469 61.7047 -4.4672 -5.4660
Car -1 -1 -7.6278 579.6257 173.4328 608.4349 196.2429 1.8083 1.5710 3.7993 -0.5500 1.1686 58.9687 -7.6420 -5.4831
