Car -1 -1 -4.5767 93.0553 179.1708 152.1206 216.3554 1.5578 1.6524 4.3125 -21.5148 1.4606 32.3949 -5.1643 0.4028
Car -1 -1 -7.8640 535.0146 175.0661 561.1035 199.8982 1.5348 1.6110 3.8849 -3.4735 1.1372 46.4040 -7.9433 0.2152
Car -1 -1 -2.8977 667.0092 173.3723 741.2007 200.8788 1.4543 1.5862 3.7619 5.6305 1.0247 39.4121 -2.7618 -0.3985
Car -1 -1 -8.1066 385.7978 184.6763 451.5235 223.7418 1.3862 1.5446 3.8108 -7.1691 1.5187 27.8599 -8.3614 -2.0318
Car -1 -1 -7.6074 612.7583 172.1408 642.4846 191.5027 1.6099 1.6775 3.8866 2.3159 0.8315 61.8291 -7.5750 -2.1199
Car -1 -1 -7.9764 554.4513 170.2489 579.9235 189.5899 1.5126 1.6151 3.5486 -2.7743 0.6326 58.0674 -8.0288 -2.3570
Car -1 -1 -2.7553 47.2794 178.0077 159.0468 211.0846 1.5260 1.6818 4.0675 -23.7777 1.3651 34.4039 -3.3615 -2.5583
Car -1 -1 -4.7735 91.0793 184.7020 118.5787 205.7345 1.6484 1.6149 3.7483 -40.6912 1.9194 58.8669 -5.3813 -2.6479
Car -1 -1 -4.5394 106.7665 182.7780 140.8248 204.2910 1.7015 1.6821 4.0413 -39.3284 1.8107 59.2616 -5.1282 -2.7336
Car -1 -1 -3.1759 677.6271 166.8523 762.5549 203.8716 1.6555 1.6203 3.7767 5.4138 1.0008 33.1573 -3.0203 -2.8057
Car -1 -1 -5.7689 512.0325 178.3659 571.0104 202.3069 1.5918 1.6600 3.6914 -4.1008 1.3834 49.2801 -5.8566 -2.9132
Car -1 -1 -7.6486 394.6406 179.2339 435.0629 207.0333 1.5880 1.6237 3.7408 -11.0998 1.4587 42.9426 -7.9052 -3.0029
Car -1 -1 -8.0477 135.4892 183.0182 195.6917 220.1252 1.5163 1.5737 3.5982 -19.0788 1.5868 31.3629 -8.5956 -3.5164
Car -1 -1 -7.4942 124.4488 179.6547 172.3849 202.9998 1.5417 1.6223 3.6296 -31.0666 1.4198 49.3798 -8.0584 -3.6050
Car -1 -1 -6.8861 0.0000 157.2383 80.8566 239.4932 1.7593 1.7047 3.9253 -15.2390 1.2409 17.4774 -7.6008 -3.8498
Car -1 -1 -6.1697 508.6378 178.9395 575.6146 205.5435 1.5417 1.6540 3.7936 -3.4734 1.3934 42.5060 -6.2558 -3.9424
Car -1 -1 -7.4426 163.8862 158.0450 222.4959 184.1865 1.4825 1.6190 3.8916 -24.2179 0.1525 42.7587 -7.9600 -4.0812
Car -1 -1 -7.7949 646.5564 171.6259 701.9712 220.7750 1.5649 1.7101 3.7942 2.5637 1.2509 24.8779 -7.6984 -4.1462
Car -1 -1 -3.1382 297.5291 181.2237 398.1506 218.4073 1.4500 1.5674 3.7846 -10.3464 1.4396 29.3784 -3.4791 -4.2336
Car -1 -1 -8.0821 580.1404 170.0547 610.6342 190.8751 1.7807 1.7502 4.3176 -0.5458 0.8016 63.7406 -8.0955 -4.2808
Car -1 -1 -5.1873 361.5755 179.6162 455.5997 222.2862 1.4090 1.5605 4.0373 -6.9960 1.3472 25.7344 -5.4554 -4.2856
Car -1 -1 -4.5147 635.6242 174.3933 677.1573 203.3920 1.5375 1.5685 4.0992 3.1287 1.1609 40.2713 -4.4427 -4.6138
Car -1 -1 -7.6593 621.1187 168.2185 646.0533 184.3116 1.5290 1.7492 3.8299 3.2163 0.2668 70.3145 -7.6186 -4.6327
Car -1 -1 -4.0522 0.0000 211.5919 76.4046 373.0000 1.2998 1.4545 3.0831 -5.5062 1.5842 5.1436 -4.8526 -4.6742
Car -1 -1 -4.4279 495.4622 178.7242 546.5547 210.6279 1.5468 1.6365 3.7219 -4.0682 1.4124 36.7992 -4.5424 -4.7495
Car -1 -1 -4.4577 645.6767 175.8248 685.4962 199.7167 1.3803 1.5757 3.5371 3.9189 1.0526 43.4313 -4.3732 -4.8034
Car -1 -1 -4.5136 492.0579 180.9943 528.6422 205.4956 1.4214 1.5123 3.7252 -5.4790 1.3922 43.5845 -4.6430 -5.0112
Car -1 -1 -4.2342 0.1559 189.1255 71.3522 220.1969 1.5439 1.5719 3.4877 -30.2049 1.9721 38.4655 -4.9017 -5.1579
Car -1 -1 -4.9811 561.1770 176.9071 608.5711 205.6800 1.4648 1.5655 3.8148 -0.9487 1.2312 38.6229 -5.0106 -5.6247
Car -1 -1 -4.7155 68.4249 186.9146 96.3661 207.9876 1.5733 1.7447 4.3028 -41.1988 2.0200 57.0361 -5.3439 -5.6494
Car -1 -1 -4.5769 11.0543 181.9307 49.2497 203.7053 1.5120 1.6521 4.0185 -41.3726 1.5444 52.1115 -5.2504 -5.8867
Car -1 -1 -4.6545 103.7503 182.5685 130.0503 200.8336 1.4995 1.6476 4.0084 -41.3255 1.5937 61.3649 -5.2502 -5.8867
Car -1 -1 -4.6153 39.1908 184.9896 72.8991 206.7343 1.5638 1.6664 4.0320 -41.3126 1.8389 54.5024 -5.2666 -5.8867
Car -1 -1 -4.5535 0.0000 182.3465 23.4761 205.4723 1.5257 1.6554 4.0211 -41.3837 1.5868 49.6979 -5.2502 -5.8867
Car -1 -1 -8.3137 381.5871 180.8614 432.2608 211.0361 1.5774 1.4328 3.0949 -10.6387 1.5442 39.1824 -8.5823 -6.1574
Car -1 -1 -7.8105 645.0485 172.5008 686.5249 214.1088 1.7559 1.7143 4.0960 2.9483 1.3764 32.4552 -7.7258 -6.2657
Car -1 -1 -4.1157 313.5915 181.2047 386.8700 211.7472 1.4145 1.5630 3.7577 -12.2675 1.4011 35.2851 -4.4531 -6.4253
Car -1 -1 -6.1538 660.6942 164.4001 716.7888 183.6530 1.4986 1.5779 4.2718 6.9829 0.1675 57.1985 -6.0377 -6.4875
Car -1 -1 -7.8104 0.0000 278.8620 955.1541 373.0000 1.1862 1.9112 6.1867 -0.9276 2.1804 4.1176 -8.0277 -7.2339
