Car -1 -1 -7.6984 481.0725 180.8444 524.7490 210.9434 1.3657 1.5454 3.6221 -4.6776 1.3362 34.4161 -7.8376 -1.7650
Car -1 -1 -7.6782 600.3032 178.1989 631.6960 199.5766 1.4582 1.6257 3.6892 1.0818 1.2331 50.9656 -7.6621 -2.1231
Car -1 -1 -7.6806 250.9849 183.1267 311.5780 222.3686 1.4508 1.5949 3.7572 -12.7438 1.5207 28.7392 -8.0997 -2.1820
Car -1 -1 -7.6781 456.0004 176.8373 490.2952 201.2188 1.5956 1.6409 4.0324 -8.6988 1.2905 49.0310 -7.8578 -2.2017
Car -1 -1 -6.2299 637.0920 171.6626 680.6677 190.1327 1.6407 1.6503 3.8486 5.2379 0.7666 64.8761 -6.1545 -2.4732
Car -1 -1 -7.7464 434.0547 180.5913 479.0017 215.1209 1.4602 1.6061 3.7005 -6.4695 1.4221 32.2939 -7.9477 -2.6937
Car -1 -1 -7.7603 228.9651 178.5886 294.1445 228.4830 1.5647 1.6537 4.0873 -11.6274 1.4739 24.7309 -8.2009 -2.7998
Car -1 -1 -7.8635 675.3368 177.2452 733.5051 233.4931 1.4844 1.5271 3.2833 2.8939 1.3726 20.6800 -7.7315 -3.0212
Car -1 -1 -5.0684 232.4631 179.9158 274.2256 200.9210 1.6009 1.6545 4.0321 -27.4957 1.4801 56.7366 -5.5228 -3.1218
Car -1 -1 -7.7371 291.0450 182.6795 347.9932 224.4571 1.5023 1.6294 3.9315 -10.9490 1.5522 28.0577 -8.1112 -3.1523
Car -1 -1 -7.7966 501.8785 165.7762 523.3693 185.9733 1.7035 1.6573 3.8726 -7.6775 0.3771 62.5749 -7.9231 -3.1627
Car -1 -1 -4.3102 654.9483 178.1200 705.1041 203.9859 1.4357 1.5497 3.8357 4.6314 1.2482 41.9246 -4.2059 -3.1850
Car -1 -1 -5.9035 663.1281 172.6935 722.3954 198.7029 1.7992 1.6851 3.8535 6.5344 1.1900 51.3560 -5.7826 -3.2839
Car -1 -1 -7.4136 58.2157 165.6826 147.0174 206.3563 1.6569 1.6509 3.9677 -21.6603 1.0129 31.3553 -8.0191 -3.5438
Car -1 -1 -4.9316 489.2786 172.6879 522.0891 195.5158 1.7005 1.6578 4.0568 -7.4424 1.0440 55.7009 -5.0688 -3.8372
Car -1 -1 -4.1436 687.6598 173.0372 741.8217 197.6875 1.4699 1.5414 3.8070 7.1002 0.9654 44.7731 -3.9922 -3.8630
Car -1 -1 -3.1147 327.3974 180.7794 472.6033 232.7304 1.4588 1.6181 4.0246 -5.9743 1.4391 21.4478 -3.3885 -3.9318
Car -1 -1 -7.5252 562.0237 177.4890 606.2922 204.3725 1.5621 1.6303 3.6081 -1.0038 1.3291 43.7043 -7.5531 -3.9524
Car -1 -1 -7.1645 66.9620 179.9193 136.3080 207.4144 1.7036 1.7693 3.6427 -32.1908 1.6057 46.3951 -7.7734 -4.0983
Car -1 -1 -2.9516 551.4440 178.2416 610.4307 200.1561 1.4914 1.6454 3.8685 -1.3951 1.2697 50.0033 -2.9844 -4.1740
Car -1 -1 -2.6473 189.1289 180.4894 281.6158 211.5854 1.5109 1.6259 3.7851 -18.1818 1.4620 35.7567 -3.1198 -4.3536
Car -1 -1 -5.2309 533.2222 176.9724 596.3796 209.1499 1.6263 1.6177 3.9274 -2.0171 1.3977 38.3927 -5.2881 -4.4290
Car -1 -1 -2.9636 414.3515 177.9310 512.6401 214.5611 1.4954 1.5827 3.8352 -5.7504 1.3500 30.1432 -3.1556 -4.4783
Car -1 -1 -4.7733 633.6360 178.0144 665.1398 203.9046 1.4599 1.6147 3.4502 2.7808 1.2635 42.2303 -4.7130 -4.4873
Car -1 -1 -7.4428 0.0000 200.0514 307.3218 373.0000 1.4053 1.5983 4.0050 -2.9664 1.5652 4.0453 -8.0524 -4.5075
Car -1 -1 -7.9423 687.6931 163.1275 707.9728 181.5419 1.7589 1.6334 3.6478 9.4711 0.0037 70.4684 -7.8140 -4.7368
Car -1 -1 -8.2694 715.0714 169.6588 764.6222 197.0677 1.5799 1.5804 3.6340 8.3004 0.8975 43.3554 -8.0864 -4.7828
Car -1 -1 -8.0982 625.5550 173.7219 674.4156 205.7214 1.5179 1.5334 3.8563 2.3715 1.1492 36.1092 -8.0382 -4.8653
Car -1 -1 -4.7131 546.6426 178.0538 574.7973 206.3120 1.6536 1.6471 3.8958 -2.5065 1.4520 44.0298 -4.7747 -5.0329
Car -1 -1 -7.7575 668.3582 174.7405 721.0126 217.5627 1.5359 1.6664 4.1333 3.6761 1.2939 27.9639 -7.6332 -5.1916
Car -1 -1 -3.0782 0.0000 150.6457 66.2262 189.1936 1.4999 1.6477 3.8920 -24.6287 0.2997 29.7607 -3.7699 -5.2758
Car -1 -1 -5.8344 262.6190 184.1483 395.8252 230.3456 1.4735 1.5771 3.8559 -9.0536 1.5658 23.9716 -6.1972 -5.3626
Car -1 -1 -7.9902 273.0475 175.2757 307.4546 200.3561 1.8670 1.8206 4.6799 -24.2523 1.4036 55.9448 -8.4025 -5.3664
Car -1 -1 -4.7251 688.1197 175.6752 723.6157 204.7081 1.3869 1.6831 4.0073 5.2375 1.1089 36.4068 -4.5883 -5.4729
Car -1 -1 -6.6113 460.3754 182.1116 583.1970 242.6270 1.4037 1.4071 2.7332 -2.0258 1.4205 17.9097 -6.7276 -5.5590
Car -1 -1 -4.4500 262.8060 180.3553 295.8977 200.1819 1.5746 1.5813 3.7259 -26.3920 1.4836 59.0161 -4.8739 -5.5906
Car -1 -1 -5.0574 688.9887 174.4869 737.9975 200.3078 1.3881 1.5134 3.8058 6.2769 1.0112 40.6310 -4.9100 -5.6733
Car -1 -1 -4.3518 100.2573 186.2078 153.3328 209.4333 1.4006 1.5988 3.8580 -30.4507 1.7169 46.2081 -4.9369 -5.8527
Car -1 -1 -7.7475 711.1073 171.5039 739.5538 198.0819 1.8484 1.7140 3.1219 8.9542 1.1532 51.6921 -7.5819 -7.8689
