Car -1 -1 -7.8101 613.3272 178.8363 633.5855 197.1249 1.5822 1.6734 3.3799 2.0126 1.3515 63.8905 -7.7838 0.5641
Car -1 -1 -7.8878 675.3962 181.0665 715.1221 215.9525 1.4758 1.6088 3.8458 4.1587 1.4578 32.3739 -7.7663 0.2811
Car -1 -1 -7.7129 80.5928 179.4505 114.7879 201.3179 1.6141 1.6739 3.5287 -38.4863 1.4627 54.9732 -8.3264 -0.7276
Car -1 -1 -3.2512 707.1635 171.5005 780.3719 200.5148 1.5882 1.6277 3.8606 7.9294 1.0410 40.2829 -3.0631 -1.1564
Car -1 -1 -4.3864 408.9498 177.0635 503.2318 233.5738 1.5939 1.6924 3.9745 -4.4271 1.4692 22.3393 -4.5851 -1.5964
Car -1 -1 -7.9225 750.6754 167.5937 821.0510 234.1964 1.6815 1.6039 3.6128 5.0213 1.3309 20.0508 -7.6855 -1.6422
Car -1 -1 -4.5284 116.3662 190.2053 164.5603 219.7427 1.4143 1.5481 3.2066 -23.8311 1.8870 37.2169 -5.0999 -1.9644
Car -1 -1 -3.4853 490.5220 175.9579 546.4982 197.0386 1.6027 1.6623 4.0300 -6.4683 1.1813 56.2565 -3.6042 -2.1275
Car -1 -1 -4.0062 570.2229 180.7365 625.3058 204.6003 1.5012 1.5764 3.7360 -0.1986 1.4532 47.1255 -4.0154 -2.1900
Car -1 -1 -7.9217 496.8781 182.0190 541.8378 219.2477 1.4322 1.5755 3.5532 -3.4485 1.4552 29.5783 -8.0420 -2.5572
Car -1 -1 -7.9732 545.3241 181.3050 578.7071 205.5667 1.4809 1.6546 3.8852 -2.5552 1.4691 45.9060 -8.0335 -2.5640
Car -1 -1 -4.7390 409.0527 177.3418 428.5637 195.0416 1.5417 1.5850 3.6183 -16.3941 1.1793 64.5283 -4.9918 -2.9629
Car -1 -1 -4.3322 97.3293 181.1328 140.9739 201.7009 1.6183 1.6164 3.9537 -39.2717 1.5893 58.6230 -4.9254 -3.4606
Car -1 -1 -4.5298 407.3532 172.6882 431.1725 189.4093 1.5344 1.5752 3.5412 -17.1118 0.7255 67.7383 -4.7812 -3.4639
Car -1 -1 -4.7538 413.4790 172.8448 440.3698 196.9358 1.5787 1.6097 3.8504 -11.9602 1.0115 49.1462 -4.9962 -3.7423
Car -1 -1 -7.1764 31.2260 182.9094 134.0259 218.7727 1.6357 1.7133 4.3833 -25.2587 1.7092 35.1702 -7.8008 -3.7796
Car -1 -1 -5.6421 0.0000 191.5747 103.7946 281.2402 1.4703 1.6338 4.0391 -11.6656 1.6670 12.9885 -6.3693 -3.8342
Car -1 -1 -9.4290 995.3271 187.0771 1237.0000 373.0000 1.4824 1.6136 3.9269 4.1647 1.5243 3.2848 -8.5699 -3.8946
Car -1 -1 -7.6478 72.2458 176.9813 115.0480 201.8177 1.6412 1.6538 3.9319 -34.9894 1.3427 49.6017 -8.2646 -3.9258
Car -1 -1 -5.9167 440.9840 173.1802 520.3979 205.6925 1.6421 1.6242 3.7513 -6.2777 1.2221 37.4447 -6.0867 -3.9659
Car -1 -1 -5.5769 18.9034 183.9368 145.6153 224.6420 1.4601 1.5909 3.6853 -19.3503 1.5546 26.8202 -6.2024 -4.1062
Car -1 -1 -4.5864 56.7836 177.4072 90.8928 199.6666 1.6282 1.5952 4.1829 -40.1485 1.3288 54.7588 -5.2217 -4.1124
Car -1 -1 -7.2023 56.0277 180.5614 133.3272 209.8159 1.7467 1.7150 4.2961 -31.6764 1.6908 45.0682 -7.8172 -4.2620
Car -1 -1 -2.3576 51.7389 182.6824 112.4825 202.1865 1.5103 1.7951 3.7181 -41.1185 1.6058 56.9395 -2.9859 -4.2896
Car -1 -1 -4.8246 539.6452 177.6855 576.9854 205.5139 1.5786 1.7474 4.1365 -2.6258 1.3624 42.9393 -4.8904 -4.3012
Car -1 -1 -4.6277 705.4562 178.4774 748.8918 215.3067 1.5420 1.6140 3.9627 5.6726 1.4158 32.1965 -4.4599 -4.3365
Car -1 -1 -5.8110 0.0000 190.7003 93.8705 317.6732 1.5457 1.6061 3.7627 -9.7710 1.6939 10.2289 -6.5664 -4.8173
Car -1 -1 -4.3655 0.0000 176.6344 68.9880 219.7888 1.4923 1.6814 3.9304 -21.7471 1.3245 26.9728 -5.0443 -4.8600
Car -1 -1 -5.4538 286.9608 175.8841 397.5885 219.9600 1.5856 1.7235 4.0146 -9.9676 1.3840 27.5328 -5.8033 -5.0068
Car -1 -1 -4.7677 526.1214 182.7040 554.8288 208.4299 1.5674 1.6133 3.4146 -3.9083 1.6471 45.7383 -4.8575 -5.0302
Car -1 -1 -4.8832 419.6569 175.4958 449.9254 195.2265 1.7182 1.8245 5.0267 -15.1394 1.1951 65.2247 -5.1153 -5.1228
Car -1 -1 -6.4617 486.2249 182.8429 631.0945 240.1696 1.4244 1.4708 3.6259 -1.1964 1.4627 19.0563 -6.5289 -5.1470
Car -1 -1 -6.1354 108.9770 186.3004 181.8972 210.1939 1.4908 1.6369 3.8304 -29.7259 1.8149 46.9595 -6.7023 -5.1734
Car -1 -1 -7.8318 526.7121 174.0349 550.4488 197.0975 1.6556 1.6973 3.9095 -4.6387 1.1197 53.5760 -7.9227 -5.2523
Car -1 -1 -4.6372 89.4896 182.4298 117.9049 201.1615 1.4956 1.6547 4.0776 -41.3283 1.5755 59.7432 -5.2453 -5.8867
Car -1 -1 -3.6531 95.0332 179.9702 160.0914 203.4277 1.7514 1.5167 3.9874 -36.6946 1.6371 55.7518 -4.2381 -6.1074
Car -1 -1 -4.7453 399.9517 176.8786 425.1278 199.5703 1.5562 1.5925 3.9304 -13.5254 1.2392 51.3737 -5.0065 -6.2375
