Car -1 -1 -4.6485 480.2876 163.8933 520.5313 202.4171 2.1633 2.0958 4.6967 -5.9457 1.1747 42.7613 -4.7909 4.9153
Car -1 -1 -8.1999 591.1986 174.9832 637.0662 199.6297 1.4074 1.5373 3.7724 0.7129 1.0354 43.0542 -8.1885 -1.2290
Car -1 -1 -7.4182 332.5244 180.8489 394.9647 213.4969 1.4872 1.5605 3.4132 -11.3601 1.4578 34.5075 -7.7391 -1.2807
Car -1 -1 -5.2791 61.2210 170.5995 129.6196 197.7256 1.6309 1.6782 3.8344 -31.4770 0.9757 44.6924 -5.8948 -2.2548
Car -1 -1 -2.4511 259.9332 179.7389 384.2614 224.8077 1.4976 1.6160 3.9461 -9.8322 1.4395 25.2530 -2.8240 -2.3361
Car -1 -1 -5.4299 246.9178 178.4851 383.6252 233.2064 1.5206 1.5880 3.9705 -8.6417 1.4373 21.5697 -5.8120 -2.7253
Car -1 -1 -5.7257 324.4367 172.7702 406.3058 202.8072 1.6534 1.7044 4.1492 -13.4098 1.1730 40.8571 -6.0460 -2.7856
Car -1 -1 -2.4779 429.4236 175.7089 500.6742 202.3374 1.5837 1.7105 4.1516 -8.4417 1.2394 44.4286 -2.6697 -3.0896
Car -1 -1 -7.4901 333.2823 153.3763 377.3976 180.8861 1.9142 1.7530 3.9284 -17.7642 -0.0463 52.0663 -7.8221 -3.4336
Car -1 -1 -7.2013 397.9209 179.2273 496.0180 223.7176 1.4370 1.5166 3.5489 -5.3418 1.3641 25.1309 -7.4138 -3.4500
Car -1 -1 -7.3896 492.7271 175.4160 541.9813 199.1806 1.4613 1.5843 3.9028 -5.3572 1.0872 46.2744 -7.5092 -3.5861
Car -1 -1 -4.0476 8.6766 180.5643 70.8026 202.1839 1.4753 1.7368 3.3952 -39.5715 1.4114 50.7158 -4.7127 -3.6991
Car -1 -1 -7.7406 519.9281 174.9703 543.8252 193.2513 1.5300 1.6387 3.9535 -5.9528 0.9833 62.1072 -7.8407 -4.0107
Car -1 -1 -7.9899 502.3781 173.0841 528.7527 192.9924 1.6621 1.6923 4.1958 -7.4420 0.9593 62.2168 -8.1134 -4.0338
Car -1 -1 -4.3045 534.0962 175.8214 574.2747 197.2937 1.4760 1.5498 3.6775 -3.3247 1.0856 51.3690 -4.3738 -4.2372
Car -1 -1 -7.5817 569.8641 166.3065 607.4875 192.8542 2.0712 1.8644 4.8117 -0.9626 0.8857 58.6044 -7.6030 -4.2903
Car -1 -1 -5.0049 515.2046 172.6287 562.6270 201.1147 1.6197 1.6465 4.2819 -3.8088 1.1154 43.1366 -5.0975 -4.3000
Car -1 -1 -3.9330 0.0000 181.3953 76.1460 249.0078 1.4157 1.4671 3.4523 -14.4097 1.4141 16.8161 -4.6389 -4.3582
Car -1 -1 -7.8678 606.5517 174.0921 661.0219 228.1033 1.5679 1.5813 3.7281 0.9490 1.3533 22.7336 -7.8318 -4.4142
Car -1 -1 -7.3789 378.4680 180.9284 447.6940 214.1335 1.5280 1.6592 3.9607 -9.1479 1.5020 35.1692 -7.6367 -4.5020
Car -1 -1 -4.8417 336.5951 180.4135 385.2287 215.9245 1.4684 1.5550 3.6788 -10.6735 1.4238 31.6976 -5.1692 -4.6302
Car -1 -1 -4.8277 336.1998 167.8434 369.3617 193.6451 1.6728 1.6227 4.3517 -16.9491 0.7874 48.8840 -5.1647 -4.7867
Car -1 -1 -7.2523 636.7984 172.9789 708.0366 209.0916 1.5520 1.5798 3.4203 3.2560 1.1861 32.6905 -7.1589 -5.0071
Car -1 -1 -5.0202 463.0746 177.5425 512.0423 199.1773 1.3165 1.7727 4.6008 -7.3690 1.0757 46.1622 -5.1826 -5.0324
Car -1 -1 -2.1149 253.7857 182.3799 367.6452 231.3761 1.4705 1.6761 3.8648 -9.5553 1.5018 23.4477 -2.5032 -5.1885
Car -1 -1 -7.8912 609.8647 171.7843 657.7025 215.1137 1.6042 1.7142 4.0655 1.2013 1.2449 28.6289 -7.8548 -5.2565
Car -1 -1 -7.5513 415.9634 180.1077 476.6539 214.2675 1.5684 1.7144 4.2998 -7.5246 1.5047 35.1982 -7.7655 -5.2755
Car -1 -1 -5.5153 0.0000 0.0000 1193.2271 373.0000 1.4955 1.6055 3.9570 2.1601 1.4798 1.7337 -4.6977 -5.8867
Car -1 -1 -4.5921 25.7189 175.6170 62.3845 196.2498 1.4657 1.6680 4.1946 -41.2514 1.0478 53.2566 -5.2536 -5.8867
Car -1 -1 -6.2728 618.1074 158.8621 682.9182 180.3703 1.5789 1.6088 4.7713 3.6884 -0.0863 53.8136 -6.2095 -5.8982
Car -1 -1 -7.3152 241.4959 188.0457 375.9385 244.9716 1.3013 1.4978 3.8649 -7.5733 1.4926 18.9118 -7.6966 -5.9954
Car -1 -1 -7.7122 635.8072 175.2434 676.1841 205.4705 1.4935 1.5670 4.1245 2.9064 1.1846 37.6743 -7.6408 -6.0808
Car -1 -1 -8.4905 1088.7841 23.5355 1237.0000 373.0000 1.4485 1.6495 3.8592 3.5537 1.3062 2.7179 -7.6237 -6.1767
Car -1 -1 -7.4207 1237.0000 130.5861 1237.0000 373.0000 1.3841 1.5931 4.4808 6.1067 1.2112 3.5250 -6.4106 -6.2120
Car -1 -1 -7.6851 91.7575 285.3948 531.7666 373.0000 1.0289 1.4285 4.1125 -1.2189 1.9845 4.4894 -7.9441 -8.1726
