Car -1 -1 -6.2999 451.8836 181.2857 535.8802 214.4937 1.4620 1.5908 3.6951 -4.9135 1.4529 32.7218 -6.4529 -0.6718
Car -1 -1 -6.1017 708.0365 175.5047 806.1130 215.3916 1.4644 1.6172 3.4796 6.0035 1.2447 27.7786 -5.8959 -2.0193
Car -1 -1 -7.7358 454.3446 185.6161 485.4141 209.7702 1.4809 1.5616 3.8345 -8.4990 1.7595 46.6721 -7.9201 -2.2499
Car -1 -1 -2.4074 166.7856 176.6805 255.8474 205.7326 1.5607 1.6681 4.3481 -21.6577 1.3020 39.9067 -2.9068 -2.5446
Car -1 -1 -7.8150 510.8750 181.5336 571.1503 235.9780 1.3873 1.5348 3.2983 -1.6556 1.3888 19.9895 -7.9019 -2.5627
Car -1 -1 -7.4406 36.3729 178.5423 121.3110 216.3971 1.4644 1.5533 3.5259 -21.4974 1.3504 29.6771 -8.0683 -2.6780
Car -1 -1 -7.9773 561.0283 174.2926 608.0078 214.9603 1.5682 1.5344 3.0028 -0.7540 1.2907 29.3019 -8.0079 -2.6843
Car -1 -1 -5.4699 0.0000 206.6956 94.3895 361.0927 1.3909 1.5745 3.6678 -7.7751 1.6867 7.5792 -6.2567 -2.8597
Car -1 -1 -4.4100 690.3548 173.2793 732.9825 198.9906 1.4941 1.5948 3.5551 6.7434 1.0165 43.6897 -4.2628 -2.9856
Car -1 -1 -8.0857 0.0000 0.0000 1237.0000 373.0000 1.4639 1.5770 3.6683 1.1378 1.5185 1.3788 -7.4886 -3.0306
Car -1 -1 -8.0786 588.5613 170.9001 619.2457 192.1750 1.7910 1.7348 4.3337 0.2042 0.8984 62.7766 -8.0803 -3.0574
Car -1 -1 -4.3661 580.1953 174.4955 621.5251 198.7648 1.6099 1.6312 3.9709 0.0167 1.1453 49.7960 -4.3708 -3.1233
Car -1 -1 -7.8720 252.3339 175.9383 277.9995 199.0855 1.6991 1.6880 3.9908 -25.7033 1.2908 54.8917 -8.3131 -3.1811
Car -1 -1 -8.4678 651.0964 173.6322 710.8922 200.7330 1.5726 1.6245 3.9529 4.7982 1.1162 43.8048 -8.3643 -3.5490
Car -1 -1 -3.2413 146.1801 175.4642 239.4956 206.9412 1.5836 1.6746 4.1467 -21.6005 1.2801 38.0226 -3.7600 -3.5801
Car -1 -1 -4.7693 500.2204 174.1523 526.2435 196.5591 1.6523 1.7161 4.3628 -6.8041 1.1104 55.2711 -4.8962 -3.6211
Car -1 -1 -5.9679 0.0000 0.0000 1237.0000 373.0000 1.5172 1.5799 3.9637 2.5846 1.4734 0.9558 -4.8440 -3.7077
Car -1 -1 -5.8927 217.3041 179.4092 301.0496 207.3794 1.4875 1.6072 3.7924 -18.5867 1.3765 39.1104 -6.3388 -4.1871
Car -1 -1 -7.8825 568.8657 176.3126 593.8890 198.6778 1.4906 1.6024 3.7793 -1.4123 1.1449 49.8105 -7.9157 -4.2524
Car -1 -1 -4.7193 439.2183 181.0613 480.8523 218.5953 1.4836 1.6247 4.1851 -6.0656 1.4666 30.6082 -4.9185 -4.5738
Car -1 -1 -4.3772 167.5268 183.8198 205.7166 203.0783 1.4828 1.5398 3.6941 -33.2667 1.6754 57.7367 -4.9030 -4.6142
Car -1 -1 -4.3289 716.7132 175.0566 778.0750 206.1214 1.4341 1.6245 3.9118 7.2017 1.1369 35.2444 -4.1339 -4.7287
Car -1 -1 -2.4347 171.4060 178.3835 268.5577 211.0126 1.5377 1.7307 4.0396 -18.6399 1.3911 35.1337 -2.9244 -4.8530
Car -1 -1 -4.1055 448.6684 183.1818 528.1888 216.4296 1.2710 1.4857 3.5446 -4.6006 1.3450 29.5724 -4.2636 -4.9184
Car -1 -1 -2.7808 405.9762 183.8792 469.5435 207.5844 1.4668 1.6082 3.6093 -10.3818 1.6216 45.6917 -3.0080 -5.0888
Car -1 -1 -7.7628 496.7184 167.4962 518.9794 188.3920 1.7356 1.5792 3.6922 -7.9609 0.5722 61.5407 -7.8958 -5.2275
Car -1 -1 -4.8900 682.5860 175.2409 730.1201 203.3147 1.3442 1.6629 4.0444 5.2489 1.0447 36.4483 -4.7530 -5.4637
Car -1 -1 -4.6234 67.3120 183.0890 98.0001 202.8531 1.5093 1.6488 4.0115 -41.3443 1.6407 57.3413 -5.2509 -5.8867
