Car -1 -1 -4.6917 316.2720 170.0722 352.3265 200.8452 1.5199 1.6832 4.3883 -14.0257 0.9557 37.8273 -5.0494 -0.3939
Car -1 -1 -2.6037 107.0462 162.5441 238.5815 217.0769 1.8134 1.6564 3.5405 -14.6988 1.1835 24.7174 -3.1406 -1.0943
Car -1 -1 -7.6699 458.6344 174.3705 502.6066 205.3634 1.4896 1.5549 3.7320 -6.0747 1.1472 36.4028 -7.8392 -1.9155
Car -1 -1 -4.6516 569.6346 166.2994 595.5805 189.8321 1.7115 1.7199 4.5291 -1.3715 0.6059 54.5342 -4.6815 -2.1014
Car -1 -1 -5.4633 715.7563 170.8373 791.7526 202.0358 1.4844 1.5456 3.8096 7.6035 0.9773 36.2057 -5.2627 -2.2932
Car -1 -1 -2.9775 227.8985 170.9941 323.3765 201.2429 1.5808 1.7093 4.5002 -17.5770 1.0320 38.9494 -3.4038 -2.4373
Car -1 -1 -8.1280 578.3694 171.6850 628.2925 201.8160 1.4616 1.6226 3.5869 0.0365 0.9857 36.7917 -8.1320 -2.7058
Car -1 -1 -4.0740 312.9326 169.3568 363.5185 191.3614 1.6710 1.6768 4.0510 -20.7056 0.7488 56.7288 -4.4274 -2.7197
Car -1 -1 -2.6160 0.0000 180.7407 81.7297 239.3223 1.5043 1.6109 3.8583 -16.7792 1.4853 19.5860 -3.3229 -2.8034
Car -1 -1 -7.8063 541.4950 171.5289 576.1509 201.5859 1.4690 1.6151 4.1639 -2.1641 0.9819 37.2013 -7.8690 -2.8759
Car -1 -1 -3.1208 649.4352 170.4243 729.4778 204.0812 1.4885 1.5703 3.5399 4.0002 0.9990 32.7872 -3.0054 -2.9326
Car -1 -1 -8.0147 305.7347 177.0102 346.3391 203.5778 1.4308 1.5509 3.7561 -15.6399 1.1891 40.6969 -8.3845 -3.1390
Car -1 -1 -3.9124 10.4092 184.5574 83.2930 212.0406 1.6743 1.6885 3.5212 -35.4535 1.8781 46.0350 -4.5710 -3.1626
Car -1 -1 -7.5238 61.4309 195.8114 183.9550 263.9941 1.4226 1.6030 2.8373 -11.3801 1.7975 17.2214 -8.1062 -3.2253
Car -1 -1 -4.7919 311.2948 172.3380 357.3722 208.5591 1.5597 1.6504 4.1198 -12.3877 1.1655 33.1477 -5.1520 -3.3632
Car -1 -1 -2.8642 361.3316 178.3183 488.3475 222.1514 1.4714 1.5922 4.0088 -6.1021 1.3650 24.9782 -3.1066 -3.4206
Car -1 -1 -6.6069 0.0000 189.5690 21.5913 232.0492 1.4749 1.6035 4.0359 -25.3392 1.8130 27.9104 -7.3445 -3.5050
Car -1 -1 -7.8255 207.6362 173.1401 242.0254 200.8634 1.4410 1.5735 3.7251 -20.5899 1.0067 39.3566 -8.3097 -3.5542
Car -1 -1 -4.5277 229.7230 169.6586 273.0929 196.2066 1.5834 1.7507 3.9852 -21.8575 0.8772 44.9973 -4.9825 -3.6864
Car -1 -1 -4.2252 220.1392 173.1457 263.6759 191.5197 1.5299 1.6558 4.0595 -30.8717 0.8341 61.8596 -4.6912 -3.7272
Car -1 -1 -4.6563 0.0000 180.6413 36.4657 207.5271 1.7790 1.8546 4.5384 -40.5310 1.7222 49.9130 -5.3408 -3.9126
Car -1 -1 -5.9163 0.0000 196.4880 40.7815 324.8757 1.4611 1.6207 4.1758 -10.7981 1.7080 10.1775 -6.7239 -3.9209
Car -1 -1 -3.5650 627.7288 171.9500 694.9288 195.5842 1.5405 1.6545 4.1955 4.0333 0.9180 48.3103 -3.4871 -4.3342
Car -1 -1 -5.2430 542.8632 174.2995 593.3907 198.7388 1.6128 1.6786 3.9814 -2.3286 1.1376 49.5277 -5.2947 -4.3759
Car -1 -1 -3.0391 228.0905 171.0269 322.4054 205.5251 1.5844 1.6672 3.9682 -15.5448 1.1037 34.4125 -3.4655 -4.4525
Car -1 -1 -7.9956 420.1704 180.8562 483.2177 227.2696 1.3370 1.4422 3.4353 -4.7902 1.3189 22.5531 -8.2078 -4.4822
Car -1 -1 -4.7996 495.7993 171.7063 538.0978 201.3577 1.3966 1.7375 3.9533 -4.2893 0.9356 35.9487 -4.9225 -4.5710
Car -1 -1 -7.8805 661.4329 165.3440 685.4687 187.4410 1.5433 1.6168 3.2953 5.1851 0.4149 51.8683 -7.7862 -4.6107
Car -1 -1 -3.5033 606.1143 164.4930 674.4232 186.7115 1.5325 1.6350 4.5622 2.7673 0.3595 51.0276 -3.4543 -4.9111
Car -1 -1 -3.9276 0.0000 182.2277 83.9947 212.4203 1.5362 1.6890 3.6992 -30.1029 1.5774 38.5786 -4.5919 -5.0316
Car -1 -1 -7.9570 202.9939 172.1017 246.8604 196.6788 1.4398 1.9103 4.8069 -23.4241 0.8893 44.6109 -8.4430 -5.0960
Car -1 -1 -4.7932 285.4585 168.8061 326.9540 200.8469 1.5640 1.6423 4.1777 -15.3793 0.9446 37.2973 -5.1868 -5.1699
Car -1 -1 -5.8629 348.6502 164.9996 410.4684 184.3276 1.4611 1.6388 4.2552 -17.0589 0.2137 55.3680 -6.1653 -5.2986
Car -1 -1 -4.3296 65.2955 185.8681 115.5203 209.1691 1.4622 1.5630 3.4010 -33.7925 1.7629 47.6016 -4.9494 -5.7119
Car -1 -1 -4.2897 15.4469 181.1856 95.0242 209.5708 1.3997 1.6603 4.4383 -28.5964 1.3844 37.7705 -4.9394 -5.7942
Car -1 -1 -2.1618 0.0000 187.5736 13.0501 213.7204 1.6543 1.7499 3.6992 -41.1207 2.0662 47.3894 -2.8788 -6.0345
Car -1 -1 -7.8332 510.5016 164.2137 527.8556 184.4444 1.8097 1.5297 3.8329 -7.5267 0.2631 66.2402 -7.9507 -6.5306
