Car -1 -1 -4.5984 501.3098 167.8582 547.2626 209.1221 2.1178 2.0025 4.5651 -4.1372 1.4178 39.1537 -4.7081 4.3484
Car -1 -1 -7.7174 670.9713 174.6761 704.6901 201.2613 1.5414 1.5794 3.5775 5.2787 1.1459 43.5772 -7.6026 -0.1294
Car -1 -1 -5.5836 315.4174 190.2250 396.9438 222.4591 1.4429 1.5047 3.5324 -11.6899 1.8750 34.2148 -5.9158 -1.4645
Car -1 -1 -7.7750 275.5900 191.7674 331.1499 236.8085 1.2863 1.4001 3.2738 -9.5428 1.6422 23.0950 -8.1681 -1.7810
Car -1 -1 -7.9917 346.5299 174.6512 378.0656 196.8475 1.5114 1.6303 3.5575 -16.9488 1.0450 50.8672 -8.3168 -2.6115
Car -1 -1 -7.5342 310.2999 185.7510 397.0573 233.1610 1.4734 1.6359 4.0388 -8.4276 1.6320 24.7144 -7.8649 -2.7659
Car -1 -1 -5.8164 519.5367 176.4007 568.4158 196.7152 1.5999 1.6911 3.5548 -4.6144 1.1981 58.0212 -5.9004 -2.9283
Car -1 -1 -5.4259 614.9338 179.6168 674.8717 205.0818 1.4683 1.5959 3.6523 2.5846 1.3599 43.3516 -5.3718 -3.0090
Car -1 -1 -4.2364 602.3528 173.4723 638.9467 190.6863 1.5442 1.6625 4.2222 1.8562 0.8238 66.6924 -4.2136 -3.0874
Car -1 -1 -5.3277 277.5182 185.7764 362.4288 223.4365 1.6208 1.5705 4.0695 -13.0049 1.8286 33.0870 -5.7048 -3.4762
Car -1 -1 -8.0652 603.1160 169.0330 636.7090 193.2664 1.9114 1.8356 4.4693 1.4950 0.9279 59.0253 -8.0450 -3.5903
Car -1 -1 -8.1129 620.5669 178.3854 665.6882 206.6954 1.5120 1.5764 3.8370 2.2882 1.3458 40.4052 -8.0618 -3.7069
Car -1 -1 -7.7023 372.2515 174.7765 403.9109 196.9768 1.5345 1.6205 3.9613 -15.3041 1.0697 51.7257 -7.9935 -3.7090
Car -1 -1 -8.0443 265.9169 177.1136 301.2016 199.9203 1.5653 1.6499 3.5294 -22.6778 1.2643 51.2217 -8.4642 -3.8897
Car -1 -1 -4.8411 589.0563 172.3059 615.6022 192.0512 1.6869 1.8056 4.1481 0.0739 0.9012 63.5457 -4.8449 -3.9883
Car -1 -1 -6.9739 337.9495 171.7889 412.3172 201.7334 1.5640 1.5764 3.7681 -12.3980 1.0570 39.5300 -7.2809 -4.1210
Car -1 -1 -5.2904 635.0923 183.4620 697.8083 211.0362 1.3571 1.5724 3.5319 3.3401 1.4651 37.5535 -5.2074 -4.2252
Car -1 -1 -4.3203 326.2928 165.4395 377.2656 195.7457 1.9253 1.7294 4.2308 -16.5301 0.9051 47.7949 -4.6565 -4.2344
Car -1 -1 -5.9260 0.0000 164.3982 140.3751 208.8407 1.5513 1.6236 3.8722 -19.4379 0.9547 26.3851 -6.5611 -4.3405
Car -1 -1 -6.0146 269.8540 173.9275 356.7311 208.3191 1.7165 1.7183 3.8299 -14.7550 1.3388 36.9251 -6.3974 -4.3998
Car -1 -1 -7.1224 300.0824 187.0744 429.3703 237.1217 1.4109 1.6051 4.0783 -7.4451 1.6063 22.9278 -7.4383 -4.4266
Car -1 -1 -4.2908 511.6734 177.9920 551.9772 198.5292 1.5333 1.6466 3.9769 -5.3403 1.2713 55.7782 -4.3908 -4.5048
Car -1 -1 -5.2137 234.7583 175.6284 300.5524 204.1450 1.5112 1.5916 3.9687 -18.5595 1.2003 39.8819 -5.6517 -4.5980
Car -1 -1 -4.7693 643.7109 174.9446 756.8453 279.2935 1.5585 1.6658 4.3252 1.5629 1.4612 12.9341 -4.6570 -4.8008
Car -1 -1 -7.8642 686.0172 179.8972 750.5348 239.8633 1.5545 1.6611 4.2649 3.3047 1.5135 20.8486 -7.7143 -4.8094
Car -1 -1 -4.2014 287.4043 164.2960 352.7598 195.0047 1.7467 1.6757 4.5133 -16.8263 0.7683 43.2088 -4.5756 -4.8255
Car -1 -1 -3.2567 748.0107 148.9630 825.7068 183.0092 1.8803 1.9380 4.0725 10.4878 0.0835 40.8956 -3.0120 -4.8969
Car -1 -1 -7.0498 0.0000 197.1332 47.9145 373.0000 1.3722 1.4717 3.7680 -7.1140 1.5528 6.3669 -7.8760 -4.9381
Car -1 -1 -4.0111 0.0000 223.2737 0.0000 373.0000 1.3683 1.5284 3.6045 -4.8636 1.6719 3.2745 -4.9591 -5.0237
Car -1 -1 -7.6784 21.6569 177.6622 70.2749 202.7687 1.4413 1.6846 3.8297 -33.4296 1.2211 43.3241 -8.3376 -5.4022
Car -1 -1 -4.5228 7.6204 182.1419 52.9637 207.8611 1.5562 1.5582 3.8989 -36.2306 1.5989 45.6564 -5.1958 -5.6034
Car -1 -1 -5.7397 0.0000 186.2275 141.9522 285.9099 1.4141 1.5065 3.7938 -9.7149 1.4962 11.3334 -6.4423 -5.8485
