Car -1 -1 -3.9641 0.0000 197.8521 404.5115 373.0000 1.4976 1.6443 4.2445 -2.6981 1.6315 3.6344 -4.5765 5.6710
Car -1 -1 -2.6137 470.3209 164.8487 540.5324 193.4781 1.7238 1.6582 4.0534 -5.9834 0.7213 44.7902 -2.7506 0.5506
Car -1 -1 -3.0087 0.0000 187.9868 94.9680 222.9417 1.5036 1.6426 4.1744 -26.1327 1.8208 33.3242 -3.6750 -0.6876
Car -1 -1 -8.1456 739.7061 156.7824 773.9424 179.3663 1.7953 1.6958 3.9053 12.8517 -0.1830 59.5032 -7.9386 -1.5361
Car -1 -1 -4.5265 634.8521 175.8603 659.3896 192.0205 1.4603 1.6230 3.8280 4.3229 0.9504 66.9658 -4.4673 -1.8582
Car -1 -1 -4.6212 474.6011 177.9660 531.5229 223.9919 1.5378 1.6936 4.1165 -3.5147 1.4201 26.0959 -4.7590 -1.9140
Car -1 -1 -7.8256 687.0548 175.8569 719.8040 206.4806 1.5340 1.6302 4.0176 5.4440 1.2515 38.0971 -7.6897 -2.1625
Car -1 -1 -2.5442 391.3583 180.2755 511.7256 231.7785 1.5305 1.6150 3.4100 -4.7650 1.4945 22.7383 -2.7538 -2.2199
Car -1 -1 -5.8444 153.5332 181.6481 302.4183 232.3782 1.4828 1.5996 3.6952 -11.3112 1.4880 21.8724 -6.3220 -2.5682
Car -1 -1 -7.9985 574.8842 178.4311 618.9458 209.9900 1.4704 1.6025 3.9098 -0.2891 1.3277 35.5254 -8.0116 -2.6207
Car -1 -1 -7.6037 694.8657 170.2932 724.0687 187.3468 1.5002 1.6952 4.0654 9.8994 0.5141 65.3931 -7.4589 -2.6251
Car -1 -1 -7.6150 564.0435 173.1159 593.1826 191.4190 1.5038 1.6518 3.7454 -1.8780 0.8148 61.0217 -7.6506 -2.6860
Car -1 -1 -7.8479 713.6540 175.0406 747.0957 206.1293 1.5461 1.6432 4.1022 6.7865 1.2251 37.8878 -7.6770 -2.7500
Car -1 -1 -4.7855 595.1342 180.0873 620.9871 200.5430 1.4127 1.5551 3.8257 0.4554 1.3151 51.5703 -4.7817 -2.8223
Car -1 -1 -1.7889 0.0000 180.1150 118.2536 254.9937 1.4698 1.6383 4.0495 -12.4502 1.4432 16.0260 -2.4467 -3.4472
Car -1 -1 -7.8988 337.2623 163.5947 384.5388 210.8499 1.8161 1.6640 3.7635 -9.9990 1.1283 29.6625 -8.2263 -3.4514
Car -1 -1 -7.8317 712.5329 166.2854 732.9400 184.2355 1.4493 1.6201 3.6775 10.1735 0.2207 59.9567 -7.6692 -3.7079
Car -1 -1 -4.6055 627.2861 177.9093 654.8604 199.6934 1.4659 1.5659 3.6542 2.8172 1.2243 50.2650 -4.5548 -3.7581
Car -1 -1 -7.9119 823.3487 175.2897 912.9639 247.1964 1.4819 1.6705 4.1496 6.1469 1.3545 17.0288 -7.5756 -3.7609
Car -1 -1 -7.5800 255.2071 171.3100 301.9584 198.7703 1.5556 1.5867 3.7511 -19.1112 0.9785 42.6650 -8.0038 -3.8656
Car -1 -1 -4.5498 264.2446 184.6545 297.7708 209.1752 1.8533 1.8099 4.0817 -25.3816 2.1134 57.0633 -4.9717 -3.9391
Car -1 -1 -4.9022 550.1164 176.3554 581.4128 199.6087 1.6079 1.5880 3.5189 -2.5808 1.2522 51.5716 -4.9570 -3.9579
Car -1 -1 -7.2076 72.9902 184.6682 162.7493 217.6483 1.5427 1.7742 3.8410 -24.0891 1.7101 35.9436 -7.7998 -4.1553
Car -1 -1 -7.2280 466.3362 175.8971 547.2935 213.0926 1.5634 1.6824 3.8448 -4.1944 1.3282 32.2841 -7.3613 -4.4296
Car -1 -1 -7.7728 0.0000 0.0000 1192.1499 373.0000 1.3370 1.4702 3.1176 0.7168 1.5287 1.5054 -7.3974 -4.5122
Car -1 -1 -7.9428 445.6939 167.0312 476.0683 191.8036 1.5366 1.5794 3.8402 -9.1506 0.6392 46.6218 -8.1404 -4.5930
Car -1 -1 -7.3548 57.6966 197.8465 120.4032 227.2206 1.7927 1.7857 3.8896 -34.2455 2.9347 48.1464 -7.9757 -4.6362
Car -1 -1 -7.9159 443.7045 179.1944 490.8649 220.3567 1.5070 1.5703 3.7796 -5.3641 1.4230 28.3253 -8.1066 -4.6975
Car -1 -1 -5.1837 679.7972 174.3416 756.9238 210.2982 1.5904 1.8201 4.3154 5.4446 1.2740 34.1060 -5.0317 -4.8039
Car -1 -1 -4.5076 0.0000 184.0904 0.0000 209.4555 1.5076 1.6470 4.0084 -41.4030 1.6786 45.2737 -5.2505 -5.8867
Car -1 -1 -8.0171 719.5110 163.9517 756.6164 190.3694 1.7281 1.8280 4.0207 9.2798 0.5802 49.0150 -7.8359 -6.0753
Car -1 -1 -4.4938 288.7787 183.1041 321.9092 202.8844 1.5219 1.6658 3.9063 -23.7020 1.6552 57.6717 -4.8872 -6.2420
Car -1 -1 -7.8880 741.9542 179.4410 771.5997 207.1165 1.4134 1.4107 3.2446 8.2637 1.3085 38.4051 -7.6826 -6.3256
Car -1 -1 -4.4260 0.0000 219.6760 193.7173 373.0000 1.2357 1.5831 3.1266 -5.3776 1.7144 7.2556 -5.0528 -6.3716
