Car -1 -1 -4.2799 563.5755 172.8518 624.9061 208.7424 1.4532 1.5699 2.8833 -0.2823 1.1034 30.7212 -4.2941 1.5917
Car -1 -1 -4.6381 576.6931 170.8316 601.2512 191.2988 1.5370 1.6430 3.9863 -0.9184 0.7358 55.9781 -4.6594 -0.3529
Car -1 -1 -2.6261 478.2834 170.9661 529.1129 189.4789 1.5509 1.6606 4.0284 -8.3649 0.6683 61.6927 -2.7652 -0.9941
Car -1 -1 -2.9084 650.9711 171.4039 723.8031 203.5775 1.5027 1.5312 3.2446 4.1640 1.0314 34.8221 -2.7953 -1.3736
Car -1 -1 -5.4498 708.5671 174.5259 780.2282 205.4674 1.5611 1.5910 3.7926 7.5513 1.2095 38.2754 -5.2613 -1.5080
Car -1 -1 -7.8554 464.8593 172.7623 498.0385 202.8659 1.4871 1.6234 4.0236 -6.3003 1.0557 37.6067 -8.0253 -3.3972
Car -1 -1 -2.1430 34.6351 192.5893 211.4409 270.0411 1.4226 1.5346 3.2744 -9.9854 1.6748 14.9419 -2.7295 -3.4298
Car -1 -1 -7.2158 525.3859 173.1689 589.1843 201.1311 1.4355 1.5554 3.7018 -2.3431 1.0080 38.8536 -7.2806 -3.5825
Car -1 -1 -4.5224 0.0000 190.0459 17.4287 223.6490 1.7338 1.8617 3.9987 -34.4328 2.2404 40.3780 -5.2305 -3.9635
Car -1 -1 -4.3302 594.4223 175.5459 634.6021 198.0596 1.5707 1.6274 3.8211 1.0047 1.1553 52.1919 -4.3161 -4.0525
Car -1 -1 -4.0698 590.7825 172.9120 661.6125 206.1717 1.4404 1.4958 3.4329 1.1639 1.0688 32.9178 -4.0398 -4.0590
Car -1 -1 -7.8216 235.1179 170.7109 270.3207 200.4881 1.6332 1.7174 3.8522 -20.1000 1.0416 41.5081 -8.2751 -4.0811
Car -1 -1 -7.3509 668.6460 167.0477 714.4207 189.1144 1.5478 1.6372 3.9368 6.6304 0.5341 52.4630 -7.2306 -4.1031
Car -1 -1 -7.5951 235.9121 177.0734 265.8371 193.7443 1.4640 1.5772 3.5999 -31.6497 1.0750 65.0024 -8.0516 -4.2506
Car -1 -1 -4.5383 0.0000 207.7414 140.6435 316.7496 1.3720 1.5456 3.6646 -8.8814 1.8828 11.9813 -5.1715 -4.2633
Car -1 -1 -3.0706 101.3203 182.0239 214.1729 223.8164 1.5801 1.5930 3.7437 -17.6663 1.6025 28.7693 -3.6224 -4.4637
Car -1 -1 -8.5416 626.4312 161.5795 679.7629 188.0496 1.9251 1.7576 4.1896 3.8897 0.4763 54.4580 -8.4755 -4.6042
Car -1 -1 -4.3177 1.6913 188.8883 59.7553 216.2069 1.4925 1.5376 3.2318 -33.2678 1.9423 41.9617 -4.9901 -4.6397
Car -1 -1 -7.8710 694.0917 163.4227 733.4667 205.2562 1.6884 1.5755 3.6827 4.7659 0.9591 30.9193 -7.7244 -4.6557
Car -1 -1 -7.7787 231.3557 169.9890 263.7293 193.6788 1.4949 1.6314 4.0853 -23.3589 0.7686 47.5294 -8.2382 -4.8514
Car -1 -1 -4.7966 366.6526 167.8055 389.2227 186.2601 1.4490 1.4656 3.2157 -18.0939 0.3736 58.1670 -5.1018 -4.9256
Car -1 -1 -4.6836 600.2076 169.6625 616.1085 187.4972 1.7246 1.5033 2.8906 0.7209 0.5796 70.9342 -4.6783 -5.1365
Car -1 -1 -8.5864 691.1511 164.0313 744.9131 191.4986 1.7863 1.5542 3.6272 7.8662 0.6503 48.6601 -8.4319 -5.1707
Car -1 -1 -7.8517 507.7929 163.2467 525.1014 181.0581 1.6389 1.5865 3.7017 -8.0278 -0.0435 68.1294 -7.9733 -5.4965
Car -1 -1 -4.6836 553.2004 177.2228 577.3747 200.1826 1.4027 1.4518 3.7124 -2.2665 1.1415 45.7611 -4.7378 -5.5236
Car -1 -1 -4.3683 189.2766 173.8233 245.0842 199.2186 1.4721 1.7288 4.0941 -23.3405 1.0272 43.7930 -4.8604 -5.7226
Car -1 -1 -7.5152 660.5412 165.6313 694.5330 190.0948 1.7581 1.4950 3.3760 5.7093 0.6176 53.4705 -7.4142 -5.8688
Car -1 -1 -4.7531 631.9409 172.3819 659.5352 194.5891 1.3487 1.5616 3.8973 2.7782 0.7950 45.5847 -4.6976 -5.8867
Car -1 -1 -4.4268 0.0000 184.7909 0.0000 215.6172 1.5374 1.6563 4.0170 -41.4362 1.7235 38.4321 -5.2514 -5.8867
Car -1 -1 -4.4611 0.0000 185.8570 0.0000 214.6495 1.5413 1.6570 4.0138 -41.4206 1.8046 41.2502 -5.2504 -5.8867
Car -1 -1 -4.3497 20.7909 186.8790 86.0693 215.3485 1.5162 1.6408 4.1029 -31.3987 1.8419 41.2866 -5.0019 -5.8867
Car -1 -1 -4.4882 0.0000 184.5613 0.0000 211.5141 1.5395 1.6579 4.0168 -41.4104 1.7348 43.6659 -5.2491 -5.8867
Car -1 -1 -4.6755 750.4775 168.7766 845.6042 251.4906 1.6157 1.8261 4.3873 4.4920 1.3678 16.3963 -4.4175 -6.3024
Car -1 -1 -7.8859 658.1457 165.2291 705.0522 213.0734 1.8304 1.7423 4.5462 3.2321 1.2083 29.8096 -7.7840 -6.3381
Car -1 -1 -2.7926 482.1543 167.5120 551.9854 194.1665 1.9595 1.7651 4.9297 -6.3368 0.9311 54.2247 -2.9134 -6.4032
Car -1 -1 -8.1509 483.9661 175.4199 536.7400 203.2951 1.3722 1.6573 3.8373 -4.8075 1.0731 37.4508 -8.2827 -6.4379
