Car -1 -1 -7.8027 619.1796 178.2354 639.4327 196.3827 1.5879 1.6652 3.4673 2.5640 1.3020 64.6520 -7.7682 0.2036
Car -1 -1 -3.4787 0.0000 0.0000 1237.0000 373.0000 1.4616 1.5674 3.5103 -2.7246 1.6465 1.2748 -4.5424 -0.0420
Car -1 -1 -5.0149 133.6409 186.9546 182.4669 213.2709 1.5198 1.6062 3.3467 -27.1056 1.8661 43.8910 -5.5705 -1.1662
Car -1 -1 -8.0336 665.6959 181.1741 718.8382 215.5516 1.4790 1.6613 4.2111 4.0906 1.4653 33.0587 -7.9166 -1.5118
Car -1 -1 -7.7143 428.1732 180.6679 497.4055 233.1281 1.5501 1.6793 3.8821 -4.4118 1.5260 23.2070 -7.9054 -1.7613
Car -1 -1 -6.2520 0.0000 150.6868 146.1682 243.7417 1.9234 1.7239 3.5532 -12.7029 1.2871 16.5816 -6.9032 -1.8993
Car -1 -1 -3.9813 577.0091 181.9295 634.4313 203.9413 1.4029 1.6032 3.9592 0.3307 1.4327 47.8674 -3.9795 -2.0306
Car -1 -1 -1.8395 137.6968 183.2733 180.4411 207.4941 1.5969 1.6125 3.5375 -30.4388 1.7233 49.4147 -2.3943 -2.6319
Car -1 -1 -7.5730 250.0182 181.8837 325.5483 223.1591 1.3987 1.5545 3.7786 -11.4262 1.4142 26.3523 -7.9837 -2.7549
Car -1 -1 -4.6501 80.3518 167.6352 154.8714 225.1706 1.6035 1.6540 4.0345 -14.8565 1.2176 22.1798 -5.2399 -2.7938
Car -1 -1 -7.6936 528.6525 175.2894 555.9158 194.9187 1.5409 1.6604 3.6441 -4.7417 1.0532 58.2667 -7.7794 -2.9470
Car -1 -1 -6.2171 452.4932 180.3410 525.4750 209.7428 1.5154 1.6167 3.7226 -5.9058 1.4559 38.0007 -6.3754 -2.9829
Car -1 -1 -6.1670 782.7296 156.5386 896.6961 196.6288 1.6182 1.7119 4.4644 10.1548 0.6110 30.7010 -5.8551 -3.0056
Car -1 -1 -3.6836 733.0587 159.7398 792.3272 182.3530 1.7261 1.7419 4.2496 12.6617 0.0650 56.3394 -3.4683 -3.0191
Car -1 -1 -5.3426 649.7252 169.6165 710.6267 198.4553 1.7463 1.6940 4.1837 4.9591 1.0268 45.7323 -5.2402 -3.0977
Car -1 -1 -4.7774 278.0884 169.9593 321.5290 204.7080 1.4312 1.5280 3.2552 -13.2276 0.9562 31.3834 -5.1783 -3.2245
Car -1 -1 -3.3255 424.1151 182.3477 526.6716 223.1337 1.4423 1.5555 3.5413 -4.7346 1.4759 26.8121 -3.5038 -3.3482
Car -1 -1 -5.6453 526.3187 181.2647 587.4100 205.1166 1.4571 1.5542 3.6510 -2.8344 1.4428 45.5224 -5.7122 -3.3631
Car -1 -1 -4.1865 0.0000 0.0000 1237.0000 373.0000 1.4824 1.6031 3.5057 -1.1609 1.5916 0.6912 -5.0789 -3.7022
Car -1 -1 -8.0331 698.0372 182.3416 746.1905 215.6245 1.4399 1.5640 3.3868 5.4522 1.4807 32.8722 -7.8752 -3.7425
Car -1 -1 -4.1403 147.1292 185.5621 233.3590 222.4795 1.4861 1.5145 3.6557 -17.7635 1.6733 31.1905 -4.6596 -3.8069
Car -1 -1 -7.4562 544.3862 173.9718 583.2313 194.2082 1.5832 1.6627 4.2376 -2.9932 0.9941 58.4739 -7.5121 -4.1574
Car -1 -1 -3.0305 77.8532 182.1237 174.1051 219.0650 1.4945 1.5424 3.2639 -20.1341 1.5225 30.5377 -3.6145 -4.3191
Car -1 -1 -4.5559 642.2875 182.0488 667.2153 200.5181 1.4847 1.5784 3.3623 4.4787 1.5314 59.6645 -4.4864 -4.3464
Car -1 -1 -7.8671 187.3450 170.2789 216.6895 196.7269 1.7286 1.6857 4.0536 -27.3332 0.9952 49.1257 -8.3775 -4.3477
Car -1 -1 -4.2795 254.9695 177.8323 310.0183 205.5257 1.4670 1.5300 3.3413 -17.5823 1.2729 39.7337 -4.6987 -4.4239
Car -1 -1 -3.2502 673.0015 181.0157 753.2234 212.2569 1.5084 1.6382 3.7578 5.4703 1.4852 35.5713 -3.1039 -4.5880
Car -1 -1 -3.2634 684.1500 177.4340 752.5457 207.0732 1.6523 1.7307 3.6552 6.6215 1.4257 40.9682 -3.1093 -4.8329
Car -1 -1 -4.3698 105.3450 173.9449 147.5040 193.9383 1.5194 1.6049 3.7818 -37.3609 0.9452 56.6201 -4.9558 -5.0730
Car -1 -1 -4.7321 708.5073 171.5655 729.9373 192.6664 1.7663 1.7210 4.3132 10.2247 0.9345 62.3849 -4.5753 -5.1590
Car -1 -1 -4.8312 715.7300 181.9304 769.2035 220.1308 1.4604 1.6215 4.3328 5.7348 1.4798 29.7245 -4.6474 -5.2931
Car -1 -1 -6.5056 1220.3622 197.1621 1237.0000 373.0000 1.4518 1.4940 3.4049 4.6253 1.5503 2.7715 -5.5213 -5.6990
Car -1 -1 -4.9062 418.5901 170.3325 442.5547 186.6546 1.5160 1.5267 3.7166 -16.3318 0.4785 68.7260 -5.1435 -5.8760
Car -1 -1 -4.0845 600.6906 179.2171 641.8561 198.1094 1.5746 1.6461 3.7862 1.7658 1.3841 61.8750 -4.0611 -6.3168
