Car -1 -1 -4.5868 464.3304 164.0893 526.6271 220.8971 2.0429 1.8777 4.4498 -4.0652 1.4172 28.0775 -4.7344 4.3829
Car -1 -1 -4.6688 417.8702 178.8416 453.4158 208.8702 1.4724 1.6377 4.3040 -8.6036 1.3423 37.4882 -4.8979 0.2978
Car -1 -1 -7.7246 591.9777 173.5402 621.7920 196.2050 1.5612 1.6504 4.0801 0.4445 1.0129 51.6132 -7.7210 -0.6357
Car -1 -1 -7.8731 603.3961 172.1686 622.9116 189.8701 1.5242 1.6362 3.7583 1.0452 0.7205 63.7362 -7.8617 -0.7948
Car -1 -1 -8.1438 539.5900 174.0272 566.5950 189.6623 1.4386 1.5636 3.6290 -4.5703 0.7507 68.0666 -8.2155 -0.8120
Car -1 -1 -4.4913 505.4589 166.5573 554.0178 203.6887 1.8803 1.7257 4.2283 -3.7886 1.1238 38.5765 -4.5935 -1.5922
Car -1 -1 -7.9463 259.2031 173.3004 285.6096 191.9446 1.4593 1.6084 3.5647 -26.6420 0.8174 58.1686 -8.3790 -2.0417
Car -1 -1 -4.8054 867.1226 180.1312 938.1423 231.6945 1.4091 1.5590 3.9841 8.9889 1.3722 21.7615 -4.4231 -2.1900
Car -1 -1 -7.5977 607.4547 173.3487 643.5923 196.0277 1.5546 1.6381 4.0198 1.7792 0.9958 51.3991 -7.5683 -2.2214
Car -1 -1 -4.7438 605.5757 173.1260 632.8465 198.6343 1.5739 1.6138 3.5532 1.1127 1.0573 46.1088 -4.7248 -2.2720
Car -1 -1 -2.7587 566.2847 170.0783 620.5713 191.3991 1.6675 1.6964 4.0176 -0.6184 0.7741 57.6953 -2.7742 -2.6481
Car -1 -1 -5.0347 147.1201 187.3123 212.1625 219.5805 1.4563 1.6185 3.7293 -20.5389 1.7539 34.9126 -5.5683 -2.8312
Car -1 -1 -2.0817 217.4011 173.2522 274.8672 199.0830 1.5871 1.7460 3.5976 -22.6950 1.0804 45.8703 -2.5438 -3.0035
Car -1 -1 -2.8313 0.0000 197.6490 90.2639 304.7744 1.3344 1.4871 3.4461 -9.9507 1.6083 10.7613 -3.5710 -3.3482
Car -1 -1 -4.6383 387.6145 177.8658 428.7037 210.4493 1.5571 1.7170 4.4174 -9.8057 1.3837 36.6599 -4.9029 -3.4294
Car -1 -1 -4.6035 645.7903 165.9041 669.6843 185.1376 1.6728 1.7095 4.3332 5.1411 0.3161 64.7613 -4.5294 -3.8831
Car -1 -1 -2.9326 166.4271 173.2100 249.6117 199.4843 1.5800 1.6571 4.2847 -24.3470 1.0816 44.6098 -3.4347 -4.2892
Car -1 -1 -4.3760 438.4085 175.8160 478.9467 202.1041 1.7367 1.7093 3.4105 -9.7362 1.3612 49.2635 -4.5752 -4.4714
Car -1 -1 -7.4260 150.9998 179.6287 209.8280 204.9212 1.4075 1.5551 3.7444 -24.4885 1.3035 41.9157 -7.9570 -4.6177
Car -1 -1 -3.4242 416.8515 176.4151 523.3695 219.3888 1.6964 1.6880 4.0693 -5.4957 1.4961 30.0272 -3.6088 -4.8442
Car -1 -1 -4.7723 133.1385 185.7483 174.8183 215.6852 1.4305 1.5946 3.4286 -22.9017 1.6587 36.7087 -5.3320 -5.1363
Car -1 -1 -7.3976 193.3914 158.9869 281.2247 203.6312 1.8763 1.7005 4.5794 -16.3430 0.9304 32.4892 -7.8654 -5.2104
Car -1 -1 -7.7738 155.8063 193.6785 279.3045 294.7942 1.4902 1.6627 3.8969 -6.9227 1.7508 13.2150 -8.2540 -5.9871
