Car -1 -1 -4.5216 449.1206 158.7303 530.5868 221.3759 2.0721 2.0850 4.6771 -3.9532 1.3194 26.1353 -4.6754 3.2403
Car -1 -1 -7.9155 555.7488 171.1614 582.2460 194.1630 1.5684 1.6275 3.7171 -2.3195 0.8634 50.9183 -7.9657 1.8344
Car -1 -1 -7.9726 595.5181 166.6604 619.8715 185.6422 1.5821 1.6355 3.8037 0.5367 0.3451 61.8542 -7.9688 -0.7233
Car -1 -1 -4.7009 604.6934 169.1270 628.8595 193.0871 1.5846 1.5986 3.9990 1.0783 0.7663 49.5281 -4.6842 -1.3814
Car -1 -1 -3.1488 21.7279 165.5263 124.7519 200.4620 1.7467 1.7261 4.3018 -27.7873 0.9483 37.8943 -3.7831 -2.0308
Car -1 -1 -4.7033 496.5190 166.8762 536.0684 208.5699 1.7711 1.6738 4.0239 -3.8699 1.1502 32.6080 -4.8255 -2.1339
Car -1 -1 -7.7929 536.2573 170.8498 556.5117 188.8704 1.6103 1.6587 3.5617 -4.9974 0.6583 65.9853 -7.8731 -3.0412
Car -1 -1 -4.5426 753.2017 167.8035 813.1240 212.6953 1.4989 1.5433 3.5468 6.5877 1.0420 25.9184 -4.3012 -3.1927
Car -1 -1 -4.6889 376.9423 169.7736 411.8354 202.2642 1.5277 1.5869 3.6168 -10.2649 0.9766 35.7264 -4.9717 -3.3669
Car -1 -1 -7.6689 218.8382 170.8971 253.6733 192.6512 1.5998 1.6698 4.0750 -27.8972 0.8200 55.0161 -8.1412 -3.8422
Car -1 -1 -4.4133 34.9459 186.7945 120.8684 230.9110 1.5424 1.5874 3.9526 -20.1188 1.7629 27.7501 -5.0413 -3.9041
Car -1 -1 -7.5668 236.4649 171.3585 274.9741 192.0347 1.5320 1.6534 3.8688 -26.5265 0.7805 55.2696 -8.0173 -3.9131
Car -1 -1 -5.4525 607.1130 167.7107 670.8816 195.9622 1.7431 1.6264 4.3077 2.3867 0.8924 46.4972 -5.4065 -3.9674
Car -1 -1 -7.7930 739.6716 166.0949 765.7550 187.7722 1.4848 1.6131 3.8762 10.8429 0.4296 51.2831 -7.5906 -4.0249
Car -1 -1 -7.1585 408.3348 177.2083 464.1205 199.5984 1.5041 1.6319 4.0141 -11.5278 1.2158 50.4143 -7.3872 -4.0519
Car -1 -1 -4.8646 527.8453 169.6695 559.8660 192.7373 1.5712 1.6738 3.8874 -4.1145 0.7654 51.0142 -4.9496 -4.0781
Car -1 -1 -7.5246 213.3719 167.9745 267.0517 195.0115 1.5844 1.7410 4.0631 -22.1582 0.7919 44.2275 -7.9916 -4.1402
Car -1 -1 -4.2812 570.6505 169.9704 615.3554 194.4947 1.6595 1.7255 3.8349 -0.5396 0.8793 50.7112 -4.2967 -4.2030
Car -1 -1 -8.1636 712.7874 166.8242 751.7811 188.5718 1.4916 1.5754 3.9877 9.3160 0.4850 51.3510 -7.9899 -4.2637
Car -1 -1 -7.3128 186.5464 162.0411 276.3178 203.5156 1.7373 1.7036 4.1141 -16.4754 0.9225 32.1988 -7.7873 -4.4351
Car -1 -1 -5.4089 0.0000 191.9175 41.5759 341.5668 1.4691 1.5838 4.1423 -8.9797 1.5996 8.0606 -6.2376 -4.5115
Car -1 -1 -7.5362 650.9923 174.0496 714.3763 210.4398 1.4302 1.5745 3.7673 3.4675 1.1377 30.2727 -7.4283 -4.5492
Car -1 -1 -4.6730 187.7655 166.0742 225.0829 194.0731 1.4937 1.6959 4.0544 -22.2249 0.6709 40.5147 -5.1769 -4.6654
Car -1 -1 -7.5606 187.3555 170.0693 239.1733 196.4182 1.5276 1.6504 4.1947 -23.6230 0.8650 43.8677 -8.0569 -4.6810
Car -1 -1 -7.9121 234.7268 167.4919 265.3415 189.7137 1.4885 1.6808 3.9794 -24.6044 0.5502 50.2621 -8.3701 -4.6968
Car -1 -1 -7.7130 57.0567 165.5803 114.7960 204.8078 1.8019 1.7762 3.8367 -25.1216 1.0709 35.1088 -8.3355 -4.7693
Car -1 -1 -7.9376 629.8129 163.9425 651.2586 184.1419 1.9154 1.7297 4.1155 3.8313 0.2502 70.2029 -7.8882 -4.9043
Car -1 -1 -8.0885 386.9579 176.5085 424.2000 199.3419 1.5410 1.6301 3.9956 -13.8260 1.2042 50.6234 -8.3588 -5.1320
Car -1 -1 -6.2134 584.4456 174.3735 679.2874 208.4760 1.4455 1.5749 4.0530 1.3518 1.1437 31.4476 -6.1758 -5.1760
Car -1 -1 -5.8260 874.3932 156.1027 1010.5356 207.3183 1.5156 1.5655 3.6445 10.8823 0.7645 23.1650 -5.3961 -5.2681
Car -1 -1 -2.8937 568.7899 170.4046 630.4713 196.1699 1.5652 1.5391 3.5836 -0.0955 0.8913 44.8123 -2.9008 -5.3330
Car -1 -1 -5.2399 1126.6737 168.0173 1237.0000 240.6715 1.4500 1.4247 3.6080 13.6355 1.1815 16.2300 -4.5542 -5.4081
Car -1 -1 -7.8363 504.4167 168.7439 541.8808 205.5827 1.7241 1.7477 4.6034 -3.9007 1.1273 35.9923 -7.9485 -5.4719
Car -1 -1 -4.5364 132.8014 170.1958 178.3835 195.8532 1.3639 1.5508 3.7018 -24.8861 0.7632 40.1932 -5.0928 -5.5871
Car -1 -1 -6.3924 642.4753 163.2053 699.0063 183.6089 1.7486 1.7811 4.7205 6.0254 0.1805 62.4960 -6.3015 -5.7714
Car -1 -1 -7.4783 1204.0083 180.9742 1237.0000 373.0000 1.4136 1.5482 4.0345 7.1912 1.4110 6.0209 -6.6311 -6.0676
Car -1 -1 -5.2943 1237.0000 91.3858 1237.0000 373.0000 1.4705 1.5743 4.1236 5.1237 1.4011 2.7581 -4.2619 -6.1211
Car -1 -1 -8.1152 94.6199 174.2547 163.5159 203.8734 1.3805 1.8295 4.1455 -23.4147 1.0431 35.5411 -8.6993 -6.2236
