Car -1 -1 -4.6095 497.6417 166.4198 558.1885 221.9826 2.2225 2.1517 4.6701 -3.0981 1.6196 31.0687 -4.7133 7.2273
Car -1 -1 -4.5087 563.9110 173.6589 600.4949 204.1081 1.8711 1.6147 3.9029 -1.1862 1.3893 46.2018 -4.5393 0.8970
Car -1 -1 -3.2325 1015.2059 158.0094 1175.2834 216.4178 1.6049 1.6103 3.7627 14.4597 0.9599 21.3386 -2.6477 -0.5270
Car -1 -1 -4.5894 665.5778 181.1997 711.9557 215.6572 1.4331 1.5846 4.1323 3.9424 1.4209 32.0702 -4.4733 -0.9942
Car -1 -1 -3.3233 0.0000 201.6468 144.1313 286.6244 1.4050 1.5638 3.7652 -11.8176 1.8729 14.7269 -3.9963 -1.2738
Car -1 -1 -7.9270 46.5630 197.3642 139.9006 267.0267 1.4444 1.5922 4.2207 -12.8417 1.8895 17.9983 -8.5453 -1.6094
Car -1 -1 -7.0566 1099.2249 156.6412 1237.0000 222.5111 1.5387 1.5719 3.5422 14.5174 0.9585 17.7386 -6.3830 -1.7369
Car -1 -1 -4.7229 613.8195 180.1156 635.0402 200.2138 1.4673 1.5398 3.5354 1.7264 1.3661 54.2216 -4.6963 -1.8988
Car -1 -1 -7.6486 0.0000 197.3750 74.2104 270.3117 1.4531 1.6212 4.0894 -14.2307 1.8877 17.4520 -8.3307 -2.2678
Car -1 -1 -4.6448 51.2087 165.9336 98.0682 199.6821 1.6496 1.6954 4.1109 -27.2911 0.8890 37.3009 -5.2780 -2.9081
Car -1 -1 -6.4570 622.4678 173.2807 673.2462 191.8289 1.6683 1.7008 4.4010 4.2590 0.9288 65.7068 -6.3975 -3.2254
Car -1 -1 -7.8206 549.2515 170.5342 566.8814 185.7870 1.4724 1.6404 3.7497 -4.2362 0.4135 71.2436 -7.8846 -3.5017
Car -1 -1 -4.8183 632.8282 174.1149 663.8054 199.8009 1.7310 1.6926 4.3970 3.2706 1.2333 50.6454 -4.7591 -3.5939
Car -1 -1 -7.8790 303.2430 175.4327 345.1970 212.0608 1.4954 1.5984 3.6103 -12.1352 1.2480 31.3004 -8.2511 -3.7576
Car -1 -1 -4.7484 581.1669 178.7569 604.7691 199.6664 1.5408 1.6362 4.0230 -0.6623 1.3386 54.9869 -4.7654 -3.7623
Car -1 -1 -8.1801 641.2675 179.2961 700.5167 219.4489 1.5264 1.5588 2.7096 2.7188 1.4430 28.8086 -8.0920 -3.8297
Car -1 -1 -5.3345 652.0303 176.9742 700.3044 200.5752 1.5757 1.5606 3.5181 5.1611 1.2736 49.8725 -5.2370 -3.9685
Car -1 -1 -7.8983 754.9122 173.0739 825.9153 247.1960 1.6587 1.4980 3.7570 4.6181 1.4707 18.0633 -7.6569 -4.1337
Car -1 -1 -7.8462 850.6492 183.4551 942.5612 265.6169 1.4254 1.5181 3.4241 5.8493 1.4703 14.4226 -7.4726 -4.2108
Car -1 -1 -4.4644 288.0174 182.0994 326.6553 205.7383 1.5186 1.5531 3.6845 -19.6648 1.5604 48.1782 -4.8551 -4.2575
Car -1 -1 -4.3927 296.5412 179.6886 331.7591 199.3729 1.6666 1.7500 3.8513 -25.0361 1.5130 62.7959 -4.7756 -4.5552
Car -1 -1 -7.4009 440.6130 185.1574 504.3672 215.1049 1.4631 1.6797 4.1295 -6.7228 1.6673 37.8491 -7.5807 -4.5961
Car -1 -1 -4.6506 666.5970 170.1105 688.2538 188.1440 1.6266 1.7664 4.4386 7.1675 0.5990 67.1246 -4.5495 -4.6134
Car -1 -1 -8.5789 1007.6932 159.9926 1167.2744 227.4365 1.5858 1.5143 3.4286 12.4412 1.0806 18.6980 -8.0033 -4.7360
Car -1 -1 -2.8631 188.9896 162.8378 317.2514 198.6846 1.6290 1.9154 5.1418 -16.3885 0.7812 34.0275 -3.3138 -4.8148
Car -1 -1 -4.8623 260.2458 183.4034 299.6048 205.6349 1.3833 1.7755 3.9457 -21.1507 1.5140 47.1994 -5.2866 -4.9765
Car -1 -1 -7.9429 658.6657 166.8936 679.8243 185.3370 1.7697 1.7007 4.0689 6.7099 0.3678 70.9591 -7.8538 -4.9887
Car -1 -1 -2.0350 193.1727 174.3714 254.0974 201.5923 1.6369 1.7772 3.9888 -23.7233 1.2083 45.0785 -2.5220 -4.9911
Car -1 -1 -8.5325 687.1981 183.3763 939.1190 313.9207 1.4480 1.5542 3.2436 2.6437 1.4790 9.8174 -8.2818 -4.9916
Car -1 -1 -2.9615 273.0766 154.8751 346.7068 190.3070 1.9101 1.6758 3.5523 -16.1408 0.4749 39.9094 -3.3484 -5.0085
Car -1 -1 -7.4127 540.8674 181.5313 598.1964 210.5870 1.5632 1.6883 4.0881 -1.7548 1.5652 40.8619 -7.4605 -5.0107
Car -1 -1 -7.8797 616.4547 175.1333 640.5992 199.8235 1.6652 1.5731 3.4572 1.8745 1.2358 50.1809 -7.8476 -5.2557
Car -1 -1 -2.1423 1.1063 172.6844 94.7490 208.1768 1.6087 1.6805 3.8726 -26.2005 1.2094 33.9986 -2.8001 -5.2965
Car -1 -1 -6.1691 387.8875 184.9293 487.1557 212.7659 1.4701 1.7384 5.1452 -8.9087 1.6637 39.3700 -6.3953 -5.3460
Car -1 -1 -6.2344 505.6855 173.5257 567.9263 199.0785 1.7219 1.8125 4.1885 -4.3917 1.1846 49.4044 -6.3276 -5.3633
Car -1 -1 -5.0841 917.2709 157.6793 986.4238 192.2020 1.5434 1.7007 3.6423 16.4786 0.4787 33.9915 -4.6406 -5.4336
Car -1 -1 -4.3144 624.3734 178.6849 664.5961 199.1734 1.4859 1.5828 4.1107 3.3127 1.2817 54.2898 -4.2588 -5.5660
Car -1 -1 -7.4367 278.7627 164.8837 342.8759 198.6457 1.6852 1.7197 3.8576 -15.2186 0.8560 37.8094 -7.8219 -5.5686
Car -1 -1 -6.4766 1150.2123 127.0217 1237.0000 171.8777 1.5279 1.6788 3.4835 22.7164 -0.3786 26.7181 -5.7816 -5.5793
Car -1 -1 -3.4002 831.1777 151.1438 937.0895 185.2847 1.6703 1.7047 4.6850 14.1723 0.1854 36.2408 -3.0346 -5.7036
Car -1 -1 -8.1874 698.1591 179.0594 757.3923 211.0594 1.5039 1.7718 3.6565 6.2024 1.3894 35.7097 -8.0218 -5.8467
Car -1 -1 -4.8824 514.6018 181.9677 560.6356 211.0275 1.4579 1.6689 4.6353 -3.4969 1.4847 38.5693 -4.9773 -6.1636
