Car -1 -1 -4.6207 467.8424 163.1370 531.4211 221.5887 2.1520 2.1318 4.4195 -3.9886 1.4763 28.7076 -4.7627 5.4020
Car -1 -1 -4.7111 236.6718 180.8797 264.7073 205.0035 1.4460 1.5227 3.4208 -21.9327 1.4089 44.9294 -5.1680 -0.9179
Car -1 -1 -8.1311 590.8725 167.9229 622.6193 187.4193 1.6922 1.7107 4.3443 0.4693 0.5135 64.6717 -8.1287 -1.2459
Car -1 -1 -4.5406 509.4973 173.4219 551.1365 204.0503 1.6014 1.6311 4.0796 -3.8723 1.1792 39.6488 -4.6424 -1.7661
Car -1 -1 -4.7124 417.3586 177.2950 448.0515 207.2478 1.5447 1.5489 3.6982 -9.1773 1.3280 39.0233 -4.9469 -1.7713
Car -1 -1 -4.8437 152.0671 188.2649 198.2302 218.6643 1.4632 1.5824 3.7034 -22.2220 1.8337 37.3816 -5.3821 -2.0047
Car -1 -1 -6.3916 0.0000 156.1890 26.4286 191.1905 1.5619 1.6847 4.2615 -30.2506 0.4327 34.1979 -7.1168 -2.4727
Car -1 -1 -4.2598 607.5764 175.1662 650.6465 196.3528 1.4915 1.6166 3.9291 2.0853 1.0456 52.6832 -4.2254 -2.4830
Car -1 -1 -4.1794 564.9582 170.5533 606.6727 189.2258 1.5586 1.7032 4.2520 -1.2826 0.6447 62.2318 -4.2048 -2.5139
Car -1 -1 -4.0657 217.3129 172.9665 299.7433 207.1195 1.5123 1.6034 3.6883 -16.0409 1.1347 33.7742 -4.5111 -2.6193
Car -1 -1 -7.8597 871.2305 165.9298 945.2335 229.7173 1.5098 1.6394 3.9704 8.0831 1.1418 19.1497 -7.4703 -3.1631
Car -1 -1 -5.3626 569.8969 175.6208 621.1953 197.4496 1.5299 1.6818 3.9484 -0.4524 1.1178 52.4183 -5.3762 -3.4871
Car -1 -1 -2.1329 11.2795 168.4275 101.2843 202.2746 1.7508 1.7086 4.5346 -29.4137 1.0748 38.7509 -2.7838 -4.1241
Car -1 -1 -4.8841 117.7137 189.4118 170.5376 220.0481 1.4316 1.6337 3.7687 -23.2830 1.8553 36.5103 -5.4537 -4.1772
Car -1 -1 -3.5826 572.3605 175.6831 629.0833 199.7897 1.5143 1.6030 3.3088 -0.0407 1.1489 46.5603 -3.5885 -4.4304
Car -1 -1 -6.8708 179.8808 174.6811 312.0998 221.3083 1.6133 1.7006 4.2445 -13.3104 1.3777 27.1163 -7.3284 -4.4349
Car -1 -1 -4.8836 610.7480 174.2193 645.3947 199.3224 1.6208 1.6608 3.9435 1.7608 1.1507 48.4476 -4.8525 -4.5010
Car -1 -1 -6.6127 871.2819 160.9397 1022.7608 212.0432 1.5112 1.5876 3.9170 10.5634 0.9037 22.2363 -6.1788 -4.7049
Car -1 -1 -4.2060 271.0338 173.4400 339.7792 205.2526 1.4954 1.5031 3.8257 -14.6570 1.1168 35.7530 -4.5975 -4.7351
Car -1 -1 -2.3577 0.0000 203.6392 176.7947 260.2309 1.4295 1.7540 4.7753 -14.8466 2.0949 20.3426 -2.9875 -4.8534
Car -1 -1 -4.6574 586.8076 175.8370 613.1529 198.9279 1.5142 1.6151 3.7327 -0.0564 1.1429 49.0104 -4.6636 -4.9394
Car -1 -1 -3.8284 348.5182 177.8305 434.1329 210.8360 1.5746 1.6272 4.0582 -10.5844 1.3998 36.4043 -4.1145 -4.9417
Car -1 -1 -6.9761 152.3632 176.8573 239.4905 208.4725 1.7784 1.7187 4.4550 -24.0504 1.5174 42.7955 -7.4906 -4.9786
Car -1 -1 -7.8529 609.9406 174.2514 631.3367 193.9527 1.4984 1.6272 3.8881 1.5229 0.9470 56.5949 -7.8311 -5.1462
Car -1 -1 -4.5059 251.6826 170.7994 287.7195 192.5311 1.6293 1.7833 3.9898 -25.7890 0.8270 56.0022 -4.9405 -5.1602
Car -1 -1 -2.3866 0.0000 194.5868 95.6062 312.5065 1.4744 1.5855 3.6120 -9.4223 1.6711 9.9609 -3.1368 -5.5074
Car -1 -1 -4.5797 276.5210 167.4258 305.0586 189.4072 1.7582 1.7055 3.7166 -25.6565 0.6323 59.4778 -4.9902 -5.7367
Car -1 -1 -2.4975 555.2237 175.7327 607.9843 196.9924 1.5871 1.6786 3.8199 -1.5260 1.1565 55.4098 -2.5299 -6.1502
Car -1 -1 -5.1183 469.9386 179.5183 538.9467 208.3370 1.3814 1.7621 4.7292 -5.0671 1.2866 36.9107 -5.2589 -6.2447
Car -1 -1 -5.6608 207.7407 153.1581 313.1131 203.7285 2.5261 1.9639 4.6678 -17.6556 1.1106 37.2610 -6.1055 -6.8062
Car -1 -1 -4.6331 1198.8506 154.1234 1237.0000 373.0000 1.5593 1.9732 4.5194 5.8044 1.4623 4.6968 -3.7751 -7.0030
Car -1 -1 -7.9713 1136.9957 170.3914 1237.0000 373.0000 1.7337 1.5201 3.4433 5.8665 1.6623 6.5194 -7.2640 -8.8593
