Car -1 -1 -4.5530 411.9937 158.0536 497.3402 226.5019 2.0940 2.1283 4.6056 -4.8563 1.3772 24.3203 -4.7533 6.8253
Car -1 -1 -4.7365 529.6799 168.1951 562.6085 201.0982 1.8234 1.7888 4.2781 -3.2823 1.0862 42.0292 -4.8189 4.1840
Car -1 -1 -4.6253 458.5366 165.5634 510.0099 213.3718 1.8914 1.7915 4.7171 -4.9601 1.2612 30.8383 -4.7885 0.6797
Car -1 -1 -4.4358 563.0223 172.4569 603.1541 195.8129 1.4835 1.6327 4.0919 -1.1636 0.9092 47.8108 -4.4650 -0.6934
Car -1 -1 -4.8295 574.5363 169.4438 602.4329 191.4400 1.6035 1.6477 3.8670 -0.9983 0.7245 54.3940 -4.8526 -2.0461
Car -1 -1 -6.6356 546.1741 170.4449 614.3218 199.2208 1.6470 1.6646 3.6884 -1.2594 1.0144 42.5808 -6.6700 -2.1147
Car -1 -1 -5.6640 855.8799 162.7731 999.3564 215.4375 1.4530 1.5737 3.7321 9.7599 0.9368 21.8231 -5.2530 -2.5161
Car -1 -1 -7.9042 745.4149 174.5955 794.4072 216.5568 1.4193 1.5194 3.5772 6.0537 1.1862 26.1880 -7.6843 -2.8217
Car -1 -1 -3.6581 329.2996 169.4870 407.3076 198.0671 1.5447 1.6863 3.8966 -13.2070 0.8956 40.8323 -3.9740 -2.9041
Car -1 -1 -4.1996 392.2619 173.4100 447.5262 199.7798 1.5195 1.5797 3.8195 -10.9142 1.0534 43.4409 -4.4493 -3.6390
Car -1 -1 -7.6405 541.4717 169.9667 583.9454 196.2401 1.6780 1.9330 4.6412 -2.5333 0.9415 48.3209 -7.6976 -3.7098
Car -1 -1 -8.0105 572.1290 167.7849 599.7564 189.1763 1.7320 1.6965 3.9656 -1.3085 0.6214 60.2667 -8.0370 -3.8030
Car -1 -1 -4.5162 617.9432 172.0966 644.6820 191.1749 1.5524 1.5802 3.6715 2.5688 0.7871 60.4176 -4.4788 -4.0171
Car -1 -1 -2.7216 126.7456 158.7291 247.5614 203.0881 1.7446 1.7364 3.9051 -16.8368 0.8494 29.3154 -3.2440 -4.1377
Car -1 -1 -6.5002 0.0000 155.6024 81.6832 207.5338 2.0978 1.8942 4.3981 -25.6149 1.0520 31.3312 -7.1864 -4.2268
Car -1 -1 -5.1762 812.1367 163.4215 908.2293 211.7558 1.4314 1.5286 3.3438 8.1633 0.8965 23.0308 -4.8441 -4.5150
Car -1 -1 -6.2249 150.5940 168.7380 227.2908 199.0597 1.7215 1.7772 3.8375 -24.2806 0.9971 42.4368 -6.7469 -4.6942
Car -1 -1 -6.2705 880.5170 142.3182 991.4367 197.0315 1.7651 1.7722 3.3409 11.4149 0.5015 24.6837 -5.8463 -4.7004
Car -1 -1 -7.5510 137.0746 173.1676 199.8849 203.1119 1.4858 1.7364 3.9439 -22.6755 1.0726 37.7642 -8.0936 -4.7503
Car -1 -1 -6.4523 0.0000 163.1681 53.5194 198.9643 1.5984 1.6871 4.1768 -28.9053 0.7801 34.2179 -7.1548 -4.7730
Car -1 -1 -7.5348 0.0000 175.5816 45.8521 216.9462 1.4353 1.5071 3.4929 -22.3015 1.2304 26.8267 -8.2285 -4.8087
Car -1 -1 -7.6927 31.9903 174.4302 85.7955 205.1981 1.4825 1.5934 3.9092 -27.6586 1.1421 36.7133 -8.3399 -5.3816
Car -1 -1 -4.0164 0.0000 174.8964 104.7942 210.6746 1.3795 1.6400 4.0592 -22.8695 1.1252 29.7577 -4.6724 -5.5083
Car -1 -1 -7.9357 606.3531 163.4788 628.3879 184.7373 1.9689 1.7424 4.2198 1.5305 0.2995 68.6920 -7.9183 -5.6546
Car -1 -1 -7.0540 1140.6868 107.8540 1237.0000 161.9074 1.4202 1.6503 3.4659 17.6741 -0.5846 20.5037 -6.3536 -5.6581
Car -1 -1 -5.0769 394.7963 170.4278 451.3226 199.3679 1.5526 1.8007 3.9462 -10.1452 0.9588 40.6709 -5.3248 -5.7156
Car -1 -1 -7.5007 1132.9240 231.7055 1237.0000 373.0000 1.6039 1.7760 4.3393 5.5880 2.0187 4.3570 -6.6268 -7.3168
Car -1 -1 -5.5657 2.4806 180.3146 134.6607 242.8899 1.7772 1.5802 2.8027 -15.7706 1.7440 21.3017 -6.2024 -7.7862
