Car -1 -1 -4.5748 444.9619 159.5632 518.7628 223.7941 2.0732 1.9723 4.6855 -4.1569 1.3656 25.5552 -4.7397 5.7762
Car -1 -1 -4.7099 548.6921 168.1391 574.9048 195.5928 1.7627 1.6823 4.0345 -2.6568 0.9049 48.1831 -4.7696 2.0233
Car -1 -1 -7.9608 589.6832 164.4475 614.0449 185.7315 1.7562 1.6622 3.7631 0.0336 0.3490 61.2321 -7.9651 -1.0090
Car -1 -1 -3.0229 501.5289 170.2610 548.1119 188.5534 1.6220 1.6646 3.9995 -6.8255 0.6252 64.5439 -3.1327 -1.7974
Car -1 -1 -4.7922 577.3362 168.8216 607.5136 194.2547 1.6519 1.6911 4.2337 -0.6460 0.8285 48.8465 -4.8103 -2.2956
Car -1 -1 -4.6112 484.0801 170.6536 532.4564 211.2254 1.6931 1.7373 4.3025 -4.1120 1.2408 32.1524 -4.7425 -2.3393
Car -1 -1 -8.3548 851.1988 165.8486 955.9354 214.4284 1.4752 1.5622 3.7080 9.8325 1.0004 23.7458 -7.9712 -2.4228
Car -1 -1 -7.1511 132.2187 169.6944 257.1959 221.8685 1.6091 1.6185 3.7422 -13.5517 1.2455 24.1453 -7.6630 -2.5486
Car -1 -1 -4.2789 157.7916 164.4308 240.8815 206.8694 1.6747 1.6854 3.6250 -16.8244 1.0015 30.2175 -4.7882 -2.7867
Car -1 -1 -8.2814 500.9778 173.8546 561.6920 206.7969 1.5342 1.5812 3.6735 -3.5187 1.1784 35.4387 -8.3847 -3.6132
Car -1 -1 -2.8665 558.2992 169.9756 625.5335 196.9231 1.6070 1.6115 3.8374 -0.5685 0.9198 44.1039 -2.8843 -3.6875
Car -1 -1 -4.6711 597.7160 170.4368 622.3925 192.5279 1.6427 1.7577 4.2761 0.7220 0.8200 55.5957 -4.6631 -3.7461
Car -1 -1 -1.8806 0.0000 163.2370 85.2625 213.8915 1.6244 1.6872 4.1504 -19.7805 1.0392 24.8906 -2.5520 -3.9080
Car -1 -1 -5.0187 520.8275 173.7272 549.5370 189.8085 1.4427 1.5696 3.7519 -6.1249 0.7451 66.4784 -5.1151 -3.9112
Car -1 -1 -4.8792 603.1356 163.7690 641.2549 194.9975 1.8666 1.6700 4.3393 1.2565 0.8069 45.2037 -4.8565 -3.9959
Car -1 -1 -7.0636 747.8157 167.7124 848.9221 209.1994 1.4638 1.5671 3.6077 7.3736 0.9778 26.9229 -6.8037 -4.0095
Car -1 -1 -7.6592 207.5708 177.2560 237.5177 194.8589 1.4111 1.5611 3.4795 -31.3068 1.0708 59.4757 -8.1469 -4.1311
Car -1 -1 -7.9740 190.5630 176.7210 218.9874 195.6593 1.5027 1.5881 3.7878 -32.5748 1.1234 58.9968 -8.4815 -4.2403
Car -1 -1 -8.5441 1186.7531 55.7781 1237.0000 373.0000 1.5481 1.5356 3.1930 3.5773 1.4507 2.2993 -7.6010 -4.3863
Car -1 -1 -4.4851 535.1985 171.7015 573.5575 198.2482 1.5730 1.5995 3.6816 -2.8677 0.9925 44.5090 -4.5540 -4.3995
Car -1 -1 -4.4380 10.2064 171.1054 95.5105 213.6042 1.5484 1.6247 4.1074 -21.5634 1.1701 28.3810 -5.0882 -4.4065
Car -1 -1 -7.6699 210.5601 169.9853 248.2392 193.7272 1.7161 1.7783 4.3256 -28.0191 0.8838 54.2508 -8.1496 -4.4927
Car -1 -1 -8.1901 908.7542 159.8107 1237.0000 373.0000 1.5785 1.4949 3.1996 2.1984 1.5460 2.8478 -7.5820 -4.5673
Car -1 -1 -4.4488 192.9909 166.6786 234.7647 191.5457 1.5623 1.5522 3.5209 -25.3077 0.6312 47.0216 -4.9451 -4.6532
Car -1 -1 -7.6044 31.4005 158.6117 103.8467 208.0167 2.2027 1.8097 4.1503 -25.3792 1.1825 34.2895 -8.2429 -4.7395
Car -1 -1 -7.0971 1157.9436 205.2836 1237.0000 373.0000 1.3354 1.5998 3.8146 5.3991 1.4923 3.6980 -6.1650 -4.8878
Car -1 -1 -2.8952 376.4156 163.9066 458.5879 200.8921 1.7821 1.6147 3.6464 -9.0356 0.9346 35.4303 -3.1480 -5.1036
Car -1 -1 -6.3005 1075.5760 142.5907 1237.0000 222.0643 1.5720 1.6106 3.3443 12.4759 0.8030 15.8507 -5.6467 -5.1593
Car -1 -1 -5.3877 215.1040 158.0040 282.0903 185.8302 1.7822 1.8573 4.0606 -23.4262 0.2774 47.7065 -5.8467 -5.4650
Car -1 -1 -4.5102 344.7245 162.6561 408.4113 208.6040 1.9015 1.7581 5.0853 -10.0243 1.1220 32.3459 -4.8135 -5.6928
Car -1 -1 -4.7734 220.9520 160.5441 252.8467 185.6343 1.7208 1.7650 4.3333 -26.1947 0.2835 51.5819 -5.2460 -5.7953
Car -1 -1 -6.8801 1225.4902 118.9839 1237.0000 180.5523 1.5129 1.7477 3.8138 19.1478 -0.0260 18.8965 -6.0998 -5.8047
Car -1 -1 -4.3336 181.4691 162.8701 233.9796 187.1878 1.6390 1.6962 4.5690 -27.7365 0.3834 50.7860 -4.8361 -5.8552
Car -1 -1 -7.8419 82.6715 167.3270 132.1921 209.2217 1.9051 1.8867 4.0374 -23.9460 1.2609 34.8666 -8.4452 -6.2957
