Car -1 -1 -4.5589 478.6095 164.1254 543.7117 220.9827 2.1847 2.0394 4.4616 -3.6711 1.5174 29.8587 -4.6854 4.8354
Car -1 -1 -4.3550 524.5484 169.2525 576.7276 203.9871 1.9604 1.6983 4.3800 -2.9642 1.2693 42.8828 -4.4286 0.0355
Car -1 -1 -7.8179 606.4775 171.9308 625.0110 189.4746 1.5514 1.5789 3.4973 1.3561 0.7049 65.3085 -7.8022 -0.2283
Car -1 -1 -4.3619 645.2287 181.0491 709.6137 215.0891 1.3591 1.5413 3.8146 3.2956 1.3414 30.7332 -4.2611 -1.1124
Car -1 -1 -7.9409 853.5840 163.0819 915.1095 210.2433 1.5017 1.6030 3.9277 9.7230 0.9157 24.9815 -7.5783 -2.1091
Car -1 -1 -4.8958 614.4307 174.5085 649.5309 199.9427 1.6764 1.6746 4.0652 2.0680 1.2156 49.4798 -4.8593 -2.1643
Car -1 -1 -4.8212 0.0000 201.6642 101.8852 275.3861 1.4240 1.5636 4.1115 -13.2006 1.9585 17.0034 -5.4794 -2.2822
Car -1 -1 -4.4545 249.1481 172.5257 307.7177 207.0790 1.5602 1.6548 3.7967 -15.4176 1.1552 34.4435 -4.8776 -2.3926
Car -1 -1 -6.7005 0.0000 197.9304 225.0229 275.3381 1.4417 1.6106 4.0000 -11.0392 1.8658 16.3997 -7.2911 -2.4516
Car -1 -1 -1.9625 0.0000 162.6372 57.7342 194.1229 1.5517 1.6903 4.1482 -30.1546 0.6223 37.1306 -2.6460 -2.5692
Car -1 -1 -6.7557 0.0000 196.2579 22.8968 280.3708 1.5253 1.6310 4.1487 -15.7574 1.9010 16.0332 -7.5296 -2.6788
Car -1 -1 -5.2699 576.9734 176.6358 624.0615 197.2692 1.4807 1.6331 3.9984 -0.0934 1.1316 53.6769 -5.2766 -2.8605
Car -1 -1 -4.5761 0.5086 175.8309 39.0405 199.2258 1.5831 1.6336 3.6904 -40.9163 1.1995 50.6113 -5.2584 -2.9872
Car -1 -1 -7.5017 0.0000 0.0000 1237.0000 373.0000 1.5206 1.6425 4.0561 0.6297 1.5604 1.6150 -7.1880 -3.2020
Car -1 -1 -8.7680 0.0000 0.0000 1237.0000 373.0000 1.4403 1.5634 3.6959 2.6776 1.5885 1.3029 -7.7329 -3.2738
Car -1 -1 -7.9581 857.7967 168.0263 936.3820 227.5473 1.4928 1.5812 3.7860 8.1090 1.1554 20.0520 -7.5835 -3.3311
Car -1 -1 -7.4876 614.1010 175.6525 652.8055 196.3277 1.4864 1.5928 3.9793 2.4545 1.0660 53.7854 -7.4472 -3.7907
Car -1 -1 -4.9253 604.1428 170.8378 631.6293 190.2558 1.5945 1.5792 3.6249 1.3908 0.7188 60.9178 -4.9074 -3.8688
Car -1 -1 -1.8860 76.8891 190.3103 130.5205 216.8526 1.5523 1.6374 3.8618 -31.2183 2.1269 45.0326 -2.4946 -4.1074
Car -1 -1 -4.4811 18.3060 179.7700 59.9964 201.3591 1.4424 1.5563 3.3684 -38.9556 1.3269 49.8493 -5.1468 -4.1531
Car -1 -1 -7.8332 860.4094 173.4987 969.0551 271.9620 1.5605 1.6229 3.6944 5.7847 1.4343 13.4022 -7.4382 -4.1732
Car -1 -1 -2.9814 423.3680 175.2162 476.5799 198.5170 1.5580 1.6558 3.3320 -10.2763 1.1378 48.9415 -3.1923 -4.1994
Car -1 -1 -4.6875 140.1572 202.7108 210.6430 260.4040 1.3999 1.6386 3.9720 -12.4859 2.0873 21.1316 -5.2212 -4.3491
Car -1 -1 -7.5990 624.0359 173.8243 665.1194 201.0187 1.6270 1.6203 4.0860 2.7652 1.1679 45.1697 -7.5432 -4.5115
Car -1 -1 -6.6002 47.9471 168.7336 142.1962 202.4963 1.7657 1.6944 3.9211 -27.8810 1.0982 39.6459 -7.2149 -4.5479
Car -1 -1 -4.5710 646.2252 167.6998 668.5275 184.1739 1.5614 1.6390 4.0630 5.5385 0.2531 70.2412 -4.4974 -4.7159
Car -1 -1 -6.5477 1070.3951 150.4147 1237.0000 212.4277 1.5842 1.5152 3.8617 15.3169 0.7906 19.7756 -5.9001 -4.7407
Car -1 -1 -4.5271 251.8834 180.5931 289.1432 204.2618 1.4641 1.5657 3.5618 -21.2992 1.4081 46.3544 -4.9607 -4.7456
Car -1 -1 -4.8288 570.5396 173.6458 593.1726 190.6467 1.5328 1.6331 3.9627 -1.8155 0.8244 66.8441 -4.8608 -4.8315
Car -1 -1 -4.1695 111.8583 190.5150 173.3819 214.8831 1.4500 1.5590 3.8796 -29.3893 2.0538 46.1524 -4.7391 -5.2181
Car -1 -1 -4.6440 269.4019 171.9046 321.0851 216.4589 1.6433 1.6204 4.3358 -12.2163 1.2898 28.8082 -5.0469 -5.3136
Car -1 -1 -7.8751 470.4598 173.4002 495.4542 196.9315 1.5981 1.6464 3.4486 -8.3659 1.0480 50.6318 -8.0429 -5.4083
Car -1 -1 -9.4028 0.0000 0.0000 1237.0000 373.0000 1.5191 1.7137 4.2160 4.1523 1.4880 1.4670 -8.2324 -5.5199
Car -1 -1 -5.7832 237.4005 149.2030 340.8864 197.5869 2.5173 2.0583 4.6895 -16.7306 0.8372 38.6062 -6.1946 -5.6543
Car -1 -1 -4.5593 497.9859 177.5043 541.6349 205.5777 1.4316 1.6726 4.7319 -4.3689 1.2281 39.0272 -4.6751 -5.8265
Car -1 -1 -7.8227 5.6032 190.5810 57.2184 225.9425 1.3664 1.6191 3.7245 -24.3467 1.7804 30.7492 -8.4934 -5.8270
Car -1 -1 -4.5620 0.0000 179.4146 12.5988 202.7903 1.5089 1.6522 4.2545 -41.2544 1.3743 48.6115 -5.2680 -5.8725
