Car -1 -1 -4.5807 553.3069 167.1465 607.4776 215.6470 2.1506 1.9829 4.9266 -0.9309 1.5144 34.4020 -4.6127 5.9694
Car -1 -1 -4.7307 625.7442 173.2111 647.8463 195.2053 1.6731 1.6422 3.8819 2.7767 1.0425 56.6049 -4.6869 1.6101
Car -1 -1 -7.9010 664.4999 172.8950 683.6589 188.8907 1.5016 1.6422 3.7385 7.0261 0.6935 69.3426 -7.8053 1.0254
Car -1 -1 -5.0535 0.0000 0.0000 1237.0000 373.0000 1.3961 1.5125 3.6097 2.4238 1.6131 1.6785 -4.1650 -0.2377
Car -1 -1 -8.0837 396.2043 174.2547 422.1071 189.7585 1.4105 1.5621 3.5481 -17.9959 0.7511 67.2851 -8.3490 -1.7956
Car -1 -1 -5.5093 861.4880 168.5848 975.9031 209.5656 1.4510 1.6227 4.0006 12.0423 0.9941 27.5921 -5.1063 -2.1869
Car -1 -1 -7.5401 141.9212 182.4252 1237.0000 373.0000 1.5253 1.6407 3.9888 1.0107 1.5317 2.3189 -7.1752 -2.4635
Car -1 -1 -7.8447 1044.7814 162.4869 1106.8478 210.5853 1.4484 1.5901 3.5036 15.4868 0.8763 23.5324 -7.2727 -2.7142
Car -1 -1 -7.4389 238.1350 192.5626 352.6984 248.8909 1.2841 1.5005 3.4082 -7.8941 1.6000 18.7657 -7.8375 -2.9517
Car -1 -1 -7.6689 587.1462 178.1104 618.2548 199.3661 1.5322 1.6538 3.9502 0.1502 1.2878 53.8722 -7.6711 -3.0303
Car -1 -1 -4.3602 665.9570 178.1637 704.4929 197.3904 1.4666 1.6660 4.3466 6.7250 1.2120 57.1105 -4.2485 -3.0946
Car -1 -1 -6.8893 242.9538 167.6632 332.8001 203.8302 1.6530 1.6704 3.7070 -15.1513 1.0209 34.8480 -7.3016 -3.4542
Car -1 -1 -6.9460 394.7727 182.2614 467.3237 210.2608 1.4833 1.5997 3.7611 -9.4729 1.5280 40.1293 -7.1815 -3.5675
Car -1 -1 -8.0782 819.3505 171.7263 883.2167 210.2912 1.4800 1.5979 3.9815 10.1947 1.1053 29.6280 -7.7546 -3.8593
Car -1 -1 -7.5149 349.0927 167.0873 401.9316 198.8721 1.7265 1.7001 3.8538 -12.8188 0.9438 40.9727 -7.8212 -3.8985
Car -1 -1 -6.2388 638.0919 177.3387 723.0869 210.3733 1.5139 1.5994 3.9075 3.7465 1.3234 33.9979 -6.1350 -3.9128
Car -1 -1 -7.9535 776.0979 172.8938 801.4493 191.5942 1.4114 1.5573 3.4024 14.5958 0.7617 56.0130 -7.7046 -3.9915
Car -1 -1 -3.1332 380.7239 173.4929 461.6277 210.2995 1.7224 1.7049 3.7219 -8.7371 1.3480 34.8869 -3.3819 -4.1144
Car -1 -1 -7.5859 789.4127 172.5191 823.9848 192.3131 1.4767 1.6396 3.8342 15.9522 0.8066 55.6564 -7.3130 -4.1952
Car -1 -1 -5.2637 277.7884 175.7583 337.5086 202.7149 1.7756 1.8532 4.2102 -20.1741 1.3974 49.3022 -5.6552 -4.3032
Car -1 -1 -6.3268 371.8619 186.2837 513.1364 249.9908 1.4410 1.4918 3.2395 -3.9183 1.5661 17.5646 -6.5486 -4.3475
Car -1 -1 -4.6288 595.6120 180.9826 627.4676 203.9599 1.4035 1.7037 4.4759 0.7026 1.3719 46.1842 -4.6187 -4.3602
Car -1 -1 -4.7338 371.7596 172.8365 390.6927 188.8553 1.4714 1.6178 3.6738 -20.8221 0.6753 67.9799 -5.0348 -4.4537
Car -1 -1 -6.3650 1064.3091 135.1788 1207.8651 182.7050 1.7100 1.7310 4.2897 20.4078 0.0437 27.6965 -5.7393 -4.6763
Car -1 -1 -7.3882 297.1600 188.5845 434.1544 252.8399 1.5023 1.7503 4.4026 -6.2762 1.7189 19.6125 -7.6995 -5.0187
Car -1 -1 -2.5278 484.6810 183.5915 562.8917 211.0703 1.5410 1.6380 4.4439 -4.5961 1.6696 42.3403 -2.6404 -5.1717
Car -1 -1 -4.5203 273.0874 194.1224 326.4501 228.3605 1.4055 1.5655 3.8486 -13.8123 2.0222 33.0379 -4.9188 -5.2788
Car -1 -1 -8.1501 679.9604 174.9016 720.7461 199.8428 1.6505 1.7002 3.8976 6.7898 1.2139 49.5996 -8.0198 -5.5696
Car -1 -1 -4.6519 563.7714 181.8406 596.1469 206.5258 1.3793 1.6661 4.5243 -1.2197 1.4006 42.4813 -4.6855 -5.7879
Car -1 -1 -7.1117 662.3528 170.1386 723.7338 196.3715 1.8595 1.7416 4.7839 6.8295 1.0541 53.1337 -6.9895 -5.8264
Car -1 -1 -7.9929 627.4961 175.8257 658.1021 199.7124 1.6277 1.6412 3.7058 2.9034 1.2410 50.8668 -7.9412 -6.1200
Car -1 -1 -7.7151 561.0673 170.7507 589.0950 195.0637 1.7418 1.6226 3.5316 -1.9070 0.9717 53.2996 -7.7557 -6.7278
Car -1 -1 -7.5879 48.7807 237.0164 478.1338 373.0000 1.0846 1.2455 4.1746 -1.7540 1.6327 4.9602 -7.9187 -6.8037
