Car -1 -1 -4.5812 402.7101 154.7978 484.2032 226.1989 2.0956 2.0219 4.5175 -5.0456 1.3124 23.4182 -4.7963 5.2633
Car -1 -1 -4.7218 522.5170 168.5941 557.2875 200.7551 1.6037 1.7321 4.4146 -3.3045 0.9604 38.1029 -4.8127 4.0165
Car -1 -1 -7.9398 567.8759 165.1838 592.7969 186.0676 1.6652 1.7039 3.9223 -1.7501 0.3641 59.3282 -7.9740 1.0245
Car -1 -1 -7.5308 310.0664 171.6950 378.2427 208.8610 1.5489 1.6414 4.1261 -11.3838 1.1406 32.0167 -7.8748 0.6230
Car -1 -1 -5.5354 575.7398 172.3316 642.2997 197.9674 1.5049 1.5794 4.0974 0.4303 0.9668 44.1440 -5.5307 -1.0572
Car -1 -1 -4.3950 106.0398 181.4289 167.1223 212.6867 1.4570 1.5359 3.4243 -22.7977 1.4539 35.3345 -4.9696 -1.8715
Car -1 -1 -4.9886 545.3638 170.5617 572.1143 185.8768 1.4755 1.6267 3.9123 -4.2265 0.4213 71.3207 -5.0524 -1.9483
Car -1 -1 -7.2765 572.8050 168.0312 622.4485 191.3753 1.5801 1.6610 3.8934 -0.2157 0.6684 50.7105 -7.2856 -2.2073
Car -1 -1 -4.6320 555.8518 168.4833 581.5918 191.7046 1.6789 1.6485 3.7809 -2.4025 0.7377 53.8496 -4.6813 -2.5858
Car -1 -1 -7.2261 889.1566 162.3466 1014.2950 214.2785 1.4173 1.5457 3.5392 10.2881 0.8951 21.1313 -6.7829 -2.6767
Car -1 -1 -3.7512 53.2330 171.3165 132.4784 197.6689 1.5577 1.6780 3.7196 -31.4182 0.9558 44.4945 -4.3682 -2.9299
Car -1 -1 -2.5320 92.0658 165.2443 181.3019 193.3473 1.5681 1.6659 4.0512 -26.4700 0.6612 40.9826 -3.1074 -2.9314
Car -1 -1 -7.8638 555.4111 171.1514 581.2509 194.7595 1.4841 1.6248 3.9430 -2.1989 0.8336 47.1753 -7.9150 -3.2813
Car -1 -1 -4.6436 450.8787 162.0361 499.5051 213.4952 1.9842 1.7106 4.5036 -5.2167 1.2341 30.0287 -4.8193 -3.4979
Car -1 -1 -7.3468 1203.0229 157.9945 1237.0000 284.7354 1.4766 1.6136 3.8137 10.3171 1.2034 9.6439 -6.5464 -3.5786
Car -1 -1 -8.3438 576.3939 170.6304 636.7221 199.5752 1.4991 1.6102 3.9535 0.2184 0.9364 39.3277 -8.3433 -3.7596
Car -1 -1 -4.4756 562.6715 168.6145 588.3835 184.2733 1.5114 1.6916 3.9608 -2.5028 0.2673 71.4427 -4.5154 -3.7610
Car -1 -1 -3.9290 98.3325 169.7673 160.6859 191.2335 1.5296 1.6205 3.8552 -34.8849 0.6935 53.2374 -4.5117 -4.0326
Car -1 -1 -7.3243 502.1397 173.2899 555.4792 199.0847 1.6141 1.6207 4.1562 -4.7053 1.1005 47.1782 -7.4282 -4.2209
Car -1 -1 -7.5375 283.7233 153.1967 336.3954 182.8463 1.4570 1.5574 3.3510 -14.9635 0.0664 37.0261 -7.9238 -4.3017
Car -1 -1 -4.3659 593.4454 167.4787 627.4821 187.0447 1.5128 1.6079 3.6162 0.7782 0.4286 57.5149 -4.3573 -4.5091
Car -1 -1 -8.0210 731.4420 168.1124 793.5938 210.1351 1.4029 1.5976 3.3409 5.6613 0.9564 25.6840 -7.8113 -4.6802
Car -1 -1 -8.0654 595.0924 164.8259 622.1285 183.7728 1.7330 1.7306 3.9967 0.6809 0.2076 67.8350 -8.0602 -4.7154
Car -1 -1 -6.8494 0.0000 172.6185 22.0176 216.9617 1.4560 1.6152 4.1922 -23.6372 1.1648 25.8206 -7.5906 -4.8420
Car -1 -1 -5.2409 512.9226 171.0206 564.2114 194.8664 1.6015 1.6145 4.3168 -4.4513 0.8977 50.4683 -5.3334 -5.0538
Car -1 -1 -2.7561 314.9462 168.6946 415.4597 211.3034 1.6758 1.5675 3.5479 -9.5598 1.1725 29.1514 -3.0754 -5.1401
Car -1 -1 -6.9649 110.1821 143.4967 222.3739 190.6793 1.7924 1.7717 3.6028 -17.6499 0.3491 29.2834 -7.5081 -5.3049
Car -1 -1 -5.3481 607.4314 165.4700 655.9053 188.4373 1.6925 1.6080 4.0461 2.2945 0.5112 55.0600 -5.3115 -5.3178
Car -1 -1 -7.8441 463.9197 169.4757 500.9874 206.1567 1.6012 1.6031 4.2551 -5.5622 1.0766 33.5831 -8.0120 -5.3732
Car -1 -1 -8.4167 1237.0000 142.4304 1237.0000 373.0000 1.3829 1.5645 3.8216 7.8755 1.2039 5.3698 -7.4721 -5.8584
Car -1 -1 -4.3268 0.0000 169.3909 74.2490 207.3639 1.4161 1.6847 3.7537 -22.9460 0.9649 28.8277 -4.9996 -6.0436
Car -1 -1 -6.1164 150.0436 144.6273 256.7940 182.1486 1.4346 1.5970 3.5301 -15.8799 0.0252 28.8033 -6.6211 -6.2148
