Car -1 -1 -4.5565 402.1404 156.0726 487.9726 227.4867 2.1123 2.0669 4.5951 -5.0245 1.3606 23.5992 -4.7693 6.0131
Car -1 -1 -4.7196 522.6445 167.9810 558.9492 201.1657 1.6886 1.8456 4.3326 -3.3085 1.0009 38.7966 -4.8091 3.3458
Car -1 -1 -4.2489 83.3242 181.3464 158.5151 212.4507 1.4454 1.5982 3.6827 -23.5275 1.4385 35.3068 -4.8383 -0.2520
Car -1 -1 -4.6033 448.6378 162.6001 504.1099 212.8469 1.9485 1.8234 4.5661 -5.1842 1.2159 30.1926 -4.7770 -0.7994
Car -1 -1 -4.7288 562.4454 169.9868 584.8708 191.4915 1.5390 1.5788 3.6959 -2.0735 0.7150 53.3011 -4.7724 -1.0918
Car -1 -1 -7.5836 310.9360 170.0389 374.2315 207.6942 1.5765 1.6306 4.1363 -11.5244 1.0970 32.1991 -7.9298 -1.7102
Car -1 -1 -7.9344 570.1600 165.1189 594.6740 186.3911 1.7030 1.6938 3.9856 -1.5849 0.3914 59.5841 -7.9657 -1.9283
Car -1 -1 -4.0122 85.2960 176.7703 166.6433 205.4218 1.4826 1.6350 3.8051 -25.8200 1.2381 39.1551 -4.5971 -2.1654
Car -1 -1 -7.8846 574.6857 170.3689 603.2242 196.8705 1.5310 1.5839 3.7668 -0.7896 0.8881 43.4219 -7.9076 -2.6517
Car -1 -1 -7.8946 554.0686 169.9867 582.5031 195.4123 1.5888 1.6662 4.0969 -2.2015 0.8694 47.0037 -7.9461 -2.8112
Car -1 -1 -4.8601 551.9355 174.3506 573.4762 188.5891 1.3766 1.5740 3.8229 -3.8374 0.6850 71.4812 -4.9185 -2.8535
Car -1 -1 -4.5866 133.4067 173.4705 182.7616 205.6858 1.5577 1.6543 4.2178 -22.7642 1.1697 36.9964 -5.1400 -3.1882
Car -1 -1 -7.3249 1204.6459 154.6589 1237.0000 284.1260 1.5112 1.6116 3.8228 10.3561 1.1986 9.6187 -6.5213 -3.2556
Car -1 -1 -5.4798 882.1345 157.7093 1035.3800 216.9974 1.5085 1.6245 3.8723 9.9326 0.9037 20.3708 -5.0362 -3.3232
Car -1 -1 -8.4921 738.1383 173.1250 841.2483 218.9328 1.4264 1.5603 3.5125 6.2440 1.1660 24.2888 -8.2482 -3.3272
Car -1 -1 -7.7487 153.8127 176.7531 193.1658 202.6319 1.4439 1.6028 3.7959 -25.0480 1.1792 42.1383 -8.2872 -3.6934
Car -1 -1 -4.4344 563.5064 171.8793 589.1176 186.7307 1.4385 1.5968 3.7618 -2.4325 0.5063 71.5965 -4.4731 -4.0207
Car -1 -1 -7.7105 584.2032 171.9022 622.1611 200.4164 1.4857 1.5807 3.7507 0.1373 0.9858 39.3969 -7.7120 -4.2827
Car -1 -1 -7.6003 286.8596 147.0615 337.4208 177.6286 1.4859 1.5487 3.7880 -14.9997 -0.2121 37.3994 -7.9840 -4.3277
Car -1 -1 -4.6508 63.9837 176.1129 114.3005 211.1310 1.6098 1.7659 4.1126 -25.0610 1.3624 35.2341 -5.2706 -4.5569
Car -1 -1 -7.6430 104.8070 160.1492 174.8739 201.5913 1.5767 1.6250 3.9651 -18.8523 0.7647 29.4709 -8.2129 -4.7031
Car -1 -1 -2.8486 306.6754 164.9625 409.9854 209.6121 1.7576 1.6410 3.6571 -9.8242 1.1069 29.1589 -3.1759 -4.7340
Car -1 -1 -4.8591 500.8189 175.6761 531.7939 198.5564 1.4854 1.5290 3.7542 -5.7909 1.1073 48.6477 -4.9820 -4.7545
Car -1 -1 -7.0294 1163.3992 109.2494 1237.0000 181.1246 1.6019 1.7252 3.7855 15.7455 -0.0088 16.8979 -6.2918 -4.8368
Car -1 -1 -7.9574 463.5448 166.7111 509.9343 206.1626 1.7219 1.6340 4.8699 -5.4968 1.0767 33.9164 -8.1219 -4.8752
Car -1 -1 -4.2144 0.0000 168.5168 19.3287 214.0849 1.5292 1.6384 4.1604 -23.4636 1.0939 26.3186 -4.9425 -5.1226
Car -1 -1 -7.2976 0.0000 174.2863 98.9264 212.6595 1.4690 1.5766 4.1308 -22.8153 1.1932 29.6329 -7.9545 -5.6214
Car -1 -1 -4.6156 113.7446 174.5890 168.1397 208.8275 1.4761 1.6903 4.7068 -21.3626 1.1785 33.4499 -5.1854 -5.6479
Car -1 -1 -4.2888 133.4402 174.5857 212.4941 210.9053 1.5431 1.6048 3.9366 -19.3269 1.2496 32.5663 -4.8259 -5.6546
