Car -1 -1 -4.5820 485.7838 166.9425 551.8925 223.0442 2.1972 2.2061 4.7310 -3.4181 1.6274 30.5142 -4.6978 6.7949
Car -1 -1 -7.7318 614.5563 171.8927 637.1974 189.8822 1.6006 1.6550 3.7046 2.3021 0.7456 65.8705 -7.7019 0.3800
Car -1 -1 -4.4312 543.1281 168.9663 589.1742 201.4741 1.9327 1.7685 4.3266 -2.1464 1.1876 45.0156 -4.4836 -0.7121
Car -1 -1 -7.1734 246.3575 175.8977 339.4290 214.7537 1.4920 1.5773 3.6481 -12.6126 1.2772 29.5524 -7.5786 -1.2941
Car -1 -1 -6.4015 0.0000 192.3015 47.1086 266.4304 1.5021 1.6559 4.1701 -16.1800 1.7947 17.3006 -7.1512 -1.5481
Car -1 -1 -4.7979 26.0296 160.4761 74.2971 192.3462 1.6089 1.6814 4.2166 -29.4976 0.5478 38.3858 -5.4546 -1.7540
Car -1 -1 -7.5211 616.8553 176.8308 654.2531 197.7393 1.4923 1.5851 3.9705 2.5931 1.1590 53.4085 -7.4778 -2.7295
Car -1 -1 -3.2830 1037.4541 157.2827 1219.3141 220.7913 1.6758 1.6332 3.9899 14.8650 1.0373 20.5898 -2.6687 -2.8287
Car -1 -1 -4.6922 464.7909 174.9572 490.1972 199.9900 1.6889 1.6943 4.1378 -8.6905 1.2475 50.6379 -4.8664 -3.0294
Car -1 -1 -7.7517 665.4357 182.5699 709.8182 216.5901 1.3826 1.5668 3.7917 3.7961 1.4326 31.3400 -7.6373 -3.0913
Car -1 -1 -8.7357 982.3666 218.1740 1237.0000 373.0000 1.3724 1.6015 3.5392 2.6473 1.5581 1.8447 -7.8440 -3.1531
Car -1 -1 -7.3923 0.0000 190.0054 1167.8840 373.0000 1.4972 1.6184 4.0158 0.6722 1.5501 2.3511 -7.1491 -3.1877
Car -1 -1 -7.9703 603.1466 177.2106 631.4675 198.3415 1.5209 1.6351 4.0460 1.1670 1.2121 53.7976 -7.9538 -3.6053
Car -1 -1 -5.9396 267.1856 158.3903 354.5482 198.4932 2.1349 1.7577 4.0688 -15.8047 0.9048 39.2049 -6.3254 -3.6266
Car -1 -1 -6.2294 362.3639 187.6635 449.7808 222.3123 1.4048 1.4930 3.5154 -8.2823 1.6772 30.6169 -6.4966 -3.6815
Car -1 -1 -7.6243 480.3344 173.6044 519.8395 196.9552 1.5719 1.8765 4.1233 -7.0579 1.0404 50.4912 -7.7674 -3.9349
Car -1 -1 -7.9828 623.4751 173.2107 655.6091 199.2801 1.7353 1.6937 4.0586 2.6146 1.1835 49.9076 -7.9358 -4.0840
Car -1 -1 -4.2842 194.5380 191.1772 278.1322 230.9264 1.3986 1.5130 3.7038 -14.1794 1.8025 28.0719 -4.7534 -4.0968
Car -1 -1 -4.4561 581.1708 173.4535 611.1169 189.6594 1.5127 1.7970 4.6587 -0.4303 0.7613 69.5290 -4.4671 -4.1276
Car -1 -1 -7.8470 0.0000 192.8252 126.3444 313.6718 1.4247 1.4996 3.4792 -8.1043 1.6224 10.6583 -8.4909 -4.1872
Car -1 -1 -7.8191 854.9276 179.7086 949.3916 265.6047 1.4605 1.5185 3.5203 5.8928 1.4307 14.1307 -7.4360 -4.2228
Car -1 -1 -8.3020 862.0874 165.9447 927.8703 196.5965 1.4793 1.5951 3.7741 14.8669 0.7288 36.6069 -7.9236 -4.2507
Car -1 -1 -3.3852 1119.5179 134.7723 1237.0000 194.4780 1.8398 1.6714 3.4502 19.2924 0.4004 23.6156 -2.7105 -4.4070
Car -1 -1 -7.9765 294.6908 177.2760 334.4370 206.5644 1.6268 1.6678 3.9944 -16.8313 1.3924 42.0513 -8.3601 -4.5530
Car -1 -1 -4.5742 265.8596 172.3302 314.9716 206.7236 1.5820 1.6697 4.1125 -15.1958 1.1605 35.2461 -4.9836 -4.5702
Car -1 -1 -6.4479 538.9130 171.7272 581.2830 186.4926 1.4193 1.6161 3.9213 -4.0139 0.4796 70.2756 -6.5096 -4.5930
Car -1 -1 -6.4461 867.9669 179.7776 1031.9816 233.2658 1.3271 1.5827 3.6913 9.0794 1.2849 19.0786 -6.0124 -4.7053
Car -1 -1 -4.6806 280.2548 178.0364 305.1147 200.3329 1.5594 1.5580 3.7157 -22.4101 1.3171 52.2530 -5.0889 -4.9379
Car -1 -1 -3.0412 577.5269 173.4110 635.7526 199.0216 1.7083 1.6647 3.8267 0.3895 1.1688 48.9414 -3.0383 -5.1880
Car -1 -1 -4.5653 516.3484 178.7918 555.4542 209.5823 1.7319 1.6862 4.5591 -3.8369 1.5797 42.7259 -4.6594 -5.6787
