Car -1 -1 -4.5577 465.0728 163.4462 533.6749 220.8228 2.0858 2.0267 4.4759 -3.9444 1.4299 28.3641 -4.6998 4.8910
Car -1 -1 -3.5877 338.3170 174.3116 433.6239 207.4698 1.5549 1.6799 4.2335 -10.6746 1.2181 35.7332 -3.8810 -0.3719
Car -1 -1 -7.8847 602.9773 165.2362 624.2004 185.0218 1.7123 1.7497 3.9664 1.0880 0.3045 64.1641 -7.8727 -1.0010
Car -1 -1 -7.7383 538.8658 173.6885 560.5886 189.7301 1.4809 1.6528 3.7669 -4.8461 0.7595 68.2305 -7.8139 -1.1063
Car -1 -1 -4.5257 599.9849 174.1917 635.4730 199.9517 1.5921 1.6374 3.7862 1.1002 1.1405 46.4182 -4.5072 -1.7907
Car -1 -1 -7.9619 415.2217 178.6456 452.5583 206.4286 1.4011 1.5377 3.5583 -8.9439 1.2574 38.1607 -8.1957 -1.8658
Car -1 -1 -4.6044 257.7442 176.4894 285.2138 194.9425 1.4410 1.6389 3.7512 -26.6406 1.0496 58.1325 -5.0373 -2.1683
Car -1 -1 -7.6217 228.3806 169.9879 297.6053 213.3051 1.5820 1.6132 3.9163 -13.2616 1.1619 28.3165 -8.0612 -2.2124
Car -1 -1 -6.9022 0.0000 196.3012 130.2888 313.7053 1.3756 1.5544 3.6060 -9.3706 1.6395 10.8425 -7.6086 -2.3990
Car -1 -1 -4.7048 140.2509 187.5164 177.8983 216.9821 1.3899 1.5660 3.5071 -22.5062 1.7123 36.5667 -5.2584 -2.5240
Car -1 -1 -4.7516 562.9958 176.0109 584.2714 194.1865 1.4545 1.5894 3.7643 -2.3021 1.0151 59.4251 -4.7951 -2.7815
Car -1 -1 -7.8011 645.7010 167.7561 666.4200 185.9101 1.5843 1.6734 4.0746 4.9889 0.3846 64.8145 -7.7294 -2.8902
Car -1 -1 -7.5704 550.3237 173.5277 578.0173 189.5090 1.4692 1.6146 3.8937 -3.4634 0.7360 68.1178 -7.6259 -3.1389
Car -1 -1 -7.0522 0.0000 164.8367 77.0138 200.7449 1.7089 1.6981 4.1123 -29.0426 0.9161 36.3321 -7.7280 -3.5856
Car -1 -1 -7.3376 269.3722 176.5804 312.2141 195.0995 1.4638 1.5862 3.7372 -25.3175 1.0748 58.7216 -7.7479 -3.6313
Car -1 -1 -4.4349 503.4340 170.0880 554.8151 203.8367 1.7338 1.7114 4.2130 -3.8748 1.1477 39.1268 -4.5380 -3.7326
Car -1 -1 -7.5803 223.7219 169.1658 270.4099 195.8855 1.6493 1.6880 4.0510 -22.8578 0.8881 46.4877 -8.0400 -3.8759
Car -1 -1 -4.5156 609.3267 172.8458 649.0663 201.4165 1.6738 1.6786 4.2214 1.7673 1.1669 44.3302 -4.4810 -4.1790
Car -1 -1 -2.6108 155.8883 183.4113 295.8871 229.9360 1.6055 1.6558 4.1965 -13.4395 1.6770 25.7949 -3.0922 -4.2178
Car -1 -1 -4.7377 853.0201 184.3943 934.3106 250.8701 1.2898 1.5051 3.4090 6.3559 1.3621 15.9567 -4.3696 -4.4326
Car -1 -1 -4.8742 859.2778 163.0428 932.4889 210.7199 1.4335 1.5825 3.8067 9.5532 0.8790 23.6252 -4.4988 -4.5717
Car -1 -1 -4.1411 581.4797 178.0525 646.6243 208.9703 1.4718 1.5975 3.5971 0.6734 1.3080 36.1367 -4.1277 -4.6847
Car -1 -1 -3.7337 601.2300 176.9632 684.2245 209.5696 1.4812 1.6216 3.6793 1.9726 1.2754 34.2735 -3.6818 -4.7088
Car -1 -1 -4.2541 87.9108 187.0147 164.7057 219.6883 1.4351 1.6496 3.5231 -22.4195 1.7108 34.0264 -4.8383 -4.7287
Car -1 -1 -2.6787 339.7755 180.7461 450.1636 219.3723 1.5474 1.6612 4.1173 -8.5961 1.5175 29.9634 -2.9610 -4.7941
Car -1 -1 -4.8532 481.1306 178.1880 527.6355 209.7533 1.5629 1.8243 4.2321 -5.1786 1.3991 37.8524 -4.9934 -4.8372
Car -1 -1 -5.3627 151.9318 185.8248 238.7228 217.1417 1.4590 1.6701 3.9525 -20.0438 1.6818 35.4348 -5.8795 -4.9506
Car -1 -1 -5.5647 150.8532 177.3023 240.7006 205.9525 1.5786 1.6474 4.4643 -23.0409 1.3475 40.8357 -6.0807 -4.9822
Car -1 -1 -8.2505 452.3346 175.7192 524.6945 217.4245 1.7024 1.7068 3.9710 -5.0233 1.4668 31.4581 -8.4127 -5.3835
Car -1 -1 -7.6256 210.6155 163.8933 276.1484 207.4523 1.8446 1.7380 4.3466 -16.2249 1.0993 32.7341 -8.0875 -5.4290
Car -1 -1 -7.7664 146.4139 186.2386 272.6776 288.6840 1.5627 1.6718 4.1414 -7.1544 1.6663 13.3960 -8.2544 -5.4949
Car -1 -1 -2.4617 0.0000 186.6984 2.4455 328.3690 1.4860 1.6020 4.0878 -10.1740 1.5582 8.7550 -3.3126 -6.2220
Car -1 -1 -2.8021 229.9652 165.3183 340.4634 203.0199 1.8849 1.8063 4.8894 -16.2118 1.0761 36.9984 -3.2174 -6.8010
Car -1 -1 -2.9337 413.7759 170.1097 479.7332 198.4016 1.6344 1.5280 3.5603 -9.0676 0.9765 42.2736 -3.1487 -6.8132
Car -1 -1 -7.5295 1173.8195 187.6654 1237.0000 373.0000 1.4749 1.7593 4.3316 5.7736 1.5260 4.3003 -6.6333 -7.2406
