Car -1 -1 -4.3789 257.1683 155.8092 499.2825 318.6198 1.7753 1.7878 4.4852 -2.8260 1.4958 10.1265 -4.6502 7.2690
Car -1 -1 -4.5454 371.6235 148.9220 469.9903 227.2965 2.0260 2.0270 4.6833 -5.1419 1.1844 20.9805 -4.7880 2.2836
Car -1 -1 -5.7407 924.8819 158.4510 1114.3716 226.0608 1.4862 1.5999 3.7633 10.1758 0.9801 17.8206 -5.2332 -1.3143
Car -1 -1 -7.8992 565.6960 162.8938 589.1080 181.7411 1.4354 1.6599 3.5994 -1.9003 0.0183 56.5697 -7.9374 -1.4146
Car -1 -1 -3.0881 0.0000 166.5835 90.1284 216.5699 1.4561 1.6727 4.1476 -18.8407 1.0221 22.8296 -3.7774 -1.6585
Car -1 -1 -4.3975 0.0000 188.3746 75.2773 222.8779 1.5173 1.6287 4.3447 -27.2403 1.8731 34.8326 -5.0627 -2.0444
Car -1 -1 -5.0987 591.6410 159.1295 626.2566 185.6091 2.4265 1.9185 3.9320 0.7130 0.3763 68.0085 -5.0931 -2.0490
Car -1 -1 -4.7177 0.0000 194.6592 20.5564 229.1467 1.4492 1.5790 3.8541 -28.3222 2.1025 33.6716 -5.4184 -2.3407
Car -1 -1 -4.9348 400.7466 181.8715 468.0576 223.3210 1.4480 1.6118 4.0518 -6.4400 1.4636 27.3057 -5.1695 -3.0330
Car -1 -1 -7.7066 769.9440 162.1754 838.9850 214.9155 1.4831 1.5606 3.6359 6.3036 0.9402 22.1787 -7.4378 -3.0444
Car -1 -1 -4.5351 34.5096 179.5306 85.3820 209.1617 1.5104 1.5853 3.5554 -29.0045 1.4102 38.5607 -5.1818 -3.3974
Car -1 -1 -2.4655 211.8994 169.3771 335.5796 215.7005 1.6534 1.6905 4.0558 -12.2907 1.2211 26.9537 -2.8948 -3.9217
Car -1 -1 -7.9056 563.4673 162.5884 596.8898 193.1021 1.6452 1.6630 4.0489 -1.2557 0.6257 40.8198 -7.9410 -4.0373
Car -1 -1 -2.9590 502.2486 171.0856 580.3429 198.6782 1.5887 1.6983 4.3641 -3.5163 0.9892 42.4118 -3.0462 -4.2296
Car -1 -1 -7.8612 308.7811 167.7833 356.1952 210.8316 1.5631 1.6314 4.1045 -10.6290 1.0655 28.2920 -8.2225 -4.3077
Car -1 -1 -7.8639 64.5625 170.7816 123.0437 213.1249 1.3728 1.5803 3.7126 -17.8807 1.0257 25.2554 -8.4800 -4.3443
Car -1 -1 -3.1833 510.0052 173.9042 591.3265 201.7302 1.4169 1.5974 4.1635 -2.6906 1.0303 37.6149 -3.2592 -4.3507
Car -1 -1 -2.9478 505.4458 168.8914 573.4810 192.7523 1.5443 1.5935 4.2599 -4.0639 0.7283 47.5038 -3.0376 -4.6040
Car -1 -1 -4.3934 0.0000 197.7305 16.2055 236.7803 1.4642 1.6813 3.9003 -26.8713 2.2088 30.8214 -5.1114 -4.6315
Car -1 -1 -7.6607 337.7392 173.6973 456.3255 257.2325 1.4682 1.6437 3.4396 -3.9929 1.3317 14.4041 -7.9319 -4.9715
Car -1 -1 -7.6532 612.2174 164.1828 638.4731 183.9164 1.5693 1.4781 3.6471 2.0196 0.1920 59.0686 -7.6240 -5.1617
Car -1 -1 -7.9725 34.6252 181.5268 102.0668 219.3219 1.6491 1.9785 4.7961 -25.1199 1.6507 33.7648 -8.6135 -5.1656
Car -1 -1 -7.8494 494.0930 166.3156 532.4020 204.2813 1.7167 1.7252 4.4267 -4.2816 1.0304 34.7835 -7.9760 -5.1775
Car -1 -1 -7.8220 581.8022 170.7914 620.6750 208.3533 1.5405 1.5960 4.0929 0.0292 1.1017 31.5288 -7.8262 -5.4886
Car -1 -1 -4.9424 328.5305 174.2071 446.3860 237.9636 1.3615 1.6867 4.9187 -5.5035 1.2063 17.8879 -5.2420 -5.5710
Car -1 -1 -7.1877 560.9044 165.3360 630.5971 197.2966 1.5637 1.6047 3.8062 -0.2523 0.7731 37.1433 -7.1994 -5.6188
Car -1 -1 -2.2438 0.0000 185.0605 44.4028 373.0000 1.4023 1.5688 4.1775 -5.9483 1.4277 4.0740 -3.1901 -5.7418
Car -1 -1 -5.6260 4.8439 191.0306 174.7341 254.9638 1.4351 1.6227 2.9516 -12.2401 1.6762 17.2573 -6.2412 -5.7942
Car -1 -1 -7.0727 1237.0000 151.5986 1237.0000 373.0000 1.6214 1.6286 4.0049 7.2029 1.4717 4.7521 -6.1156 -5.9668
