Car -1 -1 -4.6682 504.7400 160.5159 562.3040 218.4066 1.7843 1.7683 3.8596 -2.2275 1.1380 24.1137 -4.7645 6.4335
Car -1 -1 -4.5385 374.4633 151.2028 474.3900 230.2524 2.0756 2.1039 4.5164 -5.0894 1.2806 21.1826 -4.7766 5.5526
Car -1 -1 -7.6765 566.2733 162.8795 595.1036 183.9930 1.6148 1.6522 3.8347 -1.5884 0.1906 56.9578 -7.7091 0.1271
Car -1 -1 -4.6583 554.9901 166.5473 582.9307 193.0945 1.5833 1.5673 3.3891 -1.9778 0.6916 44.5400 -4.7073 -0.0118
Car -1 -1 -4.4660 7.1155 185.6535 74.8162 218.6480 1.4645 1.6033 4.2132 -26.9795 1.6784 34.7001 -5.1283 -1.0602
Car -1 -1 -6.9145 27.6908 189.6505 136.6798 225.6192 1.5102 1.5949 3.8964 -23.8977 1.9111 33.2100 -7.5397 -1.5766
Car -1 -1 -4.5072 260.5239 166.8495 331.7062 214.2134 1.6446 1.6844 4.0419 -11.4301 1.1363 27.0891 -4.9081 -2.2389
Car -1 -1 -8.0869 489.7915 165.9427 518.9218 183.7633 1.4603 1.6329 3.6358 -8.2255 0.1853 60.8523 -8.2255 -2.5020
Car -1 -1 -6.2875 933.4603 144.8801 1146.8586 229.5227 1.6647 1.6540 3.8224 9.4416 0.9451 15.7979 -5.7612 -2.7310
Car -1 -1 -4.5321 35.2013 177.9467 88.2365 208.5976 1.5625 1.6104 3.9572 -29.0403 1.3816 38.7485 -5.1770 -2.7443
Car -1 -1 -4.5925 433.5988 157.6664 495.2197 214.0142 2.0016 1.8390 4.3762 -5.2212 1.1554 27.7637 -4.7818 -2.8652
Car -1 -1 -7.8677 483.4778 166.6001 514.0703 195.9213 1.5889 1.6473 3.9718 -5.9017 0.7816 41.0175 -8.0146 -2.9972
Car -1 -1 -7.8119 186.1523 182.6174 288.8851 274.8960 1.6006 1.6420 4.1923 -7.3833 1.6276 14.7620 -8.2741 -3.2984
Car -1 -1 -4.6853 577.9679 167.2765 607.2596 192.2614 1.5024 1.7569 3.9028 -0.5111 0.6472 45.1560 -4.7015 -3.5471
Car -1 -1 -7.6276 367.5926 170.3760 413.4014 199.6295 1.5607 1.6605 3.8240 -11.7696 0.9674 40.2821 -7.9151 -3.6638
Car -1 -1 -4.9419 594.3388 161.6400 622.5253 185.3603 2.1777 1.8313 3.7998 0.6671 0.3541 68.0055 -4.9370 -3.6696
Car -1 -1 -7.8397 343.2992 165.3624 376.5315 195.6416 1.5982 1.6748 4.1701 -13.4761 0.7466 40.1576 -8.1664 -3.7713
Car -1 -1 -8.3241 607.8903 164.7856 656.4706 191.5990 1.7222 1.6998 3.8042 2.0259 0.6487 48.2221 -8.2873 -3.7823
Car -1 -1 -8.0741 555.5540 166.6519 580.5112 183.4231 1.5778 1.6282 3.6952 -3.2230 0.1806 69.5758 -8.1250 -4.1670
Car -1 -1 -4.8876 483.2103 172.4267 516.6041 196.2756 1.5359 1.5763 3.7259 -6.8504 0.9516 48.2773 -5.0328 -4.3103
Car -1 -1 -2.3191 0.0000 187.7774 44.4858 220.7508 1.4602 1.6733 4.4320 -28.5794 1.7609 33.3000 -3.0296 -4.4784
Car -1 -1 -2.8221 520.5052 165.9967 583.1242 187.5856 1.4780 1.6003 4.0942 -3.4617 0.4166 50.4552 -2.8951 -4.5357
Car -1 -1 -3.7498 0.0000 180.8900 65.1255 214.0388 1.5409 1.6046 4.1867 -29.2854 1.5129 35.6246 -4.4393 -4.6316
Car -1 -1 -8.0950 448.7256 165.6255 495.9975 196.1387 1.6261 1.6783 4.0635 -7.3258 0.7803 40.4777 -8.2778 -4.7991
Car -1 -1 -6.6116 0.0000 169.2150 98.0503 250.5632 1.8150 1.7238 3.6956 -15.1748 1.5415 18.0541 -7.3087 -4.9869
Car -1 -1 -4.6254 329.5755 168.2158 373.9497 200.4572 1.5338 1.7574 4.5654 -12.6551 0.9021 36.6009 -4.9611 -4.9972
Car -1 -1 -4.3904 29.6599 176.6022 117.7863 224.7727 1.5471 1.5759 3.0036 -18.0993 1.3902 24.7414 -5.0220 -5.2376
Car -1 -1 -3.7675 0.0000 179.5304 95.5671 224.7035 1.4606 1.5687 3.3905 -19.8928 1.3974 25.0711 -4.4382 -5.3696
Car -1 -1 -2.1890 0.0000 189.1709 30.1599 373.0000 1.4015 1.5698 4.1540 -5.9967 1.4542 4.0778 -3.1388 -5.7438
Car -1 -1 -4.7187 369.1331 171.5097 406.5435 202.1421 1.4776 1.7433 4.4269 -11.0359 0.9959 37.0214 -5.0114 -5.8405
Car -1 -1 -4.1761 1200.4902 91.4981 1237.0000 373.0000 1.4979 1.6255 3.9523 5.0231 1.2404 2.9493 -3.1799 -5.8867
Car -1 -1 -8.1316 479.2027 168.9852 508.4827 188.3077 1.8441 1.7325 4.2711 -10.6044 0.6494 70.8603 -8.2845 -6.0109
Car -1 -1 -7.5492 91.7790 164.7149 186.4019 207.5894 1.5423 1.8297 4.6173 -18.0786 0.9389 28.3086 -8.1183 -6.2955
