Car -1 -1 -4.3656 144.1802 151.9147 469.6033 371.0211 1.7586 1.7648 4.4516 -2.8290 1.5219 8.0009 -4.7014 6.8928
Car -1 -1 -4.5254 376.3107 149.9070 475.1205 230.6565 2.1116 1.9753 4.7575 -5.0524 1.2859 21.2088 -4.7617 2.9440
Car -1 -1 -4.4414 0.8962 185.5405 71.5396 219.1866 1.4961 1.6154 4.2325 -27.2412 1.7045 34.7480 -5.1077 -1.5632
Car -1 -1 -5.1064 5.8735 182.4568 89.3235 223.6063 1.7636 1.7084 3.6695 -25.0921 1.8094 32.5133 -5.7649 -2.8091
Car -1 -1 -6.8732 0.0000 181.5134 62.5971 214.8139 1.5560 1.5947 3.8970 -29.3099 1.5569 35.6616 -7.5626 -3.0200
Car -1 -1 -7.6950 606.6508 166.9727 663.8668 209.4308 1.5439 1.6523 4.0120 1.3811 1.0161 28.2524 -7.6516 -3.1283
Car -1 -1 -4.5120 576.0034 160.7839 606.0324 180.8665 1.5324 1.6545 3.9206 -0.7687 -0.0523 57.0244 -4.5302 -3.3687
Car -1 -1 -5.6389 922.0762 150.0658 1112.6058 218.5748 1.4961 1.6178 3.8586 10.0679 0.8102 17.7782 -5.1349 -3.4042
Car -1 -1 -2.3234 451.6144 167.1947 526.5566 197.9164 1.4776 1.6201 3.7356 -5.7179 0.7898 36.3334 -2.4833 -3.5056
Car -1 -1 -5.1532 1077.5948 154.9720 1169.3447 192.7502 1.5216 1.7008 3.8037 22.3491 0.4535 30.9538 -4.5367 -3.5927
Car -1 -1 -5.0882 780.5303 163.6302 882.7178 222.5212 1.5920 1.5794 3.7422 6.6819 1.1094 21.3479 -4.7935 -3.6297
Car -1 -1 -4.4974 241.1976 192.6311 325.0924 246.1047 1.6483 1.8499 4.1933 -11.1099 2.0756 25.3119 -4.9127 -4.0093
Car -1 -1 -4.0199 0.0000 175.5479 67.8979 205.8461 1.5339 1.7071 3.6276 -30.5905 1.2328 38.1935 -4.6968 -4.0750
Car -1 -1 -4.7548 571.4929 166.2345 602.0692 192.5881 1.5846 1.7304 3.9807 -0.9599 0.6668 45.2372 -4.7808 -4.1382
Car -1 -1 -8.0102 1024.9576 160.3203 1194.6166 272.4367 1.4763 1.5730 3.3956 7.7516 1.1981 11.3300 -7.4261 -4.1434
Car -1 -1 -5.2419 611.4655 162.9202 658.7354 187.5705 1.5859 1.5541 3.5790 2.2252 0.3906 48.1600 -5.2008 -4.4097
Car -1 -1 -4.7558 52.8316 173.7495 94.7047 202.2816 1.4577 1.6463 3.7085 -28.4307 1.0619 38.6594 -5.3916 -4.6827
Car -1 -1 -7.6795 251.4801 185.2076 394.6129 296.2502 1.5185 1.5947 3.3346 -4.4118 1.5888 11.7269 -8.0378 -4.7629
Car -1 -1 -3.5041 494.2735 167.7201 570.3570 197.3408 1.4653 1.5299 3.5940 -3.5641 0.7839 37.0220 -3.6044 -4.8976
Car -1 -1 -4.8590 561.3332 168.2755 624.1696 216.3911 1.6128 1.6546 4.2686 -0.4278 1.1700 26.3213 -4.8802 -5.1633
Car -1 -1 -8.2871 1035.2993 139.2592 1126.0132 178.4696 1.5856 1.5618 4.4511 20.9998 -0.1433 31.7206 -7.7109 -5.4904
Car -1 -1 -4.3022 263.1364 182.3168 410.1287 249.1530 1.4415 1.6594 4.7755 -6.4290 1.4652 17.9890 -4.6462 -5.5832
Car -1 -1 -7.5497 617.2783 172.2191 662.3314 200.6003 1.5246 1.5135 3.7255 2.2123 1.0262 40.5979 -7.5006 -5.7040
Car -1 -1 -6.4680 0.0000 171.9010 41.8575 373.0000 1.5686 1.6193 3.7567 -5.2753 1.5515 3.3856 -7.4395 -5.7977
Car -1 -1 -4.9217 1108.0929 149.5744 1182.2551 190.8412 1.5144 1.6277 3.3266 21.2393 0.3432 28.2131 -4.2857 -5.8752
Car -1 -1 -4.1637 1200.8340 101.9275 1237.0000 373.0000 1.5051 1.6227 3.9367 5.0247 1.2749 2.9453 -3.1667 -5.8867
Car -1 -1 -3.6051 0.0000 0.0000 1237.0000 373.0000 1.5048 1.6099 3.9589 -3.8619 1.5755 1.7688 -4.6976 -5.8867
Car -1 -1 -4.5633 0.0000 0.0000 1237.0000 373.0000 1.4963 1.6065 3.9583 -0.2518 1.5052 1.7457 -4.6977 -5.8867
Car -1 -1 -4.7480 272.5518 186.3224 374.4056 271.4670 1.4087 1.6514 4.2164 -5.6883 1.5212 14.4032 -5.1234 -5.9223
Car -1 -1 -4.8762 46.8424 178.8276 103.6378 210.6089 1.5128 1.6622 4.0379 -26.5568 1.3858 36.1975 -5.5107 -5.9931
Car -1 -1 -4.3761 0.0000 190.0082 0.0000 373.0000 1.3910 1.6946 4.1166 -6.7782 1.4884 5.9530 -5.2103 -6.0428
Car -1 -1 -2.6232 191.9057 170.6803 347.2090 216.6416 1.6999 1.9075 5.1822 -12.7589 1.3001 27.7398 -3.0558 -6.5652
Car -1 -1 -2.5950 296.7542 158.1830 419.0166 197.4496 1.6428 1.7276 4.8762 -10.6430 0.6676 31.4227 -2.9239 -6.7782
Car -1 -1 -2.6201 291.7562 182.4167 383.8221 229.3730 1.6871 1.6164 2.8031 -9.8525 1.7231 26.8804 -2.9735 -6.9837
