Car -1 -1 -4.2847 0.0000 133.6169 413.8862 373.0000 1.7313 1.7201 4.3586 -2.6998 1.5436 5.0456 -4.7616 5.2067
Car -1 -1 -4.5850 380.1860 151.8006 467.8203 228.5090 2.0033 1.9686 4.1089 -5.0656 1.2282 20.9121 -4.8250 4.9670
Car -1 -1 -7.6970 565.5752 163.4002 593.2009 183.3129 1.5212 1.6290 3.8058 -1.6900 0.1384 56.8634 -7.7314 -0.0919
Car -1 -1 -4.5477 437.6007 159.8642 496.3076 206.0617 1.6443 1.6201 3.7750 -5.0873 0.8746 27.4727 -4.7341 -0.6301
Car -1 -1 -2.0050 0.0000 193.5617 19.3124 228.8145 1.4868 1.6324 3.9985 -28.7959 2.0659 32.9156 -2.7249 -2.1473
Car -1 -1 -4.4506 741.9150 160.4542 828.2050 217.4389 1.5673 1.6222 3.8547 5.6294 0.9890 21.8363 -4.2062 -2.2129
Car -1 -1 -7.6527 4.7858 193.1936 63.8228 225.5578 1.3947 1.5157 3.6910 -27.0740 1.9870 34.3807 -8.3212 -2.7792
Car -1 -1 -3.7308 210.3718 166.9842 394.1901 245.4127 1.6157 1.6313 3.6762 -6.8881 1.3172 16.7784 -4.1202 -3.2688
Car -1 -1 -3.4214 0.0000 169.4323 103.4011 241.6467 1.6177 1.6275 3.5516 -14.8964 1.3479 18.0157 -4.1103 -3.4193
Car -1 -1 -4.3486 254.8094 165.7996 336.2952 212.6833 1.6314 1.6206 3.6204 -11.3455 1.0855 26.8351 -4.7501 -3.4495
Car -1 -1 -7.9066 552.5839 166.2523 573.9689 184.3555 1.6936 1.8064 4.5113 -3.6868 0.2668 69.5427 -7.9642 -3.4589
Car -1 -1 -7.1600 536.2738 161.7475 606.6556 195.9927 1.7701 1.6958 3.9818 -1.5889 0.7493 39.2291 -7.2052 -3.5718
Car -1 -1 -5.8744 0.0000 188.5576 113.0191 225.6259 1.6051 1.7272 3.7856 -24.8807 1.9411 32.8844 -6.5234 -3.6123
Car -1 -1 -4.6119 39.2805 180.7908 84.5978 211.1812 1.5539 1.6044 3.6184 -29.0024 1.5178 38.6914 -5.2569 -3.6865
Car -1 -1 -6.5362 1090.6757 114.3386 1237.0000 250.3406 1.9165 1.6882 3.4876 10.1227 0.9708 11.6373 -5.8365 -3.7079
Car -1 -1 -4.6336 574.9015 165.3863 605.4214 192.5659 1.6232 1.6336 3.7422 -0.6614 0.6610 44.8170 -4.6531 -3.7617
Car -1 -1 -7.5379 17.6448 171.8627 81.0531 200.4451 1.5210 1.6384 4.1151 -30.9851 1.0083 40.4386 -8.1935 -4.0253
Car -1 -1 -6.2037 0.0000 181.5103 411.6112 342.8143 1.4882 1.6055 3.7169 -4.2018 1.4890 8.0804 -6.6761 -4.1845
Car -1 -1 -5.0485 593.3476 162.0678 625.3945 184.1475 2.0260 1.8416 3.8735 0.7546 0.2426 68.0428 -5.0423 -4.2248
Car -1 -1 -4.6852 616.6570 162.6798 644.2849 187.9040 1.6677 1.8189 3.7188 2.0416 0.4234 49.4061 -4.6490 -4.2398
Car -1 -1 -5.9169 1193.9991 186.1574 1237.0000 373.0000 1.4305 1.5039 3.7953 4.8044 1.4625 2.8209 -4.9225 -4.4029
Car -1 -1 -8.2591 1080.3771 139.9681 1166.8828 179.0345 1.6225 1.7313 3.8119 23.2250 -0.1171 32.1388 -7.6420 -4.4761
Car -1 -1 -2.5446 573.8873 171.9970 672.6873 208.6275 1.4416 1.6691 3.8561 0.8662 1.0680 30.0704 -2.5211 -4.5406
Car -1 -1 -3.6420 0.0000 184.6105 68.3799 219.7046 1.5942 1.6968 4.6097 -29.3619 1.7588 35.5193 -4.3342 -4.8090
Car -1 -1 -4.5857 550.8242 165.0951 582.0382 188.8949 1.6564 1.7958 3.9134 -2.4797 0.5146 52.0110 -4.6379 -4.8956
Car -1 -1 -4.3894 0.0000 199.2461 23.9955 237.7919 1.4262 1.7625 3.9612 -26.5282 2.2394 30.7396 -5.1024 -4.9140
Car -1 -1 -5.3938 1128.2551 139.2054 1237.0000 215.0947 1.4930 1.5990 3.7486 13.8630 0.6615 16.0207 -4.6935 -4.9567
Car -1 -1 -6.6148 0.0000 0.0000 1237.0000 373.0000 1.4685 1.4547 3.3282 -1.7022 1.5432 0.2646 -7.8917 -5.0451
Car -1 -1 -2.8054 303.6839 148.1431 402.7025 185.1277 1.5662 1.5581 3.7643 -10.7460 0.1539 31.2023 -3.1392 -5.1896
Car -1 -1 -7.3853 190.4573 0.0000 1190.6299 373.0000 1.4682 1.5196 3.6246 -0.4966 1.4934 0.5818 -7.9302 -5.7653
Car -1 -1 -4.7326 621.1031 163.4442 645.8192 185.3581 1.6060 1.7735 3.8125 2.4173 0.2827 54.5682 -4.6933 -5.8425
Car -1 -1 -4.0769 0.0000 153.2168 0.0000 373.0000 1.4497 1.5301 3.7369 -5.4530 1.3912 3.5232 -5.0464 -5.9915
Car -1 -1 -4.2942 52.2789 176.1980 314.1086 305.6601 1.4133 1.5504 3.9672 -5.4288 1.3561 9.8803 -4.7911 -6.1871
