Car -1 -1 -4.4528 398.1292 158.4414 541.5875 263.6248 1.7883 1.7560 4.3452 -2.4799 1.3969 14.4538 -4.6252 6.5073
Car -1 -1 -4.4755 370.3551 149.2784 471.2685 228.6467 2.0833 1.8777 4.4311 -5.1748 1.2380 21.0762 -4.7186 3.3961
Car -1 -1 -6.1346 612.4641 163.6451 735.3023 221.4790 1.7104 1.6598 3.6281 2.2702 1.1828 22.4864 -6.0403 0.5319
Car -1 -1 -7.8357 573.4895 168.0795 600.2027 192.8606 1.4800 1.5954 3.8736 -0.8827 0.6786 44.8433 -7.8601 -0.2011
Car -1 -1 -7.9355 565.0367 162.3536 590.6201 185.0448 1.7371 1.6832 4.0607 -1.8896 0.2713 57.1066 -7.9732 -0.7793
Car -1 -1 -4.3199 0.0000 182.6608 76.1183 215.2108 1.4195 1.6501 3.8712 -26.3482 1.4773 33.5600 -4.9867 -2.0604
Car -1 -1 -7.9420 549.7927 167.9074 581.7590 192.8816 1.4845 1.6339 3.8008 -2.2550 0.6767 44.6973 -7.9970 -2.7866
Car -1 -1 -7.7401 446.7759 161.9758 499.3457 205.4919 1.6067 1.6428 3.7854 -5.0362 0.8862 28.4637 -7.9187 -2.8935
Car -1 -1 -4.4878 557.0696 166.8226 585.0292 186.2460 1.8129 1.7752 4.4340 -2.8566 0.4427 69.3863 -4.5336 -3.2144
Car -1 -1 -2.5663 340.6822 173.8392 421.8085 204.0671 1.6063 1.8171 3.9142 -12.1167 1.1994 39.5781 -2.8666 -3.2449
Car -1 -1 -8.3533 591.3696 167.5126 635.4202 190.9191 1.5998 1.6566 3.4628 0.8267 0.6438 51.0145 -8.3421 -3.4413
Car -1 -1 -4.5574 35.0719 179.0228 84.6967 208.8074 1.5150 1.5880 3.6461 -28.9786 1.3893 38.5214 -5.2041 -3.6332
Car -1 -1 -4.2306 311.5570 174.5843 380.4609 206.4866 1.5609 1.7044 4.0232 -13.1656 1.2228 37.2566 -4.5731 -3.8200
Car -1 -1 -7.2325 11.4906 173.2874 110.7804 211.4970 1.6360 1.7577 3.7433 -24.4395 1.2847 32.6472 -7.8763 -3.8435
Car -1 -1 -7.7526 392.6820 179.7749 451.1410 224.2449 1.4427 1.6152 4.0265 -6.2903 1.3872 25.4130 -7.9980 -3.9628
Car -1 -1 -6.5243 0.0000 190.4165 27.2277 305.8731 1.4414 1.5860 3.9283 -11.8569 1.6094 11.3867 -7.3239 -3.9840
Car -1 -1 -8.3831 593.9842 160.0421 634.2106 183.6913 2.1487 1.8082 4.3708 1.1876 0.1988 67.6122 -8.3705 -4.1410
Car -1 -1 -7.7911 498.2293 162.7436 520.2198 182.5828 1.6309 1.6411 3.6534 -7.7659 0.0888 60.9304 -7.9221 -4.1725
Car -1 -1 -4.2499 0.0000 178.9108 67.0240 212.8676 1.5466 1.7406 4.7693 -28.4259 1.4289 35.2336 -4.9302 -4.2644
Car -1 -1 -6.5783 1080.8557 121.7891 1237.0000 250.9474 1.8294 1.6864 3.6839 10.1110 0.9843 11.6720 -5.8807 -4.6304
Car -1 -1 -4.9414 367.0295 173.2032 419.1885 204.9018 1.5439 1.6569 4.2371 -10.8596 1.1401 37.2392 -5.2283 -4.6422
Car -1 -1 -3.1880 525.3213 170.9860 601.5349 199.7559 1.4710 1.5596 3.9178 -2.0325 0.9336 37.7087 -3.2464 -4.7222
Car -1 -1 -5.3319 941.3663 152.0488 1135.9683 229.1112 1.4485 1.6149 3.7998 9.1330 0.8955 15.4726 -4.8111 -4.7660
Car -1 -1 -8.3740 1090.6544 144.2674 1188.9271 179.6065 1.4575 1.6724 4.0460 23.7908 -0.0895 31.9569 -7.7428 -4.7785
Car -1 -1 -6.7173 1002.7266 157.0130 1237.0000 269.5405 1.4980 1.5810 3.4522 8.0788 1.1727 10.6754 -6.0864 -4.9225
Car -1 -1 -4.2631 592.7072 170.6806 644.0421 198.2786 1.5014 1.4657 3.7531 1.0147 0.9130 41.0847 -4.2436 -5.8469
Car -1 -1 -2.8902 272.7866 152.5045 411.4714 192.9005 1.6549 1.9117 5.2541 -10.9572 0.4674 30.6264 -3.2359 -5.8738
Car -1 -1 -4.1702 1202.0916 100.8818 1237.0000 373.0000 1.5071 1.6228 3.9343 5.0254 1.2752 2.9470 -3.1735 -5.8867
Car -1 -1 -7.1212 0.0000 175.7278 0.0000 373.0000 1.4355 1.6326 3.8370 -7.7180 1.4016 6.3190 -7.9912 -5.9206
Car -1 -1 -7.7245 427.3923 180.9179 488.6599 224.9089 1.4101 1.6216 3.7933 -4.9284 1.3919 24.9740 -7.9225 -6.6709
