Car -1 -1 -4.5392 393.0797 150.9369 486.8744 226.4364 2.0851 2.0576 4.6201 -4.8642 1.2415 22.1929 -4.7577 6.1696
Car -1 -1 -4.7035 526.1202 164.5701 569.0560 204.5866 1.6419 1.7607 4.1806 -2.3784 0.9476 31.6211 -4.7829 4.3513
Car -1 -1 -7.7466 452.0326 165.9097 504.9139 210.7153 1.6497 1.6478 4.1865 -4.8354 1.0761 28.5900 -7.9177 0.5394
Car -1 -1 -7.8621 563.9553 169.2095 590.3238 192.3061 1.4077 1.6079 3.9952 -1.5737 0.6587 45.8152 -7.9012 0.2408
Car -1 -1 -7.8277 577.0592 161.5452 599.4579 185.0192 1.8307 1.7244 4.1588 -1.0108 0.2743 58.1035 -7.8498 -0.6943
Car -1 -1 -7.9886 504.6408 165.5712 528.8082 183.3935 1.4897 1.5866 3.5765 -7.3059 0.1581 61.9750 -8.1102 -0.8298
Car -1 -1 -3.3233 784.2575 148.9890 929.4781 211.8477 1.7768 1.6997 3.8192 7.4740 0.8583 21.4226 -2.9964 -1.5173
Car -1 -1 -5.9799 382.7954 172.6273 466.0598 199.6392 1.4700 1.6542 4.2073 -9.8298 0.9873 40.0415 -6.2241 -1.7783
Car -1 -1 -7.6782 365.8094 175.8553 409.7522 204.5522 1.5667 1.6977 4.4414 -12.2807 1.2587 41.5214 -7.9691 -1.8811
Car -1 -1 -7.5811 579.7028 167.3642 620.8173 191.5987 1.4649 1.6040 4.0114 -0.0209 0.6105 45.5669 -7.5864 -2.3086
Car -1 -1 -7.7828 300.0953 171.5880 351.8932 213.8661 1.4297 1.5259 3.4563 -9.9901 1.0950 26.1677 -8.1492 -2.4219
Car -1 -1 -2.9829 535.1669 164.8647 606.3983 194.0896 1.6142 1.6518 3.8261 -1.7097 0.6955 40.7099 -3.0295 -3.5203
Car -1 -1 -7.8449 618.5806 171.6599 669.7672 218.5052 1.4342 1.5677 3.7612 1.3956 1.1334 23.9179 -7.7923 -3.5374
Car -1 -1 -5.2396 603.4710 168.2412 648.4579 190.5208 1.5576 1.6400 3.6462 1.7592 0.6306 52.2135 -5.2110 -3.6875
Car -1 -1 -4.5272 67.4455 155.6174 148.0026 204.5742 1.6231 1.7112 3.8635 -17.7259 0.7654 25.9278 -5.1271 -3.8466
Car -1 -1 -7.9879 340.6997 173.6309 383.4990 201.8491 1.5047 1.7287 4.1923 -13.5636 1.0853 40.5669 -8.3136 -3.8933
Car -1 -1 -5.5594 912.1306 154.2114 1080.3234 217.8824 1.4954 1.6034 3.7211 10.1801 0.8550 18.8954 -5.0760 -4.0006
Car -1 -1 -6.8599 68.9031 176.4572 154.7980 205.6410 1.5296 1.5881 3.6434 -26.9364 1.2655 39.6365 -7.4587 -4.2053
Car -1 -1 -7.5636 97.3932 162.7327 152.6957 191.3971 1.6828 1.7607 4.0804 -29.3440 0.5811 44.3791 -8.1499 -4.3080
Car -1 -1 -4.9335 576.4412 165.9448 609.3159 188.4618 1.5921 1.6170 3.7227 -0.6509 0.4922 52.7915 -4.9506 -4.3811
Car -1 -1 -4.2579 51.4293 162.3647 131.9108 193.4113 1.6497 1.8287 4.7276 -28.7104 0.6331 40.6491 -4.8746 -4.6084
Car -1 -1 -4.4678 99.9746 171.2465 142.3807 195.0579 1.6589 1.6592 3.9740 -34.8191 0.9445 52.1959 -5.0587 -4.7456
Car -1 -1 -7.9689 560.9709 171.4429 583.8363 187.3666 1.5088 1.7535 4.0852 -2.8275 0.5555 70.2189 -8.0138 -4.8661
Car -1 -1 -4.7870 558.1937 167.0022 586.7084 188.3717 1.5157 1.7962 3.8290 -2.1573 0.4874 52.9586 -4.8324 -4.9101
Car -1 -1 -5.6469 380.8969 164.6364 440.2186 183.9333 1.4867 1.7254 4.3708 -15.1093 0.1874 56.9412 -5.9099 -5.1001
Car -1 -1 -4.5070 498.4683 173.0679 539.4909 202.8049 1.5189 1.4618 3.8135 -4.3903 1.0884 38.6547 -4.6243 -5.1700
Car -1 -1 -7.7430 395.1512 164.7560 451.9195 210.5644 1.6606 1.7005 4.4692 -6.9541 1.0540 28.3677 -7.9863 -5.1867
Car -1 -1 -4.5589 507.2607 169.7137 540.6191 196.0829 1.7187 1.7009 3.8476 -5.2094 0.9505 48.7781 -4.6696 -5.4478
Car -1 -1 -8.2419 485.7649 165.3307 520.0485 184.9475 1.8509 1.7459 4.4439 -9.6149 0.3250 70.1348 -8.3825 -5.7826
Car -1 -1 -4.4380 25.2173 180.5638 99.3506 214.3588 1.5785 1.7542 4.7755 -26.9697 1.5350 36.0953 -5.0812 -5.9662
Car -1 -1 -4.8753 620.2079 164.4526 645.2279 183.6002 1.5492 1.5737 3.1370 2.6027 0.1698 59.7725 -4.8367 -6.0069
Car -1 -1 -7.8175 321.1487 177.7103 393.4831 244.2675 1.5887 1.6592 4.1889 -6.5304 1.4988 19.3907 -8.1436 -6.0198
Car -1 -1 -4.3234 235.0508 167.4149 332.5948 211.3409 1.5005 1.6748 4.7162 -11.7621 1.0198 26.9157 -4.7368 -6.8288
Car -1 -1 -7.9615 605.2427 156.8795 628.3584 178.9541 1.9671 1.6640 4.3627 1.4300 -0.2450 66.7803 -7.9449 -7.2115
