Car -1 -1 -4.3750 247.9720 155.3689 496.3013 323.3027 1.7891 1.7883 4.4662 -2.8428 1.5114 9.9352 -4.6526 7.5094
Car -1 -1 -4.5346 370.8788 149.5148 472.7113 228.3020 2.0345 2.0771 4.6763 -5.1003 1.2091 20.9489 -4.7758 2.1582
Car -1 -1 -7.9829 560.3658 162.9325 587.3439 182.8230 1.5213 1.6325 3.8666 -2.2000 0.1011 56.9838 -8.0261 0.1299
Car -1 -1 -4.4960 3.2836 188.2850 68.8654 222.2628 1.4924 1.6147 4.2844 -27.2499 1.8423 34.7409 -5.1626 -1.5050
Car -1 -1 -7.6457 763.6266 162.9476 839.6605 215.9175 1.4890 1.5593 3.6835 6.2222 0.9680 22.1875 -7.3804 -2.4439
Car -1 -1 -2.7698 0.0000 172.8282 89.6101 219.6902 1.3920 1.6415 3.3189 -18.3958 1.1349 22.6256 -3.4517 -2.5659
Car -1 -1 -7.5466 552.7093 166.3764 595.0870 191.2843 1.4794 1.6007 3.7114 -1.6625 0.5812 44.6654 -7.5885 -2.9988
Car -1 -1 -4.2840 247.7702 163.9386 343.9028 209.6482 1.5776 1.7178 4.2177 -11.3380 0.9719 26.9251 -4.6841 -3.1443
Car -1 -1 -5.6918 923.2664 155.4874 1112.1740 225.5463 1.5343 1.6101 3.7691 10.0929 0.9652 17.7754 -5.1867 -3.2490
Car -1 -1 -4.4276 32.7288 169.1485 93.2412 200.5239 1.6866 1.6801 4.0766 -30.5057 1.0228 40.8175 -5.0712 -3.5085
Car -1 -1 -7.2450 31.1917 173.4669 150.8874 217.6360 1.4191 1.5776 3.6477 -17.5710 1.1615 24.9078 -7.8594 -3.7717
Car -1 -1 -7.9438 562.9603 163.9858 598.1695 193.8608 1.6126 1.6275 3.9178 -1.2336 0.6674 40.8189 -7.9788 -3.8905
Car -1 -1 -7.5284 16.5153 191.8704 94.0193 228.5739 1.5435 1.7841 3.6915 -25.2904 2.0551 33.3894 -8.1780 -4.0507
Car -1 -1 -2.4232 0.0000 190.5787 39.7487 223.7290 1.4785 1.6879 4.2313 -28.8666 1.9111 33.3559 -3.1378 -4.2090
Car -1 -1 -8.2245 591.9810 158.9089 627.5221 182.5445 2.1568 1.9139 4.2917 0.7818 0.0950 67.8961 -8.2178 -4.4211
Car -1 -1 -6.7749 1073.7174 148.3824 1193.8330 187.2310 1.6240 1.6566 3.8558 22.9474 0.2399 31.1094 -6.1483 -4.5793
Car -1 -1 -3.2505 508.2368 170.7724 590.5680 200.0331 1.4873 1.6118 4.1507 -2.7605 0.9422 37.6898 -3.3281 -4.5954
Car -1 -1 -3.5298 0.0000 181.4498 64.0791 214.3633 1.5299 1.6458 4.3299 -29.5879 1.5278 35.6872 -4.2234 -4.6949
Car -1 -1 -4.6645 576.9543 171.7617 614.8647 207.3447 1.4682 1.5076 3.6961 -0.2105 1.0667 31.5145 -4.6761 -4.8948
Car -1 -1 -7.4292 308.7552 174.0349 470.3885 271.7755 1.5827 1.5726 3.5472 -3.8399 1.4624 13.5014 -7.7068 -4.9331
Car -1 -1 -4.8160 49.6591 175.9600 96.1240 204.2978 1.4614 1.6699 3.4399 -28.6339 1.1759 38.8776 -5.4526 -4.9633
Car -1 -1 -2.3991 0.0000 170.5854 86.7810 236.3223 1.6324 1.5636 3.7467 -15.8368 1.3618 18.6962 -3.1001 -4.9669
Car -1 -1 -8.1837 1014.4136 163.0232 1224.6422 272.1632 1.4387 1.6130 3.2551 7.8075 1.1958 11.2495 -7.5931 -5.0046
Car -1 -1 -4.4956 70.2135 177.4197 154.2686 227.5762 1.5255 1.5944 3.4185 -16.0783 1.4019 23.7310 -5.0910 -5.1084
Car -1 -1 -4.7082 490.0137 169.8998 524.2095 202.9241 1.4988 1.5438 4.2501 -4.5832 0.9726 34.8094 -4.8432 -5.1616
Car -1 -1 -6.2767 517.1340 167.3256 578.4387 193.5458 1.6982 1.5418 3.9721 -3.5289 0.7802 47.4363 -6.3555 -5.3623
Car -1 -1 -7.7070 581.5679 167.4703 622.6839 199.3280 1.5506 1.6237 3.5504 0.0741 0.8680 36.8358 -7.7100 -5.4612
Car -1 -1 -4.9930 617.7310 163.0701 655.8036 183.0520 1.5227 1.8664 4.3409 2.7781 0.1182 57.0690 -4.9493 -5.5512
Car -1 -1 -4.8715 253.7805 179.8501 384.8086 268.7036 1.5695 1.8620 4.2035 -6.0401 1.5410 14.9694 -5.2545 -5.6381
Car -1 -1 -5.7086 4.8418 190.8689 176.8967 254.8247 1.4315 1.6442 2.9427 -12.1666 1.6680 17.2138 -6.3220 -5.7072
Car -1 -1 -2.2511 0.0000 182.2036 43.1977 373.0000 1.3985 1.5624 4.1623 -5.9401 1.4041 4.0584 -3.1985 -5.7363
Car -1 -1 -4.7923 334.1044 177.1515 428.9995 239.3378 1.2695 1.7384 5.0425 -5.4731 1.1813 17.3270 -5.0991 -5.8639
Car -1 -1 -7.3051 50.9239 177.9436 151.6728 216.7598 1.7497 1.7510 4.8243 -24.0956 1.5897 34.8395 -7.9117 -5.9875
Car -1 -1 -4.5189 928.7272 156.8886 1050.0557 259.3114 1.5248 1.3771 2.4882 6.5340 1.1590 12.0957 -4.0378 -6.5251
Car -1 -1 -3.0336 367.7570 169.7170 473.5769 211.5546 1.4896 1.5486 3.6579 -6.6412 1.0705 26.5972 -3.2810 -6.7779
