Car -1 -1 -4.3766 241.6916 154.3111 494.5899 325.4836 1.7784 1.7653 4.5217 -2.8315 1.4966 9.7689 -4.6575 7.2763
Car -1 -1 -4.4671 368.9277 149.9097 480.7104 228.0293 2.0564 2.1305 4.6713 -5.0756 1.2253 21.2538 -4.7039 2.9032
Car -1 -1 -7.8012 566.9903 163.1011 589.4610 182.6120 1.4946 1.6025 3.7690 -1.7891 0.0851 56.9252 -7.8373 0.6295
Car -1 -1 -7.4603 9.1105 190.0279 85.6966 222.6944 1.4314 1.5526 3.8967 -26.6210 1.8676 34.6448 -8.1169 -1.6679
Car -1 -1 -8.3813 766.0983 164.8158 882.8766 220.8377 1.5348 1.5941 3.8883 6.5881 1.0782 21.7586 -8.0957 -2.2274
Car -1 -1 -8.6872 899.7787 155.5459 1056.8778 218.7956 1.4730 1.5169 3.4591 9.5859 0.8691 18.6158 -8.2224 -2.2793
Car -1 -1 -7.8467 572.7866 167.4594 599.3038 191.4905 1.4273 1.5752 3.6086 -0.9479 0.5935 44.4839 -7.8728 -2.4229
Car -1 -1 -6.8261 0.0000 181.9153 64.6757 215.6009 1.5733 1.6100 3.9595 -29.3235 1.5954 35.7364 -7.5147 -2.7882
Car -1 -1 -5.1509 7.8343 187.7260 89.4444 225.2450 1.5873 1.6393 3.3629 -24.9377 1.8812 32.3834 -5.8083 -3.5448
Car -1 -1 -7.2975 0.0000 186.2873 52.3605 221.2943 1.5195 1.6567 3.8323 -27.8966 1.7579 33.7379 -7.9896 -3.6224
Car -1 -1 -4.7186 480.9845 172.3618 521.1500 211.7495 1.4904 1.5119 3.4396 -4.0900 1.1450 28.9954 -4.8625 -3.6682
Car -1 -1 -4.1564 1.7092 175.9174 82.1379 205.5463 1.5411 1.7221 3.8239 -30.5464 1.2509 39.3546 -4.8182 -3.8310
Car -1 -1 -4.5642 317.7755 184.5088 394.5789 237.1638 1.4059 1.6039 4.0091 -7.2703 1.5054 21.5354 -4.8914 -4.2579
Car -1 -1 -4.7804 52.7105 174.2785 96.2386 203.1909 1.4811 1.6322 3.7499 -28.4638 1.1114 38.7561 -5.4156 -4.3451
Car -1 -1 -8.4122 1075.6693 139.8346 1174.8998 178.3542 1.6034 1.7559 3.9200 23.3576 -0.1497 32.2403 -7.7939 -4.4674
Car -1 -1 -3.0328 505.1048 170.6694 580.3062 198.2986 1.4158 1.4922 3.7896 -3.0447 0.8610 37.6009 -3.1180 -4.5487
Car -1 -1 -5.6350 1134.1035 135.9615 1237.0000 176.3724 1.4953 1.6757 3.7406 24.0279 -0.2219 29.1101 -4.9542 -4.8127
Car -1 -1 -2.9126 355.6344 180.2833 488.1074 222.2301 1.5048 1.6811 4.5068 -6.6036 1.4616 26.6485 -3.1584 -5.0241
Car -1 -1 -5.1609 591.4933 161.4944 629.8445 186.4790 2.2777 1.9488 4.2564 0.8684 0.4536 67.8253 -5.1530 -5.0383
Car -1 -1 -8.1409 252.2117 165.8854 435.5118 295.0465 1.7602 1.8289 3.7137 -4.4045 1.5481 11.8244 -8.4959 -5.0850
Car -1 -1 -7.7421 740.7465 168.5446 812.2605 228.5361 1.5793 1.6323 3.9364 5.1745 1.2387 21.0386 -7.5090 -5.1062
Car -1 -1 -3.9683 217.7923 190.6551 368.8139 243.6457 1.3028 1.5299 4.2297 -8.7229 1.5955 20.6857 -4.3682 -5.2252
Car -1 -1 -8.7148 891.4268 151.4027 1052.0042 222.7918 1.5275 1.4926 3.1770 8.6594 0.8841 17.1240 -8.2578 -5.3052
Car -1 -1 -4.8409 578.8870 164.2557 619.5192 197.9539 1.6694 1.5978 4.0365 -0.1776 0.8154 37.6958 -4.8506 -5.3421
Car -1 -1 -4.7936 330.6572 174.4322 423.8367 237.4015 1.3214 1.7467 4.9276 -5.6815 1.1737 17.6848 -5.1053 -5.4937
Car -1 -1 -2.0806 0.0000 185.0612 0.0000 373.0000 1.4996 1.6119 4.1120 -6.5081 1.5259 4.1898 -3.0569 -5.6976
Car -1 -1 -4.5632 0.0000 0.0000 1237.0000 373.0000 1.4976 1.6058 3.9586 -0.2518 1.5117 1.7461 -4.6977 -5.8867
Car -1 -1 -3.9452 107.0712 0.0000 1237.0000 373.0000 1.4963 1.6056 3.9579 -1.8598 1.5249 1.7538 -4.6977 -5.8867
Car -1 -1 -5.9535 0.0000 0.0000 1237.0000 373.0000 1.4855 1.6011 3.9530 6.1797 1.4041 1.7144 -4.6977 -5.8867
Car -1 -1 -4.2772 0.0000 192.1323 0.0000 373.0000 1.4138 1.6216 4.3261 -8.6504 1.5457 6.5725 -5.1847 -5.9895
Car -1 -1 -2.3970 279.9063 169.9610 377.6546 219.9728 1.8033 1.6075 3.2296 -10.3537 1.3876 27.2456 -2.7621 -6.1207
Car -1 -1 -7.9981 74.4850 178.8654 132.0375 218.1779 1.8060 1.7696 3.7706 -24.3016 1.6852 34.9810 -8.6069 -6.3281
Car -1 -1 -2.9312 307.6421 157.6598 412.7899 198.9403 1.7260 1.6472 4.0624 -10.3783 0.7295 31.0849 -3.2558 -6.4127
Car -1 -1 -5.7573 0.0000 189.1987 164.1803 253.4979 1.4356 1.4449 2.8930 -12.3390 1.6286 17.1026 -6.3803 -6.4158
Car -1 -1 -2.3919 0.0000 192.3934 44.0388 230.5066 1.5849 1.7989 4.2466 -27.1737 2.0761 31.4008 -3.1063 -6.4750
