Car -1 -1 -4.4441 387.4239 160.8839 538.5796 269.7423 1.7731 1.7586 4.3542 -2.5093 1.4379 13.9463 -4.6243 7.6839
Car -1 -1 -4.4663 370.0624 147.0089 476.4589 228.5527 2.1300 1.9535 4.6264 -5.0899 1.2296 21.0832 -4.7055 2.6066
Car -1 -1 -7.8655 567.3987 162.3049 589.2430 184.7953 1.7229 1.6639 3.9946 -1.8448 0.2523 57.0651 -7.9024 0.6870
Car -1 -1 -4.8891 595.5842 162.8466 620.9352 185.6056 2.0881 1.7609 3.6439 0.6525 0.3764 67.8524 -4.8844 -0.6861
Car -1 -1 -7.7314 572.8853 168.1551 604.3165 193.1512 1.4897 1.5608 3.4289 -0.7582 0.6945 44.5946 -7.7532 -0.8993
Car -1 -1 -5.5334 921.7429 154.2973 1099.5392 223.2363 1.5137 1.5929 3.6991 9.9068 0.9170 17.7799 -5.0364 -2.1423
Car -1 -1 -7.9891 550.6893 166.8613 572.5939 183.2144 1.5316 1.6085 3.6692 -3.8216 0.1603 69.2340 -8.0488 -2.3670
Car -1 -1 -7.8073 368.6558 176.3356 400.5990 203.1448 1.4232 1.5532 3.5973 -12.0541 1.1492 40.0686 -8.1027 -2.3685
Car -1 -1 -4.6887 432.9580 165.0395 482.5837 212.8417 1.6713 1.7123 4.1633 -5.4373 1.0962 27.3140 -4.8884 -2.7779
Car -1 -1 -4.7861 552.5891 167.2504 582.1783 192.1292 1.4793 1.5613 3.4239 -2.1399 0.6321 44.5084 -4.8388 -2.8562
Car -1 -1 -2.2473 0.0000 180.9373 100.1976 221.1193 1.7797 1.7188 3.9550 -25.5031 1.7551 33.1147 -2.9049 -2.8753
Car -1 -1 -5.3251 754.7275 164.8365 865.5425 217.1080 1.5080 1.5622 3.5610 6.4463 1.0277 22.6628 -5.0561 -2.9798
Car -1 -1 -8.0401 330.7039 174.0337 374.9933 201.7697 1.4552 1.6230 3.8041 -13.7957 1.0637 39.7425 -8.3771 -3.3455
Car -1 -1 -6.4252 0.0000 181.5134 100.7667 373.0000 1.5120 1.6131 3.8775 -4.8879 1.5129 3.2759 -7.3752 -3.3553
Car -1 -1 -7.8417 384.1883 177.2619 435.7297 221.5696 1.4981 1.6992 4.4869 -7.1058 1.3552 26.6724 -8.1047 -3.5024
Car -1 -1 -4.5529 0.0000 192.5981 37.8487 225.9742 1.4274 1.5575 3.7348 -28.0301 1.9848 34.0578 -5.2428 -3.5186
Car -1 -1 -7.6759 562.6871 168.6648 606.6421 199.8393 1.5049 1.6334 3.6636 -0.8117 0.8855 36.6101 -7.7029 -3.5979
Car -1 -1 -7.8876 620.0996 169.5591 673.1518 218.9484 1.4953 1.5772 3.5680 1.3872 1.1342 23.5470 -7.8345 -3.6631
Car -1 -1 -7.7693 47.6661 171.4787 90.1637 200.0847 1.5389 1.6247 3.8247 -30.1120 1.0000 40.6975 -8.4081 -3.7809
Car -1 -1 -7.7351 63.8178 179.8775 118.3919 216.1395 1.6505 1.6706 4.3398 -24.7888 1.5769 35.0003 -8.3529 -3.8425
Car -1 -1 -4.4322 0.0000 196.2183 263.2446 373.0000 1.4150 1.5680 3.8977 -2.5499 1.5231 3.1419 -5.0818 -4.1172
Car -1 -1 -5.2272 593.5649 167.5472 639.5337 191.0524 1.5904 1.6495 3.6247 1.0379 0.6463 50.5902 -5.2117 -4.1885
Car -1 -1 -7.8986 498.2662 164.1198 519.9258 184.4087 1.6685 1.6383 3.7966 -7.8514 0.2390 61.0863 -8.0307 -4.2024
Car -1 -1 -4.3319 594.3491 168.9238 653.5942 203.3884 1.5171 1.5432 3.6398 1.0973 0.9638 33.5969 -4.3045 -4.7876
Car -1 -1 -3.1702 508.6802 171.5908 588.8616 199.9952 1.4516 1.5614 4.1141 -2.7867 0.9454 37.7060 -3.2485 -4.8536
Car -1 -1 -4.6664 405.5688 171.0350 449.4287 209.4144 1.5128 1.6354 4.0471 -7.3271 1.1007 30.4575 -4.9055 -4.8763
Car -1 -1 -5.2282 596.8599 164.3955 635.9843 185.2252 1.6249 1.4705 3.7807 1.1981 0.2905 58.0471 -5.2124 -5.0511
Car -1 -1 -4.1038 589.2249 162.5663 649.9338 195.1165 1.7617 1.5530 3.8345 1.0764 0.7371 40.8843 -4.0825 -6.3375
Car -1 -1 -4.7564 1237.0000 146.2001 1237.0000 373.0000 1.4056 1.9596 4.5435 5.7882 1.2844 4.7615 -3.9061 -6.5944
