Car -1 -1 -4.3694 223.0497 155.7056 488.3509 335.1279 1.7646 1.7402 4.4628 -2.8388 1.5117 9.3367 -4.6628 7.2335
Car -1 -1 -4.4654 366.0805 150.0948 478.5416 228.2954 2.0367 2.0903 4.7722 -5.1071 1.2193 21.1023 -4.7052 3.0757
Car -1 -1 -8.0031 559.9738 162.4594 588.3557 182.6579 1.5435 1.6526 3.9948 -2.1789 0.0884 57.0105 -8.0459 -0.0320
Car -1 -1 -7.8871 560.1442 164.3351 592.4476 195.1337 1.6536 1.6651 4.0263 -1.4687 0.7322 40.6363 -7.9279 -1.5140
Car -1 -1 -7.8787 438.8377 172.9530 484.9965 215.2411 1.5017 1.6171 3.6341 -5.4066 1.1986 27.4602 -8.0764 -1.7078
Car -1 -1 -5.5971 920.4005 156.9713 1103.4871 225.6158 1.5034 1.5933 3.7424 9.9337 0.9667 17.7654 -5.0986 -2.6497
Car -1 -1 -4.0050 275.9213 178.5080 395.1972 231.3953 1.4883 1.5283 3.5159 -8.1053 1.4046 22.1284 -4.3576 -3.1817
Car -1 -1 -4.5115 0.0000 193.3203 33.6441 229.6061 1.5011 1.6470 4.0871 -27.8365 2.0857 33.3297 -5.2086 -3.3034
Car -1 -1 -4.3346 3.3708 187.1099 86.9815 221.5822 1.5312 1.6882 4.5071 -27.0403 1.8241 35.0853 -4.9928 -3.3753
Car -1 -1 -8.0658 761.7266 157.1687 834.6120 207.2933 1.5275 1.5654 3.5413 6.3701 0.7865 23.6933 -7.8109 -3.6906
Car -1 -1 -7.8182 561.5844 166.9542 590.0688 192.7037 1.5317 1.6515 3.9725 -1.5516 0.6666 44.7193 -7.8576 -3.7506
Car -1 -1 -4.4379 28.9182 178.3489 86.8109 207.7875 1.4971 1.5912 3.4870 -29.0205 1.3371 38.4450 -5.0862 -3.8645
Car -1 -1 -7.4253 23.6862 168.7712 95.3679 198.8775 1.6112 1.6637 4.1644 -30.5630 0.9302 40.6559 -8.0717 -4.1849
Car -1 -1 -5.7999 0.0000 125.8915 98.7098 171.7069 1.4994 1.6590 4.2076 -20.4583 -0.3607 25.2579 -6.4801 -4.1958
Car -1 -1 -7.0977 305.3682 170.1177 444.8155 229.1530 1.6104 1.6973 4.0814 -6.7577 1.3004 21.8010 -7.4000 -4.2060
Car -1 -1 -5.5182 111.2651 137.5063 220.7827 177.6824 1.5742 1.6531 3.7624 -17.9270 -0.1634 29.5945 -6.0635 -4.4364
Car -1 -1 -7.7709 318.6362 174.7103 427.4517 275.1053 1.5599 1.5832 3.3439 -4.0287 1.4551 12.9652 -8.0720 -4.4424
Car -1 -1 -7.3412 0.0000 123.1622 81.9376 173.9704 1.5115 1.6858 3.3121 -18.9844 -0.2662 23.6657 -8.0164 -4.5894
Car -1 -1 -7.5889 736.8033 169.1725 825.5959 225.0207 1.4637 1.5971 3.7489 5.2646 1.1411 20.8532 -7.3497 -4.6656
Car -1 -1 -7.4144 234.0473 148.4049 335.3028 197.0329 1.6304 1.6259 4.5231 -11.4926 0.5212 26.3668 -7.8266 -4.7671
Car -1 -1 -4.7749 472.0536 174.8818 514.7498 210.2301 1.3441 1.4675 3.6728 -4.4692 1.0928 29.2653 -4.9302 -4.8890
Car -1 -1 -2.9896 500.8862 169.2887 586.2054 199.4326 1.5444 1.5945 4.2817 -3.0101 0.9190 37.7440 -3.0736 -5.1325
Car -1 -1 -7.1441 1084.5143 98.8373 1237.0000 171.8788 1.8061 1.7658 3.3755 15.1223 -0.2742 19.2934 -6.4906 -5.3504
Car -1 -1 -2.3188 0.0000 196.4604 76.5912 373.0000 1.4084 1.6147 4.2487 -6.1450 1.5245 4.5454 -3.2313 -5.6576
Car -1 -1 -4.8049 334.8503 170.7863 429.6938 234.4681 1.3572 1.7493 5.2475 -5.6850 1.1294 18.0667 -5.1108 -5.7241
Car -1 -1 -2.6386 304.5091 155.7901 408.7435 192.4404 1.5391 1.6105 4.0216 -10.6524 0.4597 31.3042 -2.9689 -5.7303
Car -1 -1 -7.9942 584.8258 163.9693 623.3975 194.6419 1.6549 1.6530 3.7483 0.1025 0.7092 40.7291 -7.9966 -5.7388
Car -1 -1 -6.7540 1011.4080 163.5987 1237.0000 272.1974 1.4671 1.5553 3.2663 8.1566 1.2259 10.7350 -6.1211 -5.8385
Car -1 -1 -4.1467 1195.0756 104.3926 1237.0000 373.0000 1.5098 1.6239 3.9499 5.0240 1.2826 2.9557 -3.1513 -5.8867
Car -1 -1 -4.2058 260.9645 0.0000 1237.0000 373.0000 1.4957 1.6055 3.9580 -1.0558 1.5135 1.7499 -4.6977 -5.8867
Car -1 -1 -3.7069 0.0000 186.3578 65.7990 373.0000 1.4881 1.6031 3.9551 -4.2679 1.5197 2.5700 -4.6977 -5.8867
Car -1 -1 -7.8197 53.8674 181.3955 103.2366 219.4447 1.6792 1.7420 4.7570 -24.7932 1.6749 34.1601 -8.4489 -5.9283
Car -1 -1 -4.8810 233.8451 182.2969 362.0373 278.8769 1.6789 1.7618 3.7714 -6.3000 1.6979 14.5821 -5.2879 -6.1946
Car -1 -1 -8.1484 607.4050 160.2778 652.3481 190.4922 1.6326 1.5849 3.4636 1.5625 0.4860 40.6920 -8.1151 -6.5532
Car -1 -1 -7.8532 600.0908 154.0997 618.4974 183.3558 2.5847 1.6262 4.0440 0.7393 0.1637 65.4911 -7.8468 -6.8299
