Car -1 -1 -4.4469 393.1067 160.3808 541.1166 267.6348 1.7793 1.7499 4.3993 -2.4765 1.4296 14.1864 -4.6221 7.3453
Car -1 -1 -4.4682 370.1247 149.8025 474.9897 228.4526 2.0556 1.9379 4.5161 -5.1052 1.2277 21.0364 -4.7087 3.0861
Car -1 -1 -8.3297 591.6754 162.1252 628.3536 187.0739 2.2864 1.8385 3.9772 0.8148 0.5105 68.0211 -8.3227 0.2210
Car -1 -1 -7.8843 566.4316 163.0975 589.5794 184.9310 1.6756 1.6939 4.1265 -1.8779 0.2632 57.2430 -7.9217 -0.2327
Car -1 -1 -4.5508 554.8121 167.9977 586.8433 192.4064 1.4500 1.4945 3.2116 -1.8536 0.6480 44.3549 -4.5972 -0.6214
Car -1 -1 -4.6760 434.7532 167.7766 485.0082 215.0211 1.6290 1.7108 4.4632 -5.2825 1.1562 27.1068 -4.8717 -1.2436
Car -1 -1 -7.8120 499.2299 161.9920 521.4662 183.4804 1.7667 1.7255 4.1871 -7.7023 0.1626 61.2207 -7.9414 -2.0218
Car -1 -1 -8.3655 589.8854 168.4099 637.5569 192.2438 1.6266 1.6763 3.9092 0.8437 0.7333 51.1429 -8.3540 -2.6349
Car -1 -1 -7.5489 336.1503 176.7600 388.5756 204.8580 1.4690 1.6557 3.8860 -13.0835 1.2214 39.5131 -7.8717 -3.0827
Car -1 -1 -5.5926 17.0368 173.1529 109.1305 201.1743 1.5138 1.6952 3.8890 -29.7405 1.0630 39.7428 -6.2368 -3.1489
Car -1 -1 -5.6644 921.4600 157.4300 1113.6411 228.0094 1.5398 1.6346 3.8581 10.0689 1.0152 17.7640 -5.1601 -3.1507
Car -1 -1 -4.5665 576.3271 165.5508 611.8332 191.7585 1.5437 1.6452 4.0420 -0.4053 0.6043 44.4224 -4.5805 -3.3077
Car -1 -1 -7.7450 390.5394 174.0515 447.8287 219.7822 1.5644 1.6406 4.0615 -6.7123 1.3100 26.6992 -7.9941 -3.6896
Car -1 -1 -7.6164 365.5477 175.2297 413.9192 204.1986 1.5351 1.7009 4.0384 -11.7594 1.2030 40.1246 -7.9047 -3.8061
Car -1 -1 -7.9726 549.4833 167.6957 571.9429 184.9840 1.6169 1.6738 4.0536 -3.9199 0.3255 69.3261 -8.0337 -3.9012
Car -1 -1 -7.6864 609.0172 172.1726 676.5357 220.8634 1.4608 1.6248 3.7568 1.4062 1.1815 23.5628 -7.6326 -4.1286
Car -1 -1 -7.6681 566.0101 164.4035 607.8222 194.3381 1.6125 1.6766 4.0371 -0.7736 0.6917 40.8218 -7.6918 -4.1372
Car -1 -1 -2.5290 0.0000 168.0081 85.4667 237.6085 1.6854 1.6362 3.6854 -15.7025 1.3593 18.3801 -3.2341 -4.1418
Car -1 -1 -4.4358 736.9173 168.0888 827.9669 225.1662 1.4841 1.5883 3.8194 5.2722 1.1359 20.7305 -4.1949 -4.3090
Car -1 -1 -8.2791 1080.3899 138.9590 1168.1936 178.4350 1.6378 1.7242 3.8078 23.2639 -0.1456 32.1530 -7.6614 -4.6189
Car -1 -1 -4.4002 262.5114 164.6439 337.0827 212.7630 1.6883 1.6370 3.3315 -11.2422 1.0973 26.9322 -4.7972 -4.7581
Car -1 -1 -4.6110 548.5638 163.2833 580.9938 188.5473 1.7488 1.9536 4.0605 -2.5850 0.4878 51.7975 -4.6655 -4.7605
Car -1 -1 -3.2403 518.6741 170.9630 597.8395 199.3330 1.4459 1.5448 4.0071 -2.2971 0.9091 37.6989 -3.3057 -4.7881
Car -1 -1 -2.9800 509.4240 169.8526 577.1649 195.7872 1.4969 1.5576 3.7879 -3.4010 0.8248 42.3840 -3.0645 -4.7939
Car -1 -1 -2.4495 0.0000 178.4264 99.3032 214.5542 1.5948 1.6979 4.3005 -25.5378 1.4594 32.6158 -3.1149 -4.8243
Car -1 -1 -4.4005 0.0000 171.1324 67.0634 207.6832 1.6889 1.6505 4.5677 -28.2778 1.2101 35.6206 -5.0729 -4.8641
Car -1 -1 -7.8452 360.1944 166.2121 402.9668 204.4808 1.5587 1.6803 4.1407 -9.6339 0.9363 31.4823 -8.1448 -4.9287
Car -1 -1 -6.8349 1133.5809 137.2300 1237.0000 178.8121 1.6731 1.7532 3.8926 24.9820 -0.1168 30.1714 -6.1524 -5.1318
Car -1 -1 -3.9933 380.5162 178.9501 460.8500 213.2146 1.4591 1.5529 3.5938 -8.1331 1.3508 32.5419 -4.2415 -5.1930
Car -1 -1 -4.8326 576.3303 164.9904 604.0482 186.9473 1.5095 1.5470 3.4952 -0.8206 0.3745 51.2247 -4.8533 -5.4040
Car -1 -1 -4.1445 1195.4802 101.6756 1237.0000 373.0000 1.5085 1.6242 3.9499 5.0254 1.2731 2.9517 -3.1485 -5.8867
Car -1 -1 -7.7638 485.8012 161.7363 537.3181 206.5712 1.8254 1.8602 4.5114 -3.8794 1.0211 31.5341 -7.8902 -5.9252
Car -1 -1 -4.2987 591.5270 170.0950 641.6411 199.4163 1.5867 1.4713 3.7835 0.9093 0.9697 40.8972 -4.2816 -5.9750
Car -1 -1 -2.0042 0.0000 198.6480 0.0000 373.0000 1.4697 1.6595 3.8198 -6.3119 1.6051 4.4453 -2.9399 -6.0528
Car -1 -1 -7.5921 1226.5619 168.5856 1237.0000 373.0000 1.3695 1.6550 4.0950 5.9445 1.3192 4.4165 -6.6938 -6.7437
