Car -1 -1 -4.6733 504.2921 159.1456 562.9173 215.6847 1.7734 1.8364 4.2578 -2.2809 1.0727 24.7094 -4.7695 5.2739
Car -1 -1 -4.5411 374.5318 146.5079 473.2467 229.2406 2.1721 2.0564 4.7179 -5.1248 1.2539 21.2826 -4.7798 4.9557
Car -1 -1 -4.7542 554.6507 167.2522 584.1097 192.6263 1.4922 1.6229 3.9821 -2.0135 0.6544 44.3013 -4.8043 -0.6526
Car -1 -1 -4.4595 560.0671 162.3142 594.0367 183.5391 1.6233 1.7057 4.2805 -1.8756 0.1559 57.2136 -4.4969 -0.6857
Car -1 -1 -7.5102 572.7066 167.7140 619.6823 193.0184 1.4740 1.6215 4.0618 -0.2650 0.6711 44.0270 -7.5211 -1.8403
Car -1 -1 -7.7835 614.3575 159.1106 639.1635 182.3532 1.8027 1.7354 4.0535 2.0940 0.0661 57.8199 -7.7522 -1.8741
Car -1 -1 -8.2990 608.7775 169.6972 653.1119 194.1100 1.7089 1.6792 3.9414 2.1226 0.8827 52.4251 -8.2637 -2.0340
Car -1 -1 -4.5413 32.9774 179.5033 84.4569 210.3435 1.5738 1.5905 3.8438 -29.1919 1.4721 38.7290 -5.1890 -2.3101
Car -1 -1 -7.1594 447.8445 165.7413 511.6340 195.5065 1.5572 1.7108 3.3552 -6.6441 0.7329 39.4601 -7.3300 -2.4149
Car -1 -1 -4.6359 337.0120 174.8325 374.1127 203.4623 1.4498 1.6231 3.4223 -13.0463 1.1124 38.2376 -4.9676 -2.5449
Car -1 -1 -5.0850 923.9081 159.7078 1058.9761 227.0584 1.4731 1.5794 3.8044 9.3804 0.9971 17.6858 -4.6085 -2.7354
Car -1 -1 -4.3282 22.9261 183.3733 103.8673 218.2524 1.4922 1.6236 3.9487 -24.6673 1.5842 33.0740 -4.9703 -3.0331
Car -1 -1 -3.3979 1071.8605 112.0793 1237.0000 249.6515 1.9636 1.7629 3.5611 9.9445 0.9734 11.7944 -2.7133 -3.1414
Car -1 -1 -8.0018 358.6429 175.7424 398.3331 202.8478 1.4407 1.5675 3.7601 -12.5218 1.1349 40.2145 -8.3068 -3.2693
Car -1 -1 -4.9467 566.5793 165.1168 604.4177 189.7049 1.6509 1.7441 4.0204 -1.1518 0.5509 50.3967 -4.9743 -3.3403
Car -1 -1 -2.2520 0.0000 190.5203 22.6861 224.9389 1.4794 1.6936 4.1077 -28.8940 1.9044 32.6594 -2.9774 -3.6220
Car -1 -1 -7.6527 562.2609 163.9705 601.5823 195.2765 1.7020 1.6034 3.4067 -1.0704 0.7491 40.8676 -7.6836 -3.7247
Car -1 -1 -7.8057 185.0390 176.9217 292.3734 277.1243 1.7096 1.6832 3.7067 -7.1200 1.6321 14.2913 -8.2662 -3.8597
Car -1 -1 -7.6531 4.7329 190.4933 64.0424 222.3373 1.3870 1.5283 3.6942 -27.0895 1.8430 34.4062 -8.3214 -4.0721
Car -1 -1 -4.6231 436.5983 156.4831 492.9154 210.3166 1.9187 1.7728 4.3947 -5.2364 1.0275 27.8771 -4.8121 -4.1098
Car -1 -1 -7.5145 488.5449 167.4771 538.0023 195.2389 1.4948 1.6073 3.8477 -4.9423 0.7399 40.7275 -7.6394 -4.2595
Car -1 -1 -4.0906 0.0000 153.5211 120.6836 208.4729 1.7546 1.8305 4.3270 -19.1540 0.8617 25.1252 -4.7418 -4.6668
Car -1 -1 -7.6252 75.2982 172.1495 139.2268 209.4158 1.7045 1.7619 3.7439 -23.9416 1.2771 34.9192 -8.2277 -4.8194
Car -1 -1 -4.2411 0.0000 181.4969 58.2036 213.2248 1.4951 1.6232 3.2023 -28.6917 1.4952 35.5842 -4.9211 -4.9763
Car -1 -1 -4.7422 555.9788 167.0652 580.2783 189.5646 1.4757 1.5280 3.4599 -2.2862 0.5290 48.8999 -4.7936 -5.0272
Car -1 -1 -7.3039 484.3348 169.6375 551.5267 200.8538 1.5198 1.4991 4.1869 -4.2567 0.9425 37.1891 -7.4221 -5.0762
Car -1 -1 -4.3880 488.6151 171.3669 530.4758 197.2094 1.5947 1.5467 3.8559 -5.8751 0.9695 46.3679 -4.5183 -5.0878
Car -1 -1 -5.1396 490.9803 168.2965 534.9046 190.9885 1.5691 1.6669 3.8791 -6.3998 0.6561 51.7586 -5.2669 -5.2005
Car -1 -1 -7.3241 369.8131 172.6778 438.2132 199.8674 1.4250 1.7088 4.3624 -10.9006 0.9628 39.9760 -7.5936 -5.2501
Car -1 -1 -6.6752 1237.0000 69.3458 1237.0000 182.3004 1.5760 1.6156 3.8590 13.0007 0.0118 11.5689 -5.8475 -5.2718
Car -1 -1 -8.0839 484.0127 166.1468 511.1903 185.0262 1.7987 1.7117 4.2156 -10.2113 0.3356 70.7118 -8.2317 -5.8228
