Car -1 -1 -4.5774 398.1174 152.2790 481.3339 225.4443 2.0883 1.9914 4.5110 -5.0342 1.2548 22.8348 -4.7972 4.5266
Car -1 -1 -4.7414 522.7844 165.7323 562.5529 201.1080 1.6067 1.7636 4.6153 -2.9366 0.8908 35.0208 -4.8294 3.2897
Car -1 -1 -4.6154 446.4812 161.6743 500.8936 211.1469 1.8777 1.7975 4.3900 -5.1840 1.1256 29.5246 -4.7928 -0.0159
Car -1 -1 -7.8938 557.2069 168.9118 585.2050 192.9338 1.4869 1.6261 4.0370 -1.9906 0.7078 46.5436 -7.9412 -0.6317
Car -1 -1 -5.4544 901.8311 157.3765 1055.3345 218.3267 1.4608 1.5344 3.6457 9.8713 0.8832 19.1802 -4.9897 -0.8993
Car -1 -1 -1.9014 102.6408 168.1694 156.0101 192.5604 1.6335 1.7240 4.5379 -32.9917 0.7407 50.1755 -2.4855 -1.6363
Car -1 -1 -7.7831 576.3890 168.6015 605.1080 192.2176 1.4658 1.6063 3.9730 -0.6487 0.6653 46.6109 -7.8018 -2.4338
Car -1 -1 -6.5938 361.7721 174.6138 439.5182 201.5017 1.4841 1.6426 4.0100 -11.5630 1.1042 41.4435 -6.8693 -2.5978
Car -1 -1 -7.7538 568.9882 163.5523 594.7131 185.9207 1.7635 1.7145 4.1910 -1.5426 0.3484 58.7823 -7.7848 -2.7820
Car -1 -1 -8.3405 597.0225 164.6907 647.8604 190.0888 1.7498 1.7911 4.4130 1.4745 0.5917 51.8640 -8.3171 -3.3618
Car -1 -1 -5.8930 533.2565 170.1794 579.0512 187.0794 1.6206 1.6581 4.1567 -4.3888 0.5347 70.3295 -5.9600 -3.3757
Car -1 -1 -7.8057 371.1318 171.3001 396.1311 190.3860 1.4902 1.7704 3.8144 -17.5736 0.6937 58.1528 -8.1028 -3.7215
Car -1 -1 -4.2517 50.7662 165.9416 114.5170 193.2678 1.5256 1.6662 3.4429 -30.2084 0.6571 41.9389 -4.8778 -3.8951
Car -1 -1 -5.8699 0.0000 135.6366 131.2472 185.6521 1.7655 1.6987 3.6841 -19.8493 0.1470 26.6003 -6.5109 -4.0574
Car -1 -1 -7.3681 42.3769 183.2003 120.5005 214.6698 1.4738 1.6920 3.5424 -25.7616 1.5630 35.7146 -7.9946 -4.1231
Car -1 -1 -4.2915 96.4958 170.3944 146.3005 192.1488 1.5330 1.6374 3.7890 -35.0839 0.7504 52.6261 -4.8820 -4.2751
Car -1 -1 -7.4800 81.3206 161.1063 139.9393 189.3168 1.6925 1.7739 3.8295 -30.7691 0.4691 45.1621 -8.0802 -4.3006
Car -1 -1 -8.1227 756.2780 159.8203 809.7635 193.5157 1.5736 1.6038 3.6833 8.8735 0.5614 35.4114 -7.8838 -4.7028
Car -1 -1 -7.5363 19.3915 183.8207 87.5107 215.4541 1.4737 1.5498 3.9681 -27.2987 1.5968 35.9046 -8.1879 -4.8347
Car -1 -1 -4.1519 320.3822 172.2084 393.7057 202.1983 1.5200 1.7149 4.3174 -13.0765 1.0492 38.7048 -4.4806 -5.1115
Car -1 -1 -4.3064 0.0000 176.1357 66.2215 211.3225 1.4555 1.6308 3.6408 -25.3903 1.2339 31.6863 -4.9829 -5.2403
Car -1 -1 -2.0798 45.2319 136.2984 160.9367 184.7106 1.8051 1.7231 4.6640 -19.8687 0.1201 28.5812 -2.6877 -5.2549
Car -1 -1 -4.6219 291.5730 168.5337 347.4999 220.0922 1.8550 1.6705 4.1795 -10.9553 1.3889 28.0849 -4.9958 -5.6784
Car -1 -1 -7.1986 42.4021 176.8367 139.6248 209.3928 1.4725 1.7026 4.0426 -24.4223 1.2619 34.5433 -7.8154 -5.7787
Car -1 -1 -4.5777 1203.0341 151.8124 1237.0000 373.0000 1.3969 1.7492 4.1396 5.7829 1.2788 4.7477 -3.7264 -6.1153
Car -1 -1 -2.2783 257.3919 157.1908 355.3338 199.1531 1.6925 1.7008 3.9460 -12.6071 0.7124 30.6262 -2.6707 -6.1294
Car -1 -1 -7.9207 382.0999 164.5452 431.2592 211.9513 1.7035 1.5672 3.8040 -7.6293 1.0947 27.8673 -8.1906 -6.2521
