Car -1 -1 -4.5044 360.2893 166.3440 477.6417 258.1060 2.0874 2.0281 4.6471 -4.5918 1.7432 18.6981 -4.7475 7.3406
Car -1 -1 -7.9113 583.2885 174.8115 609.8664 199.6706 1.8159 1.7498 4.3233 -0.3909 1.3273 54.6909 -7.9235 2.3558
Car -1 -1 -3.7495 0.0000 0.0000 1237.0000 373.0000 1.6012 1.6293 3.7971 -2.4201 1.6674 1.1313 -4.8047 1.4345
Car -1 -1 -4.5974 439.2472 171.3274 503.0393 232.6269 1.9650 1.7128 4.5577 -4.5207 1.6393 25.3563 -4.7773 0.7543
Car -1 -1 -7.8604 258.4214 182.6975 316.2755 237.9594 1.6670 1.6313 3.9354 -10.4809 1.7107 23.8890 -8.2751 0.5093
Car -1 -1 -7.9551 300.3875 182.6699 365.6860 235.5944 1.6488 1.6664 4.1895 -9.3320 1.6931 24.7240 -8.3178 -1.2172
Car -1 -1 -5.0595 628.1194 176.3387 669.5366 200.3653 1.5998 1.6576 3.7871 3.2560 1.2561 49.8802 -4.9997 -1.6293
Car -1 -1 -1.6243 0.0000 176.9920 33.1884 248.2196 1.5070 1.6116 3.8012 -14.8417 1.4122 17.1275 -2.3359 -1.8301
Car -1 -1 -7.9509 8.1936 173.7031 62.5332 209.7847 1.6936 1.7037 4.3917 -28.3288 1.3278 35.8889 -8.6205 -2.7548
Car -1 -1 -5.0819 1083.3627 161.3532 1237.0000 239.0718 1.4561 1.5905 3.7230 11.9466 1.0793 15.4663 -4.4375 -2.8865
Car -1 -1 -6.7636 584.1544 177.8463 672.5373 211.1431 1.6592 1.7165 4.3085 1.4075 1.4774 37.5026 -6.7315 -2.8949
Car -1 -1 -7.8719 838.8282 177.9955 903.0500 234.9559 1.4512 1.5530 3.4646 7.4704 1.3625 20.1918 -7.5270 -2.9135
Car -1 -1 -4.6709 0.0000 0.0000 1237.0000 373.0000 1.5739 1.6159 3.7260 -0.7626 1.5864 1.2925 -5.1372 -3.5312
Car -1 -1 -6.1227 634.9639 171.1207 694.4823 194.4694 1.6999 1.6911 4.2160 4.7539 0.9442 53.6278 -6.0397 -3.6500
Car -1 -1 -6.1794 423.0631 171.3285 500.1895 211.3732 1.9755 1.7362 3.6899 -7.0514 1.4739 36.4691 -6.3742 -3.6883
Car -1 -1 -6.4985 637.8989 177.0748 733.4651 213.7387 1.5291 1.5958 3.8304 3.5745 1.3449 30.9563 -6.3896 -3.8507
Car -1 -1 -4.8916 330.9950 184.0000 369.4272 208.5037 1.6973 1.9268 4.1336 -18.3781 1.8878 52.4900 -5.2319 -4.1146
Car -1 -1 -4.1609 596.2700 177.3627 654.6228 202.2948 1.5746 1.7298 4.6206 1.6636 1.3133 47.7715 -4.1313 -4.1178
Car -1 -1 -4.8345 0.0000 175.6093 31.5349 229.1460 1.7155 1.6495 4.1590 -21.3414 1.5271 25.0313 -5.5405 -4.4686
Car -1 -1 -7.8777 1053.6292 156.9058 1169.1178 248.5978 1.4544 1.5493 3.4830 9.2471 1.0649 13.2783 -7.2838 -4.7393
Car -1 -1 -4.7755 0.0000 167.2204 20.3238 269.2015 1.7112 1.7032 4.0030 -12.8070 1.4722 14.0603 -5.5103 -4.8294
Car -1 -1 -4.5125 354.4742 180.9229 389.9628 203.4735 1.6055 1.7282 4.1832 -16.9434 1.5643 53.3160 -4.8238 -5.3001
Car -1 -1 -8.2122 553.6581 176.5532 611.4481 210.9056 1.7091 1.6225 4.3095 -1.0742 1.4632 38.0408 -8.2454 -6.0856
Car -1 -1 -5.5860 443.5383 184.6091 527.6586 217.2273 1.7146 1.7483 4.5612 -6.4829 1.8962 40.0326 -5.7508 -6.4685
