Car -1 -1 -4.4208 360.3519 131.5766 553.7675 280.3446 2.1508 2.0560 4.7381 -2.3249 1.4297 12.8533 -4.6018 5.9145
Car -1 -1 -7.9389 683.5992 160.5571 714.8969 188.5528 1.7843 1.7127 3.8394 6.4653 0.4496 47.7386 -7.8099 0.9749
Car -1 -1 -4.6217 514.4653 152.1667 587.5688 233.6480 1.9376 1.6100 3.5711 -1.2697 1.2406 18.8829 -4.6931 0.7865
Car -1 -1 -4.7066 673.7626 168.8594 709.1400 199.6423 1.4040 1.6056 3.6525 4.3273 0.8277 34.6740 -4.5884 -1.5784
Car -1 -1 -4.7747 700.4144 169.1154 739.2902 200.4291 1.3979 1.5559 3.6366 5.5333 0.8453 33.9507 -4.6193 -1.6062
Car -1 -1 -3.4927 739.0162 165.9921 801.6593 189.4165 1.4950 1.6009 3.6477 11.0025 0.5053 46.8707 -3.2683 -2.3899
Car -1 -1 -4.8067 691.2168 165.9294 729.5687 196.5838 1.6222 1.6920 4.2498 6.0328 0.7984 40.1768 -4.6635 -2.4825
Car -1 -1 -8.0301 1176.7952 158.9483 1237.0000 269.9117 1.4309 1.5493 3.5262 10.1808 1.1407 11.1720 -7.3079 -2.6607
Car -1 -1 -8.0237 695.1356 167.7505 743.4396 204.1490 1.4866 1.5374 2.9864 4.9933 0.9253 30.8428 -7.8695 -2.7314
Car -1 -1 -7.7738 283.7216 184.8628 354.7117 239.8034 1.3185 1.5033 3.5167 -7.5505 1.4186 19.3716 -8.1461 -2.8943
Car -1 -1 -8.0074 671.4935 167.5962 697.5894 186.0313 1.4930 1.6014 3.6687 6.9395 0.3668 60.0443 -7.8977 -2.9838
Car -1 -1 -7.7163 227.7905 130.7868 284.9454 170.8242 1.4998 1.6514 3.8276 -14.3900 -0.4777 30.0901 -8.1634 -3.2333
Car -1 -1 -6.0462 120.7159 132.0964 246.1201 174.3710 1.5319 1.7440 3.9101 -16.1303 -0.2903 27.8909 -6.5710 -3.3093
Car -1 -1 -7.7647 443.6626 171.4486 527.3472 247.1352 1.5471 1.5798 3.8240 -2.6098 1.3422 16.6454 -7.9232 -3.7411
Car -1 -1 -2.4260 231.8584 133.2635 336.8364 173.9322 1.4801 1.6297 3.5295 -12.3291 -0.3075 27.9253 -2.8428 -4.0699
Car -1 -1 -7.5335 171.5375 135.4433 250.0489 178.1041 1.4578 1.5848 3.3374 -14.3986 -0.1339 26.6134 -8.0299 -4.3007
Car -1 -1 -7.9557 665.8096 165.4999 704.0513 195.0388 1.4946 1.6057 3.8972 4.3936 0.6852 38.2999 -7.8471 -4.5466
Car -1 -1 -3.5251 488.4892 166.1063 592.7585 203.8764 1.4979 1.6473 4.0367 -2.5562 0.8878 30.1399 -3.6140 -4.5917
Car -1 -1 -5.2841 704.8877 157.4695 748.4743 180.8152 1.8627 1.7407 3.8410 10.3640 -0.0590 59.5471 -5.1173 -4.6479
Car -1 -1 -5.5009 744.8704 159.2220 810.4188 186.7531 1.5954 1.5856 3.8611 10.6622 0.3045 43.6859 -5.2678 -4.8280
Car -1 -1 -7.9966 813.7704 165.6567 906.6513 231.4897 1.5453 1.6450 4.3915 6.7230 1.1740 19.1714 -7.6688 -5.0702
Car -1 -1 -7.8552 814.5566 168.5045 894.5984 242.9112 1.4538 1.4995 3.8105 5.5792 1.2005 16.0800 -7.5315 -5.3389
Car -1 -1 -2.1381 0.0000 187.9041 42.6622 373.0000 1.3803 1.5752 4.2545 -6.1958 1.4294 4.4726 -3.0619 -5.7060
Car -1 -1 -2.7317 354.5017 157.7917 479.8755 208.4913 1.5646 1.5587 3.6044 -5.9413 0.8334 23.2199 -2.9845 -5.7351
Car -1 -1 -6.4550 722.8237 156.7217 777.2906 181.5598 1.8554 1.7131 3.8059 11.2727 0.0044 54.5657 -6.2570 -5.7543
Car -1 -1 -7.1464 51.9017 0.0000 1237.0000 373.0000 1.5431 1.5894 3.8040 -1.2959 1.6137 1.0378 -7.9392 -5.8867
Car -1 -1 -8.9991 0.0000 0.0000 1237.0000 373.0000 1.5416 1.5885 3.8044 2.3096 1.5711 1.0129 -7.9397 -5.8867
Car -1 -1 -3.4688 0.0000 195.5230 0.0000 373.0000 1.5007 1.6053 3.9552 -7.8763 1.5909 2.5940 -4.6970 -5.8867
Car -1 -1 -3.7070 0.0000 189.0955 66.0228 373.0000 1.4940 1.6036 3.9568 -4.2678 1.5430 2.5705 -4.6977 -5.8867
Car -1 -1 -9.2437 0.0000 0.0000 1237.0000 373.0000 1.5151 1.5800 3.7937 4.7207 1.4589 1.0000 -7.9397 -5.8867
Car -1 -1 -6.7856 0.0000 0.0000 1237.0000 373.0000 1.5402 1.5854 3.8019 -2.9028 1.6284 1.0467 -7.9391 -5.8867
Car -1 -1 -6.9243 974.5002 166.2128 1216.6282 247.0907 1.3384 1.4945 3.3192 8.6083 1.0861 12.7351 -6.3445 -6.0162
Car -1 -1 -5.4909 0.0000 202.8792 0.0000 373.0000 1.5527 1.6923 4.0766 -8.8222 1.7947 7.0823 -6.3730 -6.4626
