Car -1 -1 -4.2607 0.0000 131.3120 406.5776 373.0000 1.7391 1.7315 4.3074 -2.6832 1.5640 4.7115 -4.7619 4.9528
Car -1 -1 -4.5497 375.7305 151.4170 469.8520 230.6903 2.0700 1.9987 4.2428 -5.0978 1.2849 20.9499 -4.7907 4.5354
Car -1 -1 -8.3195 592.3265 162.0515 628.8502 187.2233 2.3029 1.8352 4.0001 0.8671 0.5233 67.9184 -8.3117 0.8276
Car -1 -1 -7.8431 567.6823 164.2040 589.4000 185.7335 1.6533 1.6677 3.8419 -1.7882 0.3250 57.1047 -7.8791 0.1448
Car -1 -1 -4.5973 442.1673 169.5337 495.2077 211.3867 1.5421 1.6282 4.0727 -5.2203 1.1016 28.5552 -4.7815 -1.3523
Car -1 -1 -7.5839 378.6624 167.0769 492.1214 247.2932 1.6977 1.7197 3.5932 -3.8369 1.3930 17.0378 -7.8075 -1.5112
Car -1 -1 -7.7662 463.2991 168.0503 498.6318 197.2725 1.5825 1.6604 3.9795 -6.8197 0.8543 40.9513 -7.9351 -2.0464
Car -1 -1 -2.0137 0.0000 193.7084 19.5812 228.9692 1.4868 1.6321 4.0022 -28.7871 2.0724 32.8991 -2.7337 -2.0820
Car -1 -1 -6.2153 546.1691 168.1765 609.6140 193.5994 1.5464 1.6418 3.8400 -1.4244 0.7361 44.5748 -6.2520 -2.4113
Car -1 -1 -7.6657 4.6539 193.3838 62.6843 225.7747 1.3944 1.5161 3.7133 -27.1076 1.9964 34.3834 -8.3347 -2.6900
Car -1 -1 -5.6591 922.6856 152.4219 1107.0698 221.7090 1.5258 1.6080 3.7080 10.0607 0.8860 17.8386 -5.1569 -2.8533
Car -1 -1 -7.8749 303.6453 164.5879 381.5665 242.7396 1.7116 1.6372 3.8612 -6.4982 1.3418 17.8287 -8.2250 -3.0110
Car -1 -1 -7.9083 552.6480 166.6272 574.2809 184.8275 1.7021 1.8177 4.6070 -3.6709 0.3109 69.5688 -7.9657 -3.4145
Car -1 -1 -5.8499 0.0000 189.3950 110.9250 226.5406 1.6061 1.7353 3.8050 -24.9739 1.9812 32.8514 -6.5012 -3.4411
Car -1 -1 -3.3050 0.0000 157.1262 81.1294 230.7416 1.5913 1.6575 3.8299 -15.2774 1.0650 17.5306 -4.0194 -3.5032
Car -1 -1 -4.6132 39.3845 180.8340 84.5686 211.2319 1.5545 1.6040 3.6111 -29.0022 1.5206 38.6935 -5.2582 -3.6407
Car -1 -1 -7.5395 17.6365 171.8449 80.9694 200.4297 1.5208 1.6386 4.1198 -30.9840 1.0073 40.4338 -8.1951 -4.0263
Car -1 -1 -4.4538 360.0617 173.5618 411.0896 204.7671 1.6318 1.7626 3.8991 -11.8167 1.2169 39.5428 -4.7473 -4.0301
Car -1 -1 -6.7366 527.5641 160.3810 610.1521 194.2439 1.7743 1.7260 4.1958 -1.7770 0.6679 39.4052 -6.7862 -4.2747
Car -1 -1 -5.9257 1176.5194 189.2805 1237.0000 373.0000 1.4101 1.5154 3.8863 4.7771 1.4640 2.8467 -4.9377 -4.4786
Car -1 -1 -4.5344 736.0755 165.8202 813.5998 223.2610 1.5055 1.5806 3.6986 5.0732 1.0950 20.8381 -4.3036 -4.6714
Car -1 -1 -4.7158 553.9208 166.0749 580.5228 189.6135 1.6355 1.8484 3.9765 -2.4787 0.5637 51.9476 -4.7681 -4.7088
Car -1 -1 -3.6591 0.0000 184.8929 68.1609 219.9894 1.5935 1.6854 4.5822 -29.3498 1.7730 35.5266 -4.3510 -4.8071
Car -1 -1 -8.1596 604.9952 163.6954 645.9396 186.9226 1.5432 1.6427 4.1678 1.6314 0.3603 49.9559 -8.1319 -4.8857
Car -1 -1 -7.7007 119.6851 181.6873 331.6161 344.2576 1.5008 1.6404 3.4456 -4.2301 1.5041 8.5239 -8.1552 -4.9947
Car -1 -1 -8.0109 600.2110 162.2443 628.2655 184.5522 1.7236 1.6215 3.9853 1.0121 0.2357 57.5908 -7.9983 -5.0322
Car -1 -1 -5.2190 1147.1169 137.7622 1237.0000 215.5389 1.5120 1.6106 3.6345 13.9495 0.6623 15.9062 -4.5122 -5.0548
Car -1 -1 -4.5596 332.0275 176.3576 380.5478 206.9282 1.4735 1.7404 4.2575 -12.5156 1.2258 36.8716 -4.8897 -5.1582
Car -1 -1 -5.7987 270.1839 166.1480 392.6223 211.2967 1.6395 1.6475 4.0295 -10.1807 1.0824 27.1517 -6.1593 -5.2105
Car -1 -1 -4.9634 571.2679 164.0493 618.7063 194.3113 1.6722 1.6493 4.6459 -0.4458 0.7081 42.1519 -4.9788 -5.2256
Car -1 -1 -6.6910 0.0000 0.0000 1149.5977 373.0000 1.4761 1.4510 3.3127 -0.8665 1.5915 0.0004 -7.9755 -5.6211
Car -1 -1 -3.0937 473.0379 172.0617 568.9144 200.4301 1.4564 1.5994 4.9187 -4.1995 0.9720 37.8403 -3.2084 -5.7685
Car -1 -1 -4.5844 42.2691 181.9795 93.2772 213.3762 1.4958 1.6539 3.3338 -26.7902 1.5214 36.1371 -5.2239 -5.8094
