Car -1 -1 -4.4891 359.9792 149.9656 494.7969 255.0555 2.1282 2.0737 4.6510 -3.9082 1.4902 16.8790 -4.7186 5.5260
Car -1 -1 -4.4075 246.9404 173.1466 334.5313 223.8666 1.4799 1.5584 3.5450 -9.7789 1.2367 22.8020 -4.8136 1.0246
Car -1 -1 -7.8736 611.8948 165.5422 636.7009 190.9889 1.7910 1.7063 4.2335 1.6548 0.6678 52.6805 -7.8473 0.9787
Car -1 -1 -7.6525 665.6095 168.8158 697.8085 190.1899 1.5110 1.6236 3.9301 5.9633 0.6143 52.9015 -7.5457 -0.7136
Car -1 -1 -4.6325 613.9628 168.6157 643.7798 193.6848 1.5697 1.6598 3.9936 1.8430 0.7630 47.0555 -4.5985 -1.4916
Car -1 -1 -4.6412 593.1759 168.1306 622.9891 194.4474 1.6534 1.6906 4.1846 0.4864 0.8135 47.2815 -4.6359 -2.9641
Car -1 -1 -3.5551 841.7388 164.9607 1035.3169 231.7900 1.5319 1.6206 3.8953 7.9662 1.1533 17.2908 -3.1342 -3.3090
Car -1 -1 -4.6779 602.7885 174.3932 640.6155 209.0612 1.4660 1.5916 3.9922 0.9510 1.1658 32.4145 -4.6539 -3.4475
Car -1 -1 -8.1291 1140.3284 152.9365 1237.0000 256.1934 1.5345 1.6318 4.0641 11.1583 1.1107 12.8632 -7.4298 -3.6262
Car -1 -1 -7.9311 654.9322 168.6807 677.1542 186.5949 1.5815 1.7018 3.7807 5.8781 0.4495 65.3127 -7.8466 -3.7779
Car -1 -1 -7.8094 362.9499 162.8463 387.3129 184.7321 1.7730 1.7870 4.2075 -18.9815 0.2617 60.4557 -8.1172 -3.9648
Car -1 -1 -7.4582 301.9861 181.3867 410.1975 238.7635 1.5534 1.6521 3.9815 -7.2256 1.5508 21.4911 -7.7841 -4.0499
Car -1 -1 -7.7185 243.3195 188.2615 325.1631 247.9195 1.4093 1.5427 3.5675 -8.4604 1.6099 19.3319 -8.1314 -4.2848
Car -1 -1 -3.5449 0.0000 188.7891 56.9764 373.0000 1.5870 1.5821 3.4735 -7.0570 1.6691 6.1285 -4.3855 -4.3251
Car -1 -1 -7.9950 235.4035 122.6115 300.6473 169.7538 1.6436 1.7704 4.0031 -13.2018 -0.4975 28.2822 -8.4326 -4.3418
Car -1 -1 -6.4272 442.8720 171.7374 533.4051 206.7890 1.6361 1.6768 4.1482 -5.5348 1.1806 34.9514 -6.5882 -4.4113
Car -1 -1 -7.6048 674.2611 163.7682 713.5219 189.9227 1.6553 1.6832 3.9291 6.1755 0.5331 47.5995 -7.4814 -4.5304
Car -1 -1 -8.0215 595.4913 170.6134 620.9982 188.5222 1.5643 1.6775 3.7347 0.6156 0.6131 64.7247 -8.0169 -4.5668
Car -1 -1 -7.8700 675.6984 173.4976 725.2831 220.2295 1.4879 1.5702 3.8456 3.3477 1.2335 24.8691 -7.7428 -4.5974
Car -1 -1 -2.2307 254.9168 127.4583 348.0301 166.9825 1.5090 1.6917 3.7224 -12.6776 -0.6452 30.2897 -2.6284 -4.7596
Car -1 -1 -8.2343 650.2852 166.3155 713.0734 205.3016 1.6083 1.4905 3.5819 3.4431 0.9822 31.5593 -8.1316 -4.8052
Car -1 -1 -5.1110 582.5237 171.0032 612.6956 187.7373 1.6072 1.6477 3.7302 -0.3659 0.5987 71.0305 -5.1210 -4.8570
Car -1 -1 -4.3730 496.7205 176.5708 553.3876 208.9693 1.4465 1.5200 3.7643 -3.5704 1.2267 34.0777 -4.4817 -4.9773
Car -1 -1 -7.2959 213.0445 130.6187 294.6045 166.5073 1.4094 1.5508 3.6350 -15.2496 -0.7005 31.6826 -7.7457 -5.0590
Car -1 -1 -2.5907 145.5284 126.4443 273.2657 164.8431 1.4867 1.7202 4.3736 -16.1221 -0.7092 29.6277 -3.0897 -5.1471
Car -1 -1 -4.5326 349.4204 182.2583 383.6161 205.3742 1.4439 1.5131 3.6120 -15.2815 1.4954 46.8852 -4.8511 -5.2574
Car -1 -1 -6.7308 1217.8938 94.9228 1237.0000 185.0952 1.5269 1.6826 3.8601 14.4176 0.0615 13.6186 -5.9313 -5.3626
Car -1 -1 -7.6243 466.5211 166.8613 538.1216 218.7016 1.7380 1.6708 4.3014 -3.5497 1.2476 26.3009 -7.7623 -5.7342
Car -1 -1 -6.7368 0.0000 0.0000 1237.0000 373.0000 1.5435 1.5919 3.8050 -3.3181 1.6341 1.0390 -7.9398 -5.8867
Car -1 -1 -4.3733 437.5323 173.5542 507.0376 209.3552 1.3926 1.5828 4.1659 -5.3409 1.0839 30.1248 -4.5523 -6.1416
