Car -1 -1 -4.3187 146.3089 99.8200 494.9456 351.3973 2.1066 1.9998 4.5968 -2.7888 1.4234 8.3824 -4.6366 6.4022
Car -1 -1 -7.4619 62.9460 193.9426 230.0482 276.6731 1.3744 1.5213 3.6810 -8.9697 1.6589 14.4543 -8.0147 -0.7789
Car -1 -1 -7.9413 662.5703 155.6244 695.8641 183.1593 1.5941 1.6678 3.5629 4.6570 0.0962 43.3811 -7.8398 -0.8160
Car -1 -1 -7.9739 979.0701 177.9197 1215.9628 343.5734 1.3433 1.5189 3.4032 4.9515 1.3150 7.6882 -7.4225 -1.5410
Car -1 -1 -7.2643 116.1906 189.4951 305.4691 273.5669 1.4304 1.5685 3.6430 -7.6834 1.6131 14.4742 -7.7504 -2.0186
Car -1 -1 -7.7100 445.4162 148.6427 548.8366 244.0679 1.8429 1.6983 4.0021 -2.2004 1.2089 15.8766 -7.8507 -2.1235
Car -1 -1 -4.6573 758.5977 171.5067 798.1385 206.3232 1.3953 1.4795 3.3011 7.5527 0.9952 30.5811 -4.4222 -2.2781
Car -1 -1 -8.0015 677.8406 159.1537 730.6356 197.2908 1.5601 1.6801 3.9688 4.4024 0.6463 31.3817 -7.8681 -2.6694
Car -1 -1 -4.8959 666.6082 158.7307 710.3773 191.4991 1.6046 1.6203 3.3596 4.4156 0.4899 36.9088 -4.7826 -2.7749
Car -1 -1 -7.6354 0.0000 197.0553 127.9158 317.4778 1.3679 1.5501 3.8567 -8.3961 1.6467 10.7704 -8.2914 -2.9759
Car -1 -1 -7.9518 647.6451 160.8172 674.4283 181.0318 1.5155 1.6973 3.6883 4.6155 -0.0377 55.8051 -7.8744 -3.3292
Car -1 -1 -8.0010 581.4979 158.2871 607.5781 178.2883 1.6757 1.6929 4.0197 -0.6085 -0.2914 62.9860 -8.0154 -3.8483
Car -1 -1 -4.8755 740.5355 149.5100 783.7010 181.1977 1.5718 1.6219 3.4849 8.3153 -0.0163 37.4460 -4.6632 -3.8950
Car -1 -1 -4.6234 65.9394 191.2595 219.5966 304.3520 1.3791 1.6286 3.9547 -7.0074 1.5617 11.2605 -5.1753 -3.9296
Car -1 -1 -4.4732 1182.4130 182.9859 1237.0000 373.0000 1.3626 1.5658 3.8393 5.7381 1.3766 4.8319 -3.6342 -3.9992
Car -1 -1 -2.6537 563.0275 162.0991 621.0103 183.8393 1.5570 1.6548 3.9697 -0.6870 0.1675 53.0839 -2.6714 -4.1680
Car -1 -1 -4.8788 632.3856 167.8789 653.4666 182.2988 1.3972 1.5126 3.5080 4.1436 0.0770 71.4307 -4.8258 -4.2877
Car -1 -1 -4.5467 448.0450 171.9616 483.1058 198.8678 1.6080 1.5758 3.6923 -8.4235 1.0381 44.7955 -4.7365 -4.2894
Car -1 -1 -5.8207 609.5374 162.4945 673.9710 185.2856 1.5892 1.7184 4.3338 2.9125 0.2639 51.9004 -5.7697 -4.4939
Car -1 -1 -6.0317 613.7060 157.7864 665.3975 178.6695 1.6891 1.6783 4.0148 3.2100 -0.2416 59.8778 -5.9831 -4.4975
Car -1 -1 -7.9362 587.1392 163.8827 610.6085 182.1703 1.7265 1.9108 4.3770 -0.2440 0.0630 70.0808 -7.9445 -4.5444
Car -1 -1 -6.2830 648.6500 158.2353 717.5935 189.1358 1.6272 1.6389 3.6253 4.3955 0.4023 38.8359 -6.1759 -4.8374
Car -1 -1 -6.9372 731.0379 141.0432 831.9392 179.9418 1.7204 1.7219 4.4591 8.4150 -0.0763 33.5931 -6.6983 -4.8486
Car -1 -1 -3.0835 686.6913 157.6985 754.7992 183.0692 1.4744 1.5888 3.9395 7.1501 0.0913 42.9453 -2.9243 -4.8828
Car -1 -1 -2.6119 0.0000 183.9482 133.0266 278.1776 1.4611 1.6651 3.7137 -10.5139 1.5076 12.3336 -3.3128 -4.8884
Car -1 -1 -4.2213 406.8421 175.9512 460.1453 202.2325 1.4667 1.6563 3.3450 -9.7488 1.1572 41.9176 -4.4534 -4.9815
Car -1 -1 -5.9122 0.0000 170.7797 512.0010 373.0000 1.6271 1.8531 4.0592 -2.6579 1.5885 3.9482 -6.4820 -5.1847
Car -1 -1 -5.1996 451.0491 171.9715 508.4958 200.2512 1.5761 1.6864 3.8709 -7.1684 1.0452 42.0812 -5.3722 -5.2814
Car -1 -1 -3.9452 107.3038 0.0000 1237.0000 373.0000 1.4944 1.6028 3.9562 -1.8598 1.5234 1.7542 -4.6976 -5.8867
Car -1 -1 -3.5327 0.0000 0.0000 1237.0000 373.0000 1.4983 1.6018 3.9545 -4.6636 1.5755 1.7750 -4.6973 -5.8867
Car -1 -1 -7.7105 0.0000 0.0000 1237.0000 373.0000 1.4814 1.5929 3.8409 -0.4914 1.4686 1.3988 -8.0081 -5.8867
Car -1 -1 -3.9475 0.0000 174.4597 0.0000 326.5289 1.4679 1.6368 4.1690 -10.2408 1.4006 9.0718 -4.7844 -5.8971
Car -1 -1 -4.2247 17.3061 134.4370 160.8177 186.8972 1.4633 1.9461 3.9906 -15.6105 0.1510 22.1382 -4.8379 -5.9526
Car -1 -1 -7.9409 333.2763 157.8133 447.0975 241.7222 1.3976 1.7653 4.0198 -4.3267 1.0037 14.1588 -8.2374 -6.3886
Car -1 -1 -6.1370 675.8963 163.8221 733.3737 188.3919 1.6796 1.6794 3.7977 7.2694 0.4711 50.4431 -5.9995 -6.4598
Car -1 -1 -2.0058 0.0000 127.6253 21.7405 184.4370 1.5402 1.7221 4.0238 -19.2167 0.0801 21.0468 -2.7442 -6.5186
