Car -1 -1 -4.2481 0.0000 117.4287 458.4975 373.0000 1.9369 1.9208 4.7329 -2.8040 1.6035 6.1539 -4.6664 6.2770
Car -1 -1 -7.9002 659.5062 176.9060 693.9225 210.4703 1.8403 1.7560 4.0568 4.2932 1.5885 41.4557 -7.8028 2.5749
Car -1 -1 -4.6354 643.8779 184.6729 667.2933 205.6432 1.4936 1.5009 3.4178 4.0751 1.7377 53.5055 -4.5649 -0.4371
Car -1 -1 -7.9397 573.4102 185.7804 602.0150 209.2603 1.4641 1.5616 3.5496 -0.9303 1.7570 47.3139 -7.9644 -0.6134
Car -1 -1 -7.4156 751.2408 172.3050 784.7548 189.3840 1.6071 1.6291 4.0276 16.2226 0.7416 69.6833 -7.1926 -0.6863
Car -1 -1 -7.7387 569.8152 181.6704 592.7899 199.7896 1.6474 1.7175 4.1006 -1.8230 1.6636 67.4642 -7.7706 -2.3146
Car -1 -1 -7.6428 730.6915 183.7692 769.1091 208.3184 1.3370 1.5142 3.3524 8.5669 1.4734 41.2991 -7.4446 -3.0946
Car -1 -1 -8.0777 743.7010 184.2357 798.0179 215.6950 1.3870 1.6457 3.8583 7.9183 1.5238 33.9345 -7.8553 -3.3080
Car -1 -1 -7.7441 680.2801 183.0782 726.9786 219.1248 1.4671 1.6359 3.8742 4.5190 1.5411 31.4942 -7.6079 -3.3976
Car -1 -1 -4.6918 649.3824 177.5401 669.8491 197.0770 1.5860 1.6561 4.1813 4.9528 1.2644 60.4757 -4.6155 -3.5295
Car -1 -1 -4.9498 617.0011 181.1789 655.8135 203.4611 1.6320 1.9732 4.3308 2.6400 1.6085 54.9295 -4.9071 -3.5641
Car -1 -1 -7.5354 0.0000 190.5311 77.9236 243.8733 1.4243 1.5967 3.6101 -17.4818 1.7238 21.8172 -8.2103 -3.7984
Car -1 -1 -4.7308 587.3777 182.9651 605.5356 200.5182 1.6023 1.6192 3.9298 -0.4581 1.7444 67.8884 -4.7426 -3.8896
Car -1 -1 -4.1698 762.2023 179.8904 854.8587 218.6218 1.4467 1.6943 4.1587 8.3558 1.3869 28.8719 -3.8957 -4.0720
Car -1 -1 -4.1527 67.3418 165.2681 181.5726 211.5008 1.5638 1.8369 3.5798 -17.2163 1.0152 26.1087 -4.7360 -4.1245
Car -1 -1 -4.2218 638.7667 179.3663 668.8364 195.0887 1.5158 1.5254 3.4759 5.2496 1.3098 71.1336 -4.1534 -4.5878
Car -1 -1 -4.6774 0.0000 221.1127 810.2638 373.0000 1.4323 1.4981 2.9877 -1.0567 1.6376 2.0414 -5.1163 -4.7418
Car -1 -1 -3.5706 0.0000 236.6253 103.2360 373.0000 1.4078 1.5384 2.8638 -3.1525 1.6612 1.7687 -4.5756 -4.7869
Car -1 -1 -4.7748 739.9353 171.8375 763.6542 190.6142 1.7092 1.8892 4.3449 14.1633 0.8294 67.6695 -4.5742 -4.8617
Car -1 -1 -4.1425 0.0000 0.0000 1237.0000 373.0000 1.3917 1.4328 3.0165 -1.7092 1.6932 0.6888 -5.2134 -5.0648
Car -1 -1 -4.9055 710.8369 180.2264 761.0734 213.2965 1.5071 1.6053 4.0500 6.4306 1.4494 34.7755 -4.7291 -5.1220
Car -1 -1 -4.5473 109.0053 162.5477 180.6543 211.8874 1.5748 1.5708 3.2311 -15.6501 0.9703 24.7208 -5.1119 -5.2131
Car -1 -1 -6.6060 0.0000 0.0000 1237.0000 373.0000 1.4317 1.5613 3.8164 -4.3813 1.3734 1.2461 -7.8505 -5.6190
Car -1 -1 -4.2044 465.5931 187.0772 551.6246 224.0061 1.4410 1.6711 4.6465 -3.9427 1.7029 31.2410 -4.3342 -5.6685
Car -1 -1 -8.2102 494.9726 175.6750 540.2556 200.5384 1.5036 1.7275 3.4566 -5.3262 1.1514 45.3725 -8.3314 -5.8072
Car -1 -1 -4.6462 598.6350 180.4293 623.9862 201.6705 1.5142 1.6427 3.9510 0.7811 1.4378 53.2387 -4.6367 -5.8867
Car -1 -1 -4.9318 604.3099 182.4507 632.3430 198.9398 1.4965 1.6919 4.4464 1.5921 1.5890 67.8097 -4.9135 -5.8880
