Car -1 -1 -4.4515 392.1865 142.8677 559.3775 272.1080 2.1144 2.0739 4.6741 -2.2633 1.4830 14.1807 -4.6125 7.9620
Car -1 -1 -4.6914 671.1432 169.0989 705.1245 199.0582 1.4366 1.6227 3.9406 4.4229 0.8422 36.5068 -4.5767 0.3706
Car -1 -1 -8.0085 679.8543 164.6050 712.7147 190.1034 1.6680 1.6711 3.4771 6.4071 0.5628 48.7518 -7.8834 -0.5510
Car -1 -1 -6.8028 944.2128 164.6764 1214.1547 251.6974 1.5460 1.6260 4.0093 8.8737 1.2477 13.6592 -6.2407 -1.6416
Car -1 -1 -7.9239 695.8318 167.8555 730.3661 195.9167 1.4674 1.5858 3.7644 6.0894 0.7541 39.5011 -7.7768 -2.1397
Car -1 -1 -7.7618 525.5320 160.7390 593.2175 224.8772 1.7714 1.7125 3.9023 -1.2170 1.1985 21.8171 -7.8221 -2.2115
Car -1 -1 -8.0020 784.1708 170.5986 876.4274 235.1093 1.4599 1.6013 4.0056 5.6772 1.2137 18.3520 -7.7112 -2.8314
Car -1 -1 -7.5979 698.9705 167.7370 751.2949 198.8495 1.4758 1.6297 4.1509 6.2988 0.8232 36.3009 -7.4323 -2.8777
Car -1 -1 -6.4677 394.0009 162.3555 514.0113 212.2107 1.5437 1.6513 3.6328 -4.8970 0.9514 23.6978 -6.6744 -3.0074
Car -1 -1 -8.0917 743.4394 163.4016 784.9532 189.6547 1.5349 1.6039 3.7637 9.8944 0.4769 43.8973 -7.8762 -3.3815
Car -1 -1 -4.7446 290.0734 179.9666 354.1601 236.1633 1.4531 1.5718 3.7301 -8.1038 1.4140 20.5979 -5.1203 -3.4792
Car -1 -1 -7.8693 668.4215 170.5274 688.1978 189.3197 1.5523 1.5958 3.6018 6.5511 0.6458 61.2005 -7.7680 -3.5282
Car -1 -1 -4.6140 692.4139 162.4362 726.0316 191.8585 1.6931 1.6587 3.8888 6.5565 0.5962 43.4234 -4.4699 -3.6912
Car -1 -1 -5.2094 671.6211 160.7421 710.6537 183.2084 2.0127 1.9080 3.9704 8.3051 0.1528 66.5517 -5.0906 -3.7345
Car -1 -1 -7.8118 419.1637 173.1335 495.8855 243.3420 1.5662 1.6938 4.0649 -3.5821 1.3801 18.1633 -8.0092 -3.9275
Car -1 -1 -3.1507 593.3971 167.3357 663.4501 193.7958 1.6291 1.8739 4.3151 1.6851 0.7571 45.2121 -3.1186 -3.9854
Car -1 -1 -6.4316 599.5268 165.6838 656.4378 187.4793 1.5788 1.6969 3.9903 1.9539 0.4331 53.1077 -6.3998 -4.0002
Car -1 -1 -4.8681 743.0610 170.6524 776.3742 194.4953 1.5033 1.5723 3.5651 10.3459 0.8194 47.1147 -4.6581 -4.0055
Car -1 -1 -8.2526 830.9324 169.5132 956.3779 229.9306 1.3809 1.5634 3.7724 7.2582 1.1075 18.3282 -7.8855 -4.1029
Car -1 -1 -7.7283 406.3177 163.7851 434.8401 183.8878 1.5853 1.7713 4.1878 -14.7463 0.1882 58.8367 -7.9776 -4.1621
Car -1 -1 -7.7619 577.4404 175.2599 639.9621 221.4599 1.4313 1.7532 4.4357 0.3144 1.2384 24.5484 -7.7544 -4.3483
Car -1 -1 -3.0038 703.9718 169.1662 793.0790 202.1984 1.4538 1.5872 3.8352 6.7493 0.9113 32.9917 -2.8086 -4.4322
Car -1 -1 -2.6027 696.0344 163.8649 761.0795 188.2907 1.6144 1.7314 4.0971 8.7335 0.4488 49.4662 -2.4337 -4.6517
Car -1 -1 -2.4336 29.5629 149.4163 176.8247 207.3771 1.5997 1.5500 3.2823 -14.3736 0.7147 20.7662 -3.0380 -4.7590
Car -1 -1 -4.6503 598.0544 172.3549 641.2275 210.4212 1.5002 1.6002 4.0168 0.8103 1.1401 30.3775 -4.6289 -4.8117
Car -1 -1 -7.6622 587.0883 169.6442 641.2905 206.1222 1.5930 1.7571 4.3886 0.6597 1.0755 33.6970 -7.6478 -4.8123
Car -1 -1 -4.4458 590.4718 171.8752 644.8367 202.1156 1.4591 1.6567 4.6727 0.9065 0.9949 37.1339 -4.4266 -4.8183
Car -1 -1 -4.6326 399.3436 166.4431 426.1875 185.4575 1.4163 1.7511 3.3605 -14.4760 0.2947 55.3151 -4.8922 -4.9972
Car -1 -1 -7.8492 224.6902 127.6489 275.8335 169.4210 1.4012 1.6420 3.8222 -13.3872 -0.4950 27.3773 -8.3046 -5.0305
Car -1 -1 -2.5344 174.5214 128.4636 288.8699 166.1967 1.4599 1.6882 3.9613 -15.3012 -0.6575 29.7805 -3.0099 -5.1442
Car -1 -1 -4.6077 603.2067 171.8744 640.8713 198.9839 1.4471 1.6570 4.9927 1.2336 0.9335 40.9266 -4.5827 -5.1973
Car -1 -1 -7.9386 667.8129 168.0629 702.9356 196.6906 1.5067 1.5877 3.7304 4.5879 0.7997 39.6921 -7.8292 -5.4131
Car -1 -1 -4.7218 422.6003 164.6342 446.1189 183.1642 1.4057 1.7451 3.6024 -13.1329 0.1261 56.4505 -4.9541 -5.4482
Car -1 -1 -3.1567 610.7308 167.0689 718.3259 202.3866 1.5319 1.5938 4.6726 2.7744 0.9063 32.1058 -3.0762 -5.5145
Car -1 -1 -2.6902 43.1583 127.3161 190.0008 175.8741 1.6409 1.7717 3.9832 -17.2509 -0.2099 25.6964 -3.2812 -5.5475
Car -1 -1 -6.8640 715.0559 156.0604 770.7822 179.2957 1.8870 1.6765 4.3923 11.8966 -0.1901 60.2574 -6.6747 -5.5662
Car -1 -1 -3.8774 772.4398 169.4006 914.5684 221.9617 1.4168 1.5250 3.9154 7.0075 1.0911 20.8580 -3.5622 -5.6408
Car -1 -1 -8.6594 0.0000 0.0000 1237.0000 373.0000 1.7070 1.8098 4.3207 3.1224 1.6022 2.1333 -7.7496 -5.7665
Car -1 -1 -7.1462 51.7855 0.0000 1237.0000 373.0000 1.5434 1.5897 3.8039 -1.2960 1.6155 1.0373 -7.9392 -5.8867
Car -1 -1 -6.7851 0.0000 0.0000 1237.0000 373.0000 1.5439 1.5883 3.8032 -2.9033 1.6392 1.0451 -7.9391 -5.8867
Car -1 -1 -3.4679 0.0000 197.5234 0.0000 373.0000 1.5204 1.6109 3.9604 -7.8753 1.6235 2.5942 -4.6961 -5.8867
Car -1 -1 -3.5479 0.0000 195.6293 0.0000 373.0000 1.4993 1.6030 3.9557 -6.2680 1.5901 2.5879 -4.6974 -5.8867
Car -1 -1 -5.6550 1237.0000 25.6883 1237.0000 373.0000 1.4278 1.5844 4.0510 5.8576 1.3139 2.6548 -4.5518 -5.9036
Car -1 -1 -7.4819 274.8406 133.2591 348.1521 172.9301 1.5716 1.7077 3.7430 -12.4946 -0.3938 31.1526 -7.8649 -5.9054
