Car -1 -1 -7.9353 642.7520 171.6005 684.0502 209.3582 1.7791 1.7165 3.7251 3.0172 1.3129 35.7122 -7.8568 1.0573
Car -1 -1 -4.6621 612.7748 179.3822 636.1992 200.2140 1.5551 1.6444 3.7843 1.8321 1.3969 55.5751 -4.6343 -1.8405
Car -1 -1 -8.0781 743.6618 171.4995 799.1584 205.9136 1.5756 1.6991 4.2011 8.1873 1.1180 34.9896 -7.8550 -2.1319
Car -1 -1 -7.4571 745.0194 163.1794 777.5691 180.3381 1.4766 1.6014 3.5417 14.2935 -0.1069 63.9876 -7.2430 -2.1775
Car -1 -1 -6.4562 758.7530 169.6295 822.9971 193.5173 1.5205 1.6168 3.8058 12.2729 0.7650 46.6765 -6.2054 -2.2032
Car -1 -1 -7.8592 628.6119 179.1198 652.6813 202.6016 1.5088 1.5454 3.4495 2.6015 1.3559 47.9143 -7.8103 -2.2415
Car -1 -1 -7.7629 117.9329 200.6098 186.7316 252.4277 1.4377 1.5679 3.7874 -14.6105 2.1172 23.4815 -8.3200 -2.2788
Car -1 -1 -4.7566 749.7848 170.3893 775.0798 191.5737 1.5232 1.6530 3.6732 11.9946 0.7243 53.5989 -4.5424 -2.3991
Car -1 -1 -4.4423 660.1212 179.1170 724.4794 216.5973 1.4694 1.6734 4.1610 3.9001 1.3763 30.4041 -4.3209 -2.5192
Car -1 -1 -7.0153 0.0000 170.2208 118.7310 228.0172 1.8244 1.8051 4.3703 -19.4250 1.4688 24.9853 -7.6761 -2.6338
Car -1 -1 -7.8590 61.5620 195.5785 129.2784 248.2127 1.4223 1.6224 4.1487 -16.0321 1.9105 22.7258 -8.4733 -2.7544
Car -1 -1 -4.9461 726.2439 170.3652 760.9384 191.3469 1.5237 1.6666 3.9655 10.6928 0.7150 54.1839 -4.7571 -3.2380
Car -1 -1 -4.6315 788.3323 169.2128 827.7728 201.7498 1.5084 1.5814 3.9833 10.2281 0.9390 35.4434 -4.3575 -3.3746
Car -1 -1 -7.4487 623.2164 176.6224 665.9356 198.2699 1.5798 1.6410 4.4727 3.3572 1.2238 54.7924 -7.3928 -3.5038
Car -1 -1 -7.8666 788.1483 183.1668 842.5464 228.3410 1.3557 1.5905 3.7937 6.9857 1.4160 23.7464 -7.5887 -3.5315
Car -1 -1 -4.8118 736.3122 167.8763 767.6185 191.6944 1.5182 1.6291 3.9058 9.9827 0.6498 47.8116 -4.6119 -3.5728
Car -1 -1 -8.0332 565.4597 179.1152 589.6448 195.6470 1.5174 1.6200 3.7656 -2.2500 1.2982 67.9451 -8.0712 -3.6524
Car -1 -1 -4.2580 484.6095 181.4906 539.4756 207.5830 1.4959 1.6323 4.1892 -5.3376 1.4955 43.4296 -4.3846 -3.8946
Car -1 -1 -7.6577 557.5915 179.4217 584.5206 198.3068 1.5794 1.6431 3.7466 -2.5634 1.4054 62.0515 -7.7039 -3.9534
Car -1 -1 -8.0611 681.9008 175.3387 732.2974 208.4888 1.5661 1.6386 4.2025 5.2276 1.2753 36.0892 -7.9234 -4.2715
Car -1 -1 -5.2202 494.8886 179.0940 550.8893 205.0324 1.6045 1.7097 4.3288 -5.1485 1.4557 46.6905 -5.3345 -4.3744
Car -1 -1 -7.8119 688.1220 178.7553 745.3089 229.1446 1.5253 1.7230 3.7116 3.8402 1.4427 23.7318 -7.6585 -4.6700
Car -1 -1 -4.0075 0.0000 0.0000 1237.0000 373.0000 1.7029 1.6367 3.4440 -2.3167 1.5294 0.9942 -5.0879 -4.9747
Car -1 -1 -7.8307 613.1026 176.4231 646.4713 210.0150 1.5943 1.5848 3.6956 1.4410 1.3536 35.9838 -7.7961 -5.1324
Car -1 -1 -2.7581 282.2409 168.5538 437.8667 227.0293 1.7361 1.7415 4.2430 -7.4503 1.3522 22.3233 -3.0819 -5.2673
Car -1 -1 -8.0441 542.9559 179.1024 572.2829 200.2602 1.5509 1.5161 3.7963 -3.3513 1.3751 54.6824 -8.1101 -5.3680
Car -1 -1 -3.8879 50.8173 168.3433 182.0385 217.5378 1.7980 1.7595 4.2556 -19.1116 1.3175 28.5282 -4.4789 -5.3860
Car -1 -1 -7.5030 1237.0000 136.4193 1237.0000 373.0000 1.4028 1.5586 4.2719 6.3710 1.2383 3.8820 -6.5144 -6.2318
Car -1 -1 -6.1618 673.1945 161.4902 728.6102 186.7500 1.7849 1.5916 3.8162 7.2266 0.3709 52.0086 -6.0293 -6.9883
