Car -1 -1 -4.4736 370.3809 155.4470 514.4777 266.5343 2.1506 2.1164 4.6491 -3.4080 1.6468 16.2617 -4.6826 7.9754
Car -1 -1 -7.9243 631.9067 173.0567 659.0294 196.9521 1.6521 1.6418 4.0109 3.1438 1.0683 51.6830 -7.8689 1.7560
Car -1 -1 -6.3904 642.2535 174.2231 728.8781 208.4978 1.5935 1.6191 3.9353 3.9455 1.2555 34.2101 -6.2815 -1.0973
Car -1 -1 -4.5598 466.1925 165.2415 545.8558 234.7619 1.9969 1.8479 4.6264 -2.9516 1.5303 22.9651 -4.6915 -1.2092
Car -1 -1 -4.2041 245.7079 187.4405 355.7822 240.1428 1.4377 1.6074 3.4450 -9.0334 1.6334 21.8046 -4.5980 -1.7901
Car -1 -1 -7.9702 618.3911 176.8599 659.9305 210.3279 1.5563 1.5871 3.7324 1.7923 1.3408 35.3222 -7.9250 -1.9865
Car -1 -1 -4.6459 639.5742 180.5828 674.3206 209.3608 1.4170 1.5742 3.8283 2.9239 1.3720 37.3741 -4.5735 -2.0949
Car -1 -1 -4.5704 368.4363 175.9575 395.6793 194.9528 1.5264 1.6744 3.6862 -18.1618 1.0808 59.6724 -4.8695 -2.1420
Car -1 -1 -4.4625 640.1176 177.3528 680.7586 203.3469 1.4860 1.5541 3.8224 3.5871 1.2490 43.1245 -4.3850 -2.3964
Car -1 -1 -7.9470 566.3685 174.7151 586.4724 191.2506 1.5769 1.6335 3.4533 -2.4309 0.9295 70.3229 -7.9864 -2.8121
Car -1 -1 -4.6174 560.1307 176.3416 585.0985 196.8592 1.5556 1.6089 4.0212 -2.2128 1.1644 56.5124 -4.6613 -2.8184
Car -1 -1 -3.5929 852.8912 176.8784 1042.8595 243.6228 1.4518 1.5435 3.6039 7.7898 1.3518 16.4324 -3.1616 -2.8480
Car -1 -1 -5.0036 609.7996 175.5355 636.6996 190.3040 1.4254 1.6091 3.8694 2.1796 0.8494 71.4087 -4.9781 -2.9857
Car -1 -1 -8.2261 619.4312 173.0165 664.0766 199.0746 1.6501 1.6975 3.7002 2.6278 1.1129 47.5112 -8.1762 -3.1391
Car -1 -1 -4.7382 628.4401 174.0682 644.9868 188.6765 1.4192 1.5310 3.6709 3.5391 0.6968 71.6351 -4.6940 -3.6198
Car -1 -1 -4.7768 615.1564 175.1957 646.0901 202.2841 1.6464 1.6976 3.6999 1.8153 1.2633 45.5348 -4.7423 -4.0878
Car -1 -1 -7.2725 686.5159 168.7703 736.6789 193.3505 1.6862 1.6743 3.9252 7.9116 0.8129 51.2995 -7.1252 -4.3971
Car -1 -1 -5.2620 685.8182 173.1344 740.3621 196.6796 1.5110 1.6005 4.2910 7.4663 0.9742 48.3857 -5.1147 -4.7144
Car -1 -1 -4.2130 649.7416 170.1172 703.6517 198.4789 1.8226 1.6909 4.4955 5.1412 1.0911 48.4941 -4.1129 -4.9362
Car -1 -1 -7.2089 523.4557 173.3930 574.7701 195.7479 1.6925 1.7267 4.4478 -4.0607 1.0786 56.7238 -7.2850 -4.9995
Car -1 -1 -6.4420 456.6228 171.7751 546.6969 208.6350 1.6911 1.6504 4.0508 -4.7943 1.2452 34.3469 -6.5847 -5.0617
Car -1 -1 -7.7319 202.6022 181.1676 286.1896 236.0447 1.4780 1.7404 4.2798 -10.6592 1.4696 21.6543 -8.1898 -5.3406
Car -1 -1 -4.4084 292.8516 189.2302 403.7247 254.3778 1.6014 1.7886 4.1108 -7.0019 1.8420 20.2323 -4.7431 -5.9175
Car -1 -1 -2.9187 419.4863 161.7431 503.8881 199.8765 1.9807 1.7788 4.1258 -7.4002 0.9547 38.2577 -3.1135 -6.0209
Car -1 -1 -7.8155 527.3774 183.6310 561.2358 211.7792 1.3365 1.5844 3.3739 -2.8389 1.4489 36.0877 -7.8986 -6.1177
