Car -1 -1 -4.4933 358.5859 142.8956 483.4767 243.6893 2.1587 2.0018 4.6716 -4.2866 1.3325 17.7399 -4.7324 7.4825
Car -1 -1 -7.6396 353.3094 172.6276 386.5991 193.2876 1.4601 1.5934 3.6644 -16.9136 0.8330 52.6691 -7.9538 -0.5379
Car -1 -1 -6.4537 517.8630 164.1578 575.0526 184.6993 1.5908 1.7039 4.2920 -4.3522 0.2476 56.9884 -6.5344 -1.9731
Car -1 -1 -6.6001 852.9161 160.9124 1035.4733 223.8991 1.5302 1.6161 3.9205 8.6488 1.0306 18.4706 -6.1727 -2.1030
Car -1 -1 -7.6099 594.1182 164.2815 627.9988 186.2333 1.5664 1.6639 3.7929 0.7681 0.3377 53.3012 -7.6004 -3.0053
Car -1 -1 -6.3515 532.1071 164.7600 593.5386 188.2706 1.7056 1.8087 4.4287 -2.8752 0.4911 53.2894 -6.4100 -3.7843
Car -1 -1 -4.1047 447.9966 169.3884 517.6109 201.0010 1.4548 1.6251 3.5401 -5.7314 0.8977 35.0056 -4.2708 -3.9361
Car -1 -1 -7.8040 629.8312 160.4642 666.2276 195.8188 1.6683 1.6419 4.0813 2.3757 0.6759 36.0151 -7.7435 -4.1089
Car -1 -1 -5.9997 147.2771 132.6165 277.6270 173.6114 1.4489 1.7138 4.0121 -14.5996 -0.3114 27.1304 -6.4939 -4.1715
Car -1 -1 -2.5238 265.4375 161.9687 394.6800 217.6049 1.7430 1.6671 3.7256 -8.9815 1.1316 23.7818 -2.8863 -4.4157
Car -1 -1 -7.9163 800.9879 163.2985 883.8888 234.5284 1.5163 1.5941 3.7302 5.6500 1.1294 17.2943 -7.6102 -4.5387
Car -1 -1 -8.2386 635.4831 160.9642 681.0944 186.3699 1.5965 1.5985 3.9622 3.6962 0.3061 47.2713 -8.1658 -4.6377
Car -1 -1 -7.9246 583.0670 168.2445 605.5504 184.6535 1.4653 1.7904 3.6835 -0.6486 0.2813 66.0592 -7.9392 -4.6941
Car -1 -1 -7.8546 606.1971 164.3736 637.9913 195.4431 1.5199 1.5554 3.5394 1.0396 0.6823 36.9268 -7.8316 -4.8758
Car -1 -1 -7.3906 265.8467 171.8122 381.2808 232.4013 1.6204 1.6183 3.8626 -8.0883 1.3618 21.2119 -7.7560 -4.9961
Car -1 -1 -2.6661 0.0000 173.9029 174.4238 354.8656 1.5833 1.4231 2.4243 -5.9487 1.5175 7.2248 -3.3432 -5.0396
Car -1 -1 -5.0311 637.9423 168.6629 676.5081 192.6000 1.7080 1.6955 3.9014 4.1144 0.7920 53.3552 -4.9594 -5.3944
Car -1 -1 -2.9034 304.6818 157.4756 427.7635 203.2182 1.6897 1.7785 4.1934 -8.9642 0.8026 27.5847 -3.2198 -5.5329
Car -1 -1 -5.5766 1237.0000 8.4460 1237.0000 373.0000 1.3874 1.5826 4.0664 5.8549 1.2182 2.8597 -4.5012 -5.8053
Car -1 -1 -3.4361 0.0000 0.0000 1237.0000 373.0000 1.5252 1.6083 3.9632 -6.2704 1.6901 1.7827 -4.6970 -5.8867
Car -1 -1 -9.1918 0.0000 0.0000 1237.0000 373.0000 1.5240 1.5838 3.8006 3.9170 1.4883 1.0057 -7.9398 -5.8867
Car -1 -1 -3.4815 0.0000 198.0611 0.0000 373.0000 1.4968 1.6013 3.9537 -8.6790 1.6127 3.0032 -4.6977 -5.8867
Car -1 -1 -8.0596 0.0000 0.0000 1089.1295 373.0000 1.4791 1.5922 3.8403 0.3290 1.4756 1.3987 -7.8745 -5.8867
Car -1 -1 -6.6871 0.0000 0.0000 1237.0000 373.0000 1.4948 1.5961 3.8451 -4.0946 1.5800 1.4174 -7.8743 -5.8867
Car -1 -1 -6.8893 0.0000 0.0000 1237.0000 373.0000 1.4808 1.5931 3.8415 -2.4861 1.5090 1.4103 -7.8744 -5.8867
Car -1 -1 -8.8241 0.0000 0.0000 1237.0000 373.0000 1.4764 1.5928 3.8400 2.3375 1.4398 1.3861 -7.8744 -5.8867
Car -1 -1 -4.2060 261.1787 0.0000 1237.0000 373.0000 1.4967 1.6044 3.9586 -1.0558 1.5184 1.7508 -4.6977 -5.8867
Car -1 -1 -5.3605 0.0000 0.0000 1237.0000 373.0000 1.5003 1.6068 4.0566 40.2305 0.5341 -0.4672 -3.7896 -5.8867
Car -1 -1 -5.9878 0.0000 0.0000 1237.0000 373.0000 1.4817 1.5984 3.9501 6.9836 1.3870 1.7103 -4.6976 -5.8867
Car -1 -1 -7.1370 1237.0000 165.4732 1237.0000 373.0000 1.4190 1.5543 4.0830 7.3964 1.3243 5.2066 -6.2084 -6.0235
Car -1 -1 -7.7846 641.6976 149.4682 663.3353 176.4807 2.2298 1.6311 3.6547 4.4580 -0.4464 61.9337 -7.7178 -6.4537
