Car -1 -1 -4.1693 0.0000 125.5928 388.9884 373.0000 1.7635 1.7381 4.3388 -2.6984 1.6226 4.0117 -4.7391 4.9075
Car -1 -1 -4.5488 375.5694 154.7159 472.6172 236.1729 2.1090 2.0049 4.7488 -5.0609 1.4160 21.0412 -4.7873 4.3739
Car -1 -1 -4.6028 430.9179 160.6246 492.6176 218.8064 2.0454 1.8392 4.7061 -5.2984 1.3119 27.6743 -4.7954 0.1873
Car -1 -1 -7.4606 553.0361 171.2330 601.7518 196.2486 1.4798 1.6231 4.0266 -1.4373 0.8726 44.6631 -7.4975 -0.6739
Car -1 -1 -8.0518 557.4447 165.1617 589.5092 188.6642 1.7951 1.7286 4.2141 -2.2430 0.5471 57.1197 -8.0958 -1.2109
Car -1 -1 -4.7356 744.8029 172.6724 805.1231 227.9637 1.4444 1.5449 3.5908 4.8879 1.2143 20.6791 -4.5115 -1.4853
Car -1 -1 -7.8654 484.2006 170.9552 515.3923 200.9610 1.6187 1.6723 4.2493 -5.8361 1.0500 40.9798 -8.0110 -1.8331
Car -1 -1 -7.3261 7.9009 163.0233 146.7141 221.5058 1.4859 1.5935 3.4646 -14.4895 1.0170 20.0520 -7.9506 -1.8505
Car -1 -1 -7.6840 494.1085 168.9376 520.4548 187.9306 1.5589 1.6226 3.7248 -7.9153 0.5276 60.8487 -7.8176 -2.6631
Car -1 -1 -4.6832 557.6693 172.0330 574.1602 187.9684 1.4916 1.4987 3.5515 -3.3544 0.6052 69.0335 -4.7365 -2.7726
Car -1 -1 -7.3783 571.7098 171.4989 623.3297 196.3811 1.4515 1.5846 3.8569 -0.1886 0.8682 43.9832 -7.3875 -2.8271
Car -1 -1 -7.9625 452.2968 173.0569 492.4780 201.1180 1.4889 1.7375 4.3701 -7.3224 1.0411 40.4559 -8.1454 -3.5639
Car -1 -1 -8.5021 912.7808 164.3173 1081.3203 232.0849 1.4815 1.5885 3.8580 9.5251 1.1064 17.7378 -8.0206 -3.8311
Car -1 -1 -7.7029 466.8003 175.6107 516.5732 210.3092 1.4419 1.6024 4.0835 -4.8177 1.1975 31.8949 -7.8567 -3.9224
Car -1 -1 -8.1097 559.8452 174.3463 610.1373 203.8070 1.4196 1.5757 4.0359 -0.9102 1.0751 36.7717 -8.1393 -4.0025
Car -1 -1 -4.6675 613.5701 171.3850 636.9474 192.7314 1.6026 1.6595 4.2370 1.9138 0.8431 56.1043 -4.6385 -4.3974
Car -1 -1 -7.7739 312.4381 170.5960 363.5907 208.6550 1.4267 1.6559 3.6007 -10.5427 1.0183 28.8853 -8.1260 -4.4095
Car -1 -1 -4.8480 567.3644 168.6279 597.7635 192.3484 1.6547 1.6894 3.7514 -1.3910 0.7567 52.1002 -4.8795 -4.4331
Car -1 -1 -7.7903 547.8384 170.2207 567.3690 185.9932 1.5214 1.6928 4.2407 -4.2866 0.4331 71.4124 -7.8549 -4.4779
Car -1 -1 -4.6815 478.0804 175.3480 512.0941 207.0173 1.4784 1.5637 3.8475 -5.2239 1.1915 35.5367 -4.8315 -4.5934
Car -1 -1 -5.1658 577.5593 172.1642 645.8808 202.2719 1.4815 1.7178 4.6126 0.4530 1.0224 37.7983 -5.1589 -4.6741
Car -1 -1 -3.0161 553.7351 169.7186 645.3966 207.7041 1.6098 1.6128 3.8508 -0.0615 1.1108 31.4712 -3.0231 -4.6823
Car -1 -1 -2.5838 223.7082 166.6288 338.4628 206.1857 1.4882 1.5508 3.8581 -12.4932 0.9291 28.0570 -3.0042 -4.7644
Car -1 -1 -5.3106 593.0185 167.1121 653.5441 193.9668 1.7532 1.8425 4.6379 1.4495 0.8139 49.3427 -5.2863 -4.7902
Car -1 -1 -3.0115 210.6327 133.8449 298.7606 167.8790 1.5283 1.7275 3.6513 -16.7075 -0.6854 34.7664 -3.4610 -4.8179
Car -1 -1 -4.4493 588.3565 167.7394 624.1873 191.5650 1.6852 1.6845 3.9694 0.4139 0.7119 52.9448 -4.4464 -4.9465
Car -1 -1 -7.8387 253.1684 133.1140 294.0516 168.7836 1.4559 1.6158 4.0095 -15.0461 -0.6226 33.0228 -8.2677 -5.0220
Car -1 -1 -4.2314 576.3620 172.8975 634.8969 199.3192 1.4428 1.5630 4.3511 0.3046 0.9732 41.5160 -4.2291 -5.4272
Car -1 -1 -7.5183 287.5358 135.4216 349.4081 167.8215 1.4865 1.6913 4.1291 -14.4240 -0.7410 36.8250 -7.8936 -5.6015
Car -1 -1 -4.0970 0.0000 179.8492 55.5763 214.6380 1.5598 1.5351 3.5959 -27.9295 1.4861 34.0572 -4.7851 -5.6352
Car -1 -1 -3.4141 593.9774 159.5841 648.9129 182.4888 2.0065 1.8719 4.5850 1.8127 0.0864 64.4013 -3.3909 -5.7407
Car -1 -1 -1.8749 0.0000 182.2309 70.8510 217.2332 1.5241 1.5575 3.7806 -26.1227 1.5597 33.0555 -2.5449 -5.9665
Car -1 -1 -7.0348 1021.2746 167.9152 1237.0000 275.5127 1.4616 1.5523 3.0155 8.1473 1.2778 10.7065 -6.4013 -6.0906
Car -1 -1 -4.0174 0.0000 181.4679 183.8323 373.0000 1.4577 1.5179 3.8512 -5.5163 1.4583 6.2134 -4.7286 -6.1821
