Car -1 -1 -5.1493 758.5771 181.4961 852.3878 226.4523 1.3750 1.5653 3.6515 6.6544 1.3753 23.9041 -4.8858 -1.7087
Car -1 -1 -6.5799 609.9266 169.7331 686.1041 196.6134 1.5081 1.6416 4.0964 2.6782 0.8481 41.5813 -6.5209 -2.0078
Car -1 -1 -4.3811 688.2368 175.6315 791.0400 233.7959 1.4871 1.6381 4.1946 4.0317 1.3376 20.5941 -4.1954 -2.2894
Car -1 -1 -3.4737 0.0000 202.4124 155.9352 373.0000 1.3927 1.5253 3.6467 -5.3242 1.5913 4.8208 -4.2880 -2.3117
Car -1 -1 -6.8885 581.9478 156.5719 652.8506 188.9002 1.9270 1.8174 4.1143 1.0158 0.4412 44.7146 -6.8708 -2.6943
Car -1 -1 -4.7200 704.7325 160.2537 729.5256 185.1010 1.8054 1.7828 4.4356 8.7623 0.2616 54.5191 -4.5663 -2.8668
Car -1 -1 -6.3229 672.3132 178.8407 753.0825 207.7507 1.5937 1.6537 4.4305 6.2408 1.4473 40.6572 -6.1766 -3.4229
Car -1 -1 -3.1582 411.9617 179.3390 492.2694 206.2871 1.3978 1.6125 4.1310 -8.0022 1.2859 38.5065 -3.3668 -4.0704
Car -1 -1 -5.1568 490.4843 175.1021 577.1725 221.9660 1.5504 1.5788 3.8393 -2.5282 1.3392 25.8152 -5.2586 -4.6417
Car -1 -1 -5.3130 721.8583 166.0171 772.5605 188.4750 1.5476 1.6563 3.8650 10.4345 0.4807 51.6049 -5.1194 -4.6699
Car -1 -1 -6.8613 0.0000 0.0000 1237.0000 373.0000 1.6548 1.5727 4.0899 -2.4295 1.6365 0.6914 -8.0644 -4.7518
Car -1 -1 -7.8680 506.4141 176.9096 544.9276 211.8637 1.5657 1.7220 3.5464 -3.6377 1.3604 34.0428 -7.9787 -4.8467
Car -1 -1 -7.8063 426.2991 180.7898 462.3146 212.9378 1.4986 1.5821 3.4132 -7.6868 1.4657 35.3014 -8.0243 -5.0008
Car -1 -1 -4.9074 657.0943 172.6391 705.7700 207.3838 1.6289 1.6347 3.9652 3.9043 1.2137 35.7256 -4.8045 -5.0298
Car -1 -1 -7.1636 0.0000 189.1736 287.0473 373.0000 1.5898 1.7654 4.6373 -3.8598 1.6623 4.3984 -7.8616 -5.0766
Car -1 -1 -7.7228 176.7157 191.5836 361.9109 344.1689 1.4695 1.6081 3.5773 -4.0128 1.6253 9.1150 -8.1330 -5.0800
Car -1 -1 -7.9477 773.1050 159.6827 826.9800 202.7775 1.5943 1.6456 4.2070 7.8557 0.7875 28.7851 -7.6885 -5.1792
Car -1 -1 -5.2839 765.7832 168.9449 823.7023 196.3537 1.4713 1.6197 3.2574 10.8060 0.7975 40.3612 -5.0289 -5.1990
Car -1 -1 -4.9184 752.7043 170.8010 798.5071 200.5048 1.5565 1.6749 3.8107 9.5279 0.9961 39.5669 -4.6886 -5.2820
Car -1 -1 -7.9767 523.3410 173.3120 558.4988 201.0640 1.4996 1.5714 3.2575 -3.4559 1.0574 40.5745 -8.0661 -5.3418
Car -1 -1 -6.3226 771.4065 154.6528 840.2529 180.7796 1.5550 1.7250 3.9869 12.4944 -0.0455 44.1208 -6.0529 -5.3718
Car -1 -1 -4.4604 446.1210 180.0504 497.8913 213.8608 1.4983 1.5640 3.5497 -6.0157 1.4343 33.6585 -4.6411 -5.5432
Car -1 -1 -6.0190 733.5345 151.2150 831.9025 188.0407 1.5788 1.5858 4.0399 8.1597 0.2807 32.4669 -5.7795 -5.6123
Car -1 -1 -5.7693 1237.0000 141.9345 1237.0000 373.0000 1.3744 1.5301 3.9171 4.9919 1.3385 2.6389 -4.7307 -5.6474
Car -1 -1 -5.7744 1237.0000 75.7090 1237.0000 373.0000 1.4508 1.5829 3.9992 6.6207 1.3161 2.9574 -4.6617 -5.8221
Car -1 -1 -4.2474 364.8950 178.9851 450.9895 218.9512 1.4477 1.6189 4.0542 -7.4994 1.3570 28.1694 -4.5105 -5.8505
Car -1 -1 -4.4702 378.6880 180.1738 437.2134 212.4678 1.3459 1.6006 4.0516 -8.5462 1.2910 31.9806 -4.7344 -5.8604
Car -1 -1 -4.3594 373.8647 179.4516 435.5655 211.1933 1.4309 1.6115 3.8944 -9.3492 1.3388 34.3894 -4.6281 -5.8867
Car -1 -1 -4.1771 196.1221 180.7614 353.0987 247.9319 1.4459 1.6689 3.9954 -7.8125 1.4306 17.5443 -4.5958 -5.8867
Car -1 -1 -9.1918 0.0000 0.0000 1237.0000 373.0000 1.5253 1.5841 3.8006 3.9170 1.4940 1.0055 -7.9398 -5.8867
Car -1 -1 -5.3605 0.0000 0.0000 1237.0000 373.0000 1.5003 1.6068 4.0566 40.2305 0.5341 -0.4672 -3.7896 -5.8867
Car -1 -1 -8.0174 654.1802 171.7882 700.7282 209.8063 1.6419 1.5771 3.2096 3.3934 1.2228 32.6761 -7.9199 -5.9453
Car -1 -1 -7.7805 0.0000 0.0000 1237.0000 373.0000 1.7550 1.7179 4.3183 -0.5794 1.6597 1.5521 -8.1002 -6.0110
Car -1 -1 -8.0564 541.5594 171.7895 591.4123 207.1049 1.4989 1.5199 3.6498 -1.6479 1.0871 32.4475 -8.1118 -6.1593
Car -1 -1 -8.8314 635.7552 151.5950 695.8159 178.1789 2.0978 1.8278 4.7270 5.3161 -0.2851 59.4278 -8.7473 -8.0117
