Car -1 -1 -3.1846 420.5204 178.7823 495.4108 206.5392 1.4575 1.6425 3.9104 -7.8084 1.3150 38.9891 -3.3860 -0.9150
Car -1 -1 -6.6589 602.0436 170.2508 676.8300 197.6226 1.5425 1.7214 4.0073 2.2092 0.9087 41.9427 -6.6115 -1.9417
Car -1 -1 -5.3015 761.3418 176.7209 876.4050 223.3707 1.3833 1.5988 4.0075 6.9380 1.2421 23.4529 -5.0220 -2.0617
Car -1 -1 -6.5437 519.6068 173.2705 590.5098 201.3193 1.5300 1.6368 3.6942 -2.6299 1.0812 40.5555 -6.6131 -2.4834
Car -1 -1 -4.9788 505.9201 179.3763 574.6743 220.8540 1.3862 1.5304 3.7028 -2.3078 1.3156 26.0086 -5.0716 -2.9207
Car -1 -1 -4.9594 693.4115 162.7103 728.9105 185.6433 1.6887 1.7039 4.1258 8.3762 0.3050 55.0348 -4.8140 -3.2413
Car -1 -1 -3.3923 686.8840 172.5402 777.5312 203.8825 1.7570 1.7988 4.8331 7.4819 1.2549 41.3536 -3.2194 -4.0969
Car -1 -1 -5.0689 487.6999 177.3501 546.8853 209.0921 1.5463 1.6922 4.1118 -4.4251 1.3443 37.2069 -5.1916 -4.2795
Car -1 -1 -7.0326 0.0000 198.5639 370.3822 373.0000 1.4521 1.7530 4.0964 -3.8610 1.6442 5.8534 -7.6019 -4.6283
Car -1 -1 -6.7697 707.5345 160.4985 766.3357 180.9150 1.7023 1.7465 4.6778 11.6267 -0.0516 61.5190 -6.5885 -4.8070
Car -1 -1 -5.2406 498.3186 179.5006 575.9008 214.0693 1.4597 1.6959 3.9776 -2.9802 1.3756 32.4422 -5.3366 -4.8872
Car -1 -1 -3.5201 0.0000 208.4021 5.6058 373.0000 1.4718 1.4936 3.6170 -5.9952 1.7017 4.1814 -4.4588 -4.9416
Car -1 -1 -5.3947 721.5043 167.0773 774.7017 190.1383 1.6093 1.7033 3.8896 10.6329 0.6028 52.2467 -5.1998 -4.9636
Car -1 -1 -5.2121 766.3323 167.4292 824.3702 194.8331 1.4550 1.5865 3.5669 10.7491 0.7081 40.0622 -4.9565 -4.9797
Car -1 -1 -7.6261 414.7066 180.6385 467.6460 213.2270 1.5467 1.6740 4.3953 -8.0262 1.5061 36.2976 -7.8473 -5.2494
Car -1 -1 -7.6973 624.7461 176.8462 669.2369 209.4513 1.4320 1.5727 3.3829 2.1488 1.2279 33.3686 -7.6386 -5.3256
Car -1 -1 -5.1396 660.4446 174.2254 728.4813 205.8269 1.4069 1.6580 4.0269 4.3314 1.0833 34.1503 -5.0194 -5.4249
Car -1 -1 -7.3953 200.7156 180.5567 425.9080 312.9559 1.5433 1.5555 3.4233 -3.8642 1.5330 10.1526 -7.7563 -5.4258
Car -1 -1 -5.5852 760.1675 159.1818 888.9916 210.4033 1.7323 1.7011 4.4965 8.1257 0.9779 26.6382 -5.2969 -5.5672
Car -1 -1 -4.5245 406.4912 178.7854 463.7897 220.8242 1.6782 1.6528 4.1778 -7.0621 1.5702 30.7974 -4.7533 -5.6319
Car -1 -1 -5.7889 1237.0000 72.0890 1237.0000 373.0000 1.4512 1.5825 4.0008 6.6202 1.3101 2.9594 -4.6765 -5.8258
Car -1 -1 -4.5195 385.8665 180.8246 440.0457 213.4883 1.3937 1.6397 4.1299 -8.5311 1.3652 32.7634 -4.7774 -5.8720
Car -1 -1 -9.2436 0.0000 0.0000 1237.0000 373.0000 1.5187 1.5818 3.7976 4.7208 1.4649 1.0012 -7.9398 -5.8867
Car -1 -1 -4.2725 220.1154 182.1823 358.4430 247.1612 1.4655 1.6642 4.0094 -7.7878 1.4853 18.2770 -4.6755 -5.8867
Car -1 -1 -4.3385 353.7309 178.8324 430.6385 218.3322 1.4471 1.6042 3.8990 -8.1732 1.3497 28.3302 -4.6220 -5.8867
Car -1 -1 -4.7479 399.1534 179.1985 434.7092 208.2329 1.4325 1.6380 4.0194 -9.7069 1.3192 37.6015 -5.0039 -5.8867
Car -1 -1 -8.9564 0.0000 0.0000 1237.0000 373.0000 1.4776 1.5904 3.8394 3.1417 1.4412 1.3833 -7.8743 -5.8867
Car -1 -1 -5.3605 0.0000 0.0000 1237.0000 373.0000 1.5003 1.6068 4.0566 40.2305 0.5341 -0.4672 -3.7896 -5.8867
Car -1 -1 -4.0789 80.8224 182.7560 282.2557 265.5595 1.4979 1.6165 3.9363 -8.6089 1.5284 15.1053 -4.5949 -5.8867
Car -1 -1 -8.0211 0.0000 0.0000 1066.8082 373.0000 1.5082 1.5491 3.7948 0.3171 1.5625 1.1122 -7.8065 -5.9713
Car -1 -1 -8.0953 548.1636 170.1465 599.4623 207.8996 1.6085 1.4922 3.5404 -1.3180 1.1251 32.5140 -8.1405 -6.0986
Car -1 -1 -4.0487 0.0000 183.9242 205.9352 292.5961 1.4361 1.5645 3.9266 -8.3459 1.4825 11.5775 -4.6681 -6.3501
Car -1 -1 -7.1726 999.9462 220.5303 1237.0000 373.0000 1.3634 1.6700 4.1818 4.3973 1.5991 3.4384 -6.3075 -6.5776
Car -1 -1 -3.6717 0.0000 109.4943 29.6024 373.0000 1.5836 1.6160 3.9926 -4.8009 1.4992 2.8794 -4.6688 -6.6656
Car -1 -1 -3.6886 661.2290 150.7766 722.9200 181.1899 2.4485 1.7343 4.9038 7.5642 -0.0268 59.6737 -3.5679 -6.9655
