Car -1 -1 -2.5515 672.8127 160.9149 747.8593 189.8944 1.6097 1.6512 4.0913 6.3093 0.4664 41.8847 -2.4078 -1.8783
Car -1 -1 -4.6907 689.0396 165.5388 726.5154 201.8931 1.7266 1.7679 3.9157 5.3740 0.9688 36.1924 -4.5493 -2.7087
Car -1 -1 -7.8661 712.6474 175.1504 764.0844 225.0150 1.4820 1.5105 3.6006 4.3555 1.2938 23.2502 -7.6882 -3.8843
Car -1 -1 -5.2911 568.6157 176.9494 645.1611 215.6261 1.5332 1.5999 3.4314 0.1594 1.3532 30.3500 -5.2910 -3.9412
Car -1 -1 -7.8402 733.8189 167.1805 760.2967 192.7656 1.6336 1.6626 3.8423 9.7315 0.7193 47.9161 -7.6459 -3.9654
Car -1 -1 -6.3805 407.0192 182.4586 498.0627 213.8061 1.3704 1.6070 3.9327 -6.8326 1.4162 32.8425 -6.5892 -4.1346
Car -1 -1 -3.7411 0.0000 168.5194 57.6289 282.7531 1.4852 1.6556 3.9438 -11.2431 1.3171 11.4370 -4.5118 -4.1563
Car -1 -1 -8.0891 808.9242 155.9713 858.9463 185.3729 1.5107 1.6821 3.8961 12.5193 0.1992 38.9113 -7.7846 -4.2255
Car -1 -1 -4.7574 735.8806 161.0621 766.7633 185.8715 1.4749 1.6869 3.6299 9.2737 0.2600 44.6278 -4.5585 -4.3535
Car -1 -1 -4.6526 429.2858 183.4366 475.9492 222.3588 1.4741 1.6612 3.7269 -6.0389 1.5589 29.3649 -4.8589 -4.3644
Car -1 -1 -4.4307 0.0000 176.8105 101.0012 288.0628 1.5126 1.5661 3.7417 -9.6655 1.4495 11.7945 -5.1117 -4.5011
Car -1 -1 -4.4144 706.5330 168.5130 749.0799 194.6631 1.5963 1.7532 3.4483 8.0929 0.8036 45.7830 -4.2454 -4.5652
Car -1 -1 -8.0611 465.3771 180.3659 520.2751 217.8836 1.4993 1.5794 3.6446 -4.7120 1.4543 30.6910 -8.2173 -4.5882
Car -1 -1 -5.0049 724.4799 177.7934 799.4970 217.5603 1.3506 1.4985 4.2477 5.8095 1.2251 26.5759 -4.7969 -4.9093
Car -1 -1 -8.3165 773.5108 158.9935 844.6069 193.1302 1.7223 1.9319 4.2614 11.0325 0.5870 38.5175 -8.0442 -5.0751
Car -1 -1 -5.4364 828.1371 152.9579 905.8271 184.3394 1.4911 1.6675 3.6182 13.2691 0.1352 36.1205 -5.0915 -5.1686
Car -1 -1 -6.3301 840.2527 151.2994 936.2314 188.5314 1.6546 1.6890 4.0458 13.2125 0.3128 33.3659 -5.9606 -5.3253
Car -1 -1 -7.9228 683.9915 169.4803 733.7441 209.7670 1.6384 1.8244 4.1373 4.5973 1.1499 31.3409 -7.7834 -5.5483
Car -1 -1 -4.7455 1090.4274 205.7501 1214.1934 305.8801 1.3262 1.4584 3.0308 9.0018 1.7875 11.9831 -4.1172 -5.6443
Car -1 -1 -8.3370 592.6653 171.5685 671.1863 215.9953 1.5566 1.4477 3.5523 1.0568 1.2090 27.0823 -8.3035 -5.6812
Car -1 -1 -7.7306 268.9749 182.0718 357.4066 249.0341 1.5365 1.6386 4.0635 -7.4014 1.5536 18.6917 -8.1082 -5.6962
Car -1 -1 -4.3344 319.7668 182.5340 423.2816 238.4315 1.7149 1.7502 4.7047 -7.7140 1.7540 24.5341 -4.6413 -5.7010
Car -1 -1 -4.7011 797.1191 176.1207 835.3647 209.5489 1.4033 1.5491 3.7026 9.5979 1.1778 32.1528 -4.4183 -5.7454
Car -1 -1 -3.6005 0.0000 194.8312 0.0000 373.0000 1.4970 1.5990 3.9537 -6.2663 1.5902 2.9934 -4.6976 -5.8867
Car -1 -1 -7.8464 0.0000 0.0000 1113.6683 373.0000 1.5380 1.5843 3.8041 -0.1022 1.5875 1.0264 -7.9387 -5.8867
Car -1 -1 -7.0092 0.0000 0.0000 1237.0000 373.0000 1.5383 1.5880 3.8041 -1.7103 1.6007 1.0327 -7.9398 -5.8867
Car -1 -1 -5.6039 1237.0000 0.0000 1237.0000 373.0000 1.5439 1.6706 4.0285 41.4692 0.6810 3.1538 -4.1202 -5.8867
Car -1 -1 -3.6689 0.0000 196.7836 5.7431 373.0000 1.5069 1.6014 3.9581 -4.6585 1.6050 2.5826 -4.6973 -5.8867
Car -1 -1 -5.4819 0.0000 0.0000 1237.0000 373.0000 1.4857 1.6451 3.9869 40.6714 0.5907 -0.0459 -3.9214 -5.8867
Car -1 -1 -4.0244 0.0000 183.3096 212.2505 298.6604 1.4971 1.6247 4.0402 -8.2611 1.5317 11.4583 -4.6438 -5.8867
Car -1 -1 -3.4968 0.0000 195.7427 0.0000 373.0000 1.4903 1.5956 3.9509 -8.2788 1.5899 3.0008 -4.6974 -5.8867
Car -1 -1 -6.7369 0.0000 0.0000 1237.0000 373.0000 1.5415 1.5881 3.8031 -3.3182 1.6346 1.0399 -7.9397 -5.8867
Car -1 -1 -9.1245 0.0000 0.0000 1237.0000 373.0000 1.6109 1.5726 3.6938 3.0814 1.5841 1.0403 -7.9598 -5.9456
Car -1 -1 -4.9434 824.7742 179.1553 876.5850 211.4772 1.3830 1.4314 3.4416 11.2033 1.2830 32.5156 -4.6192 -5.9871
Car -1 -1 -3.5602 584.8536 176.0960 676.4061 204.6100 1.3415 1.5913 4.2172 1.4283 1.0875 35.3229 -3.5251 -6.0176
Car -1 -1 -4.6152 327.5713 183.1312 385.5824 226.7480 1.5240 1.7011 4.3467 -9.3299 1.5922 27.5807 -4.9438 -6.0286
Car -1 -1 -5.9814 691.8712 158.7792 749.9650 179.7481 1.4696 1.7074 3.8354 8.6988 -0.1314 52.2342 -5.8220 -6.1276
Car -1 -1 -3.7227 0.0000 188.7558 84.4479 366.7386 1.4804 1.6016 3.8864 -8.3852 1.5848 8.2079 -4.5085 -6.2033
Car -1 -1 -7.8091 726.5042 158.1856 750.1280 181.9463 1.8134 1.6710 4.6391 10.9686 0.0340 57.2707 -7.6255 -6.2330
Car -1 -1 -7.6715 744.2608 160.4597 775.2844 182.9796 1.7066 1.6579 4.3388 12.5677 0.1120 56.7576 -7.4594 -6.6440
Car -1 -1 -4.6901 348.5128 181.4495 391.1380 220.2132 1.5907 1.6794 4.5080 -10.2407 1.5889 31.8769 -5.0037 -6.8349
