Car -1 -1 -7.7036 383.5212 155.1029 430.7423 188.8142 1.5955 1.6833 4.3171 -9.7377 0.3464 36.2385 -7.9691 -2.9695
Car -1 -1 -7.9837 728.6490 173.9408 824.5580 243.7346 1.4939 1.7112 3.7221 4.0547 1.3327 17.3073 -7.7623 -3.1112
Car -1 -1 -4.6854 1159.1106 193.3582 1237.0000 311.3452 1.4132 1.4741 3.4835 9.3800 1.6209 10.7550 -3.9856 -3.2355
Car -1 -1 -7.8336 457.7228 178.3990 503.2686 220.7118 1.5628 1.6673 4.0914 -4.8117 1.4487 28.6789 -8.0035 -3.2755
Car -1 -1 -4.6699 452.5876 179.1010 492.9700 214.1430 1.4739 1.6366 3.8616 -5.7320 1.3733 32.2380 -4.8496 -3.9965
Car -1 -1 -6.5242 373.8205 179.9372 469.6477 216.2413 1.4927 1.6417 3.7446 -7.7966 1.4288 31.1412 -6.7727 -4.2088
Car -1 -1 -7.2295 373.6132 182.9024 469.2939 223.7847 1.4631 1.6595 3.8854 -6.9277 1.5221 27.9632 -7.4754 -4.4892
Car -1 -1 -6.2077 837.4133 146.5531 925.2598 181.5009 1.6606 1.6185 3.9683 13.8978 0.0002 35.7101 -5.8439 -4.5627
Car -1 -1 -7.7098 756.1313 182.8662 876.2493 272.7412 1.3792 1.5981 3.8430 4.0117 1.4088 13.1662 -7.4250 -5.0140
Car -1 -1 -7.8919 689.4247 170.8911 745.1831 222.1067 1.5847 1.6625 4.0179 3.8146 1.2569 24.3157 -7.7431 -5.1135
Car -1 -1 -7.6662 331.6837 179.5547 389.9481 221.6242 1.5391 1.5132 3.6986 -9.3935 1.4683 28.2149 -7.9899 -5.1238
Car -1 -1 -7.9451 794.3915 163.7568 859.4267 217.9246 1.4946 1.5026 3.6347 6.7095 1.0055 21.7507 -7.6543 -5.1248
Car -1 -1 -8.2830 566.6258 174.5925 642.5718 218.8475 1.4821 1.4593 3.3280 0.0260 1.2512 25.8743 -8.2871 -5.2790
Car -1 -1 -3.4639 641.0940 165.7256 740.0177 199.3596 1.5573 1.7112 4.4035 4.2478 0.8272 34.5472 -3.3475 -5.3347
Car -1 -1 -7.8900 693.0532 164.8711 740.7057 207.4648 1.7257 1.8572 4.1149 4.9351 1.0523 31.2537 -7.7397 -5.3832
Car -1 -1 -7.3216 223.8178 182.2768 376.1432 249.7645 1.4385 1.6081 3.9555 -7.1558 1.4601 17.4302 -7.7113 -5.5214
Car -1 -1 -7.6704 353.6528 182.4772 422.2828 229.9828 1.4325 1.5497 3.4986 -6.9409 1.4675 23.5564 -7.9592 -5.5545
Car -1 -1 -4.8338 1043.1394 170.2963 1218.1570 286.1227 1.5642 1.7095 4.2593 8.5067 1.4136 11.9847 -4.2322 -5.5977
Car -1 -1 -5.7418 1237.0000 0.0000 1237.0000 373.0000 1.4922 1.5999 4.0519 5.8263 1.2741 2.5367 -4.6244 -5.8190
Car -1 -1 -3.5718 0.0000 192.2716 0.0000 373.0000 1.4928 1.5999 3.9557 -5.8758 1.5620 2.5796 -4.6976 -5.8867
Car -1 -1 -5.6382 0.0000 0.0000 1237.0000 373.0000 1.5209 1.6625 4.0203 41.4653 0.6658 1.9374 -4.1253 -5.8867
Car -1 -1 -3.7695 0.0000 0.0000 1237.0000 373.0000 1.5088 1.6050 3.9629 -2.6636 1.5824 1.7602 -4.6976 -5.8867
Car -1 -1 -3.9060 0.0000 187.7682 163.2947 326.1460 1.4797 1.6401 3.9019 -8.2509 1.5844 9.8996 -4.5935 -5.8867
Car -1 -1 -3.4660 0.0000 189.5087 0.0000 373.0000 1.5397 1.6181 3.9633 -7.8742 1.5916 2.5942 -4.6940 -5.8867
Car -1 -1 -6.6701 0.0000 0.0000 1237.0000 373.0000 1.5395 1.5846 3.8008 -4.1223 1.6440 1.0442 -7.9396 -5.8867
Car -1 -1 -4.2021 142.7479 182.8875 305.4748 255.6332 1.4801 1.5997 3.9559 -8.5876 1.5168 16.6971 -4.6761 -5.8867
Car -1 -1 -7.3176 148.4089 0.0000 1237.0000 373.0000 1.5373 1.5862 3.8043 -0.9065 1.5899 1.0297 -7.9397 -5.8867
Car -1 -1 -4.2725 209.8526 178.2613 333.4659 235.7673 1.4349 1.5788 3.9298 -9.0009 1.3546 19.9004 -4.6975 -5.8867
Car -1 -1 -4.6454 1022.7270 166.7022 1045.8993 182.8369 1.5031 1.6666 4.0623 41.6770 0.1242 69.0642 -4.1090 -5.8867
Car -1 -1 -4.3016 248.7499 180.8193 349.1151 229.4758 1.4588 1.5844 3.9389 -9.7945 1.4388 23.5174 -4.6975 -5.8867
Car -1 -1 -8.5763 0.0000 0.0000 1021.6547 373.0000 1.4964 1.5828 3.9009 0.6909 1.5600 0.5527 -7.8856 -5.8867
Car -1 -1 -7.3161 187.3562 176.9033 227.8801 193.0532 1.5577 1.6787 4.0983 -39.0230 1.1140 71.3597 -7.8199 -5.8867
Car -1 -1 -4.6740 1036.8020 168.2003 1059.2473 184.6684 1.4897 1.6546 4.0207 41.7770 0.2863 67.1099 -4.1238 -5.8867
Car -1 -1 -8.9978 0.0000 0.0000 1237.0000 373.0000 1.6395 1.6623 4.1412 2.6695 1.6068 1.2814 -7.9580 -5.9249
Car -1 -1 -4.3166 285.0014 180.4148 396.1501 236.1361 1.4489 1.6169 3.9145 -7.3916 1.4212 20.6744 -4.6613 -5.9343
Car -1 -1 -4.3146 320.7023 181.5928 410.0131 225.0719 1.4008 1.5955 3.8743 -8.1733 1.4046 25.1456 -4.6310 -5.9611
Car -1 -1 -8.8141 0.0000 0.0000 1237.0000 373.0000 1.6245 1.7415 4.1823 4.3640 1.3805 1.9612 -7.7204 -6.0141
Car -1 -1 -4.0170 54.0963 179.4384 286.4685 276.4852 1.5541 1.6239 3.8796 -7.8900 1.5217 13.5529 -4.5413 -6.0810
Car -1 -1 -7.0326 691.1939 156.2497 757.9292 184.9843 1.5093 1.4766 3.5568 6.7533 0.1832 39.3278 -6.8684 -6.6010
Car -1 -1 -6.6688 609.5535 284.8450 1237.0000 373.0000 1.3519 1.5471 3.7317 1.8589 2.0563 4.0995 -6.2738 -6.8372
