Car -1 -1 -7.0317 699.4751 153.3103 773.4442 183.3712 1.6179 1.7121 4.0111 7.6210 0.1009 40.4622 -6.8515 -2.6196
Car -1 -1 -3.5787 643.6810 168.1643 738.7640 200.2450 1.5157 1.7410 4.3263 4.4101 0.8859 35.4434 -3.4608 -4.2620
Car -1 -1 -3.8879 1058.2827 191.6016 1237.0000 293.1390 1.4140 1.5635 3.6456 9.2931 1.5831 11.0816 -3.2070 -4.2951
Car -1 -1 -7.9510 463.2994 178.5562 512.4138 218.1620 1.5279 1.6431 3.5139 -4.7530 1.4146 29.6199 -8.1139 -4.4295
Car -1 -1 -8.2469 811.7716 148.6296 870.7663 180.1325 1.5737 1.5853 3.8326 12.6150 -0.0760 38.0305 -7.9334 -4.5842
Car -1 -1 -7.8804 825.5411 164.0370 862.1005 198.2031 1.5659 1.5489 3.7093 11.7217 0.7658 34.9221 -7.5638 -4.6974
Car -1 -1 -6.5723 821.1027 167.8832 935.8704 220.5308 1.4147 1.5200 2.6692 7.6706 1.0493 20.1479 -6.2179 -4.7790
Car -1 -1 -5.6831 837.0154 169.6530 926.5770 205.4211 1.5218 1.6310 3.4395 12.5875 1.0181 32.4402 -5.3207 -4.8213
Car -1 -1 -3.2293 379.5798 180.2573 472.0201 214.6054 1.4529 1.6036 3.8400 -7.7915 1.4006 31.7675 -3.4731 -4.8518
Car -1 -1 -8.5270 565.1302 174.1377 649.7363 212.4664 1.4452 1.5195 3.5356 0.1683 1.1680 28.9419 -8.5264 -4.8623
Car -1 -1 -8.0353 683.2255 168.8466 750.1729 215.9351 1.6297 1.7176 4.1285 4.2073 1.1922 26.9528 -7.8870 -4.9257
Car -1 -1 -4.5339 795.6585 176.4043 846.5430 212.6139 1.5634 1.6709 3.4340 10.0949 1.3437 32.9237 -4.2438 -4.9725
Car -1 -1 -7.1879 799.7224 164.5006 918.1195 220.1770 1.5540 1.5398 3.5035 7.7518 1.0800 21.6427 -6.8529 -5.0109
Car -1 -1 -5.7054 428.2487 178.5311 534.6900 224.8900 1.6166 1.6905 3.5232 -4.4472 1.5134 26.5236 -5.8752 -5.0195
Car -1 -1 -4.5013 415.4401 184.8445 473.3636 222.4823 1.3872 1.5387 3.6265 -6.2025 1.5292 28.6152 -4.7181 -5.0324
Car -1 -1 -4.7202 840.4595 172.8246 879.6111 208.8385 1.4854 1.5316 3.3371 11.2680 1.1279 31.4542 -4.3839 -5.5122
Car -1 -1 -2.2297 0.0000 203.1841 133.8511 373.0000 1.3821 1.5847 3.9827 -5.2409 1.5339 4.1446 -3.1071 -5.5715
Car -1 -1 -4.1684 293.1960 185.8019 426.8156 249.0737 1.6063 1.6736 4.3171 -6.8566 1.7452 20.8375 -4.4880 -5.6134
Car -1 -1 -6.1813 849.6688 146.6712 930.3577 183.5916 1.7617 1.7082 3.5925 14.3919 0.1000 35.8580 -5.8069 -5.7583
Car -1 -1 -4.1679 302.4773 179.6351 413.6225 229.5905 1.4852 1.6379 3.9283 -7.8392 1.4302 23.4517 -4.4923 -5.8541
Car -1 -1 -5.5934 0.0000 0.0000 1237.0000 373.0000 1.4816 1.6572 4.0765 41.0366 0.6818 0.2550 -4.0401 -5.8867
Car -1 -1 -4.3222 268.9578 178.8614 364.4881 226.0850 1.4430 1.5802 3.9311 -9.3810 1.3629 23.9279 -4.6973 -5.8867
Car -1 -1 -3.4731 0.0000 196.1731 0.0000 373.0000 1.4953 1.6008 3.9558 -6.6759 1.5814 2.1869 -4.6976 -5.8867
Car -1 -1 -7.3176 148.3926 0.0000 1237.0000 373.0000 1.5336 1.5853 3.8031 -0.9066 1.5768 1.0296 -7.9398 -5.8867
Car -1 -1 -6.5545 0.0000 0.0000 1237.0000 373.0000 1.5038 1.5853 3.9032 -3.3296 1.6299 0.5712 -7.8856 -5.8867
Car -1 -1 -6.6072 0.0000 0.0000 1237.0000 373.0000 1.4833 1.5882 3.8397 -5.2972 1.5626 1.4287 -7.8744 -5.8867
Car -1 -1 -3.5569 0.0000 193.3553 0.0000 373.0000 1.4874 1.5929 3.9496 -7.8697 1.5771 3.4032 -4.6971 -5.8867
Car -1 -1 -3.9508 0.0000 189.7844 99.6810 348.2799 1.5082 1.6215 4.0122 -8.6023 1.6366 9.0607 -4.7015 -5.8867
Car -1 -1 -4.5571 361.5201 179.6074 424.1118 221.1277 1.4256 1.6466 3.9967 -7.7011 1.3610 26.7511 -4.8399 -5.8867
Car -1 -1 -4.6454 1022.7270 166.7022 1045.8993 182.8369 1.5031 1.6666 4.0623 41.6770 0.1242 69.0642 -4.1090 -5.8867
Car -1 -1 -5.6187 1237.0000 0.0000 1237.0000 373.0000 1.5223 1.6623 4.0205 41.4687 0.6556 2.7425 -4.1252 -5.8867
Car -1 -1 -7.3161 187.3562 176.9033 227.8801 193.0532 1.5577 1.6787 4.0983 -39.0230 1.1140 71.3597 -7.8199 -5.8867
Car -1 -1 -8.6815 0.0000 0.0000 969.7261 373.0000 1.5113 1.5338 3.7740 1.0436 1.5306 1.0421 -8.0165 -5.9733
Car -1 -1 -4.1697 92.7862 180.0275 293.5349 269.6875 1.5351 1.6379 3.9538 -7.9016 1.5105 14.3075 -4.6720 -6.0593
Car -1 -1 -7.9936 753.2661 167.7189 812.4667 212.2845 1.6687 1.7253 4.0398 7.2165 1.1531 28.9918 -7.7569 -6.0923
Car -1 -1 -4.2606 212.3995 180.2648 349.2551 246.3035 1.4711 1.5882 3.8513 -7.8698 1.4441 17.9566 -4.6736 -6.1508
Car -1 -1 -4.9172 775.3485 156.0217 821.4691 187.2560 1.5236 1.5337 3.6975 10.0574 0.2810 36.9288 -4.6579 -6.1723
