Car -1 -1 -6.7630 496.6468 175.3898 581.3378 205.0939 1.4634 1.6557 4.0651 -3.2165 1.1626 37.1843 -6.8537 0.0163
Car -1 -1 -7.9766 673.1047 165.4718 736.6846 217.6224 1.7217 1.7562 3.7327 3.5780 1.1930 25.5901 -7.8442 -0.5485
Car -1 -1 -8.2690 756.0353 164.6389 799.9296 187.3729 1.6030 1.6356 3.9896 12.9262 0.4141 52.7590 -8.0348 -1.9772
Car -1 -1 -7.6475 563.3489 174.7652 595.3904 196.3108 1.5014 1.6413 3.5423 -1.5460 1.0320 51.9413 -7.6821 -2.0687
Car -1 -1 -6.5244 571.4158 169.9852 618.2808 186.1938 1.4753 1.6852 4.0634 -0.5864 0.4270 66.7120 -6.5381 -2.6479
Car -1 -1 -6.7601 0.0000 196.3813 38.5879 323.7144 1.4790 1.5896 3.7700 -11.0955 1.7467 10.8559 -7.5499 -2.6700
Car -1 -1 -7.9431 656.0991 177.0659 690.2712 203.7006 1.3327 1.4693 3.2407 3.7062 1.1110 37.5645 -7.8505 -2.7911
Car -1 -1 -7.4547 0.0000 192.6483 32.9424 323.1637 1.4585 1.5243 3.4156 -9.7253 1.6466 10.2122 -8.2084 -3.2505
Car -1 -1 -4.6945 653.2160 175.5572 683.4373 200.7555 1.3513 1.6171 3.3240 3.7626 1.0328 40.2602 -4.6069 -3.3378
Car -1 -1 -7.5738 521.7635 175.6516 576.6185 209.2887 1.4653 1.6015 3.6400 -2.3690 1.2108 33.2366 -7.6495 -3.3660
Car -1 -1 -4.6634 495.6039 175.2191 536.4244 213.0615 1.5277 1.5855 3.4345 -3.6258 1.2745 30.7690 -4.7849 -3.3877
Car -1 -1 -7.9953 646.4277 171.4947 681.2327 197.0085 1.5066 1.5733 3.9645 3.8165 0.9159 44.4442 -7.9151 -3.6622
Car -1 -1 -8.3221 641.3311 159.3060 677.2665 178.2013 1.7625 1.7191 4.3055 5.6482 -0.3331 70.1347 -8.2468 -3.7119
Car -1 -1 -6.5133 528.4701 170.1266 573.9911 187.0103 1.5103 1.6527 3.8700 -4.5596 0.4926 65.6249 -6.5872 -3.7354
Car -1 -1 -7.4472 463.5174 175.3515 524.2153 205.4598 1.5041 1.6486 4.2641 -5.6421 1.1972 38.1576 -7.5980 -3.7587
Car -1 -1 -8.0330 396.4904 171.4776 427.6349 192.7281 1.5608 1.6281 3.8139 -14.4676 0.8246 54.8335 -8.2947 -4.0089
Car -1 -1 -4.5782 617.4074 173.2373 657.5568 201.0004 1.4515 1.6942 4.2097 2.0457 1.0197 39.7773 -4.5321 -4.1052
Car -1 -1 -7.5800 415.8521 171.9140 449.8911 192.1637 1.5032 1.5968 3.7913 -12.9023 0.7915 55.2502 -7.8132 -4.1921
Car -1 -1 -8.3418 796.9918 149.2892 871.5855 186.6977 1.6739 1.7014 3.9423 10.9934 0.2329 34.2366 -8.0382 -4.2196
Car -1 -1 -8.1772 834.1761 177.6375 945.7236 232.9877 1.2585 1.4469 3.7572 7.1422 1.1712 18.2391 -7.8140 -4.2353
Car -1 -1 -4.0457 413.8449 177.2823 496.6050 211.8378 1.4100 1.7392 3.5091 -6.3131 1.2383 31.2696 -4.2484 -4.2374
Car -1 -1 -8.0139 636.0781 164.0637 665.9676 188.3723 1.7913 1.6543 3.9121 3.7733 0.5064 54.9615 -7.9505 -4.3228
Car -1 -1 -3.1421 535.3738 176.1701 590.0193 200.3816 1.4793 1.4576 3.3417 -2.4094 1.1537 44.7151 -3.2007 -4.5970
Car -1 -1 -3.9748 0.0000 193.8121 222.6941 287.6248 1.4591 1.6086 3.6197 -9.1451 1.7252 13.5822 -4.5640 -4.6255
Car -1 -1 -8.2456 833.4623 160.4552 898.2433 193.8734 1.5170 1.5941 3.7043 12.6048 0.5620 34.4968 -7.9026 -4.6641
Car -1 -1 -5.2022 858.0854 152.8915 935.4395 189.7068 1.5227 1.6502 3.5224 12.8663 0.3398 31.5515 -4.8228 -4.9387
Car -1 -1 -3.2812 529.6689 174.6216 583.6148 199.4054 1.4609 1.5226 3.0646 -2.7214 1.0556 43.4032 -3.3484 -4.9745
Car -1 -1 -5.6988 996.5746 183.1672 1237.0000 373.0000 1.5039 1.6660 3.6804 3.7532 1.5166 3.1980 -4.8791 -5.0337
Car -1 -1 -7.5136 485.1031 174.5108 544.6395 209.5715 1.5593 1.6105 3.8737 -4.0399 1.2487 34.0120 -7.6360 -5.1162
Car -1 -1 -4.2887 0.0000 183.3571 127.3595 276.1703 1.5170 1.4876 3.5931 -10.6803 1.5580 13.7368 -4.9457 -5.1682
Car -1 -1 -4.7009 1043.3562 148.7957 1167.4514 250.4301 1.5827 1.6471 4.0272 9.2338 1.0741 13.3118 -4.1088 -5.6608
Car -1 -1 -3.8519 0.0000 224.4005 28.3470 373.0000 1.2773 1.4755 3.2253 -6.3230 1.6920 5.3146 -4.7057 -5.7256
Car -1 -1 -3.6688 0.0000 191.0482 4.9869 373.0000 1.4942 1.6004 3.9542 -4.6598 1.5557 2.5813 -4.6974 -5.8867
Car -1 -1 -6.7858 0.0000 0.0000 1237.0000 373.0000 1.5380 1.5846 3.8014 -2.9028 1.6210 1.0471 -7.9391 -5.8867
Car -1 -1 -3.4358 0.0000 0.0000 1237.0000 373.0000 1.5196 1.6067 3.9603 -6.2703 1.6582 1.7824 -4.6967 -5.8867
Car -1 -1 -5.3605 0.0000 0.0000 1237.0000 373.0000 1.5003 1.6068 4.0566 40.2305 0.5341 -0.4672 -3.7896 -5.8867
