Car -1 -1 -3.1647 460.5143 174.7625 522.7770 197.0846 1.4698 1.6691 4.0864 -7.4100 1.0262 48.4839 -3.3205 -1.1477
Car -1 -1 -3.4661 580.5913 166.5636 644.4091 189.2153 1.5569 1.7541 4.1735 0.7870 0.5303 50.8506 -3.4556 -1.7883
Car -1 -1 -7.5309 659.0378 178.4588 724.6832 216.8407 1.3578 1.5029 3.3471 3.4619 1.2506 27.2462 -7.4108 -2.7919
Car -1 -1 -4.6833 757.7405 194.7029 795.9170 232.4060 1.6364 1.6901 3.5224 8.4300 2.3049 34.4409 -4.4504 -3.1643
Car -1 -1 -7.6608 522.7932 177.8147 566.4716 207.5080 1.3742 1.5560 3.1348 -2.7251 1.2039 34.8870 -7.7433 -3.5455
Car -1 -1 -4.2265 661.9804 178.6931 753.7917 222.1296 1.3771 1.5987 3.7062 3.7067 1.2886 24.7439 -4.0845 -3.5735
Car -1 -1 -8.1859 755.8992 139.9003 1016.9922 327.9112 1.8357 1.7149 3.7602 3.1418 1.4303 8.9003 -7.8614 -3.6608
Car -1 -1 -7.4981 658.2830 171.7601 703.9452 197.8772 1.4436 1.5812 3.3250 4.6430 0.9054 41.5457 -7.3925 -3.9037
Car -1 -1 -8.1319 660.6716 162.6860 691.1713 180.5148 1.6932 1.8200 4.4312 7.3426 -0.1008 70.8265 -8.0338 -3.9452
Car -1 -1 -4.0834 447.0688 176.4575 540.4257 219.3751 1.4791 1.6332 3.6068 -3.9510 1.3057 26.7325 -4.2339 -4.0151
Car -1 -1 -7.9326 315.9325 178.1013 351.4343 205.5780 1.4948 1.5888 3.8852 -15.3849 1.3101 41.1756 -8.2931 -4.2562
Car -1 -1 -7.4844 632.2887 176.0851 691.6126 209.7222 1.4049 1.5043 3.4216 2.7194 1.1790 31.8695 -7.4051 -4.2618
Car -1 -1 -7.6485 336.4404 179.7024 375.9960 204.3831 1.3641 1.4820 3.5618 -14.1384 1.2649 41.5628 -7.9795 -4.4202
Car -1 -1 -7.8389 767.8995 177.2078 835.3165 236.2780 1.3992 1.5570 3.7923 5.2711 1.2981 19.0523 -7.5778 -4.4819
Car -1 -1 -4.4137 512.4814 176.8658 561.9954 206.3250 1.4596 1.5360 3.8409 -3.3106 1.2302 37.6285 -4.5059 -4.7617
Car -1 -1 -4.1106 670.6417 181.9376 739.5843 213.0229 1.3346 1.4911 3.3248 4.7283 1.3558 32.6190 -3.9729 -4.8289
Car -1 -1 -5.3046 775.6700 195.5654 853.8163 234.8595 1.6132 1.7492 3.4863 9.6494 2.2933 32.7973 -5.0260 -4.9820
Car -1 -1 -2.7744 261.2620 179.2623 338.7807 207.1516 1.4986 1.6166 3.5885 -16.5165 1.3785 39.4629 -3.1734 -5.0151
Car -1 -1 -5.0307 519.1097 176.2368 567.1099 201.3153 1.4288 1.6128 4.2170 -3.5594 1.1291 43.1829 -5.1174 -5.0652
Car -1 -1 -2.9571 511.6590 158.2889 560.7182 178.6735 1.7021 1.6111 3.9410 -5.5132 -0.2450 61.2319 -3.0513 -5.0803
Car -1 -1 -4.8814 460.7611 176.9554 497.7835 201.6550 1.4604 1.6065 3.9234 -7.6210 1.1918 44.5909 -5.0547 -5.1226
Car -1 -1 -8.1840 498.4651 158.7951 530.2659 180.2179 1.8655 1.6671 3.8841 -7.8666 -0.1199 64.9179 -8.3089 -5.2455
Car -1 -1 -8.4874 633.8096 158.2406 681.1792 184.4621 1.8762 1.6283 3.6885 4.1453 0.2119 53.3916 -8.4151 -5.4323
Car -1 -1 -3.6292 1227.2396 84.0289 1237.0000 167.2026 1.7188 1.7644 3.6159 17.1746 -0.3592 16.6945 -2.8422 -5.7049
Car -1 -1 -8.5025 603.3589 155.3344 650.2631 177.6063 2.0298 1.8499 4.9753 2.4248 -0.3879 68.9304 -8.4722 -5.7056
Car -1 -1 -7.2053 755.8625 184.6186 873.3566 231.4155 1.3002 1.5126 3.7201 6.5120 1.4032 21.9050 -6.9248 -5.7511
Car -1 -1 -7.6323 784.3859 174.6088 919.1274 267.8279 1.3936 1.5493 3.3890 4.4409 1.2912 12.5888 -7.3050 -5.7679
Car -1 -1 -7.3814 350.9762 177.2378 409.7085 204.4679 1.4992 1.6304 3.9823 -12.7463 1.2647 41.6506 -7.6816 -5.7718
Car -1 -1 -5.1518 813.8799 166.3156 955.6588 228.4697 1.4368 1.6875 4.3777 7.1956 1.0864 18.8583 -4.7971 -5.7749
Car -1 -1 -4.6666 432.2413 176.7331 465.0245 204.4636 1.4627 1.6192 4.0525 -8.4684 1.2114 40.0219 -4.8788 -5.8293
Car -1 -1 -7.3413 1143.1752 99.4944 1237.0000 166.6115 1.6192 1.8511 4.0844 17.1096 -0.4384 19.6007 -6.6349 -5.8532
Car -1 -1 -5.7603 1182.1063 0.0000 1237.0000 373.0000 1.5351 1.6210 4.3295 4.6362 1.3220 2.5772 -4.7448 -5.8836
Car -1 -1 -6.7858 0.0000 0.0000 1237.0000 373.0000 1.5363 1.5848 3.8012 -2.9031 1.6131 1.0470 -7.9391 -5.8867
Car -1 -1 -3.7069 0.0000 193.1241 66.4010 373.0000 1.5035 1.6058 3.9595 -4.2676 1.5780 2.5706 -4.6976 -5.8867
Car -1 -1 -3.4556 0.0000 192.3144 0.0000 373.0000 1.4845 1.5989 3.9514 -7.0754 1.5481 2.1918 -4.6978 -5.8867
Car -1 -1 -7.3176 148.2290 0.0000 1237.0000 373.0000 1.5281 1.5851 3.8019 -0.9067 1.5550 1.0292 -7.9398 -5.8867
Car -1 -1 -5.9533 0.0000 0.0000 1237.0000 373.0000 1.4898 1.5980 3.9501 6.1799 1.4335 1.7142 -4.6975 -5.8867
Car -1 -1 -8.6538 0.0000 0.0000 756.9717 373.0000 1.5124 1.6056 3.9077 0.6988 1.4506 1.3259 -8.2492 -5.8867
Car -1 -1 -5.3605 0.0000 0.0000 1237.0000 373.0000 1.5003 1.6068 4.0566 40.2305 0.5341 -0.4672 -3.7896 -5.8867
Car -1 -1 -4.6345 439.9315 176.2385 471.3025 200.3862 1.4097 1.5907 4.0674 -8.8939 1.1027 44.0521 -4.8375 -5.9127
Car -1 -1 -8.2763 659.7963 156.8226 703.6682 182.9274 1.8727 1.6676 4.1954 5.9757 0.1024 53.7854 -8.1710 -5.9245
Car -1 -1 -7.5626 399.1729 179.8904 516.6361 256.7487 1.5770 1.7172 3.5072 -3.2123 1.5445 16.5674 -7.7567 -5.9951
Car -1 -1 -4.2367 107.2527 182.0552 282.7053 256.9165 1.4108 1.6943 3.8589 -8.5816 1.4249 15.5182 -4.7401 -6.0463
Car -1 -1 -7.9166 550.5351 158.5325 571.5832 179.0303 1.7026 1.5759 3.5090 -3.4779 -0.2196 61.9495 -7.9772 -6.2145
Car -1 -1 -7.9412 771.3708 163.8059 886.8218 241.1125 1.4338 1.9149 4.5500 4.7554 1.1062 15.7410 -7.6576 -6.9076
