Car -1 -1 -6.8638 472.6929 183.0965 566.5609 217.5517 1.4649 1.6115 4.0145 -3.6860 1.5419 32.6238 -6.9806 0.5469
Car -1 -1 -3.3392 513.5107 177.0457 563.2426 194.4375 1.4363 1.6525 3.9327 -5.3082 1.0683 60.6784 -3.4310 -1.3009
Car -1 -1 -4.1463 654.4739 175.0666 723.5815 208.2319 1.6064 1.6233 4.0394 4.5387 1.2950 36.8724 -4.0298 -1.8147
Car -1 -1 -3.4074 569.4710 173.9412 622.9971 192.1933 1.5394 1.7997 4.2973 -0.4311 0.9017 62.0391 -3.4192 -2.0242
Car -1 -1 -7.4694 561.0381 177.3342 606.0629 201.1951 1.4987 1.5974 3.9909 -1.1201 1.2371 47.2678 -7.4980 -2.0408
Car -1 -1 -8.0518 685.4660 167.1402 771.3491 233.2238 1.7473 1.7225 3.6418 3.5460 1.3681 20.8447 -7.8906 -2.2736
Car -1 -1 -7.9889 660.6306 180.0484 706.4768 210.9046 1.3531 1.5909 3.7767 3.7467 1.2898 33.4115 -7.8832 -3.1421
Car -1 -1 -6.3165 651.9476 175.5585 730.5591 204.7778 1.5701 1.6794 4.2136 4.9037 1.2510 39.6126 -6.1992 -3.7346
Car -1 -1 -8.7435 918.2153 166.9249 1045.4801 211.6733 1.5001 1.6097 3.9521 13.7270 1.0119 26.2136 -8.2703 -3.8899
Car -1 -1 -7.6038 1143.3055 109.5610 1237.0000 373.0000 1.5214 1.6074 3.8463 4.3056 1.3671 3.0556 -6.6955 -4.2270
Car -1 -1 -3.9386 867.1907 167.8233 980.1741 212.9693 1.3650 1.4621 3.2476 10.2873 0.9519 23.0070 -3.5274 -4.2717
Car -1 -1 -5.4940 936.5107 159.9234 1190.3113 248.4211 1.4166 1.5729 4.0984 8.4358 1.0719 13.6768 -4.9550 -4.3340
Car -1 -1 -7.8341 520.2475 177.2348 565.9232 219.5044 1.6010 1.7282 4.1555 -2.3703 1.4398 29.3367 -7.9191 -4.3390
Car -1 -1 -7.8282 405.3808 176.1410 429.7725 197.0249 1.4140 1.5886 3.3568 -12.8710 1.0512 50.4523 -8.0817 -4.3761
Car -1 -1 -6.1949 650.7595 175.7439 718.9136 201.9856 1.5076 1.6016 3.8813 4.9460 1.1770 42.4370 -6.0846 -4.4236
Car -1 -1 -6.9507 0.0000 0.0000 1237.0000 373.0000 1.5131 1.6559 3.4789 3.6761 1.6070 1.3677 -5.8033 -4.6268
Car -1 -1 -4.5015 617.4136 176.5121 646.1605 195.0575 1.4751 1.5733 4.0762 2.5659 1.0782 59.3061 -4.4634 -4.6908
Car -1 -1 -8.7348 0.0000 0.0000 1237.0000 373.0000 1.4341 1.4358 3.5217 1.7512 1.3534 0.4280 -7.5464 -4.8121
Car -1 -1 -4.7513 634.0783 178.6779 668.4783 209.7525 1.4711 1.5429 3.5709 2.4318 1.3378 35.8107 -4.6891 -4.8318
Car -1 -1 -6.4411 562.4339 173.1862 641.4266 204.4804 1.6582 1.6298 4.0984 -0.0038 1.2179 39.1998 -6.4463 -4.9795
Car -1 -1 -8.5050 878.5764 150.9292 945.2039 180.5492 1.8027 1.8062 4.0629 19.8276 -0.0639 46.0526 -8.1053 -5.0845
Car -1 -1 -2.1139 412.6408 181.8914 501.1572 218.3003 1.4378 1.6214 4.4230 -6.2374 1.4559 30.5854 -2.3185 -5.1161
Car -1 -1 -4.4520 660.1544 178.1105 704.4909 202.3933 1.4367 1.7950 3.9858 5.0820 1.2363 44.6832 -4.3445 -5.1568
Car -1 -1 -6.2569 0.0000 0.0000 1237.0000 373.0000 1.6325 1.5492 3.5645 -3.1245 1.6364 0.6733 -7.5426 -5.5535
Car -1 -1 -5.3955 1109.2704 201.8977 1237.0000 372.1322 1.1978 1.6334 3.3135 6.9347 1.4504 7.1670 -4.6502 -5.6354
Car -1 -1 -7.2317 1053.3992 167.9749 1237.0000 373.0000 1.4051 1.5971 3.6373 5.1496 1.3372 4.7067 -6.4343 -5.8222
Car -1 -1 -4.9429 1095.7217 143.1876 1237.0000 270.7142 1.6078 1.6703 4.2687 9.1971 1.1254 11.3439 -4.2780 -5.8400
Car -1 -1 -4.9584 888.1818 176.1494 957.7098 217.5917 1.4224 1.4432 3.7177 11.7905 1.2391 26.6057 -4.5500 -5.8588
Car -1 -1 -4.8742 587.3651 176.8160 616.0685 195.5232 1.4221 1.5797 4.2544 0.0038 1.0660 56.8372 -4.8791 -5.9853
Car -1 -1 -3.3530 544.0835 225.0943 1237.0000 373.0000 1.4823 1.7938 3.7606 1.6553 1.8017 4.0931 -2.9973 -6.6980
Car -1 -1 -8.6036 620.3792 168.5299 670.4366 196.7250 1.8840 1.5475 3.4065 3.0310 1.0174 49.8045 -8.5481 -7.9307
