Car -1 -1 -7.6604 524.3113 175.5428 569.4178 206.1920 1.3415 1.4974 3.2169 -2.4826 1.0810 33.1239 -7.7397 0.4594
Car -1 -1 -8.2898 799.3052 131.2262 1192.4818 373.0000 1.7694 1.6261 3.8630 3.2463 1.4192 6.9607 -7.8734 -0.5764
Car -1 -1 -3.2735 455.9099 170.2341 521.2143 194.6523 1.5393 1.6659 4.0004 -7.3352 0.8292 46.6557 -3.4335 -1.0667
Car -1 -1 -3.3887 530.6395 165.8435 597.8944 189.0768 1.5075 1.7828 4.1831 -2.4905 0.4917 48.0841 -3.4450 -2.3099
Car -1 -1 -7.8604 324.0085 178.9391 422.2260 271.6852 1.4890 1.5346 3.1283 -4.2574 1.4485 13.2576 -8.1710 -2.8367
Car -1 -1 -2.8288 442.3500 173.4564 547.0566 217.2973 1.4907 1.5540 3.3589 -3.7721 1.2176 25.4627 -2.9795 -3.0836
Car -1 -1 -7.5485 685.0568 176.9879 765.7462 223.2209 1.3603 1.5813 3.5413 4.0217 1.2280 23.0719 -7.3830 -3.4840
Car -1 -1 -7.5975 679.2750 176.6609 742.3621 217.9352 1.3509 1.5194 2.8755 3.8464 1.1929 25.1305 -7.4523 -3.7125
Car -1 -1 -5.9528 477.8064 157.9027 530.4321 180.8553 1.5689 1.5330 3.3323 -6.7782 -0.0461 50.2328 -6.0910 -3.8020
Car -1 -1 -8.6506 1043.4646 182.5212 1237.0000 373.0000 1.5001 1.5081 3.4767 3.1052 1.5067 2.3301 -7.7819 -4.3257
Car -1 -1 -7.9716 866.7059 181.8705 1044.6311 304.7073 1.3511 1.6195 3.9999 4.6490 1.3580 10.0633 -7.5542 -4.6765
Car -1 -1 -7.8027 657.0848 172.1030 700.7062 208.5291 1.4325 1.6591 3.6866 3.2899 1.0633 30.1983 -7.7002 -5.0226
Car -1 -1 -8.0730 613.4863 161.9771 651.4902 186.6339 1.6622 1.7500 4.3459 2.1521 0.3461 50.7198 -8.0357 -5.1349
Car -1 -1 -2.5165 495.5781 162.3516 544.3814 180.3279 1.4795 1.7884 3.7875 -6.9003 -0.1026 61.0476 -2.6333 -5.2404
Car -1 -1 -4.6974 455.0050 173.1455 486.8678 204.1826 1.6613 1.6847 4.4647 -7.3868 1.2143 40.7912 -4.8805 -5.2698
Car -1 -1 -5.8271 0.0000 181.1172 0.0000 362.3790 1.4599 1.5104 3.5922 -8.9102 1.4576 7.2105 -6.7054 -5.3380
Car -1 -1 -5.8340 1231.1219 124.3752 1237.0000 373.0000 1.4292 1.5445 3.7419 4.5445 1.3934 2.3905 -4.7974 -5.3697
Car -1 -1 -2.2872 0.0000 190.0502 24.5217 373.0000 1.4161 1.5777 4.2016 -6.5165 1.4826 4.5597 -3.2264 -5.3813
Car -1 -1 -7.1002 1237.0000 153.3489 1237.0000 373.0000 1.4655 1.5904 4.0281 7.1798 1.3166 4.8646 -6.1550 -5.4370
Car -1 -1 -7.9084 632.0856 163.9328 654.2673 182.3953 1.6831 1.8507 3.7782 3.9221 0.0813 67.3763 -7.8553 -5.4670
Car -1 -1 -6.9935 84.7430 185.6227 322.7138 275.7069 1.4221 1.7147 3.6931 -7.3135 1.5121 13.5564 -7.4857 -5.6273
Car -1 -1 -5.6853 0.0000 193.6885 0.0000 373.0000 1.6187 1.6061 3.8401 -8.0906 1.7416 5.8146 -6.6174 -5.6891
Car -1 -1 -8.0282 802.3270 173.1560 949.3533 262.0501 1.4578 1.8247 4.5327 5.1255 1.3216 14.1642 -7.6922 -5.7874
Car -1 -1 -4.5276 423.8411 173.5838 471.4051 204.1043 1.4712 1.6425 4.2451 -7.8109 1.0898 36.7710 -4.7405 -5.8005
Car -1 -1 -5.8445 1237.0000 103.0443 1237.0000 373.0000 1.4601 1.5841 3.9597 6.2131 1.4023 2.5259 -4.7010 -5.8336
Car -1 -1 -8.0728 521.0112 156.6896 549.9402 178.3557 1.8406 1.7033 4.0423 -5.8650 -0.2893 63.8477 -8.1687 -5.8516
Car -1 -1 -7.0778 67.8220 0.0000 1237.0000 373.0000 1.4731 1.5898 3.8390 -1.6820 1.4739 1.4072 -7.8744 -5.8867
Car -1 -1 -3.4787 0.0000 0.0000 1237.0000 373.0000 1.5053 1.6013 3.9570 -5.4664 1.6117 1.7810 -4.6972 -5.8867
Car -1 -1 -8.4283 0.0000 0.0000 934.8793 373.0000 1.5323 1.5849 3.8035 0.7013 1.5532 1.0222 -7.9398 -5.8867
Car -1 -1 -6.7372 0.0000 0.0000 1237.0000 373.0000 1.5283 1.5827 3.7996 -3.3186 1.5898 1.0409 -7.9397 -5.8867
Car -1 -1 -5.6382 0.0000 0.0000 1237.0000 373.0000 1.5209 1.6625 4.0203 41.4653 0.6658 1.9374 -4.1253 -5.8867
Car -1 -1 -4.7895 429.5714 173.6046 464.4731 200.1568 1.4412 1.6242 4.0658 -8.8939 1.0129 41.1720 -5.0059 -5.8867
Car -1 -1 -3.4557 0.0000 188.9135 0.0000 373.0000 1.4768 1.5966 3.9489 -7.0755 1.5206 2.1920 -4.6978 -5.8867
Car -1 -1 -7.7330 589.6027 156.4243 614.9143 177.8271 1.8647 1.7571 5.0423 0.1523 -0.3516 66.0883 -7.7354 -6.1927
Car -1 -1 -5.6938 507.3239 164.4979 560.4537 183.7692 1.4785 1.6405 3.9263 -5.3241 0.1740 56.7607 -5.7917 -6.3257
Car -1 -1 -3.7589 0.0000 182.7336 123.0918 315.7986 1.5581 1.5795 3.6225 -9.2056 1.5799 10.3923 -4.4768 -6.5127
Car -1 -1 -6.2403 594.9603 171.4247 644.3328 186.4419 1.2722 1.5740 4.1886 1.6165 0.4185 61.7739 -6.2192 -6.8778
Car -1 -1 -7.7209 546.8210 164.7145 571.8456 182.1008 1.4304 1.6975 3.3903 -3.5115 0.0493 60.8514 -7.7831 -8.0246
