Car -1 -1 -7.9382 648.2190 173.5551 680.9166 199.1850 1.3874 1.5268 3.4982 3.5290 0.9575 40.6371 -7.8571 0.3172
Car -1 -1 -7.9903 667.3978 160.0749 728.5151 213.2870 1.8330 1.7121 3.7423 3.4754 1.0954 26.6263 -7.8668 -0.7686
Car -1 -1 -7.9628 640.3147 171.0092 670.9396 194.6805 1.4730 1.5728 3.5791 3.4779 0.8203 46.5203 -7.8935 -0.8413
Car -1 -1 -8.0036 541.2483 169.1028 563.6664 185.4920 1.5035 1.5820 3.5405 -4.6102 0.3659 67.7998 -8.0761 -1.2846
Car -1 -1 -7.9168 534.8599 175.7558 572.5149 207.5000 1.4345 1.5420 3.7159 -2.3444 1.1752 34.4066 -7.9894 -1.3447
Car -1 -1 -7.9947 573.3433 169.8669 595.3505 184.9662 1.3990 1.5994 3.5113 -1.6144 0.3208 68.4204 -8.0231 -2.2285
Car -1 -1 -8.4441 791.9854 147.9947 873.1443 184.1054 1.6806 1.6786 4.3481 11.3904 0.1215 35.7551 -8.1426 -2.7419
Car -1 -1 -7.6896 503.1167 174.0541 544.8822 203.8618 1.5296 1.6431 3.9240 -4.1394 1.1477 38.8659 -7.8000 -2.7815
Car -1 -1 -2.9323 489.9637 177.1445 568.8204 209.4241 1.4236 1.5048 3.3258 -3.2529 1.2318 32.6033 -3.0360 -2.8737
Car -1 -1 -6.3322 655.2334 170.7068 738.4587 201.0886 1.5793 1.7362 4.3125 5.0307 1.0185 38.3696 -6.2077 -3.1372
Car -1 -1 -7.6521 560.1910 168.4386 594.2555 193.0497 1.7524 1.7142 4.3555 -1.7377 0.8223 53.4371 -7.6894 -3.6821
Car -1 -1 -4.2664 517.6537 174.8366 567.6808 200.5708 1.5204 1.5643 3.9298 -3.5878 1.1268 44.5547 -4.3513 -3.9604
Car -1 -1 -7.7007 635.8523 168.3144 667.9807 192.8770 1.6430 1.6629 4.0453 3.5795 0.7610 50.2051 -7.6348 -4.0605
Car -1 -1 -8.2389 452.8510 175.2290 509.4462 204.7206 1.4889 1.6238 3.8749 -6.4743 1.1725 38.3405 -8.4101 -4.3941
Car -1 -1 -8.0977 754.6634 151.0621 792.0355 174.9481 1.7012 1.7758 4.1440 12.9809 -0.5153 54.3917 -7.8692 -4.4145
Car -1 -1 -4.2438 26.6417 191.5080 172.6440 261.1651 1.5361 1.5551 3.6501 -12.6257 1.8182 18.3019 -4.8464 -4.5314
Car -1 -1 -6.6797 856.0382 143.5617 969.7766 183.3244 1.4936 1.6480 3.6864 11.9714 0.0689 27.8098 -6.2814 -4.5398
Car -1 -1 -3.7697 0.0000 222.3357 143.9571 373.0000 1.3258 1.6821 3.9161 -7.2976 1.8844 7.7308 -4.5155 -4.5768
Car -1 -1 -3.9134 0.0000 186.1315 100.6662 277.1432 1.5707 1.6836 4.5125 -13.0105 1.6826 14.9528 -4.6261 -4.6082
Car -1 -1 -4.4002 166.7428 178.6063 286.6431 248.2452 1.5102 1.5505 3.5669 -8.9896 1.4480 17.4635 -4.8748 -4.6570
Car -1 -1 -7.1771 0.0000 204.5636 33.3994 305.3255 1.3274 1.5028 3.5789 -11.7106 1.7775 12.1545 -7.9386 -4.6626
Car -1 -1 -5.1635 788.6854 153.3167 870.0420 191.1978 1.5451 1.7030 4.1984 9.8706 0.3959 31.5053 -4.8671 -4.6788
Car -1 -1 -5.1889 810.5620 147.8577 893.9808 188.6174 1.7053 1.6682 4.4155 11.1664 0.2981 32.3623 -4.8640 -4.7809
Car -1 -1 -4.7642 566.1630 175.1195 599.6863 202.8615 1.4077 1.5700 3.7761 -1.0379 1.0842 38.3986 -4.7961 -5.0035
Car -1 -1 -3.7118 66.4420 185.0517 245.2167 258.7497 1.6333 1.7584 3.4001 -11.0695 1.7323 18.0170 -4.2617 -5.0479
Car -1 -1 -3.9559 0.0000 214.5659 143.5284 373.0000 1.3147 1.5033 3.4121 -6.2106 1.7046 6.7331 -4.6878 -5.0568
Car -1 -1 -6.4550 565.9822 169.0223 622.4313 195.2733 1.6083 1.5557 3.3191 -0.4679 0.8439 45.0815 -6.4702 -5.1838
Car -1 -1 -5.3701 839.1561 160.9190 918.7976 196.4530 1.5292 1.6146 3.4222 12.5761 0.6438 32.7867 -5.0115 -5.2731
Car -1 -1 -7.9809 633.2215 167.0918 659.9749 190.0576 1.7373 1.6356 3.4896 3.5180 0.6473 56.1391 -7.9235 -5.3177
Car -1 -1 -4.7648 537.6879 173.1350 574.2262 201.7084 1.4419 1.6858 4.6826 -2.5108 1.0200 38.6765 -4.8342 -5.5217
Car -1 -1 -4.2977 1237.0000 68.6820 1237.0000 373.0000 1.4819 1.5933 3.9703 4.9781 1.2479 2.4731 -3.2350 -5.8587
Car -1 -1 -6.7856 0.0000 0.0000 1237.0000 373.0000 1.5382 1.5858 3.8017 -2.9032 1.6191 1.0465 -7.9391 -5.8867
Car -1 -1 -3.5036 0.0000 192.5981 0.0000 373.0000 1.5101 1.6083 3.9574 -7.0718 1.5816 2.5906 -4.6963 -5.8867
Car -1 -1 -9.1171 0.0000 0.0000 1237.0000 373.0000 1.5218 1.5843 3.7978 3.1130 1.4923 1.0079 -7.9398 -5.8867
Car -1 -1 -2.6587 95.9098 194.7812 314.9355 273.0414 1.3929 1.5771 3.3594 -7.5660 1.6650 13.8729 -3.1557 -5.8992
Car -1 -1 -7.5637 1123.5637 141.7184 1237.0000 373.0000 1.3689 1.7950 4.0367 5.1978 1.2283 4.2041 -6.7084 -6.1446
