Car -1 -1 -5.3200 640.5641 173.0409 728.9867 212.5991 1.5298 1.6219 4.0332 3.3701 1.2030 29.9377 -5.2140 -1.3939
Car -1 -1 -3.2907 473.5995 174.6766 532.7741 195.6253 1.4283 1.6539 3.9000 -6.8817 0.9631 50.3264 -3.4309 -1.5092
Car -1 -1 -6.6664 591.4936 168.6101 652.6309 190.4985 1.5628 1.6858 4.1642 1.5289 0.6424 52.8082 -6.6425 -1.9037
Car -1 -1 -6.5838 538.2236 169.5651 600.5017 191.4273 1.5268 1.7151 4.1526 -2.2983 0.6933 51.6829 -6.6329 -2.0461
Car -1 -1 -8.1242 732.0264 155.9148 919.8486 301.7048 1.8115 1.6633 3.6042 3.0720 1.4942 10.7304 -7.8575 -2.5130
Car -1 -1 -7.3560 307.9333 166.5979 369.1276 194.9346 1.4863 1.6649 3.5809 -14.4167 0.7049 39.5710 -7.7081 -3.2222
Car -1 -1 -7.7876 530.3863 179.4411 563.4545 206.4532 1.3236 1.4872 3.4480 -2.7711 1.2229 36.9320 -7.8670 -3.5891
Car -1 -1 -4.3371 646.7404 174.5115 713.3383 209.0625 1.5086 1.6537 4.3181 3.7417 1.2038 33.6624 -4.2324 -4.0663
Car -1 -1 -6.2978 713.1025 174.5813 846.3242 224.9332 1.4434 1.6381 3.7798 5.3184 1.2455 21.7981 -6.0665 -4.2115
Car -1 -1 -4.7250 599.6217 161.7453 618.7994 178.8702 1.5972 1.7832 4.6269 0.7673 -0.2653 70.0326 -4.7188 -4.2940
Car -1 -1 -7.3311 530.5726 174.2078 581.3973 200.1350 1.5936 1.6891 3.6188 -2.8704 1.1455 46.1493 -7.3979 -4.4084
Car -1 -1 -8.3600 461.8650 162.2963 511.3645 187.6724 1.8284 1.7674 4.3594 -8.6574 0.4447 54.0165 -8.5230 -4.4868
Car -1 -1 -7.2876 532.6027 176.3758 590.5424 204.7846 1.4999 1.4653 3.7063 -2.1671 1.2295 39.9005 -7.3465 -4.7450
Car -1 -1 -8.5205 0.0000 0.0000 1234.5610 373.0000 1.3741 1.5096 3.4978 1.5609 1.4678 1.2743 -7.7354 -4.8518
Car -1 -1 -4.6712 798.9745 166.2889 887.1094 234.2436 1.4796 1.8567 4.4372 6.0863 1.1490 18.0437 -4.3555 -4.8969
Car -1 -1 -4.8075 630.7177 164.8758 650.4528 181.9887 1.6469 1.6118 3.3603 3.8798 0.0467 70.8447 -4.7578 -5.1228
Car -1 -1 -4.7824 466.7206 176.8686 496.5966 202.8383 1.5531 1.5554 3.9079 -7.5426 1.2763 45.0435 -4.9524 -5.2173
Car -1 -1 -7.4543 1237.0000 180.5838 1237.0000 373.0000 1.3081 1.5060 3.1577 4.9269 1.3061 3.2768 -6.5122 -5.2302
Car -1 -1 -7.8872 497.4696 173.7219 523.3868 198.1872 1.5217 1.5272 3.5811 -5.9239 1.0380 46.5707 -8.0180 -5.2398
Car -1 -1 -4.7983 519.9856 174.6099 558.3245 204.0692 1.5810 1.7474 4.7580 -3.6193 1.2114 41.0469 -4.8907 -5.3849
Car -1 -1 -8.0588 279.3167 183.0095 373.6194 242.7757 1.3522 1.6214 2.9945 -6.9924 1.3941 18.0342 -8.4291 -5.4209
Car -1 -1 -7.8512 439.3863 185.4993 517.6709 250.7245 1.4469 1.7531 3.5566 -3.1252 1.5585 18.0687 -8.0255 -5.5758
Car -1 -1 -7.5855 448.7392 174.9539 495.6655 203.1689 1.5066 1.6255 3.9327 -7.2073 1.1572 40.3866 -7.7660 -5.5779
Car -1 -1 -5.0041 446.2472 176.5555 486.9946 198.2555 1.4246 1.6434 4.0202 -9.2859 1.1000 49.3192 -5.1942 -5.5891
Car -1 -1 -7.7326 611.3835 173.1332 655.8464 210.4576 1.4548 1.4591 3.4140 1.3649 1.1290 29.8001 -7.6923 -5.7241
Car -1 -1 -4.8059 661.3890 177.8751 713.0272 222.1717 1.4132 1.4215 3.2313 2.8459 1.2980 24.5433 -4.6969 -5.8145
Car -1 -1 -4.6260 443.0964 177.0423 474.4030 200.8425 1.4164 1.5922 4.0254 -8.8577 1.1512 44.8390 -4.8249 -5.8655
Car -1 -1 -5.2962 0.0000 171.2627 151.0479 281.9745 1.5433 1.5710 3.5754 -9.2038 1.4013 11.3065 -5.9736 -5.8695
Car -1 -1 -6.7856 0.0000 0.0000 1237.0000 373.0000 1.5394 1.5863 3.8020 -2.9032 1.6235 1.0463 -7.9391 -5.8867
Car -1 -1 -3.4242 0.0000 196.0574 0.0000 373.0000 1.4888 1.5989 3.9525 -7.8788 1.5743 2.1963 -4.6977 -5.8867
Car -1 -1 -3.4942 0.0000 194.3095 0.0000 373.0000 1.4928 1.6006 3.9547 -6.2709 1.5681 2.1888 -4.6978 -5.8867
Car -1 -1 -5.3605 0.0000 0.0000 1237.0000 373.0000 1.5003 1.6068 4.0566 40.2305 0.5341 -0.4672 -3.7896 -5.8867
Car -1 -1 -6.6566 0.0000 0.0000 1237.0000 373.0000 1.4829 1.5932 3.8407 -4.4948 1.5433 1.4215 -7.8745 -5.8867
Car -1 -1 -4.3272 425.8769 177.1253 478.0430 203.3661 1.4301 1.6211 3.8241 -8.5064 1.1918 41.1729 -4.5347 -5.8867
Car -1 -1 -3.8227 0.0000 186.1495 25.0671 343.9333 1.4324 1.6338 3.8899 -9.4370 1.5019 8.6358 -4.6428 -5.8867
Car -1 -1 -7.1481 53.4644 0.0000 1237.0000 373.0000 1.5372 1.5835 3.8016 -1.2946 1.6001 1.0408 -7.9391 -5.8867
Car -1 -1 -8.6155 1222.2133 107.2544 1237.0000 173.4256 1.6004 1.7811 3.9714 19.7237 -0.2451 19.8551 -7.8447 -5.9005
Car -1 -1 -5.5175 0.0000 195.2757 0.0000 373.0000 1.4571 1.6207 4.0342 -8.7612 1.6038 6.5014 -6.4363 -5.9201
Car -1 -1 -7.0436 1111.4287 112.6021 1237.0000 161.7513 1.4506 1.6739 3.8572 18.7730 -0.6595 23.0052 -6.3694 -6.1330
Car -1 -1 -3.8889 0.0000 180.4567 227.7348 278.5803 1.5859 1.6180 3.7189 -9.1790 1.5696 13.6060 -4.4789 -6.3152
Car -1 -1 -4.8168 191.0864 169.8204 309.2046 252.1960 1.5807 1.9146 4.2892 -8.0224 1.3571 16.1076 -5.2777 -6.4268
Car -1 -1 -8.0622 724.8960 168.7260 851.6082 237.6369 1.4779 2.0141 4.6803 4.3769 1.2045 17.7704 -7.8293 -6.7387
Car -1 -1 -7.3013 642.0734 162.9881 675.9568 184.6713 2.0687 1.6259 3.7032 5.7167 0.3022 70.5102 -7.2255 -7.6257
