Car -1 -1 -3.5227 627.3644 158.9300 715.9893 196.8772 1.7588 1.7296 3.8926 3.3629 0.7130 34.6798 -3.4317 -1.3339
Car -1 -1 -3.2839 898.0388 173.0684 1011.8001 211.7880 1.4667 1.6182 3.8512 13.9259 1.1477 28.5577 -2.8388 -2.7671
Car -1 -1 -4.7393 415.9077 184.4502 471.4737 237.1519 1.5332 1.6135 3.9959 -5.2023 1.6380 23.2715 -4.9622 -3.1075
Car -1 -1 -6.5773 680.8362 281.4561 1237.0000 373.0000 1.4341 1.5781 3.5817 2.2259 2.1146 3.7483 -6.0785 -3.4543
Car -1 -1 -2.9679 568.6891 149.2189 658.5751 183.3101 1.6484 1.7228 4.2732 0.6295 0.0878 35.9760 -2.9553 -3.9401
Car -1 -1 -8.0361 634.7997 150.9354 676.8354 182.5925 1.5426 1.5027 3.5679 2.7329 0.0535 36.8603 -7.9673 -4.2615
Car -1 -1 -7.9435 773.2401 168.9337 907.0599 283.8584 1.6128 1.7059 3.6104 3.7695 1.4371 12.0207 -7.6513 -4.7779
Car -1 -1 -4.9694 868.5869 183.0786 935.8592 221.4489 1.3969 1.5669 3.4357 11.6619 1.4629 28.1027 -4.5845 -4.8375
Car -1 -1 -9.0659 0.0000 0.0000 1237.0000 373.0000 1.4437 1.4835 3.5203 2.2946 1.5043 0.4732 -7.8115 -4.9044
Car -1 -1 -7.9150 701.7383 166.9517 767.9489 225.9450 1.6797 1.7286 4.5400 4.0979 1.2659 22.8033 -7.7444 -5.0154
Car -1 -1 -7.8455 694.9827 144.3090 731.3399 183.9233 1.9026 1.7318 3.9344 5.6790 0.1166 36.5789 -7.6973 -5.0589
Car -1 -1 -7.8546 411.3379 177.4427 458.6132 221.3370 1.5958 1.6873 3.9856 -6.5728 1.4486 28.2482 -8.0864 -5.1963
Car -1 -1 -8.8501 0.0000 0.0000 1237.0000 373.0000 1.4242 1.5427 3.7432 4.0644 1.5461 1.2766 -7.6470 -5.2473
Car -1 -1 -7.7000 245.8977 183.0639 318.2082 230.5719 1.4053 1.6022 3.6932 -10.3184 1.4609 23.3701 -8.1168 -5.3025
Car -1 -1 -7.8803 707.6575 163.6825 763.8013 213.6226 1.7185 1.9093 4.0130 4.9125 1.1058 26.8435 -7.7061 -5.3710
Car -1 -1 -7.7044 199.8703 188.5417 300.6438 258.8130 1.4116 1.5817 3.6034 -8.1016 1.5957 16.7755 -8.1536 -5.4453
Car -1 -1 -4.7550 988.1174 169.2101 1102.5978 263.0300 1.4590 1.5314 3.8038 7.9583 1.2685 13.2099 -4.2267 -5.6461
Car -1 -1 -3.7434 0.0000 194.8546 349.9202 373.0000 1.4002 1.6567 3.8085 -2.6667 1.4836 2.4261 -4.5313 -5.8078
Car -1 -1 -3.4941 0.0000 197.0341 0.0000 373.0000 1.4958 1.5989 3.9537 -6.2702 1.5869 2.1890 -4.6977 -5.8867
Car -1 -1 -6.6566 0.0000 0.0000 1237.0000 373.0000 1.4965 1.5944 3.8439 -4.4936 1.5980 1.4223 -7.8743 -5.8867
Car -1 -1 -5.3605 0.0000 0.0000 1237.0000 373.0000 1.5003 1.6068 4.0566 40.2305 0.5341 -0.4672 -3.7896 -5.8867
Car -1 -1 -7.2124 155.3353 0.0000 1237.0000 373.0000 1.4896 1.5929 3.8423 -1.2781 1.5365 1.4069 -7.8744 -5.8867
Car -1 -1 -5.6238 1237.0000 0.0000 1237.0000 373.0000 1.5405 1.6694 4.0267 41.4658 0.6939 2.3483 -4.1208 -5.8867
Car -1 -1 -4.5816 235.6537 183.0267 300.6172 226.9872 1.4718 1.6517 4.0543 -12.1655 1.5328 26.3812 -5.0151 -5.8867
Car -1 -1 -4.1768 97.4406 182.5055 263.1212 252.7365 1.4706 1.5887 3.9439 -9.8256 1.4978 17.0811 -4.6975 -5.8867
Car -1 -1 -4.1415 16.3488 184.4986 239.7293 277.8789 1.4796 1.5889 3.9353 -8.6206 1.5447 13.4800 -4.7071 -5.8867
Car -1 -1 -4.6622 1028.7203 168.0548 1051.3398 184.5026 1.5156 1.6627 4.0396 41.7793 0.2764 68.3338 -4.1200 -5.8867
Car -1 -1 -8.2133 0.0000 0.0000 907.8481 373.0000 1.4896 1.5788 3.8974 0.2927 1.5488 0.5550 -7.8857 -5.8867
Car -1 -1 -4.2111 157.3975 184.0178 277.7401 237.0520 1.4883 1.5915 3.9485 -11.7991 1.5740 22.3324 -4.6976 -5.8867
Car -1 -1 -9.1417 0.0000 0.0000 1237.0000 373.0000 1.4678 1.5867 3.8322 5.5504 1.3509 1.3691 -7.8621 -5.8867
Car -1 -1 -4.5345 192.1142 182.7762 284.8860 240.0228 1.4403 1.6499 4.0109 -10.1622 1.4807 20.3250 -4.9982 -5.8867
Car -1 -1 -7.3684 1001.6842 164.2120 1041.2238 180.4802 1.5422 1.6677 4.0140 41.0362 -0.1024 70.0961 -6.8453 -5.8867
Car -1 -1 -7.3161 187.3562 176.9033 227.8801 193.0532 1.5577 1.6787 4.0983 -39.0230 1.1140 71.3597 -7.8199 -5.8867
Car -1 -1 -3.5146 0.0000 192.3677 0.0000 373.0000 1.4794 1.5906 3.9454 -7.8738 1.5556 3.0021 -4.6976 -5.8867
Car -1 -1 -7.6064 376.7386 151.3629 434.8532 187.7578 1.6074 1.7027 4.0567 -9.1274 0.2767 33.7703 -7.8732 -6.1746
Car -1 -1 -3.8835 0.0000 187.4039 184.8287 324.2694 1.4673 1.6066 3.9253 -7.9683 1.5666 9.9447 -4.5518 -6.2506
Car -1 -1 -4.1695 0.0000 284.2758 261.6593 373.0000 1.3978 1.6290 2.8727 -3.5543 2.2585 4.4965 -4.8184 -6.9619
