Car -1 -1 -7.9779 647.7486 165.8706 700.4171 211.4505 1.7600 1.6752 3.7501 2.9110 1.1569 29.6389 -7.8859 0.8879
Car -1 -1 -4.8074 628.7241 174.3571 661.4083 199.3856 1.4600 1.5920 4.0149 2.6261 1.0435 43.9414 -4.7530 -0.8994
Car -1 -1 -3.2787 543.2331 176.9445 588.7244 193.4079 1.5792 1.6435 4.2442 -3.4334 1.1419 70.1131 -3.3324 -1.1648
Car -1 -1 -8.3057 603.2845 165.1092 643.1445 185.8702 1.6434 1.6682 4.0183 1.7728 0.3458 59.0365 -8.2807 -1.4813
Car -1 -1 -4.8629 779.3021 166.1117 806.1204 184.3331 1.4965 1.6437 3.6416 16.2052 0.2325 60.8912 -4.6087 -2.1964
Car -1 -1 -3.4477 719.3047 165.6763 800.0243 193.9071 1.5573 1.6319 4.1574 8.9144 0.6846 40.6388 -3.2380 -2.2933
Car -1 -1 -6.2980 613.2286 174.7558 679.7586 200.3023 1.4321 1.6109 3.7302 2.5578 1.0542 41.1529 -6.2413 -2.3914
Car -1 -1 -7.8896 691.8219 170.5014 735.8272 210.0886 1.5401 1.6333 4.0550 4.6192 1.1126 30.0518 -7.7435 -3.0090
Car -1 -1 -5.5241 768.0318 157.0942 850.1670 192.3071 1.7436 1.7318 4.0498 10.8327 0.5354 37.7516 -5.2514 -3.1022
Car -1 -1 -5.0534 524.9244 174.3877 554.7418 189.9010 1.4872 1.6887 3.9696 -6.0792 0.8050 71.0209 -5.1434 -3.5091
Car -1 -1 -6.7192 776.0065 166.0847 858.5043 194.9362 1.6039 1.6703 4.2066 12.3096 0.7471 41.0754 -6.4348 -3.5700
Car -1 -1 -7.7253 549.9880 174.3608 576.1998 193.7628 1.4642 1.6013 3.6992 -2.9426 0.9253 56.1125 -7.7824 -3.5763
Car -1 -1 -7.8302 398.7802 181.0458 455.0829 237.4658 1.4959 1.4633 3.5619 -5.0750 1.4843 20.9417 -8.0704 -3.5775
Car -1 -1 -7.8227 753.5652 158.7507 789.3876 195.1641 1.7566 1.6893 3.8444 8.7266 0.6594 36.7278 -7.5960 -3.9100
Car -1 -1 -4.6393 589.7162 177.8187 609.9343 193.5461 1.5182 1.7483 3.9017 -0.0914 1.1625 71.3476 -4.6455 -4.1330
Car -1 -1 -4.6435 604.9359 177.1118 625.0113 191.8861 1.4326 1.7588 3.9041 1.4193 1.0067 71.6702 -4.6287 -4.2369
Car -1 -1 -7.6893 515.4526 175.1881 559.3897 206.2255 1.5295 1.6496 4.1212 -3.2894 1.2187 37.5141 -7.7812 -4.3780
Car -1 -1 -7.2972 495.5084 175.9326 554.9612 209.0949 1.4919 1.4647 2.9535 -3.5735 1.2417 33.9646 -7.4063 -4.8428
Car -1 -1 -4.0747 0.0000 192.2926 244.1063 334.1157 1.4661 1.5495 3.4561 -6.4445 1.6353 9.4561 -4.6659 -5.0620
Car -1 -1 -6.9046 755.5385 162.8157 860.5914 201.1351 1.5873 1.5862 4.2745 8.9664 0.8137 31.2322 -6.6322 -5.0740
Car -1 -1 -4.8227 1184.2870 98.9886 1237.0000 317.2161 1.7556 1.7379 4.6812 7.8527 1.0925 8.1796 -4.0788 -5.1491
Car -1 -1 -8.3135 717.1448 162.4672 758.1630 182.2813 1.5288 1.5950 4.0085 10.8904 0.0602 57.5712 -8.1322 -5.1960
Car -1 -1 -5.2948 563.4277 173.8310 612.9586 196.2315 1.5978 1.6355 4.1803 -1.0121 1.0507 53.4207 -5.3187 -5.2372
Car -1 -1 -8.2978 1237.0000 133.3499 1237.0000 373.0000 1.4379 1.6535 4.0593 6.7671 1.2383 5.1772 -7.4096 -5.2828
Car -1 -1 -7.7679 704.4911 170.2982 764.8107 220.2173 1.5497 1.7015 4.1204 4.5934 1.2024 24.5107 -7.5898 -5.3494
Car -1 -1 -7.6847 418.4024 184.2099 467.1307 217.9422 1.2999 1.4573 3.1559 -6.4919 1.4178 29.5526 -7.9042 -5.5635
Car -1 -1 -2.2600 0.0000 78.1522 245.9009 373.0000 1.8598 1.7973 4.5636 -4.1133 1.6307 2.6680 -3.2179 -5.7647
Car -1 -1 -7.3953 1237.0000 96.2372 1237.0000 373.0000 1.4674 1.6032 3.9001 5.4501 1.2427 2.8201 -6.3448 -5.8867
Car -1 -1 -4.9835 636.0085 161.8037 669.0476 185.2080 1.9703 1.7939 4.1979 4.4469 0.3120 62.7128 -4.9179 -5.9495
Car -1 -1 -4.6277 602.5293 174.7317 627.0121 197.2122 1.5879 1.4960 3.8776 1.0256 1.1098 52.7424 -4.6134 -6.0573
Car -1 -1 -6.0899 652.0189 166.2646 705.8093 185.6525 1.5935 1.6687 4.2647 6.5540 0.3411 60.4616 -5.9872 -6.2084
Car -1 -1 -2.6470 413.2977 170.5287 508.9166 203.3021 1.7144 1.7905 4.8420 -7.6421 1.1407 39.1438 -2.8436 -6.2359
Car -1 -1 -7.4963 732.6642 176.6609 788.3130 206.9771 1.3097 1.4379 3.2937 7.2886 1.1009 32.8070 -7.2845 -6.4048
Car -1 -1 -6.7631 667.0573 148.3603 737.4212 176.0564 1.8179 1.7908 4.4707 6.9355 -0.3864 49.3813 -6.6290 -6.5377
