Car -1 -1 -6.5136 613.7881 172.7852 692.0590 199.5800 1.4399 1.6510 4.0442 2.8187 0.9717 39.7483 -6.4483 -1.7728
Car -1 -1 -8.5402 731.2135 172.3789 831.8150 216.6212 1.5250 1.5902 3.7641 6.6016 1.2110 26.8013 -8.3061 -2.3778
Car -1 -1 -7.7770 445.1946 182.8272 481.5952 210.7739 1.3642 1.5863 3.6792 -7.1012 1.4366 37.1654 -7.9696 -3.1090
Car -1 -1 -7.0724 616.3732 158.9317 682.7200 192.9735 1.9591 1.8066 3.8561 2.9289 0.6604 43.2961 -7.0101 -3.4257
Car -1 -1 -4.6390 784.3825 167.0379 819.8751 195.3645 1.5015 1.6467 4.1320 11.2969 0.7351 40.2984 -4.3723 -3.4525
Car -1 -1 -5.7761 787.3251 163.2509 883.2076 195.1412 1.5588 1.7435 4.4412 12.0742 0.6670 37.3235 -5.4702 -3.7326
Car -1 -1 -4.8191 790.6947 163.1545 860.4156 218.3545 1.6413 1.6794 4.2951 7.2327 1.0963 23.6223 -4.5302 -3.9944
Car -1 -1 -3.4175 684.9686 160.9075 743.8953 183.9371 1.6138 1.7125 3.8411 8.0779 0.1708 51.4288 -3.2673 -4.1019
Car -1 -1 -7.4442 478.7474 179.5105 540.4553 211.9978 1.4723 1.6189 3.6922 -4.3622 1.3824 34.5513 -7.5740 -4.2485
Car -1 -1 -4.2059 411.8928 180.6484 486.0508 216.4194 1.5530 1.6674 3.9483 -7.0002 1.5163 33.3183 -4.4166 -4.3951
Car -1 -1 -8.3040 610.7090 151.0688 666.4182 180.1514 1.7487 1.7750 4.4221 2.3066 -0.0904 45.7983 -8.2587 -4.3986
Car -1 -1 -7.4167 665.9444 176.1281 745.7655 216.9245 1.4266 1.6046 3.6392 3.9748 1.2392 27.0828 -7.2775 -4.4393
Car -1 -1 -8.1170 665.2153 171.5304 713.6459 199.6870 1.5080 1.6446 4.2388 4.9153 0.9742 40.6904 -8.0025 -4.6821
Car -1 -1 -4.8782 726.0894 160.5163 762.5486 184.9126 1.6006 1.8154 3.7713 9.7147 0.2239 49.0355 -4.6885 -4.8457
Car -1 -1 -7.9721 399.2471 179.0511 441.5135 210.5164 1.5353 1.6661 3.7480 -9.4013 1.4161 37.0996 -8.2237 -4.9717
Car -1 -1 -7.4007 385.1441 181.8658 453.1275 215.3223 1.4569 1.5815 3.7523 -8.3898 1.4751 33.3193 -7.6507 -4.9939
Car -1 -1 -4.5571 776.1395 171.5010 819.2242 203.3400 1.5282 1.6448 3.1995 9.9345 1.0485 36.2732 -4.2966 -5.0235
Car -1 -1 -6.5817 0.0000 0.0000 1237.0000 373.0000 1.4283 1.4257 3.3001 -2.6745 1.7584 0.7640 -7.7926 -5.0776
Car -1 -1 -7.8273 732.4296 162.9774 756.9945 186.1045 1.6173 1.6732 4.3562 10.5277 0.3220 52.5420 -7.6353 -5.0808
Car -1 -1 -7.8327 641.4592 174.6659 680.9374 212.7691 1.5274 1.5813 3.6103 2.5579 1.2538 30.6700 -7.7553 -5.0901
Car -1 -1 -7.9627 518.4310 181.0777 553.4638 206.8536 1.3005 1.4797 3.2495 -3.5045 1.2794 37.9834 -8.0592 -5.1650
Car -1 -1 -6.5158 723.0121 173.8829 818.8606 207.6308 1.4971 1.6498 3.9662 7.6505 1.1595 32.7107 -6.2929 -5.3117
Car -1 -1 -4.5136 389.9173 179.3097 451.3929 223.6307 1.6251 1.6103 3.9693 -7.0716 1.5452 28.3609 -4.7610 -5.5354
Car -1 -1 -5.6338 1237.0000 28.3556 1237.0000 373.0000 1.3845 1.5678 3.9884 5.8692 1.2241 2.8481 -4.5559 -5.7769
Car -1 -1 -8.1070 517.6472 179.7825 576.7040 218.2003 1.4884 1.5684 3.5830 -2.3269 1.4222 29.7799 -8.1895 -5.7819
Car -1 -1 -6.8234 995.4344 142.4623 1237.0000 238.3588 1.5303 1.5648 3.7937 9.0923 0.9079 12.3901 -6.2054 -5.8108
Car -1 -1 -9.0451 0.0000 0.0000 1237.0000 373.0000 1.4693 1.5886 3.8369 3.9454 1.4015 1.3791 -7.8744 -5.8867
Car -1 -1 -5.6382 0.0000 0.0000 1237.0000 373.0000 1.5209 1.6625 4.0203 41.4653 0.6658 1.9374 -4.1253 -5.8867
Car -1 -1 -9.2169 0.0000 0.0000 1237.0000 373.0000 1.4651 1.5868 3.8342 7.1593 1.3570 1.3612 -7.8743 -5.8867
Car -1 -1 -5.5147 0.0000 0.0000 1192.6083 373.0000 1.4990 1.6023 3.9578 2.1601 1.4988 1.7355 -4.6976 -5.8867
Car -1 -1 -4.2363 332.2968 179.4053 427.5050 223.5885 1.4420 1.6371 3.8761 -7.7712 1.3741 25.4967 -4.5344 -5.8867
Car -1 -1 -3.5612 0.0000 193.8570 0.0000 373.0000 1.4891 1.6022 3.9643 -5.4567 1.5616 2.1893 -4.7152 -5.8867
Car -1 -1 -4.4976 358.1738 180.4356 418.1812 216.6683 1.4289 1.6381 3.9340 -8.9442 1.3873 30.3522 -4.7869 -5.8867
Car -1 -1 -4.1114 149.8232 184.8329 328.7274 262.2659 1.4759 1.6280 3.8392 -7.8238 1.5595 15.8817 -4.5681 -5.8867
Car -1 -1 -4.4445 363.4543 179.6620 416.8685 210.2891 1.4516 1.6026 3.9083 -10.5293 1.3648 36.0165 -4.7321 -5.8867
Car -1 -1 -3.8382 0.0000 187.5049 106.4805 340.6265 1.5274 1.6135 3.8479 -8.7676 1.6229 9.3345 -4.5839 -6.3929
Car -1 -1 -3.2032 627.8533 155.8676 694.2625 178.3297 1.7289 1.7707 5.0933 4.6652 -0.2535 56.4771 -3.1259 -6.7902
