Car -1 -1 -8.0835 359.8683 176.8470 427.4978 220.7565 1.5536 1.5973 4.0161 -8.0554 1.3894 27.5573 -8.3705 -3.0985
Car -1 -1 -8.6587 1047.7169 118.0407 1179.2386 170.4934 1.5887 1.6870 3.3887 17.1966 -0.4008 24.3537 -8.0537 -3.8521
Car -1 -1 -6.5982 494.7900 145.6999 598.8530 184.3347 1.5884 1.7084 4.1705 -2.3819 0.1169 31.1249 -6.6786 -3.8775
Car -1 -1 -6.8800 979.3334 122.7039 1115.5117 166.8107 1.5098 1.7817 3.9078 16.1955 -0.5566 26.2437 -6.3362 -3.9849
Car -1 -1 -8.0832 1007.4438 122.0495 1078.0082 164.4675 1.4607 1.5645 3.4927 17.1885 -0.7126 28.1657 -7.5441 -4.3842
Car -1 -1 -4.7759 324.1396 180.9997 401.7153 247.7596 1.6742 1.7789 4.4229 -6.8971 1.6622 20.3981 -5.1034 -4.7243
Car -1 -1 -7.8420 1064.5709 119.3994 1118.9851 163.3940 1.4658 1.6263 3.6497 18.7459 -0.7428 27.5162 -7.2530 -4.8111
Car -1 -1 -6.2208 1087.3044 121.7905 1211.5741 170.8875 1.5500 1.6985 3.3746 19.1350 -0.3972 25.1692 -5.5805 -5.2144
Car -1 -1 -7.8908 736.9183 171.7536 813.9355 246.6917 1.5333 1.5278 4.3748 3.9548 1.3345 16.9879 -7.6708 -5.2783
Car -1 -1 -3.5630 903.4258 125.3641 1024.8590 165.6482 1.4330 1.6282 3.7540 13.5988 -0.6176 27.1237 -3.1067 -5.3024
Car -1 -1 -7.8575 737.6108 162.4028 806.7217 224.7217 1.7398 1.8961 4.2468 5.2342 1.2072 22.3334 -7.6351 -5.3631
Car -1 -1 -2.2573 0.0000 198.7508 143.6940 373.0000 1.3950 1.5550 3.9004 -5.0876 1.5127 4.0697 -3.1285 -5.5463
Car -1 -1 -5.9163 1040.3313 160.2842 1237.0000 265.0514 1.3920 1.5776 3.8512 9.4730 1.1108 11.6030 -5.2478 -5.5645
Car -1 -1 -7.3854 132.7431 187.1487 277.9500 261.6844 1.7020 1.7015 3.9335 -10.1416 1.8652 18.6942 -7.8821 -5.6199
Car -1 -1 -7.2146 0.0000 151.2207 192.3605 289.0888 1.8451 1.7269 3.5180 -8.4001 1.4405 11.3802 -7.8449 -5.6904
Car -1 -1 -4.0267 80.8060 181.0762 206.6576 223.4624 1.4153 1.6051 4.1319 -16.5044 1.4016 26.1336 -4.5906 -5.7219
Car -1 -1 -6.5598 987.3681 242.1844 1237.0000 373.0000 1.2446 1.4243 2.9022 3.6387 1.6700 3.7511 -5.8299 -5.7236
Car -1 -1 -8.9380 0.0000 0.0000 1237.0000 373.0000 1.6250 1.6581 4.1403 2.6875 1.5536 1.2678 -7.8914 -5.7476
Car -1 -1 -4.9006 878.6119 154.8425 959.7350 206.9749 1.5653 1.6102 4.3861 10.4060 0.7654 23.8825 -4.4987 -5.7978
Car -1 -1 -5.8608 1237.0000 0.0000 1237.0000 373.0000 1.4684 1.5859 3.9914 6.2101 1.2749 2.5424 -4.7197 -5.8307
Car -1 -1 -4.0198 0.0000 186.7868 115.2144 230.2679 1.4935 1.6546 3.9903 -20.6628 1.7089 27.1939 -4.6701 -5.8826
Car -1 -1 -4.4513 46.3687 186.7885 178.9911 255.6834 1.4373 1.6390 4.1565 -11.7776 1.5835 17.5590 -5.0406 -5.8846
Car -1 -1 -4.1721 137.9863 182.9916 229.5242 219.8678 1.4709 1.5924 3.9440 -17.7988 1.5393 30.7961 -4.6975 -5.8867
Car -1 -1 -4.2010 165.7829 181.3107 256.0761 218.5163 1.4504 1.5883 3.9390 -16.1952 1.4434 29.9837 -4.6976 -5.8867
Car -1 -1 -5.3605 0.0000 0.0000 1237.0000 373.0000 1.5003 1.6068 4.0566 40.2305 0.5341 -0.4672 -3.7896 -5.8867
Car -1 -1 -6.9732 0.0000 0.0000 1237.0000 373.0000 1.4740 1.5911 3.8384 -2.0833 1.4839 1.4100 -7.8745 -5.8867
Car -1 -1 -6.7031 0.0000 0.0000 1237.0000 373.0000 1.5355 1.5819 3.7997 -3.7061 1.6260 1.0515 -7.9389 -5.8867
Car -1 -1 -4.2482 213.8237 182.2623 295.0894 218.3535 1.4637 1.5863 3.9374 -14.9737 1.4991 31.1944 -4.6976 -5.8867
Car -1 -1 -3.4558 0.0000 191.2552 0.0000 373.0000 1.4803 1.5954 3.9492 -7.0748 1.5378 2.1931 -4.6977 -5.8867
Car -1 -1 -4.1364 102.8266 181.4801 195.6723 216.1627 1.4313 1.5760 3.9269 -19.7936 1.4308 31.6188 -4.6971 -5.8867
Car -1 -1 -5.6238 1237.0000 0.0000 1237.0000 373.0000 1.5405 1.6694 4.0267 41.4658 0.6939 2.3483 -4.1208 -5.8867
Car -1 -1 -3.4776 0.0000 0.0000 1237.0000 373.0000 1.5210 1.6064 3.9605 -5.4658 1.6243 1.7806 -4.6962 -5.8867
Car -1 -1 -3.9567 152.4537 185.0492 268.8065 228.2874 1.5279 1.6396 4.0511 -15.0625 1.6769 27.9072 -4.4530 -5.8985
Car -1 -1 -9.2151 0.0000 0.0000 1237.0000 373.0000 1.4893 1.5576 3.7962 4.7338 1.3722 1.0991 -7.9299 -5.9442
Car -1 -1 -7.4540 87.5001 182.1483 213.5770 235.8689 1.4303 1.6618 4.1972 -13.2576 1.4520 21.3798 -8.0087 -6.0878
Car -1 -1 -8.4132 860.2354 165.9528 1237.0000 366.4910 1.4615 1.5536 3.3853 3.9411 1.3489 6.9756 -7.9204 -6.3918
Car -1 -1 -7.8784 107.1891 148.5511 249.9320 294.3417 1.8844 1.6668 3.8120 -6.7341 1.4592 11.3437 -8.4096 -6.5627
