Car -1 -1 -8.4072 828.8978 114.1646 1237.0000 373.0000 1.8478 1.6114 3.7385 3.1538 1.5178 5.4387 -7.9082 3.8031
Car -1 -1 -3.2262 446.2161 174.7346 516.0898 199.0033 1.4730 1.6888 4.1776 -7.5364 1.0625 44.9446 -3.3963 -0.7687
Car -1 -1 -6.6594 591.4887 164.5009 659.8343 189.6478 1.6109 1.7368 4.1741 1.6057 0.5220 47.5437 -6.6307 -1.7755
Car -1 -1 -8.5097 659.9662 174.5435 770.0028 220.2777 1.4269 1.6370 3.9097 3.7494 1.2103 24.5179 -8.3647 -2.4869
Car -1 -1 -5.0326 507.6786 175.4834 573.1984 210.4663 1.4549 1.6342 4.2610 -2.8195 1.2050 32.1535 -5.1245 -3.1757
Car -1 -1 -7.6075 549.1175 167.5231 594.3710 194.6895 1.6932 2.0499 4.0328 -1.8785 0.8221 46.9521 -7.6522 -3.9990
Car -1 -1 -3.5751 638.4741 161.6647 703.1826 188.7252 1.7795 1.7225 4.0170 4.7096 0.4751 48.7228 -3.4841 -4.0427
Car -1 -1 -7.1230 439.0692 177.2098 550.8269 226.8813 1.5018 1.6830 3.5897 -3.4572 1.3725 23.6800 -7.2716 -4.3309
Car -1 -1 -4.7158 663.5228 174.6085 707.3967 213.9899 1.4096 1.5646 4.0108 3.2006 1.1633 27.7884 -4.6073 -4.3311
Car -1 -1 -6.9005 284.8352 179.6498 491.0240 282.5194 1.5216 1.5784 3.0311 -3.6006 1.4949 12.3038 -7.1852 -4.3820
Car -1 -1 -3.3506 508.1267 158.7860 562.1759 179.1948 1.5764 1.6848 4.0208 -5.2655 -0.1883 57.2135 -3.4466 -4.5354
Car -1 -1 -5.0849 678.5737 168.4102 721.0184 192.6997 1.4932 1.4916 3.5289 6.2658 0.6886 46.0528 -4.9554 -4.7615
Car -1 -1 -4.9217 623.9603 159.0409 652.7198 179.8231 1.8304 1.7704 4.2189 3.3785 -0.1593 65.8550 -4.8755 -4.9234
Car -1 -1 -7.7709 479.2587 176.3087 512.9910 204.8533 1.4883 1.5405 3.7438 -5.7315 1.2178 39.3709 -7.9195 -4.9350
Car -1 -1 -7.7587 891.9714 181.5559 1113.8177 350.3209 1.4002 1.7428 4.1602 4.6365 1.4017 8.1733 -7.2619 -4.9571
Car -1 -1 -7.6095 436.1828 178.2411 480.4470 204.8549 1.4600 1.6281 3.8599 -8.1861 1.2813 41.3705 -7.8087 -5.0261
Car -1 -1 -9.1798 0.0000 0.0000 1237.0000 373.0000 1.4592 1.5015 3.3494 2.7020 1.4611 0.8783 -8.0148 -5.0480
Car -1 -1 -4.9879 524.7214 173.7970 572.7651 200.2943 1.4354 1.6570 4.1324 -3.0749 1.0183 41.1387 -5.0670 -5.0739
Car -1 -1 -5.3272 1237.0000 0.0000 1237.0000 373.0000 1.5446 1.6677 4.0890 4.7303 1.3254 2.6257 -4.3103 -5.1759
Car -1 -1 -4.8308 451.7435 179.2610 489.7986 207.0231 1.4161 1.5634 3.7264 -7.0773 1.3021 38.6520 -5.0157 -5.2203
Car -1 -1 -7.6864 692.2465 173.7863 736.5855 207.4981 1.5674 1.6108 3.5165 5.5885 1.2090 35.3206 -7.5357 -5.2916
Car -1 -1 -7.6539 580.6228 154.7265 617.9086 181.7151 1.7646 1.7458 4.3577 -0.0879 0.0141 49.2723 -7.6604 -5.3655
Car -1 -1 -6.7245 545.7819 158.7063 599.5446 178.6286 1.6650 1.7975 4.3099 -2.4609 -0.2567 62.3566 -6.7686 -5.3901
Car -1 -1 -2.3194 0.0000 191.4061 66.5092 373.0000 1.3603 1.5517 4.0145 -5.7658 1.4313 4.1163 -3.2462 -5.5514
Car -1 -1 -8.7425 0.0000 0.0000 1016.2509 373.0000 1.4823 1.5564 3.6684 1.1337 1.4819 0.9721 -8.0089 -5.5687
Car -1 -1 -7.8387 595.1687 156.7996 617.5776 177.7208 1.7843 1.9393 4.8307 0.4998 -0.3529 64.5801 -7.8357 -5.6101
Car -1 -1 -6.5722 549.7293 157.0871 607.5521 179.3791 1.7444 1.7087 4.3587 -1.8227 -0.1759 58.0059 -6.6082 -5.6388
Car -1 -1 -7.5956 0.0000 0.0000 1237.0000 373.0000 1.4844 1.5927 3.8395 -0.4755 1.5031 1.4042 -7.8838 -5.8867
Car -1 -1 -3.5144 0.0000 193.6844 0.0000 373.0000 1.4856 1.5954 3.9487 -7.8746 1.5709 3.0005 -4.6977 -5.8867
Car -1 -1 -6.6702 0.0000 0.0000 1237.0000 373.0000 1.5367 1.5848 3.8011 -4.1223 1.6303 1.0444 -7.9397 -5.8867
Car -1 -1 -4.3873 406.5750 176.8765 461.6040 205.8301 1.4033 1.6114 3.8527 -8.5132 1.1795 36.8099 -4.6181 -5.8867
Car -1 -1 -3.4786 0.0000 0.0000 1237.0000 373.0000 1.5120 1.6034 3.9593 -5.4664 1.6348 1.7808 -4.6972 -5.8867
Car -1 -1 -3.9455 107.5099 0.0000 1237.0000 373.0000 1.5001 1.6047 3.9601 -1.8598 1.5396 1.7552 -4.6977 -5.8867
Car -1 -1 -5.4819 0.0000 0.0000 1237.0000 373.0000 1.4857 1.6451 3.9869 40.6714 0.5907 -0.0459 -3.9214 -5.8867
Car -1 -1 -9.3096 0.0000 0.0000 1237.0000 373.0000 1.4850 1.5719 3.7844 6.3277 1.3339 0.9919 -7.9398 -5.8867
Car -1 -1 -4.5133 410.0198 177.8176 453.6856 205.0012 1.4236 1.6087 3.9453 -9.2963 1.2309 39.6177 -4.7473 -5.8867
Car -1 -1 -4.4871 423.6631 177.6357 474.6761 207.8482 1.3926 1.5675 4.1654 -7.3995 1.2148 35.2048 -4.6978 -6.0755
Car -1 -1 -8.0286 851.2611 173.7195 1018.9136 280.9311 1.4500 1.7034 4.0737 5.2247 1.3455 11.8912 -7.6281 -6.2194
Car -1 -1 -6.6362 472.7149 174.2209 526.1519 198.5638 1.5765 1.6279 3.1654 -6.8052 1.1051 47.9911 -6.7813 -6.2674
Car -1 -1 -8.5356 1016.2197 133.2550 1237.0000 373.0000 1.5965 1.7860 4.4974 5.9056 1.3071 6.5905 -7.8299 -6.3091
