Car -1 -1 -5.9276 0.0000 200.9315 325.6209 329.4852 1.4154 1.5350 3.4729 -5.5969 1.6964 9.2969 -6.4631 6.4694
Car -1 -1 -7.7250 1112.1409 160.9871 1237.0000 251.5361 1.5867 1.6776 3.6827 11.6572 1.2278 14.4769 -7.0610 0.3833
Car -1 -1 -8.4164 991.3818 162.8867 1116.1934 212.5480 1.3968 1.5161 3.5883 13.6766 0.8738 22.0116 -7.8707 -4.0822
Car -1 -1 -7.7655 251.6006 169.7864 284.5149 193.3675 1.4908 1.6813 3.4253 -21.9066 0.7503 47.3113 -8.2019 -4.2590
Car -1 -1 -7.7539 1201.4601 147.5432 1237.0000 260.4834 1.7674 1.8387 4.3443 12.7318 1.2366 13.3691 -7.0078 -4.4785
Car -1 -1 -4.7370 0.0000 214.6610 82.0891 373.0000 1.3972 1.4156 3.0284 -5.5909 1.7551 6.1446 -5.4605 -4.6229
Car -1 -1 -7.5813 72.0281 177.4105 125.8580 205.4236 1.3943 1.4716 3.3257 -26.2185 1.1910 37.5672 -8.1923 -4.7671
Car -1 -1 -7.2524 1120.0286 163.8494 1237.0000 228.5142 1.4556 1.5079 3.4966 14.5721 1.0589 17.3838 -6.5672 -4.9335
Car -1 -1 -8.0794 1099.5590 160.6627 1237.0000 297.5145 1.5548 1.6959 4.0485 8.5451 1.3188 10.3530 -7.4070 -5.1376
Car -1 -1 -7.8367 46.0939 173.7352 90.6047 207.4096 1.6346 1.7620 3.8322 -27.3681 1.2579 36.9390 -8.4760 -5.4217
Car -1 -1 -4.4218 217.3193 163.1728 268.4390 188.1122 1.4541 1.7845 3.8229 -21.8476 0.3856 43.9190 -4.8858 -5.4393
Car -1 -1 -8.4411 725.9189 167.5974 814.3510 214.4547 1.5084 1.4115 3.2163 5.7404 1.0613 24.8792 -8.2218 -5.4473
Car -1 -1 -8.3223 744.3147 140.6202 814.1898 181.5878 2.0204 1.7989 4.2623 9.2366 0.0046 37.7081 -8.0884 -5.4687
Car -1 -1 -4.1685 77.4800 184.0813 264.9749 265.6537 1.5101 1.6212 3.9340 -9.0093 1.5731 15.4029 -4.6957 -5.4720
Car -1 -1 -8.1287 1207.7496 174.7447 1237.0000 315.4804 1.4984 1.6064 4.1747 9.8773 1.4272 9.8671 -7.3613 -5.5444
Car -1 -1 -4.2714 492.4642 179.3767 626.5143 246.5386 1.4362 1.7713 3.8850 -0.9209 1.3913 17.4934 -4.3286 -5.5986
Car -1 -1 -3.8226 0.0000 188.4734 51.5416 288.0787 1.4315 1.6212 4.0253 -12.2831 1.5759 12.7158 -4.5858 -5.7814
Car -1 -1 -4.4733 443.4908 176.6251 543.5731 242.4444 1.4527 1.5932 3.8389 -2.5875 1.3457 17.8387 -4.6206 -5.8536
Car -1 -1 -7.4161 269.8532 162.4205 320.8971 186.3624 1.5309 1.6474 3.8887 -20.3345 0.3110 47.9039 -7.8203 -5.8801
Car -1 -1 -7.3148 223.1574 0.0000 1199.2997 373.0000 1.4976 1.5851 3.9016 -0.5121 1.5740 0.5598 -7.8859 -5.8867
Car -1 -1 -4.3569 284.1629 176.6169 401.1465 238.3115 1.4339 1.5810 3.9310 -6.6025 1.3210 18.6726 -4.6976 -5.8867
Car -1 -1 -4.7421 611.8168 166.4312 672.1670 219.5073 1.3809 1.5680 3.9092 1.0517 0.9893 20.6553 -4.6970 -5.8867
Car -1 -1 -9.2619 0.0000 0.0000 1237.0000 373.0000 1.5191 1.5762 3.7932 5.1374 1.4788 1.0077 -7.9389 -5.8867
Car -1 -1 -3.5325 0.0000 0.0000 1237.0000 373.0000 1.5494 1.6131 3.9714 -4.6612 1.7579 1.7764 -4.6969 -5.8867
Car -1 -1 -3.4382 0.0000 209.0036 0.0000 373.0000 1.5205 1.6072 3.9633 -7.4801 1.6814 2.1905 -4.6974 -5.8867
Car -1 -1 -9.0634 0.0000 0.0000 1237.0000 373.0000 1.5366 1.5823 3.8007 2.7256 1.5586 1.0209 -7.9390 -5.8867
Car -1 -1 -4.4294 347.4682 175.3760 454.4671 238.4003 1.4297 1.5795 3.9289 -4.9888 1.2913 18.2710 -4.6976 -5.8867
Car -1 -1 -5.9345 1237.0000 0.0000 1237.0000 373.0000 1.4743 1.5921 3.9447 6.9916 1.3714 2.1200 -4.6974 -5.8867
Car -1 -1 -8.4652 0.0000 0.0000 1021.2604 373.0000 1.4872 1.5921 3.8419 1.1338 1.5010 1.3956 -7.8744 -5.8867
Car -1 -1 -3.5210 0.0000 206.3437 0.0000 373.0000 1.5251 1.6058 3.9635 -8.6736 1.7126 3.4061 -4.6970 -5.8867
Car -1 -1 -4.2758 206.3184 177.1291 340.3831 240.0537 1.4288 1.5777 3.9266 -8.2051 1.3301 18.2862 -4.6975 -5.8867
Car -1 -1 -5.4819 0.0000 0.0000 1237.0000 373.0000 1.4857 1.6451 3.9869 40.6714 0.5907 -0.0459 -3.9214 -5.8867
Car -1 -1 -6.7369 0.0000 0.0000 1237.0000 373.0000 1.5526 1.5882 3.8051 -3.3179 1.6800 1.0406 -7.9396 -5.8867
Car -1 -1 -4.6662 550.2519 170.2236 610.5181 223.6734 1.3911 1.5687 3.9141 -0.5558 1.0981 20.6638 -4.6979 -5.8867
Car -1 -1 -4.5032 414.6582 175.2759 503.3700 233.9550 1.4293 1.5775 3.9279 -3.7738 1.2782 19.4726 -4.6973 -5.8867
Car -1 -1 -5.6187 1237.0000 0.0000 1237.0000 373.0000 1.5223 1.6623 4.0205 41.4687 0.6556 2.7425 -4.1252 -5.8867
Car -1 -1 -6.5686 0.0000 0.0000 1237.0000 373.0000 1.5076 1.5973 3.8462 -6.1014 1.6577 1.4290 -7.8743 -5.8867
Car -1 -1 -6.0087 1212.1223 113.6110 1237.0000 173.8690 1.6261 1.8014 4.2531 21.9185 -0.2604 22.2562 -5.2417 -5.9752
Car -1 -1 -7.7732 766.2079 161.6989 833.3886 221.7968 1.4532 1.4687 4.0290 5.4323 0.9750 19.5142 -7.5102 -5.9766
Car -1 -1 -6.3269 172.8479 186.1707 394.4376 268.6746 1.4144 1.5484 3.7610 -6.1458 1.5159 14.0091 -6.7389 -6.0010
Car -1 -1 -7.3357 0.0000 190.3322 0.0000 347.1137 1.4693 1.6799 4.3111 -10.6238 1.6127 9.3030 -8.1788 -6.0198
Car -1 -1 -7.3259 88.1837 168.3089 166.5213 201.0638 1.6292 1.6709 3.9645 -24.8140 0.9733 37.7552 -7.9091 -6.0922
Car -1 -1 -3.9499 126.7166 0.0000 1237.0000 373.0000 1.5344 1.6209 3.9002 -1.7928 1.5884 1.7773 -4.6787 -6.3196
Car -1 -1 -8.0815 632.4717 149.6392 678.7627 184.5303 1.8209 1.6802 3.8811 2.9203 0.1583 39.5371 -8.0130 -6.3431
Car -1 -1 -8.0302 6.5330 222.1089 241.1000 373.0000 1.1932 1.2073 3.1062 -4.4446 1.6445 6.4343 -8.6222 -6.3876
Car -1 -1 -3.2789 584.4269 155.8091 660.1814 192.1409 1.8751 1.6884 3.8156 1.0686 0.5494 38.1301 -3.2559 -7.0999
Car -1 -1 -8.2382 685.7540 161.0568 747.7514 200.8734 1.8818 1.8260 3.5766 5.6877 0.9159 35.9009 -8.0872 -7.3493
Car -1 -1 -7.6772 980.2061 148.4188 1213.5448 373.0000 1.7906 1.2903 3.3493 4.7311 1.5565 6.7555 -7.0899 -8.7229
