Car -1 -1 -7.1215 955.7878 146.0783 1069.2957 185.9226 1.5826 1.7318 4.2626 17.1625 0.1760 30.0386 -6.6110 -4.2035
Car -1 -1 -7.5054 1070.1112 155.0187 1237.0000 282.8221 1.4427 1.5493 3.7741 8.1210 1.1444 9.7508 -6.8293 -4.5501
Car -1 -1 -4.0642 0.0000 171.4282 41.3738 212.6140 1.4501 1.6200 3.4154 -23.1788 1.0959 27.0454 -4.7729 -4.5622
Car -1 -1 -7.7763 189.5211 146.8922 263.0652 210.6892 1.8387 1.7668 4.0272 -11.8763 0.8417 22.9018 -8.2550 -4.6176
Car -1 -1 -5.5201 902.3354 159.5620 1051.2871 218.5134 1.5337 1.5473 3.7477 10.6366 0.9635 20.7138 -5.0559 -4.6417
Car -1 -1 -8.0686 316.4592 144.1342 391.4333 196.7809 1.6335 1.5742 3.9835 -8.4989 0.4746 24.3966 -8.4053 -4.6725
Car -1 -1 -8.4375 837.1312 140.6496 940.2584 188.0526 1.7701 1.7558 4.3173 11.4879 0.2451 29.1209 -8.0696 -4.7932
Car -1 -1 -6.0525 0.0000 130.6043 17.9591 184.0945 1.5529 1.6385 3.4650 -20.6140 0.0758 22.4167 -6.7949 -4.8282
Car -1 -1 -4.5628 276.5749 124.9010 340.8167 170.2318 1.4704 1.6669 3.4639 -10.5821 -0.4388 26.1142 -4.9487 -4.8512
Car -1 -1 -5.3082 0.0000 148.0471 106.7979 191.0697 1.5395 1.5807 4.0007 -20.9031 0.3428 27.0796 -5.9657 -4.9684
Car -1 -1 -7.9349 869.7548 170.3540 986.0823 258.5451 1.4556 1.6388 4.1781 6.1842 1.2723 14.0969 -7.5336 -5.0940
Car -1 -1 -6.1744 239.1318 139.6032 347.5904 180.3061 1.5121 1.6529 3.7442 -11.9720 -0.0486 28.1010 -6.5784 -5.1444
Car -1 -1 -3.8868 935.5662 154.7116 1062.3851 199.0847 1.5056 1.5921 3.9398 14.1364 0.5971 25.6335 -3.3921 -5.1852
Car -1 -1 -2.1412 0.0000 190.6179 116.3764 288.4505 1.5822 1.6034 3.9903 -11.2347 1.7679 13.2261 -2.8411 -5.3406
Car -1 -1 -2.1371 0.0000 190.7543 117.1442 270.2035 1.4870 1.6226 4.2183 -12.6243 1.7018 15.2002 -2.8271 -5.3477
Car -1 -1 -6.3477 20.9002 184.6131 241.5694 267.7224 1.4733 1.5354 3.5887 -9.4518 1.5442 14.5451 -6.9211 -5.4516
Car -1 -1 -4.3371 0.0000 160.7606 34.6647 207.3463 1.5332 1.6687 3.0411 -21.6669 0.8511 25.3508 -5.0441 -5.5985
Car -1 -1 -2.2521 0.0000 188.1756 0.0000 365.4813 1.4941 1.5974 3.9919 -8.5640 1.5669 6.9383 -3.1292 -5.6264
Car -1 -1 -2.2143 0.0000 188.4700 82.9899 293.4468 1.4929 1.6650 4.4251 -11.0382 1.6174 11.5721 -2.9702 -5.6402
Car -1 -1 -4.5887 321.7487 132.1139 376.9215 179.6564 1.7420 1.6400 3.5120 -9.9004 -0.0773 28.3581 -4.9263 -5.6899
Car -1 -1 -7.3704 2.8803 127.6861 119.3668 177.8182 1.5702 1.6747 3.6968 -18.4798 -0.1365 24.7450 -8.0113 -5.7071
Car -1 -1 -4.0084 1029.0514 161.9200 1237.0000 373.0000 1.3657 1.5739 4.1051 4.2008 1.3124 2.8826 -3.0862 -5.7357
Car -1 -1 -5.7973 1237.0000 47.7668 1237.0000 373.0000 1.4325 1.5713 3.9782 6.6243 1.2544 2.9701 -4.6859 -5.8241
Car -1 -1 -8.7972 0.0000 0.0000 1128.9913 373.0000 1.5305 1.5834 3.8022 1.5052 1.5416 1.0184 -7.9397 -5.8867
Car -1 -1 -3.6006 0.0000 184.3447 0.0000 373.0000 1.4671 1.5904 3.9434 -7.0674 1.4892 3.3986 -4.6988 -5.8867
Car -1 -1 -3.7645 0.0000 178.2959 0.0000 373.0000 1.5012 1.6362 4.0519 -5.4541 1.4999 2.5988 -4.8577 -5.8867
Car -1 -1 -9.2500 0.0000 0.0000 1237.0000 373.0000 1.4784 1.5826 3.8959 3.9058 1.4525 0.5342 -7.8858 -5.8867
Car -1 -1 -5.3605 0.0000 0.0000 1237.0000 373.0000 1.5003 1.6068 4.0566 40.2305 0.5341 -0.4672 -3.7896 -5.8867
Car -1 -1 -3.4818 0.0000 182.8522 0.0000 373.0000 1.4536 1.5866 3.9381 -8.6793 1.4637 3.0047 -4.6978 -5.8867
Car -1 -1 -3.1224 548.1299 148.7346 655.7505 195.8053 1.6769 1.6430 3.8384 0.0031 0.5100 26.4399 -3.1272 -5.9657
Car -1 -1 -2.7178 457.4266 144.9231 562.9608 191.5682 1.6369 1.5219 3.5427 -3.3671 0.3537 26.4490 -2.8480 -6.0895
Car -1 -1 -7.5260 171.5159 0.0000 1237.0000 373.0000 1.5605 1.6570 4.0424 -0.4439 1.5316 1.6497 -7.7639 -6.0971
Car -1 -1 -7.8673 498.1452 161.2941 543.8281 205.4076 1.3985 1.4458 3.2624 -2.7996 0.7584 24.4852 -7.9849 -6.8581
