Car -1 -1 -7.9538 915.9089 169.8084 1013.4050 239.5187 1.4214 1.5798 3.7304 8.2540 1.1836 16.6697 -7.5055 -2.0676
Car -1 -1 -8.0345 849.5509 170.3396 951.3740 236.3409 1.4000 1.5688 3.5157 6.9541 1.1639 17.1138 -7.6591 -3.2421
Car -1 -1 -8.2790 1078.9038 113.5739 1188.9901 164.4832 1.5994 1.6886 3.9433 19.1421 -0.6670 26.0712 -7.6552 -3.3075
Car -1 -1 -2.0284 362.5915 172.8116 452.2117 221.6244 1.6504 1.6177 3.8343 -7.1722 1.3571 26.2578 -2.2977 -3.5608
Car -1 -1 -8.4169 0.0000 0.0000 1237.0000 373.0000 1.3529 1.5237 3.6293 2.3155 1.5343 1.4164 -7.4805 -3.7630
Car -1 -1 -7.6408 242.9926 155.4164 312.2079 202.0269 1.6102 1.6083 3.7031 -12.0065 0.7095 26.7936 -8.0633 -4.0104
Car -1 -1 -9.4086 0.0000 0.0000 1237.0000 373.0000 1.4030 1.5448 4.0180 4.0607 1.5405 1.7229 -8.2984 -4.0576
Car -1 -1 -8.5065 1036.2123 118.8214 1161.0659 167.3388 1.5392 1.6850 3.8380 17.7439 -0.5491 25.9045 -7.9153 -4.3638
Car -1 -1 -7.8617 275.9101 183.1608 353.0685 253.5284 1.6478 1.7219 4.1009 -7.6913 1.6977 19.1490 -8.2444 -4.5071
Car -1 -1 -6.9563 1044.7379 119.6954 1186.0240 174.3682 1.7074 1.7480 3.4608 16.8363 -0.2444 23.6747 -6.3481 -4.5111
Car -1 -1 -7.9152 271.1839 185.9292 369.4030 277.5745 1.6055 1.6284 3.9618 -5.9819 1.7113 14.9295 -8.2959 -4.6527
Car -1 -1 -7.7864 0.0000 0.0000 1237.0000 373.0000 1.4278 1.4785 3.3989 1.0232 1.5936 1.7107 -7.3173 -4.6750
Car -1 -1 -7.7499 466.9358 144.3246 518.5955 190.5154 1.7674 1.6812 4.3509 -4.4319 0.3453 29.6981 -7.9015 -4.8185
Car -1 -1 -4.1788 64.8688 173.5203 217.0035 235.4949 1.7629 1.9117 4.7353 -14.4095 1.5364 22.8283 -4.7418 -4.9920
Car -1 -1 -7.8721 764.0667 174.4639 843.5459 254.4092 1.4463 1.4021 3.8517 4.1120 1.3196 15.0325 -7.6149 -5.0766
Car -1 -1 -3.5382 1152.0485 119.9431 1237.0000 175.6472 1.6862 1.6453 3.4564 20.2545 -0.2003 23.3272 -2.8335 -5.0960
Car -1 -1 -7.7081 177.2045 170.7910 252.6377 222.9338 1.7233 1.8116 4.2190 -13.9113 1.3698 26.0330 -8.1998 -5.3669
Car -1 -1 -8.1600 963.3939 166.1613 1113.6499 243.4554 1.4798 1.6331 3.9582 9.3913 1.1867 15.8604 -7.6378 -5.5932
Car -1 -1 -7.9561 757.4939 161.5254 840.0024 224.8594 1.6709 1.8437 4.4307 5.6805 1.1444 21.2798 -7.7034 -5.7214
Car -1 -1 -7.5780 4.6368 186.2719 130.1966 249.1418 1.4109 1.6166 3.7381 -13.5827 1.5476 18.4626 -8.2107 -5.7692
Car -1 -1 -5.6879 1237.0000 0.0000 1237.0000 373.0000 1.4294 1.5772 4.0097 5.4318 1.2930 2.5394 -4.5990 -5.8029
Car -1 -1 -6.7859 0.0000 0.0000 1237.0000 373.0000 1.5361 1.5836 3.8007 -2.9027 1.6150 1.0474 -7.9391 -5.8867
Car -1 -1 -4.4343 6.9136 183.7686 124.3500 242.3547 1.5028 1.6463 4.1181 -15.3753 1.5760 20.8137 -5.0697 -5.8867
Car -1 -1 -3.6687 0.0000 191.8642 5.0682 373.0000 1.4967 1.6018 3.9551 -4.6600 1.5634 2.5808 -4.6974 -5.8867
Car -1 -1 -3.4940 0.0000 196.1590 0.0000 373.0000 1.4966 1.6023 3.9553 -6.2711 1.5826 2.1875 -4.6977 -5.8867
Car -1 -1 -5.6382 0.0000 0.0000 1237.0000 373.0000 1.5209 1.6625 4.0203 41.4653 0.6658 1.9374 -4.1253 -5.8867
Car -1 -1 -4.1735 0.0000 192.5954 168.2922 292.5525 1.5179 1.6871 4.6501 -10.4300 1.7693 13.8403 -4.8157 -5.9495
Car -1 -1 -4.3351 0.0000 188.9950 117.2302 271.0735 1.4653 1.6623 4.2431 -12.2159 1.6513 15.5078 -4.9995 -5.9841
