Car -1 -1 -6.5985 544.6505 160.4685 834.8495 279.1015 1.7943 1.7966 4.5624 1.3774 1.4769 12.2210 -6.4942 6.9611
Car -1 -1 -8.3150 1141.6808 175.4115 1237.0000 238.2356 1.4552 1.6067 3.7793 15.8741 1.3148 18.6630 -7.6223 -3.0613
Car -1 -1 -3.8051 1033.1207 152.7300 1162.0415 198.1272 1.6939 1.6945 3.8969 19.1056 0.6208 27.7847 -3.2121 -3.4477
Car -1 -1 -4.6943 1107.5505 172.2609 1203.5792 240.0780 1.5080 1.7462 4.4906 14.0395 1.3031 18.2810 -4.0514 -4.6337
Car -1 -1 -7.9058 521.5402 160.5152 558.7152 197.0251 1.6065 1.5270 3.3250 -2.9005 0.6834 33.3629 -7.9967 -4.7093
Car -1 -1 -7.4324 0.0000 185.6441 65.1333 290.4686 1.5513 1.8247 4.6696 -12.0200 1.6432 13.3294 -8.1619 -5.1150
Car -1 -1 -3.8765 0.0000 190.3450 58.0078 279.8963 1.5648 1.6672 4.3835 -14.1982 1.7809 15.2546 -4.6229 -5.3280
Car -1 -1 -4.2708 11.3657 184.4983 182.7573 258.1200 1.4323 1.6409 3.8620 -11.1544 1.5089 16.1777 -4.8722 -5.3989
Car -1 -1 -6.7114 1145.2468 156.9743 1237.0000 359.8703 1.6334 1.4860 3.3593 7.5928 1.4367 7.0808 -5.9148 -5.5956
Car -1 -1 -7.5498 1227.4377 129.9907 1237.0000 373.0000 1.6255 1.6076 3.1353 5.0588 1.4572 3.6636 -6.6448 -5.5964
Car -1 -1 -8.2240 1077.3748 167.3990 1237.0000 238.9928 1.3154 1.5374 3.5415 11.5125 1.0569 15.1088 -7.5864 -5.6927
Car -1 -1 -7.1940 0.0000 189.7938 26.7513 270.4308 1.6602 1.7809 4.3405 -16.5077 1.8887 17.4953 -7.9482 -5.7806
Car -1 -1 -4.5592 0.0000 186.9833 94.7883 266.9557 1.5996 1.6707 3.7178 -13.0529 1.7429 16.6761 -5.2210 -5.8545
Car -1 -1 -4.3948 322.4561 174.1970 425.7241 230.7024 1.4092 1.5742 3.9212 -6.1870 1.2276 19.8872 -4.6979 -5.8867
Car -1 -1 -3.4730 0.0000 205.1208 0.0000 373.0000 1.5167 1.6073 3.9631 -6.6754 1.6549 2.1873 -4.6975 -5.8867
Car -1 -1 -7.0772 67.6384 0.0000 1237.0000 373.0000 1.4943 1.5960 3.8453 -1.6819 1.5505 1.4066 -7.8743 -5.8867
Car -1 -1 -4.2335 167.5739 176.4188 301.0300 234.7469 1.4225 1.5802 3.9288 -9.8149 1.2992 19.4934 -4.6998 -5.8867
Car -1 -1 -4.3166 250.0959 176.5789 368.7988 235.1775 1.4288 1.5812 3.9296 -7.7951 1.3094 19.4916 -4.6976 -5.8867
Car -1 -1 -5.8623 1237.0000 94.4867 1237.0000 373.0000 1.4984 1.6004 3.9527 6.5967 1.4343 2.5247 -4.6967 -5.8867
Car -1 -1 -6.6465 0.0000 0.0000 1237.0000 373.0000 1.5530 1.5856 3.8043 -4.5090 1.6992 1.0547 -7.9387 -5.8867
Car -1 -1 -5.3605 0.0000 0.0000 1237.0000 373.0000 1.5003 1.6068 4.0566 40.2305 0.5341 -0.4672 -3.7896 -5.8867
Car -1 -1 -3.4816 0.0000 201.7294 0.0000 373.0000 1.5062 1.6024 3.9567 -8.6783 1.6476 3.0042 -4.6976 -5.8867
Car -1 -1 -3.7072 0.0000 0.0000 1237.0000 373.0000 1.5196 1.6056 3.9631 -3.0544 1.6314 1.7705 -4.6973 -5.8867
Car -1 -1 -5.6238 1237.0000 0.0000 1237.0000 373.0000 1.5405 1.6694 4.0267 41.4658 0.6939 2.3483 -4.1208 -5.8867
Car -1 -1 -4.2826 0.0000 186.6426 0.0000 233.9103 1.4098 1.6122 4.1573 -22.7096 1.5989 24.1361 -5.0372 -5.9796
Car -1 -1 -4.7365 403.8392 170.6429 466.4990 229.0668 1.4584 1.5418 3.8955 -4.7199 1.1879 20.0112 -4.9704 -5.9960
Car -1 -1 -4.1669 76.0260 178.8664 228.0812 238.4630 1.4250 1.5989 3.9667 -11.8127 1.3626 19.1645 -4.7184 -6.0715
Car -1 -1 -7.2019 0.0000 189.0499 69.4641 252.5209 1.6318 1.6603 4.5247 -18.2278 1.8805 21.3192 -7.9085 -6.1448
Car -1 -1 -4.7441 625.8617 167.8909 708.1144 236.9471 1.3995 1.6659 4.4614 1.3874 1.1243 16.8229 -4.6683 -6.2199
Car -1 -1 -4.0906 0.0000 191.3757 0.0000 344.7712 1.4346 1.6348 4.4866 -11.1298 1.5970 9.3963 -4.9520 -6.2663
Car -1 -1 -7.2455 1049.9166 178.4187 1237.0000 269.4948 1.4645 1.5764 4.1022 10.3007 1.4156 12.9173 -6.5874 -6.3142
Car -1 -1 -4.4353 677.1505 185.1567 786.5741 259.8945 1.3776 1.4808 3.1652 2.7963 1.4642 15.1585 -4.2614 -6.4616
Car -1 -1 -4.6502 52.2311 189.8353 141.9752 253.0079 1.4385 1.6862 4.3890 -13.4255 1.6895 19.2799 -5.2574 -6.8564
Car -1 -1 -7.5154 629.6386 305.0172 1137.9106 373.0000 1.5321 1.6866 2.6598 1.5752 2.4427 3.7319 -7.1488 -7.4349
Car -1 -1 -7.6418 929.8063 176.9657 1192.6217 373.0000 1.7311 1.4131 3.4329 4.3574 1.7006 6.6763 -7.0872 -8.8354
