Car -1 -1 -6.3456 360.8879 190.9686 643.6209 313.4139 1.4122 1.5096 3.4415 -1.3494 1.5530 9.5427 -6.4882 5.7014
Car -1 -1 -3.3243 0.0000 195.6759 116.3769 373.0000 1.5459 1.6089 3.6621 -4.6394 1.6499 3.2348 -4.2552 -1.0325
Car -1 -1 -8.0130 832.3851 168.7539 900.6830 215.7744 1.4912 1.5923 3.7060 9.0138 1.0874 24.7480 -7.6721 -3.3303
Car -1 -1 -3.2312 382.5874 190.6341 570.9732 268.2903 1.3717 1.4399 3.4848 -2.5010 1.5664 14.1141 -3.4090 -4.1749
Car -1 -1 -3.9889 0.0000 0.0000 1237.0000 373.0000 1.4669 1.6226 3.7074 -3.3744 1.6563 1.8178 -5.0136 -4.4419
Car -1 -1 -7.5062 750.5394 154.9965 804.7206 195.1833 1.9303 1.7210 3.0968 8.9184 0.6575 36.2707 -7.2717 -4.5301
Car -1 -1 -7.7828 257.3647 169.9479 290.5560 195.1516 1.5853 1.7499 3.4727 -21.4275 0.8587 47.1150 -8.2125 -4.8208
Car -1 -1 -3.2434 373.0209 193.9531 629.4159 281.6688 1.3728 1.5782 4.3159 -1.8356 1.6194 12.8995 -3.3876 -4.8722
Car -1 -1 -4.4140 422.2960 185.7628 546.0231 259.7224 1.4559 1.6665 4.1142 -2.5732 1.5674 16.5419 -4.5714 -5.1346
Car -1 -1 -4.5181 224.1837 163.7414 266.6446 188.4200 1.4178 1.6573 3.4626 -21.3330 0.3977 43.1574 -4.9795 -5.2718
Car -1 -1 -3.2691 722.2157 169.7410 851.2391 214.7985 1.6030 1.6706 4.4408 6.7506 1.1850 26.6368 -3.0284 -5.5119
Car -1 -1 -4.4508 709.0798 174.2321 803.0753 227.8475 1.2844 1.5746 3.7048 4.1878 1.1108 19.2164 -4.2442 -5.6166
Car -1 -1 -4.5816 685.8060 168.2931 744.7468 211.8939 1.4614 1.6417 3.9927 4.2012 1.0191 26.2225 -4.4294 -5.6305
Car -1 -1 -7.4061 0.0000 187.4279 81.5425 283.8145 1.4152 1.6133 4.0158 -11.2333 1.5404 12.9589 -8.1157 -5.6378
Car -1 -1 -2.4221 0.0000 184.4493 0.0000 317.7673 1.4531 1.5989 4.3313 -10.5885 1.4951 8.9704 -3.2810 -5.6759
Car -1 -1 -8.4010 1219.1388 156.7307 1237.0000 263.6473 1.3960 1.5782 3.8590 11.8758 1.0732 11.4410 -7.6134 -5.7540
Car -1 -1 -8.2878 1237.0000 156.7932 1237.0000 336.3785 1.4218 1.6009 3.9117 9.0858 1.2269 7.8000 -7.4481 -5.7705
Car -1 -1 -4.7459 642.4505 171.0260 709.6984 231.0343 1.4223 1.5847 3.8957 1.8484 1.1746 19.0157 -4.6556 -5.8316
Car -1 -1 -7.4878 273.1683 162.8836 320.5538 186.4056 1.4817 1.6079 3.8402 -19.9411 0.3091 47.1983 -7.8903 -5.8361
Car -1 -1 -5.7343 1237.0000 102.2869 1237.0000 373.0000 1.4394 1.5692 3.9857 6.2552 1.3462 2.8984 -4.6369 -5.8406
Car -1 -1 -8.5735 1192.2452 156.9875 1237.0000 242.1469 1.3781 1.5576 3.9657 13.5246 0.9820 13.6414 -7.8071 -5.8423
Car -1 -1 -4.8442 737.1886 164.5551 805.6855 211.9395 1.3926 1.5766 4.0818 5.3654 0.8951 23.2139 -4.6245 -5.8858
Car -1 -1 -5.8530 0.0000 0.0000 1237.0000 373.0000 1.4899 1.6007 3.9552 4.5718 1.4380 1.7234 -4.6976 -5.8867
Car -1 -1 -7.0342 105.5080 0.0000 1237.0000 373.0000 1.5035 1.5889 3.9043 -0.9175 1.5944 0.5584 -7.8857 -5.8867
Car -1 -1 -9.1979 0.0000 0.0000 1237.0000 373.0000 1.4902 1.5843 3.8997 3.1022 1.5059 0.5392 -7.8858 -5.8867
Car -1 -1 -4.3951 318.5580 177.7165 429.1873 239.9461 1.4459 1.5838 3.9345 -5.7983 1.3585 18.6688 -4.6975 -5.8867
Car -1 -1 -3.5327 0.0000 198.8286 0.0000 373.0000 1.5055 1.6021 3.9578 -7.4736 1.6265 2.9979 -4.6975 -5.8867
Car -1 -1 -4.2590 185.5234 178.4670 329.6258 245.3064 1.4426 1.5833 3.9325 -8.2087 1.3777 17.4815 -4.6975 -5.8867
Car -1 -1 -8.7973 0.0000 0.0000 1129.1190 373.0000 1.5335 1.5860 3.8043 1.5053 1.5469 1.0182 -7.9398 -5.8867
Car -1 -1 -4.8351 674.1550 167.9004 746.2863 220.0956 1.3856 1.5681 3.9150 3.0559 1.0251 21.0385 -4.6977 -5.8867
Car -1 -1 -5.8753 1237.0000 127.1231 1237.0000 373.0000 1.4923 1.5972 3.9512 7.8008 1.4224 2.9220 -4.6974 -5.8867
Car -1 -1 -5.3605 0.0000 0.0000 1237.0000 373.0000 1.5003 1.6068 4.0566 40.2305 0.5341 -0.4672 -3.7896 -5.8867
Car -1 -1 -4.4744 387.6394 175.5789 485.0779 237.3316 1.4342 1.5811 3.9306 -4.1906 1.2973 18.6606 -4.6976 -5.8867
Car -1 -1 -4.7237 595.9370 171.0151 657.8055 226.3966 1.4088 1.5742 3.9230 0.6405 1.1426 20.2463 -4.6977 -5.8867
Car -1 -1 -3.4629 0.0000 0.0000 1237.0000 373.0000 1.5334 1.6086 3.9635 -6.2701 1.7259 1.7883 -4.7230 -5.8867
Car -1 -1 -4.0044 0.0000 189.2059 0.0000 373.0000 1.4430 1.6178 4.0148 -7.8732 1.5328 6.1850 -4.8945 -5.9066
Car -1 -1 -2.9406 590.1502 150.9506 672.6020 185.5792 1.7866 1.6518 4.1572 1.6105 0.2107 38.3546 -2.9037 -6.0987
Car -1 -1 -4.8546 831.0533 164.4347 876.2681 195.2779 1.4154 1.5275 3.7088 12.1915 0.6326 34.9289 -4.5260 -6.4552
Car -1 -1 -3.5640 568.1801 157.7649 652.7881 195.0461 1.8309 1.6796 4.0046 0.4582 0.6655 36.8543 -3.5565 -6.8415
Car -1 -1 -4.5721 1097.4241 197.8417 1237.0000 373.0000 1.6205 2.0769 4.7452 5.2899 1.7749 4.5540 -3.7459 -7.4426
