Car -1 -1 -5.8731 0.0000 202.5186 167.4074 339.4420 1.4304 1.5377 3.4249 -7.7073 1.7328 9.0966 -6.5677 4.5208
Car -1 -1 -7.2333 1053.0967 154.2706 1237.0000 250.3607 1.6474 1.7268 4.3312 11.0644 1.1812 13.7567 -6.5704 3.6965
Car -1 -1 -8.6941 1161.1411 164.2635 1237.0000 233.2095 1.4969 1.6061 3.7119 15.9988 1.1232 17.5305 -7.9669 -2.3502
Car -1 -1 -6.9288 731.0527 142.1346 876.8042 208.9751 1.9489 1.8117 4.1635 6.3232 0.8016 22.5590 -6.6635 -3.2766
Car -1 -1 -7.1057 736.3279 153.0192 816.5703 189.9248 1.7258 1.6678 3.8612 8.6255 0.3942 35.3586 -6.8730 -3.5683
Car -1 -1 -7.8446 1066.3406 163.5841 1228.3530 289.2580 1.5476 1.6767 4.0053 8.1822 1.3277 10.9560 -7.2199 -3.8992
Car -1 -1 -4.8557 1148.3872 166.5612 1237.0000 240.2733 1.4941 1.6724 4.3016 14.1222 1.1919 16.8344 -4.1704 -3.9931
Car -1 -1 -8.5152 702.5954 159.5431 775.3032 191.3510 1.5376 1.5183 3.9762 6.9725 0.4764 36.8390 -8.3343 -5.2408
Car -1 -1 -8.1557 1200.9082 138.3218 1237.0000 180.9050 1.4814 1.7899 3.9344 24.5051 -0.0240 27.2123 -7.4322 -5.5097
Car -1 -1 -6.7735 0.0000 190.6287 149.4805 287.9681 1.4787 1.6418 3.4716 -10.5800 1.6712 13.1906 -7.4453 -5.5666
Car -1 -1 -5.8430 1170.9403 142.2415 1237.0000 197.8900 1.5240 1.7153 4.2998 20.3346 0.4494 21.9870 -5.1074 -5.6485
Car -1 -1 -3.8755 0.0000 183.8405 152.0298 271.9612 1.5223 1.6405 3.9880 -11.4823 1.5773 14.6265 -4.5377 -5.7664
Car -1 -1 -4.9983 632.6052 159.1393 720.5922 212.4735 1.4727 1.5645 3.9879 2.1554 0.8557 21.9424 -4.9066 -5.7783
Car -1 -1 -5.8451 1237.0000 76.6887 1237.0000 373.0000 1.4484 1.5695 3.9455 6.2062 1.3700 2.5239 -4.7017 -5.8157
Car -1 -1 -4.4795 393.2698 173.7022 487.5365 233.2169 1.4165 1.5763 3.9242 -4.1814 1.2315 19.0709 -4.6977 -5.8867
Car -1 -1 -4.3698 298.9704 174.7311 408.6381 232.8567 1.4163 1.5765 3.9251 -6.5989 1.2519 19.4768 -4.6976 -5.8867
Car -1 -1 -4.6469 534.8231 169.4710 597.7102 222.6708 1.3846 1.5674 3.9131 -0.9584 1.0721 20.6638 -4.6978 -5.8867
Car -1 -1 -3.4552 0.0000 205.0706 0.0000 373.0000 1.5155 1.6098 3.9620 -7.0754 1.6535 2.1898 -4.6977 -5.8867
Car -1 -1 -6.6562 0.0000 0.0000 1237.0000 373.0000 1.5025 1.5984 3.8461 -4.4942 1.6154 1.4206 -7.8744 -5.8867
Car -1 -1 -8.7976 0.0000 0.0000 1129.4293 373.0000 1.5343 1.5861 3.8030 1.5054 1.5530 1.0174 -7.9398 -5.8867
Car -1 -1 -9.1919 0.0000 0.0000 1237.0000 373.0000 1.5230 1.5826 3.7982 3.9169 1.4907 1.0050 -7.9397 -5.8867
Car -1 -1 -5.6382 0.0000 0.0000 1237.0000 373.0000 1.5209 1.6625 4.0203 41.4653 0.6658 1.9374 -4.1253 -5.8867
Car -1 -1 -7.0766 66.9856 0.0000 1237.0000 373.0000 1.4954 1.5984 3.8456 -1.6825 1.5522 1.4049 -7.8743 -5.8867
Car -1 -1 -3.7065 0.0000 0.0000 1237.0000 373.0000 1.5251 1.6094 3.9646 -3.0551 1.6491 1.7680 -4.6972 -5.8867
Car -1 -1 -4.2838 215.4100 175.6949 345.1160 236.7540 1.4200 1.5771 3.9266 -8.2107 1.2856 18.6805 -4.6980 -5.8867
Car -1 -1 -4.5632 0.0000 0.0000 1237.0000 373.0000 1.5026 1.6034 3.9605 -0.2518 1.5345 1.7481 -4.6976 -5.8867
Car -1 -1 -3.5210 0.0000 207.1129 0.0000 373.0000 1.5279 1.6071 3.9645 -8.6738 1.7211 3.4059 -4.6971 -5.8867
Car -1 -1 -5.5403 1226.3860 161.3858 1237.0000 229.2518 1.4129 1.5939 4.0237 17.3600 0.9947 17.0007 -4.7571 -5.9375
Car -1 -1 -3.2487 598.6242 150.2301 668.0753 184.9564 1.8197 1.5524 3.5679 1.6748 0.1813 38.5376 -3.2103 -6.0477
Car -1 -1 -4.1695 0.0000 189.2752 0.0000 358.1832 1.5063 1.6024 3.8914 -10.2982 1.6238 8.6976 -5.0297 -6.0513
Car -1 -1 -8.3366 672.1088 154.9318 730.5377 191.4915 1.8279 1.6113 3.4429 5.1962 0.4998 37.8087 -8.2059 -6.8844
Car -1 -1 -2.0025 44.6810 356.7026 412.4794 373.0000 1.1221 1.4979 3.1031 -3.2021 2.9355 5.8961 -2.4903 -8.8752
