Car -1 -1 -8.1850 1085.7217 158.4221 1197.0717 215.1883 1.5665 1.5620 3.5989 16.1845 0.9301 21.7723 -7.5565 -0.8905
Car -1 -1 -7.1758 961.1545 151.2975 1083.3837 199.7306 1.5727 1.6641 3.7670 14.4883 0.5924 24.7874 -6.6564 -2.3967
Car -1 -1 -4.2410 1145.5958 167.3631 1237.0000 234.9881 1.4860 1.5632 3.5799 14.9658 1.1759 17.1957 -3.5374 -2.8601
Car -1 -1 -3.1459 1023.8224 166.6288 1217.9471 229.0282 1.4494 1.6241 3.8940 13.1386 1.1045 18.4578 -2.5391 -3.3842
Car -1 -1 -6.0624 0.0000 163.1396 172.8685 229.8013 1.9845 1.8222 4.3408 -16.4376 1.4384 23.0656 -6.6814 -3.5394
Car -1 -1 -8.6899 1075.4102 160.6517 1237.0000 222.9219 1.5011 1.6609 3.4717 14.7875 0.9991 19.1781 -8.0447 -3.5788
Car -1 -1 -7.7794 916.8116 167.9548 1084.0068 315.6352 1.4940 1.5655 3.4017 5.0804 1.3577 9.1226 -7.2888 -3.7774
Car -1 -1 -6.3561 66.2200 178.7651 180.6652 226.6574 1.7691 1.7606 3.6416 -18.8500 1.6685 28.3475 -6.9438 -4.4781
Car -1 -1 -4.5518 314.4275 156.9354 379.6841 198.9402 1.4765 1.7433 3.8950 -9.6033 0.6134 27.3216 -4.8917 -4.5050
Car -1 -1 -7.4582 259.6687 157.8968 346.1960 204.0801 1.5934 1.6640 3.7065 -10.9821 0.7795 26.6405 -7.8506 -4.5418
Car -1 -1 -8.4287 918.4283 163.6782 1069.1030 225.4450 1.5389 1.6806 4.0815 10.6903 1.0954 20.0083 -7.9486 -4.5677
Car -1 -1 -7.3968 0.0000 192.2798 76.1766 241.7556 1.5092 1.5470 3.4856 -19.7505 1.9068 24.5955 -8.0735 -4.6819
Car -1 -1 -6.9874 0.0000 187.6443 73.7610 269.5316 1.6206 1.7642 3.9966 -14.7731 1.7814 16.6350 -7.7111 -4.7541
Car -1 -1 -6.3754 1163.5009 117.2966 1237.0000 353.7253 1.8235 1.6522 3.9359 8.3505 1.3291 7.4651 -5.5567 -4.8130
Car -1 -1 -4.4076 33.7931 184.9290 162.8573 253.4903 1.6186 1.6471 4.2420 -13.4549 1.7227 19.4539 -5.0117 -4.8827
Car -1 -1 -7.8567 936.8910 173.1319 1055.6772 277.7527 1.5173 1.5613 3.8919 6.7423 1.3966 12.5050 -7.3763 -4.9577
Car -1 -1 -6.4121 308.6132 167.3436 428.6269 232.9818 1.9279 1.5260 3.4085 -7.3247 1.5126 22.5215 -6.7284 -5.3607
Car -1 -1 -7.8153 933.7017 166.6343 1038.2167 246.1492 1.5413 1.8441 4.6812 8.7830 1.2537 16.4138 -7.3358 -5.5270
Car -1 -1 -4.7571 1051.5295 167.8447 1171.5756 255.7278 1.5163 1.7035 4.2123 10.1651 1.2813 14.6351 -4.1636 -5.6200
Car -1 -1 -7.2768 68.0991 169.8625 214.7323 232.1131 2.0476 1.8881 5.3669 -16.6091 1.6652 26.3244 -7.8403 -5.7738
Car -1 -1 -4.1288 0.0000 188.6302 0.0000 263.9051 1.4008 1.6772 4.3664 -16.2510 1.5841 16.1112 -4.9156 -5.7948
Car -1 -1 -4.2694 0.0000 188.3044 0.0000 282.4075 1.3885 1.5937 4.1535 -14.2200 1.5347 13.1447 -5.0894 -5.8443
Car -1 -1 -3.8275 0.0000 195.9591 0.0000 334.0623 1.5319 1.6490 4.5866 -11.9405 1.7968 10.7923 -4.6568 -5.8831
Car -1 -1 -6.6701 0.0000 0.0000 1237.0000 373.0000 1.5449 1.5854 3.8022 -4.1221 1.6640 1.0444 -7.9396 -5.8867
Car -1 -1 -3.5717 0.0000 197.4863 0.0000 373.0000 1.5072 1.6056 3.9611 -5.8755 1.6097 2.5793 -4.6976 -5.8867
Car -1 -1 -3.4967 0.0000 200.2153 0.0000 373.0000 1.5042 1.6011 3.9564 -8.2789 1.6349 3.0003 -4.6974 -5.8867
Car -1 -1 -6.8897 0.0000 0.0000 1237.0000 373.0000 1.4920 1.5933 3.8447 -2.4854 1.5532 1.4121 -7.8743 -5.8867
Car -1 -1 -9.0270 0.0000 0.0000 1237.0000 373.0000 1.4981 1.5828 3.8154 4.7333 1.3681 1.3996 -7.7995 -5.8867
Car -1 -1 -5.3605 0.0000 0.0000 1237.0000 373.0000 1.5003 1.6068 4.0566 40.2305 0.5341 -0.4672 -3.7896 -5.8867
Car -1 -1 -5.6238 1237.0000 0.0000 1237.0000 373.0000 1.5405 1.6694 4.0267 41.4658 0.6939 2.3483 -4.1208 -5.8867
Car -1 -1 -5.9524 0.0000 0.0000 1237.0000 373.0000 1.4933 1.5988 3.9492 6.1803 1.4040 1.7139 -4.6965 -5.8867
Car -1 -1 -7.3179 148.8741 0.0000 1237.0000 373.0000 1.5353 1.5833 3.8034 -0.9066 1.5868 1.0307 -7.9397 -5.8867
Car -1 -1 -8.2547 0.0000 0.0000 930.7673 373.0000 1.4635 1.5552 3.7930 0.6839 1.4520 1.3595 -7.8655 -5.9538
Car -1 -1 -8.9500 0.0000 0.0000 1237.0000 373.0000 1.5278 1.5332 3.7178 2.2712 1.4855 1.0459 -7.9087 -6.1039
