Car -1 -1 -6.9715 957.4255 156.5911 1095.0697 200.3260 1.4233 1.6253 3.9134 14.4184 0.6131 24.5026 -6.4492 -0.9538
Car -1 -1 -7.9927 333.8966 142.6277 409.4541 203.6685 1.7733 1.7024 4.4269 -7.5433 0.6445 23.2304 -8.3082 -2.8793
Car -1 -1 -6.0728 1163.4635 151.4438 1237.0000 229.3818 1.4626 1.6630 4.3647 15.2445 0.8992 15.7489 -5.3170 -3.2284
Car -1 -1 -3.1928 1010.1045 161.7771 1221.0760 226.3864 1.4657 1.6402 4.1591 12.6712 1.0188 18.0794 -2.5933 -3.3628
Car -1 -1 -7.6051 113.3872 168.4512 188.1225 216.5131 1.7820 1.6573 3.7414 -17.9003 1.2985 28.6675 -8.1643 -3.6732
Car -1 -1 -4.8453 1152.5940 155.0882 1237.0000 218.4615 1.4710 1.5836 3.5913 15.4850 0.8585 18.6193 -4.1635 -4.1500
Car -1 -1 -4.9308 501.4261 179.7495 567.8336 224.9757 1.3714 1.4237 3.5060 -2.2953 1.3187 23.6692 -5.0316 -4.2989
Car -1 -1 -5.2292 1027.0178 176.3979 1111.8585 212.4803 1.4529 1.5701 3.3118 19.8297 1.2478 30.6166 -4.6634 -4.3424
Car -1 -1 -6.1469 56.5892 173.3822 212.1027 230.3519 1.8282 1.7828 4.2920 -15.9446 1.5682 24.7668 -6.7193 -4.5082
Car -1 -1 -2.8880 0.0000 161.6276 191.5214 234.8209 2.1383 1.9913 4.7985 -15.9230 1.5582 22.7563 -3.4983 -4.7062
Car -1 -1 -7.7384 941.8973 166.8402 1126.0051 325.5502 1.5104 1.5651 3.4314 5.2914 1.3716 8.6781 -7.2096 -4.9326
Car -1 -1 -5.1702 938.8717 166.7012 1038.7941 204.5852 1.3019 1.6443 3.9548 14.2272 0.7937 26.6812 -4.6894 -5.1307
Car -1 -1 -6.7080 1185.6648 0.0000 1237.0000 373.0000 1.4233 1.5279 3.5464 4.0682 1.2166 2.1716 -5.6822 -5.2803
Car -1 -1 -9.1791 0.0000 0.0000 1237.0000 373.0000 1.3326 1.4751 3.4409 2.6915 1.2797 0.6488 -7.9407 -5.3844
Car -1 -1 -8.7374 1152.5497 167.5499 1237.0000 247.5237 1.3526 1.7015 4.3073 13.6939 1.1173 14.3989 -7.9913 -5.3951
Car -1 -1 -7.7754 171.3716 172.2694 229.1403 215.3125 1.6598 1.8225 3.4108 -16.4890 1.3042 29.6298 -8.2845 -5.4824
Car -1 -1 -7.9133 945.5067 179.1807 1082.3955 286.9057 1.4096 1.5538 3.6678 6.3058 1.3799 11.3900 -7.4227 -5.7129
Car -1 -1 -3.7070 0.0000 197.0578 66.7840 373.0000 1.5124 1.6066 3.9625 -4.2675 1.6120 2.5716 -4.6976 -5.8867
Car -1 -1 -6.9179 0.0000 0.0000 1237.0000 373.0000 1.5395 1.5852 3.8024 -2.0988 1.6151 1.0439 -7.9392 -5.8867
Car -1 -1 -3.5477 0.0000 199.3925 0.0000 373.0000 1.5096 1.6074 3.9594 -6.2683 1.6244 2.5867 -4.6974 -5.8867
Car -1 -1 -3.5141 0.0000 201.4318 0.0000 373.0000 1.5105 1.6059 3.9587 -7.8749 1.6497 2.9989 -4.6977 -5.8867
Car -1 -1 -5.3605 0.0000 0.0000 1237.0000 373.0000 1.5003 1.6068 4.0566 40.2305 0.5341 -0.4672 -3.7896 -5.8867
Car -1 -1 -4.2778 0.0000 188.4487 0.0000 279.6475 1.4853 1.6641 4.2856 -15.0159 1.6468 14.3472 -5.0821 -5.9331
Car -1 -1 -6.9811 1029.9894 156.3961 1187.6375 201.9387 1.5279 1.7309 4.4613 17.6843 0.6861 25.1737 -6.3785 -6.0359
Car -1 -1 -7.3786 1092.0796 127.8113 1237.0000 373.0000 1.3874 1.6613 3.6276 4.7698 1.1951 3.8180 -6.5212 -6.0961
Car -1 -1 -7.5216 82.0813 189.6180 207.3744 254.9035 1.5184 1.6945 3.7157 -12.0700 1.7585 19.2054 -8.0820 -6.3257
Car -1 -1 -8.1074 917.7000 165.4926 1085.5391 260.1947 1.6198 1.7923 4.5682 7.8727 1.3466 14.7132 -7.6288 -6.4572
