Car -1 -1 -6.5691 505.1464 160.5569 802.3762 283.2770 1.8284 1.8095 4.6720 0.7661 1.5170 12.1157 -6.5130 7.5748
Car -1 -1 -3.3905 493.8823 167.0856 642.2409 224.9134 1.5482 1.6644 3.9602 -1.0109 1.1628 20.6155 -3.4440 -2.7338
Car -1 -1 -2.7724 475.6372 171.6297 561.2172 209.0197 1.6172 1.7097 3.4431 -3.7261 1.1906 32.3235 -2.8914 -3.5195
Car -1 -1 -7.6932 70.4136 165.6080 147.9007 221.3933 1.9299 1.7421 4.3571 -18.5318 1.3805 27.1934 -8.2920 -3.6270
Car -1 -1 -3.9086 1038.3136 146.2172 1168.8280 193.9390 1.7660 1.7917 4.0456 19.3653 0.4607 27.8048 -3.3095 -3.9202
Car -1 -1 -7.9450 622.4807 154.6179 680.4013 204.3933 1.5514 1.5754 3.8061 1.5904 0.7140 24.3154 -7.8853 -4.0225
Car -1 -1 -8.2758 1150.9553 177.5487 1237.0000 241.1938 1.4480 1.5524 3.6361 15.7218 1.3587 18.3038 -7.5783 -4.0666
Car -1 -1 -4.4843 673.0019 180.5647 795.0592 262.8107 1.4656 1.6227 4.1867 2.8727 1.4495 15.0438 -4.3042 -4.5065
Car -1 -1 -7.7093 1095.8064 174.9457 1197.2681 235.7253 1.4143 1.6058 3.8051 14.1576 1.2623 18.6300 -7.0713 -4.6280
Car -1 -1 -9.2374 1126.7288 147.2668 1237.0000 199.7777 1.6478 1.7742 3.6603 20.3632 0.5740 24.5126 -8.5544 -4.7601
Car -1 -1 -4.4849 508.0272 184.2407 600.9219 243.8073 1.3673 1.6309 3.6179 -1.1427 1.4460 18.5813 -4.5509 -5.0706
Car -1 -1 -4.3689 50.8721 185.8997 198.8613 257.3102 1.4030 1.5852 3.8744 -10.7289 1.5169 16.4355 -4.9453 -5.4133
Car -1 -1 -5.4090 0.0000 196.6366 12.4805 284.0236 1.4288 1.5699 3.9641 -13.2643 1.7237 13.0219 -6.1990 -5.4340
Car -1 -1 -7.3100 1180.0524 125.0910 1237.0000 373.0000 1.6071 1.5987 3.2039 5.0877 1.3956 3.6927 -6.4058 -5.5507
Car -1 -1 -8.2260 1079.8442 170.2153 1237.0000 250.1081 1.3326 1.5424 3.5374 10.7533 1.1450 13.8930 -7.5816 -5.7066
Car -1 -1 -6.6685 1089.3851 175.4885 1237.0000 373.0000 1.5488 1.6703 4.3081 7.4196 1.5049 6.9517 -5.8747 -5.7530
Car -1 -1 -8.3314 1075.6160 164.5240 1237.0000 232.8764 1.3293 1.5538 3.7291 12.2431 0.9998 15.9368 -7.6893 -5.8072
Car -1 -1 -4.4260 0.0000 189.2964 134.2467 259.9333 1.3846 1.5615 3.8193 -12.2534 1.5876 16.5965 -5.0598 -5.8386
Car -1 -1 -3.5241 0.0000 200.6555 0.0000 373.0000 1.5111 1.6062 3.9619 -6.6794 1.6339 2.5832 -4.6976 -5.8867
Car -1 -1 -4.3766 306.4360 172.0886 412.3738 227.8520 1.3909 1.5701 3.9157 -6.5899 1.1567 19.8865 -4.6978 -5.8867
Car -1 -1 -3.4967 0.0000 203.5753 0.0000 373.0000 1.5147 1.6053 3.9604 -8.2787 1.6689 3.0001 -4.6974 -5.8867
Car -1 -1 -4.3062 241.9134 176.8059 359.8026 233.9864 1.4264 1.5795 3.9271 -8.1974 1.3098 19.8945 -4.6976 -5.8867
Car -1 -1 -6.7026 0.0000 0.0000 1237.0000 373.0000 1.5476 1.5870 3.8036 -3.7063 1.6655 1.0499 -7.9389 -5.8867
Car -1 -1 -5.8354 1237.0000 140.4679 1237.0000 373.0000 1.4972 1.6008 3.9533 6.9967 1.4446 2.9248 -4.6974 -5.8867
Car -1 -1 -4.2336 167.5565 176.5866 301.0390 234.9936 1.4245 1.5810 3.9291 -9.8149 1.3052 19.4933 -4.6999 -5.8867
Car -1 -1 -7.0090 0.0000 0.0000 1237.0000 373.0000 1.5396 1.5890 3.8040 -1.7103 1.6054 1.0321 -7.9397 -5.8867
Car -1 -1 -5.3605 0.0000 0.0000 1237.0000 373.0000 1.5003 1.6068 4.0566 40.2305 0.5341 -0.4672 -3.7896 -5.8867
Car -1 -1 -2.6924 0.0000 192.5079 0.0000 315.2991 1.6370 1.6693 4.1441 -12.9819 1.8367 11.4232 -3.5357 -5.9338
Car -1 -1 -7.3210 0.0000 179.8210 0.0000 265.0945 1.5460 1.6437 3.8773 -15.6740 1.5161 15.1099 -8.1212 -5.9699
Car -1 -1 -4.3095 0.0000 183.0329 0.0000 251.0065 1.4847 1.6190 4.1166 -18.2338 1.5284 18.0012 -5.0992 -5.9724
Car -1 -1 -4.1873 75.3905 178.9526 226.3516 240.7784 1.4729 1.6097 3.9842 -11.8191 1.4127 19.1261 -4.7399 -6.0546
Car -1 -1 -4.5572 374.8107 166.8772 458.1035 226.5047 1.4829 1.6055 4.3062 -5.0757 1.1197 20.0832 -4.8068 -6.1208
Car -1 -1 -4.1313 0.0000 192.0496 0.0000 348.4407 1.4438 1.6480 4.4799 -11.1128 1.6164 9.3333 -4.9951 -6.2536
Car -1 -1 -5.0944 413.6419 144.0186 1237.0000 373.0000 1.5803 1.6001 3.9267 0.1997 1.5505 2.7020 -5.0355 -6.4764
Car -1 -1 -7.2989 0.0000 180.2669 57.1640 233.0239 1.6604 1.9210 4.7870 -21.5407 1.6220 25.1197 -8.0077 -6.6075
Car -1 -1 -4.6326 581.9561 170.6572 684.3342 250.8365 1.4782 1.8582 5.1041 0.8348 1.2789 15.8922 -4.5863 -7.3302
Car -1 -1 -7.4997 603.6446 265.1240 1148.6395 373.0000 1.8073 1.8014 2.6890 1.5130 2.4232 3.6782 -7.1421 -7.4384
