Car -1 -1 -7.2668 991.3830 178.9283 1210.1849 272.4119 1.4321 1.5414 3.3246 8.5332 1.3934 12.3547 -6.6775 5.8734
Car -1 -1 -5.5703 851.0420 151.7555 933.5041 192.4168 2.2136 1.8126 4.2352 16.6777 0.5945 41.4024 -5.1944 -3.2653
Car -1 -1 -8.7226 1085.0126 151.8529 1192.7877 195.6526 1.4588 1.5492 2.6753 18.9015 0.4718 25.4076 -8.0928 -3.2873
Car -1 -1 -6.5599 948.5870 160.8568 1010.1882 181.8843 1.6195 1.7610 3.9559 29.7370 0.0295 56.5816 -6.0828 -3.4589
Car -1 -1 -3.7957 988.4108 147.8963 1134.6484 193.6767 1.5787 1.6811 4.3055 16.4464 0.4203 25.8154 -3.2380 -3.9225
Car -1 -1 -7.5505 0.0000 152.8914 106.5656 220.6431 2.1443 1.7401 4.3080 -18.9738 1.2393 25.0560 -8.1986 -4.1125
Car -1 -1 -4.9046 828.5810 168.4575 885.4523 205.1005 1.4353 1.5282 3.6771 10.6024 0.9248 30.0645 -4.5733 -4.1310
Car -1 -1 -4.3340 827.5925 168.8473 898.2844 203.5668 1.5073 1.6526 4.2532 12.1715 0.9583 33.3290 -3.9914 -4.2853
Car -1 -1 -6.2668 833.8469 168.6746 957.3311 210.9527 1.5132 1.7336 4.2167 11.0994 1.0546 27.3201 -5.8893 -4.4212
Car -1 -1 -7.6455 718.3491 168.5320 782.5774 212.9294 1.4690 1.5220 3.8469 5.4011 1.0404 25.8358 -7.4465 -4.4651
Car -1 -1 -7.3648 248.5108 178.6326 299.8716 201.2268 1.4199 1.6088 3.4952 -21.3152 1.2398 46.9363 -7.7940 -4.6092
Car -1 -1 -7.9414 980.1122 170.6172 1036.8992 208.5640 1.4340 1.6284 3.9182 16.4824 1.0231 29.2676 -7.4374 -4.6491
Car -1 -1 -5.3846 883.7827 166.7567 978.2318 202.7633 1.5175 1.6305 4.1367 14.7696 0.8965 32.4813 -4.9659 -4.7412
Car -1 -1 -3.5952 662.8675 170.4794 772.9279 210.7694 1.4536 1.5666 3.8198 4.3785 1.0564 27.2300 -3.4424 -5.1492
Car -1 -1 -3.2455 586.7981 148.1621 670.9913 181.1765 1.6774 1.6272 4.2346 1.3867 -0.0171 37.4799 -3.2134 -5.1688
Car -1 -1 -5.2520 985.8425 155.8307 1042.5724 180.0343 1.7361 1.6901 4.3175 30.9460 -0.1147 53.9722 -4.7383 -5.2680
Car -1 -1 -4.5695 833.6392 174.2349 895.0666 217.9477 1.4550 1.6123 3.5791 9.4955 1.2136 25.8689 -4.2261 -5.4066
Car -1 -1 -7.9484 226.3081 175.3178 264.2329 199.8853 1.5029 1.8058 3.8922 -22.8702 1.1248 46.0740 -8.4118 -5.4101
Car -1 -1 -4.6681 710.5488 176.3105 776.6105 231.0805 1.2827 1.5343 3.5752 3.7314 1.1617 18.7400 -4.4794 -5.4984
Car -1 -1 -5.1422 1186.1719 168.4855 1237.0000 267.1165 1.3719 1.6420 4.2278 11.8848 1.1915 12.2567 -4.3880 -5.5513
Car -1 -1 -5.1245 1237.0000 163.4274 1237.0000 302.4483 1.4041 1.5773 4.0396 10.2954 1.2223 9.4226 -4.3139 -5.6059
Car -1 -1 -4.8382 955.9772 164.2145 1011.5978 199.1953 1.4625 1.6983 3.7035 16.9727 0.7401 32.0635 -4.3597 -5.6709
Car -1 -1 -4.7226 657.2946 171.5522 726.7820 232.2661 1.4120 1.6115 3.8599 2.2764 1.1812 18.7095 -4.6084 -5.7739
Car -1 -1 -3.9106 0.0000 189.1521 11.5786 301.3499 1.3811 1.6336 4.3145 -11.9014 1.5250 11.2964 -4.7158 -5.8009
Car -1 -1 -8.4365 1237.0000 159.8461 1237.0000 371.0319 1.4354 1.5985 3.9254 8.6645 1.2889 6.9907 -7.5680 -5.8012
Car -1 -1 -7.7890 773.7357 173.6416 845.3478 229.8695 1.2816 1.5467 4.0162 5.4129 1.1030 18.5236 -7.5136 -5.8460
Car -1 -1 -3.6406 0.0000 203.9689 17.6142 373.0000 1.5258 1.6108 3.9665 -4.2618 1.6571 2.1768 -4.6976 -5.8867
Car -1 -1 -3.9453 107.6251 0.0000 1237.0000 373.0000 1.5335 1.6138 3.9715 -1.8592 1.6567 1.7559 -4.6976 -5.8867
Car -1 -1 -5.9877 0.0000 0.0000 1237.0000 373.0000 1.4917 1.6001 3.9531 6.9838 1.4251 1.7108 -4.6976 -5.8867
Car -1 -1 -5.2846 0.0000 0.0000 1036.2935 373.0000 1.5104 1.6072 3.9635 1.3563 1.5416 1.7398 -4.6976 -5.8867
Car -1 -1 -7.5639 125.9298 0.0000 1237.0000 373.0000 1.5538 1.5929 3.8073 -0.4918 1.6414 1.0331 -7.9392 -5.8867
Car -1 -1 -3.5533 0.0000 204.5836 0.0000 373.0000 1.5234 1.6083 3.9639 -7.0701 1.6846 2.9967 -4.6976 -5.8867
Car -1 -1 -9.1166 0.0000 0.0000 1237.0000 373.0000 1.5307 1.5853 3.8020 3.1132 1.5227 1.0094 -7.9398 -5.8867
Car -1 -1 -5.9097 0.0000 0.0000 1237.0000 373.0000 1.4905 1.6009 3.9549 5.3758 1.4323 1.7192 -4.6976 -5.8867
Car -1 -1 -4.8368 1212.0198 167.1227 1237.0000 191.2716 1.5219 1.6599 4.0140 41.6853 0.6159 47.4003 -4.1231 -5.8867
Car -1 -1 -4.8709 1237.0000 165.7561 1237.0000 191.7704 1.5229 1.6608 4.0164 41.6693 0.6014 44.1829 -4.1226 -5.8867
Car -1 -1 -3.4815 0.0000 205.7547 0.0000 373.0000 1.5187 1.6069 3.9614 -8.6782 1.6881 3.0038 -4.6976 -5.8867
Car -1 -1 -4.7047 580.0565 169.1178 643.0355 225.0135 1.3918 1.5690 3.9136 0.2444 1.0840 19.8551 -4.6977 -5.8867
Car -1 -1 -5.6382 0.0000 0.0000 1237.0000 373.0000 1.5209 1.6625 4.0203 41.4653 0.6658 1.9374 -4.1253 -5.8867
Car -1 -1 -4.9047 722.4155 169.7319 803.0952 221.6181 1.4063 1.5742 3.9213 4.6736 1.0878 21.4410 -4.6978 -5.8867
Car -1 -1 -3.2754 1020.6995 166.2401 1157.1366 213.7432 1.3122 1.4204 3.1461 14.2047 0.8911 21.1621 -2.6950 -5.9516
Car -1 -1 -4.4697 268.3190 178.5139 310.4273 200.9787 1.3835 1.6627 3.6606 -20.0001 1.1996 46.1814 -4.8813 -5.9911
Car -1 -1 -5.0525 682.3541 160.8362 737.0212 202.2009 1.9267 1.5139 3.6190 5.2598 0.9645 35.3818 -4.9110 -6.0535
Car -1 -1 -5.7570 1144.6525 166.0137 1237.0000 244.6142 1.4437 1.5167 3.4926 13.7165 1.1599 15.0907 -5.0330 -6.1971
Car -1 -1 -7.4192 1237.0000 163.7876 1237.0000 373.0000 1.3944 1.5692 4.2381 6.2964 1.3259 3.9168 -6.4399 -6.2028
Car -1 -1 -8.2683 748.6552 154.5188 812.8926 192.1187 1.8576 1.6888 4.2038 9.3210 0.5248 37.7069 -8.0325 -6.3743
Car -1 -1 -7.3052 791.3051 157.1583 854.3278 190.6917 1.6517 1.5340 3.4868 11.4564 0.4530 37.1153 -7.0127 -7.2327
Car -1 -1 -8.2951 1056.0284 167.7749 1171.7618 216.4308 1.3880 1.5626 3.4472 15.7461 0.9970 22.3196 -7.6912 -7.4668
