Car -1 -1 -7.1913 968.9445 181.1157 1189.7224 273.4813 1.4041 1.5177 3.1635 8.0189 1.3989 12.1631 -6.6236 5.8749
Car -1 -1 -4.1359 1039.4668 162.7122 1173.1221 214.4142 1.3821 1.5153 3.4592 14.4187 0.8804 20.5659 -3.5354 -1.4223
Car -1 -1 -8.6461 850.0803 154.3068 930.8766 196.0167 2.2776 1.7997 4.2871 16.6277 0.7929 41.5495 -8.2726 -2.9819
Car -1 -1 -5.2296 955.4199 162.2715 1000.6498 181.8951 1.5085 1.5906 3.5945 29.8740 0.0303 57.0480 -4.7540 -3.6626
Car -1 -1 -7.6708 2.1707 145.8213 93.3784 211.7820 2.0606 1.7767 3.9653 -18.8573 0.9465 24.6108 -8.3244 -3.7736
Car -1 -1 -6.3012 835.0790 168.2622 944.7371 210.2527 1.5154 1.6831 3.7643 10.8893 1.0381 27.3636 -5.9308 -4.4051
Car -1 -1 -7.6602 253.7592 177.6412 292.6689 200.3175 1.4175 1.6436 3.6776 -21.3618 1.1763 46.8831 -8.0906 -4.4676
Car -1 -1 -8.0254 981.1722 163.0913 1016.5475 183.0050 1.5193 1.8319 3.6027 31.4001 0.1147 56.8063 -7.5272 -4.5705
Car -1 -1 -7.9355 980.4243 170.6528 1036.6647 208.5227 1.4309 1.6305 3.9262 16.4840 1.0214 29.2665 -7.4314 -4.6567
Car -1 -1 -4.9879 826.1888 171.6900 891.5895 208.7029 1.4370 1.6265 3.4604 10.5319 1.0565 29.6632 -4.6545 -4.8563
Car -1 -1 -6.7563 704.4954 159.6322 805.3118 202.0181 1.5632 1.5621 3.4739 5.8783 0.7571 27.7099 -6.5541 -4.8619
Car -1 -1 -3.2797 584.7756 146.8875 672.2114 180.3832 1.6970 1.6557 4.3694 1.3700 -0.0598 37.5197 -3.2481 -5.0524
Car -1 -1 -3.3019 869.8511 157.8143 970.0333 190.6646 1.5115 1.6137 4.1617 15.1257 0.4220 34.3433 -2.8948 -5.0734
Car -1 -1 -4.6157 836.2816 172.4610 893.4557 216.1411 1.4441 1.6077 3.6609 9.4698 1.1457 25.7466 -4.2717 -5.1280
Car -1 -1 -4.7048 942.0955 166.5741 987.8262 208.0219 1.5878 1.5824 4.3625 15.0544 1.0164 29.8222 -4.2459 -5.1691
Car -1 -1 -5.2786 1150.2797 168.9985 1237.0000 266.3698 1.3498 1.6274 4.1750 11.3703 1.1772 12.1530 -4.5424 -5.3463
Car -1 -1 -4.1568 1047.3998 163.5895 1208.2511 221.4691 1.3506 1.6702 3.6074 13.3136 0.9332 18.2280 -3.5378 -5.5111
Car -1 -1 -8.3826 1228.0577 176.9777 1237.0000 320.9667 1.3925 1.5797 3.9083 9.8880 1.3495 9.0439 -7.5723 -5.6463
Car -1 -1 -4.5334 689.7654 177.0296 777.0547 235.5448 1.3612 1.6244 3.7164 3.4960 1.2577 18.7347 -4.3567 -5.6760
Car -1 -1 -4.1820 0.0000 188.9175 27.7999 298.6892 1.4206 1.6810 4.3190 -11.6845 1.5678 11.9036 -4.9525 -5.7365
Car -1 -1 -7.4542 216.3815 174.8246 271.7793 199.7480 1.4829 1.7479 3.8145 -22.1580 1.0858 44.6988 -7.9170 -5.7774
Car -1 -1 -4.4051 433.8224 177.6081 544.9864 244.8379 1.4229 1.5767 3.6945 -2.5799 1.3411 17.1505 -4.5575 -5.8211
Car -1 -1 -4.7169 625.0462 170.8056 693.6608 232.3555 1.4247 1.5881 3.8961 1.4333 1.1777 18.6241 -4.6464 -5.8389
Car -1 -1 -5.4819 0.0000 0.0000 1237.0000 373.0000 1.4857 1.6451 3.9869 40.6714 0.5907 -0.0459 -3.9214 -5.8867
Car -1 -1 -8.1634 0.0000 0.0000 841.6967 373.0000 1.5526 1.5914 3.8064 0.3126 1.6318 1.0295 -7.9391 -5.8867
Car -1 -1 -4.6220 511.3011 173.5198 583.7370 233.4017 1.4243 1.5776 3.9263 -1.3664 1.2350 19.0596 -4.6978 -5.8867
Car -1 -1 -9.1321 0.0000 0.0000 1237.0000 373.0000 1.4782 1.5894 3.8375 5.1531 1.4301 1.3748 -7.8744 -5.8867
Car -1 -1 -6.7244 0.0000 0.0000 1237.0000 373.0000 1.5068 1.6026 3.8492 -3.6908 1.6138 1.4157 -7.8744 -5.8867
Car -1 -1 -7.2112 154.3508 0.0000 1237.0000 373.0000 1.5069 1.6020 3.8494 -1.2786 1.5882 1.4046 -7.8744 -5.8867
Car -1 -1 -8.7316 0.0000 0.0000 1195.8052 373.0000 1.4941 1.5967 3.8441 1.9371 1.5137 1.3894 -7.8744 -5.8867
Car -1 -1 -5.5043 1226.0492 166.9350 1237.0000 275.4846 1.4755 1.5934 3.9472 12.6681 1.2782 11.7495 -4.6976 -5.8867
Car -1 -1 -4.7227 596.3320 170.8433 655.4570 223.6212 1.4018 1.5707 3.9190 0.6444 1.1193 21.0506 -4.6976 -5.8867
Car -1 -1 -3.9180 0.0000 184.9908 15.9443 277.7728 1.4669 1.5875 3.9401 -13.4514 1.5427 13.4875 -4.6976 -5.8867
Car -1 -1 -3.4359 0.0000 0.0000 1237.0000 373.0000 1.5383 1.6117 3.9673 -6.2700 1.7364 1.7824 -4.6969 -5.8867
Car -1 -1 -3.5567 0.0000 204.3285 0.0000 373.0000 1.5243 1.6073 3.9641 -7.8704 1.6965 3.4020 -4.6972 -5.8867
Car -1 -1 -4.8191 662.8080 170.1655 734.2368 224.2469 1.4062 1.5724 3.9193 2.6609 1.1120 20.6488 -4.6977 -5.8867
Car -1 -1 -4.9048 722.4636 168.6031 803.0142 220.0731 1.3951 1.5711 3.9174 4.6734 1.0460 21.4408 -4.6978 -5.8867
Car -1 -1 -9.0048 0.0000 0.0000 1237.0000 373.0000 1.4880 1.5931 3.8413 3.5453 1.4794 1.3823 -7.8744 -5.8867
Car -1 -1 -5.9874 0.0000 0.0000 1237.0000 373.0000 1.4967 1.5992 3.9525 6.9841 1.4383 1.7107 -4.6972 -5.8867
Car -1 -1 -4.1853 104.2218 179.3034 271.4692 249.7770 1.4429 1.5824 3.9328 -9.4171 1.3985 16.6856 -4.6977 -5.8867
Car -1 -1 -4.4995 410.1369 176.2601 501.4049 236.6308 1.4368 1.5793 3.9294 -3.7775 1.3126 19.0718 -4.6977 -5.8867
Car -1 -1 -6.8099 996.4092 148.8989 1142.3961 198.3993 1.7402 1.7304 4.1606 16.9468 0.5945 26.1973 -6.2452 -5.8904
Car -1 -1 -7.5630 766.0684 171.1632 872.8015 227.5405 1.3057 1.5645 4.1887 5.7744 1.0668 18.8171 -7.2743 -6.0047
Car -1 -1 -7.5381 267.4541 173.8333 317.5623 198.2427 1.5052 1.7777 4.1783 -19.8979 1.0325 46.4564 -7.9457 -6.2279
Car -1 -1 -3.6562 743.2836 154.5568 833.8702 198.1183 2.0992 1.7308 4.0700 9.3475 0.8011 35.9885 -3.4088 -6.5734
Car -1 -1 -5.3121 680.0145 162.6071 743.5927 201.1711 1.8046 1.4034 3.4084 5.3828 0.9208 35.4536 -5.1675 -6.9281
