Car -1 -1 -7.2650 991.2217 178.1909 1208.0537 272.4006 1.4440 1.5268 3.2896 8.5076 1.3939 12.3463 -6.6768 6.3490
Car -1 -1 -6.9721 951.8300 161.4834 1017.0204 183.6520 1.7045 1.7387 4.4452 30.1465 0.1654 56.5382 -6.4890 -3.2975
Car -1 -1 -7.5517 0.0000 153.2554 107.4732 220.5738 2.1307 1.7625 4.3883 -18.9920 1.2372 25.0987 -8.1995 -3.8642
Car -1 -1 -6.7035 987.0619 166.5055 1049.0175 187.0855 1.5470 1.6972 3.7353 31.8857 0.4198 55.0243 -6.1852 -3.9562
Car -1 -1 -6.2830 832.5940 167.7218 958.7276 210.3751 1.5275 1.7544 4.3071 11.0919 1.0345 27.3337 -5.9059 -4.1603
Car -1 -1 -4.8523 829.7444 167.9978 883.9553 204.8802 1.4390 1.5628 3.9343 10.6082 0.9126 30.1063 -4.5213 -4.2203
Car -1 -1 -7.3682 247.7134 178.3928 299.1413 200.0419 1.3575 1.6119 3.4975 -21.3183 1.1627 46.8341 -7.7982 -4.4434
Car -1 -1 -4.4111 833.3109 169.5151 897.9236 203.3855 1.4657 1.6423 4.2738 12.2819 0.9473 33.2842 -4.0652 -4.6131
Car -1 -1 -7.9495 979.7648 170.8748 1037.2931 208.5127 1.4229 1.6255 3.9130 16.4867 1.0216 29.2753 -7.4455 -4.6384
Car -1 -1 -5.3446 886.1393 168.3194 987.9637 206.1829 1.5788 1.6856 4.6767 14.9800 1.0295 32.4148 -4.9198 -4.7399
Car -1 -1 -7.1284 834.5889 179.5805 946.3834 225.2724 1.5034 1.6512 3.6448 10.1217 1.4406 25.1987 -6.7552 -4.7518
Car -1 -1 -7.0584 1044.0884 166.1134 1193.1887 216.6523 1.4012 1.5612 3.4384 15.0153 0.9751 20.9686 -6.4479 -4.9828
Car -1 -1 -4.4628 756.4495 173.1414 859.0385 237.6873 1.4558 1.6331 3.8504 5.3041 1.2679 18.2777 -4.1895 -5.0474
Car -1 -1 -8.5775 969.9288 156.3600 1063.6652 197.7714 1.8635 1.8049 3.7875 19.7503 0.7325 34.3649 -8.0642 -5.0809
Car -1 -1 -7.9498 226.5552 173.6994 264.0673 197.4838 1.4576 1.7828 3.8606 -22.8958 0.9796 46.1322 -8.4131 -5.1409
Car -1 -1 -2.7346 584.6193 147.9945 688.7177 180.4496 1.6263 1.7502 5.2388 1.8342 -0.0583 38.0491 -2.6915 -5.1652
Car -1 -1 -7.9216 885.2795 169.7647 956.4477 221.9107 1.5062 1.7577 3.7818 10.0180 1.1677 22.8243 -7.5173 -5.2497
Car -1 -1 -5.2792 1148.4360 168.3401 1237.0000 258.8206 1.3648 1.6494 4.0899 11.9703 1.1670 12.9870 -4.5496 -5.5931
Car -1 -1 -3.5866 735.4199 155.7189 817.8848 195.3757 1.9210 1.6088 3.6775 8.7418 0.6724 35.9711 -3.3548 -5.6177
Car -1 -1 -5.1465 1237.0000 161.4039 1237.0000 302.3600 1.4129 1.5828 4.0490 10.2789 1.2122 9.3742 -4.3342 -5.6443
Car -1 -1 -4.8044 956.6130 164.1052 1009.0081 199.6145 1.4867 1.6950 3.6772 16.9517 0.7587 32.0968 -4.3269 -5.6649
Car -1 -1 -4.6024 705.0814 173.8272 783.7161 231.4617 1.3620 1.6503 3.9671 3.8603 1.1812 19.1143 -4.4110 -5.6854
Car -1 -1 -8.4380 1237.0000 160.2330 1237.0000 373.0000 1.4419 1.6002 3.9419 8.6725 1.2988 6.9760 -7.5681 -5.8027
Car -1 -1 -3.9020 0.0000 188.5967 13.1575 299.5402 1.3734 1.6242 4.3067 -11.9033 1.5072 11.3267 -4.7060 -5.8081
Car -1 -1 -4.7135 656.9277 171.5456 725.0539 231.8650 1.4051 1.5830 3.7995 2.2692 1.1737 18.7095 -4.5997 -5.8228
Car -1 -1 -4.4054 433.5209 177.1648 545.0290 244.9228 1.4300 1.5745 3.7124 -2.5765 1.3391 17.1155 -4.5579 -5.8332
Car -1 -1 -4.4538 268.6222 177.9690 310.6447 199.7377 1.3411 1.6120 3.6372 -19.9814 1.1237 46.1750 -4.8651 -5.8650
Car -1 -1 -7.8472 0.0000 0.0000 1112.2521 373.0000 1.5526 1.5939 3.8087 -0.1020 1.6294 1.0241 -7.9398 -5.8867
Car -1 -1 -6.9167 0.0000 0.0000 1237.0000 373.0000 1.5616 1.5925 3.8088 -2.0985 1.6917 1.0416 -7.9390 -5.8867
Car -1 -1 -6.5685 0.0000 0.0000 1237.0000 373.0000 1.5108 1.6005 3.8484 -6.1018 1.6629 1.4281 -7.8743 -5.8867
Car -1 -1 -3.5325 0.0000 0.0000 1237.0000 373.0000 1.5414 1.6146 3.9701 -4.6629 1.7218 1.7753 -4.6972 -5.8867
Car -1 -1 -5.5147 0.0000 0.0000 1192.5476 373.0000 1.5030 1.6044 3.9605 2.1601 1.5089 1.7358 -4.6976 -5.8867
Car -1 -1 -3.4691 0.0000 211.7631 0.0000 373.0000 1.5306 1.6084 3.9651 -7.8738 1.7247 2.5964 -4.6970 -5.8867
Car -1 -1 -4.8620 1237.0000 166.0690 1237.0000 191.5976 1.5231 1.6609 4.0162 41.6732 0.6025 44.9874 -4.1227 -5.8867
Car -1 -1 -9.1918 0.0000 0.0000 1237.0000 373.0000 1.5275 1.5836 3.8004 3.9171 1.5053 1.0056 -7.9397 -5.8867
Car -1 -1 -5.8846 1237.0000 67.8648 1237.0000 373.0000 1.4874 1.5990 3.9531 6.9876 1.4047 2.5160 -4.6976 -5.8867
Car -1 -1 -4.7049 580.0502 169.8289 643.0707 225.8341 1.3945 1.5700 3.9153 0.2443 1.1044 19.8550 -4.6979 -5.8867
Car -1 -1 -5.9097 0.0000 0.0000 1237.0000 373.0000 1.4922 1.6015 3.9555 5.3758 1.4383 1.7192 -4.6976 -5.8867
Car -1 -1 -5.3605 0.0000 0.0000 1237.0000 373.0000 1.5003 1.6068 4.0566 40.2305 0.5341 -0.4672 -3.7896 -5.8867
Car -1 -1 -4.2222 143.2207 179.0181 302.4177 249.6228 1.4451 1.5841 3.9342 -8.6133 1.3949 16.6814 -4.6978 -5.8867
Car -1 -1 -4.6219 511.2246 174.4660 583.7938 234.7253 1.4331 1.5807 3.9296 -1.3663 1.2663 19.0593 -4.6978 -5.8867
Car -1 -1 -5.3601 677.0589 151.2658 750.6344 194.0676 1.9857 1.5969 3.7879 5.4591 0.5833 35.3699 -5.2130 -6.1714
Car -1 -1 -7.3891 1147.2894 156.5935 1237.0000 232.2502 1.6089 1.6719 3.4349 14.6485 1.0798 16.7135 -6.6823 -6.2835
Car -1 -1 -3.7883 581.0563 156.4119 660.0092 193.5089 1.7924 1.5735 3.8407 0.9874 0.5805 36.4693 -3.7663 -6.4056
Car -1 -1 -4.7592 1237.0000 185.8532 1237.0000 373.0000 1.3967 1.6328 4.0100 4.9688 1.4352 4.2377 -3.9303 -7.2036
