Car -1 -1 -7.2730 991.1345 177.8960 1203.6218 272.3396 1.4457 1.5098 3.2288 8.4559 1.3912 12.3243 -6.6868 5.1439
Car -1 -1 -4.4245 831.6597 173.8267 897.3042 211.9532 1.4735 1.6218 3.5795 10.8957 1.1773 29.6850 -4.0807 -2.4238
Car -1 -1 -5.1541 948.3868 160.7079 994.5829 181.5840 1.6098 1.7243 3.9691 29.5257 0.0064 57.3981 -4.6857 -2.6473
Car -1 -1 -7.7853 288.0768 171.2281 337.8428 216.8462 1.6590 1.5616 3.7866 -11.2610 1.2858 28.1652 -8.1676 -2.6606
Car -1 -1 -7.1607 1092.0198 153.3394 1227.4802 200.8126 1.7070 1.7586 4.2483 21.0555 0.6948 27.1649 -6.5110 -2.6788
Car -1 -1 -4.1849 1041.5126 169.1981 1165.5803 220.6727 1.3683 1.4047 3.3956 14.2772 1.0418 20.4594 -3.5867 -2.7377
Car -1 -1 -5.1043 949.5613 164.6114 1028.4304 202.1403 1.5779 1.6669 4.0278 17.2887 0.8681 32.2838 -4.6210 -3.7388
Car -1 -1 -6.4608 1148.5223 145.1705 1237.0000 214.1176 1.6407 1.6360 3.9034 16.8371 0.7767 18.7996 -5.7423 -3.9091
Car -1 -1 -6.1138 823.8160 169.8722 936.4783 210.7255 1.4608 1.6508 3.7847 10.5723 1.0454 27.3546 -5.7533 -4.2599
Car -1 -1 -3.7575 1037.8798 146.4238 1161.1860 193.9736 1.8442 1.6594 3.8000 19.8330 0.4841 28.7292 -3.1624 -4.7046
Car -1 -1 -4.4808 223.7125 163.2294 268.8002 188.6514 1.4654 1.7025 3.4251 -21.3338 0.4123 43.2671 -4.9413 -4.8369
Car -1 -1 -4.9462 1125.5485 177.3699 1237.0000 272.5660 1.4799 1.5258 3.5923 10.8717 1.4163 13.1168 -4.2692 -4.8634
Car -1 -1 -4.7899 978.4438 158.8382 1007.7010 180.8637 1.6773 1.7041 3.9523 31.0431 -0.0526 56.9806 -4.2979 -5.0472
Car -1 -1 -6.6084 725.3035 160.4981 821.0915 202.9393 1.5785 1.5306 3.2614 6.5476 0.7978 27.6410 -6.3829 -5.0543
Car -1 -1 -3.3957 790.3271 162.0150 863.5778 189.5343 1.5782 1.5374 3.8205 13.1556 0.4609 42.0446 -3.0991 -5.1456
Car -1 -1 -7.6668 234.3810 161.3600 275.6270 187.2284 1.6010 1.7338 3.8337 -22.3763 0.3546 46.5336 -8.1176 -5.2538
Car -1 -1 -5.0615 1237.0000 162.3624 1237.0000 295.9509 1.3751 1.5407 3.9110 10.3013 1.1788 9.4889 -4.2539 -5.4515
Car -1 -1 -5.1539 1074.8165 158.4999 1140.2539 194.8248 2.3229 1.9271 4.2458 33.8557 0.8521 48.1872 -4.5490 -5.4766
Car -1 -1 -7.6352 260.2027 164.9425 304.0241 192.3594 1.7105 1.7416 4.3181 -20.8630 0.6776 47.1046 -8.0549 -5.5265
Car -1 -1 -3.3565 881.4965 162.6498 979.5701 195.3574 1.4740 1.5801 3.9062 15.2745 0.6248 33.5433 -2.9371 -5.5683
Car -1 -1 -8.1668 736.0642 168.9690 850.2691 225.8541 1.3035 1.6049 4.0811 4.7594 1.0169 18.5519 -7.9242 -5.6315
Car -1 -1 -2.8384 586.9805 148.7682 684.2016 182.7517 1.7250 1.6618 4.8734 1.8007 0.0637 38.0693 -2.7962 -5.6755
Car -1 -1 -8.0551 936.0620 160.7929 968.9463 181.6420 1.6974 1.6768 4.1139 29.6330 0.0114 60.6821 -7.6074 -5.6910
Car -1 -1 -4.6422 634.1922 171.1657 709.0660 233.2902 1.4069 1.6504 3.8847 1.8476 1.1734 18.3188 -4.5483 -5.7285
Car -1 -1 -3.8869 0.0000 188.2413 44.1717 292.5854 1.3836 1.6731 4.3468 -11.9606 1.5178 12.0218 -4.6642 -5.8101
Car -1 -1 -8.4242 1237.0000 163.1769 1237.0000 372.6068 1.4308 1.5833 3.8683 8.6796 1.3064 6.9892 -7.5548 -5.8294
Car -1 -1 -4.7668 0.0000 0.0000 1237.0000 373.0000 1.5231 1.6078 3.9646 0.1611 1.6064 1.7542 -4.6973 -5.8867
Car -1 -1 -4.2227 1237.0000 126.2167 1237.0000 373.0000 1.5600 1.6406 3.9614 5.4179 1.4049 2.9452 -3.1921 -5.8867
Car -1 -1 -4.5807 477.5253 174.7070 556.2999 234.8688 1.4311 1.5795 3.9284 -2.1702 1.2701 19.0633 -4.6978 -5.8867
Car -1 -1 -3.5758 0.0000 203.5195 0.0000 373.0000 1.5255 1.6097 3.9668 -7.4792 1.6914 3.3922 -4.6976 -5.8867
Car -1 -1 -3.5162 0.0000 205.4605 0.0000 373.0000 1.5219 1.6090 3.9654 -5.8703 1.6620 2.1846 -4.6976 -5.8867
Car -1 -1 -4.1084 0.0000 197.9830 448.5124 373.0000 1.5267 1.6120 3.9683 -1.8554 1.6320 2.5598 -4.6976 -5.8867
Car -1 -1 -8.8972 0.0000 0.0000 1237.0000 373.0000 1.4808 1.5925 3.8400 2.7408 1.4579 1.3862 -7.8745 -5.8867
Car -1 -1 -5.4629 1170.5984 167.9065 1237.0000 267.2411 1.4618 1.5944 3.9778 12.2783 1.2624 12.5661 -4.7046 -5.8867
Car -1 -1 -3.6493 0.0000 0.0000 1237.0000 373.0000 1.5331 1.6136 3.9713 -3.4671 1.6729 1.7638 -4.6976 -5.8867
Car -1 -1 -5.3605 0.0000 0.0000 1237.0000 373.0000 1.5003 1.6068 4.0566 40.2305 0.5341 -0.4672 -3.7896 -5.8867
Car -1 -1 -4.7048 580.0291 171.0774 643.1331 227.5108 1.4051 1.5720 3.9188 0.2449 1.1461 19.8557 -4.6978 -5.8867
Car -1 -1 -5.9210 1237.0000 59.2024 1237.0000 373.0000 1.4870 1.5978 3.9517 7.7916 1.3985 2.5119 -4.6976 -5.8867
Car -1 -1 -8.9524 0.0000 0.0000 1237.0000 373.0000 1.5070 1.5892 3.9049 1.4941 1.5834 0.5464 -7.8857 -5.8867
Car -1 -1 -4.3894 312.0566 176.9537 425.9841 240.3578 1.4385 1.5816 3.9307 -5.7930 1.3359 18.2742 -4.6975 -5.8867
Car -1 -1 -4.4995 410.1072 176.0442 501.3991 236.3634 1.4355 1.5799 3.9293 -3.7778 1.3062 19.0712 -4.6977 -5.8867
Car -1 -1 -4.1561 68.9509 180.8426 248.0484 254.1481 1.4586 1.5896 3.9420 -9.8297 1.4461 16.2755 -4.6976 -5.8867
Car -1 -1 -3.7338 730.6611 155.4528 815.6263 196.1796 1.9411 1.6876 3.8212 8.5187 0.6999 35.7058 -3.5062 -6.0359
Car -1 -1 -4.9985 652.3084 155.8993 705.6110 201.4665 2.1088 1.6625 3.4269 3.7185 0.9243 35.0819 -4.8987 -6.0864
Car -1 -1 -4.6666 694.0159 171.8468 759.5525 229.3605 1.3971 1.5841 3.8875 3.4407 1.1632 19.5170 -4.4996 -6.2068
Car -1 -1 -5.6707 675.4534 155.2090 759.1589 199.9259 2.1127 1.6817 3.8528 5.7354 0.8708 35.8794 -5.5183 -6.9781
