Car -1 -1 -7.2840 991.4858 177.4882 1210.2578 272.8460 1.4567 1.5578 3.3638 8.5429 1.3960 12.3596 -6.6944 5.3570
Car -1 -1 -4.9398 944.5039 159.1706 979.3405 179.3438 1.5444 1.6622 3.7349 28.7955 -0.1786 57.4340 -4.4817 -2.7454
Car -1 -1 -4.1306 1032.3296 170.5029 1169.3022 223.0413 1.3923 1.4700 3.6301 14.1594 1.1014 20.4117 -3.5352 -3.2008
Car -1 -1 -7.8502 290.3952 170.2879 336.5691 217.4991 1.7187 1.5785 3.6926 -11.2984 1.3109 28.1581 -8.2337 -3.5723
Car -1 -1 -4.4553 836.5728 173.3870 899.3596 210.3858 1.4379 1.5629 3.8026 11.1338 1.1229 29.9246 -4.1070 -4.0069
Car -1 -1 -6.6079 1099.4148 146.9196 1237.0000 195.7924 1.5229 1.6466 3.7621 18.9349 0.4458 23.7832 -5.9458 -4.3428
Car -1 -1 -7.9697 846.0233 166.7479 897.9435 203.5188 1.5705 1.7074 4.1969 12.3037 0.9407 32.9197 -7.6196 -4.3708
Car -1 -1 -3.5890 826.4798 163.5462 974.0690 213.2929 1.4328 1.5718 3.7921 8.8874 0.9162 21.5990 -3.2079 -4.4932
Car -1 -1 -4.6719 948.4606 163.4610 971.4314 183.2205 1.6032 1.6029 3.6351 30.1207 0.1394 60.2610 -4.2149 -4.5896
Car -1 -1 -8.3524 978.6855 167.5074 1072.4589 208.4007 1.5421 1.6188 3.7662 16.9729 1.0148 28.9896 -7.8317 -4.6264
Car -1 -1 -7.9934 1130.8446 161.5855 1197.5137 200.5670 1.4844 1.5941 3.7618 22.9058 0.7264 29.3837 -7.3405 -4.6297
Car -1 -1 -5.3121 795.8307 173.3845 876.1548 205.9332 1.4186 1.6233 3.8664 10.8000 1.0652 33.3925 -5.0066 -4.6528
Car -1 -1 -8.4926 958.8146 160.5529 1039.8970 194.3512 1.5746 1.6518 3.5928 19.4849 0.5990 35.3625 -7.9971 -4.7898
Car -1 -1 -8.4861 939.0031 165.3878 1060.7566 215.4969 1.5662 1.6539 3.8160 13.3890 1.0630 24.4568 -7.9948 -4.7966
Car -1 -1 -4.9486 886.1230 167.3057 950.1917 205.9740 1.4674 1.5219 3.6826 12.7692 0.9291 29.2015 -4.5447 -4.9248
Car -1 -1 -7.8646 1099.7302 168.7770 1151.2595 208.8324 1.5201 1.6057 3.6045 21.2155 1.0377 29.1992 -7.2455 -4.9280
Car -1 -1 -3.4424 989.8260 153.4980 1125.4503 199.2299 1.5024 1.5830 3.6414 15.6208 0.5829 24.8184 -2.8903 -5.0242
Car -1 -1 -8.6061 852.8517 147.6364 937.6789 193.2539 2.4769 1.8891 4.5820 16.8603 0.6384 41.4810 -8.2272 -5.1697
Car -1 -1 -4.8633 1144.5725 159.1352 1215.5596 201.1807 1.4519 1.5313 3.2781 21.3209 0.6800 26.6080 -4.1975 -5.1981
Car -1 -1 -7.7793 256.4579 165.8633 288.7263 191.0214 1.5729 1.6588 3.6779 -21.4297 0.5954 46.9243 -8.2105 -5.2301
Car -1 -1 -5.0392 1237.0000 166.7084 1237.0000 294.8827 1.3604 1.5769 4.0903 10.3707 1.2041 9.8050 -4.2443 -5.4667
Car -1 -1 -8.1493 736.6170 173.4171 852.0893 235.6371 1.4292 1.6752 4.1901 4.8054 1.2441 18.6359 -7.9056 -5.5470
Car -1 -1 -5.2714 1147.1829 168.3868 1237.0000 257.9414 1.3496 1.6270 4.1210 11.9343 1.1526 12.9932 -4.5436 -5.5475
Car -1 -1 -2.6587 187.3244 163.7281 272.1419 189.0275 1.5671 1.7103 4.4757 -23.4174 0.4664 45.3600 -3.1378 -5.6930
Car -1 -1 -4.0200 0.0000 190.0521 49.0394 292.4841 1.3952 1.6898 4.3337 -11.9553 1.5695 12.3754 -4.7830 -5.7617
Car -1 -1 -3.2288 590.4463 149.2747 670.3624 184.7003 1.8012 1.6309 4.0256 1.4633 0.1629 37.4439 -3.1947 -5.7713
Car -1 -1 -4.6609 635.8718 171.3828 708.0123 232.5615 1.3864 1.6403 3.8482 1.8439 1.1577 18.3010 -4.5671 -5.8176
Car -1 -1 -4.4164 434.4784 176.9458 544.7060 245.0767 1.4391 1.5806 3.7097 -2.5708 1.3435 17.1222 -4.5686 -5.8374
Car -1 -1 -8.4163 1237.0000 161.3262 1237.0000 372.3107 1.4380 1.5897 3.8635 8.6683 1.3012 6.9775 -7.5467 -5.8425
Car -1 -1 -7.3169 147.7449 0.0000 1237.0000 373.0000 1.5586 1.5937 3.8094 -0.9058 1.6638 1.0284 -7.9397 -5.8867
Car -1 -1 -4.7246 596.1299 170.1169 659.2072 226.3338 1.3994 1.5705 3.9174 0.6459 1.1166 19.8517 -4.6977 -5.8867
Car -1 -1 -4.8624 1237.0000 166.3025 1237.0000 191.3650 1.5091 1.6536 4.0077 41.6766 0.5941 45.3815 -4.1273 -5.8867
Car -1 -1 -5.1352 0.0000 0.0000 959.4882 373.0000 1.5157 1.6057 3.9621 0.9648 1.5718 1.7505 -4.6974 -5.8867
Car -1 -1 -9.0450 0.0000 0.0000 1237.0000 373.0000 1.4783 1.5909 3.8399 3.9456 1.4342 1.3793 -7.8743 -5.8867
Car -1 -1 -3.7555 0.0000 199.1825 132.9043 373.0000 1.5191 1.6068 3.9636 -3.8550 1.6324 2.5789 -4.6974 -5.8867
Car -1 -1 -3.4547 0.0000 0.0000 1237.0000 373.0000 1.5368 1.6110 3.9676 -5.8788 1.7264 1.7748 -4.6975 -5.8867
Car -1 -1 -4.4294 347.4856 175.2191 454.4326 238.1370 1.4273 1.5784 3.9272 -4.9891 1.2854 18.2705 -4.6976 -5.8867
Car -1 -1 -9.1890 0.0000 0.0000 1237.0000 373.0000 1.4715 1.5890 3.8372 6.3561 1.3859 1.3660 -7.8743 -5.8867
Car -1 -1 -4.1853 104.1052 179.7465 271.5190 250.4471 1.4474 1.5848 3.9349 -9.4173 1.4121 16.6852 -4.6978 -5.8867
Car -1 -1 -8.8238 0.0000 0.0000 1237.0000 373.0000 1.4875 1.5942 3.8434 2.3378 1.4823 1.3870 -7.8743 -5.8867
Car -1 -1 -3.4687 0.0000 209.8143 0.0000 373.0000 1.5347 1.6103 3.9658 -7.8737 1.7165 2.5962 -4.6966 -5.8867
Car -1 -1 -3.8528 34.6599 0.0000 1237.0000 373.0000 1.5367 1.6111 3.9695 -2.2503 1.6793 1.7667 -4.6973 -5.8867
Car -1 -1 -4.8275 1202.2700 167.0324 1237.0000 190.9201 1.5322 1.6639 4.0185 41.6888 0.6043 48.2064 -4.1221 -5.8867
Car -1 -1 -5.4819 0.0000 0.0000 1237.0000 373.0000 1.4857 1.6451 3.9869 40.6714 0.5907 -0.0459 -3.9214 -5.8867
Car -1 -1 -4.6249 515.4607 174.5350 584.4993 231.9315 1.4294 1.5778 3.9267 -1.3621 1.2565 19.8639 -4.6977 -5.8867
Car -1 -1 -4.8891 1237.0000 165.2927 1237.0000 191.8327 1.5089 1.6538 4.0091 41.6647 0.5876 42.9682 -4.1270 -5.8867
Car -1 -1 -5.9210 1237.0000 66.1493 1237.0000 373.0000 1.4890 1.5985 3.9523 7.7916 1.4057 2.5119 -4.6976 -5.8867
Car -1 -1 -4.8097 655.0100 161.6063 693.9610 200.2976 1.7878 1.5399 3.2864 3.4871 0.8689 34.8383 -4.7157 -5.9025
Car -1 -1 -3.7167 730.5048 155.5211 816.7675 196.5294 1.9545 1.6691 3.8895 8.5363 0.7165 35.6819 -3.4885 -6.2413
Car -1 -1 -5.4471 1146.0972 157.9529 1237.0000 243.0112 1.5316 1.7002 4.4211 13.9801 1.1082 15.1481 -4.7155 -6.3569
Car -1 -1 -5.3690 681.8432 166.2234 760.5350 206.3511 1.8274 1.4973 4.1959 5.7281 1.1320 34.9129 -5.2126 -6.5569
Car -1 -1 -7.4168 1119.5930 204.0762 1237.0000 373.0000 1.3254 1.6412 4.1482 5.2650 1.4941 4.0321 -6.5360 -6.8771
