Car -1 -1 -7.2752 987.6168 178.8004 1201.3923 273.2289 1.4378 1.5012 3.2729 8.3766 1.3973 12.2763 -6.6916 4.9403
Car -1 -1 -8.1164 949.8025 160.1776 988.6200 180.7066 1.5762 1.7366 4.0781 29.4008 -0.0661 57.4974 -7.6504 -2.2013
Car -1 -1 -7.2780 1031.6263 164.1083 1166.1041 214.3878 1.3439 1.5150 3.5320 14.2231 0.8795 20.5867 -6.6844 -3.0550
Car -1 -1 -6.5407 1120.3005 141.4706 1237.0000 194.4178 1.5853 1.6658 3.5336 18.9219 0.3872 22.9890 -5.8625 -3.2565
Car -1 -1 -6.9489 1078.0116 153.8533 1218.6805 200.5949 1.6698 1.7056 3.9387 20.1261 0.6825 26.5678 -6.3103 -3.3823
Car -1 -1 -5.2712 975.8513 164.1734 1025.4272 185.1358 1.5691 1.5718 3.7825 30.9123 0.2721 55.7040 -4.7714 -3.6981
Car -1 -1 -4.8794 932.5049 161.2227 965.1184 181.3085 1.5619 1.6979 4.0175 28.0541 -0.0163 58.0676 -4.4359 -3.7448
Car -1 -1 -7.1939 983.2803 162.5394 1065.5544 196.8356 1.5986 1.5568 3.6367 20.5308 0.7151 34.8890 -6.6702 -4.2735
Car -1 -1 -8.2219 805.2646 178.1622 865.4722 212.3519 1.5049 1.5248 3.3505 10.7756 1.3583 33.3388 -7.9167 -4.4350
Car -1 -1 -7.4543 0.6128 154.5534 114.0664 218.5119 2.0241 1.7265 3.9384 -18.6832 1.1718 24.8533 -8.0988 -4.4730
Car -1 -1 -5.4660 853.8610 155.2285 933.0440 196.1430 2.2283 1.7812 4.2529 16.7485 0.7977 41.4275 -5.0890 -4.6245
Car -1 -1 -5.0739 1110.6180 176.6425 1237.0000 270.8766 1.4789 1.5136 3.4716 10.8111 1.4033 13.1579 -4.4011 -4.6431
Car -1 -1 -8.3665 970.3779 171.5674 1064.7256 208.5323 1.4214 1.6188 3.9009 16.9843 1.0399 29.5734 -7.8540 -4.6498
Car -1 -1 -7.9260 886.4208 172.1931 956.7089 221.1426 1.4057 1.6991 3.8778 10.0019 1.1389 22.7394 -7.5210 -4.6989
Car -1 -1 -8.0050 830.7054 171.8472 884.6935 209.6139 1.4657 1.5410 3.6281 10.5410 1.0915 29.8020 -7.6728 -4.8065
Car -1 -1 -2.7924 611.3406 169.4292 721.6616 210.5279 1.4679 1.6049 3.8430 2.4347 1.0372 27.1911 -2.7090 -4.8216
Car -1 -1 -4.6991 848.2490 179.2072 900.5322 224.6605 1.5070 1.6396 3.2574 9.7080 1.4314 25.6308 -4.3456 -4.9403
Car -1 -1 -6.4533 1094.5083 140.5478 1228.9473 181.9958 1.5736 1.7842 4.0164 22.4317 0.0192 28.9904 -5.8040 -4.9907
Car -1 -1 -6.4385 842.7542 170.3884 954.1823 210.8516 1.4675 1.6549 3.6815 11.1593 1.0649 27.2694 -6.0585 -5.1260
Car -1 -1 -7.7553 256.1299 167.0493 290.8041 192.8716 1.6151 1.7113 3.7806 -21.4002 0.7113 46.9953 -8.1854 -5.3199
Car -1 -1 -7.8383 844.6022 167.9153 882.2125 203.1533 1.5285 1.5453 3.8061 12.1051 0.9395 33.2121 -7.4963 -5.3497
Car -1 -1 -5.0850 1237.0000 162.1483 1237.0000 297.5689 1.3836 1.5546 3.9708 10.2831 1.1866 9.4674 -4.2772 -5.4332
Car -1 -1 -8.0577 935.8454 160.1191 968.8922 180.8338 1.6819 1.6745 4.1390 29.6203 -0.0586 60.6806 -7.6101 -5.7063
Car -1 -1 -8.0842 728.2015 167.4619 829.0052 224.8389 1.3385 1.5876 4.1769 4.4685 1.0116 18.8505 -7.8597 -5.7456
Car -1 -1 -4.5873 629.4178 170.6973 713.3523 233.1003 1.4030 1.6581 3.9751 1.8466 1.1607 18.2708 -4.4932 -5.7922
Car -1 -1 -6.9097 734.2933 156.3438 828.4590 196.1483 1.8915 1.9160 4.2447 8.9587 0.6963 35.8246 -6.6713 -5.8039
Car -1 -1 -3.9344 0.0000 189.3580 23.1108 298.6010 1.3926 1.6478 4.3277 -11.9612 1.5444 11.6458 -4.7272 -5.8298
Car -1 -1 -8.4287 1237.0000 163.1428 1237.0000 373.0000 1.4368 1.5869 3.8763 8.6776 1.3123 6.9851 -7.5591 -5.8335
Car -1 -1 -5.3067 1188.8649 165.3832 1237.0000 275.0502 1.4658 1.6207 4.1525 11.8191 1.2510 11.7871 -4.5362 -5.8684
Car -1 -1 -3.5141 0.0000 208.5158 0.0000 373.0000 1.5316 1.6121 3.9664 -7.8744 1.7202 2.9991 -4.6976 -5.8867
Car -1 -1 -3.4358 0.0000 0.0000 1237.0000 373.0000 1.5409 1.6130 3.9681 -6.2701 1.7451 1.7816 -4.6969 -5.8867
Car -1 -1 -7.8187 0.0000 0.0000 1237.0000 373.0000 1.5057 1.6002 3.8494 -0.0738 1.5709 1.3984 -7.8743 -5.8867
Car -1 -1 -9.0049 0.0000 0.0000 1237.0000 373.0000 1.4812 1.5921 3.8395 3.5448 1.4530 1.3821 -7.8744 -5.8867
Car -1 -1 -6.6562 0.0000 0.0000 1237.0000 373.0000 1.5119 1.6019 3.8500 -4.4940 1.6448 1.4205 -7.8744 -5.8867
Car -1 -1 -3.8614 0.0000 200.4549 295.5846 373.0000 1.5257 1.6124 3.9668 -2.6539 1.6363 2.1683 -4.6976 -5.8867
Car -1 -1 -9.1322 0.0000 0.0000 1237.0000 373.0000 1.4722 1.5894 3.8363 5.1525 1.4048 1.3743 -7.8745 -5.8867
Car -1 -1 -8.6144 0.0000 0.0000 1108.7776 373.0000 1.4972 1.5990 3.8464 1.5335 1.5233 1.3893 -7.8743 -5.8867
Car -1 -1 -4.6250 515.4561 174.1723 584.4872 231.4594 1.4267 1.5777 3.9262 -1.3624 1.2447 19.8637 -4.6978 -5.8867
Car -1 -1 -4.7049 580.0659 169.8004 643.0630 225.7832 1.3940 1.5694 3.9150 0.2444 1.1032 19.8552 -4.6979 -5.8867
Car -1 -1 -4.2222 143.1774 179.1679 302.4342 249.8513 1.4467 1.5850 3.9349 -8.6134 1.3995 16.6812 -4.6978 -5.8867
Car -1 -1 -5.6382 0.0000 0.0000 1237.0000 373.0000 1.5209 1.6625 4.0203 41.4653 0.6658 1.9374 -4.1253 -5.8867
Car -1 -1 -3.2317 590.1901 150.2376 668.9627 185.6215 1.8027 1.5919 3.9731 1.4246 0.2102 37.5057 -3.1987 -6.0873
Car -1 -1 -4.5034 1160.2542 200.1663 1237.0000 373.0000 1.3675 1.7635 4.3306 5.3417 1.5241 4.1969 -3.6340 -6.6944
Car -1 -1 -5.3797 674.7042 155.4193 749.4053 200.5429 2.1234 1.6540 3.8268 5.4499 0.8964 35.8739 -5.2350 -6.7312
