Car -1 -1 -8.2632 815.0970 183.8323 1241.0000 374.0000 1.4455 1.6410 4.1265 3.1024 1.5733 6.3385 -7.8273 8.3827
Car -1 -1 -7.3535 80.5174 187.5165 335.2331 326.5759 1.6603 1.6499 3.8948 -5.8420 1.9234 10.9939 -7.8326 7.3985
Car -1 -1 -4.5436 462.7143 182.3593 511.0103 218.0729 1.4650 1.5372 3.7067 -5.5164 1.9165 32.4393 -4.7113 5.3853
Car -1 -1 -4.4860 428.7898 184.1958 494.9803 226.1742 1.4298 1.6539 3.8185 -5.6142 1.8929 27.5500 -4.6857 5.3841
Car -1 -1 -4.4219 375.9206 186.1478 469.1058 241.3365 1.4631 1.6807 3.9770 -5.6716 1.9077 22.1249 -4.6706 5.1614
Car -1 -1 -4.5763 488.1488 181.4636 527.5668 210.6864 1.4258 1.5440 4.0355 -5.4216 1.9080 38.4149 -4.7161 3.7262
Car -1 -1 -3.9690 1106.9711 137.9946 1241.0000 284.3473 1.5180 1.6037 4.0178 8.2597 1.1562 8.4230 -3.2109 3.2230
Car -1 -1 -3.3254 770.2145 159.6194 862.9286 195.9293 1.6642 1.6959 3.9619 9.6532 1.0573 34.0915 -3.0520 3.0530
Car -1 -1 -6.8445 1058.8340 143.7830 1181.6547 180.3748 1.6300 1.7391 4.3483 23.2915 0.3347 33.1129 -6.2356 2.7103
Car -1 -1 -4.8350 658.7546 171.5369 698.4844 202.6979 1.6441 1.6710 4.3474 3.7329 1.5743 40.2677 -4.7437 2.2156
Car -1 -1 -4.5404 512.1830 180.1106 547.5617 206.0337 1.5359 1.5920 3.8985 -5.0807 2.0169 45.8617 -4.6505 1.6594
Car -1 -1 -6.7919 986.5563 152.9545 1075.7338 181.9684 1.6263 1.6866 4.1109 24.0247 0.5106 41.3167 -6.2683 -0.0223
Car -1 -1 -4.8744 716.4536 168.6239 754.9558 195.3814 1.5190 1.5977 4.1520 7.4072 1.2785 43.0415 -4.7055 -0.1001
Car -1 -1 -6.9011 1023.1844 149.4069 1128.6074 181.0764 1.5485 1.6772 4.2696 23.2970 0.4017 36.2249 -6.3332 -0.3797
Car -1 -1 -3.2763 747.8786 168.3776 830.5331 196.5652 1.4757 1.6263 4.1266 9.5393 1.2411 38.7993 -3.0373 -0.6474
Car -1 -1 -7.9785 651.2653 175.7809 685.2523 200.2838 1.4657 1.6265 4.2165 3.6164 1.6599 45.8157 -7.9007 -0.9806
Car -1 -1 -4.5811 526.0181 178.3302 554.5446 200.3262 1.5011 1.5910 3.5845 -5.0166 1.9089 51.9641 -4.6773 -1.3311
Car -1 -1 -6.8030 1004.6190 153.4564 1098.9462 181.2204 1.4616 1.6876 4.0304 23.7062 0.4401 38.8760 -6.2588 -1.5552
Car -1 -1 -8.3331 479.1653 168.5216 513.1168 185.1160 1.5741 1.6276 3.9727 -11.1742 1.1629 70.5252 -8.4899 -1.8588
Car -1 -1 -3.2804 731.3851 163.8938 792.5286 188.8868 1.5875 1.6194 3.6845 9.7748 1.0181 46.7604 -3.0758 -2.0714
Car -1 -1 -8.1197 670.0638 174.6974 723.4850 206.3523 1.5088 1.6511 4.1754 4.3184 1.6082 36.8351 -8.0044 -2.1058
Car -1 -1 -4.5570 550.2438 175.4011 577.8865 197.1831 1.7655 1.6978 4.3002 -3.8826 1.9891 61.2193 -4.6205 -2.2486
Car -1 -1 -5.0355 700.7177 172.2151 738.6578 196.6287 1.7219 1.6197 3.7916 7.9662 1.6765 52.8977 -4.8872 -2.9244
Car -1 -1 -8.0609 649.0677 175.2696 695.9869 207.2511 1.5123 1.6019 3.7700 3.0557 1.6404 36.3864 -7.9783 -3.7585
Car -1 -1 -4.3502 710.2975 169.1003 748.2446 190.3944 1.6285 1.6430 4.0765 9.4893 1.3411 57.3554 -4.1873 -3.7655
Car -1 -1 -7.6221 644.5189 171.1049 671.1059 188.9720 1.6694 1.6702 4.0788 4.6244 1.5056 69.6091 -7.5563 -3.7951
Car -1 -1 -3.1913 691.9155 169.7176 790.0045 207.3446 1.7323 1.7187 4.4871 6.1262 1.5876 34.3510 -3.0168 -4.8189
Car -1 -1 -4.5878 557.5800 179.7472 578.4691 195.2830 1.4646 1.6393 3.5523 -4.1513 2.1645 71.4671 -4.6460 -5.0452
Car -1 -1 -9.0385 0.0000 0.0000 1241.0000 374.0000 1.4389 1.4406 3.1286 3.4767 1.4302 1.2070 -7.8754 -5.0822
Car -1 -1 -4.7921 634.9700 173.0913 670.4512 202.3369 1.5546 1.6576 3.9777 2.3052 1.5682 40.3941 -4.7360 -5.1433
Car -1 -1 -9.2446 0.0000 0.0000 1241.0000 374.0000 1.5143 1.5924 3.7996 4.7190 1.4305 0.9943 -7.9400 -5.8867
Car -1 -1 -8.9140 0.0000 0.0000 1241.0000 374.0000 1.5230 1.5936 3.8003 1.9135 1.4936 1.0013 -7.9399 -5.8867
Car -1 -1 -8.2514 620.1874 173.8718 669.6458 198.8845 1.5060 1.5836 4.3233 2.1285 1.5738 45.9335 -8.2058 -6.0137
