Car -1 -1 -4.3537 263.1261 195.3779 393.3138 274.2496 1.4508 1.5413 3.4773 -6.1468 2.0046 16.0078 -4.7155 7.1299
Car -1 -1 -4.4090 355.2477 191.5454 451.1944 248.5260 1.4351 1.5940 4.0848 -6.1030 2.0477 21.5931 -4.6819 6.3615
Car -1 -1 -8.0397 678.2993 179.2079 766.8088 242.6500 1.5122 1.6352 3.9256 2.8882 1.7020 19.5942 -7.8964 6.3028
Car -1 -1 -4.5097 431.2113 179.2915 494.0392 224.9745 1.7208 1.7341 4.1797 -6.0524 2.0056 29.8618 -4.7085 4.5991
Car -1 -1 -4.5600 465.3051 181.6964 509.9629 216.5244 1.6180 1.6283 4.1069 -6.1887 2.0920 36.6343 -4.7266 3.2467
Car -1 -1 -4.6851 563.0242 180.4801 583.1292 197.6904 1.4857 1.7336 4.0982 -3.3800 2.2068 66.1893 -4.7363 1.2706
Car -1 -1 -7.5535 396.9527 175.1245 429.3433 194.4329 1.6083 1.6709 3.7416 -17.0193 1.8105 62.4456 -7.8188 0.7586
Car -1 -1 -4.6915 631.8312 176.8589 650.5102 193.3635 1.5025 1.6984 4.2283 2.9830 1.8967 68.9004 -4.6488 0.6127
Car -1 -1 -7.6461 525.0046 182.3477 552.7493 200.8363 1.4919 1.6545 3.6821 -6.1137 2.3342 62.1164 -7.7443 0.4172
Car -1 -1 -8.1246 421.2481 173.4223 451.3533 191.6743 1.5317 1.6386 3.5934 -15.1288 1.5823 62.6431 -8.3609 -0.2504
Car -1 -1 -4.4985 497.9243 181.0243 532.1298 204.8392 1.4719 1.5465 3.4189 -6.2565 2.0304 47.5765 -4.6290 -0.4440
Car -1 -1 -5.2689 930.2819 173.5622 984.1129 196.4354 1.4729 1.5593 3.6411 23.2297 1.5220 48.4766 -4.8247 -0.5543
Car -1 -1 -3.2914 681.8765 173.3145 736.1823 192.6597 1.6311 1.6888 4.3993 8.4211 1.6708 61.7572 -3.1569 -0.9957
Car -1 -1 -4.5713 544.4665 182.8945 564.8518 198.2912 1.4013 1.4937 3.4789 -5.3476 2.3968 69.7785 -4.6480 -1.2248
Car -1 -1 -4.4690 515.8484 182.7511 555.4955 207.0436 1.4327 1.5981 4.0990 -4.7650 2.0987 46.4396 -4.5711 -1.7413
Car -1 -1 -4.4810 684.0666 174.7579 719.8684 197.8770 1.4961 1.5849 3.8377 6.2651 1.6309 49.1095 -4.3553 -2.6377
Car -1 -1 -5.0714 999.1888 167.5440 1055.8938 194.4250 1.5896 1.6595 4.2104 25.8482 1.2753 44.8775 -4.5520 -3.5425
Car -1 -1 -7.0702 0.0000 196.9810 113.0685 252.1350 1.4671 1.6216 3.8617 -18.1567 2.3023 22.9701 -7.7336 -3.8073
Car -1 -1 -4.9063 625.3524 176.6861 660.9396 201.8179 1.5820 1.6319 3.9369 2.1327 1.8482 48.1181 -4.8628 -4.0150
Car -1 -1 -4.9213 1094.6115 166.7880 1151.3071 199.8544 1.6048 1.5656 3.9716 26.2888 1.3101 37.1518 -4.3094 -4.2133
Car -1 -1 -2.6194 341.1747 174.4597 403.7453 200.4203 1.7077 1.6448 3.6913 -16.0760 1.8186 48.7896 -2.9364 -4.3212
Car -1 -1 -4.5337 676.9529 178.3409 705.9767 199.4720 1.5214 1.5522 3.8207 6.2211 1.9554 55.0670 -4.4223 -5.0068
Car -1 -1 -4.5851 527.1871 179.8633 554.6710 203.8880 1.7713 1.6532 3.9280 -5.3850 2.3378 56.3490 -4.6804 -5.0816
Car -1 -1 -5.0325 735.3309 177.8255 784.2934 207.8037 1.4922 1.4949 3.5470 7.8731 1.7691 38.3785 -4.8322 -5.3609
Car -1 -1 -8.5222 1077.7141 153.7206 1143.6641 180.9230 2.0751 1.8485 4.5949 39.6986 0.6152 57.3953 -7.9196 -5.7869
Car -1 -1 -4.9597 552.6437 180.3332 585.1224 199.3604 1.4292 1.6606 4.0635 -3.3758 2.0539 58.1042 -5.0179 -5.7919
Car -1 -1 -4.3956 702.3135 178.5307 756.6044 210.8918 1.5581 1.7067 3.7561 6.2208 1.8692 37.5217 -4.2332 -5.8021
Car -1 -1 -4.9694 553.2593 178.7175 591.5179 203.0053 1.5249 1.6241 3.8728 -2.5980 1.9349 48.4030 -5.0233 -5.8078
Car -1 -1 -4.7315 588.9629 178.9409 613.2518 201.2117 1.3864 1.5315 3.9395 -0.6572 1.8079 48.0013 -4.7456 -5.8745
Car -1 -1 -3.6056 937.0048 151.9204 1008.1772 174.8027 1.7554 1.6485 4.7133 28.1638 0.1492 56.1805 -3.1430 -6.6083
Car -1 -1 -8.2829 422.7648 179.3377 462.6045 201.6515 1.4893 1.4093 3.5147 -11.8929 1.9640 51.0393 -8.5110 -6.9730
Car -1 -1 -4.6573 84.0415 189.0310 148.1020 238.9429 1.3842 1.4832 3.5517 -15.8107 1.9456 23.1498 -5.2514 -7.1763
Car -1 -1 -3.3587 822.9749 156.7689 868.8289 176.4005 1.7158 1.5587 3.6129 20.8748 0.3097 64.0114 -3.0449 -7.6310
