Car -1 -1 -4.2567 152.5296 199.3403 353.9031 308.5874 1.4849 1.6021 3.7994 -6.0455 2.0191 12.6482 -4.6951 7.6263
Car -1 -1 -8.0991 783.6899 177.4485 1018.1157 346.5021 1.4962 1.5687 3.3706 2.9766 1.5594 8.2294 -7.7646 6.3719
Car -1 -1 -7.9689 643.9108 177.0098 683.6590 206.4579 1.4875 1.6955 3.8516 2.8139 1.7229 38.9611 -7.8978 5.4153
Car -1 -1 -4.5105 458.7899 187.0733 503.3452 219.4974 1.4396 1.4872 3.4246 -6.2935 2.1688 35.2849 -4.6863 4.4920
Car -1 -1 -7.3936 220.3441 194.6597 284.0174 224.6856 1.5441 1.6494 4.1714 -20.8856 2.8831 42.2275 -7.8507 3.0915
Car -1 -1 -4.5448 479.9403 185.0525 520.5789 213.0508 1.4388 1.6103 4.1600 -6.2143 2.1670 40.9969 -4.6948 3.0757
Car -1 -1 -8.8893 0.0000 0.0000 1241.0000 374.0000 1.4536 1.6344 4.2486 3.1277 1.5262 1.8996 -7.9314 2.0401
Car -1 -1 -7.4244 181.8207 198.5856 240.3804 226.2604 1.4265 1.5757 3.8519 -23.6443 3.0248 42.8483 -7.9264 1.1509
Car -1 -1 -7.4467 267.5251 192.7579 326.8144 222.7342 1.5570 1.6704 4.1673 -18.3032 2.7819 42.3297 -7.8529 1.1017
Car -1 -1 -8.0416 804.0660 163.8671 830.7839 182.1054 1.5681 1.6101 3.6662 18.3216 0.7951 63.9351 -7.7639 1.0946
Car -1 -1 -7.7123 382.8049 191.8344 434.6906 230.3312 1.3827 1.5370 3.8386 -8.3094 2.2214 29.8918 -7.9817 -0.7613
Car -1 -1 -4.3391 539.9740 181.5708 570.9709 198.2490 1.4217 1.5340 3.8038 -4.9517 2.2396 65.6841 -4.4145 -1.1241
Car -1 -1 -4.5436 500.6896 181.7914 534.5447 205.9483 1.5274 1.6667 3.7930 -6.2597 2.1577 48.9786 -4.6705 -1.3398
Car -1 -1 -8.2012 470.7610 169.5064 502.0199 187.5598 1.7015 1.6951 4.1188 -12.0774 1.3857 70.2125 -8.3712 -2.3336
Car -1 -1 -5.4520 595.0242 177.3724 642.4604 197.0525 1.5788 1.6587 4.1193 0.6810 1.9732 60.9332 -5.4413 -2.9909
Car -1 -1 -5.0321 623.8271 177.4000 665.5898 202.0002 1.5501 1.6266 3.9529 2.2456 1.8680 48.3739 -4.9865 -3.0977
Car -1 -1 -4.8546 693.3384 175.0287 727.7708 199.5445 1.4823 1.6408 3.7345 6.3086 1.6258 45.8320 -4.7191 -3.4256
Car -1 -1 -4.6461 673.0507 173.3189 693.7495 191.1368 1.5378 1.5961 3.7666 6.5496 1.5802 64.3657 -4.5455 -3.6867
Car -1 -1 -4.7239 512.2222 181.1138 535.9452 202.5025 1.5360 1.7473 3.8982 -6.6536 2.1938 55.4433 -4.8432 -3.7128
Car -1 -1 -4.5913 527.7514 180.4896 554.2497 201.8360 1.5538 1.6039 3.7019 -5.3238 2.1630 55.7288 -4.6866 -3.9508
Car -1 -1 -7.8708 792.3206 162.4319 816.7192 185.2705 1.6634 1.7056 4.0404 14.6859 0.9040 54.7171 -7.6101 -4.1286
Car -1 -1 -5.8458 672.4318 165.2314 722.0104 184.2383 1.6983 1.7489 4.1753 7.9822 1.0169 66.3142 -5.7268 -4.4611
Car -1 -1 -4.3806 536.5999 181.7794 570.0775 200.9445 1.5077 1.5975 4.0165 -4.7673 2.2873 60.9049 -4.4588 -4.5000
Car -1 -1 -3.2570 686.2008 172.1194 734.2589 196.9811 1.6355 1.5223 3.0247 6.6445 1.5869 48.2575 -3.1214 -4.5167
Car -1 -1 -4.5865 875.1362 166.1791 910.6184 191.6733 1.5097 1.5977 3.7852 17.5498 1.1142 44.7729 -4.2154 -4.5779
Car -1 -1 -8.2177 810.8996 166.8686 841.1119 182.2825 1.4195 1.6042 3.4582 20.3719 0.8680 68.2343 -7.9290 -4.7046
Car -1 -1 -8.0010 462.6691 198.1246 1241.0000 374.0000 1.4944 1.6733 3.6758 1.0768 1.6414 2.2165 -7.6006 -4.9858
Car -1 -1 -4.8032 857.2641 162.9462 895.6927 190.3887 1.4334 1.5820 4.4268 14.6838 0.9156 40.0300 -4.4542 -5.2363
Car -1 -1 -4.9357 596.1668 177.6416 632.6142 200.2575 1.3911 1.5278 4.0459 0.2097 1.7197 47.4290 -4.9318 -5.5692
Car -1 -1 -3.9122 175.9761 202.5630 270.4225 240.3505 1.4555 1.5521 3.8018 -17.6618 2.9008 33.0597 -4.3999 -5.7407
Car -1 -1 -4.4808 319.9213 184.5527 365.8939 213.5498 1.5349 1.6262 4.0035 -15.5031 2.2488 41.9617 -4.8330 -5.8867
Car -1 -1 -4.6189 563.6946 178.2782 586.8831 196.4070 1.4978 1.6333 4.3097 -3.0258 1.9884 63.1126 -4.6670 -6.0244
