Car -1 -1 -8.3766 817.8251 180.1768 1241.0000 374.0000 1.5265 1.6324 3.8757 2.9337 1.6005 5.3516 -7.8993 6.2932
Car -1 -1 -4.3538 244.7455 177.2512 398.2867 271.4411 1.7498 1.6938 4.1909 -6.1069 1.8580 15.7018 -4.7196 6.1136
Car -1 -1 -4.5314 444.4057 183.1513 493.1806 216.1131 1.3740 1.5509 3.7071 -6.4571 1.8727 33.1017 -4.7231 5.3913
Car -1 -1 -4.0527 0.0000 208.1228 224.1530 374.0000 1.4212 1.6152 4.3990 -6.0548 1.8957 7.5132 -4.7141 5.3182
Car -1 -1 -4.4355 357.5125 179.4765 448.9616 240.7773 1.6826 1.6325 4.1374 -6.3149 1.9062 22.3244 -4.7086 5.2841
Car -1 -1 -4.6077 527.5012 180.0029 564.5737 206.3189 1.4041 1.7042 4.2655 -3.6886 1.8393 41.8104 -4.6957 4.3725
Car -1 -1 -6.3032 1017.1998 150.1443 1195.3628 206.4069 1.6037 1.7386 4.4283 15.2396 0.9561 22.4929 -5.7139 4.1459
Car -1 -1 -3.3234 702.2560 169.3489 770.3794 192.6453 1.5114 1.6435 4.2009 8.2725 1.2837 47.6575 -3.1529 3.2020
Car -1 -1 -7.7464 499.2444 182.6683 528.2350 204.8835 1.3652 1.5213 3.6603 -6.3760 2.0406 47.8236 -7.8786 3.0040
Car -1 -1 -7.8572 635.0250 174.9534 657.6101 196.3618 1.5528 1.6499 4.0493 2.7184 1.7180 54.8001 -7.8083 2.8821
Car -1 -1 -3.3122 700.0524 161.7750 764.9515 190.3563 1.9771 1.7325 4.2680 8.5531 1.2104 50.7882 -3.1466 0.4822
Car -1 -1 -7.8741 684.3046 170.8133 705.6715 189.5341 1.4483 1.6147 3.7254 6.7469 1.2901 57.7514 -7.7587 -0.5371
Car -1 -1 -2.4117 438.0459 174.9973 487.2444 193.5455 1.5406 1.6553 4.0831 -12.7122 1.7298 62.0754 -2.6132 -1.0769
Car -1 -1 -7.4756 322.7542 162.1826 375.9457 189.9300 1.7739 1.7897 4.5732 -17.4500 1.0914 48.4453 -7.8197 -1.3957
Car -1 -1 -8.2432 847.4784 154.6579 888.4518 179.1916 1.8969 1.7114 3.9427 20.5828 0.4897 57.7990 -7.9028 -1.6475
Car -1 -1 -5.0586 544.3779 176.7432 581.4942 197.3283 1.4856 1.6393 3.7425 -3.6444 1.7922 54.8875 -5.1250 -1.7697
Car -1 -1 -8.2627 828.9331 164.7089 874.2078 189.5727 1.8088 1.6846 4.2647 18.2170 1.2160 54.6896 -7.9430 -2.9578
Car -1 -1 -6.6492 731.7880 173.6609 824.5565 206.6777 1.4868 1.6263 3.8841 7.7609 1.5253 33.6229 -6.4247 -3.2507
Car -1 -1 -4.9755 1121.1274 144.4662 1177.4891 172.2626 1.4392 1.6107 3.4142 29.2798 -0.0341 39.3227 -4.3389 -3.3060
Car -1 -1 -3.6915 1105.8462 170.5613 1207.7599 203.1250 1.5015 1.5838 3.5507 25.8264 1.3955 34.2226 -3.0494 -3.7159
Car -1 -1 -8.2476 1073.9775 172.9720 1183.8218 228.0883 1.4323 1.5249 2.7963 14.4233 1.4356 20.2870 -7.6368 -3.9638
Car -1 -1 -8.7093 1172.5156 143.3937 1241.0000 174.1456 1.6345 1.7497 3.0574 33.3265 0.0683 40.0024 -8.0182 -4.2971
Car -1 -1 -4.7100 519.6031 180.9139 539.8580 199.7946 1.3608 1.4991 3.7106 -6.2066 2.0027 55.5721 -4.8211 -4.3934
Car -1 -1 -6.2789 484.9589 179.4863 543.6411 203.4286 1.5970 1.6194 3.9480 -6.6195 2.0639 49.7675 -6.4109 -4.4695
Car -1 -1 -6.5160 273.5752 177.7592 403.0666 226.1375 1.5772 1.6198 4.0526 -9.6784 1.7638 25.6892 -6.8733 -4.5419
Car -1 -1 -9.1482 0.0000 0.0000 1241.0000 374.0000 1.4772 1.4400 3.2111 2.6799 1.4029 0.6951 -7.9306 -4.7051
Car -1 -1 -5.9563 523.8586 176.8241 579.9907 195.0739 1.4023 1.6923 4.1218 -4.6300 1.7248 57.3407 -6.0368 -4.7947
Car -1 -1 -4.3867 536.0460 175.2779 574.4570 197.6735 1.5476 1.7346 3.5280 -3.9513 1.7291 52.1997 -4.4623 -5.0139
Car -1 -1 -9.3205 0.0000 0.0000 1241.0000 374.0000 1.4524 1.4330 3.1799 3.9076 1.3792 0.6717 -7.9914 -5.2620
Car -1 -1 -8.5737 0.0000 0.0000 1144.3397 374.0000 1.4990 1.5280 3.6176 1.1028 1.4019 0.8858 -7.8253 -5.5603
Car -1 -1 -4.7698 585.6444 176.7956 614.7096 200.8110 1.3747 1.5349 4.0331 -0.6743 1.6264 44.0497 -4.7855 -5.8315
Car -1 -1 -6.4277 364.1423 170.0244 441.1483 205.9155 2.5018 2.0077 5.1260 -15.0424 2.3043 52.2639 -6.7070 -6.6077
