Car -1 -1 -4.2560 163.6884 198.8431 348.2778 301.0987 1.4430 1.5519 3.4035 -6.1036 1.9644 12.7692 -4.6944 7.8511
Car -1 -1 -4.3840 308.4290 191.9045 427.6454 259.3977 1.4172 1.5961 4.1758 -6.0612 1.9590 18.4343 -4.6981 7.1674
Car -1 -1 -8.0579 695.3870 177.9864 806.1388 256.9262 1.5445 1.6523 3.8780 2.9871 1.6743 16.3330 -7.8812 7.0337
Car -1 -1 -4.4889 408.7737 178.6806 482.5359 229.8678 1.7082 1.7588 4.2020 -6.0115 1.9402 26.6623 -4.7091 5.5185
Car -1 -1 -4.5291 451.4196 180.4978 503.9137 218.9179 1.6272 1.6671 4.1105 -6.0995 2.0029 33.4365 -4.7087 3.8051
Car -1 -1 -3.3112 687.2899 170.8029 746.1324 190.9606 1.6099 1.7200 4.4942 8.5989 1.4458 58.5427 -3.1664 1.9384
Car -1 -1 -4.5231 558.3159 179.8120 589.1786 198.9897 1.5024 1.8112 4.2690 -3.0169 2.1060 60.3888 -4.5733 1.3316
Car -1 -1 -4.6382 523.8425 181.8642 546.7131 200.5407 1.4298 1.5964 3.5466 -6.0835 2.1857 58.7647 -4.7414 1.2219
Car -1 -1 -7.8333 635.2979 176.7930 653.7009 194.1782 1.5113 1.5966 3.6525 3.1297 1.8785 65.4486 -7.7862 0.7672
Car -1 -1 -7.8071 669.7833 175.0390 688.4019 191.1295 1.4793 1.6028 3.6292 6.5863 1.6931 68.7651 -7.7124 -0.0408
Car -1 -1 -4.5748 491.1732 182.1579 525.4451 206.8956 1.4083 1.5899 3.7279 -6.2408 2.0039 44.3463 -4.7143 -0.7717
Car -1 -1 -3.0008 417.7828 176.3027 475.5486 200.1171 1.7927 1.7653 4.1400 -12.5873 2.0635 55.6656 -3.2225 -0.8070
Car -1 -1 -4.8362 672.1317 173.7930 697.3457 193.4350 1.5862 1.6107 4.0058 6.2051 1.6673 60.4836 -4.7348 -1.5698
Car -1 -1 -4.5503 535.8013 178.9621 559.9559 196.1166 1.5031 1.6241 3.8471 -5.7256 2.0835 66.6136 -4.6361 -1.7921
Car -1 -1 -4.1038 541.3381 178.9235 582.4191 194.7576 1.4474 1.7339 4.4833 -4.6550 2.0570 70.1370 -4.1702 -2.0488
Car -1 -1 -6.1271 720.8200 171.7464 789.6403 197.6633 1.5230 1.6610 3.8921 8.7962 1.4576 43.8518 -5.9308 -2.5428
Car -1 -1 -5.0242 651.2806 175.4922 678.2737 191.0970 1.4862 1.5947 3.7127 5.3706 1.7542 71.3859 -4.9498 -2.7269
Car -1 -1 -6.0615 382.1637 171.2077 438.9165 192.1062 1.6749 1.7604 4.1733 -16.2433 1.5426 58.8033 -6.3301 -3.1096
Car -1 -1 -7.5345 681.2150 167.2203 715.2538 187.5656 1.7065 1.7031 4.2274 7.6916 1.2336 62.7942 -7.4135 -3.2338
Car -1 -1 -6.5914 842.3798 174.5890 910.2239 201.6998 1.6591 1.5931 3.6688 16.5844 1.7695 45.1398 -6.2419 -3.4974
Car -1 -1 -8.5018 787.7639 164.5979 860.9493 198.7594 1.5804 1.5581 3.6161 10.3892 1.1982 35.3482 -8.2185 -3.5751
Car -1 -1 -5.0026 543.2208 179.3005 572.2560 198.2469 1.5055 1.5255 3.3517 -4.4277 2.0614 60.4212 -5.0759 -3.6790
Car -1 -1 -4.6385 525.7568 179.7512 551.5400 202.5107 1.5942 1.6188 4.1059 -5.3194 2.1287 53.8701 -4.7369 -4.0576
Car -1 -1 -7.8656 736.5824 168.2251 757.6343 187.6838 1.5502 1.6509 4.0313 11.2704 1.1811 59.6100 -7.6799 -4.2692
Car -1 -1 -8.1957 812.7616 159.7313 845.2758 178.1516 1.7072 1.6936 4.0829 20.8657 0.4907 68.9545 -7.9032 -4.4277
Car -1 -1 -5.1522 542.1954 178.9515 583.6553 203.0771 1.7220 1.6615 3.8119 -3.6285 2.2008 54.6175 -5.2187 -4.4353
Car -1 -1 -4.7251 701.2939 175.5527 733.6792 204.8339 1.4963 1.6582 3.8265 5.7738 1.6503 39.2479 -4.5806 -4.4589
Car -1 -1 -5.5346 1223.0807 141.4738 1241.0000 196.5007 1.8258 1.6458 3.9580 24.6100 0.7843 25.9719 -4.7818 -4.5493
Car -1 -1 -7.6677 684.2182 181.7757 746.3021 225.0367 1.4162 1.6443 3.3874 3.8423 1.7637 26.2603 -7.5247 -4.8680
Car -1 -1 -6.5458 763.3725 172.2149 873.1773 212.9721 1.6209 1.7307 4.0087 8.4281 1.5952 29.5849 -6.2715 -4.8940
Car -1 -1 -5.2478 877.1210 160.8493 927.6959 183.1880 1.6668 1.6315 4.3709 22.6451 0.7708 56.1231 -4.8663 -5.2573
Car -1 -1 -5.3096 708.7860 180.9495 764.7117 207.0041 1.3772 1.5397 3.2994 7.1353 1.8583 41.0907 -5.1394 -5.3860
Car -1 -1 -4.7096 593.7516 178.3536 618.7189 201.0856 1.3712 1.5396 3.9957 -0.2742 1.7405 46.4905 -4.7160 -5.6578
Car -1 -1 -6.3682 456.0771 183.5947 526.8915 209.3386 1.4028 1.5840 3.9081 -6.8851 2.0405 41.6077 -6.5316 -5.7028
Car -1 -1 -5.1474 535.0009 178.8212 584.1886 203.3602 1.5122 1.6843 4.0582 -3.4124 1.9245 47.7082 -5.2189 -5.7620
Car -1 -1 -4.8367 610.2816 176.7631 641.7301 199.7630 1.3984 1.5258 4.1207 0.9599 1.6628 46.7228 -4.8167 -5.8131
Car -1 -1 -4.7949 567.6196 178.3504 597.9344 202.8646 1.4843 1.6247 4.0490 -1.8373 1.8562 46.7429 -4.8345 -5.8135
Car -1 -1 -5.5521 753.6236 171.7339 801.4308 191.0341 1.6404 1.7308 3.9416 14.6686 1.5449 63.4371 -5.3262 -5.9260
Car -1 -1 -8.1567 874.5640 160.8291 905.2360 177.5065 1.3909 1.6305 2.9575 23.8802 0.3877 61.7062 -7.7891 -6.1089
Car -1 -1 -4.6566 768.4071 171.2907 791.3475 192.9242 1.6404 1.5562 3.7523 13.3541 1.5215 56.7304 -4.4269 -6.1203
