Car -1 -1 -4.1513 0.0000 205.9409 277.3973 370.1121 1.5196 1.5742 3.7893 -6.0215 2.0345 9.3381 -4.7116 6.5777
Car -1 -1 -8.2779 870.6649 180.3409 1241.0000 374.0000 1.5020 1.5554 3.4296 2.9776 1.5712 4.9208 -7.7610 6.0160
Car -1 -1 -7.9765 646.2241 176.8249 689.6454 210.3529 1.5441 1.6637 3.8579 2.7661 1.7509 35.6610 -7.9003 5.6827
Car -1 -1 -4.5057 442.1606 188.0099 493.5277 224.1880 1.4433 1.5539 3.4641 -6.2836 2.1515 31.9883 -4.6987 5.5250
Car -1 -1 -7.3392 184.6035 196.6137 262.4171 230.3985 1.5757 1.7329 4.4609 -20.8499 2.9364 39.0753 -7.8269 5.0671
Car -1 -1 -4.5414 470.2874 187.2887 511.4293 217.4925 1.4198 1.5012 3.7232 -6.1902 2.2085 37.5715 -4.7041 4.9031
Car -1 -1 -7.3040 146.1538 201.3172 219.9323 231.1692 1.3916 1.5274 4.1869 -23.4603 3.0430 39.7623 -7.8344 3.5033
Car -1 -1 -7.3210 99.0124 201.9207 173.3510 234.3329 1.5363 1.7009 3.8203 -25.9660 3.2111 39.6362 -7.8982 3.1879
Car -1 -1 -5.6255 608.8159 176.5796 661.3334 198.7183 1.6632 1.6375 3.9466 1.9212 1.9656 56.7313 -5.5922 2.3792
Car -1 -1 -7.3510 237.4390 196.2441 305.5985 227.2549 1.4526 1.6290 3.9154 -18.1673 2.7764 38.8362 -7.7863 1.0260
Car -1 -1 -4.5291 493.0110 180.7643 530.2451 208.2393 1.6259 1.6356 4.0703 -6.2493 2.1522 45.9647 -4.6639 0.8617
Car -1 -1 -4.8300 697.8458 176.7151 731.4255 201.6587 1.4037 1.5557 3.5928 6.1545 1.6430 42.9787 -4.6892 -1.1085
Car -1 -1 -7.3391 792.6018 164.4085 832.3536 183.4200 1.6659 1.6879 4.0552 18.3121 0.9255 65.2536 -7.0669 -1.5555
Car -1 -1 -7.6240 349.9328 193.2873 417.7162 237.1689 1.3854 1.5573 3.7074 -8.2497 2.1882 26.4565 -7.9240 -2.1880
Car -1 -1 -4.8786 527.6473 180.7712 554.2380 200.0251 1.5533 1.6058 4.2033 -6.0190 2.2610 62.2866 -4.9750 -2.3824
Car -1 -1 -6.6112 883.3135 163.0563 936.4340 180.7534 1.5550 1.7105 4.0393 26.6979 0.6938 64.3809 -6.2198 -2.5395
Car -1 -1 -4.7023 644.6334 178.5129 672.8932 205.7463 1.5094 1.5960 3.7059 2.8627 1.8589 42.6915 -4.6364 -2.7221
Car -1 -1 -4.6683 532.5056 184.1954 555.4852 203.5202 1.4318 1.6625 4.0941 -5.2984 2.3758 57.9904 -4.7594 -3.0267
Car -1 -1 -4.2120 516.7487 181.7133 560.7711 203.3948 1.4591 1.6044 3.6741 -5.1420 2.1243 52.1983 -4.3102 -3.2783
Car -1 -1 -7.8211 897.0891 168.7158 933.8048 201.4580 1.4871 1.5252 3.4547 14.6635 1.2989 34.6602 -7.4243 -3.8719
Car -1 -1 -5.8748 0.0000 183.1001 151.6345 260.7449 1.5455 1.5849 3.2926 -12.2582 1.7866 15.8340 -6.5256 -3.9164
Car -1 -1 -8.2238 831.5818 162.5238 868.2634 182.2841 1.7333 1.7470 4.1968 21.6830 0.8269 65.4325 -7.9053 -4.0058
Car -1 -1 -4.4299 35.0292 211.0047 109.3993 251.9195 1.4369 1.5657 3.8179 -23.2258 3.1977 31.2464 -5.0653 -4.2132
Car -1 -1 -5.1867 664.1125 173.4616 711.0596 196.6462 1.5938 1.6536 4.1146 5.5014 1.6391 51.9357 -5.0822 -4.2684
Car -1 -1 -9.3773 0.0000 0.0000 1241.0000 374.0000 1.4563 1.4337 3.1779 3.4964 1.3839 0.5532 -8.0435 -4.7994
Car -1 -1 -8.9373 0.0000 0.0000 1241.0000 374.0000 1.4632 1.4514 3.2862 1.8454 1.4201 0.6842 -7.8544 -4.8034
Car -1 -1 -4.6062 535.1035 178.6745 556.0187 196.9807 1.5857 1.5171 3.6258 -5.8444 2.1284 65.4854 -4.6953 -4.9464
Car -1 -1 -4.4680 611.2403 176.3034 648.7537 200.0897 1.5122 1.6124 3.9934 1.3597 1.7546 48.6308 -4.4407 -4.9745
Car -1 -1 -4.6670 509.9757 181.2175 533.8253 203.3390 1.5175 1.5683 3.7497 -6.4552 2.1526 52.8850 -4.7883 -5.0124
Car -1 -1 -7.3241 0.0000 201.9306 232.2741 308.8120 1.3977 1.6298 3.8013 -8.2952 1.9764 12.4287 -7.9031 -5.0210
Car -1 -1 -7.4919 66.5115 203.4730 134.5011 238.2268 1.6166 1.6673 4.2066 -28.0077 3.3988 39.7601 -8.1027 -5.0308
Car -1 -1 -4.8019 690.0018 173.2002 721.9192 198.8713 1.6145 1.7033 4.1999 6.2462 1.6381 47.5698 -4.6725 -5.0420
Car -1 -1 -8.8657 0.0000 0.0000 1241.0000 374.0000 1.4037 1.5055 3.6976 4.7585 1.3133 1.4459 -7.6451 -5.6641
Car -1 -1 -3.6071 68.4652 207.4922 165.7933 245.5272 1.5163 1.5771 3.4603 -23.2662 3.2445 34.1111 -4.2023 -5.6642
Car -1 -1 -4.5551 566.9414 179.3058 595.2892 199.4074 1.5255 1.6505 4.2393 -2.3238 2.0668 58.3717 -4.5952 -5.7536
Car -1 -1 -4.8830 579.3764 178.6225 613.2961 202.7864 1.5060 1.6143 3.8652 -0.9828 1.9059 48.0006 -4.9039 -5.7958
Car -1 -1 -4.6485 302.5149 190.9916 341.2510 222.2950 1.4851 1.6815 3.9522 -15.4936 2.5151 38.8485 -5.0261 -5.8629
Car -1 -1 -2.5759 454.6622 184.6253 522.5372 213.1526 1.6024 1.6258 3.7159 -7.3050 2.3310 43.2119 -2.7429 -6.3654
