Car -1 -1 -7.2947 0.9169 189.4983 310.1754 346.6650 1.6213 1.6649 3.9044 -5.8437 1.8938 9.8428 -7.8191 7.4082
Car -1 -1 -4.4006 362.8192 185.0204 463.1922 244.2701 1.4881 1.6653 3.9434 -5.6380 1.8752 20.9605 -4.6608 5.4386
Car -1 -1 -4.5230 455.6924 182.3892 508.3640 219.1141 1.4472 1.5756 3.6992 -5.5206 1.8846 31.2615 -4.6969 5.3636
Car -1 -1 -8.3378 853.4452 180.8723 1241.0000 374.0000 1.5023 1.6005 3.9994 3.1153 1.5822 5.1926 -7.8232 5.2652
Car -1 -1 -4.4813 423.6943 184.8029 489.8212 227.9682 1.4036 1.5416 3.7527 -5.5691 1.8720 26.4060 -4.6878 5.2603
Car -1 -1 -4.5726 483.9602 182.0807 525.5479 211.7944 1.3979 1.5797 3.9816 -5.4049 1.8985 37.1780 -4.7164 4.1489
Car -1 -1 -3.3881 772.9774 156.0616 874.6317 194.3652 1.6956 1.7647 4.1330 9.6386 0.9520 32.8971 -3.1058 3.2392
Car -1 -1 -6.8457 1074.9097 141.6966 1206.8259 178.0468 1.5528 1.8041 4.4157 23.3062 0.2215 31.8647 -6.2185 3.1016
Car -1 -1 -4.5238 509.8222 180.8354 546.0782 206.1381 1.4523 1.5285 3.8906 -5.0674 1.9682 44.6711 -4.6365 2.3185
Car -1 -1 -6.8817 1035.2439 143.6609 1156.2876 178.0223 1.6151 1.7824 4.6592 23.3378 0.2426 34.8333 -6.2952 1.1096
Car -1 -1 -7.9222 663.0979 172.4383 699.3123 202.9201 1.5644 1.6565 4.1954 3.7722 1.5428 39.1510 -7.8274 0.8120
Car -1 -1 -6.9582 746.6367 166.8448 826.0731 196.2887 1.4986 1.6444 3.9353 9.3280 1.1924 38.3026 -6.7214 0.1083
Car -1 -1 -7.8857 657.8651 175.7614 685.1989 200.2292 1.4285 1.5509 3.6149 3.7170 1.6145 44.4071 -7.8032 -0.1115
Car -1 -1 -7.9174 635.5655 175.2525 664.8456 200.1279 1.4574 1.5580 3.7558 2.4081 1.6114 44.5243 -7.8642 -0.2789
Car -1 -1 -4.8943 721.4799 169.4124 762.5172 197.0000 1.5137 1.6614 3.7056 7.4930 1.3246 41.4473 -4.7170 -0.6950
Car -1 -1 -6.7664 1017.5943 146.0330 1125.8973 177.5519 1.5894 1.7501 4.4288 23.8389 0.2366 37.4359 -6.2029 -0.7118
Car -1 -1 -5.1192 477.4330 167.0112 513.9186 184.9512 1.6706 1.8756 4.4187 -11.0753 1.1262 69.5577 -5.2767 -1.0712
Car -1 -1 -6.5179 713.2458 166.6156 781.5901 192.9559 1.6275 1.6643 3.9532 8.5986 1.2418 45.5115 -6.3326 -1.3745
Car -1 -1 -8.0310 1190.8884 179.2047 1241.0000 374.0000 1.4351 1.5890 3.7579 6.8264 1.5140 6.9835 -7.2784 -2.2358
Car -1 -1 -4.6301 469.9070 175.4501 495.7380 198.1685 1.6375 1.6145 3.7625 -9.5825 1.8399 54.3996 -4.8040 -2.2550
Car -1 -1 -7.2930 777.6323 162.8916 850.0585 194.8223 1.4906 1.6233 3.8919 10.0502 1.0252 35.5914 -7.0202 -2.4099
Car -1 -1 -6.7314 0.0000 185.5020 24.8958 236.4001 1.4331 1.5920 3.7943 -21.6517 1.8790 23.3960 -7.4725 -2.4493
Car -1 -1 -8.0043 672.4346 174.7145 716.1433 206.6294 1.4720 1.5790 3.6746 4.0357 1.5677 35.3627 -7.8921 -2.5410
Car -1 -1 -4.5540 520.3669 177.8187 552.1153 200.6093 1.5123 1.6291 3.8859 -5.1754 1.8747 50.7303 -4.6555 -3.4121
Car -1 -1 -4.7159 542.5416 175.9610 569.3377 201.6742 1.6009 1.6865 4.4065 -3.6191 1.8159 47.7322 -4.7916 -3.4727
Car -1 -1 -8.0036 631.7404 171.4042 654.9385 187.9146 1.5220 1.6222 3.9661 3.1178 1.3881 68.5725 -7.9587 -3.5345
Car -1 -1 -4.8070 635.5871 172.9508 672.9088 203.3690 1.5659 1.6362 4.0209 2.3142 1.5711 39.1953 -4.7490 -4.0400
Car -1 -1 -8.5367 1182.9025 125.2834 1241.0000 172.8306 1.9322 1.8683 4.5948 27.7943 -0.0014 31.6511 -7.8205 -4.2542
Car -1 -1 -7.7622 709.3725 172.6676 736.5094 196.2625 1.6495 1.6043 3.9458 8.2277 1.6361 52.5494 -7.6081 -4.4468
Car -1 -1 -4.6274 1030.9760 183.6961 1241.0000 374.0000 1.4095 1.5548 3.8410 5.3397 1.5443 7.0334 -3.9988 -4.6399
Car -1 -1 -6.6683 1002.9987 153.4692 1091.1222 182.8324 1.5816 1.7293 3.8069 24.1290 0.5372 40.0122 -6.1290 -4.9772
Car -1 -1 -4.6799 566.3161 181.2637 583.8533 198.2818 1.5868 1.6065 3.7569 -3.4333 2.4365 71.0369 -4.7285 -5.3169
