Car -1 -1 -8.0394 696.5934 176.8707 809.6943 255.5317 1.4737 1.6222 4.1816 2.9243 1.5732 15.8287 -7.8610 7.4061
Car -1 -1 -7.5517 338.0780 181.9684 442.3232 248.6694 1.6381 1.6565 4.0424 -6.0910 1.9200 20.3083 -7.8402 7.0686
Car -1 -1 -4.1263 0.0000 203.3903 262.1717 357.9024 1.4333 1.5341 3.5762 -6.1346 1.8983 9.1995 -4.7015 6.9224
Car -1 -1 -3.5747 848.8348 152.2736 1062.9332 221.6956 1.6365 1.6965 4.4854 8.3844 1.1511 17.8592 -3.1425 6.0481
Car -1 -1 -3.7756 963.8604 123.7211 1241.0000 252.8089 1.9317 1.8014 4.3844 8.3413 1.1962 11.7614 -3.1707 4.7804
Car -1 -1 -4.5468 488.4516 180.0608 525.5867 207.0979 1.4577 1.5451 3.6519 -5.9460 1.8926 41.7293 -4.6879 4.7690
Car -1 -1 -4.5179 443.6460 181.9046 499.6299 219.2612 1.4708 1.6383 4.0432 -5.9895 1.8900 31.4179 -4.7053 4.1928
Car -1 -1 -4.5607 473.0428 179.8198 514.6379 211.0603 1.4846 1.5473 3.8294 -5.9511 1.8606 37.0638 -4.7193 3.7497
Car -1 -1 -3.8926 1079.8829 137.5793 1241.0000 288.5247 1.5979 1.7046 4.4701 8.2699 1.2242 8.4982 -3.1382 1.5122
Car -1 -1 -4.5403 501.0597 177.7715 537.2310 203.4982 1.5987 1.6803 4.2182 -6.0006 1.9388 47.8046 -4.6649 1.4686
Car -1 -1 -3.3032 724.9740 162.0056 802.9120 190.1000 1.6575 1.7219 4.3734 9.1993 1.0172 43.5269 -3.0965 0.5311
Car -1 -1 -4.9243 477.4153 171.3132 505.1912 189.4127 1.5749 1.6546 4.0241 -10.7390 1.4406 64.9604 -5.0878 -0.5638
Car -1 -1 -4.8261 519.0856 178.3061 546.7643 199.8078 1.5403 1.6495 3.9460 -5.9225 1.9705 54.8620 -4.9336 -0.7032
Car -1 -1 -4.6935 627.5210 176.0799 649.4486 197.3399 1.4862 1.5410 3.3959 2.0758 1.7293 52.7060 -4.6548 -0.7719
Car -1 -1 -5.2268 718.3406 164.5331 774.2002 190.5077 1.5896 1.7027 4.1357 8.6621 1.0800 46.3879 -5.0436 -1.2385
Car -1 -1 -2.2776 445.1588 168.7997 492.2578 188.0289 1.5693 1.7010 4.0040 -11.9491 1.2382 60.7968 -2.4711 -1.9022
Car -1 -1 -4.1687 19.1478 176.0626 126.1452 218.0409 1.5011 1.6208 3.7365 -20.7773 1.6341 28.0310 -4.8021 -2.4322
Car -1 -1 -4.5895 520.3503 179.7560 549.3768 201.7528 1.4612 1.5960 3.7379 -5.3042 1.9668 50.9968 -4.6931 -2.9008
Car -1 -1 -4.4125 665.1272 169.5702 708.6495 195.3065 1.5841 1.6483 4.1550 4.9849 1.3817 46.6467 -4.3070 -3.2273
Car -1 -1 -7.6403 408.3552 182.8979 450.8748 212.5690 1.5088 1.5436 3.5873 -9.9185 2.0869 39.7362 -7.8838 -3.3626
Car -1 -1 -4.8078 642.9359 171.9845 673.1071 196.7392 1.6324 1.6750 4.1307 3.2314 1.5748 49.6713 -4.7436 -3.6088
Car -1 -1 -4.5013 534.7409 178.4387 566.7656 199.9793 1.5604 1.6925 3.7809 -4.5285 2.0034 55.2819 -4.5831 -3.6337
Car -1 -1 -8.4917 1026.4824 143.6772 1106.5388 181.3962 2.1537 1.9085 4.2322 27.2995 0.4874 43.3829 -7.9331 -3.7697
Car -1 -1 -7.9928 619.5993 173.5638 652.8527 197.8853 1.5965 1.6906 4.3754 1.7287 1.6473 49.7578 -7.9587 -3.8038
Car -1 -1 -4.5078 103.2311 175.1960 168.3857 211.6806 1.4672 1.5869 3.9462 -20.5935 1.5758 31.4161 -5.0843 -3.8391
Car -1 -1 -5.1871 694.7266 164.0275 754.3196 192.5025 1.7152 1.7957 4.6764 7.1814 1.1832 45.9640 -5.0334 -4.1218
Car -1 -1 -4.2072 636.2165 175.3232 686.7984 200.7846 1.4901 1.6137 3.5209 3.1792 1.6487 44.5158 -4.1368 -4.2873
Car -1 -1 -5.3902 139.4162 158.8815 227.2128 190.5034 1.5766 1.7070 4.1521 -22.2151 0.8797 37.5067 -5.9219 -4.3198
Car -1 -1 -7.8467 48.2547 171.2817 91.8407 203.2315 1.4450 1.6017 3.8172 -25.9285 1.3736 34.6457 -8.4856 -4.4203
Car -1 -1 -8.4380 786.4919 160.2349 842.5242 185.6861 1.6038 1.6093 3.9976 13.3990 0.8083 47.6175 -8.1655 -4.6330
Car -1 -1 -7.7211 1042.2491 161.6921 1137.0710 224.8495 1.4828 1.6077 3.7789 12.5704 1.2205 18.8960 -7.1415 -4.7482
Car -1 -1 -8.3018 857.4957 151.7634 902.0461 175.5770 1.8815 1.7306 4.2801 22.0516 0.2148 59.2188 -7.9470 -5.2561
Car -1 -1 -7.0434 1241.0000 174.2131 1241.0000 374.0000 1.4162 1.5537 3.7023 7.4259 1.4277 5.2113 -6.1111 -5.8151
Car -1 -1 -4.8806 557.0768 176.5151 589.5338 198.1427 1.4261 1.6105 4.0010 -2.6358 1.6924 50.4257 -4.9329 -5.8453
Car -1 -1 -4.8443 557.1309 177.6965 584.9254 197.3676 1.4190 1.6026 4.0165 -3.0459 1.8035 55.2163 -4.8995 -5.8867
Car -1 -1 -4.8471 538.2650 178.1215 560.7387 196.2674 1.6059 1.5675 3.9158 -5.6781 2.1109 67.1444 -4.9315 -5.9237
Car -1 -1 -7.8453 679.7216 166.9366 697.5646 185.2925 1.6878 1.6332 4.1683 7.4607 1.1434 68.5084 -7.7375 -6.1690
