Car -1 -1 -4.3501 236.5872 196.4576 387.7346 283.6205 1.4317 1.5778 3.8170 -5.9661 1.9788 14.8119 -4.7275 8.0087
Car -1 -1 -4.1559 0.0000 205.1158 287.7797 362.9874 1.4618 1.5879 3.7825 -5.8820 1.9645 9.3534 -4.7051 7.0947
Car -1 -1 -4.4272 336.3085 192.2363 434.9430 255.0026 1.4458 1.5773 3.6380 -6.0124 2.0204 19.5746 -4.7221 6.4814
Car -1 -1 -3.5230 839.0052 150.6752 1000.1271 207.1406 1.6150 1.6340 4.0935 9.0729 0.9804 21.4810 -3.1285 5.8603
Car -1 -1 -4.4926 403.6197 188.9118 474.6291 235.2027 1.4169 1.5901 4.0430 -5.9909 2.0298 25.5217 -4.7215 5.5146
Car -1 -1 -8.0115 664.8618 174.9590 724.4808 218.0405 1.5069 1.6147 4.0555 3.1000 1.5929 27.5033 -7.9010 4.8505
Car -1 -1 -4.5175 456.0097 185.8050 507.2592 220.3875 1.4153 1.5680 3.9621 -5.8470 2.0436 33.0218 -4.6919 4.7449
Car -1 -1 -3.5022 796.8270 156.4252 904.1140 202.0661 1.6152 1.5391 3.3944 8.6950 1.0335 26.3818 -3.1875 4.1706
Car -1 -1 -3.4403 759.0841 163.5282 869.0513 202.5791 1.5318 1.5483 3.9913 8.1413 1.1657 29.1355 -3.1708 3.5623
Car -1 -1 -7.9479 657.5557 175.6606 701.1484 211.1477 1.5082 1.5925 4.0516 3.0700 1.6442 33.0137 -7.8566 3.4627
Car -1 -1 -3.6130 832.1744 149.6093 939.1409 203.5637 1.7269 1.6868 2.8832 9.1084 0.9826 24.0962 -3.2559 3.3572
Car -1 -1 -4.5488 481.6680 183.4861 522.0743 214.7334 1.5593 1.5800 3.7476 -5.8569 2.1641 39.1754 -4.6968 2.2569
Car -1 -1 -6.9973 1124.0139 136.9140 1241.0000 177.0485 1.5642 1.7529 4.2819 23.4117 0.1632 29.0843 -6.3243 2.1611
Car -1 -1 -4.4712 502.7689 182.6404 541.2259 206.7861 1.4804 1.6172 4.0765 -5.8455 2.1610 48.0792 -4.5920 1.8676
Car -1 -1 -6.9787 1165.9260 132.9572 1241.0000 176.6973 1.5495 1.7695 4.5071 23.3190 0.1359 26.4927 -6.2622 1.6515
Car -1 -1 -4.6356 471.6448 174.4743 492.7793 192.0214 1.5002 1.5751 3.5519 -11.3082 1.6474 63.8723 -4.8105 -0.6382
Car -1 -1 -4.5288 532.3041 180.5355 558.7029 198.3864 1.4732 1.5989 4.0647 -5.6596 2.1708 63.4525 -4.6178 -0.6822
Car -1 -1 -4.7793 650.7571 177.8273 682.3278 204.2307 1.4720 1.6016 3.9086 3.2850 1.7811 42.9265 -4.7039 -1.1514
Car -1 -1 -4.6886 625.7947 173.5504 648.2644 196.1626 1.7302 1.6935 4.3336 2.1621 1.7876 57.5598 -4.6517 -1.9913
Car -1 -1 -3.9483 442.7947 169.7650 493.8401 192.9173 1.7744 1.7144 3.9738 -11.2624 1.5374 57.4352 -4.1414 -2.8000
Car -1 -1 -6.3136 167.8004 184.1729 235.2094 210.5786 1.5143 1.6188 3.5534 -25.1393 2.2353 44.3709 -6.8267 -3.0316
Car -1 -1 -6.5877 761.9688 158.7957 849.5958 197.0581 1.7763 1.6429 3.7069 9.2482 1.1234 34.4004 -6.3276 -3.5435
Car -1 -1 -5.0585 385.5217 186.0203 447.6227 220.5845 1.4809 1.6717 3.8087 -9.3386 2.1475 34.5081 -5.3213 -3.6302
Car -1 -1 -6.7516 1218.0458 120.4808 1241.0000 172.8728 1.5881 1.7526 4.4656 22.7785 0.0003 23.3652 -5.9848 -3.8641
Car -1 -1 -4.4422 474.8413 178.0237 506.7146 197.1102 1.5540 1.6653 4.1174 -10.2321 2.0135 62.0397 -4.6053 -3.9899
Car -1 -1 -2.6316 241.4381 179.7746 331.9506 211.9793 1.5860 1.5342 3.9824 -16.5305 1.9485 36.8850 -3.0505 -4.0633
Car -1 -1 -4.7684 645.8750 175.9329 672.7892 200.6683 1.5833 1.5896 3.7181 3.2498 1.7980 48.5171 -4.7024 -4.2774
Car -1 -1 -4.5788 357.4499 182.9565 401.7882 217.6355 1.4992 1.5725 3.1522 -10.8024 1.9967 33.8650 -4.8858 -4.4032
Car -1 -1 -4.7259 629.6284 179.1314 656.7988 204.1437 1.4822 1.6499 4.2367 2.0468 1.9005 45.9740 -4.6822 -4.6000
Car -1 -1 -4.7376 655.9360 175.5782 691.3026 208.3186 1.5377 1.6529 4.3882 3.1235 1.6837 36.4994 -4.6534 -4.6076
Car -1 -1 -7.3838 484.0140 173.4065 519.4724 190.7019 1.6459 1.8224 4.0315 -10.6321 1.7016 71.0042 -7.5321 -5.0836
Car -1 -1 -5.2044 536.1292 178.7265 575.0319 199.1491 1.6278 1.7300 3.6705 -4.6309 2.1378 60.6812 -5.2807 -5.1379
Car -1 -1 -4.6381 508.8483 181.1872 543.5303 213.1430 1.6043 1.5861 3.9780 -4.5542 2.0812 39.2967 -4.7533 -5.1941
Car -1 -1 -4.4400 407.0645 179.9309 468.4355 211.9815 1.4867 1.8395 4.7421 -8.7585 1.8723 36.9381 -4.6716 -5.5922
Car -1 -1 -2.8966 673.2163 172.3354 753.8267 203.6503 1.7566 1.7000 4.3735 5.9994 1.7272 42.0828 -2.7565 -5.8772
Car -1 -1 -4.4309 308.0200 195.3672 397.1517 248.4108 1.3859 1.6079 3.7666 -7.9249 2.1449 22.4111 -4.7677 -6.1766
