Car -1 -1 -4.1919 27.6968 201.6959 291.6681 334.5976 1.4253 1.5610 3.5786 -6.1636 1.9090 10.3124 -4.7198 7.6150
Car -1 -1 -8.0060 692.8885 177.9748 790.4514 250.6446 1.4758 1.6030 4.0828 2.9108 1.6107 16.9950 -7.8402 7.1817
Car -1 -1 -3.7105 934.6671 131.2199 1238.1573 248.0472 1.9470 1.7716 4.2771 8.3004 1.2528 12.9294 -3.1505 7.1011
Car -1 -1 -7.5707 352.3100 182.0448 448.1004 246.4026 1.6780 1.6580 3.9923 -6.1351 1.9756 21.3857 -7.8475 6.8784
Car -1 -1 -3.5331 831.0347 158.3314 1028.5830 220.8933 1.5762 1.7534 4.4439 8.2835 1.2100 19.0819 -3.1295 6.4943
Car -1 -1 -3.8462 1021.8493 152.7659 1241.0000 276.6484 1.5189 1.6865 4.4650 8.2047 1.2723 9.7329 -3.1609 4.8134
Car -1 -1 -4.5247 449.4498 182.7673 501.5576 218.5587 1.4628 1.6072 3.8913 -6.0340 1.9361 32.5200 -4.7073 3.7858
Car -1 -1 -4.5385 490.8102 180.0640 526.9792 207.2419 1.5075 1.4984 3.8002 -6.0099 1.9558 42.9682 -4.6771 3.0038
Car -1 -1 -4.5628 475.8079 179.5626 515.9986 211.7227 1.5798 1.5495 3.7906 -6.0164 1.9517 38.1361 -4.7187 2.9671
Car -1 -1 -3.3341 722.1307 166.1389 793.4608 191.4731 1.5384 1.6628 4.0785 9.0710 1.1303 44.6585 -3.1353 2.5068
Car -1 -1 -4.6017 522.9941 179.5600 549.3020 200.1919 1.5170 1.6147 3.9939 -5.7602 2.0592 56.3603 -4.7035 0.6441
Car -1 -1 -4.9089 480.5226 172.4777 505.8882 189.8889 1.5452 1.6012 3.6805 -10.7369 1.5115 66.0388 -5.0697 0.6000
Car -1 -1 -4.5527 506.1433 179.8047 539.4280 202.9327 1.4613 1.6254 3.9735 -5.8884 1.9508 48.8207 -4.6725 0.2023
Car -1 -1 -5.3486 448.7704 169.7663 493.2324 190.7896 1.7534 1.7220 3.9978 -12.0224 1.4956 62.1669 -5.5391 -1.4977
Car -1 -1 -7.0883 0.0000 184.3641 117.8400 245.2946 1.5799 1.6776 3.9499 -17.0529 1.9558 21.5335 -7.7523 -1.6785
Car -1 -1 -7.4678 675.4145 171.9989 707.4109 189.6842 1.5773 1.6255 3.7796 7.4986 1.5007 66.3992 -7.3561 -2.6728
Car -1 -1 -8.1278 1178.6151 136.6963 1241.0000 176.8205 1.3345 1.5361 3.2563 21.7383 0.1316 25.7972 -7.4329 -2.7318
Car -1 -1 -2.8529 374.4969 183.0837 447.0928 211.4407 1.5153 1.5617 3.5797 -11.0338 2.0932 39.9642 -3.1209 -2.9967
Car -1 -1 -7.5888 696.2047 168.4848 733.0005 192.1740 1.6010 1.6651 3.6650 7.3643 1.3054 50.7751 -7.4459 -3.0566
Car -1 -1 -8.0042 645.4624 173.4338 679.3244 197.9892 1.5468 1.6399 3.9760 3.3780 1.5864 47.5957 -7.9342 -3.1056
Car -1 -1 -5.1136 607.7245 174.0668 651.0668 197.4155 1.5659 1.6349 3.9271 1.2869 1.6545 50.7393 -5.0888 -3.4749
Car -1 -1 -6.9875 662.4532 170.6893 725.9756 196.0198 1.5871 1.6616 3.9851 5.4712 1.4511 47.0060 -6.8727 -3.5637
Car -1 -1 -7.6751 142.1677 167.3174 193.6480 199.1439 1.6743 1.7043 4.2732 -24.6219 1.3827 40.2580 -8.2212 -3.5724
Car -1 -1 -6.5982 879.3096 155.5405 946.4799 175.8727 1.5437 1.7103 4.4794 23.3535 0.2289 55.8124 -6.2038 -3.6666
Car -1 -1 -5.6271 420.7049 166.2215 476.6196 190.3345 1.7795 1.7199 3.9115 -12.2959 1.2897 54.8535 -5.8468 -3.8686
Car -1 -1 -4.7858 640.7458 173.9296 667.3414 196.2927 1.5100 1.5897 3.7243 3.0339 1.5881 50.7718 -4.7268 -3.9549
Car -1 -1 -8.3158 617.6097 174.7345 660.7733 195.8978 1.5743 1.6681 4.1873 2.2042 1.7267 56.3253 -8.2773 -4.7053
Car -1 -1 -2.8545 705.3042 166.4434 771.5358 193.6246 1.7146 1.6139 3.9643 8.3456 1.3099 47.1190 -2.6806 -4.8947
Car -1 -1 -5.0163 544.4929 178.1521 585.1019 199.3235 1.4421 1.7124 4.4045 -3.3803 1.8461 52.6940 -5.0804 -5.0625
Car -1 -1 -8.3361 970.1976 153.1993 1031.6218 181.2519 1.6715 1.7099 3.9610 24.2504 0.5001 44.9814 -7.8445 -5.1503
Car -1 -1 -4.5028 420.2058 166.0139 452.4150 191.8788 1.7956 1.5627 3.4610 -12.4708 1.3205 51.8416 -4.7379 -6.1237
Car -1 -1 -4.5484 484.6796 181.4455 513.3466 200.9928 1.4030 1.5779 3.7843 -8.5068 2.0846 55.3626 -4.7005 -6.2273
Car -1 -1 -8.1024 638.1850 169.8465 669.0334 193.3429 2.0111 1.7471 4.1842 3.8033 1.7534 63.9784 -8.0436 -8.6662
