Car -1 -1 -3.6585 893.9296 168.0025 1058.9392 226.0408 1.4186 1.5101 3.4842 9.2662 1.2997 18.4925 -3.2008 6.8378
Car -1 -1 -5.0067 153.0298 190.7825 241.9308 236.8499 1.4572 1.7204 4.0838 -15.2055 2.1640 26.4313 -5.5247 5.1465
Car -1 -1 -3.9023 1064.3569 157.2895 1241.0000 220.4577 1.5338 1.7897 4.5153 14.4442 1.1556 18.6565 -3.2513 4.4032
Car -1 -1 -3.0668 336.6983 168.7260 441.9301 216.3907 1.8764 1.6842 4.0190 -9.0247 1.7136 29.6624 -3.3601 0.3209
Car -1 -1 -2.7172 195.7333 163.1210 297.1017 195.6942 1.5658 1.7521 4.1167 -17.9326 1.0977 35.6407 -3.1806 -0.0397
Car -1 -1 -6.3624 524.9365 169.4682 595.3998 205.6737 1.7535 1.6340 3.3860 -2.5539 1.5892 36.0053 -6.4332 -0.6343
Car -1 -1 -5.3886 219.5824 184.6781 306.6645 221.0449 1.4435 1.5415 3.4770 -14.9646 1.9755 31.0305 -5.8349 -1.2313
Car -1 -1 -5.7146 1.8395 169.0610 96.3958 199.2409 1.5239 1.6428 3.5470 -29.0547 1.3321 37.4086 -6.3716 -1.4046
Car -1 -1 -5.9723 205.2256 157.1447 297.4818 187.6709 1.5970 1.6755 4.1377 -19.2920 0.7749 38.8807 -6.4303 -1.8756
Car -1 -1 -2.6533 56.2303 164.2867 147.1405 192.8850 1.5856 1.7115 3.8857 -28.9160 1.1103 41.0899 -3.2636 -2.2056
Car -1 -1 -4.6305 138.8060 185.4751 198.9051 229.2295 1.5363 1.6883 4.4311 -17.7101 2.0855 29.0548 -5.1741 -3.1431
Car -1 -1 -3.1962 1000.9396 163.6986 1083.4768 193.7275 1.5671 1.5964 3.7583 23.3703 1.0890 39.2290 -2.6624 -3.1924
Car -1 -1 -7.8943 487.2595 163.2106 525.6347 207.6664 2.1475 1.7696 4.4848 -5.4356 1.6813 37.2214 -8.0387 -3.2501
Car -1 -1 -2.3712 118.5930 176.5010 217.9380 209.3661 1.5369 1.6759 4.1577 -21.6299 1.7215 35.3043 -2.9177 -3.3510
Car -1 -1 -6.9978 1034.8435 153.7450 1138.6960 190.9139 1.5964 1.6613 3.6647 21.1027 0.7754 32.0634 -6.4200 -3.4599
Car -1 -1 -7.7149 453.4240 168.0148 485.9576 192.8837 1.6560 1.6577 4.1652 -9.7393 1.3334 50.1681 -7.9060 -3.6102
Car -1 -1 -3.1760 996.4849 155.0767 1101.1672 188.9443 1.5365 1.6546 4.1857 20.8094 0.7297 34.4710 -2.6368 -3.7353
Car -1 -1 -7.4255 130.2679 158.6116 191.3289 188.3941 2.0503 2.0025 4.6023 -32.3518 1.0695 52.0806 -7.9792 -4.1889
Car -1 -1 -3.1479 606.4741 171.4008 679.5996 199.6346 1.4574 1.5822 3.7778 1.6951 1.3820 38.1049 -3.1043 -4.3709
Car -1 -1 -4.1971 126.3874 165.1786 198.3562 194.1154 1.6503 1.7942 4.2645 -26.7988 1.2123 43.3137 -4.7486 -4.4133
Car -1 -1 -5.6445 179.0975 166.9619 258.7953 195.8012 1.7607 1.7632 4.1645 -24.5127 1.4007 45.2233 -6.1389 -4.7481
Car -1 -1 -7.6716 432.3853 169.1810 471.4182 198.9060 1.7013 1.6350 3.7030 -9.4451 1.4908 43.1743 -7.8860 -4.8355
Car -1 -1 -4.6714 104.5083 183.2179 145.5986 215.4755 1.4194 1.4908 3.7841 -23.5338 1.9511 35.0394 -5.2595 -5.0477
Car -1 -1 -5.7449 179.8356 159.4416 267.3690 189.8590 1.7672 1.6634 4.3484 -22.9434 0.9877 42.8579 -6.2340 -5.3078
Car -1 -1 -6.1992 407.7956 165.8858 480.9420 201.5250 1.9274 1.6912 3.8355 -9.1926 1.5502 40.1257 -6.4233 -5.4106
Car -1 -1 -6.0006 592.4989 172.5645 670.0805 202.3622 1.4180 1.4577 3.5590 1.0173 1.4040 35.5751 -5.9727 -5.9231
Car -1 -1 -7.0616 1241.0000 177.2795 1241.0000 374.0000 1.3909 1.5310 3.9723 6.5246 1.4221 3.9661 -6.0697 -5.9323
Car -1 -1 -7.0960 1228.7900 161.2530 1241.0000 359.5575 1.5177 1.6269 4.1537 8.3466 1.4286 6.4891 -6.2081 -6.1123
Car -1 -1 -6.7517 1113.1942 165.1382 1241.0000 208.4094 1.5993 1.8715 4.4886 22.4716 1.3139 28.0354 -6.0814 -6.3957
