Car -1 -1 -3.7474 969.2154 171.9502 1178.8489 244.7229 1.4304 1.4866 3.4473 9.5062 1.4123 15.0118 -3.1922 6.2823
Car -1 -1 -4.9862 107.1264 186.2766 205.7371 237.7963 1.4545 1.6737 4.0735 -14.8065 1.9265 23.3965 -5.5455 5.3874
Car -1 -1 -3.9605 1185.3906 167.7062 1241.0000 240.2525 1.4199 1.5519 3.7116 14.3475 1.3189 15.0200 -3.2080 1.2748
Car -1 -1 -4.4089 25.0009 188.6150 129.7784 241.0173 1.4373 1.6060 3.8232 -16.9505 1.9867 23.1015 -5.0366 0.2873
Car -1 -1 -7.4103 74.2100 160.1955 143.2785 188.4513 1.4562 1.6100 3.7652 -27.1558 0.8035 39.1715 -8.0134 -2.3592
Car -1 -1 -2.7109 155.4319 156.2711 275.7728 195.5194 1.7095 1.7917 4.4076 -17.7010 0.9869 32.4641 -3.2068 -2.4587
Car -1 -1 -7.8401 490.9030 168.6846 530.0819 209.1620 1.8415 1.7719 4.2463 -4.8415 1.6516 35.0426 -7.9769 -3.2682
Car -1 -1 -2.4439 199.5509 153.7498 286.6041 184.7962 1.8285 1.8656 4.6053 -22.3506 0.7030 43.9277 -2.9122 -3.4281
Car -1 -1 -6.0675 176.6737 159.3545 266.6777 192.8932 1.6025 1.6481 3.6587 -19.2080 0.9572 35.7643 -6.5574 -3.4826
Car -1 -1 -5.6833 182.5668 187.1285 300.0474 228.8430 1.5118 1.6159 3.8031 -14.2657 2.0846 27.9178 -6.1521 -3.9577
Car -1 -1 -8.8914 1211.3169 164.3671 1241.0000 261.7888 1.4475 1.6003 3.8949 13.2790 1.3211 12.8039 -8.0995 -3.9805
Car -1 -1 -7.2080 0.0000 152.1732 36.5890 182.5694 1.5095 1.5913 4.0775 -32.4973 0.4822 37.9148 -7.9132 -4.0075
Car -1 -1 -2.7362 0.0000 194.8309 79.9507 248.6311 1.3626 1.5576 3.7567 -17.7219 2.0301 20.6288 -3.4397 -4.0980
Car -1 -1 -7.4701 300.7196 150.6002 358.4081 183.8340 1.7043 1.5972 3.7682 -15.0822 0.5628 38.8989 -7.8378 -4.2013
Car -1 -1 -8.1310 1169.6447 172.4101 1241.0000 214.2086 1.5141 1.6229 3.7245 23.3804 1.4977 28.1673 -7.4437 -4.2887
Car -1 -1 -7.2244 122.3206 176.6485 208.3840 210.4556 1.4509 1.5541 3.5850 -20.4182 1.6351 33.2317 -7.7720 -4.5105
Car -1 -1 -7.1294 94.3391 186.6782 214.6483 233.5308 1.5100 1.5382 3.8829 -16.6285 2.0566 26.5030 -7.6855 -4.5336
Car -1 -1 -4.1400 71.0439 167.2109 163.7180 202.5486 1.5659 1.6432 4.0943 -23.1469 1.3155 34.0367 -4.7337 -4.5737
Car -1 -1 -7.9061 169.3979 151.3182 208.4063 184.2464 1.8033 1.7422 4.0512 -24.3982 0.6236 41.6863 -8.4329 -4.7192
Car -1 -1 -7.6932 17.4555 151.8037 70.7079 180.8586 1.4767 1.6363 3.9017 -30.3738 0.4065 38.7761 -8.3544 -4.7670
Car -1 -1 -5.6539 116.6440 157.8722 198.6550 182.6465 1.6136 1.7568 4.4468 -30.1030 0.6375 48.0295 -6.2114 -4.7857
Car -1 -1 -4.8816 1122.8212 167.6580 1190.5051 206.9551 1.5575 1.6289 3.9236 23.1281 1.3513 30.7150 -4.2411 -4.7912
Car -1 -1 -1.8181 0.0000 159.5329 70.9202 192.8265 1.5395 1.8043 4.2775 -28.2856 0.9232 35.3791 -2.4889 -5.0635
Car -1 -1 -8.1435 1019.8127 174.3352 1150.7314 238.6589 1.4206 1.5956 4.0994 11.7554 1.4622 18.2256 -7.5784 -5.2542
Car -1 -1 -3.5987 1039.7319 157.5622 1174.0802 205.3788 1.6689 1.6296 3.6837 17.9273 1.1349 26.2417 -3.0048 -5.4748
Car -1 -1 -5.8656 0.0000 166.9647 74.7106 202.2171 1.5519 1.6631 3.7930 -27.1480 1.2924 33.0657 -6.5492 -5.5185
Car -1 -1 -5.3220 242.5248 150.4288 338.5069 187.9415 1.7333 1.8531 4.8697 -15.7441 0.6968 35.3949 -5.7379 -5.6330
Car -1 -1 -5.7735 1241.0000 57.4535 1241.0000 374.0000 1.4403 1.5904 4.0818 6.2454 1.3062 2.9050 -4.6761 -5.8725
Car -1 -1 -7.0965 1227.9346 169.9307 1241.0000 275.6385 1.4222 1.5913 4.2353 11.7777 1.3826 10.5325 -6.2695 -6.0913
