Car -1 -1 -8.2053 733.0618 181.0538 915.1954 296.7277 1.4652 1.5422 3.4082 3.0508 1.6118 11.1583 -7.9462 7.3428
Car -1 -1 -8.3360 814.3668 183.7766 1241.0000 374.0000 1.4462 1.5731 3.7361 2.9872 1.5639 5.9053 -7.8887 6.9901
Car -1 -1 -4.2635 141.3628 191.5668 347.8866 306.4448 1.5165 1.5654 3.6562 -5.8452 1.8736 11.9509 -4.7103 6.8771
Car -1 -1 -4.4357 309.2090 189.2007 415.3701 259.9265 1.4216 1.4574 3.5020 -5.7943 1.8493 17.1091 -4.7582 6.1718
Car -1 -1 -8.0665 706.7756 181.9531 806.4254 249.4302 1.3674 1.5299 3.5307 3.2590 1.6026 16.8882 -7.8800 5.5059
Car -1 -1 -2.7785 358.1591 179.0237 447.6064 208.6859 1.6440 1.6732 4.6486 -11.8953 2.0069 41.4489 -3.0567 3.1705
Car -1 -1 -7.8890 729.7657 174.2101 756.9332 198.4676 1.4721 1.5609 3.6097 8.4126 1.5616 45.8976 -7.7093 2.5642
Car -1 -1 -5.1088 318.5484 185.1578 359.1955 207.0849 1.4388 1.6373 3.0398 -19.1677 2.3347 50.8862 -5.4677 2.3177
Car -1 -1 -6.6927 873.2999 170.7518 966.6399 208.2006 1.6545 1.6033 3.5394 13.9536 1.5613 32.6970 -6.2930 -0.5484
Car -1 -1 -5.2152 7.2745 194.3230 143.8369 249.3491 1.3960 1.5601 3.8110 -15.6083 2.0653 20.9935 -5.8486 -0.7707
Car -1 -1 -2.8464 402.6612 164.8923 458.9131 184.9007 1.6463 1.7733 4.2353 -14.9888 0.9909 60.3668 -3.0890 -1.3587
Car -1 -1 -4.5819 345.8978 180.3298 380.7646 205.4634 1.5321 1.6550 4.0048 -16.1777 2.0447 47.3750 -4.9096 -1.7673
Car -1 -1 -4.8418 288.9375 181.5355 325.2115 206.4758 1.4966 1.6407 4.3416 -19.8786 2.0916 47.1816 -5.2388 -2.2812
Car -1 -1 -5.7622 194.9349 169.9490 247.6436 186.4776 1.5543 1.6488 4.1525 -37.0212 1.2808 68.7345 -6.2548 -2.5281
Car -1 -1 -7.8823 520.7705 169.1938 546.0075 198.2828 2.1277 1.7797 4.7782 -5.9354 1.8596 55.2629 -7.9892 -2.7574
Car -1 -1 -7.8025 352.6736 188.4856 413.5830 242.0725 1.3898 1.5590 3.8137 -6.8625 1.9091 21.9441 -8.1028 -2.8598
Car -1 -1 -4.5652 476.2739 177.7400 504.3869 199.8742 1.6529 1.6910 3.3621 -9.3366 2.0455 56.3260 -4.7291 -3.1020
Car -1 -1 -7.6359 652.9788 172.3132 679.8450 190.0574 1.4556 1.4989 3.7556 4.7896 1.4109 61.2030 -7.5585 -3.3820
Car -1 -1 -4.7415 0.0000 191.3290 77.5623 255.5071 1.3807 1.5462 3.8816 -14.9206 1.9088 18.6502 -5.4094 -3.7850
Car -1 -1 -3.9183 390.4209 179.6047 454.4268 202.3973 1.4420 1.6503 4.3067 -12.7760 1.9238 49.2635 -4.1711 -4.0846
Car -1 -1 -4.1792 0.0000 190.6476 32.2683 267.2403 1.4305 1.6088 3.9358 -15.3504 1.8896 16.5386 -4.9194 -4.0999
Car -1 -1 -6.1210 651.3041 177.3858 733.7977 205.7063 1.4621 1.6783 4.2249 4.4455 1.7159 39.0731 -6.0091 -4.1313
Car -1 -1 -6.5403 550.2228 175.0598 604.3786 194.7726 1.4813 1.5947 3.9112 -2.5665 1.6559 55.8664 -6.5864 -4.2721
Car -1 -1 -3.0880 620.1635 173.1217 672.3198 191.4067 1.4719 1.6164 4.1901 2.9653 1.4939 59.1322 -3.0385 -4.4017
Car -1 -1 -7.5692 265.6273 170.9198 298.7040 187.3652 1.5821 1.8777 4.2168 -32.5153 1.3958 71.6350 -7.9941 -4.5684
Car -1 -1 -9.1769 0.0000 0.0000 1241.0000 374.0000 1.4383 1.5272 3.3450 4.4491 1.3298 1.5994 -8.0083 -4.6336
Car -1 -1 -4.7567 640.7791 177.7247 672.8939 206.2530 1.5368 1.6532 4.1916 2.6232 1.8323 41.6999 -4.6949 -4.6611
Car -1 -1 -8.8071 0.0000 0.0000 1241.0000 374.0000 1.4635 1.4468 3.1907 2.6775 1.3935 1.1692 -7.7367 -4.6780
Car -1 -1 -2.4919 143.6274 181.7869 286.1672 240.3582 1.5986 1.6003 3.3732 -11.5303 1.8721 21.0627 -2.9878 -4.7717
Car -1 -1 -4.9634 100.8274 173.4366 138.7243 191.6895 1.4670 1.7365 3.7386 -40.8064 1.5167 60.0006 -5.5587 -4.8500
Car -1 -1 -4.6315 301.9097 174.0719 327.3432 194.1830 1.6294 1.6460 4.2874 -24.9677 1.7360 61.0290 -5.0185 -4.9982
Car -1 -1 -4.4544 143.3678 177.6575 184.3622 200.6844 1.5929 1.6139 3.8738 -32.6622 1.9585 52.8723 -5.0057 -5.0472
Car -1 -1 -3.2070 573.3154 178.9642 648.8302 205.7587 1.4485 1.6282 4.1253 -0.0128 1.7983 40.3883 -3.2079 -5.7458
Car -1 -1 -4.8570 552.8972 178.6866 591.3569 206.3671 1.4336 1.5706 4.0725 -2.2085 1.7775 40.4265 -4.9117 -5.7609
Car -1 -1 -5.1460 514.0193 181.2078 565.7599 208.3714 1.4284 1.5081 3.7168 -4.0788 1.9274 41.1456 -5.2447 -5.7722
Car -1 -1 -8.9555 0.0000 0.0000 1241.0000 374.0000 1.4785 1.5927 3.8987 1.4926 1.4576 0.5222 -7.8861 -5.8867
Car -1 -1 -4.6467 370.7923 179.2631 397.2838 200.8034 1.4522 1.5658 3.8924 -16.2631 1.9318 51.9554 -4.9489 -5.9982
Car -1 -1 -2.7077 715.5556 171.3531 819.1561 230.4552 1.6687 1.4521 2.6926 4.6804 1.6260 21.7596 -2.4994 -6.0273
