Car -1 -1 -4.2678 258.8911 190.4831 420.6324 273.7282 1.4383 1.5952 4.1212 -5.6369 1.8687 15.4993 -4.6118 8.3105
Car -1 -1 -5.0780 764.7845 179.8056 981.1154 311.2530 1.4609 1.5276 3.6422 3.3495 1.5756 10.0757 -4.7669 7.5354
Car -1 -1 -8.1133 706.2380 178.3494 828.1800 256.1414 1.4606 1.5806 4.0330 3.2460 1.5971 15.9005 -7.9165 6.4207
Car -1 -1 -8.0223 671.1938 175.9122 736.6401 223.7273 1.4799 1.5763 3.6930 3.0537 1.5912 24.4535 -7.9002 6.4176
Car -1 -1 -4.0172 0.0000 210.8636 186.3707 374.0000 1.4432 1.5504 3.5783 -5.7135 1.8814 6.5327 -4.7159 5.2444
Car -1 -1 -4.5305 447.8147 178.6642 500.7003 218.1651 1.5444 1.5786 3.5486 -5.7183 1.8041 30.5102 -4.7148 5.0468
Car -1 -1 -8.0576 663.0773 174.9893 714.0734 213.7086 1.5029 1.4627 3.2139 3.1542 1.5959 29.8627 -7.9540 4.3978
Car -1 -1 -4.6004 477.3528 179.7143 515.8055 210.0972 1.3951 1.5018 3.4462 -5.6019 1.7507 35.6774 -4.7554 3.2028
Car -1 -1 -5.6333 0.0000 190.8374 155.9257 246.3733 1.4008 1.6296 4.1114 -14.9234 1.9084 19.5568 -6.2787 1.8240
Car -1 -1 -7.8356 690.4373 167.7585 707.2172 181.9492 1.3529 1.5693 3.7085 8.7095 0.8668 70.7374 -7.7138 -0.2750
Car -1 -1 -2.3060 475.1797 165.7048 524.9726 188.7066 1.7381 1.6943 3.8612 -8.6396 1.1976 56.4003 -2.4575 -1.2289
Car -1 -1 -4.6334 446.6550 174.3351 470.3279 192.4758 1.4648 1.6531 3.7526 -12.7071 1.5928 60.5493 -4.8397 -1.5176
Car -1 -1 -6.1508 611.8480 175.0627 673.5358 200.3364 1.6544 1.6795 3.9667 2.1906 1.8065 48.6132 -6.1065 -2.7611
Car -1 -1 -6.8554 0.0000 205.0573 78.2809 295.2728 1.4532 1.5599 3.6285 -13.4639 2.2087 14.9781 -7.5788 -3.0911
Car -1 -1 -7.5589 317.4952 189.1125 386.3987 228.3181 1.3665 1.5652 3.6429 -10.1637 2.0511 28.5409 -7.8985 -3.2085
Car -1 -1 -4.6521 570.2809 173.2863 587.7974 188.3634 1.4541 1.5372 3.2951 -3.0601 1.4975 71.3430 -4.6952 -3.3527
Car -1 -1 -2.3523 282.8021 180.9547 351.6781 208.1233 1.4159 1.4604 3.5268 -16.1814 1.8776 39.7847 -2.7366 -3.4199
Car -1 -1 -6.0529 575.9357 178.5673 624.4940 197.9913 1.6394 1.6417 3.9597 -0.8634 2.1465 62.8469 -6.0670 -3.4787
Car -1 -1 -7.6069 57.0180 182.3279 158.7044 235.8958 1.4900 1.6881 4.1080 -15.9498 1.8218 23.0743 -8.2065 -3.5186
Car -1 -1 -7.5525 486.4855 179.5769 533.7879 204.7952 1.3310 1.5918 3.8946 -5.6844 1.7340 41.2278 -7.6891 -3.5231
Car -1 -1 -4.2819 162.8761 171.0555 254.8675 215.3065 1.6167 1.5699 4.1464 -15.7447 1.5507 28.4841 -4.7831 -4.4108
Car -1 -1 -4.3855 128.6915 174.5157 177.9887 199.7462 1.6036 1.6526 3.7622 -30.4358 1.7188 48.1469 -4.9469 -4.6508
Car -1 -1 -7.7484 369.9109 180.4371 427.4595 225.7491 1.4691 1.5870 3.9222 -7.6240 1.7655 26.1563 -8.0298 -4.7642
Car -1 -1 -4.8126 522.7003 171.9477 540.4058 190.3272 1.7643 1.4439 2.8843 -7.7345 1.6770 70.8245 -4.9213 -4.8006
Car -1 -1 -8.1873 664.8912 163.3655 694.5762 180.7106 1.6577 1.7347 3.8633 6.8128 0.7506 71.0423 -8.0922 -4.9461
Car -1 -1 -6.9902 211.0661 176.5688 332.5747 224.4024 1.4941 1.4888 3.7015 -11.5734 1.6319 24.8388 -7.4224 -4.9912
Car -1 -1 -5.8302 215.2835 171.0441 325.6921 208.4484 1.6174 1.6147 4.1504 -15.0604 1.5389 32.0419 -6.2666 -5.3115
Car -1 -1 -4.3523 103.7698 170.1671 169.3175 199.0829 1.5326 1.7393 4.0624 -26.4571 1.3899 40.4132 -4.9291 -5.3940
Car -1 -1 -2.3379 0.0000 181.5280 21.5159 217.8948 1.4827 1.6056 3.3151 -27.4213 1.8639 30.7965 -3.0612 -5.3950
Car -1 -1 -4.7472 656.2011 174.7575 674.3497 192.1331 1.5329 1.5218 3.5502 5.0003 1.7111 65.8541 -4.6722 -5.4025
Car -1 -1 -4.3663 157.4408 172.7589 213.8172 198.2887 1.4936 1.5186 4.6165 -26.1839 1.4877 44.6198 -4.8945 -5.4400
Car -1 -1 -7.6128 308.4039 180.6490 403.6118 239.0107 1.4119 1.6339 3.6062 -6.9050 1.6459 19.8238 -7.9443 -5.6867
Car -1 -1 -7.4340 0.0000 192.7524 93.9190 249.7074 1.4006 1.7022 3.8728 -17.1114 2.0450 21.2893 -8.1050 -5.9138
Car -1 -1 -2.8664 747.5985 175.1308 840.3916 210.3775 1.5887 1.4716 4.0370 8.7017 1.7021 34.3773 -2.6211 -6.1823
