Car -1 -1 -8.3267 777.1446 182.9603 1107.8619 374.0000 1.4658 1.5411 3.4414 2.9845 1.5944 7.4125 -7.9588 7.1970
Car -1 -1 -4.1156 0.0000 196.2110 242.7820 374.0000 1.5575 1.5753 3.5710 -5.9055 1.8806 8.1951 -4.7251 7.1718
Car -1 -1 -4.3479 199.9960 193.4359 361.4173 291.1798 1.4519 1.4989 3.5335 -5.9116 1.8816 13.2761 -4.7600 6.4745
Car -1 -1 -8.0957 728.2772 183.3752 866.9178 275.0398 1.3703 1.5329 3.5801 3.1535 1.5857 12.9963 -7.8639 5.7835
Car -1 -1 -8.7304 990.1279 200.8748 1241.0000 374.0000 1.4394 1.6002 3.8865 2.8824 1.5967 2.1131 -7.8573 3.0619
Car -1 -1 -5.0964 286.3340 185.7088 335.6673 209.7979 1.4348 1.7301 3.6291 -19.4950 2.3041 46.9071 -5.4887 2.9456
Car -1 -1 -2.7812 328.6016 179.4718 425.0844 215.7774 1.8235 1.7503 4.4518 -12.1333 2.1770 37.5847 -3.0918 2.8550
Car -1 -1 -5.7616 189.2881 185.6497 273.7634 215.5789 1.4985 1.5743 3.6084 -19.7844 2.1824 37.7227 -6.2420 1.2032
Car -1 -1 -4.8912 249.2388 186.9230 287.9909 211.8572 1.4506 1.5766 3.9407 -22.0019 2.3946 46.3657 -5.3324 0.9129
Car -1 -1 -6.7593 908.5389 166.6846 1013.5659 205.0425 1.5050 1.5583 3.4890 14.0813 1.2626 29.1418 -6.3134 0.4795
Car -1 -1 -3.5600 775.1307 172.7420 861.0879 201.7076 1.4833 1.6521 4.0320 10.9043 1.4772 38.0514 -3.2834 -0.1787
Car -1 -1 -2.9004 387.3802 165.2739 443.0568 185.3903 1.5447 1.6711 3.9070 -15.1874 0.9623 56.2816 -3.1630 -0.4336
Car -1 -1 -4.9718 394.4711 181.3279 434.8616 205.3529 1.4630 1.6005 3.9766 -12.9442 2.0461 47.5554 -5.2365 -0.6091
Car -1 -1 -2.6975 186.3184 192.6944 373.6773 259.2573 1.4425 1.6063 3.6796 -7.7213 1.9325 16.9851 -3.1188 -1.0510
Car -1 -1 -4.7506 976.1949 163.7390 1013.0437 192.0081 1.4354 1.5847 3.5347 20.4742 0.9723 38.5743 -4.2660 -1.3803
Car -1 -1 -5.2277 172.2426 191.8816 261.7772 230.8873 1.4117 1.5391 3.7890 -16.0718 2.2301 29.3870 -5.7247 -2.1094
Car -1 -1 -5.5992 162.8264 169.3765 215.1283 186.9760 1.5507 1.6572 3.8782 -37.7561 1.2440 64.6985 -6.1259 -2.4322
Car -1 -1 -4.7440 255.3427 183.6833 288.6754 212.1870 1.5442 1.6703 4.1263 -20.2086 2.2224 42.9921 -5.1814 -2.7607
Car -1 -1 -7.6965 632.0587 170.9196 661.5119 191.4882 1.5553 1.6789 4.2146 2.9066 1.4088 56.7955 -7.6459 -2.7816
Car -1 -1 -7.4965 383.1959 166.5633 422.9990 190.0200 1.9054 1.7611 4.5111 -17.4365 1.3941 60.9294 -7.7743 -3.3225
Car -1 -1 -7.2606 0.0000 194.5990 18.6094 273.1686 1.3704 1.5341 3.7828 -14.9849 1.9025 15.6761 -8.0150 -3.4543
Car -1 -1 -6.8471 1012.1348 159.8416 1135.1686 198.6215 1.5174 1.6384 3.9003 18.5542 1.0079 29.0520 -6.2836 -3.5244
Car -1 -1 -4.2566 270.9224 183.4547 324.8686 212.7744 1.6266 1.6222 3.3881 -18.5800 2.2837 43.0138 -4.6625 -3.6876
Car -1 -1 -4.5197 233.0156 189.8940 292.4199 229.1929 1.4453 1.5107 4.0094 -14.6420 2.2159 30.5128 -4.9641 -3.8250
Car -1 -1 -8.2429 756.1094 175.9255 832.0928 214.6025 1.3681 1.5135 3.7203 6.9525 1.4943 27.7827 -8.0007 -4.2796
Car -1 -1 -8.2141 787.8954 177.0667 860.8835 215.9539 1.3829 1.4855 3.6789 8.1734 1.5569 27.9617 -7.9331 -4.6567
Car -1 -1 -4.5537 271.9573 182.8990 329.8169 223.6363 1.5543 1.6318 4.0802 -13.1419 2.0127 30.7785 -4.9545 -6.7214
