Car -1 -1 -4.2479 158.9305 196.1358 377.0559 304.0271 1.4369 1.6581 4.2974 -5.7730 1.9181 12.7370 -4.6663 8.4303
Car -1 -1 -4.4029 332.8099 190.1538 435.9439 255.9252 1.4431 1.5007 3.5606 -5.7291 1.9308 18.5634 -4.6989 7.9694
Car -1 -1 -8.3071 808.0223 187.8892 1225.1543 374.0000 1.3827 1.6512 3.9382 3.2382 1.5666 6.8468 -7.8829 7.4846
Car -1 -1 -8.0946 735.5290 177.3738 893.2092 284.7603 1.5231 1.5972 4.0466 3.2455 1.6134 12.4340 -7.8461 7.3522
Car -1 -1 -4.9237 687.5476 180.9097 759.8352 232.1860 1.4105 1.4658 3.5082 3.3656 1.6782 22.2100 -4.7761 6.8301
Car -1 -1 -4.3858 424.3827 184.1836 501.6922 228.7164 1.5086 1.6638 4.1229 -5.5813 1.9769 27.6897 -4.5835 5.9483
Car -1 -1 -7.9874 653.3049 178.5785 694.3710 209.3869 1.4530 1.5876 3.6503 3.1461 1.7577 36.5830 -7.9029 4.9998
Car -1 -1 -8.0329 667.6446 180.5308 729.8304 221.3410 1.4184 1.6497 4.1956 3.3143 1.7392 28.0310 -7.9171 4.6492
Car -1 -1 -5.5563 0.0000 184.7436 129.7935 244.4180 1.4622 1.5401 3.8268 -15.0323 1.7883 18.9204 -6.2210 4.3982
Car -1 -1 -3.9415 0.0000 212.1028 110.9237 374.0000 1.4873 1.7191 4.2422 -5.8933 1.8871 5.1924 -4.7644 3.9453
Car -1 -1 -3.9075 1101.5978 141.1007 1241.0000 281.2935 1.5115 1.5855 3.8848 8.2792 1.1688 8.6045 -3.1585 3.6816
Car -1 -1 -4.5681 498.0704 180.4945 534.0209 208.0475 1.5160 1.5925 3.6702 -5.5341 1.9860 42.5711 -4.6970 2.9130
Car -1 -1 -5.5810 0.0000 177.9998 70.2598 251.7169 1.5954 1.6460 3.6218 -14.9049 1.7196 16.5980 -6.3048 1.8478
Car -1 -1 -2.3894 551.3367 176.2036 596.6469 193.8476 1.5579 1.7117 4.1019 -3.3581 1.8752 66.4361 -2.4401 0.8383
Car -1 -1 -4.9906 712.1934 170.4014 746.4907 190.6929 1.5596 1.6410 4.0456 9.4480 1.3708 57.5605 -4.8291 -1.2889
Car -1 -1 -4.9903 647.5551 174.7290 694.7274 205.8649 1.6965 1.6634 4.0222 3.4383 1.8101 41.7067 -4.9092 -1.3828
Car -1 -1 -4.4594 307.3408 175.9483 354.8862 205.6682 1.5596 1.5180 4.0174 -15.5763 1.7414 40.3795 -4.8257 -1.4145
Car -1 -1 -4.7391 277.9931 171.6492 316.2434 205.3288 1.5515 1.6158 4.0056 -15.4284 1.4957 35.3958 -5.1477 -1.8032
Car -1 -1 -6.6673 688.3555 163.5694 755.4496 188.6105 1.6320 1.6731 4.1116 7.4442 1.0266 48.3120 -6.5156 -1.8100
Car -1 -1 -3.5336 0.0000 173.7738 86.9770 202.4645 1.5272 1.7106 3.7862 -32.0379 1.5813 40.6079 -4.1985 -2.5187
Car -1 -1 -5.6760 235.1447 173.8654 348.1922 216.3643 1.5754 1.6272 3.7536 -12.3476 1.6159 27.9626 -6.0887 -2.8408
Car -1 -1 -1.9624 44.7635 173.8464 109.1128 201.2256 1.5561 1.7128 3.9275 -31.7322 1.6172 42.8859 -2.5966 -3.6935
Car -1 -1 -7.7089 328.7473 159.0188 369.2592 188.9606 1.7915 1.7991 4.2320 -16.4022 0.9634 45.4244 -8.0537 -3.9245
Car -1 -1 -3.2892 730.6857 173.7961 798.7775 200.4962 1.5490 1.6294 3.7501 9.1093 1.6058 42.8498 -3.0815 -4.1561
Car -1 -1 -8.9094 1241.0000 56.9804 1241.0000 374.0000 1.4679 1.5098 3.4606 4.2232 1.3920 2.2169 -7.8754 -4.3592
Car -1 -1 -4.2165 21.6048 189.4953 147.2699 243.8210 1.3707 1.4544 3.5351 -15.3158 1.9015 21.1797 -4.8368 -4.4396
Car -1 -1 -4.1331 495.2813 178.8215 550.2218 203.2046 1.5368 1.7829 4.0053 -5.8726 1.9577 48.7387 -4.2528 -4.4848
Car -1 -1 -6.6236 0.0000 192.0472 94.0697 314.3958 1.5893 1.6195 3.9940 -11.4106 1.9702 12.1884 -7.3652 -4.5022
Car -1 -1 -4.6112 293.0202 173.7768 317.7911 192.3128 1.5185 1.5695 3.7118 -25.8737 1.5992 61.3137 -5.0092 -4.6553
Car -1 -1 -4.8261 767.2260 182.0892 813.8126 218.5836 1.4936 1.5895 3.8412 8.0367 1.9356 32.5506 -4.5868 -4.7058
Car -1 -1 -5.4133 521.6137 176.9574 584.2770 200.9933 1.4911 1.6652 4.4164 -3.8437 1.7741 47.6518 -5.4937 -5.0911
Car -1 -1 -4.7567 587.4305 178.6842 615.1088 203.2778 1.4457 1.5585 3.8936 -0.6196 1.8279 45.3467 -4.7708 -5.6388
Car -1 -1 -9.1179 0.0000 0.0000 1241.0000 374.0000 1.5241 1.5933 3.8013 3.1113 1.4874 0.9942 -7.9399 -5.8867
