Car -1 -1 -3.5867 857.8541 171.3322 987.5547 218.1137 1.4277 1.4830 3.4670 9.7904 1.3809 22.8391 -3.1869 6.2619
Car -1 -1 -3.7700 1003.2220 162.6213 1180.5775 211.8602 1.4907 1.6771 4.5573 15.0874 1.1806 22.7954 -3.1915 5.1337
Car -1 -1 -7.0584 1157.8298 161.4127 1241.0000 238.1088 1.4177 1.6733 3.8651 13.3032 1.2059 14.2397 -6.3175 4.1227
Car -1 -1 -5.0596 242.3172 186.1559 317.3793 223.3203 1.4359 1.6796 4.0872 -14.4514 2.0520 31.3902 -5.4882 3.4321
Car -1 -1 -5.9998 269.3912 161.0956 356.0507 191.0826 1.6412 1.7629 4.1806 -16.6931 0.9974 40.5855 -6.3879 1.1395
Car -1 -1 -4.7733 34.2529 196.8260 90.4553 236.1258 1.4051 1.6508 4.1193 -23.2051 2.4867 30.4632 -5.4202 0.7121
Car -1 -1 -4.9849 508.2995 166.6443 559.0829 203.3286 2.0138 1.8359 4.3046 -4.5314 1.6726 41.9489 -5.0923 0.0068
Car -1 -1 -8.0184 640.5395 177.4089 676.1963 201.6516 1.3370 1.4998 3.6633 2.7631 1.6164 42.4038 -7.9543 -1.3269
Car -1 -1 -4.9759 95.3037 195.4964 163.0986 232.6811 1.3995 1.5497 3.6116 -20.7897 2.4305 31.0913 -5.5616 -1.6992
Car -1 -1 -6.3184 405.3019 172.5240 485.9738 212.2037 1.8206 1.7078 3.6629 -7.8824 1.8051 34.4001 -6.5424 -1.8828
Car -1 -1 -7.8652 550.4181 173.2114 580.8564 203.5973 1.6886 1.6933 4.1744 -2.6632 1.7103 42.2924 -7.9281 -2.0507
Car -1 -1 -5.7456 1134.4794 164.5041 1241.0000 211.8701 1.4816 1.5965 3.8417 20.3898 1.2201 24.6471 -5.0605 -2.2776
Car -1 -1 -4.5998 142.2989 179.0733 182.1552 208.4766 1.6038 1.5659 3.7131 -26.1825 1.9848 42.2212 -5.1522 -2.3834
Car -1 -1 -6.2813 199.5291 167.4844 270.2953 191.3626 1.5205 1.7217 4.0804 -24.7509 1.1783 47.6437 -6.7583 -2.7264
Car -1 -1 -2.8693 0.0000 191.3573 61.1070 238.8737 1.4862 1.6505 3.9765 -22.0257 2.1779 25.3954 -3.5787 -2.7748
Car -1 -1 -8.2966 604.2906 176.0345 656.1091 202.7717 1.4268 1.5603 3.5437 1.0610 1.6153 40.9005 -8.2713 -2.7974
Car -1 -1 -7.3740 209.2941 167.1805 259.4385 189.9623 1.7492 1.7564 4.2983 -29.9134 1.3133 57.5507 -7.8516 -3.0569
Car -1 -1 -4.4427 64.1859 193.8240 134.6960 230.7970 1.4270 1.5997 3.8201 -22.7691 2.4244 32.2607 -5.0536 -3.2011
Car -1 -1 -4.7329 305.4547 183.4298 340.8971 216.1239 1.4712 1.5562 3.7320 -14.3047 2.0253 35.7984 -5.1108 -3.3610
Car -1 -1 -5.2292 0.0000 194.1359 67.9336 235.0405 1.4891 1.7095 4.5321 -24.6532 2.4073 29.5383 -5.9203 -3.4470
Car -1 -1 -5.3744 246.2390 157.7350 318.8588 185.5709 1.6399 1.7747 4.3322 -20.1509 0.7489 44.3004 -5.7992 -3.6360
Car -1 -1 -6.9229 1149.3738 153.0177 1240.1414 181.0810 1.5709 1.6657 3.7951 33.3692 0.4602 41.2901 -6.2467 -3.9479
Car -1 -1 -4.4400 124.9970 187.7840 199.5914 228.7332 1.6511 1.8572 4.0369 -20.3364 2.3768 32.8899 -4.9904 -4.5756
Car -1 -1 -8.1702 1117.5284 167.5773 1194.9813 204.0071 1.4602 1.5716 3.6163 23.2333 1.2484 30.8849 -7.5300 -4.6038
Car -1 -1 -4.7126 0.0000 178.6755 5.2237 210.6082 1.6342 1.7317 4.0778 -34.5694 1.9721 39.8037 -5.4246 -4.7262
Car -1 -1 -2.5847 77.4969 181.2924 164.0314 210.9776 1.6934 1.6182 3.9705 -28.8279 2.2009 42.5406 -3.1775 -5.0922
Car -1 -1 -4.3043 187.5173 184.2779 269.7801 221.4882 1.4185 1.6101 4.0864 -16.2495 1.9404 30.8891 -4.7853 -5.3027
Car -1 -1 -4.6353 120.0226 185.6219 183.2687 227.2484 1.4553 1.7943 4.4189 -18.3973 2.0111 29.0547 -5.1959 -5.6995
Car -1 -1 -4.2923 153.1340 182.4503 234.7905 219.1892 1.4636 1.6124 4.0302 -18.3284 1.9155 31.9176 -4.8102 -5.8867
Car -1 -1 -3.2533 765.1918 170.3176 850.0931 200.6931 1.4370 1.5554 3.8372 9.5368 1.3167 35.1915 -2.9912 -7.1100
Car -1 -1 -5.2095 23.0460 183.4598 93.0248 211.0389 1.7222 1.8703 4.3417 -36.8615 2.4551 48.1408 -5.8604 -7.7051
