Car -1 -1 -4.2321 60.0447 205.0570 307.4359 335.9947 1.4081 1.5214 3.6391 -5.9445 1.9586 10.5013 -4.7370 7.8274
Car -1 -1 -4.3826 274.4834 194.8600 408.4986 271.8822 1.4130 1.5937 4.0755 -5.9861 1.9771 16.4572 -4.7270 6.9220
Car -1 -1 -8.0497 695.0432 175.6290 791.9717 242.2400 1.4890 1.6360 3.9084 3.1994 1.5665 18.2682 -7.8799 6.7052
Car -1 -1 -3.6504 894.3802 148.0320 1063.7878 219.7608 1.6298 1.6055 3.2417 8.7009 1.0655 17.2763 -3.1909 5.9523
Car -1 -1 -4.4215 387.1959 189.6166 474.7347 239.6433 1.4141 1.6712 4.2102 -5.8727 2.0207 23.9794 -4.6598 5.4889
Car -1 -1 -4.8797 658.5103 177.7620 705.2438 211.7329 1.4703 1.5717 3.6066 3.2511 1.7113 33.6205 -4.7848 5.2725
Car -1 -1 -3.5485 825.0699 154.7432 988.3611 213.3865 1.5516 1.6164 3.8506 8.0695 1.0721 19.9521 -3.1696 5.0473
Car -1 -1 -7.9812 676.6747 175.0061 742.7645 226.6120 1.5446 1.6234 4.0659 3.1486 1.6214 23.8010 -7.8520 4.8214
Car -1 -1 -3.7712 1005.4308 137.7457 1241.0000 236.7527 1.5783 1.6262 3.8998 9.0948 1.0183 12.3256 -3.1469 4.8147
Car -1 -1 -4.5051 441.9355 187.1220 497.0186 225.6281 1.4275 1.5211 3.6526 -5.8076 2.0558 29.9500 -4.6955 4.7716
Car -1 -1 -3.9590 0.0000 222.0955 130.3309 374.0000 1.4152 1.6394 3.6923 -5.9552 1.9400 5.8317 -4.7321 4.5069
Car -1 -1 -4.4951 481.0160 183.3749 527.8866 213.8803 1.4986 1.6581 4.1142 -5.6809 2.0980 39.0149 -4.6392 4.1008
Car -1 -1 -3.7100 965.9124 137.0345 1143.6512 225.2282 1.7117 1.6275 2.6585 9.0121 1.0162 14.8598 -3.1738 4.0187
Car -1 -1 -4.5533 518.5592 181.0012 547.6945 202.1089 1.4809 1.5909 3.7939 -5.7506 2.1128 54.0532 -4.6592 1.1282
Car -1 -1 -4.8616 648.0806 176.7378 689.6553 208.4700 1.6259 1.6938 3.8742 3.1267 1.8487 39.4507 -4.7837 0.8236
Car -1 -1 -7.9500 640.3862 176.5014 671.3696 201.2543 1.5610 1.6674 4.1057 2.9884 1.8149 48.1975 -7.8890 0.5119
Car -1 -1 -5.7323 196.5534 186.4954 304.4903 223.3472 1.4659 1.5600 3.8156 -15.1237 2.0576 30.3587 -6.1913 -1.7030
Car -1 -1 -7.5922 39.2980 180.4188 128.3237 225.8035 1.4159 1.5681 3.7932 -18.3310 1.7018 25.2459 -8.2154 -1.7953
Car -1 -1 -4.6294 32.6885 177.3569 80.7212 214.4571 1.7650 1.6184 3.9243 -28.2835 2.0081 36.9228 -5.2798 -2.1174
Car -1 -1 -7.8897 84.8671 184.2636 165.7851 250.6612 1.5079 1.6328 3.5641 -12.8381 1.8380 18.9703 -8.4784 -2.1953
Car -1 -1 -6.2343 288.9134 181.5677 378.3222 216.0897 1.5097 1.5981 3.8037 -12.8242 1.9312 33.5809 -6.5969 -2.2345
Car -1 -1 -7.2813 124.1435 183.4152 224.1715 225.5440 1.5076 1.6220 3.7413 -17.2355 1.9548 28.6707 -7.8187 -2.4315
Car -1 -1 -7.2399 0.0000 175.6843 88.9567 209.6926 1.7649 1.7372 4.3767 -31.3253 1.9304 40.0421 -7.9006 -2.5203
Car -1 -1 -7.5762 759.2201 184.3831 810.7832 216.4451 1.3972 1.4978 3.5837 8.4322 1.9831 34.7591 -7.3408 -3.0693
Car -1 -1 -5.0921 380.9176 171.3743 423.3248 192.6900 1.5440 1.6907 4.0462 -15.7278 1.4365 54.3797 -5.3726 -3.2623
Car -1 -1 -7.4368 668.0688 166.5727 705.9465 187.2854 1.6414 1.6594 3.9017 6.3347 1.1433 59.2832 -7.3311 -3.3360
Car -1 -1 -4.0589 332.8147 169.7940 376.2935 190.7930 1.9265 1.7364 4.1235 -24.1940 1.6455 68.4253 -4.3977 -3.3420
Car -1 -1 -7.4476 86.8614 184.1240 180.8833 228.9691 1.4120 1.5295 3.4077 -16.7140 1.8373 25.4368 -8.0243 -3.4702
Car -1 -1 -8.1217 800.4581 143.3029 886.2272 197.4342 1.8295 1.8212 4.6366 8.4607 0.8305 26.7354 -7.8185 -3.6394
Car -1 -1 -4.5816 536.4158 179.1413 561.4545 198.1391 1.4842 1.5791 3.8095 -5.0367 2.0200 59.5915 -4.6659 -3.7667
Car -1 -1 -5.8813 374.9296 179.5645 444.8081 206.5658 1.5714 1.5976 3.7375 -12.0877 1.9858 43.5469 -6.1509 -3.7675
Car -1 -1 -4.7069 758.4421 158.1962 789.6340 187.8301 1.7267 1.7805 4.3000 10.0461 0.8723 44.3377 -4.4857 -3.8624
Car -1 -1 -4.3003 2.1669 189.8665 77.1481 225.0056 1.4820 1.4974 3.4954 -26.9219 2.3307 34.1300 -4.9645 -4.1262
Car -1 -1 -7.5457 314.7173 177.6373 344.2866 192.8321 1.4373 1.6455 3.8192 -27.7504 1.9235 71.4389 -7.9152 -4.1783
Car -1 -1 -4.9218 728.6670 165.9250 771.1485 194.1421 1.6513 1.7150 4.1792 8.5002 1.2455 44.3327 -4.7339 -4.1903
Car -1 -1 -8.2362 1148.0985 137.9742 1241.0000 187.5551 1.4870 1.5998 3.6423 19.2709 0.4406 23.6146 -7.5577 -4.4704
Car -1 -1 -2.9746 679.4610 173.8639 773.9004 212.5613 1.6232 1.6110 3.8879 5.0962 1.6692 31.7206 -2.8173 -4.5029
Car -1 -1 -4.1884 66.9915 202.7877 153.2294 239.9878 1.4509 1.5431 3.8463 -22.9940 2.9141 33.2995 -4.7892 -5.0058
Car -1 -1 -6.3155 454.3789 177.1696 510.6372 200.6931 1.7006 1.6729 4.0750 -9.5572 2.0299 53.8565 -6.4906 -5.0337
Car -1 -1 -4.5361 452.6839 171.2142 475.7124 186.9441 1.4971 1.6165 3.4903 -14.2240 1.3407 70.4357 -4.7348 -5.1829
Car -1 -1 -2.7751 485.1068 179.5724 541.7045 202.8566 1.5722 1.5415 3.6195 -6.7873 2.0536 50.5628 -2.9083 -5.5548
