Car -1 -1 -3.5810 865.3821 171.6244 1002.1298 220.8906 1.4309 1.4760 3.4611 9.6412 1.3949 21.7416 -3.1691 5.5559
Car -1 -1 -5.0829 223.6505 190.2304 302.8420 229.3882 1.4304 1.6541 3.9560 -14.5259 2.2009 30.0493 -5.5301 2.9420
Car -1 -1 -3.8042 1012.6378 157.2446 1207.9290 216.1586 1.6912 1.7656 4.7811 14.9373 1.2428 21.7545 -3.2091 2.1091
Car -1 -1 -4.8141 0.0000 200.4056 60.7640 242.9894 1.4528 1.6007 3.8847 -23.4867 2.6373 29.0813 -5.4892 1.5861
Car -1 -1 -7.0937 1195.5262 159.3001 1241.0000 242.1309 1.4138 1.6205 3.9871 13.2744 1.1822 13.1919 -6.3164 1.4426
Car -1 -1 -3.4572 1193.1548 160.8527 1241.0000 213.5385 1.4882 1.6244 3.4538 20.0060 1.1489 21.8254 -2.7222 -0.0780
Car -1 -1 -4.8862 78.2917 196.0723 143.3953 236.5220 1.4326 1.5820 3.7316 -20.5590 2.4456 29.6039 -5.4892 -1.2277
Car -1 -1 -7.8217 463.4345 175.8840 496.5088 206.9024 1.5382 1.6007 3.5030 -6.8430 1.7052 37.9915 -7.9991 -1.3902
Car -1 -1 -4.6289 504.4966 165.8771 544.2849 205.3882 2.0630 1.8479 3.9776 -4.6918 1.6984 39.6934 -4.7462 -1.6641
Car -1 -1 -5.8056 129.6712 165.9607 207.7874 190.1510 1.6487 1.7648 4.3101 -30.6793 1.1786 50.2043 -6.3519 -2.6612
Car -1 -1 -6.1553 0.0000 200.6212 36.3387 252.3718 1.4836 1.5952 3.6265 -21.6456 2.4779 24.1659 -6.8803 -2.7151
Car -1 -1 -6.1576 264.0812 162.0836 342.3821 191.1470 1.5386 1.6398 3.7666 -16.7592 0.9681 39.4949 -6.5567 -2.7331
Car -1 -1 -5.3347 598.3151 175.5969 661.9034 204.9204 1.4932 1.5859 3.6830 1.0034 1.6490 39.0795 -5.3097 -2.7789
Car -1 -1 -4.8719 162.2922 170.2197 202.3399 195.4323 1.5356 1.6267 3.7077 -27.2614 1.3749 45.8922 -5.4056 -2.8473
Car -1 -1 -7.4738 91.0070 172.1529 156.7890 203.6260 1.7645 1.7113 4.4064 -28.7546 1.7249 42.7858 -8.0629 -3.0660
Car -1 -1 -6.1947 168.4993 170.9121 254.8661 201.6841 1.5773 1.6302 3.9040 -21.2085 1.4775 38.5142 -6.6954 -3.2727
Car -1 -1 -4.0956 307.5528 167.5214 360.8282 190.6838 1.5967 1.7048 3.7654 -19.7624 1.2288 51.7754 -4.4588 -3.6004
Car -1 -1 -4.5683 281.7969 184.3735 329.1508 218.9751 1.4933 1.5700 3.5987 -14.4826 2.0726 34.3680 -4.9647 -3.9999
Car -1 -1 -7.4899 234.1923 155.7780 284.0950 185.3904 2.0274 1.7799 4.3292 -25.0603 0.8580 51.6324 -7.9398 -4.1144
Car -1 -1 -8.0060 495.0818 161.2103 519.7539 180.4138 1.6894 1.6619 3.7805 -9.3651 0.6648 65.5273 -8.1476 -4.3028
Car -1 -1 -8.1855 334.7718 172.0902 383.8276 200.7762 1.7067 1.6145 4.2008 -15.7363 1.6609 45.0780 -8.5198 -4.7972
Car -1 -1 -4.3391 234.8301 168.4122 284.8043 194.0855 1.6405 1.5955 4.1504 -23.3694 1.3564 48.2362 -4.7883 -4.8008
Car -1 -1 -4.2199 168.6171 182.3306 228.7810 208.7234 1.3726 1.5626 3.2599 -22.9720 1.9239 40.3541 -4.7348 -5.1188
Car -1 -1 -4.0802 109.2841 188.5800 205.1108 232.7958 1.7347 1.6827 3.6990 -19.7392 2.4642 31.5742 -4.6354 -5.9049
