Car -1 -1 -8.1944 365.4557 194.1821 490.2245 265.4836 1.3308 1.6247 3.7332 -4.3544 1.8824 16.6670 -8.4468 7.9924
Car -1 -1 -8.0188 253.2789 188.1173 314.9196 228.3320 1.4255 1.6583 3.9072 -13.3029 2.0879 29.2441 -8.4427 5.8842
Car -1 -1 -4.9648 857.9149 172.2502 982.3129 242.2936 1.4425 1.6458 4.1393 7.0773 1.4297 17.0208 -4.5774 5.4855
Car -1 -1 -7.9485 235.9404 186.3005 282.4259 220.9501 1.4456 1.5837 4.1901 -16.6231 2.1202 34.0130 -8.4003 4.5259
Car -1 -1 -2.8812 434.8299 174.4132 528.7000 213.7476 1.7333 1.5892 3.9288 -5.8363 1.8060 32.8304 -3.0562 3.2554
Car -1 -1 -4.6598 30.5387 189.9662 76.8841 224.1405 1.5853 1.7035 3.6988 -28.8783 2.5218 37.4894 -5.3129 3.0880
Car -1 -1 -4.7800 765.8439 170.1139 852.0364 240.0269 1.6097 1.8396 3.9718 4.9883 1.5463 18.7358 -4.5244 3.0754
Car -1 -1 -5.8549 938.7682 162.6960 1143.8856 228.3657 1.5512 1.7098 4.3988 11.3213 1.3110 19.3306 -5.3321 2.9374
Car -1 -1 -7.8614 210.6950 184.4190 234.6282 204.3961 1.4857 1.6478 3.6531 -31.1552 2.4466 57.9729 -8.3528 1.2912
Car -1 -1 -2.8839 368.4010 180.7741 457.5305 210.1857 1.4943 1.6441 4.2432 -10.3498 1.9198 37.9476 -3.1488 0.8723
Car -1 -1 -2.8030 416.4245 179.4127 500.2327 212.7483 1.5636 1.6297 3.6814 -7.4295 1.8938 35.3071 -3.0093 -1.3860
Car -1 -1 -6.5865 291.1368 181.2911 359.8867 207.6282 1.4454 1.5518 3.4506 -16.7174 1.9602 42.3653 -6.9605 -2.2801
Car -1 -1 -8.0712 1012.8624 131.9453 1076.3390 167.8425 1.5622 1.7120 4.0931 20.4788 -0.2534 34.2296 -7.5355 -2.6340
Car -1 -1 -4.4190 72.7365 188.0961 127.5525 217.0966 1.5533 1.6162 3.8212 -30.2621 2.5026 42.8866 -5.0308 -3.3628
Car -1 -1 -8.0507 772.2717 170.8588 832.1838 212.1258 1.6122 1.6486 3.9998 7.9258 1.5340 30.2322 -7.7972 -3.4362
Car -1 -1 -2.7556 0.0000 202.6316 3.6922 304.0014 1.4748 1.6094 3.7973 -13.5518 2.0680 12.8801 -3.5560 -3.7186
Car -1 -1 -4.8122 354.3217 178.4913 391.5786 208.6197 1.5607 1.5922 3.9121 -13.3081 1.8916 40.2778 -5.1296 -3.7548
Car -1 -1 -3.0309 851.3605 140.8517 953.9514 177.1259 1.6582 1.7601 4.4235 14.0562 0.1950 34.8031 -2.6499 -3.8122
Car -1 -1 -6.4914 921.4639 133.2550 1022.4420 165.7034 1.5560 1.7580 4.3009 18.2209 -0.3767 36.5951 -6.0324 -3.8385
Car -1 -1 -4.6998 0.0000 189.8473 24.2492 213.8201 1.4565 1.8107 4.3274 -41.2048 2.6699 49.2806 -5.3937 -4.1603
Car -1 -1 -5.4508 828.3226 141.9564 898.8026 172.1261 1.5910 1.6748 3.6445 14.0067 -0.0428 40.1515 -5.1173 -4.2175
Car -1 -1 -7.9947 424.3383 169.5053 453.6196 190.6055 1.4658 1.5664 3.5893 -12.4030 1.2329 52.0817 -8.2276 -4.4505
Car -1 -1 -4.3134 177.0975 186.4442 245.1214 220.8692 1.4656 1.6035 3.3680 -18.6793 2.1362 33.8631 -4.8145 -4.5546
Car -1 -1 -3.3046 285.3895 176.0788 352.3231 206.7896 1.8217 1.6447 3.6361 -18.0971 2.0289 44.7912 -3.6868 -4.5588
Car -1 -1 -3.0747 782.2908 142.5832 855.9146 171.5584 1.5428 1.7098 3.8185 11.5626 -0.0747 40.0012 -2.7952 -4.7253
Car -1 -1 -4.3477 524.8818 178.6817 575.6691 206.5568 1.4666 1.5996 3.8560 -3.3656 1.8134 40.9038 -4.4298 -4.7553
Car -1 -1 -8.5565 625.4216 152.0263 691.0715 184.9440 1.6319 1.6157 3.3669 2.4357 0.5991 37.6041 -8.4925 -4.7840
Car -1 -1 -7.0344 594.7156 149.1039 654.6689 177.0927 1.8515 1.8084 3.9655 1.0078 0.2801 49.7285 -7.0144 -4.9027
Car -1 -1 -5.0605 491.8616 184.3809 611.0375 258.6744 1.5688 1.7395 3.8007 -1.6215 1.8890 17.9745 -5.1502 -4.9999
Car -1 -1 -6.7890 636.8839 152.3910 706.6973 180.5471 1.6614 1.7039 3.9232 3.7475 0.4537 44.1569 -6.7050 -5.0045
Car -1 -1 -4.6792 537.6989 176.7514 575.4421 214.0242 1.6574 1.6715 3.9474 -2.5441 1.8544 34.5101 -4.7528 -5.0915
Car -1 -1 -4.0136 175.8672 186.2883 242.4946 214.0759 1.5106 1.5227 3.5733 -23.8275 2.3456 42.9620 -4.5177 -5.1497
Car -1 -1 -4.3408 85.4570 187.5718 154.3929 220.2726 1.5445 1.6506 4.0418 -25.8611 2.3667 38.1695 -4.9332 -5.2323
Car -1 -1 -4.2455 9.6682 186.7045 77.0077 212.2958 1.4408 1.6086 4.1592 -35.4260 2.3502 45.1949 -4.9076 -5.3153
Car -1 -1 -5.0254 630.7017 176.1900 741.1044 241.6729 1.4420 1.5895 3.9456 1.7298 1.5356 18.2018 -4.9331 -5.6727
Car -1 -1 -8.0079 276.1699 181.5757 322.8211 217.3116 1.7609 1.7083 4.0030 -16.7559 2.2551 38.7539 -8.4138 -5.6796
Car -1 -1 -4.1991 88.7476 183.3274 158.6703 211.1202 1.5108 1.6790 4.0176 -28.8130 2.1624 42.8467 -4.7884 -5.7992
Car -1 -1 -4.5128 0.0000 189.7662 2.9484 214.5754 1.4543 1.7164 4.1431 -41.6365 2.6209 47.5561 -5.2293 -5.8364
Car -1 -1 -4.8330 555.1782 183.5100 636.8245 243.6514 1.3422 1.6284 4.1742 -0.5303 1.6556 19.0616 -4.8614 -5.8546
Car -1 -1 -4.7583 253.1311 184.5501 278.9366 205.2249 1.5144 1.6720 4.1540 -27.5095 2.4838 57.5960 -5.2024 -5.8675
Car -1 -1 -4.4966 0.0000 187.6187 0.0000 216.8513 1.5689 1.6671 4.0101 -41.5993 2.4931 43.0360 -5.2620 -5.8867
Car -1 -1 -4.7447 601.3049 176.9772 683.9990 253.9487 1.4955 1.6313 3.9983 0.5960 1.5994 16.2349 -4.7097 -5.8867
Car -1 -1 -4.4487 0.0000 186.1444 0.0000 217.2068 1.5425 1.6563 4.0142 -41.6082 2.3151 39.8138 -5.2529 -5.8867
Car -1 -1 -8.6151 0.0000 0.0000 1123.4210 374.0000 1.5123 1.6088 3.8522 1.5291 1.5763 1.3663 -7.8744 -5.8867
Car -1 -1 -4.5809 16.3090 184.6089 54.6919 207.6248 1.5294 1.6562 4.0137 -41.6059 2.4160 52.2883 -5.2507 -5.8867
Car -1 -1 -6.0615 589.6093 177.9072 663.9050 204.1888 1.5078 1.4658 4.2169 0.9752 1.8178 43.0841 -6.0396 -7.8328
