Car -1 -1 -4.1573 0.0000 190.0336 322.9464 374.0000 1.5810 1.6725 3.9047 -4.5671 1.7999 7.2483 -4.7037 7.5971
Car -1 -1 -4.4397 373.1697 189.3943 482.5332 259.1748 1.4005 1.5609 3.7758 -4.2781 1.8407 17.3008 -4.6793 6.7740
Car -1 -1 -4.3928 249.3540 183.3039 432.1514 301.1372 1.6251 1.6776 4.0574 -4.4066 1.8333 12.3560 -4.7294 6.4818
Car -1 -1 -4.5120 436.0615 184.2051 515.0305 238.6403 1.4388 1.6053 3.8275 -4.0083 1.8119 21.8051 -4.6923 6.2003
Car -1 -1 -7.9811 711.1130 172.9474 781.5826 227.4618 1.7809 1.8327 5.1056 4.7736 1.7843 26.1764 -7.8034 5.9634
Car -1 -1 -4.5929 565.8751 177.7784 595.9435 201.6263 1.5142 1.5767 3.8800 -1.9543 1.8594 48.6339 -4.6334 2.5378
Car -1 -1 -8.0271 699.2229 177.6065 741.6315 207.7218 1.4887 1.6028 3.5805 5.7325 1.7510 38.0504 -7.8792 1.5462
Car -1 -1 -5.9403 86.8141 175.5720 242.2513 224.3205 1.6734 1.7338 4.4841 -16.0909 1.7768 26.2154 -6.4865 1.5120
Car -1 -1 -4.7274 707.7866 181.5084 743.5756 214.8401 1.3617 1.4978 3.6766 5.1122 1.7731 32.4002 -4.5729 -0.6047
Car -1 -1 -2.9459 509.8930 170.9728 561.5053 190.2127 1.5501 1.6522 3.9630 -6.0929 1.3982 59.1369 -3.0485 -0.9041
Car -1 -1 -8.2022 682.0820 176.4819 728.7776 202.7377 1.4845 1.5821 3.7585 5.6448 1.7123 43.3565 -8.0740 -1.7162
Car -1 -1 -4.9133 586.5936 174.7437 615.5919 193.4073 1.4723 1.6286 3.9396 -0.7949 1.6332 59.4433 -4.9270 -1.8592
Car -1 -1 -7.8934 553.7683 170.5914 572.9254 186.9955 1.4620 1.6064 3.6710 -4.3263 1.2601 66.2169 -7.9587 -2.6444
Car -1 -1 -4.3084 601.9868 176.2086 639.5578 195.6028 1.5125 1.6364 4.0191 0.8968 1.7975 59.1912 -4.2938 -2.8689
Car -1 -1 -6.7948 677.9843 176.5893 741.1362 200.1983 1.5076 1.6243 3.8623 6.5889 1.7634 48.0039 -6.6597 -3.0428
Car -1 -1 -5.0241 382.8954 181.7373 434.2110 211.2615 1.5168 1.5892 4.1049 -11.3936 2.0418 40.5130 -5.2970 -3.2812
Car -1 -1 -4.9475 669.4755 175.9276 701.9196 197.1843 1.5023 1.5870 3.5932 5.5379 1.7377 53.4269 -4.8452 -3.4686
Car -1 -1 -4.7223 716.3651 176.3455 748.2733 203.3637 1.4607 1.7312 4.1421 7.0096 1.6730 41.7523 -4.5576 -4.1751
Car -1 -1 -7.7834 821.1346 170.1156 849.8115 193.1743 1.4853 1.5844 3.8457 15.1706 1.3086 48.5559 -7.4826 -4.5148
Car -1 -1 -7.9327 673.0521 176.2195 715.4185 211.3446 1.5012 1.5926 4.3351 3.7991 1.6672 33.4512 -7.8212 -4.8143
Car -1 -1 -8.0066 799.1443 170.1814 832.1374 193.0785 1.4858 1.5798 3.7475 13.8247 1.3121 48.7775 -7.7323 -4.8911
Car -1 -1 -8.8220 887.9946 160.9008 988.3239 199.2551 1.7740 1.8649 4.1855 16.0812 1.2209 35.6460 -8.4016 -5.0274
Car -1 -1 -3.7950 688.2886 173.2475 744.3569 194.0761 1.4860 1.6021 3.9265 7.8192 1.5156 53.1970 -3.6502 -5.1378
Car -1 -1 -7.8798 676.8078 177.4798 709.1279 206.7521 1.4563 1.5993 3.7720 4.3402 1.7151 38.4602 -7.7688 -5.3718
Car -1 -1 -4.2512 350.1275 178.1320 408.0540 205.9985 1.4739 1.6031 3.7952 -13.0612 1.7875 40.9170 -4.5587 -5.7085
Car -1 -1 -3.5067 0.0000 201.7886 0.0000 374.0000 1.4813 1.6030 3.9823 -5.5001 1.6458 2.0866 -4.6708 -5.8538
Car -1 -1 -5.0695 693.8657 177.5328 739.5185 202.2732 1.4577 1.5945 3.8050 6.6116 1.7643 45.3080 -4.9260 -5.9047
