Car -1 -1 -4.2779 87.0469 184.0683 380.7871 351.7073 1.6241 1.6709 4.1114 -4.4979 1.8008 9.3254 -4.7170 7.3937
Car -1 -1 -4.4645 395.5766 184.5303 496.8037 249.1366 1.4371 1.6289 3.9483 -4.1756 1.7729 18.7710 -4.6811 7.3067
Car -1 -1 -7.9923 718.0387 169.3694 798.5246 232.1410 1.7929 1.7917 5.1140 4.5768 1.6931 23.2101 -7.8007 7.2025
Car -1 -1 -4.3737 305.1113 190.8102 454.2162 278.3561 1.3994 1.6122 3.7323 -4.4011 1.8000 14.2113 -4.6695 5.9091
Car -1 -1 -3.8902 0.0000 196.8118 180.7064 374.0000 1.5454 1.6541 4.0210 -4.6151 1.7521 4.2036 -4.6907 4.6251
Car -1 -1 -4.5985 557.2247 177.2378 590.7781 201.6219 1.4466 1.6739 4.0250 -2.2644 1.7359 45.6089 -4.6483 2.7365
Car -1 -1 -5.7433 15.4651 175.7910 174.0826 225.3809 1.5044 1.6333 3.8149 -16.3354 1.6014 22.9560 -6.3564 2.2111
Car -1 -1 -8.0139 701.8076 176.6763 746.4326 208.9374 1.4689 1.5835 3.5194 5.4464 1.6635 35.0363 -7.8615 2.2004
Car -1 -1 -7.9570 709.2032 178.4270 759.6547 216.5437 1.4214 1.6306 3.6640 4.9487 1.6621 29.3342 -7.7921 2.1156
Car -1 -1 -2.9144 496.6032 170.6425 552.9694 192.9426 1.7004 1.6755 4.0782 -6.6264 1.5314 56.0732 -3.0318 -0.9078
Car -1 -1 -6.8046 689.7642 175.0591 763.2201 202.6944 1.4662 1.5883 3.7144 6.4011 1.5921 39.9075 -6.6472 -1.9299
Car -1 -1 -4.1940 540.8859 170.0869 579.0589 189.1248 1.6147 1.6192 3.9072 -4.3758 1.3797 63.3096 -4.2630 -2.2381
Car -1 -1 -8.4131 833.2181 170.5766 893.8760 197.3259 1.4975 1.6462 3.6815 14.7852 1.3697 42.3711 -8.0798 -2.2448
Car -1 -1 -5.7858 595.9990 163.9870 657.6394 185.1348 1.5874 1.7357 4.5016 1.2626 0.9215 56.0321 -5.7637 -3.0192
Car -1 -1 -4.9012 667.7454 174.8612 705.2724 200.0482 1.5103 1.6160 4.0645 4.7600 1.6429 45.6933 -4.7985 -3.3273
Car -1 -1 -4.9399 689.4809 174.6868 726.8387 199.3718 1.4810 1.5393 3.6384 6.1042 1.6010 45.4537 -4.8077 -3.5567
Car -1 -1 -4.8355 684.9425 171.8554 714.4595 195.5725 1.6113 1.6069 3.7528 6.2583 1.5432 50.8991 -4.7142 -3.8269
Car -1 -1 -4.8423 587.1771 173.6248 616.8050 196.6577 1.6102 1.6798 3.7349 -0.6488 1.6681 52.5413 -4.8550 -4.2105
Car -1 -1 -4.4061 0.0000 195.2690 35.8700 245.8238 1.7313 1.8329 3.7055 -24.5696 2.6837 28.6033 -5.1114 -4.3052
Car -1 -1 -6.1067 537.0182 165.8709 582.2158 181.6833 1.5148 1.6676 4.1576 -4.9003 0.8455 70.1740 -6.1764 -4.4421
Car -1 -1 -4.3229 433.4749 178.4822 493.2669 208.8136 1.4458 1.6598 3.9127 -7.5349 1.7522 37.2434 -4.5216 -4.7226
Car -1 -1 -5.5096 698.1748 174.3200 779.1240 205.2206 1.5093 1.6540 4.1809 6.6020 1.5899 37.6285 -5.3377 -4.8826
Car -1 -1 -4.2716 0.0000 190.0114 87.8740 231.8429 1.5201 1.6945 3.7632 -23.5548 2.2789 29.9011 -4.9347 -5.1067
Car -1 -1 -4.7653 581.0599 177.2893 608.7833 199.9166 1.4707 1.6942 3.9658 -1.1079 1.7886 49.7377 -4.7879 -5.4609
Car -1 -1 -7.9883 979.6294 166.8256 1097.4177 246.3946 1.6038 1.7575 4.0014 9.7045 1.4820 16.7278 -7.4707 -5.4716
Car -1 -1 -5.0807 694.1234 175.9720 744.8706 202.1999 1.4397 1.6376 3.8629 6.3018 1.6305 42.1611 -4.9338 -5.5707
Car -1 -1 -6.4620 934.2048 138.4457 1045.5861 181.3584 1.8443 1.6230 4.1966 16.9104 0.3652 32.4028 -5.9847 -5.6301
Car -1 -1 -4.6523 0.0000 197.2890 53.9511 249.0168 1.6923 1.7871 3.2558 -22.2021 2.6753 27.1918 -5.3324 -6.7553
