Car -1 -1 -4.4596 399.5179 185.3808 497.4300 253.6830 1.6148 1.6989 3.7802 -4.3308 1.9896 19.6842 -4.6741 8.3366
Car -1 -1 -8.1938 792.6680 185.9193 1041.9714 334.0365 1.4874 1.6210 4.2008 3.7232 1.7015 9.7302 -7.8396 7.6209
Car -1 -1 -4.5273 458.4150 184.3707 528.3876 235.2554 1.5410 1.6412 4.1312 -3.9691 1.9712 24.8839 -4.6845 6.3811
Car -1 -1 -8.5242 956.8495 207.2338 1241.0000 374.0000 1.3983 1.6664 4.0654 3.5548 1.6806 3.8700 -7.8195 5.4570
Car -1 -1 -4.5316 493.2361 186.2759 547.9602 225.1911 1.4253 1.5482 4.0309 -3.6745 2.0195 29.9032 -4.6534 4.4586
Car -1 -1 -7.9257 694.9293 175.1348 736.9548 212.6750 1.8537 1.8303 5.1997 5.5529 1.9839 38.6089 -7.7846 3.7602
Car -1 -1 -4.5537 516.2465 184.0750 562.6025 218.6062 1.4847 1.5941 3.9340 -3.3390 2.0498 34.3438 -4.6505 3.6906
Car -1 -1 -5.8470 98.2910 189.0276 247.5149 234.8263 1.4311 1.6703 3.9679 -14.6662 1.9988 24.3084 -6.3853 3.2104
Car -1 -1 -4.5240 588.3928 181.1272 615.7839 199.7836 1.4850 1.6317 3.8858 -0.6635 2.2114 61.3142 -4.5352 1.4788
Car -1 -1 -5.9495 291.7596 167.4046 357.1135 186.5594 1.5058 1.7429 4.5388 -22.8143 1.0771 57.6876 -6.3247 0.2047
Car -1 -1 -4.7357 761.4467 183.2685 788.0104 206.1401 1.4662 1.6987 4.0802 11.4340 2.2245 50.3949 -4.5144 -1.0728
Car -1 -1 -2.4431 438.8471 169.2932 504.2437 196.1713 1.5353 1.5685 3.6559 -8.2564 1.3316 42.7909 -2.6329 -1.4112
Car -1 -1 -3.9379 13.7091 186.9176 102.1747 215.9622 1.4277 1.5990 3.8470 -30.0880 2.2348 39.4200 -4.5867 -1.8980
Car -1 -1 -7.4726 342.8530 160.6017 382.7798 186.0969 2.1187 1.7325 4.4212 -21.2774 1.1002 62.2135 -7.8010 -2.0208
Car -1 -1 -7.4729 371.4653 165.5456 413.9720 184.8208 1.5026 1.9589 3.9475 -17.5283 0.9326 58.3027 -7.7639 -3.7356
Car -1 -1 -4.1361 520.8161 179.4510 565.6769 199.4082 1.5213 1.6395 4.1461 -5.4103 2.0778 58.6837 -4.2280 -4.1835
Car -1 -1 -4.6075 778.2375 173.8915 806.7871 199.0703 1.7345 1.6095 3.8203 13.1390 1.8118 51.9450 -4.3615 -4.2075
Car -1 -1 -5.1765 416.0801 177.4481 457.4659 197.6369 1.4161 1.5780 3.4843 -12.8467 1.7668 53.2880 -5.4122 -4.2318
Car -1 -1 -4.4572 219.8337 185.4134 272.0038 216.6440 1.7976 1.9038 4.3662 -23.0302 2.6341 45.7408 -4.9216 -4.2888
Car -1 -1 -4.6378 52.8911 178.3073 86.4687 200.3025 1.5807 1.7603 3.8316 -41.1507 2.0117 54.9789 -5.2781 -4.5983
Car -1 -1 -4.2158 0.0000 194.9721 112.7613 237.9022 1.3947 1.6638 4.3437 -21.4385 2.3241 28.0555 -4.8639 -4.7391
Car -1 -1 -7.4513 387.5023 170.7609 440.6299 197.9568 1.4959 1.5949 3.8049 -11.2904 1.3805 41.6829 -7.7145 -4.7535
Car -1 -1 -7.3044 0.0000 192.1469 69.9555 232.1503 1.5802 1.6522 4.0079 -26.5791 2.5080 32.6161 -7.9843 -4.8734
Car -1 -1 -4.3975 331.6667 172.9209 381.2585 201.6556 1.5230 1.4897 3.8212 -14.0894 1.5266 40.1781 -4.7330 -4.9131
Car -1 -1 -4.7933 511.3836 176.9767 544.0789 201.0298 1.6115 1.9465 4.6761 -5.9701 1.9206 51.6739 -4.9081 -4.9143
Car -1 -1 -6.7181 1052.1943 163.6615 1241.0000 270.0083 1.6713 1.8417 4.0455 10.3240 1.5266 12.7071 -6.0476 -5.0398
Car -1 -1 -4.7282 589.1268 178.7631 610.9297 199.8469 1.6119 1.6890 3.5431 -0.8542 2.1010 57.9658 -4.7433 -5.0660
Car -1 -1 -3.8463 732.0177 175.3454 811.9933 205.2316 1.5219 1.5884 4.1478 8.6639 1.6609 38.6926 -3.6281 -5.4017
Car -1 -1 -7.8128 896.4349 195.0180 1021.1446 309.0904 1.3686 1.5316 4.0241 5.5975 1.7911 11.6264 -7.3751 -5.4663
Car -1 -1 -4.1649 554.4663 179.7322 593.7426 200.2459 1.5133 1.4415 3.5288 -2.8004 2.0687 56.3939 -4.2147 -5.5928
Car -1 -1 -4.6822 733.5570 174.7421 759.1212 199.9483 1.7431 1.7092 4.1480 9.9109 1.8858 52.4375 -4.4969 -5.6627
Car -1 -1 -8.9056 1197.2238 153.2632 1241.0000 194.7623 1.7464 1.9347 3.9567 29.2705 0.9217 32.5482 -8.1778 -5.6685
Car -1 -1 -4.0102 469.9583 181.7430 523.6983 203.5641 1.4607 1.6697 3.9696 -8.1654 2.1293 52.1653 -4.1652 -5.6975
Car -1 -1 -4.3901 58.2661 186.9964 130.9794 225.3362 1.6483 1.6738 3.9339 -24.7281 2.3700 34.7123 -5.0056 -5.7610
Car -1 -1 -4.2184 63.5033 183.9625 138.2172 214.3000 1.4916 1.5794 4.0231 -27.5173 2.1254 39.0957 -4.8287 -5.7678
Car -1 -1 -4.9905 576.2681 180.2434 616.7652 203.9718 1.5281 1.7131 4.2154 -1.0180 2.0645 50.1436 -5.0112 -5.7803
Car -1 -1 -4.4351 680.7941 179.1211 723.9323 203.7316 1.5041 1.7118 4.3175 6.1097 1.9375 47.6024 -4.3087 -5.8623
Car -1 -1 -4.9489 695.9881 177.3369 731.3326 198.6960 1.4514 1.6079 4.0379 7.3920 1.7871 51.9935 -4.8089 -5.8694
Car -1 -1 -4.5098 461.8894 181.2755 512.8490 215.6538 1.5111 1.6456 3.9924 -5.8746 1.9399 34.7325 -4.6766 -5.8867
Car -1 -1 -4.7180 612.7357 180.1529 638.8709 205.1720 1.4988 1.6078 3.9563 0.9660 1.9878 46.3756 -4.6978 -5.8867
Car -1 -1 -4.2080 184.4513 186.2933 244.8534 212.5618 1.5513 1.6714 4.0582 -25.5514 2.4592 46.7265 -4.7063 -5.8867
Car -1 -1 -6.9165 0.0000 0.0000 1241.0000 374.0000 1.5559 1.5948 3.8086 -2.1023 1.6659 1.0030 -7.9393 -5.8867
Car -1 -1 -4.4803 103.8795 189.7287 174.7279 229.0578 1.4439 1.5972 4.1033 -19.8841 2.2103 30.5796 -5.0531 -6.0895
Car -1 -1 -4.4273 254.6376 186.2993 301.2133 211.5099 1.4865 1.6719 4.0614 -21.5701 2.4006 46.9444 -4.8562 -6.3897
Car -1 -1 -7.4381 482.0667 160.6640 521.0814 189.9869 2.6641 1.8624 4.7973 -10.2004 1.5563 68.1149 -7.5865 -6.5734
Car -1 -1 -4.8851 857.0981 172.8522 930.6185 220.6358 1.5339 1.6731 4.1727 9.8214 1.5335 25.3696 -4.5202 -6.6867
