Car -1 -1 -8.1910 563.6720 189.9402 714.8342 280.9789 1.3498 1.6093 3.7991 0.3313 1.7184 13.5248 -8.1684 8.3533
Car -1 -1 -7.9956 463.7610 182.3787 521.8245 223.0335 1.4063 1.6842 3.8893 -4.6668 1.8042 28.0551 -8.1595 6.6353
Car -1 -1 -4.5027 22.8448 200.3047 200.9644 319.6578 1.4726 1.5965 3.7726 -8.0113 2.0026 11.8916 -5.0856 6.5748
Car -1 -1 -4.3808 0.0000 215.0547 133.5850 374.0000 1.3521 1.6552 3.9770 -6.2973 1.8996 7.2128 -5.0804 5.5269
Car -1 -1 -7.9620 451.8128 181.0638 496.4163 215.1675 1.4378 1.6077 4.0471 -6.4287 1.8449 33.6355 -8.1499 4.5688
Car -1 -1 -2.8648 645.8248 165.8898 748.6059 212.1310 1.7929 1.6042 3.8770 3.5166 1.5226 29.4605 -2.7477 3.9883
Car -1 -1 -4.5958 281.2847 184.7078 324.9969 215.5287 1.5702 1.8123 3.8768 -17.1979 2.2701 40.5011 -4.9953 3.6356
Car -1 -1 -7.8517 436.4675 176.4693 458.9682 196.5917 1.6150 1.7978 5.1670 -13.8716 1.9370 61.6044 -8.0726 2.4049
Car -1 -1 -6.0859 69.8248 188.7038 154.1525 217.3892 1.5253 1.6643 3.7383 -28.6071 2.4699 41.5206 -6.6864 1.8975
Car -1 -1 -2.7961 580.3295 173.9230 668.7963 205.8661 1.5079 1.5784 4.0728 0.6793 1.5625 35.6201 -2.7777 1.4997
Car -1 -1 -2.8909 629.3511 170.5249 721.4017 206.3526 1.5353 1.6607 3.8178 2.8971 1.4352 32.3377 -2.8029 0.2749
Car -1 -1 -7.2725 260.6610 173.9865 303.4618 191.8284 1.4874 1.6140 3.6697 -28.3062 1.5880 62.3370 -7.6973 -0.3936
Car -1 -1 -6.9959 774.3574 171.0606 845.0336 201.3632 1.6516 1.6500 3.6774 11.2746 1.5535 40.8631 -6.7289 -1.8562
Car -1 -1 -6.2679 211.8219 180.9363 280.8791 204.3510 1.5536 1.6816 4.2722 -25.5350 2.1404 50.7236 -6.7325 -2.1506
Car -1 -1 -4.8496 1109.6002 155.3186 1241.0000 243.9667 1.4403 1.5045 3.3831 10.4516 1.1551 13.5672 -4.2039 -2.2853
Car -1 -1 -4.3387 278.6235 184.4254 332.8053 211.3508 1.4810 1.6641 3.9679 -18.2681 2.2091 43.4120 -4.7351 -2.3042
Car -1 -1 -4.5447 321.5425 183.6148 351.6058 203.8089 1.4166 1.5828 3.3064 -20.5617 2.2523 54.2807 -4.9054 -2.3373
Car -1 -1 -9.0212 1069.4990 143.7445 1224.0229 201.0573 1.7272 1.6767 3.7257 17.5124 0.8496 23.7734 -8.3923 -2.7591
Car -1 -1 -7.1986 0.0000 189.6582 39.3545 246.1916 1.3898 1.5688 3.6284 -18.5595 1.9153 20.7106 -7.9230 -3.3844
Car -1 -1 -4.7459 196.5419 176.4822 221.4576 196.6937 1.5316 1.6122 3.7094 -31.9495 1.8300 57.4028 -5.2520 -3.6583
Car -1 -1 -4.7296 326.4988 181.2975 357.5237 208.8594 1.5194 1.6704 4.0669 -16.1565 2.0517 43.3199 -5.0849 -3.9239
Car -1 -1 -7.9727 1174.7765 135.6449 1241.0000 181.0408 1.5544 1.6654 3.6403 22.1192 0.2800 26.6879 -7.2859 -3.9523
Car -1 -1 -8.4203 754.7288 176.9102 941.5683 268.1613 1.5074 1.6551 3.7756 4.4069 1.5980 14.1408 -8.1249 -4.2963
Car -1 -1 -5.2061 732.4389 172.2457 787.5594 199.6948 1.4100 1.4367 3.4491 7.9980 1.3785 38.9227 -5.0053 -4.8125
Car -1 -1 -8.2914 1095.9232 126.5168 1185.8135 165.9059 1.6545 1.7969 3.9616 24.2304 -0.3401 33.1690 -7.6643 -5.2919
Car -1 -1 -4.4660 343.5968 179.5249 386.8581 204.8205 1.4573 1.6132 3.9701 -15.1339 1.8891 44.6892 -4.7910 -5.8285
Car -1 -1 -4.5418 349.1011 180.4425 381.4456 201.7957 1.5292 1.6645 4.1777 -18.7772 2.1348 55.4229 -4.8673 -6.0348
Car -1 -1 -4.1892 254.1803 181.5084 291.5054 197.2071 1.4514 1.5924 3.8879 -33.1121 2.3258 70.9250 -4.6248 -6.5417
