Car -1 -1 -4.9125 447.0687 184.1850 525.7409 235.7036 1.3808 1.6144 4.1244 -3.9958 1.7691 22.5275 -5.0867 6.4002
Car -1 -1 -1.9707 0.0000 203.5858 99.4027 277.1595 1.3920 1.6297 3.7627 -13.7219 2.1665 16.5904 -2.6540 4.2873
Car -1 -1 -2.9211 0.0000 187.2829 113.4138 228.7287 1.5707 1.6013 3.7663 -23.0493 2.1989 29.9146 -3.5734 3.4377
Car -1 -1 -4.7044 371.1252 182.1349 433.8064 237.2350 1.5301 1.7533 3.9821 -6.6101 1.8523 22.9151 -4.9828 2.8568
Car -1 -1 -7.9310 1024.9156 170.3604 1080.6833 210.8861 1.4868 1.5621 3.7514 17.3662 1.3950 28.4987 -7.3886 0.0423
Car -1 -1 -3.1843 993.6038 172.5439 1103.9335 220.6011 1.4768 1.4539 2.9929 14.1559 1.4670 23.5217 -2.6485 -2.1031
Car -1 -1 -2.5689 461.2574 180.0847 549.5868 216.1959 1.5284 1.5689 3.6887 -4.7720 1.8697 32.6110 -2.7136 -2.6739
Car -1 -1 -7.7601 761.0413 170.5655 814.4039 216.3024 1.5781 1.6006 3.7540 6.6437 1.4988 26.9313 -7.5213 -3.2630
Car -1 -1 -2.9030 519.6891 163.6758 610.5109 201.6301 1.5941 1.6129 3.6709 -1.9685 1.2083 31.4205 -2.9655 -3.4429
Car -1 -1 -4.3423 0.0000 181.8509 69.3304 221.3836 1.6115 1.6334 4.0378 -26.2484 2.0444 32.5712 -5.0167 -3.4907
Car -1 -1 -2.4217 411.9062 154.1236 483.0258 181.7329 1.5433 1.6677 3.9087 -9.5071 0.4960 41.9986 -2.6431 -3.5527
Car -1 -1 -6.7467 1137.6191 162.5951 1241.0000 217.4863 1.5892 1.6787 4.3700 19.1020 1.2919 22.2239 -6.0435 -3.7984
Car -1 -1 -2.5325 341.5844 154.6125 414.3217 182.0650 1.7953 1.7621 4.4693 -15.6807 0.6021 48.6863 -2.8426 -4.1747
Car -1 -1 -4.4809 149.3906 185.5943 210.4093 221.0035 1.5715 1.6677 4.2441 -21.3630 2.2458 35.9325 -5.0143 -4.1909
Car -1 -1 -3.1128 818.4896 151.6309 880.2927 175.7405 1.6439 1.7454 4.0563 16.7869 0.1965 50.7081 -2.7949 -4.1981
Car -1 -1 -5.7869 316.2875 153.2740 390.6559 181.4109 1.7838 1.7954 4.2152 -16.6994 0.5422 46.9573 -6.1269 -4.2179
Car -1 -1 -7.5287 402.6350 175.2710 430.8677 190.0930 1.4134 1.6366 3.5713 -19.0643 1.6579 71.2376 -7.7895 -4.2698
Car -1 -1 -4.7239 119.4082 189.4956 174.1100 235.0806 1.4440 1.5840 3.9737 -17.0537 2.1029 26.4835 -5.2917 -4.3557
Car -1 -1 -7.7578 508.7223 188.1736 558.0483 230.3920 1.4455 1.5557 3.5114 -2.9311 2.0717 27.7456 -7.8628 -4.4729
Car -1 -1 -2.6306 502.5550 159.4247 568.2285 185.9123 1.5735 1.6307 3.6880 -4.6193 0.7754 44.3414 -2.7340 -4.6678
Car -1 -1 -6.0987 394.1349 160.2725 482.3044 189.6814 1.5226 1.6899 4.3159 -9.0998 0.8709 38.3023 -6.3306 -4.8878
Car -1 -1 -8.2082 1048.4113 176.0885 1136.4900 216.5265 1.2866 1.5191 3.1070 16.5065 1.4055 24.9105 -7.6288 -4.8961
Car -1 -1 -7.0242 153.4866 169.6040 227.8348 201.2654 1.9033 1.5772 4.0521 -26.4167 1.7077 45.5451 -7.5474 -5.2686
Car -1 -1 -4.5737 281.2211 184.0038 347.0769 231.8542 1.3510 1.4826 3.3417 -9.4016 1.7342 23.0122 -4.9580 -5.3968
Car -1 -1 -3.5832 0.0000 188.7074 25.4339 231.4433 1.4855 1.6587 4.3913 -26.6665 2.1776 29.1672 -4.3194 -5.4435
Car -1 -1 -2.6606 207.6871 184.2211 370.5742 245.8354 1.6015 1.6162 3.8214 -8.8837 1.9316 20.0361 -3.0735 -5.5668
Car -1 -1 -4.5020 328.8744 151.2545 382.9456 185.0639 1.6743 1.8300 4.2308 -13.3186 0.6044 37.9454 -4.8375 -5.6441
Car -1 -1 -4.4670 160.2617 185.6631 227.3150 220.9223 1.4370 1.7186 4.0810 -19.0905 2.0651 33.1993 -4.9856 -5.7123
Car -1 -1 -4.3990 176.0010 179.9586 259.4162 224.4862 1.5071 1.6058 3.9398 -14.6953 1.7948 27.1663 -4.8911 -5.8096
Car -1 -1 -7.8790 1241.0000 164.8817 1241.0000 233.1338 1.4654 1.7380 3.9761 16.7200 1.2940 17.5547 -7.1266 -5.8237
Car -1 -1 -5.3125 1236.2405 163.3569 1241.0000 223.0446 1.3504 1.6159 4.2957 18.4575 1.1352 18.5793 -4.5385 -5.8361
Car -1 -1 -4.3324 188.5076 179.6514 292.8439 231.1600 1.4848 1.6238 3.9987 -11.8790 1.7245 23.4052 -4.7978 -5.8590
Car -1 -1 -4.7958 180.1226 193.4529 262.4149 256.2298 1.3788 1.6146 4.0957 -10.5852 1.9944 19.4192 -5.2895 -5.8746
Car -1 -1 -4.3819 172.8426 182.9167 248.7612 223.3652 1.5636 1.6431 3.9718 -17.1014 2.0253 31.0314 -4.8822 -5.8757
Car -1 -1 -2.6055 539.6106 155.3026 616.0117 189.8470 2.0239 1.8000 4.3546 -2.0145 0.9953 44.0921 -2.6512 -5.8802
Car -1 -1 -8.9132 0.0000 0.0000 1241.0000 374.0000 1.5512 1.5927 3.8065 1.9178 1.6102 1.0025 -7.9392 -5.8867
Car -1 -1 -8.1632 0.0000 0.0000 853.8596 374.0000 1.5569 1.5943 3.8081 0.3100 1.6477 1.0020 -7.9391 -5.8867
Car -1 -1 -6.9163 0.0000 0.0000 1241.0000 374.0000 1.5638 1.5934 3.8091 -2.1006 1.7033 1.0024 -7.9389 -5.8867
Car -1 -1 -7.3752 1241.0000 176.4515 1241.0000 293.5438 1.4060 1.5859 4.2247 11.6362 1.4621 10.0293 -6.5306 -5.9831
Car -1 -1 -7.1771 1221.4716 171.3752 1241.0000 260.7527 1.4610 1.6760 4.3925 13.6191 1.4366 12.8275 -6.3735 -6.1114
Car -1 -1 -7.3014 1241.0000 164.7309 1241.0000 240.3219 1.5102 1.6408 4.2382 16.4563 1.3476 15.6752 -6.5013 -6.1182
Car -1 -1 -6.3270 797.3295 156.2043 869.5532 180.8258 1.6356 1.8769 4.6398 15.1981 0.5293 49.4217 -6.0305 -6.1611
Car -1 -1 -2.9826 587.7398 145.3324 663.2749 186.6193 2.0028 1.5914 3.5732 0.7601 0.6675 36.1039 -2.9620 -6.3363
Car -1 -1 -5.4344 154.5703 173.1434 233.4015 208.0764 1.9136 1.8252 3.8088 -23.6778 1.9303 41.0263 -5.9552 -7.3403
Car -1 -1 -2.6043 198.1766 189.2441 285.4335 218.4006 1.4730 1.5435 3.8940 -19.5793 2.3647 38.3685 -3.0737 -8.2095
