Car -1 -1 -4.2784 106.7084 187.7806 384.8528 336.7980 1.4858 1.6404 4.1028 -4.5384 1.7279 9.6611 -4.7077 7.7214
Car -1 -1 -8.1004 754.5529 156.5558 922.1852 267.4628 1.7768 1.8134 5.0701 4.1183 1.5154 14.1214 -7.8231 6.4138
Car -1 -1 -8.0053 729.1278 173.4519 809.6556 231.3956 1.4657 1.6028 3.8593 4.3164 1.4838 20.2626 -7.7990 5.5819
Car -1 -1 -4.0042 0.0000 211.5141 215.7489 374.0000 1.3799 1.5670 3.7553 -4.6297 1.7521 5.0713 -4.7184 5.4882
Car -1 -1 -8.0544 709.5634 168.9542 774.3132 214.8437 1.5431 1.6094 3.5006 4.6366 1.4116 26.0335 -7.8806 5.4609
Car -1 -1 -7.9544 695.7684 169.0988 733.6821 199.2251 1.4535 1.5419 3.5341 5.2264 1.2720 36.6083 -7.8141 3.6185
Car -1 -1 -7.9513 702.4300 170.7735 748.5541 207.0363 1.4686 1.5922 3.6920 4.8761 1.3841 31.1100 -7.7977 3.6042
Car -1 -1 -4.4654 522.3879 172.0282 573.6221 203.7692 1.5080 1.6729 3.8745 -3.0981 1.4684 36.3263 -4.5503 3.2989
Car -1 -1 -4.7196 512.8691 162.3672 536.6981 183.7480 1.5351 1.7028 4.0416 -6.4121 0.7819 53.9179 -4.8376 0.6376
Car -1 -1 -4.3780 545.8358 170.9829 593.2110 197.6563 1.4865 1.5960 3.8545 -2.3547 1.3819 42.2831 -4.4336 0.1840
Car -1 -1 -8.1008 889.3102 166.0578 927.5048 188.0459 1.5029 1.6182 3.7915 21.1360 1.0381 51.3079 -7.7123 -0.5829
Car -1 -1 -7.7636 589.4478 170.2699 611.0110 187.4163 1.4641 1.5780 3.6366 -0.8569 1.2432 63.4855 -7.7773 -1.2339
Car -1 -1 -7.9106 670.3428 168.8451 702.0016 195.5865 1.4717 1.5817 4.0492 4.3277 1.2508 41.7689 -7.8084 -1.6948
Car -1 -1 -2.8789 455.3296 163.9839 517.9176 187.2031 1.4698 1.6635 3.6856 -7.9861 0.9080 46.6740 -3.0477 -1.7769
Car -1 -1 -7.4194 563.2328 170.8648 618.6860 198.1291 1.4981 1.6146 4.1662 -1.0806 1.3885 41.8802 -7.4455 -2.5672
Car -1 -1 -7.9441 692.6978 169.0609 725.9054 194.9786 1.4226 1.5759 3.3612 5.6102 1.2141 41.3191 -7.8104 -3.1314
Car -1 -1 -6.8370 0.0000 176.3733 87.6774 249.0464 1.4910 1.5852 3.6656 -14.7471 1.5832 16.9830 -7.5444 -3.4834
Car -1 -1 -4.6468 573.5781 172.3562 602.1890 197.5106 1.5067 1.5437 3.8588 -1.3815 1.4766 45.1737 -4.6776 -3.6702
Car -1 -1 -2.8618 499.7607 155.7583 560.0495 182.5597 2.2155 1.9043 4.7226 -6.7717 0.8020 60.9817 -2.9721 -4.0087
Car -1 -1 -4.3553 356.2863 176.5128 423.5665 212.2722 1.5107 1.5845 4.1591 -10.0261 1.6887 33.0434 -4.6480 -4.6949
Car -1 -1 -7.3785 915.8708 164.9431 972.1600 190.6814 1.5637 1.7215 3.7366 21.1244 1.0828 45.6669 -6.9479 -4.7239
Car -1 -1 -2.8885 781.2411 155.9561 904.6385 200.2269 1.6061 1.6409 4.2868 8.9595 0.9927 28.0091 -2.5822 -4.8008
Car -1 -1 -4.8790 754.6771 164.5031 782.0069 185.2087 1.6036 1.5455 3.6302 12.6072 0.9565 57.7312 -4.6652 -4.9159
Car -1 -1 -7.5780 0.0000 186.7741 110.4378 340.9408 1.5691 1.6348 4.0475 -8.3719 1.8023 9.9196 -8.2659 -5.1688
Car -1 -1 -7.7184 811.6842 175.3863 910.4750 248.0262 1.5063 1.7109 4.1934 6.0969 1.5749 17.3764 -7.3869 -5.5493
Car -1 -1 -3.7197 142.4143 177.0153 406.8202 266.1896 1.4590 1.7561 4.5548 -6.4919 1.5556 14.4162 -4.1364 -5.7794
Car -1 -1 -5.0725 774.9000 165.7955 858.1855 208.6177 1.4389 1.5910 3.9705 7.3706 1.2014 26.2939 -4.8025 -5.8867
Car -1 -1 -5.3274 766.4092 158.4514 812.4597 186.3340 1.9743 1.6489 3.3382 13.0967 0.9542 52.9447 -5.0864 -6.1062
