Car -1 -1 -4.9176 306.2329 184.8293 388.1034 237.0309 1.4240 1.6266 4.1105 -8.4485 1.8392 22.8558 -5.2683 5.7160
Car -1 -1 -4.7691 225.4237 184.4926 297.4597 239.7150 1.5007 1.8182 4.0089 -11.0926 1.9024 22.7268 -5.2189 2.5770
Car -1 -1 -5.2252 619.1616 160.9238 678.6628 191.9423 1.6641 1.6520 3.8985 2.1075 1.0238 40.8225 -5.1743 -0.6453
Car -1 -1 -2.6837 795.7426 177.3053 896.0500 217.7416 1.4398 1.5438 3.3302 8.9953 1.6214 27.7799 -2.3742 -1.8196
Car -1 -1 -2.7180 365.7129 156.7695 473.1140 195.5912 1.6737 1.7704 4.3079 -8.5459 0.9800 32.3384 -2.9746 -2.0614
Car -1 -1 -2.1353 0.0000 167.2485 79.3468 200.9270 1.6447 1.6818 3.9475 -29.2620 1.3706 36.6809 -2.8053 -2.3384
Car -1 -1 -2.0158 299.9473 178.5197 375.8278 216.1797 1.6052 1.6842 4.0997 -12.6773 1.8830 33.3912 -2.3764 -2.7488
Car -1 -1 -4.9342 923.6723 171.8340 998.0754 212.3866 1.4435 1.6648 4.2227 13.4194 1.4069 27.9262 -4.4907 -2.8174
Car -1 -1 -4.4741 233.8897 180.5946 294.8689 218.5188 1.5991 1.6487 3.9434 -15.9413 1.9793 33.3778 -4.9169 -3.1868
Car -1 -1 -5.8700 400.0304 147.3714 477.5268 176.9471 1.7763 1.7400 4.3247 -10.5887 0.2455 44.5798 -6.1020 -3.4789
Car -1 -1 -7.1449 360.3757 152.6525 426.5184 180.2760 1.6340 1.6903 4.0784 -13.4368 0.4387 44.8863 -7.4343 -3.5539
Car -1 -1 -5.0731 42.7804 162.3096 111.2130 196.8573 1.8608 1.7791 4.1052 -30.1403 1.2926 40.7271 -5.7072 -3.6018
Car -1 -1 -3.0756 817.1804 176.2904 906.7375 213.9419 1.4704 1.5725 3.4038 10.3713 1.6187 29.8144 -2.7444 -3.7506
Car -1 -1 -7.9378 662.0192 153.9978 689.5084 179.3009 1.8847 1.7703 4.1030 5.0185 0.4799 55.7994 -7.8487 -3.8158
Car -1 -1 -5.3410 273.5478 152.1405 341.7430 181.0348 1.5725 1.6818 3.7630 -17.2154 0.4449 40.9649 -5.7366 -3.9099
Car -1 -1 -6.1638 384.1084 156.7212 458.4088 189.0282 1.5663 1.6098 3.4189 -9.4067 0.7839 36.0093 -6.4178 -3.9117
Car -1 -1 -3.0939 691.0519 166.8134 798.8942 213.8234 1.7161 1.6884 3.9386 5.1230 1.4953 27.6091 -2.9129 -3.9871
Car -1 -1 -4.5352 243.0122 165.6826 294.6292 199.9254 1.6260 1.6889 3.8469 -17.1481 1.2852 36.3380 -4.9735 -4.0374
Car -1 -1 -7.6594 878.4246 185.0284 926.5767 216.9119 1.2867 1.4447 2.9694 12.9613 1.8541 32.0079 -7.2784 -4.1784
Car -1 -1 -4.1431 321.7567 185.5008 420.9193 228.9880 1.4448 1.6320 4.0653 -8.9904 1.9630 27.4088 -4.4576 -4.2241
Car -1 -1 -5.0263 125.3718 160.9648 184.5922 193.4851 1.6236 1.6037 3.5705 -23.8876 1.0297 37.7830 -5.5871 -4.2401
Car -1 -1 -5.4068 1061.6693 179.6288 1203.2573 235.4058 1.4230 1.4862 3.2738 14.6478 1.6311 20.5105 -4.7939 -4.2648
Car -1 -1 -7.5947 333.5537 160.3334 377.1390 185.9463 1.7620 1.8886 4.3902 -18.2792 0.9004 51.8996 -7.9319 -4.3909
Car -1 -1 -4.1262 0.0000 192.5650 9.9096 267.3016 1.4341 1.5415 3.4997 -15.9304 1.9401 16.6778 -4.8807 -4.4695
Car -1 -1 -5.7453 317.7268 147.8858 398.5793 180.8610 1.7673 1.8671 3.8115 -13.9592 0.4288 39.9697 -6.0794 -4.5204
Car -1 -1 -7.9562 284.7272 160.0818 329.7591 198.4651 1.7968 1.6488 4.2517 -15.2074 1.1986 36.0375 -8.3531 -4.7285
Car -1 -1 -6.7975 76.2327 156.4479 166.3310 185.5741 1.7860 1.8803 4.4789 -31.5441 0.7797 46.6674 -7.3893 -4.7389
Car -1 -1 -3.1135 447.3101 155.4521 530.8824 190.4856 1.7159 1.7384 4.0708 -6.1113 0.8633 36.4791 -3.2785 -4.7700
Car -1 -1 -4.4567 253.6890 175.3318 282.8524 191.8661 1.4954 1.6180 3.5847 -32.0647 1.7343 67.7400 -4.8975 -4.8077
Car -1 -1 -6.4447 384.5605 145.7417 452.2365 177.9193 1.8080 1.8446 3.5678 -11.2243 0.2843 42.1112 -6.7037 -4.8879
Car -1 -1 -5.9839 57.1462 161.3226 152.0970 194.1015 1.5521 1.6233 3.4991 -24.7979 1.0058 35.4690 -6.5907 -4.9272
Car -1 -1 -7.3588 0.0000 186.8273 125.6199 246.2214 1.4758 1.4979 3.3030 -15.4755 1.9060 20.4906 -7.9996 -4.9409
Car -1 -1 -4.7817 137.6415 178.1806 207.5059 233.1053 1.4953 1.5862 3.2990 -13.3081 1.6693 21.7998 -5.3246 -5.5108
Car -1 -1 -4.3127 300.6788 188.5553 380.1802 226.0572 1.3847 1.7376 3.8950 -11.2550 2.0867 30.2894 -4.6660 -5.5963
Car -1 -1 -8.6436 0.0000 0.0000 1049.2136 374.0000 1.5537 1.5942 3.8076 1.1136 1.6257 1.0023 -7.9392 -5.8867
Car -1 -1 -7.1453 50.9264 0.0000 1241.0000 374.0000 1.5616 1.5956 3.8094 -1.2977 1.6812 1.0017 -7.9391 -5.8867
Car -1 -1 -9.0642 0.0000 0.0000 1241.0000 374.0000 1.5504 1.5916 3.8064 2.7220 1.5997 1.0034 -7.9392 -5.8867
Car -1 -1 -6.7848 0.0000 0.0000 1241.0000 374.0000 1.5630 1.5932 3.8090 -2.9046 1.7089 1.0028 -7.9389 -5.8867
Car -1 -1 -4.1837 0.0000 187.7562 101.2431 267.2490 1.5461 1.6976 4.4397 -14.3295 1.9497 17.2309 -4.8699 -5.9219
Car -1 -1 -6.7684 0.0000 150.7187 79.6470 192.7096 2.3356 2.0112 5.0204 -34.8390 1.1041 42.8361 -7.4482 -6.0201
Car -1 -1 -1.9834 205.6138 152.6505 266.0298 184.1397 1.9577 1.6855 4.8783 -24.4690 0.7013 47.0488 -2.4608 -6.1865
Car -1 -1 -5.5527 145.7156 151.5455 240.1870 185.9098 2.0737 1.8627 5.1853 -26.0144 0.7876 44.9899 -6.0745 -6.8331
