Car -1 -1 -8.2185 781.8649 178.9604 966.8425 295.7712 1.5624 1.5841 3.4530 3.9757 1.6751 11.5935 -7.8970 7.8362
Car -1 -1 -4.4631 421.7926 183.7671 509.2242 239.2773 1.4644 1.6736 3.8680 -4.2984 1.8236 21.7905 -4.6562 7.0079
Car -1 -1 -8.0424 740.3565 181.1312 843.6728 254.4528 1.4690 1.6116 3.6857 4.0405 1.6824 16.7556 -7.8107 6.5221
Car -1 -1 -7.9955 714.1380 178.3741 784.2847 231.8766 1.4880 1.6006 3.6179 4.1619 1.6723 22.2864 -7.8140 5.9387
Car -1 -1 -8.3989 897.7484 194.4481 1241.0000 374.0000 1.4395 1.6194 3.9595 3.8531 1.6739 5.8516 -7.8406 5.8384
Car -1 -1 -4.5395 500.0352 181.4248 551.5391 215.3461 1.3887 1.6152 4.2577 -3.7972 1.8040 32.8095 -4.6544 5.1045
Car -1 -1 -7.9977 695.6407 178.4267 753.5760 219.8720 1.4370 1.6016 4.0029 4.2525 1.6651 27.5649 -7.8469 4.8118
Car -1 -1 -4.5278 475.4758 181.1738 534.4357 223.8316 1.4705 1.5685 3.6847 -3.9716 1.8086 27.4764 -4.6706 4.6120
Car -1 -1 -4.5818 551.0790 176.6822 582.4276 201.9748 1.6273 1.6657 3.5998 -2.9218 1.8959 48.8372 -4.6417 2.2039
Car -1 -1 -7.9619 687.5560 176.9504 724.7265 207.0700 1.5014 1.5729 3.4540 5.0041 1.7278 38.1843 -7.8331 1.5170
Car -1 -1 -8.1136 953.9672 174.2694 1011.2009 204.8624 1.4983 1.6263 4.1422 19.3603 1.5764 37.7372 -7.6431 1.4627
Car -1 -1 -4.8448 876.4641 172.8963 910.3010 195.8267 1.4813 1.6240 3.7697 19.0245 1.4840 48.6428 -4.4744 -0.0879
Car -1 -1 -8.0539 1025.0591 176.2290 1086.3888 210.8612 1.4157 1.5628 3.7796 19.5988 1.5743 31.9361 -7.5079 -0.6998
Car -1 -1 -7.9936 690.0679 176.8371 737.5066 213.1052 1.5174 1.6027 3.6088 4.5573 1.7058 32.3896 -7.8556 -1.8599
Car -1 -1 -8.3340 949.0587 171.5927 1031.6475 210.2723 1.5335 1.5842 3.5754 15.8777 1.4832 30.3969 -7.8570 -2.3577
Car -1 -1 -7.8072 654.6249 178.1236 690.8765 211.2930 1.4587 1.5570 3.2758 2.9542 1.7194 34.0060 -7.7219 -2.8109
Car -1 -1 -4.6880 659.7200 176.9843 689.8875 205.3035 1.5003 1.6135 4.1512 3.6870 1.7470 41.0066 -4.5995 -2.8447
Car -1 -1 -8.3048 1163.3452 183.2426 1241.0000 232.6415 1.4954 1.6226 3.7216 20.7612 1.8793 24.6851 -7.6119 -3.7940
Car -1 -1 -4.7200 684.3629 177.3340 713.1272 203.8481 1.4984 1.6432 3.7649 5.2800 1.7797 43.4011 -4.6003 -4.0154
Car -1 -1 -2.8851 397.0218 181.1874 474.9096 209.4191 1.4652 1.6033 3.7874 -9.3525 1.9226 38.7858 -3.1205 -4.1264
Car -1 -1 -4.6467 624.7701 179.2231 647.4351 199.4859 1.5588 1.6260 3.1865 2.1032 2.0871 58.2215 -4.6112 -4.1386
Car -1 -1 -7.9729 374.2731 172.9722 411.7562 200.9419 1.4585 1.5561 3.5597 -11.9760 1.4650 39.5831 -8.2651 -4.1404
Car -1 -1 -4.7891 927.9854 170.7758 962.4442 197.2397 1.5022 1.5577 3.7908 19.8945 1.3839 43.0047 -4.3588 -4.3790
Car -1 -1 -4.5393 564.8661 176.8641 594.8775 200.3514 1.6534 1.5987 3.7646 -2.2242 1.9611 53.4372 -4.5811 -4.4772
Car -1 -1 -9.0533 0.0000 0.0000 1241.0000 374.0000 1.4630 1.4782 3.3825 3.4793 1.4615 1.2221 -7.8937 -4.6167
Car -1 -1 -7.7806 409.5847 156.3260 438.3097 181.5165 1.8466 1.8367 3.8893 -14.1617 0.6347 54.9704 -8.0317 -4.7063
Car -1 -1 -3.9603 493.3499 179.9514 553.7391 204.4368 1.4187 1.5121 3.8540 -5.3764 1.8804 44.9667 -4.0790 -5.0823
Car -1 -1 -5.3815 886.6034 170.9402 951.8705 197.6913 1.5190 1.5296 3.8117 18.3246 1.4101 43.0126 -4.9816 -5.2030
Car -1 -1 -8.2225 1111.8055 173.4095 1207.0155 215.3153 1.4575 1.5825 3.7333 20.5020 1.4796 27.1592 -7.5815 -5.2507
Car -1 -1 -5.0089 386.8049 157.3310 424.3239 182.5059 1.8042 1.6963 3.6397 -15.2720 0.6914 53.6992 -5.2848 -5.5975
Car -1 -1 -4.7321 829.0710 173.3713 887.2451 222.2615 1.4105 1.6091 3.8889 7.7776 1.4282 22.9568 -4.4098 -5.9741
Car -1 -1 -8.6834 912.6618 168.7146 1028.4395 211.6184 1.6318 1.6556 4.2459 14.6738 1.4741 29.7219 -8.2291 -6.4116
