Car -1 -1 -4.3408 231.8109 189.2139 424.5786 309.3248 1.6031 1.6744 3.8252 -4.5215 1.9206 12.0849 -4.6925 8.1399
Car -1 -1 -4.4519 364.9268 184.9888 483.6025 263.7730 1.5878 1.7043 4.1832 -4.3335 1.9138 17.2973 -4.6945 7.1860
Car -1 -1 -4.5267 475.1203 185.6245 538.7134 230.2244 1.4532 1.6077 4.0525 -3.7801 1.9628 26.7511 -4.6664 6.0416
Car -1 -1 -4.4819 435.1637 189.0515 512.9899 241.7988 1.4009 1.5544 3.6050 -4.1223 1.9387 22.1296 -4.6646 5.9354
Car -1 -1 -7.9540 702.3834 174.1421 756.4723 219.1148 1.7630 1.7672 4.9906 4.9880 1.8225 30.9723 -7.7964 5.5721
Car -1 -1 -8.7775 1090.1802 212.1917 1241.0000 374.0000 1.4397 1.6024 4.0018 3.6535 1.6797 2.3981 -7.8434 2.3744
Car -1 -1 -4.5643 575.2839 179.7730 606.3577 201.8900 1.5380 1.7197 4.1592 -1.4145 2.0734 53.6993 -4.5910 1.9762
Car -1 -1 -5.7738 189.6817 181.6729 288.2566 217.3286 1.4752 1.5871 3.4485 -16.0041 1.8660 31.1357 -6.2454 -0.0303
Car -1 -1 -2.9509 522.9949 177.1427 573.5145 196.9402 1.7158 1.6983 4.2246 -5.4834 2.1026 64.0630 -3.0363 -1.6752
Car -1 -1 -4.7499 564.4097 177.9698 582.4217 194.6128 1.5504 1.6034 4.0657 -3.6231 2.0655 70.6000 -4.8013 -1.8407
Car -1 -1 -5.8792 219.5316 164.5616 295.0410 188.6245 1.6270 1.7500 4.3417 -24.3074 1.0660 49.7648 -6.3316 -2.0165
Car -1 -1 -5.7725 0.0000 192.7517 65.3981 262.8700 1.4262 1.5523 3.7222 -15.0309 1.9131 16.5007 -6.5034 -2.3357
Car -1 -1 -4.4296 534.1398 181.0766 568.6483 201.1063 1.5384 1.7415 4.1702 -4.8105 2.2410 59.4576 -4.5105 -2.9984
Car -1 -1 -4.8544 792.7211 172.6613 820.5202 192.1494 1.5029 1.6008 3.8630 15.6464 1.4878 57.6587 -4.5910 -3.1852
Car -1 -1 -4.5917 678.5040 178.1905 706.1769 198.7701 1.4351 1.6171 3.5577 6.0741 1.8426 53.2268 -4.4792 -3.6508
Car -1 -1 -4.0905 692.1631 176.0506 742.1572 197.1938 1.4735 1.7468 3.7863 7.8451 1.7160 52.8481 -3.9443 -3.7944
Car -1 -1 -4.5029 518.7963 179.4694 551.1250 201.1595 1.5042 1.5891 3.9640 -5.5353 2.0118 53.3467 -4.6063 -3.8690
Car -1 -1 -7.6989 204.6861 163.5005 244.3546 192.3570 1.9374 1.8060 4.3428 -27.1010 1.3091 50.7899 -8.1870 -3.9137
Car -1 -1 -3.3663 479.5462 180.1416 537.1013 203.4525 1.5366 1.6216 3.6686 -7.0615 2.0541 49.8576 -3.5067 -4.0128
Car -1 -1 -6.1167 307.7908 173.1558 395.7891 205.6297 1.5524 1.6318 3.8758 -12.7297 1.5674 35.6529 -6.4576 -4.0177
Car -1 -1 -4.6399 577.4435 183.5013 604.8532 206.6349 1.4323 1.5780 3.5804 -1.2582 2.1699 48.1789 -4.6665 -4.3757
Car -1 -1 -4.3465 19.1873 194.3253 87.8960 227.0345 1.4743 1.4909 3.9595 -28.7835 2.6498 37.4017 -4.9992 -4.4850
Car -1 -1 -4.1378 0.0000 190.3530 74.9830 220.6471 1.5225 1.6016 3.6187 -31.9430 2.5451 40.3045 -4.8049 -4.5674
Car -1 -1 -2.7224 366.3932 180.0037 434.4530 205.6723 1.5255 1.5918 3.7049 -12.9364 1.9765 44.5041 -3.0040 -4.6718
Car -1 -1 -4.3533 666.7359 180.9817 716.2111 211.2095 1.4657 1.5754 3.1222 4.2505 1.9095 37.6756 -4.2425 -4.7963
Car -1 -1 -5.1228 550.7576 182.2771 593.3337 207.2967 1.5340 1.4754 3.6330 -2.5785 2.1817 47.6653 -5.1771 -4.7991
Car -1 -1 -7.5844 696.6234 176.6575 744.8674 205.8473 1.4787 1.6190 3.8944 6.0283 1.6962 39.2097 -7.4335 -5.5147
Car -1 -1 -4.5514 595.9737 179.0550 631.5335 203.1680 1.4187 1.6255 4.0588 0.2494 1.8294 45.6870 -4.5465 -5.7087
Car -1 -1 -5.2488 597.0165 178.7976 645.3267 201.1103 1.5487 1.6042 4.3019 0.7507 2.0081 53.5502 -5.2353 -5.7509
Car -1 -1 -4.5169 0.0000 185.4532 0.0000 213.0581 1.5501 1.6615 4.0270 -41.5810 2.3667 44.6301 -5.2641 -5.8867
Car -1 -1 -4.9210 618.7080 177.8489 660.5430 202.9012 1.4160 1.6723 4.3347 1.7122 1.7359 43.9693 -4.8828 -5.9021
Car -1 -1 -4.5754 415.9301 182.1553 469.0501 223.1660 1.4108 1.4805 3.7090 -6.3829 1.7910 27.6021 -4.8010 -6.0424
Car -1 -1 -8.4836 832.6420 165.9010 940.2805 218.1189 1.8605 1.7767 4.1302 10.5287 1.6125 27.9370 -8.1272 -6.1144
Car -1 -1 -4.9115 690.9318 178.1604 723.1627 202.2478 1.5990 1.6261 3.1408 6.6912 1.9800 50.2338 -4.7803 -6.3653
Car -1 -1 -7.5146 414.0611 150.5066 452.7738 180.5302 2.4295 1.9181 4.0315 -14.7776 0.6209 60.4892 -7.7534 -7.9573
