Car -1 -1 -8.0909 732.1878 183.1605 826.2294 251.8815 1.5795 1.5937 3.4116 4.2529 1.8727 18.8211 -7.8730 6.4039
Car -1 -1 -8.1078 769.0807 191.1632 922.8304 289.1425 1.4126 1.6385 3.9277 4.0304 1.7962 13.1394 -7.8175 6.2657
Car -1 -1 -7.9681 714.5082 185.5982 778.0389 235.9621 1.4726 1.6265 3.7739 4.4023 1.9306 24.0120 -7.7897 5.3422
Car -1 -1 -8.3429 842.1995 155.0398 1241.0000 374.0000 1.8242 1.7721 5.0633 3.8814 1.7147 6.9571 -7.8531 4.8929
Car -1 -1 -4.5211 483.3579 187.7050 544.2118 229.3198 1.4891 1.7371 3.8546 -3.8599 2.1306 29.2059 -4.6520 4.8909
Car -1 -1 -7.9555 701.9346 184.2021 750.8877 223.9321 1.4651 1.6012 3.5306 4.6449 1.9562 29.4433 -7.8013 4.1526
Car -1 -1 -4.5362 516.2536 188.5787 562.9832 221.7390 1.4297 1.6043 3.8497 -3.3920 2.2347 34.9712 -4.6328 3.7639
Car -1 -1 -4.6095 571.8801 183.9802 598.4698 205.4927 1.5589 1.7022 3.6731 -1.9265 2.4534 56.1328 -4.6442 1.8872
Car -1 -1 -5.0596 1012.5281 176.9959 1081.6445 209.7986 1.4216 1.4965 3.9451 20.3781 1.6277 33.8727 -4.5223 0.7682
Car -1 -1 -4.6577 534.3827 186.8429 567.3165 215.7841 1.4434 1.6040 3.9379 -3.2632 2.2552 39.8981 -4.7393 0.2480
Car -1 -1 -7.9643 690.9081 183.9435 732.4883 217.1179 1.4500 1.5670 3.6214 4.7816 2.0095 34.5905 -7.8288 -0.8301
Car -1 -1 -6.0297 413.3563 184.6054 488.3363 212.3133 1.4470 1.6121 3.7020 -8.6677 2.1009 39.2962 -6.2459 -0.8743
Car -1 -1 -5.0144 881.5200 177.4221 924.8066 199.8743 1.4520 1.6470 3.9108 20.0184 1.7778 49.4968 -4.6325 -0.9101
Car -1 -1 -4.9580 677.6322 184.1766 719.7921 212.5852 1.6545 1.6702 4.2469 5.5629 2.4108 45.9981 -4.8390 -1.6104
Car -1 -1 -6.5157 913.5893 179.4931 986.0025 206.5098 1.5657 1.6161 3.6757 20.4145 1.9768 43.5484 -6.0804 -1.7389
Car -1 -1 -5.9531 433.8010 178.4580 482.3996 195.2743 1.5381 1.6107 4.1691 -14.2658 2.0722 67.7519 -6.1602 -3.2421
Car -1 -1 -5.2566 919.2485 172.1060 1021.2594 214.5713 1.5391 1.6421 4.1428 13.9383 1.5116 28.2879 -4.8033 -3.5745
Car -1 -1 -4.5065 434.7946 164.7531 465.3292 186.6213 1.7961 1.7066 4.2291 -13.5870 1.1305 61.3870 -4.7237 -3.6429
Car -1 -1 -2.2064 455.2351 184.5708 516.0522 208.5954 1.4055 1.6359 4.2529 -8.0481 2.1903 46.2849 -2.3780 -4.0034
Car -1 -1 -4.6395 564.0098 188.9682 589.7928 211.4626 1.3835 1.4845 3.6919 -2.2435 2.5173 48.9153 -4.6857 -4.3475
Car -1 -1 -8.0016 660.4380 182.9527 706.4182 216.7397 1.4708 1.6067 4.0135 3.4253 1.9844 34.6761 -7.9046 -4.6272
Car -1 -1 -9.0629 0.0000 0.0000 1241.0000 374.0000 1.4661 1.4612 3.3008 3.4619 1.4574 1.2985 -7.9235 -5.5584
Car -1 -1 -7.6851 649.4612 183.8527 685.3013 209.8830 1.5101 1.6366 3.9000 3.6433 2.2385 45.7157 -7.6066 -5.6476
Car -1 -1 -9.2447 0.0000 0.0000 1241.0000 374.0000 1.5220 1.5956 3.8015 4.7192 1.4568 0.9933 -7.9400 -5.8867
Car -1 -1 -5.3755 800.2094 178.3000 946.5329 242.6656 1.5152 1.5813 3.9451 6.8920 1.6779 19.4671 -5.0407 -6.0470
Car -1 -1 -4.8560 789.2208 178.6610 856.0100 227.2799 1.4692 1.5908 3.8165 7.0141 1.6803 24.2778 -4.5787 -6.0558
Car -1 -1 -5.0682 598.3128 180.3902 638.0469 200.8296 1.4888 1.7425 4.2215 0.5666 2.1026 56.5192 -5.0587 -6.1025
