Car -1 -1 -8.1962 612.3773 193.4465 781.2780 296.7151 1.3432 1.5956 3.7602 1.2237 1.7489 12.2078 -8.1001 8.3873
Car -1 -1 -4.4451 27.7521 206.1695 230.9254 335.8008 1.4590 1.6220 3.6899 -7.2018 2.0660 11.1508 -5.0081 6.1209
Car -1 -1 -7.9810 508.7573 187.4389 566.1827 229.6144 1.3787 1.6519 3.8788 -2.8374 1.9682 27.1006 -8.0850 5.9002
Car -1 -1 -2.8792 695.6753 169.1826 805.3389 215.4521 1.6906 1.5841 3.8903 5.3825 1.5562 27.9239 -2.6914 5.0626
Car -1 -1 -4.3104 0.0000 222.9057 142.5649 374.0000 1.3567 1.6547 4.1168 -5.8139 1.9563 6.4347 -5.0248 4.9621
Car -1 -1 -2.8267 636.1879 176.8999 731.4023 210.5069 1.4947 1.5779 4.1851 3.4314 1.6940 34.0320 -2.7276 4.5159
Car -1 -1 -4.6060 328.0863 189.2132 368.5935 220.5760 1.5653 1.7163 3.9113 -14.5963 2.5266 40.3092 -4.9518 3.7316
Car -1 -1 -6.0615 114.7150 192.3250 208.3932 220.9906 1.5258 1.6931 4.3609 -26.0204 2.6987 41.9650 -6.6139 2.0111
Car -1 -1 -7.9734 496.0571 185.7612 544.0067 221.2095 1.4195 1.6549 4.2632 -4.1959 2.0468 32.8154 -8.1001 1.4465
Car -1 -1 -3.1590 675.5643 174.5798 767.2064 211.8473 1.5464 1.6424 3.8023 4.7236 1.6230 31.1013 -3.0102 0.6827
Car -1 -1 -7.2907 309.9090 179.5816 352.1481 198.1105 1.5234 1.6446 3.8174 -24.2660 2.1279 62.8301 -7.6581 0.5294
Car -1 -1 -7.8813 483.5889 181.0647 506.2259 202.4052 1.6722 1.7542 4.3926 -9.7298 2.3884 60.6444 -8.0402 -0.1360
Car -1 -1 -4.8824 901.7783 162.9386 960.0795 202.1209 1.5065 1.6140 3.3566 13.0324 1.1250 29.5652 -4.4712 -0.3166
Car -1 -1 -4.6395 346.5441 188.4544 377.7573 214.7622 1.4859 1.5719 3.8489 -15.5358 2.5086 45.2570 -4.9688 -0.9370
Car -1 -1 -7.7393 367.3875 188.1205 401.7132 214.8026 1.5251 1.6329 3.9335 -14.2676 2.5361 45.7116 -8.0406 -2.4805
Car -1 -1 -6.7160 696.3680 165.2332 756.9860 189.1284 1.5396 1.6459 3.6036 7.6793 1.0483 47.7720 -6.5579 -3.2038
Car -1 -1 -4.4157 302.0890 182.7962 335.5436 202.8565 1.5138 1.5001 3.6420 -23.4666 2.3412 58.1908 -4.7977 -3.6158
Car -1 -1 -5.2906 233.0650 183.9983 288.7755 207.2837 1.5450 1.6322 4.0245 -24.8517 2.3635 51.2767 -5.7401 -3.9472
Car -1 -1 -8.2801 811.6086 166.8222 869.3028 194.8439 1.5185 1.6187 3.9818 13.0390 1.1913 41.1751 -7.9758 -3.9563
Car -1 -1 -2.5150 41.6544 197.2737 134.4238 225.4641 1.4871 1.7709 3.9311 -29.2793 2.8877 40.5009 -3.1381 -4.2146
Car -1 -1 -7.8347 1181.9248 148.5807 1241.0000 207.6012 1.6115 1.6114 3.6889 18.2169 0.9484 21.6233 -7.1414 -4.2156
Car -1 -1 -8.2629 860.3222 177.6879 1062.9034 288.4539 1.5566 1.6756 3.6174 5.5951 1.6496 12.1183 -7.8404 -4.2886
Car -1 -1 -7.1309 958.1347 138.8261 1036.8060 172.7436 1.8187 1.7466 3.8659 21.5404 -0.0067 40.1962 -6.6419 -4.9165
Car -1 -1 -4.8289 372.5770 186.7032 400.2330 207.7183 1.4560 1.5732 3.7870 -17.0196 2.5458 54.7420 -5.1293 -5.8177
Car -1 -1 -8.0828 945.2746 167.3772 1004.7200 202.5890 1.3351 1.5205 2.7466 14.4974 1.1272 28.8700 -7.6217 -6.3234
Car -1 -1 -5.2478 606.4584 182.6336 773.7443 255.4570 1.3631 1.8202 4.2681 1.5951 1.6171 16.4464 -5.1538 -6.3448
