Car -1 -1 -8.0778 761.9007 189.7650 895.6353 279.5978 1.4264 1.6224 3.8423 4.0561 1.8037 14.1528 -7.8052 6.7986
Car -1 -1 -8.2755 825.9646 162.8309 1241.0000 374.0000 1.8223 1.8173 5.1236 3.9594 1.7469 7.9913 -7.8314 6.7900
Car -1 -1 -8.0923 726.2740 183.1249 814.1910 245.2556 1.5106 1.5568 3.4533 4.2592 1.8181 19.8716 -7.8851 6.0525
Car -1 -1 -4.5028 489.6212 185.7158 549.7695 227.0986 1.5410 1.7188 3.8819 -3.7366 2.1135 30.1247 -4.6258 5.0479
Car -1 -1 -7.9680 712.5011 184.2116 771.5081 230.9467 1.4400 1.5751 3.7000 4.4578 1.8637 25.0457 -7.7947 4.4271
Car -1 -1 -7.9519 700.5415 183.3587 747.0695 221.0321 1.4482 1.5869 3.5484 4.7184 1.9192 30.5615 -7.8009 4.0876
Car -1 -1 -4.5543 523.5508 185.5152 566.8428 217.9743 1.4609 1.5482 4.0033 -3.2263 2.1305 36.1247 -4.6433 3.0736
Car -1 -1 -3.8865 0.0000 223.4387 111.8055 374.0000 1.5036 1.5984 3.7880 -4.6031 1.8919 3.6165 -4.7554 3.0691
Car -1 -1 -4.5940 575.2938 181.6291 600.1226 202.0376 1.5204 1.5718 3.4236 -1.7618 2.2355 57.0522 -4.6252 1.8592
Car -1 -1 -7.9794 688.0836 183.0107 732.6142 215.4689 1.4470 1.6283 4.3717 4.8614 1.9806 35.7314 -7.8459 0.4927
Car -1 -1 -2.8572 415.0264 188.5012 492.6876 216.2169 1.4724 1.6588 3.9429 -8.7423 2.3691 40.3953 -3.0695 -0.1740
Car -1 -1 -4.7343 539.2224 184.5591 569.9575 212.7870 1.4524 1.6428 4.1760 -3.2339 2.1534 41.0750 -4.8129 -0.1768
Car -1 -1 -4.6122 668.9136 186.1487 700.0170 210.9299 1.4544 1.6355 3.7074 4.7959 2.3465 46.4522 -4.5106 -0.7453
Car -1 -1 -4.8297 852.7358 178.6930 880.5765 198.5666 1.4680 1.6078 3.7961 20.0374 1.9415 56.5189 -4.4911 -1.2385
Car -1 -1 -8.2666 975.2933 160.7159 1051.1128 195.1757 1.4551 1.6612 3.5435 17.9147 0.9423 32.3075 -7.7643 -2.7312
Car -1 -1 -7.5138 455.0519 176.0538 485.1875 194.5134 1.7115 1.7007 3.7438 -13.4694 2.0285 69.5628 -7.7046 -3.2603
Car -1 -1 -5.1548 921.2089 175.6613 978.8578 203.1699 1.5994 1.7133 3.8182 20.7454 1.7787 44.2569 -4.7194 -3.7047
Car -1 -1 -4.6532 458.6619 170.5616 481.9977 192.4250 1.7812 1.6950 4.0998 -11.7843 1.5942 60.9279 -4.8438 -4.1318
Car -1 -1 -7.4687 437.5846 175.0795 466.9751 192.0543 1.5976 1.5378 3.6571 -15.3625 1.8203 70.3481 -7.6832 -4.1367
Car -1 -1 -6.0779 931.2490 173.7716 1079.0492 231.9556 1.4953 1.5882 3.4029 11.0166 1.5230 20.2972 -5.5872 -4.3278
Car -1 -1 -4.5596 686.8897 178.3637 718.1936 204.1223 1.6235 1.5445 3.6671 6.1954 2.0071 48.2971 -4.4333 -4.3942
Car -1 -1 -4.9652 895.4073 174.7830 946.0070 204.1413 1.7335 1.9300 4.0478 19.2808 1.8593 45.0297 -4.5635 -4.4371
Car -1 -1 -4.7408 639.7766 186.0700 659.3123 204.3638 1.4751 1.5839 3.7364 3.3921 2.6595 62.7936 -4.6877 -4.4410
Car -1 -1 -5.0002 579.8977 179.3529 610.4659 197.9599 1.5069 1.5729 3.9170 -1.3322 2.0841 62.0095 -5.0221 -4.4540
Car -1 -1 -8.0825 679.8613 179.1039 728.6606 210.3509 1.6301 1.7858 4.3143 5.2200 2.0024 40.7743 -7.9566 -4.6872
Car -1 -1 -4.5666 562.7475 186.7723 598.1633 212.2056 1.4384 1.6503 4.0350 -1.8378 2.3502 45.1902 -4.6076 -4.8339
Car -1 -1 -7.8773 668.7932 182.1335 707.2758 220.5942 1.4963 1.5316 3.5613 3.2379 1.9156 30.7925 -7.7742 -4.9537
Car -1 -1 -7.9770 660.9716 181.9921 705.1475 214.7272 1.4708 1.6392 4.3736 3.5245 1.9526 35.8598 -7.8805 -5.2814
Car -1 -1 -6.7929 702.5535 179.9985 790.0237 213.8463 1.5051 1.6314 3.7344 6.3770 1.8554 34.0359 -6.6099 -5.8704
Car -1 -1 -4.4963 622.7326 179.6500 662.0402 205.2066 1.5208 1.6836 4.1022 2.0926 1.9774 46.3056 -4.4519 -5.8744
Car -1 -1 -5.2685 800.4874 176.4376 932.7823 237.3583 1.5065 1.6127 3.9422 6.9730 1.6169 20.1927 -4.9412 -5.8867
Car -1 -1 -5.9105 0.0000 0.0000 1241.0000 374.0000 1.5200 1.6193 3.9664 5.3711 1.5341 1.7143 -4.6977 -5.8867
