Car -1 -1 -8.2239 830.7902 186.5961 1169.8160 374.0000 1.4882 1.6076 4.2385 3.7142 1.6797 7.9102 -7.8003 7.7473
Car -1 -1 -4.4291 373.1299 185.1386 485.5560 261.1506 1.6129 1.6918 3.7643 -4.3767 1.9491 17.8487 -4.6669 7.3297
Car -1 -1 -4.5219 442.0371 183.0396 518.6476 239.3252 1.5784 1.6542 4.0667 -4.0777 1.9319 23.0210 -4.6959 6.7027
Car -1 -1 -7.9372 696.1965 174.2959 740.7404 213.3860 1.8386 1.7955 5.1245 5.4032 1.9170 36.7430 -7.7930 4.6133
Car -1 -1 -4.5209 482.4955 185.6798 539.3165 227.6388 1.4489 1.5117 3.6247 -3.8072 1.9774 27.8992 -4.6559 3.9423
Car -1 -1 -4.5497 508.7794 183.7426 556.8767 219.0622 1.4332 1.5432 3.8870 -3.4538 1.9531 32.4872 -4.6553 3.8537
Car -1 -1 -5.7906 42.3494 189.5521 220.9840 240.1625 1.4542 1.7311 4.3392 -14.8150 1.9982 22.4700 -6.3683 3.1903
Car -1 -1 -8.8501 1087.5632 222.3661 1241.0000 374.0000 1.3866 1.5630 3.8664 3.5963 1.6795 2.3022 -7.9062 1.2385
Car -1 -1 -4.3889 586.0749 180.3857 618.7809 199.7746 1.4952 1.5940 3.6953 -0.6130 2.1338 59.2024 -4.3996 0.7270
Car -1 -1 -5.9291 257.4666 168.8850 320.6960 188.3625 1.4762 1.6976 4.1247 -24.7414 1.1751 55.6603 -6.3458 0.2862
Car -1 -1 -6.1277 540.1909 177.1828 583.2241 194.4978 1.6380 1.6726 3.9412 -4.6695 2.0623 69.7676 -6.1947 0.1796
Car -1 -1 -4.9042 606.2481 177.3456 631.1782 193.4452 1.4870 1.6535 4.1455 0.7939 1.9364 70.0511 -4.8933 -3.6810
Car -1 -1 -3.3606 634.2524 181.0041 696.0456 205.8872 1.5088 1.6553 3.6126 3.4223 2.0350 45.5373 -3.2866 -3.7279
Car -1 -1 -5.4136 749.7413 173.4851 788.9780 188.4819 1.4305 1.6953 3.8361 15.6477 1.4942 71.0937 -5.1981 -3.8547
Car -1 -1 -7.8951 790.2827 220.9173 1241.0000 374.0000 1.3958 1.5452 3.2681 1.7930 1.6558 2.1203 -7.2598 -3.9533
Car -1 -1 -7.4627 326.6994 159.6091 370.2033 190.2218 2.4591 1.8471 4.4657 -21.7934 1.3949 60.2337 -7.8086 -3.9815
Car -1 -1 -4.7946 778.6548 173.9375 798.2145 188.8666 1.4246 1.5585 3.7668 17.5426 1.5340 71.1214 -4.5540 -4.0873
Car -1 -1 -4.3137 196.9226 189.4111 245.7807 214.1310 1.4314 1.4997 3.4928 -24.7562 2.5284 46.0110 -4.8051 -4.1943
Car -1 -1 -4.3943 530.6169 181.2483 564.6451 199.9077 1.4143 1.6349 3.8431 -5.0520 2.1197 58.5997 -4.4804 -4.3186
Car -1 -1 -4.4136 570.0174 178.5768 604.5966 200.5704 1.6090 1.6318 3.8072 -1.7474 2.0683 55.9039 -4.4452 -4.8057
Car -1 -1 -6.1060 505.8900 179.9394 561.3782 202.3992 1.5599 1.6423 3.7208 -5.4724 2.0763 51.6653 -6.2115 -4.8719
Car -1 -1 -7.3531 376.2560 162.1003 443.1139 194.1215 1.6689 1.7628 4.1771 -11.0141 1.1082 39.8418 -7.6213 -4.9632
Car -1 -1 -4.9606 418.1216 184.3912 490.7900 227.7731 1.4487 1.6885 4.3757 -6.0902 1.9282 27.6719 -5.1757 -5.0469
Car -1 -1 -4.5669 605.5593 180.3127 628.4745 197.9534 1.5017 1.5474 3.7069 0.6371 2.1937 65.0229 -4.5576 -5.1307
Car -1 -1 -4.1553 153.5827 187.5874 220.2974 214.0762 1.4581 1.6463 3.9785 -25.7262 2.3968 43.9711 -4.6822 -5.1777
Car -1 -1 -4.5226 594.9124 179.1561 632.8442 203.1266 1.4309 1.6918 4.1470 0.2649 1.8553 46.4267 -4.5174 -5.3200
Car -1 -1 -4.5944 698.3293 176.9542 728.9225 198.4031 1.4308 1.6727 4.2124 7.3669 1.7344 51.2412 -4.4528 -5.7698
Car -1 -1 -5.1666 686.0668 176.9748 739.0935 202.3525 1.5535 1.7246 4.2687 6.6140 1.8360 47.2118 -5.0287 -5.7809
Car -1 -1 -5.8531 1241.0000 169.8797 1241.0000 374.0000 1.5414 1.6121 4.0017 5.8155 1.5374 2.9624 -4.7934 -5.7899
Car -1 -1 -5.0772 596.0431 177.0312 646.5361 203.8521 1.4958 1.6409 4.1366 0.5814 1.7582 43.1569 -5.0643 -5.8615
Car -1 -1 -3.4935 0.0000 201.9578 0.0000 374.0000 1.5247 1.6141 3.9657 -6.2790 1.6907 2.1277 -4.6977 -5.8867
Car -1 -1 -6.9162 0.0000 0.0000 1241.0000 374.0000 1.5530 1.5942 3.8073 -2.1024 1.6569 1.0024 -7.9392 -5.8867
Car -1 -1 -4.0478 143.9297 185.2545 212.4584 211.9014 1.5368 1.6466 3.9114 -27.2132 2.3546 45.5608 -4.5839 -5.8867
Car -1 -1 -5.0936 944.7509 171.7415 1054.3253 221.5372 1.3995 1.6163 3.8628 11.8290 1.3680 22.2824 -4.6114 -5.8867
Car -1 -1 -4.7248 618.6879 178.4416 643.0604 201.1380 1.4541 1.5943 3.9420 1.3613 1.8501 49.1859 -4.6977 -5.8867
Car -1 -1 -4.3902 509.8392 178.9570 550.4908 200.7906 1.3908 1.5648 4.0305 -5.4351 1.8255 49.2916 -4.4998 -5.8988
Car -1 -1 -5.1184 449.0225 175.2249 496.3803 199.1374 1.5140 1.7004 3.9039 -9.2406 1.6790 48.1930 -5.3071 -5.9426
Car -1 -1 -4.7505 422.7667 172.1320 443.6164 194.0488 1.5188 1.3425 2.6735 -12.6593 1.4685 51.4709 -4.9908 -5.9766
Car -1 -1 -4.7898 611.1491 179.1104 637.3069 199.8373 1.5765 1.7812 4.2865 1.0872 2.1015 58.3959 -4.7717 -6.5100
Car -1 -1 -7.5288 478.7119 154.5621 511.9732 184.1339 2.6050 1.7185 4.2803 -10.4350 0.9933 65.8140 -7.6856 -7.9663
