Car -1 -1 -8.0215 675.6508 186.7961 761.0745 245.2020 1.3866 1.6750 3.9411 2.8500 1.8127 20.0758 -7.8834 7.6369
Car -1 -1 -4.5221 474.0270 183.5716 522.4934 219.6838 1.6305 1.6893 3.7100 -5.4899 2.1868 35.5838 -4.6746 6.4027
Car -1 -1 -7.9461 663.6694 182.5857 719.9319 228.3290 1.4578 1.6110 4.0717 2.8116 1.8346 25.9127 -7.8400 6.3439
Car -1 -1 -8.4903 899.0543 208.5296 1241.0000 374.0000 1.3978 1.5689 3.8824 3.4713 1.7304 4.7636 -7.8909 5.7892
Car -1 -1 -3.0034 945.0331 165.9702 1122.8816 237.8583 1.7174 1.6262 3.8772 11.0855 1.5527 19.0660 -2.4840 5.1578
Car -1 -1 -4.0874 0.0000 219.5535 202.7272 374.0000 1.4322 1.6153 3.6757 -4.9409 1.9156 5.5793 -4.7889 4.6172
Car -1 -1 -2.9212 844.5038 174.9979 982.4781 219.8020 1.4523 1.5730 4.2451 10.5938 1.5331 25.4273 -2.5311 4.3148
Car -1 -1 -4.5808 497.8199 183.7170 535.5739 213.8884 1.5602 1.6078 3.9553 -5.2508 2.2027 40.7172 -4.7088 3.3580
Car -1 -1 -2.8615 270.0872 184.3177 361.6990 213.6826 1.5455 1.7330 4.3849 -16.2386 2.1966 39.9154 -3.2459 2.0222
Car -1 -1 -7.9172 644.8382 178.0080 672.2574 201.6059 1.6709 1.7513 4.8900 3.5988 2.0781 54.6058 -7.8523 1.9591
Car -1 -1 -3.0381 896.1873 174.2191 1046.3955 227.1262 1.4890 1.6151 3.9859 10.9978 1.5339 22.1382 -2.5828 1.6285
Car -1 -1 -7.1272 469.9385 171.7552 515.5588 190.9012 1.5300 1.6275 3.7763 -9.6889 1.4419 59.6900 -7.2877 -0.3650
Car -1 -1 -4.5039 461.4479 183.8447 487.5399 199.9888 1.4321 1.6454 4.0417 -12.9090 2.5112 68.8230 -4.6890 -1.1315
Car -1 -1 -6.3041 324.0004 182.4990 412.4183 219.2804 1.5140 1.6200 3.6060 -10.6744 1.9569 31.7862 -6.6259 -1.2704
Car -1 -1 -4.6701 517.5105 182.5177 545.2423 206.6055 1.4402 1.6229 4.0246 -5.0998 2.0951 46.8567 -4.7783 -1.2978
Car -1 -1 -5.4805 198.0994 193.0383 252.6864 213.3319 1.5352 1.7388 3.8570 -31.3799 3.2206 58.8371 -5.9689 -1.8095
Car -1 -1 -5.6083 0.0000 188.5860 55.4986 219.1342 1.5476 1.6751 4.1567 -32.2421 2.4026 38.3430 -6.3042 -2.1491
Car -1 -1 -4.6237 529.9601 183.5357 562.1826 211.1903 1.5471 1.6201 3.7437 -3.8642 2.2213 43.6849 -4.7120 -2.1702
Car -1 -1 -6.4337 941.2014 162.6145 1024.1833 192.3136 1.4791 1.6013 3.6006 19.1308 0.9688 37.2616 -5.9628 -2.6244
Car -1 -1 -6.4728 736.6206 175.6189 828.8754 209.4271 1.4831 1.5677 3.8281 7.7206 1.6112 32.6534 -6.2431 -2.7436
Car -1 -1 -4.5706 535.6652 182.1286 569.8608 205.9905 1.4246 1.6355 4.2450 -3.7076 2.0555 46.9341 -4.6495 -3.2654
Car -1 -1 -4.3297 527.4286 181.0721 569.6644 204.3157 1.4900 1.6463 3.6700 -4.2171 2.0780 49.6597 -4.4144 -3.3756
Car -1 -1 -5.6827 216.3605 192.0395 284.9601 216.4033 1.5861 1.6893 3.9870 -24.8286 2.9408 49.8443 -6.1430 -3.9051
Car -1 -1 -4.7241 478.3800 179.1691 494.9818 194.3057 1.4282 1.5797 3.6938 -12.2879 2.0724 71.6759 -4.8936 -3.9753
Car -1 -1 -4.4616 276.2480 180.8633 302.3828 199.3972 1.7565 1.6106 3.2599 -31.8214 2.5706 71.6273 -4.8785 -3.9797
Car -1 -1 -6.6599 410.2466 175.1653 468.8198 196.7215 1.5922 1.6588 4.0622 -13.1279 1.7756 55.5295 -6.8913 -3.9908
Car -1 -1 -6.0169 0.0000 183.9704 92.1582 215.6056 1.6979 1.6771 4.0352 -32.3766 2.3588 41.3664 -6.6780 -4.0009
Car -1 -1 -7.4823 305.8196 178.0952 338.2792 194.8393 1.5988 1.7820 3.6973 -28.6745 2.1343 71.9106 -7.8608 -5.1467
Car -1 -1 -4.7418 354.8501 184.1476 377.4922 204.9712 1.4740 1.5336 3.6251 -18.6960 2.3681 55.1744 -5.0674 -5.2549
Car -1 -1 -4.7913 555.7673 179.6698 586.2271 202.9409 1.4726 1.7262 4.4162 -2.7414 1.9599 49.3123 -4.8470 -5.5368
Car -1 -1 -5.2096 657.5353 179.2930 722.0333 209.6235 1.5123 1.7092 4.1149 4.2202 1.8812 39.1492 -5.1036 -5.8785
Car -1 -1 -4.7660 160.5620 183.2287 183.6213 200.7905 1.5524 1.6601 3.9984 -41.5544 2.5661 68.4041 -5.3104 -5.8867
Car -1 -1 -5.0037 670.0776 181.9385 737.3775 218.2327 1.3853 1.6886 4.2305 3.8774 1.8018 30.8808 -4.8806 -6.1152
Car -1 -1 -5.2375 504.3504 171.5862 549.4918 193.9260 1.6337 1.5867 4.0556 -6.3820 1.5407 54.8657 -5.3531 -6.9229
