Car -1 -1 -4.9186 475.1334 183.3612 554.1043 234.6983 1.3707 1.5927 4.1502 -3.1015 1.7290 22.3974 -5.0552 5.3510
Car -1 -1 -2.0006 0.0000 202.3405 134.5635 275.2457 1.4039 1.6137 3.6846 -12.9923 2.1525 16.7476 -2.6529 5.1112
Car -1 -1 -2.8962 34.6529 185.6213 150.2148 226.9119 1.6148 1.5382 3.7002 -21.7855 2.1782 30.4653 -3.5131 3.9850
Car -1 -1 -4.7500 402.6846 182.4552 465.5657 237.9819 1.5325 1.7708 4.0284 -5.6911 1.8652 22.8478 -4.9920 2.7132
Car -1 -1 -6.2915 16.9820 189.6844 128.0048 225.0961 1.4181 1.5769 3.9242 -24.1090 2.2163 32.4228 -6.9271 -1.1016
Car -1 -1 -2.9598 474.6169 178.7210 547.1324 214.2812 1.5524 1.5075 3.0228 -4.4854 1.8238 32.5920 -3.0960 -1.8032
Car -1 -1 -7.4550 122.5010 195.3811 248.9577 258.9517 1.4599 1.6079 3.9134 -11.6646 2.1495 20.0566 -7.9763 -3.0703
Car -1 -1 -2.4396 370.2564 156.2157 439.4614 182.3067 1.6998 1.7119 4.4375 -13.8854 0.6155 48.7017 -2.7161 -3.6070
Car -1 -1 -7.0306 273.4235 180.7896 419.7981 240.7902 1.4276 1.5337 3.6799 -7.1044 1.6656 19.6794 -7.3732 -3.9437
Car -1 -1 -3.7943 199.7005 182.7418 279.4291 213.8680 1.6040 1.5991 3.7919 -20.7766 2.1874 40.5429 -4.2655 -4.1257
Car -1 -1 -7.9043 365.5596 153.9857 402.1634 187.4620 1.6661 1.6475 3.8058 -11.9810 0.7268 37.9821 -8.2080 -4.2592
Car -1 -1 -7.7327 789.1467 168.2832 847.9171 215.8630 1.5954 1.6163 3.8394 7.6073 1.4418 26.2766 -7.4544 -4.4365
Car -1 -1 -4.6234 166.5224 194.0500 256.4658 262.8167 1.4450 1.6597 3.7639 -10.1327 2.0482 18.4863 -5.1192 -4.7136
Car -1 -1 -6.4465 1169.9191 170.2424 1241.0000 219.6482 1.4388 1.5421 3.8835 20.1078 1.3624 22.6913 -5.7281 -4.7777
Car -1 -1 -4.2449 169.3737 185.8477 246.5502 219.6193 1.5402 1.7157 4.1785 -20.3516 2.2382 36.6571 -4.7489 -4.7983
Car -1 -1 -4.2366 154.1308 184.9253 238.5279 224.9700 1.6359 1.7261 3.8520 -18.6268 2.2140 32.6157 -4.7522 -4.9729
Car -1 -1 -4.8103 310.5358 184.7925 374.5815 236.8842 1.4017 1.5114 3.4407 -8.3140 1.7990 22.1537 -5.1659 -5.0135
Car -1 -1 -5.9141 410.4973 179.7929 501.4423 212.3915 1.5559 1.6352 4.1335 -7.7072 1.9132 36.0567 -6.1236 -5.1840
Car -1 -1 -3.1125 611.0893 150.6474 696.5932 188.7095 1.8051 1.6915 4.0701 2.1128 0.7516 35.2407 -3.0534 -5.2371
Car -1 -1 -2.8815 468.6197 172.8708 560.0838 211.7069 1.7902 1.6837 4.0196 -4.5585 1.7907 34.3533 -3.0129 -5.4161
Car -1 -1 -5.9653 157.3709 185.9638 314.2339 233.7017 1.4275 1.6542 4.1971 -12.0282 1.8719 23.3394 -6.4369 -5.4172
Car -1 -1 -8.1879 589.3210 156.9852 635.0298 187.3293 1.7499 1.6599 3.6162 0.0503 0.8345 43.5902 -8.1871 -5.5861
Car -1 -1 -7.2466 196.2873 180.1545 335.4634 241.9728 1.6357 1.7822 4.0338 -10.2386 1.8770 21.7362 -7.6825 -5.6386
Car -1 -1 -4.8293 504.7716 188.3047 549.8431 223.3494 1.3059 1.5065 3.0763 -3.5269 1.9845 30.0316 -4.9459 -5.8692
Car -1 -1 -4.4967 221.8994 181.0037 327.0634 248.0486 1.5147 1.6406 4.0960 -8.7288 1.7536 19.0034 -4.9224 -5.8809
Car -1 -1 -8.9132 0.0000 0.0000 1241.0000 374.0000 1.5485 1.5914 3.8054 1.9179 1.6026 1.0028 -7.9392 -5.8867
Car -1 -1 -4.3307 192.9074 183.8456 273.9356 223.6706 1.4756 1.6035 3.9631 -15.5407 1.9622 29.9128 -4.8066 -5.8867
Car -1 -1 -4.3037 298.9925 177.6890 391.8275 223.4882 1.4372 1.5982 3.8889 -9.1123 1.6181 25.0532 -4.6496 -5.8867
Car -1 -1 -7.5637 152.1811 0.0000 1241.0000 374.0000 1.5605 1.5939 3.8086 -0.4933 1.6721 1.0021 -7.9390 -5.8867
Car -1 -1 -3.5414 0.0000 201.8976 0.0000 374.0000 1.5287 1.6159 3.9672 -5.4752 1.6943 2.1270 -4.6977 -5.8867
Car -1 -1 -6.8224 0.0000 0.0000 1241.0000 374.0000 1.5113 1.6045 3.8504 -2.8907 1.6289 1.3700 -7.8744 -5.8867
Car -1 -1 -7.2813 1241.0000 176.0808 1241.0000 293.5267 1.4390 1.6042 4.2443 11.5562 1.4886 10.0261 -6.4400 -6.0314
Car -1 -1 -7.2853 1241.0000 164.2134 1241.0000 257.6065 1.4559 1.6606 4.3322 13.4950 1.3209 12.4709 -6.4724 -6.0891
Car -1 -1 -8.4959 1234.0538 163.1386 1241.0000 241.1542 1.6134 1.6930 4.1325 17.1528 1.4122 17.0840 -7.7174 -6.1650
Car -1 -1 -2.2067 198.1588 162.5875 265.0718 191.5212 1.8810 1.7020 4.4266 -25.5507 1.2133 48.6424 -2.6883 -7.1564
Car -1 -1 -5.2447 190.1460 174.5598 257.6385 208.4594 1.8826 1.9199 3.5717 -22.5149 1.9857 41.9965 -5.7344 -7.3707
Car -1 -1 -2.4547 232.1957 188.9417 307.2820 218.2311 1.4690 1.5726 3.4203 -18.2564 2.3572 38.6694 -2.8935 -7.7035
