Car -1 -1 -8.2944 791.1893 181.9861 1132.1183 374.0000 1.4433 1.5734 3.5294 3.0875 1.5581 7.2866 -7.9091 8.1675
Car -1 -1 -4.2505 74.6621 184.5683 329.0914 310.6159 1.4706 1.6630 3.8772 -5.7848 1.6764 10.7389 -4.7349 8.1390
Car -1 -1 -4.0450 0.0000 194.7618 165.7825 374.0000 1.4118 1.5755 3.6695 -5.6369 1.6532 6.0818 -4.7707 6.0807
Car -1 -1 -5.1358 468.0165 175.3957 523.8958 204.3715 1.4403 1.5965 3.5433 -6.1046 1.5811 38.1215 -5.2939 4.6917
Car -1 -1 -6.6777 658.7692 169.9686 725.3471 189.0157 1.4637 1.7340 4.9358 6.4447 1.2416 56.9675 -6.5659 2.8978
Car -1 -1 -3.6632 551.8780 173.3983 612.5123 194.3436 1.4962 1.7276 4.1879 -2.0744 1.5376 53.4819 -3.7022 2.5593
Car -1 -1 -5.5223 346.2298 176.8334 416.6783 202.4901 1.4863 1.6210 4.1040 -13.9600 1.7373 43.9345 -5.8285 2.2664
Car -1 -1 -8.9352 0.0000 0.0000 1241.0000 374.0000 1.4276 1.5919 3.9271 3.1089 1.5829 1.9581 -7.9928 1.9428
Car -1 -1 -7.5300 549.0346 173.0173 596.1531 197.9744 1.4585 1.6393 4.2264 -2.2802 1.4687 44.4510 -7.5813 -0.5911
Car -1 -1 -4.4967 186.9836 176.8550 264.0063 222.3959 1.6045 1.7640 4.2237 -14.8932 1.7726 28.0905 -4.9805 -1.0323
Car -1 -1 -7.6173 129.7829 177.5917 201.3841 216.9919 1.4394 1.5821 3.7872 -17.7413 1.6423 28.8966 -8.1640 -1.0388
Car -1 -1 -5.7940 722.1769 170.9994 806.6651 202.8849 1.5295 1.6177 3.8672 7.7295 1.4403 36.4720 -5.5872 -1.3563
Car -1 -1 -5.3413 422.8224 176.1830 461.2231 193.4682 1.5756 1.7099 3.6693 -15.9424 1.8991 68.3288 -5.5700 -3.3673
Car -1 -1 -7.8414 446.1209 171.8467 467.0201 191.9975 1.6056 1.6337 3.8547 -12.6599 1.5251 59.5429 -8.0502 -3.6604
Car -1 -1 -7.6938 708.5518 174.5485 748.5700 202.3374 1.4072 1.5708 3.6167 6.3682 1.5025 38.7421 -7.5326 -3.7543
Car -1 -1 -4.4443 430.1653 175.9070 465.5190 198.5010 1.5592 1.6231 3.4821 -11.6870 1.7867 52.0526 -4.6644 -4.1761
Car -1 -1 -7.8475 327.5674 186.3867 1241.0000 374.0000 1.5058 1.5722 3.5594 1.0406 1.5823 2.1471 -7.4491 -4.2959
Car -1 -1 -8.2745 1176.1772 152.7384 1241.0000 186.6772 1.6549 1.7186 4.1558 31.3411 0.6737 37.4159 -7.5811 -4.5389
Car -1 -1 -4.9203 370.4056 178.5653 414.7406 206.7812 1.4051 1.5236 3.8229 -11.7705 1.7280 38.7994 -5.2133 -4.8571
Car -1 -1 -4.7586 339.2752 178.7278 373.7253 204.3048 1.3306 1.6448 4.2356 -14.4289 1.6813 40.8507 -5.0964 -5.3111
Car -1 -1 -4.9092 703.8941 171.2284 737.6974 195.4580 1.6639 1.6462 3.8883 7.8377 1.5520 51.5316 -4.7595 -5.5211
Car -1 -1 -7.8444 610.6909 169.8338 630.2247 187.5151 1.5463 1.7087 3.7991 0.9357 1.2819 65.0205 -7.8304 -5.5221
Car -1 -1 -4.2410 702.4559 164.4022 740.6631 187.0623 2.0431 1.8037 4.2242 10.4155 1.2808 67.2980 -4.0883 -6.7808
