Car -1 -1 -4.3809 36.9441 179.4657 155.4883 240.6300 1.6188 1.7234 3.7970 -15.2635 1.8354 21.6046 -4.9904 6.7026
Car -1 -1 -4.8027 449.7664 180.8645 499.3993 221.7736 1.4045 1.5338 3.5186 -5.2424 1.7298 27.4196 -4.9903 6.6149
Car -1 -1 -7.4136 0.0000 184.3080 95.2506 241.1841 1.5409 1.6199 4.1126 -18.0641 1.9343 22.6145 -8.0820 4.4012
Car -1 -1 -5.4545 337.2486 182.1463 425.6093 213.2882 1.4076 1.6905 4.2867 -11.3034 1.8875 35.4889 -5.7611 4.0013
Car -1 -1 -3.7234 522.1562 177.1321 592.0671 201.0670 1.4621 1.5854 4.3636 -3.4252 1.7505 46.7337 -3.7966 3.1517
Car -1 -1 -3.5723 631.8986 175.0316 701.7993 197.0963 1.4782 1.7455 4.5404 3.9269 1.6344 50.2607 -3.4952 2.3674
Car -1 -1 -7.4598 646.3646 166.8523 678.9420 185.0592 1.7121 1.7120 4.1069 5.1264 1.1474 70.0673 -7.3873 -2.0008
Car -1 -1 -6.2656 473.5084 178.8056 532.0567 198.2961 1.5062 1.6945 4.5558 -8.5576 1.9903 57.5884 -6.4128 -2.4475
Car -1 -1 -4.6534 665.9873 176.5655 690.3718 196.6602 1.4429 1.6124 4.0002 5.1698 1.7347 54.6845 -4.5600 -3.4315
Car -1 -1 -7.6699 404.8826 176.7326 438.9677 199.7364 1.6020 1.6702 4.3001 -13.8434 1.8995 53.1951 -7.9236 -3.6200
Car -1 -1 -8.0668 494.3406 177.1872 538.9272 206.4033 1.5375 1.7419 3.6867 -5.3357 1.7932 40.6012 -8.1971 -3.7545
Car -1 -1 -8.0474 531.5425 177.8845 576.3309 206.9829 1.4311 1.6130 4.0806 -3.0784 1.7139 38.4235 -8.1272 -3.9126
Car -1 -1 -4.2248 0.0000 184.1355 22.7634 254.8038 1.5416 1.6836 4.1849 -17.3707 1.8685 18.6911 -4.9666 -4.0337
Car -1 -1 -5.1482 685.2507 176.0468 748.5475 208.0692 1.5214 1.5845 4.1510 5.3558 1.6943 36.9379 -5.0058 -4.0958
Car -1 -1 -7.7878 686.6436 174.2301 719.1108 200.5828 1.4492 1.6247 3.9165 5.4061 1.5329 41.9736 -7.6610 -4.2815
Car -1 -1 -7.6166 0.0000 187.8856 77.8768 237.4570 1.5272 1.7585 4.2978 -20.7932 2.1159 25.9554 -8.2872 -4.4002
Car -1 -1 -6.8381 0.0000 200.6977 9.1855 374.0000 1.4626 1.5091 4.0259 -6.1098 1.7051 4.2245 -7.7739 -4.4408
Car -1 -1 -7.6196 424.4821 177.1887 461.3282 200.5429 1.6302 1.6890 4.3474 -12.3303 1.9635 53.3549 -7.8460 -4.4650
Car -1 -1 -4.7500 626.7384 177.8470 650.6465 197.1060 1.5047 1.8043 4.3188 2.3106 1.9321 59.6532 -4.7119 -4.4842
Car -1 -1 -8.1634 520.7370 179.1541 576.8886 214.7931 1.4336 1.5036 3.2808 -2.7589 1.7238 31.4658 -8.2507 -4.6369
Car -1 -1 -7.8427 575.6547 175.2205 601.4768 200.0662 1.4331 1.5014 3.5001 -1.3165 1.5820 43.7188 -7.8731 -4.7582
Car -1 -1 -7.8664 715.9495 173.4746 748.0577 203.2880 1.5061 1.6087 4.1644 6.4710 1.5410 38.7205 -7.7025 -4.8212
Car -1 -1 -4.5649 0.0000 221.9046 16.3017 374.0000 1.3243 1.5683 3.4811 -4.3740 1.7172 3.9275 -5.3704 -4.8379
Car -1 -1 -4.6255 739.8356 173.9181 782.6772 206.6899 1.5827 1.8121 4.2890 7.8354 1.6408 37.3109 -4.4206 -5.0684
Car -1 -1 -5.1337 582.8323 175.8157 627.0341 197.7003 1.4126 1.5560 3.8838 -0.4219 1.6230 49.2294 -5.1427 -5.2391
Car -1 -1 -4.7003 674.9963 173.8171 699.0684 195.1319 1.3345 1.5072 3.6979 5.0308 1.3998 47.2717 -4.5953 -5.2440
Car -1 -1 -5.2232 633.7414 176.6389 678.0529 194.4573 1.4147 1.7084 4.5488 3.7869 1.7457 60.7365 -5.1617 -5.2906
Car -1 -1 -4.5728 624.1697 178.1731 647.3472 195.5692 1.4519 1.5672 3.4485 2.2568 1.9308 63.1753 -4.5377 -5.2916
Car -1 -1 -4.2279 280.9809 183.4997 352.8813 216.8934 1.3608 1.4634 3.6451 -13.1538 1.8678 32.4939 -4.6101 -5.3135
Car -1 -1 -2.4170 144.9667 182.0125 281.9565 225.2679 1.4489 1.6929 4.2931 -14.3170 1.7955 26.0264 -2.9158 -5.3916
Car -1 -1 -4.4959 440.0961 177.5199 488.0934 209.7307 1.6099 1.7328 3.8057 -7.7684 1.8712 38.5361 -4.6939 -5.4693
Car -1 -1 -4.9379 448.1730 177.3978 488.2292 203.9667 1.6427 1.6779 4.2804 -9.4505 1.9572 47.6926 -5.1329 -5.6121
Car -1 -1 -4.5082 354.2053 180.5138 403.0956 208.3215 1.3981 1.7270 4.2595 -12.6926 1.8427 39.7011 -4.8160 -5.6208
Car -1 -1 -7.6246 721.1631 171.1678 746.8093 188.8921 1.6707 1.6079 3.9416 12.0601 1.5115 70.1408 -7.4553 -5.6253
Car -1 -1 -4.4668 473.9055 176.7921 514.4478 200.3447 1.4225 1.6114 4.1643 -7.4324 1.6874 46.4415 -4.6250 -5.7999
Car -1 -1 -4.4525 434.6992 178.0715 477.5766 201.9706 1.3747 1.5916 4.0641 -9.4601 1.7109 44.4761 -4.6612 -5.8021
Car -1 -1 -5.1903 738.6657 170.7570 806.7900 198.9219 1.4807 1.7230 4.7289 8.9853 1.3701 40.4387 -4.9735 -5.8346
Car -1 -1 -7.3418 0.0000 181.7941 0.0000 239.2769 1.4962 1.6899 4.1178 -20.6119 1.7917 21.6672 -8.0962 -5.8554
Car -1 -1 -4.3294 275.8790 180.2626 327.0470 205.0681 1.5317 1.6770 4.1836 -20.4486 2.0450 47.9183 -4.7310 -5.8763
Car -1 -1 -4.5035 251.3731 183.1059 284.0976 201.4285 1.4236 1.6402 4.2687 -28.8436 2.3202 60.8616 -4.9447 -5.8810
Car -1 -1 -4.5630 547.6247 177.6019 572.7302 194.8016 1.4048 1.5934 3.8989 -4.2758 1.8259 62.0453 -4.6319 -5.8867
Car -1 -1 -4.6058 532.0988 178.1481 554.6523 194.8342 1.3979 1.5756 3.9194 -5.8719 1.8792 63.6699 -4.6977 -5.8867
Car -1 -1 -4.6560 470.6219 177.2915 497.2379 198.8754 1.3982 1.5836 3.9520 -8.6674 1.7158 49.6405 -4.8283 -5.8867
Car -1 -1 -4.5114 451.4609 177.3822 491.0481 202.2187 1.3933 1.5737 3.9169 -8.2821 1.6762 43.1624 -4.7003 -5.8867
Car -1 -1 -4.3906 0.0000 182.2906 0.0000 261.4512 1.3924 1.6167 4.1920 -16.3158 1.6234 15.4553 -5.1944 -5.9561
Car -1 -1 -6.0964 0.0000 187.3166 137.8640 255.0996 1.4879 1.4240 3.6712 -14.0567 1.8764 17.9317 -6.7542 -5.9675
Car -1 -1 -3.9845 0.0000 185.7172 20.0837 279.3249 1.4773 1.6540 4.3994 -14.2424 1.7707 14.2388 -4.7607 -6.0511
Car -1 -1 -7.2381 1241.0000 171.7093 1241.0000 365.6942 1.3931 1.5521 4.0554 8.0891 1.3846 6.0590 -6.3335 -6.0745
Car -1 -1 -8.2736 390.8182 183.6707 455.9917 227.9240 1.4709 1.3524 2.5674 -6.8235 1.8834 26.1052 -8.5273 -6.2525
Car -1 -1 -4.5543 0.0000 185.3079 8.8429 235.8317 1.4948 1.8269 4.4715 -22.3341 1.9652 24.8948 -5.2803 -6.2971
Car -1 -1 -7.4017 1168.3737 172.3835 1241.0000 374.0000 1.4013 1.6271 3.9823 5.6382 1.3991 4.2790 -6.5130 -6.5366
Car -1 -1 -5.2746 0.0000 189.9094 21.4938 325.2907 1.5348 1.7788 4.2074 -10.6502 1.7960 9.7815 -6.0888 -6.6653
