Car -1 -1 -4.3139 216.5050 185.2439 385.3445 283.3994 1.4636 1.5942 3.2083 -5.3409 1.7104 12.7775 -4.7031 8.1283
Car -1 -1 -8.2834 780.7566 184.1481 1096.5598 360.0675 1.4505 1.5916 3.9803 3.2765 1.6112 8.2482 -7.9186 7.8256
Car -1 -1 -8.1212 734.7172 179.7492 871.5815 268.6529 1.4347 1.5704 3.5320 3.4500 1.5824 13.7072 -7.8806 7.5868
Car -1 -1 -4.4004 325.0212 179.3927 446.3049 250.4191 1.4842 1.6469 3.9062 -5.3015 1.6595 17.4090 -4.6924 6.0395
Car -1 -1 -8.7715 1017.2275 185.0916 1241.0000 374.0000 1.4795 1.6164 3.9177 3.3947 1.5571 2.5932 -7.9069 3.4996
Car -1 -1 -2.2166 479.0659 174.9871 531.1844 199.1455 1.5439 1.5854 3.6261 -7.0752 1.6918 48.2756 -2.3617 2.1064
Car -1 -1 -3.6518 592.6734 174.2829 646.6138 193.0155 1.5187 1.6944 4.2368 0.7936 1.6418 60.5212 -3.6391 0.0275
Car -1 -1 -6.5719 695.8387 172.4569 743.9063 189.7251 1.4965 1.6707 3.8736 9.6470 1.4618 63.6273 -6.4225 -0.8724
Car -1 -1 -4.7167 307.7280 175.3080 344.0547 208.9081 1.5234 1.5608 3.9229 -13.8748 1.6498 35.1334 -5.0905 -0.9921
Car -1 -1 -4.7737 443.9034 176.0427 463.1853 191.8381 1.5017 1.6292 3.9224 -15.5573 1.8270 71.5587 -4.9873 -2.8734
Car -1 -1 -4.4149 455.8293 174.1667 483.3311 190.5874 1.5750 1.6498 3.7410 -13.8927 1.7082 71.4650 -4.6065 -3.1698
Car -1 -1 -4.1426 1009.3624 160.3443 1077.7371 184.9466 1.5198 1.7191 4.3054 27.7971 0.7467 46.3026 -3.6048 -3.2464
Car -1 -1 -4.6372 631.7029 172.4823 653.7457 191.0404 1.5580 1.6249 3.9294 2.8446 1.5265 62.6233 -4.5924 -3.7914
Car -1 -1 -3.2906 679.7761 175.2499 740.3442 198.6518 1.5978 1.7208 3.9698 6.9136 1.7676 50.3330 -3.1553 -3.9002
Car -1 -1 -5.0132 644.1927 169.3687 669.9999 184.9497 1.4950 1.5510 3.5516 4.5972 1.1603 71.1408 -4.9492 -4.3855
Car -1 -1 -7.3614 329.8562 168.0639 439.9612 221.0933 1.6990 1.8726 4.3062 -7.8271 1.5453 25.4123 -7.6577 -4.6003
Car -1 -1 -7.7679 663.3853 168.2299 683.5219 184.2947 1.5338 1.6699 3.5869 6.2301 1.0920 70.8013 -7.6807 -4.8618
Car -1 -1 -7.8804 313.7734 172.5735 349.6716 203.1444 1.5242 1.6648 4.0311 -14.7923 1.5099 38.1544 -8.2481 -4.8908
Car -1 -1 -7.8313 716.4918 166.7897 735.0881 186.4983 1.8723 1.7129 4.0633 11.3503 1.2959 70.6986 -7.6730 -4.8908
Car -1 -1 -4.8771 776.5618 180.6958 883.1990 248.8059 1.3566 1.6771 4.2063 4.9856 1.5655 17.0598 -4.5982 -4.9074
Car -1 -1 -4.7252 1057.7278 160.0906 1087.3158 185.4781 1.6042 1.5789 3.6190 30.4051 0.7974 47.5465 -4.1591 -5.1865
Car -1 -1 -7.5796 291.3219 173.4517 360.3613 223.2346 1.5410 1.4112 2.7845 -9.3604 1.5617 23.8237 -7.9505 -5.2919
Car -1 -1 -4.1650 290.8420 184.6395 418.7573 239.0140 1.3593 1.5960 4.1459 -7.3779 1.7409 21.1853 -4.4967 -5.5910
Car -1 -1 -1.9914 0.0000 185.6488 0.0000 350.8666 1.4619 1.5624 4.1065 -9.1936 1.6271 7.9672 -2.8314 -5.7579
Car -1 -1 -4.8314 793.6178 170.4138 869.4756 226.6840 1.4578 1.5911 3.8774 6.2103 1.3943 20.7371 -4.5449 -5.8867
Car -1 -1 -4.8891 846.5447 171.2515 960.3928 244.9905 1.4051 1.5851 3.8771 6.2126 1.3742 15.8022 -4.5214 -5.9310
Car -1 -1 -7.7969 463.8936 167.3951 485.3639 186.4734 1.7118 1.7263 4.0695 -12.5348 1.2217 66.8665 -7.9817 -6.2500
Car -1 -1 -7.9951 732.6457 175.5869 818.1974 241.3092 1.7024 1.8147 4.1436 4.6387 1.7897 20.9996 -7.7814 -6.7058
Car -1 -1 -5.0977 506.7013 177.0285 547.5946 201.8771 1.5087 1.5713 3.0198 -5.3523 1.7848 46.0814 -5.2131 -8.5122
