Car -1 -1 -4.1245 0.0000 191.2933 242.4590 374.0000 1.4851 1.6357 3.8340 -5.8975 1.7397 8.0346 -4.7423 7.6075
Car -1 -1 -8.4462 852.2509 185.5369 1241.0000 374.0000 1.4934 1.5610 3.6367 2.9686 1.6072 4.6363 -7.9062 6.6033
Car -1 -1 -4.9986 461.0130 179.2831 516.1521 212.4997 1.4187 1.5367 3.7221 -5.7476 1.7358 33.6054 -5.1672 5.6681
Car -1 -1 -5.5657 332.6714 180.6764 415.7720 209.3201 1.5022 1.6421 4.4310 -13.2294 1.9570 40.3504 -5.8809 5.0445
Car -1 -1 -4.4402 130.4598 180.6277 222.6466 227.7279 1.4701 1.7798 3.8583 -15.1149 1.7650 25.3059 -4.9743 4.2882
Car -1 -1 -7.4549 65.0130 180.3404 161.6663 224.4724 1.4322 1.5572 3.6524 -17.8257 1.7220 26.0186 -8.0509 2.8686
Car -1 -1 -3.4934 645.7187 172.8902 714.9363 193.6271 1.5126 1.7536 4.8585 5.2329 1.5151 54.1007 -3.3978 2.8508
Car -1 -1 -3.6927 536.5173 176.6636 599.3297 198.8378 1.4752 1.6577 4.1340 -2.9546 1.7514 50.5046 -3.7512 1.7716
Car -1 -1 -4.3050 0.0000 180.9032 77.5280 227.7101 1.4367 1.6045 3.8244 -20.2115 1.7372 24.9105 -4.9816 -0.6384
Car -1 -1 -3.0567 525.2145 173.5494 573.8172 193.1865 1.6312 1.7033 3.9554 -5.0973 1.6904 60.8509 -3.1403 -0.7703
Car -1 -1 -4.7105 327.1948 181.9794 345.6299 197.9689 1.4794 1.6617 4.0368 -27.0943 2.4100 71.4295 -5.0721 -1.3096
Car -1 -1 -4.4519 392.2303 182.0851 418.9234 197.3145 1.4205 1.6066 3.8658 -20.2687 2.3612 71.6028 -4.7271 -1.5959
Car -1 -1 -4.5795 580.0076 174.7316 610.3469 196.9913 1.5585 1.6708 4.3938 -1.0782 1.7025 53.1797 -4.6000 -1.6927
Car -1 -1 -4.7165 511.9550 182.5414 528.5533 197.1883 1.3538 1.5831 3.6888 -8.8795 2.3350 71.1738 -4.8405 -1.8694
Car -1 -1 -4.0926 334.1873 180.6728 373.3776 197.3919 1.5633 1.6818 3.9504 -25.3950 2.3619 71.5908 -4.4326 -2.4762
Car -1 -1 -8.1541 408.1592 179.4309 441.9036 200.0586 1.7750 1.7155 4.5630 -16.9777 2.3982 66.0061 -8.4052 -3.3171
Car -1 -1 -3.9168 498.1826 176.0402 557.3763 200.3014 1.5105 1.6326 3.8153 -5.3998 1.7286 47.4433 -4.0299 -3.4966
Car -1 -1 -4.4496 446.2218 181.4126 470.5961 197.1019 1.4503 1.5537 3.1436 -14.7150 2.3003 70.0702 -4.6562 -3.7586
Car -1 -1 -4.9084 499.9209 179.8659 525.3616 197.1508 1.4978 1.6053 3.7788 -8.9857 2.1611 66.2340 -5.0431 -3.9899
Car -1 -1 -4.9808 554.7582 178.2364 590.6454 198.9762 1.4405 1.6529 3.9598 -2.8284 1.8543 53.3663 -5.0339 -4.1150
Car -1 -1 -4.6922 613.8545 179.3069 630.4848 194.7005 1.4490 1.5748 3.9795 1.2122 2.1073 71.6253 -4.6758 -4.1595
Car -1 -1 -7.8846 630.4691 177.9598 648.3406 193.5064 1.4660 1.6388 3.8875 2.8618 1.9839 71.2727 -7.8450 -4.2457
Car -1 -1 -7.5724 558.0165 178.3455 601.4631 203.6999 1.3558 1.5268 3.6944 -1.7252 1.6858 41.4161 -7.6142 -4.2546
Car -1 -1 -4.8883 376.2405 181.6205 402.1264 197.9939 1.5152 1.7702 4.0138 -21.8658 2.4079 71.3064 -5.1851 -4.2549
Car -1 -1 -4.2936 519.6166 181.7010 549.4028 197.3968 1.4592 1.5653 3.6886 -7.4499 2.3580 71.3270 -4.3977 -4.2700
Car -1 -1 -7.0565 145.4090 184.7113 265.9282 233.7470 1.3811 1.5119 3.1795 -12.7743 1.7858 22.9042 -7.5606 -4.2751
Car -1 -1 -4.5474 572.5369 175.6254 604.8447 198.9814 1.5051 1.6305 3.5199 -1.4367 1.6993 48.7900 -4.5772 -4.2796
Car -1 -1 -4.7612 161.6869 180.6132 213.0721 221.8402 1.5225 1.6280 4.0004 -17.4045 1.8629 29.5645 -5.2896 -4.3360
Car -1 -1 -5.5176 0.0000 185.0095 170.1466 282.6105 1.6237 1.6371 3.5658 -10.3793 1.8640 13.2670 -6.1719 -4.3642
Car -1 -1 -4.9328 546.6993 175.4867 585.1871 201.7740 1.6272 1.6727 4.0026 -2.9634 1.8071 47.2498 -4.9956 -4.5599
Car -1 -1 -6.0834 506.7571 181.6142 558.8864 199.1877 1.5043 1.7535 4.3301 -6.8350 2.2930 63.9107 -6.1899 -4.7368
Car -1 -1 -4.7691 328.1976 186.7576 355.3745 210.6026 1.4600 1.5159 3.2179 -17.9091 2.4195 48.0307 -5.1245 -4.7741
Car -1 -1 -6.6100 678.0930 167.5666 722.1019 183.6284 1.5380 1.6590 3.9294 8.7464 1.0314 70.3004 -6.4869 -4.8465
Car -1 -1 -5.2089 688.8298 176.5860 725.0364 195.0351 1.4991 1.5059 3.6147 8.1853 1.8264 61.3778 -5.0773 -4.9465
Car -1 -1 -4.2619 405.8228 181.4181 437.1836 196.6527 1.4257 1.6651 3.4600 -18.6569 2.2958 71.4726 -4.5166 -5.1747
Car -1 -1 -9.1638 0.0000 0.0000 1241.0000 374.0000 1.4163 1.5779 3.9962 4.3510 1.3574 1.0218 -7.8862 -5.1889
Car -1 -1 -4.9060 745.5484 174.0880 792.3356 200.8984 1.3427 1.6414 4.1727 8.3588 1.4117 38.4306 -4.6938 -5.3884
Car -1 -1 -4.9535 334.0506 184.3053 375.6544 210.8962 1.5425 1.6327 3.7382 -16.1902 2.2977 45.5967 -5.2932 -5.4389
Car -1 -1 -4.7691 475.9687 177.0711 514.8257 209.5097 1.5500 1.7213 4.8365 -6.0835 1.7849 37.6860 -4.9285 -5.4506
Car -1 -1 -4.7116 433.3256 181.6888 451.1217 197.1677 1.4441 1.6758 3.6496 -16.6467 2.3436 71.5254 -4.9397 -5.5849
Car -1 -1 -8.8319 0.0000 0.0000 1241.0000 374.0000 1.4476 1.5256 3.5731 1.1297 1.4089 0.4371 -7.8370 -5.6708
Car -1 -1 -4.3848 451.8921 178.5846 509.8567 211.0157 1.6893 1.8187 4.6875 -7.2703 2.0334 40.9069 -4.5600 -5.7016
Car -1 -1 -4.4570 460.9992 180.8814 484.5253 196.7076 1.4963 1.5481 3.1357 -13.5884 2.3091 71.4740 -4.6445 -5.8461
Car -1 -1 -4.8006 670.2006 172.2450 700.0378 194.3036 1.4138 1.6173 4.1308 4.9553 1.3745 48.3224 -4.6994 -5.8653
Car -1 -1 -5.5952 1040.7032 168.6024 1241.0000 374.0000 1.4749 1.6095 3.9636 5.7953 1.4507 6.1360 -4.8625 -5.8867
Car -1 -1 -3.5045 0.0000 194.8844 0.0000 374.0000 1.5084 1.6101 3.9596 -7.0826 1.6461 2.5286 -4.6975 -5.8867
Car -1 -1 -4.6972 363.1993 177.9136 392.3168 202.7709 1.4210 1.6289 4.1575 -14.2795 1.7475 44.3797 -5.0071 -5.9141
Car -1 -1 -4.8348 720.5411 176.6176 741.6395 192.5603 1.5128 1.5873 3.8824 11.9298 1.8950 71.3685 -4.6702 -6.0461
Car -1 -1 -4.6564 592.6320 180.1882 612.4631 200.8168 1.5728 1.4217 2.9992 -0.6021 2.1739 57.6309 -4.6673 -6.2949
