Car -1 -1 -4.5438 343.7025 186.4130 451.9998 264.7556 1.3733 1.5788 3.5538 -4.3656 1.6923 15.1406 -4.8206 8.8146
Car -1 -1 -3.6064 616.8809 174.4440 703.2395 200.2834 1.4834 1.7366 4.9265 2.9840 1.5826 43.3924 -3.5387 5.5581
Car -1 -1 -3.7174 498.3842 176.7097 581.2855 205.2631 1.4773 1.6854 4.3450 -3.8768 1.7010 39.8883 -3.8141 4.3035
Car -1 -1 -5.7806 110.9809 180.8697 221.9884 219.0252 1.6170 1.6888 3.8454 -19.5783 1.9814 31.8979 -6.3276 2.7551
Car -1 -1 -5.1301 343.6761 182.0993 439.9208 229.2175 1.4833 1.7053 4.2370 -7.8948 1.8403 25.7221 -5.4255 2.1117
Car -1 -1 -5.9828 329.6305 177.0825 397.0171 203.7810 1.8425 1.7342 4.1826 -17.4274 2.1466 51.0113 -6.3108 -0.2358
Car -1 -1 -7.9150 500.5264 175.8676 544.8071 214.6615 1.5631 1.6805 3.5800 -3.8788 1.7014 31.2832 -8.0379 -1.7103
Car -1 -1 -7.4176 403.6256 179.1891 447.5745 204.1415 1.7070 1.5866 3.9233 -13.3903 2.1858 52.4892 -7.6666 -2.5510
Car -1 -1 -4.8210 376.1817 178.6964 408.5763 203.5277 1.4930 1.6047 3.6253 -14.0278 1.8836 46.2968 -5.1140 -3.2109
Car -1 -1 -4.8548 428.6080 184.9802 457.2275 204.7193 1.3877 1.6259 3.6677 -12.8371 2.3487 55.1924 -5.0827 -3.2456
Car -1 -1 -7.7331 606.4973 166.8076 628.4834 184.1209 1.6321 1.6799 3.8989 0.7357 1.0618 70.0623 -7.7229 -3.4212
Car -1 -1 -3.2994 750.4640 180.2580 804.1053 199.6108 1.4043 1.5318 3.7071 12.4397 1.9664 53.9241 -3.0743 -3.7993
Car -1 -1 -4.3524 397.6603 176.9937 442.6238 201.7634 1.5093 1.5868 3.7432 -12.2298 1.7873 46.5607 -4.6082 -3.9722
Car -1 -1 -3.4744 872.5386 170.1742 1099.3552 246.1046 1.5253 1.7882 3.9851 7.9145 1.4712 15.6349 -3.0139 -4.0487
Car -1 -1 -7.8730 535.5308 175.3604 575.5967 213.0749 1.5444 1.6542 3.4627 -2.4622 1.6601 31.5892 -7.9507 -4.1569
Car -1 -1 -5.7153 457.0671 181.4791 507.8846 201.4916 1.4725 1.5712 3.5813 -9.8741 2.1551 55.7168 -5.8903 -4.1709
Car -1 -1 -4.8371 561.2045 180.9871 589.7227 203.5325 1.4860 1.5285 3.9788 -2.5158 2.0860 51.1590 -4.8865 -4.2531
Car -1 -1 -5.0348 725.6226 173.9809 776.0565 203.1430 1.5444 1.6293 3.8151 7.7796 1.6103 40.3668 -4.8462 -4.3340
Car -1 -1 -4.6597 601.1668 178.2496 628.9814 200.7469 1.4223 1.6704 4.0101 0.3473 1.8011 48.6499 -4.6531 -4.3627
Car -1 -1 -4.1027 329.9315 184.8631 400.6947 212.2394 1.3391 1.6569 4.0001 -13.2944 2.0293 39.3341 -4.4269 -4.3639
Car -1 -1 -2.6374 0.0000 178.2027 174.9571 240.3382 1.5796 1.7152 3.9907 -14.4197 1.7329 19.6277 -3.2647 -4.6098
Car -1 -1 -4.6388 405.3001 179.7076 440.2726 209.3678 1.4817 1.5414 4.0112 -10.1405 1.8732 39.1321 -4.8911 -5.2413
Car -1 -1 -4.7908 568.6621 176.5079 599.5131 201.3457 1.4135 1.5659 3.7274 -1.6381 1.6437 43.5763 -4.8286 -5.2532
Car -1 -1 -4.6770 314.1486 189.1759 339.5096 211.5303 1.3328 1.4334 3.6388 -18.7682 2.4586 47.8260 -5.0494 -5.2706
Car -1 -1 -4.3313 347.4111 180.2014 414.2337 211.0952 1.3585 1.6750 4.0606 -11.0068 1.7340 34.8105 -4.6357 -5.2713
Car -1 -1 -7.7261 391.6458 176.6552 437.3904 208.5199 1.3737 1.6000 3.5548 -9.0372 1.5594 33.4214 -7.9885 -5.3455
Car -1 -1 -4.7895 653.9017 163.4672 675.8431 184.4574 1.7976 1.6226 4.0046 4.7980 0.9934 63.7960 -4.7151 -5.4120
Car -1 -1 -4.6841 510.0149 178.8345 533.7651 198.9000 1.3810 1.6189 4.0690 -6.4687 1.8375 53.0118 -4.8053 -5.4726
Car -1 -1 -4.7011 375.4936 183.0665 423.5888 223.0473 1.4346 1.7504 4.4865 -8.6147 1.8859 29.5098 -4.9832 -5.5265
Car -1 -1 -4.6278 627.7908 176.4384 654.4655 196.1834 1.3674 1.6149 4.1361 2.2886 1.6407 52.9057 -4.5852 -5.5644
Car -1 -1 -4.5790 695.6787 170.7561 721.0540 191.3860 1.5223 1.4241 3.9250 7.5436 1.3671 55.3223 -4.4445 -5.7594
Car -1 -1 -4.8115 508.0700 176.8175 533.9597 196.2874 1.4486 1.6158 4.1224 -7.0608 1.7721 56.7629 -4.9351 -5.8336
Car -1 -1 -4.8032 539.4211 176.9885 565.7821 196.5590 1.3698 1.5751 4.1553 -4.3288 1.6892 53.6063 -4.8837 -5.8388
Car -1 -1 -4.5703 369.2437 178.0540 411.8995 207.2183 1.4188 1.5908 3.9950 -11.5160 1.7070 37.9430 -4.8634 -5.8867
Car -1 -1 -4.5493 135.4679 182.7684 190.1858 214.2364 1.4370 1.6718 4.3414 -22.7211 1.9735 36.7399 -5.1001 -5.9478
Car -1 -1 -5.0346 1241.0000 175.5684 1241.0000 374.0000 1.3367 1.5297 3.7222 5.1185 1.3592 4.0747 -4.1709 -6.0423
Car -1 -1 -4.7473 392.7149 180.3986 415.0054 199.6874 1.4601 1.5955 4.0112 -16.7527 2.0935 58.4558 -5.0256 -6.0546
Car -1 -1 -4.6985 606.5552 178.5345 625.3272 198.8526 1.6330 1.5393 4.1063 0.5054 2.1309 61.2164 -4.6907 -6.4728
Car -1 -1 -2.4435 98.7275 171.5146 187.7478 198.8983 1.5710 1.7549 4.2851 -27.5147 1.4938 42.5344 -3.0150 -7.0151
