Car -1 -1 -8.0866 703.7493 178.3783 797.4238 238.7389 1.4581 1.6115 3.9639 3.6862 1.6251 19.8214 -7.9062 7.5774
Car -1 -1 -4.2103 0.0000 196.5941 347.6328 366.9522 1.4091 1.6672 4.4536 -4.9174 1.7725 8.8216 -4.7067 7.5479
Car -1 -1 -8.0849 739.3154 179.4888 867.3916 267.9951 1.4960 1.6031 3.5941 3.6110 1.6436 14.2727 -7.8430 7.4204
Car -1 -1 -8.2065 790.8378 184.6647 1054.8380 343.6926 1.4705 1.6279 3.7135 3.4224 1.6449 8.8099 -7.8484 7.2423
Car -1 -1 -4.4982 434.0076 180.1239 502.2715 227.7188 1.4768 1.6022 3.3509 -4.8051 1.7414 24.5986 -4.6897 7.1352
Car -1 -1 -4.5064 467.0174 179.0096 525.4131 218.8293 1.4710 1.5892 3.7800 -4.5710 1.7360 29.1785 -4.6610 5.4520
Car -1 -1 -8.0203 698.0088 177.4871 757.7146 222.8757 1.4679 1.5099 3.3872 4.0303 1.6416 25.3853 -7.8653 5.1847
Car -1 -1 -8.5963 929.8987 189.6032 1241.0000 374.0000 1.4746 1.6665 3.8603 3.4215 1.6095 3.8540 -7.9084 4.8917
Car -1 -1 -2.3368 0.0000 186.3185 109.0159 239.2782 1.3989 1.6063 4.1804 -16.9356 1.8037 20.6517 -3.0175 3.2365
Car -1 -1 -3.7420 0.0000 217.9587 100.9080 374.0000 1.4356 1.6338 4.0903 -4.9194 1.7888 3.5626 -4.6500 1.8328
Car -1 -1 -6.3413 668.5966 172.6258 721.8730 188.9705 1.4074 1.6651 4.5335 7.3937 1.3874 63.0902 -6.2255 1.3418
Car -1 -1 -8.5136 1019.1233 185.0786 1138.8561 230.3561 1.4308 1.5663 3.8052 16.5932 1.9015 25.8322 -7.9484 -0.5947
Car -1 -1 -4.6017 542.6230 183.3574 565.2477 200.2495 1.3748 1.5621 3.8095 -4.8935 2.3204 63.0523 -4.6792 -1.1308
Car -1 -1 -4.5839 409.9559 175.9587 455.4814 210.3912 1.5816 1.6812 3.9623 -8.7162 1.7432 35.5752 -4.8229 -1.9362
Car -1 -1 -4.9457 721.8841 163.4908 764.2010 193.7433 1.9821 1.8920 4.3200 9.0303 1.3683 49.4826 -4.7665 -2.1541
Car -1 -1 -5.4453 961.6614 167.4633 1122.7310 226.2357 1.5258 1.7661 3.9651 12.2464 1.3856 20.8549 -4.9209 -2.6322
Car -1 -1 -8.1907 974.2552 166.5907 1013.4874 186.2783 1.5459 1.6213 3.8564 31.1388 1.0538 58.6826 -7.7051 -3.2463
Car -1 -1 -4.6915 810.5714 167.0926 839.1263 195.3499 1.6711 1.6277 3.9472 13.3367 1.3301 44.7977 -4.4043 -3.4827
Car -1 -1 -7.2535 1152.3063 122.0646 1241.0000 186.3965 1.6395 1.7259 4.2998 17.3240 0.3448 19.7712 -6.5411 -4.0905
Car -1 -1 -2.9048 744.1227 175.1292 830.2790 204.3503 1.4975 1.6971 4.2410 9.5189 1.6255 38.9677 -2.6674 -4.2805
Car -1 -1 -4.3596 651.4930 173.4496 682.6492 192.7523 1.6387 1.5228 3.7741 5.0223 1.6924 63.4112 -4.2812 -4.5869
Car -1 -1 -4.4787 503.1769 178.2297 541.9385 203.0497 1.4766 1.5832 3.9060 -5.5394 1.8330 45.8369 -4.5987 -4.6243
Car -1 -1 -4.9549 440.1097 174.0896 494.5535 210.2276 1.6738 1.6947 4.1563 -7.1791 1.7387 35.8139 -5.1518 -4.6587
Car -1 -1 -4.5227 439.2582 169.7908 476.7725 196.4557 1.6421 1.6510 3.9125 -9.7572 1.4532 46.4043 -4.7291 -4.7495
Car -1 -1 -4.6218 795.0120 168.4559 831.5823 197.7290 1.5662 1.6036 4.5987 11.5728 1.3306 41.0380 -4.3492 -4.8685
Car -1 -1 -6.9498 1122.5530 129.5973 1241.0000 191.1636 1.8072 1.7086 4.6424 18.5956 0.5371 22.0952 -6.2566 -5.1435
Car -1 -1 -5.0238 504.9831 178.0931 546.3517 201.5367 1.5997 1.8438 3.9955 -6.1977 1.9959 52.4174 -5.1413 -5.2172
Car -1 -1 -4.3836 0.0000 203.6562 229.6328 374.0000 1.4430 1.6257 3.6118 -2.9960 1.6706 3.3621 -5.0733 -5.2213
Car -1 -1 -6.5021 597.7653 174.2215 654.4412 193.3312 1.5781 1.6392 4.5426 1.3227 1.6958 61.0124 -6.4809 -5.2931
Car -1 -1 -5.0347 698.2275 174.9804 750.0167 200.8301 1.3560 1.6418 4.0635 6.2763 1.4809 40.3420 -4.8819 -5.4200
Car -1 -1 -5.0547 538.1102 175.9326 580.3905 197.5902 1.3891 1.5841 4.0811 -3.5302 1.6076 49.0883 -5.1265 -5.4371
Car -1 -1 -5.0240 690.9706 175.5853 751.4377 207.2531 1.4401 1.7296 4.1192 5.3299 1.5819 35.3600 -4.8762 -5.4975
Car -1 -1 -3.7974 0.0000 208.8362 0.0000 374.0000 1.4859 1.6429 4.1918 -6.2268 1.7399 2.8896 -4.8973 -5.5058
Car -1 -1 -4.9390 708.1966 175.9456 767.0758 209.1577 1.3537 1.6426 4.1940 5.5254 1.4995 31.9486 -4.7698 -5.5243
Car -1 -1 -4.7278 580.7604 176.3295 599.5714 196.3592 1.6820 1.5823 3.9006 -1.7874 1.9959 63.2614 -4.7563 -5.5342
Car -1 -1 -5.0345 789.0366 167.4732 886.8999 219.1782 1.3970 1.5829 3.9003 6.6027 1.2513 21.4670 -4.7404 -5.8867
Car -1 -1 -4.7886 863.7296 166.8764 936.6051 220.7537 1.3850 1.5953 3.9085 8.1484 1.2310 20.6492 -4.4180 -5.8867
Car -1 -1 -4.8019 468.0858 177.5031 506.8265 205.6203 1.4094 1.6882 4.3330 -6.7533 1.6768 39.2415 -4.9716 -5.9836
Car -1 -1 -5.1498 748.8265 175.4644 831.4371 215.9107 1.5346 1.6487 4.2575 7.3151 1.6507 29.9178 -4.9128 -6.1580
Car -1 -1 -4.9963 715.0093 178.4803 764.9641 206.6918 1.3343 1.5310 3.6416 6.5255 1.6355 36.7743 -4.8226 -6.2584
Car -1 -1 -7.8266 441.8942 173.8946 465.0395 199.3563 1.8038 1.5714 3.4123 -11.5175 1.8827 53.0875 -8.0396 -6.3248
Car -1 -1 -4.3963 194.1572 180.8206 280.9615 220.0857 1.2704 1.6504 3.9246 -13.4713 1.5828 26.2495 -4.8666 -6.5074
Car -1 -1 -2.7824 258.9937 185.6170 378.7224 224.1410 1.3580 1.5691 3.8171 -10.7929 1.8464 26.8039 -3.1622 -6.5330
Car -1 -1 -2.8711 689.3387 173.9973 764.6620 200.2127 1.5037 1.6208 4.1637 6.9513 1.5743 43.1304 -2.7129 -6.7762
