Car -1 -1 -3.8843 420.2507 180.7435 584.1185 237.8887 1.4641 1.7930 4.9426 -3.1315 1.7277 21.6522 -4.0269 7.8486
Car -1 -1 -4.2807 79.0120 193.1879 309.6234 304.8446 1.4434 1.6764 4.3365 -6.8166 1.8537 12.3525 -4.7763 6.8947
Car -1 -1 -5.0461 984.2622 165.8212 1045.2195 196.1793 1.5360 1.6200 3.9419 21.5186 1.1799 38.5870 -4.5409 -2.1959
Car -1 -1 -4.3315 1205.6520 156.7875 1241.0000 180.7021 1.5094 1.6309 3.7676 40.8036 0.4950 47.1328 -3.6211 -2.3454
Car -1 -1 -7.7904 1032.4198 155.0909 1062.3142 177.3517 1.5492 1.6273 3.7145 31.6352 0.3127 52.2032 -7.2480 -2.3474
Car -1 -1 -8.0028 133.3718 177.5008 172.5856 204.2446 1.7402 1.6846 4.2287 -31.6347 2.0748 49.8492 -8.5661 -3.1833
Car -1 -1 -3.6644 1227.3726 156.8327 1241.0000 179.7140 1.3992 1.7307 3.6475 41.4274 0.4192 45.3555 -2.9275 -3.6376
Car -1 -1 -4.6841 284.1289 169.8784 312.0363 193.3832 1.6320 1.7358 4.2252 -22.6300 1.4251 52.3807 -5.0903 -3.8506
Car -1 -1 -6.0426 522.9264 159.1873 586.0106 181.4910 1.5628 1.7940 4.2087 -3.9925 0.6049 51.7870 -6.1193 -4.0414
Car -1 -1 -4.7502 1173.2789 159.2102 1208.8531 183.1616 1.6121 1.7692 4.3836 40.8648 0.6935 50.8524 -4.0762 -4.0978
Car -1 -1 -4.8755 699.3235 163.5197 732.1499 187.6160 1.6215 1.6721 3.7572 7.3193 0.9931 50.4493 -4.7325 -4.1300
Car -1 -1 -7.8740 355.9170 188.4172 428.0069 259.3880 1.4497 1.5161 3.6951 -5.4000 1.8720 17.6029 -8.1681 -4.1457
Car -1 -1 -3.4640 1135.6184 157.5170 1236.8207 188.7596 1.6048 1.7154 3.8748 30.6256 0.8167 38.5260 -2.7961 -4.1686
Car -1 -1 -3.9617 122.7961 198.5184 219.6420 235.7833 1.4695 1.5606 3.9345 -20.2431 2.7319 33.4138 -4.5032 -4.4525
Car -1 -1 -4.4876 634.0562 176.6113 675.0214 204.6149 1.4752 1.5569 3.4836 2.4980 1.6952 40.4078 -4.4268 -4.5587
Car -1 -1 -4.2209 508.5663 185.8629 561.1143 212.9922 1.4655 1.5889 3.6081 -4.4484 2.2731 42.8383 -4.3243 -4.6810
Car -1 -1 -5.4454 1134.2711 156.1580 1213.4636 180.8845 1.5634 1.7438 4.2229 37.2042 0.5075 47.7928 -4.7870 -4.7002
Car -1 -1 -8.4821 783.0971 145.1345 839.8533 172.1256 1.8923 1.8150 4.3249 14.7178 -0.0562 53.0553 -8.2129 -4.7757
Car -1 -1 -4.1738 85.4867 199.9587 173.4395 237.8714 1.4692 1.6164 3.7147 -21.6093 2.7630 32.5565 -4.7562 -4.9144
Car -1 -1 -7.9645 979.5856 159.3217 1019.2437 187.2198 1.7397 1.8023 4.3353 25.4528 0.8955 47.3421 -7.4739 -4.9979
Car -1 -1 -5.0187 295.6704 169.0024 340.8466 191.9801 1.6468 1.8376 4.5989 -21.9285 1.3704 54.0698 -5.4025 -5.0888
Car -1 -1 -6.7489 1148.0854 155.9763 1241.0000 190.0493 1.6809 1.8053 4.5158 30.5628 0.8480 36.9703 -6.0621 -5.2154
Car -1 -1 -7.8647 420.4937 190.3381 465.3622 233.3456 1.5551 1.7054 4.2784 -7.0619 2.3424 30.2238 -8.0929 -5.2687
Car -1 -1 -2.6193 534.0565 158.5458 601.9739 182.3055 1.6985 1.9568 4.6739 -3.1506 0.6754 53.5019 -2.6780 -5.2978
Car -1 -1 -7.7894 172.3809 190.5239 257.7323 259.4661 1.3882 1.5578 3.5080 -9.4795 1.8618 17.4317 -8.2814 -5.3306
Car -1 -1 -4.5922 531.3313 178.2219 564.6038 205.2389 1.4688 1.5316 3.2448 -3.5704 1.7897 41.5287 -4.6779 -5.4629
Car -1 -1 -4.4952 135.9131 167.3867 173.6250 191.2403 1.8040 1.6870 3.9624 -35.7561 1.3902 56.7186 -5.0557 -5.5161
Car -1 -1 -4.6747 0.0000 181.8894 7.0635 212.7293 1.9039 1.7753 3.7037 -41.1249 2.5263 47.7199 -5.3833 -5.6133
Car -1 -1 -7.6196 508.0358 180.3255 565.3196 218.3608 1.4565 1.5842 3.6681 -3.0557 1.7900 30.3092 -7.7198 -5.6489
Car -1 -1 -4.6732 288.5322 174.9279 313.2865 195.9612 1.5729 1.6293 3.7556 -24.1559 1.7406 56.4065 -5.0763 -5.6549
Car -1 -1 -4.7407 440.4545 181.5767 479.0967 219.6043 1.6014 1.6355 3.9049 -7.0480 2.0305 33.4320 -4.9474 -5.7417
Car -1 -1 -7.6859 518.4244 180.6696 560.9381 209.9717 1.4259 1.6381 3.6739 -3.6912 1.8578 38.0116 -7.7825 -5.7478
Car -1 -1 -4.5948 158.6255 187.8191 249.6684 250.3159 1.4714 1.7170 4.3345 -11.3968 1.9433 20.4347 -5.0984 -5.7809
Car -1 -1 -4.5102 449.8428 178.1484 515.9807 223.8779 1.5349 1.6416 3.9500 -4.6559 1.7451 26.6805 -4.6819 -5.8543
Car -1 -1 -7.4709 382.6632 179.4075 427.9977 204.3092 1.5117 1.6274 3.4898 -13.1962 1.9511 46.5851 -7.7458 -5.8629
Car -1 -1 -4.5437 469.3037 178.8733 523.9729 217.3712 1.4558 1.5939 3.9410 -4.6651 1.7213 29.8858 -4.6978 -5.8867
Car -1 -1 -4.5584 483.8564 178.7461 531.8212 213.1147 1.4502 1.5913 3.9389 -4.6641 1.7364 33.1048 -4.6978 -5.8867
Car -1 -1 -4.5506 480.2047 179.9655 524.1541 211.2518 1.4673 1.5962 3.9449 -5.4680 1.8485 36.7254 -4.6978 -5.8867
Car -1 -1 -4.8855 1241.0000 155.8354 1241.0000 179.9667 1.3725 1.6344 4.0167 41.4515 0.4042 43.1617 -4.1237 -5.8867
Car -1 -1 -4.5613 0.0000 182.5896 33.3801 206.1998 1.5169 1.6550 4.0179 -41.6105 2.2240 50.2798 -5.2502 -5.8867
Car -1 -1 -4.4916 424.8600 178.0116 488.9159 218.8835 1.4385 1.5898 3.9346 -5.8731 1.6516 27.8734 -4.6978 -5.8867
Car -1 -1 -6.9713 646.6107 174.8628 717.9626 204.3597 1.5429 1.5202 3.8057 3.9567 1.6577 39.6622 -6.8731 -5.9545
Car -1 -1 -7.0887 1225.3568 164.7052 1241.0000 243.4005 1.6129 1.7094 4.3581 16.2080 1.4456 15.6716 -6.2962 -5.9644
Car -1 -1 -7.5104 114.0122 165.7749 161.2331 189.4973 1.8057 1.7177 4.4926 -37.4665 1.2666 57.3063 -8.0875 -5.9857
Car -1 -1 -6.7951 689.8365 153.7697 758.9492 178.1212 1.7308 1.8187 4.7263 8.3650 0.3741 52.9594 -6.6394 -6.0178
Car -1 -1 -7.3175 1241.0000 173.7963 1241.0000 359.7907 1.3962 1.5626 4.1306 8.5413 1.4057 6.4777 -6.4175 -6.0591
Car -1 -1 -8.8144 1218.6493 152.8210 1241.0000 218.5117 1.5168 1.7363 4.5173 19.0162 1.0539 19.0389 -8.0375 -6.0591
Car -1 -1 -7.3297 1241.0000 170.0942 1241.0000 297.1316 1.4194 1.6223 4.2439 10.8480 1.3882 9.2763 -6.4823 -6.1446
Car -1 -1 -4.9213 674.6029 157.1622 707.7572 182.4772 1.7943 1.6568 3.8375 5.9062 0.6818 53.1325 -4.8114 -6.4342
Car -1 -1 -5.1879 687.6385 175.3497 746.4666 201.0825 1.3404 1.5625 4.0096 5.8525 1.4864 40.1502 -5.0446 -6.6275
