Car -1 -1 -8.3192 827.9755 187.6552 1241.0000 374.0000 1.4302 1.6187 4.1161 3.4137 1.6093 6.6809 -7.8657 7.8055
Car -1 -1 -8.1274 752.7900 182.1192 924.7728 294.7371 1.4935 1.6172 3.7877 3.4535 1.6688 11.7782 -7.8500 7.3452
Car -1 -1 -4.5003 458.7311 180.1669 517.8539 221.8168 1.4645 1.5718 3.2969 -4.6426 1.7615 27.6461 -4.6656 7.1422
Car -1 -1 -4.3300 183.2895 191.2943 405.7878 303.1242 1.3748 1.7006 4.4995 -4.8950 1.7353 11.8643 -4.7141 6.8528
Car -1 -1 -8.0411 723.1868 180.1113 820.4986 250.4083 1.4682 1.5782 3.6296 3.7005 1.6601 17.2779 -7.8345 6.6846
Car -1 -1 -4.0823 0.0000 198.5202 278.2688 374.0000 1.4422 1.6196 4.0657 -4.8175 1.7463 6.5156 -4.7000 6.1732
Car -1 -1 -8.0465 697.1028 179.5965 773.0568 230.1003 1.4181 1.5902 4.0372 3.8073 1.6503 22.8465 -7.8842 5.2759
Car -1 -1 -4.5206 485.3844 178.2297 537.4703 214.4890 1.4970 1.6155 3.7888 -4.3888 1.7518 32.3019 -4.6551 5.1487
Car -1 -1 -7.9932 694.0345 177.6670 745.7190 218.4442 1.4821 1.5248 3.4402 4.2117 1.6825 28.3572 -7.8479 2.8132
Car -1 -1 -2.4350 15.2352 183.9803 174.8156 229.2777 1.3966 1.6173 4.2505 -16.9235 1.7778 23.7394 -3.0492 2.4462
Car -1 -1 -9.0328 1146.3406 160.8381 1241.0000 242.7157 1.5400 1.6817 4.0752 14.4070 1.3137 15.7719 -8.3021 -1.3843
Car -1 -1 -7.6613 451.4413 166.1160 487.7992 191.8504 1.6854 1.6845 4.0933 -9.5729 1.2438 49.3039 -7.8524 -1.4124
Car -1 -1 -3.1273 641.6718 175.2592 693.4388 190.7415 1.3926 1.6945 4.6809 5.2693 1.6168 66.2918 -3.0486 -2.0117
Car -1 -1 -4.9827 924.5686 166.5004 959.4058 185.1454 1.4629 1.6254 3.7109 26.8767 0.9641 58.5737 -4.5546 -2.2821
Car -1 -1 -4.3842 422.2290 177.4559 472.6428 207.6861 1.4846 1.6180 3.1986 -8.4631 1.7350 37.6225 -4.6044 -2.5393
Car -1 -1 -3.4021 1075.0732 135.6768 1241.0000 187.8518 1.6579 1.7452 4.2334 18.4301 0.4763 24.5206 -2.7633 -3.5916
Car -1 -1 -4.6116 788.6776 184.9784 821.6685 211.9977 1.4173 1.5036 3.3629 11.1748 2.1426 41.3385 -4.3500 -3.9579
Car -1 -1 -4.5050 610.4882 176.8123 645.8934 197.9103 1.4972 1.7914 4.4837 1.3933 1.8090 54.4888 -4.4800 -4.5916
Car -1 -1 -7.7082 329.9754 181.6278 407.1641 239.9158 1.5562 1.6726 3.7599 -7.2564 1.8459 21.8594 -8.0257 -4.6195
Car -1 -1 -4.6857 978.8326 168.7188 1001.7588 188.8050 1.5155 1.4978 3.7305 29.7355 1.2032 56.4318 -4.2031 -4.6580
Car -1 -1 -8.9655 1241.0000 177.9940 1241.0000 374.0000 1.4752 1.4695 3.2600 4.2609 1.4999 1.8725 -7.8657 -4.6850
Car -1 -1 -4.7984 711.3122 177.7093 758.5568 211.6304 1.3608 1.6586 4.3593 5.3947 1.5898 31.8260 -4.6326 -4.8708
Car -1 -1 -4.8537 499.5881 177.5603 540.8871 206.3088 1.4200 1.6160 4.1249 -4.8867 1.6855 38.5621 -4.9794 -4.8728
Car -1 -1 -7.9134 454.0146 169.5801 479.1716 195.8500 1.9633 1.6631 4.3602 -11.2398 1.7184 56.2453 -8.1101 -5.0477
Car -1 -1 -4.2476 0.0000 197.3451 14.1625 345.3192 1.4071 1.5067 3.0556 -9.2135 1.7730 9.1041 -5.0243 -5.0728
Car -1 -1 -4.5611 532.9042 178.6947 556.8089 197.1028 1.5714 1.5756 3.8717 -5.8447 2.1120 64.8329 -4.6510 -5.1725
Car -1 -1 -7.8517 895.9519 174.7759 977.0314 236.9548 1.3453 1.6463 4.2041 8.0567 1.3990 18.0058 -7.4376 -5.2624
Car -1 -1 -4.8409 834.1325 177.0326 932.2645 251.8091 1.3972 1.4745 3.6292 5.7335 1.4986 15.6282 -4.4961 -5.2987
Car -1 -1 -3.7756 0.0000 176.2306 279.7942 374.0000 1.4570 1.5534 3.3821 -3.3065 1.4803 3.2370 -4.5312 -5.3046
Car -1 -1 -7.5335 0.0000 164.3058 156.6902 310.5657 1.6461 1.5855 3.0410 -7.5544 1.5496 9.8138 -8.1766 -5.3193
Car -1 -1 -4.8215 708.1767 176.2377 751.0540 205.0339 1.3473 1.6687 4.1675 5.9282 1.5276 36.3814 -4.6617 -5.4567
Car -1 -1 -4.9470 693.0321 176.2639 729.8176 199.6244 1.4365 1.5611 3.5777 6.4969 1.6660 46.7668 -4.8102 -5.4589
Car -1 -1 -5.7391 0.0000 0.0000 1241.0000 374.0000 1.4504 1.4985 3.4337 2.9189 1.6075 1.5130 -4.7241 -5.5445
Car -1 -1 -4.8439 545.7380 176.3696 576.2137 198.8854 1.4493 1.5725 3.8422 -3.4061 1.6983 49.1214 -4.9132 -5.5731
Car -1 -1 -4.6512 710.2198 176.0003 743.1282 201.5996 1.3410 1.5864 4.0301 6.5461 1.5264 40.4615 -4.4924 -5.7064
Car -1 -1 -4.6057 938.0972 173.5786 1066.9960 265.1560 1.3313 1.5887 4.0777 6.9409 1.3458 12.6549 -4.1143 -5.7954
Car -1 -1 -9.1547 0.0000 0.0000 1241.0000 374.0000 1.4857 1.6023 3.8437 5.5482 1.4385 1.3662 -7.8745 -5.8867
Car -1 -1 -4.7268 572.8921 176.0787 595.8000 196.1718 1.3485 1.5567 4.1449 -1.8839 1.5865 51.2118 -4.7638 -5.9600
