Car -1 -1 -4.1556 0.0000 195.3854 312.2727 374.0000 1.4666 1.6541 3.9060 -4.7912 1.7617 7.5022 -4.7085 7.9991
Car -1 -1 -8.2800 807.8322 187.8582 1162.6180 374.0000 1.4559 1.5976 4.0848 3.4522 1.6586 7.7067 -7.8742 7.8844
Car -1 -1 -4.5126 466.8138 180.3247 521.8898 220.4998 1.4686 1.5305 3.3297 -4.5828 1.7830 28.7022 -4.6700 7.2057
Car -1 -1 -4.3636 226.6973 191.4688 417.5180 292.6050 1.3769 1.6664 4.4440 -4.8959 1.7663 12.8731 -4.7209 6.8691
Car -1 -1 -8.1188 744.5110 182.6633 898.5400 284.2805 1.4889 1.6175 3.7501 3.5023 1.6883 12.8135 -7.8589 6.5079
Car -1 -1 -8.0210 719.5894 179.9638 810.8441 248.0148 1.5152 1.6270 3.7152 3.7756 1.7142 18.3415 -7.8220 5.6455
Car -1 -1 -8.0506 693.9136 180.3053 766.2256 228.3250 1.4131 1.5876 3.9323 3.8243 1.6797 23.8495 -7.8943 5.3191
Car -1 -1 -4.5193 491.1089 178.7064 541.6177 213.9751 1.5020 1.5990 3.8893 -4.3079 1.7886 33.3825 -4.6472 4.9045
Car -1 -1 -7.9793 692.9864 178.3098 741.8802 218.1104 1.5000 1.5381 3.3805 4.2700 1.7346 29.3625 -7.8370 3.9452
Car -1 -1 -5.6003 1090.3868 227.8226 1241.0000 374.0000 1.3631 1.5870 3.8758 3.5366 1.6921 2.3549 -4.6741 2.4734
Car -1 -1 -6.2852 628.4240 174.8596 679.9943 190.7437 1.4548 1.6816 4.7418 4.0951 1.6444 67.3107 -6.2250 2.2731
Car -1 -1 -8.7715 1102.3995 168.0055 1241.0000 234.6308 1.4623 1.5687 3.1492 13.9910 1.3556 17.5574 -8.1071 -1.0868
Car -1 -1 -7.3213 112.7142 191.5425 222.5465 237.9937 1.4021 1.5351 3.8121 -15.3713 2.1049 25.2330 -7.8640 -1.8590
Car -1 -1 -4.9077 951.7800 173.4940 984.2291 192.7479 1.4741 1.6458 3.5053 28.3479 1.5263 57.2748 -4.4505 -1.9112
Car -1 -1 -8.6808 1041.5410 142.8844 1171.7925 189.3009 1.5233 1.6702 3.6245 17.4580 0.5394 25.6356 -8.0882 -1.9422
Car -1 -1 -4.5878 546.8636 182.3349 568.8569 198.3446 1.3954 1.5812 3.8213 -4.8449 2.3030 67.1473 -4.6600 -2.9062
Car -1 -1 -4.9214 1044.6780 173.3376 1083.2048 194.5346 1.4639 1.5644 3.8764 32.6379 1.4999 52.0147 -4.3639 -2.9634
Car -1 -1 -4.6633 588.0580 179.8346 606.3556 195.4592 1.3852 1.5351 3.7210 -1.1950 2.0564 67.5324 -4.6814 -3.2108
Car -1 -1 -8.0706 640.3171 174.4614 669.5466 194.2102 1.5723 1.6416 3.7434 3.6598 1.7095 59.7431 -8.0101 -3.4311
Car -1 -1 -4.1979 454.8621 169.6328 507.1073 195.7836 1.7459 1.7109 4.2818 -8.9940 1.5306 50.4762 -4.3736 -3.4862
Car -1 -1 -7.5608 430.5419 175.2309 481.0401 205.8918 1.5725 1.6504 3.8270 -8.3709 1.7082 39.2891 -7.7697 -3.5432
Car -1 -1 -4.4922 515.2709 179.1081 551.5677 202.4361 1.4516 1.5840 3.9285 -5.0843 1.8854 48.0359 -4.5975 -4.7680
Car -1 -1 -7.9968 746.9048 214.9303 1241.0000 374.0000 1.3855 1.5966 3.3530 1.4730 1.6385 2.4967 -7.5150 -5.0985
Car -1 -1 -4.9241 455.8888 176.6808 483.9386 198.1310 1.6076 1.5215 3.1633 -11.0112 1.9161 56.4567 -5.1162 -5.1502
Car -1 -1 -5.8387 166.4749 149.7441 275.4579 187.9465 1.6692 1.7309 3.9606 -17.4834 0.6591 32.4817 -6.3292 -5.4492
Car -1 -1 -4.8297 702.5060 177.2009 743.9180 204.6853 1.3463 1.6809 3.9960 5.8670 1.5872 38.0109 -4.6782 -5.4751
Car -1 -1 -4.9462 823.3969 175.3087 924.8325 241.9605 1.3813 1.4163 3.4605 6.0002 1.4445 16.8781 -4.6107 -5.5791
Car -1 -1 -4.8622 886.8101 178.6999 1014.9976 261.1731 1.3168 1.5955 3.7910 6.3082 1.4452 13.8488 -4.4434 -5.6939
Car -1 -1 -4.8634 886.9091 172.2195 993.5049 241.8407 1.4058 1.6126 3.8284 7.4049 1.3926 16.6263 -4.4515 -5.8867
Car -1 -1 -4.8026 1173.1700 171.5135 1209.3015 193.0712 1.4780 1.6414 3.9910 41.4724 1.3858 51.5871 -4.1285 -5.8867
Car -1 -1 -4.7802 1148.9275 171.8124 1181.3884 192.3716 1.4784 1.6423 3.9914 41.4725 1.4032 54.0015 -4.1281 -5.8867
Car -1 -1 -3.5412 0.0000 194.9391 0.0000 374.0000 1.5156 1.6163 3.9641 -5.4767 1.6414 2.1256 -4.6978 -5.8867
Car -1 -1 -4.7756 584.9405 175.7557 607.6896 193.7713 1.3931 1.5909 3.9312 -1.1653 1.6361 58.4713 -4.7958 -6.0563
Car -1 -1 -5.3314 1059.3987 169.8155 1126.8491 195.8728 1.7004 1.8144 4.0070 32.7637 1.5018 49.1178 -4.7462 -6.1985
Car -1 -1 -4.9203 1064.2213 175.2000 1100.9447 195.3585 1.4249 1.5031 3.8446 34.9896 1.6054 53.5472 -4.3443 -6.3034
Car -1 -1 -7.7020 496.9473 179.6886 537.6726 209.7983 1.4151 1.5748 3.1050 -4.6468 1.7726 36.1971 -7.8292 -7.2535
