Car -1 -1 -4.4488 377.7171 179.1575 469.1229 239.9053 1.4866 1.6089 3.2288 -5.0225 1.6719 19.6211 -4.6967 8.1947
Car -1 -1 -8.1886 789.2216 182.6026 1027.2612 331.2773 1.5046 1.6395 3.5703 3.5051 1.6547 9.3333 -7.8408 7.9525
Car -1 -1 -8.1242 724.8447 179.8575 855.2495 263.5208 1.4564 1.5512 3.9257 3.4886 1.6200 14.8904 -7.8994 7.0908
Car -1 -1 -8.0348 709.8944 178.7296 788.9662 234.0724 1.4035 1.5541 3.5352 3.8036 1.5840 20.4413 -7.8542 6.0891
Car -1 -1 -4.4832 426.3181 176.8370 500.7951 225.7851 1.4904 1.6160 3.8134 -4.8652 1.6344 24.2159 -4.6799 5.7357
Car -1 -1 -8.5071 925.5971 197.6578 1241.0000 374.0000 1.4392 1.6351 3.6867 3.3129 1.6399 4.0018 -7.8522 4.4134
Car -1 -1 -3.8878 0.0000 207.4012 121.7823 374.0000 1.4062 1.6586 4.4206 -4.9424 1.7000 3.8959 -4.7576 3.2191
Car -1 -1 -5.6348 473.7332 173.4437 518.1130 193.0458 1.5169 1.5951 3.1643 -9.0991 1.5646 57.3719 -5.7917 1.3548
Car -1 -1 -3.7186 1167.7848 162.7344 1241.0000 221.5553 1.5186 1.5965 3.6095 17.6480 1.2570 19.6812 -2.9953 -0.1918
Car -1 -1 -5.9365 365.4736 160.3022 445.4728 190.0433 1.6142 1.6919 3.9427 -11.3791 0.9327 40.1480 -6.2111 -1.9433
Car -1 -1 -4.7541 839.9333 168.1526 874.4229 196.9395 1.5315 1.6399 4.2973 13.8437 1.2811 40.6801 -4.4286 -2.2362
Car -1 -1 -8.2422 709.3607 170.6091 745.7689 189.9136 1.5289 1.6705 3.6735 9.5671 1.3508 59.1245 -8.0828 -2.7276
Car -1 -1 -7.0314 399.4315 172.1126 502.7431 211.7147 1.6136 1.7514 4.4202 -6.9334 1.5831 31.7130 -7.2453 -2.9183
Car -1 -1 -8.6793 783.5630 166.0410 866.0629 196.7902 1.6269 1.7135 4.4476 11.9435 1.2662 40.5240 -8.3950 -3.2259
Car -1 -1 -4.4671 766.3927 174.5134 812.6941 202.8009 1.4779 1.5941 3.9398 9.9740 1.5745 40.0580 -4.2252 -3.5631
Car -1 -1 -4.9691 473.6307 177.3281 513.0900 200.9692 1.4663 1.5859 4.0941 -7.7983 1.7758 47.7744 -5.1304 -4.0040
Car -1 -1 -5.4525 488.3452 177.8908 529.7056 195.7394 1.5489 1.5544 3.8056 -9.1991 2.0181 65.4498 -5.5919 -4.1048
Car -1 -1 -4.7242 700.6864 173.2937 727.1558 199.8209 1.5727 1.5593 3.8383 6.3930 1.6009 44.8460 -4.5839 -4.4092
Car -1 -1 -4.6786 1076.3816 169.5180 1101.3956 189.6064 1.5576 1.5567 3.8242 38.4578 1.2986 57.9555 -4.0953 -4.4844
Car -1 -1 -4.7902 643.6738 173.8134 668.2499 195.0805 1.6567 1.6829 3.7974 3.6546 1.7365 58.2927 -4.7283 -4.5391
Car -1 -1 -4.8404 730.7603 177.3712 801.3642 222.8465 1.3465 1.7230 4.2821 5.0361 1.5102 24.0014 -4.6367 -4.7718
Car -1 -1 -6.8490 702.2565 175.0170 780.7925 204.5218 1.4842 1.6122 3.7956 6.8818 1.6021 37.9753 -6.6716 -4.8153
Car -1 -1 -3.2461 590.0185 175.1714 645.6674 197.8120 1.7200 1.7842 4.1621 0.5555 1.9035 56.1232 -3.2367 -5.2286
Car -1 -1 -7.8551 381.8623 170.6983 423.2467 209.4754 1.6141 1.6685 4.0319 -9.2959 1.5240 32.2013 -8.1343 -5.5245
Car -1 -1 -5.0520 703.3246 175.9689 781.9883 216.1960 1.4191 1.6804 4.1696 4.9961 1.5491 27.9886 -4.8777 -5.5615
Car -1 -1 -4.4114 403.2838 179.3059 478.2777 218.5930 1.3919 1.6468 4.4049 -6.6324 1.6672 28.5623 -4.6380 -5.5845
Car -1 -1 -5.0138 713.6670 175.3723 779.2156 208.7171 1.3444 1.6513 4.0948 5.8343 1.4616 31.5446 -4.8331 -5.6209
Car -1 -1 -5.2010 773.5198 170.8685 889.2757 224.7966 1.4150 1.5391 3.8863 6.2512 1.3626 20.9905 -4.9159 -6.0622
Car -1 -1 -5.2605 768.5992 173.3311 875.6349 223.5201 1.5914 1.6946 4.0231 7.2010 1.6092 25.0858 -4.9846 -6.2353
