Car -1 -1 -4.5214 485.0123 180.0675 535.0223 215.9095 1.4641 1.6043 3.1888 -4.3912 1.7978 31.7686 -4.6582 7.8296
Car -1 -1 -4.2909 146.1016 192.2379 385.6368 322.6606 1.4513 1.6408 3.8665 -4.7641 1.7863 10.5432 -4.7067 7.7949
Car -1 -1 -8.1957 761.4210 183.6735 975.7664 309.7000 1.4523 1.5853 4.1417 3.5024 1.6450 10.7734 -7.8905 7.5931
Car -1 -1 -4.4167 318.4920 189.0962 453.5286 266.2694 1.3729 1.6158 4.3038 -4.7881 1.7791 15.9019 -4.7053 7.5036
Car -1 -1 -8.0689 725.5247 181.4409 840.0246 260.5620 1.4887 1.6264 3.7553 3.5971 1.6996 15.8642 -7.8509 5.9722
Car -1 -1 -8.3874 894.7301 190.0065 1241.0000 374.0000 1.4389 1.5722 3.5712 3.5982 1.6133 5.5497 -7.8372 5.8043
Car -1 -1 -7.9967 708.6689 179.9830 781.6116 234.8863 1.4498 1.5845 3.6761 3.8649 1.6793 21.4001 -7.8212 5.1833
Car -1 -1 -4.0195 0.0000 206.3345 193.5883 374.0000 1.4449 1.5340 3.6827 -4.7477 1.7654 5.0453 -4.7485 4.7618
Car -1 -1 -8.0205 690.9433 178.5448 751.8730 222.2054 1.4798 1.6003 3.8702 4.0291 1.7072 26.9152 -7.8742 4.7070
Car -1 -1 -4.5107 503.5692 178.6643 552.2892 210.1136 1.4625 1.6723 4.0000 -4.1136 1.7718 36.3834 -4.6230 4.1650
Car -1 -1 -8.6892 1160.0698 176.0566 1241.0000 232.5394 1.4208 1.6332 4.2069 18.2207 1.5215 20.5827 -7.9720 2.4915
Car -1 -1 -7.9879 686.6346 179.6886 732.4002 214.0288 1.4264 1.5535 3.6295 4.3840 1.7512 32.5091 -7.8556 0.4979
Car -1 -1 -5.0983 155.8350 174.5882 242.2566 213.9704 1.4455 1.6079 3.9344 -16.3105 1.5181 28.4969 -5.6143 0.0281
Car -1 -1 -4.7205 983.0074 174.0526 1025.0889 208.8290 1.4585 1.5750 3.9892 17.6838 1.5158 32.5395 -4.2269 -0.7708
Car -1 -1 -5.0338 716.4590 161.4402 757.5969 191.0855 2.2162 1.8720 4.3337 9.8132 1.3626 56.2226 -4.8622 -1.1593
Car -1 -1 -4.1947 434.8099 178.4932 494.0285 206.9972 1.5244 1.6541 3.8375 -8.3447 1.8647 41.4934 -4.3923 -1.6100
Car -1 -1 -7.0801 470.1171 169.9598 526.8867 194.7616 1.7570 1.7092 4.1825 -8.2207 1.5517 53.3136 -7.2327 -2.3955
Car -1 -1 -3.1278 609.8750 175.7121 654.7882 190.4849 1.4164 1.6126 4.3321 2.1678 1.6987 70.4303 -3.0975 -2.4048
Car -1 -1 -7.8016 710.8233 175.2959 731.1232 192.7448 1.4561 1.5628 3.5816 9.6354 1.6743 62.6577 -7.6501 -2.8082
Car -1 -1 -4.6262 958.8866 173.8884 986.1448 193.7820 1.5976 1.6917 4.2425 30.3611 1.6871 60.4285 -4.1629 -3.5352
Car -1 -1 -4.8790 594.0503 178.0392 617.4522 192.7782 1.3707 1.6394 4.0486 -0.4656 1.8941 70.7412 -4.8859 -3.5586
Car -1 -1 -7.2793 1036.6980 169.7998 1175.5653 225.0953 1.5533 1.6687 3.8131 14.9263 1.4672 21.7818 -6.6852 -3.6250
Car -1 -1 -2.9098 435.0679 163.4970 494.0174 184.9361 1.7241 1.7674 4.4371 -11.8840 0.9714 58.9843 -3.1080 -3.7868
Car -1 -1 -4.4799 911.5944 173.9226 944.0410 193.2390 1.5612 1.6109 4.0696 26.7194 1.6538 60.6596 -4.0671 -3.8777
Car -1 -1 -4.6820 618.7915 178.3987 639.9214 198.9430 1.5517 1.5732 3.7316 1.5403 2.0074 57.4335 -4.6558 -4.2450
Car -1 -1 -6.6471 881.0560 172.4049 1001.0848 209.0850 1.6095 1.8118 4.5992 14.8762 1.5895 32.7018 -6.2240 -4.3892
Car -1 -1 -8.5055 880.3627 160.7378 993.7775 211.5847 1.8182 1.7250 4.3314 12.5468 1.3847 28.1085 -8.0899 -4.3988
Car -1 -1 -4.8791 892.7207 172.6235 921.7484 191.6997 1.5689 1.6372 3.9688 25.2493 1.5496 61.4559 -4.4912 -4.5845
Car -1 -1 -8.9664 0.0000 0.0000 1241.0000 374.0000 1.4691 1.4571 3.2779 3.0958 1.4246 1.1663 -7.8365 -4.5929
Car -1 -1 -4.1091 0.0000 201.2279 168.9618 309.3731 1.3584 1.5548 3.3542 -8.9379 1.8840 11.6656 -4.7521 -4.6115
Car -1 -1 -6.1815 587.4547 179.6976 632.9488 196.0402 1.4973 1.6236 4.1439 0.0172 2.1514 67.9771 -6.1817 -4.6140
Car -1 -1 -9.1886 0.0000 0.0000 1241.0000 374.0000 1.4484 1.4733 3.3312 4.3060 1.3969 1.1679 -7.9449 -5.1990
Car -1 -1 -7.4029 58.3604 200.4077 267.8255 303.1989 1.3466 1.5920 3.5356 -7.3823 1.8842 12.2586 -7.9358 -5.3369
Car -1 -1 -7.9435 1076.7773 179.5471 1145.9866 220.4818 1.3354 1.6781 4.2161 18.2771 1.6020 26.5239 -7.3458 -5.3415
Car -1 -1 -5.0094 958.9266 185.1037 1156.6877 315.5707 1.4953 1.4337 3.2186 6.1138 1.6996 10.3227 -4.4880 -5.3847
Car -1 -1 -4.4134 0.0000 202.7957 149.4030 367.5522 1.4907 1.5147 3.3167 -7.1005 1.9396 9.0071 -5.0669 -5.5115
Car -1 -1 -4.3228 644.7202 176.1455 672.2613 192.5209 1.5641 1.6674 3.1040 4.7984 1.8975 71.3853 -4.2564 -5.7748
Car -1 -1 -5.1983 687.3368 176.7475 750.5551 204.7695 1.4137 1.6804 4.0616 5.8101 1.6369 39.2071 -5.0527 -5.8599
Car -1 -1 -4.7244 815.1127 171.2889 872.7464 219.2014 1.3890 1.6071 3.8774 7.3591 1.3433 23.0056 -4.4190 -5.8867
Car -1 -1 -6.3045 213.2330 152.3449 299.0744 183.7788 1.4660 1.7622 3.6859 -17.3089 0.5092 35.2760 -6.7578 -6.0729
