Car -1 -1 -5.5697 1040.3475 156.6175 1116.4559 185.4244 1.7762 1.6964 3.9780 30.1530 0.7748 46.6359 -4.9988 0.5164
Car -1 -1 -5.2526 117.7694 170.8876 171.1810 191.1014 1.5165 1.6459 4.0067 -36.0067 1.3686 55.7562 -5.8240 -1.8223
Car -1 -1 -5.8812 247.3533 172.1914 309.7965 193.1634 1.5403 1.6984 3.8846 -24.7465 1.4914 53.8962 -6.3100 -2.8301
Car -1 -1 -4.7712 1215.5175 155.2817 1241.0000 180.0083 1.5528 1.7001 4.1376 41.0424 0.4490 47.4718 -4.0613 -3.1651
Car -1 -1 -4.7236 197.1461 177.8275 223.7387 200.6605 1.5489 1.6188 3.5486 -28.6935 1.9186 51.7359 -5.2280 -3.2713
Car -1 -1 -4.7599 1191.8833 158.4039 1237.5710 186.7138 1.4835 1.7256 4.0402 33.3722 0.7260 39.9441 -4.0676 -3.6827
Car -1 -1 -4.4824 153.8110 173.7399 197.6208 198.6052 1.6592 1.6964 4.2664 -30.4169 1.7238 50.5995 -5.0215 -3.7428
Car -1 -1 -4.6950 349.7334 187.7500 422.4750 264.4673 1.5518 1.5040 3.9162 -5.4283 1.9559 17.4962 -4.9923 -3.8288
Car -1 -1 -8.0658 1022.4672 158.2037 1066.9098 185.5877 1.6996 1.6815 3.8643 28.1462 0.7900 46.8828 -7.5280 -3.8911
Car -1 -1 -7.7320 801.6805 147.1019 834.2007 174.5892 1.9350 1.8048 4.2370 15.3080 0.1219 53.0958 -7.4528 -4.1945
Car -1 -1 -3.5303 1127.2542 157.3294 1231.5298 184.4994 1.5656 1.7562 4.5562 33.8219 0.6707 43.0386 -2.8676 -4.2200
Car -1 -1 -8.3735 660.2435 178.0745 724.5138 207.5282 1.4735 1.7476 3.8684 4.3476 1.7706 38.9722 -8.2637 -4.2393
Car -1 -1 -7.3197 1089.3002 151.2942 1154.3541 176.8994 1.6806 1.7393 4.1538 34.7307 0.2652 49.0026 -6.7059 -4.2627
Car -1 -1 -4.7568 1188.3359 158.9917 1222.1907 181.0947 1.4696 1.6178 4.0205 41.2264 0.5476 50.0697 -4.0709 -4.3447
Car -1 -1 -4.5490 703.7651 177.0032 742.7031 204.8091 1.4667 1.6060 3.6124 6.3757 1.7112 40.6128 -4.3949 -4.5347
Car -1 -1 -4.1690 210.0268 175.1076 263.6845 198.4566 1.6214 1.6768 3.9242 -27.1143 1.7914 52.5085 -4.6438 -4.6597
Car -1 -1 -4.6771 998.8384 169.7058 1045.6788 210.3412 1.4738 1.4770 3.5292 16.0234 1.3593 28.0595 -4.1631 -4.6861
Car -1 -1 -4.1245 0.0000 207.3611 61.8353 253.9182 1.5706 1.8183 3.8960 -24.6128 3.0729 29.3869 -4.8174 -4.6946
Car -1 -1 -8.5344 959.3342 161.0604 1028.5746 185.9541 1.5581 1.6991 4.2655 25.1071 0.8196 47.4181 -8.0502 -4.7902
Car -1 -1 -8.4528 1046.4089 149.1012 1123.3735 177.7742 1.8737 1.9294 4.9925 32.5250 0.3212 49.6666 -7.8757 -4.8206
Car -1 -1 -4.2928 556.9810 183.2202 605.2936 210.8188 1.4299 1.5351 3.2143 -1.6169 2.0370 40.4960 -4.3330 -4.8980
Car -1 -1 -4.5825 996.0454 155.5114 1030.7451 179.6646 1.6848 1.7412 3.7097 29.2556 0.4748 52.3406 -4.0753 -5.0098
Car -1 -1 -4.6331 1241.0000 155.6976 1241.0000 178.4309 1.3860 1.6961 4.0345 41.7471 0.3397 45.9926 -3.8992 -5.1293
Car -1 -1 -4.8789 550.9227 165.5046 582.3734 189.4086 1.6185 1.6344 3.5693 -3.1158 1.1206 50.7756 -4.9401 -5.1610
Car -1 -1 -5.1504 1222.1112 150.6186 1241.0000 184.9471 1.6469 1.6401 4.1070 33.2569 0.5798 36.8173 -4.4197 -5.1789
Car -1 -1 -4.3337 308.2205 167.0503 351.3203 190.5843 1.6882 1.6806 3.8541 -20.8258 1.2716 53.6945 -4.7023 -5.2293
Car -1 -1 -4.3026 77.8811 169.7891 134.9617 193.7425 1.7113 1.7291 4.8022 -37.6681 1.4920 54.0729 -4.9089 -5.3108
Car -1 -1 -4.9704 1169.4445 148.1655 1224.4537 177.7898 1.8282 1.7035 4.3281 37.9903 0.3043 46.8517 -4.2921 -5.3272
Car -1 -1 -8.1892 1098.7714 167.6777 1186.5150 208.3780 1.4681 1.6206 3.5843 20.4890 1.2811 27.9768 -7.5623 -5.3752
Car -1 -1 -4.8801 675.9929 166.2502 712.4977 192.3077 1.7293 1.8537 4.0130 5.7497 1.2908 49.9388 -4.7665 -5.4137
Car -1 -1 -4.0368 0.0000 198.7138 105.5809 242.9461 1.5254 1.6475 4.4278 -23.2138 2.6698 29.7141 -4.6958 -5.4762
Car -1 -1 -4.7162 450.4278 185.0965 488.8026 219.8505 1.6090 1.8387 4.3580 -7.3128 2.2818 37.3538 -4.9087 -5.4828
Car -1 -1 -8.5690 1211.6097 162.1165 1241.0000 232.7287 1.4372 1.7762 4.5241 16.8037 1.2184 16.9940 -7.7980 -5.5411
Car -1 -1 -4.5488 281.7743 176.0278 312.5456 197.5008 1.5883 1.5814 3.8607 -24.2830 1.8436 56.0436 -4.9562 -5.6372
Car -1 -1 -8.1420 1124.7140 162.7010 1185.2206 192.1000 1.5536 1.6685 3.7659 30.2284 1.0168 40.1863 -7.5008 -5.6633
Car -1 -1 -4.0302 411.1322 183.0988 504.7690 224.3056 1.5967 1.7475 4.1503 -6.5493 2.0729 31.3188 -4.2352 -5.6647
Car -1 -1 -7.5095 820.0549 176.7550 896.7640 217.7401 1.4682 1.6663 3.7950 9.7263 1.6314 28.2328 -7.1815 -5.6976
Car -1 -1 -4.5485 0.0000 187.2694 0.0000 215.1426 1.6040 1.6870 4.2258 -41.2933 2.5688 46.0710 -5.2765 -5.7577
Car -1 -1 -7.9297 552.7386 156.5044 580.2977 181.0784 1.7757 1.7359 4.4740 -3.3516 0.5940 54.4719 -7.9910 -5.8297
Car -1 -1 -6.8388 0.0000 0.0000 1241.0000 374.0000 1.5448 1.5894 3.8040 -2.5162 1.6402 0.9964 -7.9397 -5.8867
Car -1 -1 -4.6133 49.1334 176.6571 82.8339 196.7337 1.4500 1.6540 4.0581 -41.5184 1.7515 55.0957 -5.2569 -5.8867
Car -1 -1 -8.9992 0.0000 0.0000 1241.0000 374.0000 1.5367 1.5885 3.8039 2.3074 1.5543 0.9969 -7.9398 -5.8867
Car -1 -1 -4.8929 1241.0000 154.4022 1241.0000 179.1765 1.3810 1.6409 4.0436 41.4620 0.3521 42.3572 -4.1217 -5.8867
Car -1 -1 -4.5753 11.4076 181.5642 50.6203 204.3563 1.5192 1.6568 4.0248 -41.6117 2.1713 51.8918 -5.2488 -5.8867
Car -1 -1 -3.4939 0.0000 193.5273 0.0000 374.0000 1.5033 1.6052 3.9580 -6.2786 1.6210 2.1307 -4.6977 -5.8867
Car -1 -1 -5.9098 0.0000 0.0000 1241.0000 374.0000 1.5017 1.6053 3.9583 5.3708 1.4863 1.7178 -4.6976 -5.8867
Car -1 -1 -4.4883 0.0000 183.5118 0.0000 211.7564 1.5358 1.6661 4.0499 -41.5855 2.2031 43.0317 -5.2536 -5.8867
Car -1 -1 -3.5141 0.0000 200.0771 0.0000 374.0000 1.5181 1.6082 3.9613 -7.8859 1.7037 2.9340 -4.6976 -5.8867
Car -1 -1 -7.3170 149.3712 0.0000 1241.0000 374.0000 1.5423 1.5897 3.8046 -0.9083 1.6104 0.9966 -7.9397 -5.8867
Car -1 -1 -8.4290 0.0000 0.0000 948.5820 374.0000 1.5406 1.5900 3.8049 0.6996 1.5847 0.9966 -7.9398 -5.8867
Car -1 -1 -4.6154 75.6549 176.7499 106.9412 195.8286 1.4516 1.6500 4.0411 -41.6341 1.7758 57.9429 -5.2365 -5.8867
Car -1 -1 -4.5301 0.0000 185.3809 15.0327 209.6587 1.4895 1.6492 4.0389 -41.6440 2.3716 48.6609 -5.2354 -5.8867
Car -1 -1 -8.4376 1241.0000 155.5173 1241.0000 374.0000 1.3817 1.5668 3.8727 8.2466 1.2899 5.8957 -7.5109 -5.8868
Car -1 -1 -5.6021 1241.0000 155.7893 1241.0000 221.0923 1.3660 1.6511 4.5161 18.2870 1.0087 17.4149 -4.8008 -5.8916
Car -1 -1 -8.4347 1241.0000 156.0909 1241.0000 305.5421 1.3656 1.5764 3.9426 10.6552 1.2121 8.7071 -7.5656 -5.9753
Car -1 -1 -5.4572 1218.8965 156.1851 1241.0000 182.9189 1.4723 1.5561 4.3203 37.9490 0.5540 41.9070 -4.7249 -6.0710
Car -1 -1 -4.8961 630.2414 180.2397 672.6863 211.0370 1.5622 1.6160 3.9781 2.1870 1.9893 39.6730 -4.8421 -6.0794
Car -1 -1 -4.6581 370.4935 186.0702 422.7330 231.7572 1.6264 1.7926 4.5382 -8.6797 2.2105 29.4952 -4.9424 -6.1561
Car -1 -1 -7.1756 1226.6262 164.9703 1241.0000 245.2171 1.4571 1.6547 4.4293 14.8333 1.3136 14.1316 -6.3766 -6.1674
Car -1 -1 -5.1566 1195.7455 159.3292 1241.0000 182.7967 1.3405 1.6129 2.7566 36.3498 0.5676 42.7527 -4.4554 -6.7170
