Car -1 -1 -4.2177 0.0000 196.6543 319.1852 362.1184 1.4494 1.7546 4.7455 -5.6165 1.8386 9.4097 -4.7440 7.4187
Car -1 -1 -6.8329 255.4002 171.6927 312.7044 192.5173 1.5239 1.6425 3.6428 -24.7288 1.4387 54.7693 -7.2554 -0.4736
Car -1 -1 -4.8587 207.2344 173.6676 243.6650 197.0540 1.5709 1.6708 4.2107 -27.1412 1.6304 50.8102 -5.3473 -1.3609
Car -1 -1 -6.4045 1036.2294 156.1507 1116.2579 184.2000 1.7710 1.7501 4.2140 30.4097 0.7161 47.2582 -5.8356 -2.6323
Car -1 -1 -4.6713 142.0701 169.2116 170.0057 191.3680 1.6489 1.6616 3.9679 -35.1136 1.3775 55.8315 -5.2307 -2.8616
Car -1 -1 -4.6531 309.2791 170.5455 336.7921 192.6903 1.5681 1.6548 3.8641 -21.1431 1.4044 53.1876 -5.0300 -2.8735
Car -1 -1 -3.6146 1181.3663 154.7909 1241.0000 179.2841 1.5106 1.6410 3.8231 38.8326 0.3963 45.7326 -2.9138 -3.3837
Car -1 -1 -3.1582 657.6583 172.2576 716.5883 196.2823 1.5486 1.6757 3.7911 5.0220 1.5099 47.5108 -3.0540 -3.4901
Car -1 -1 -4.9284 698.8743 166.3445 732.2108 189.6580 1.5582 1.5799 3.4187 7.2422 1.1228 49.9877 -4.7856 -3.5285
Car -1 -1 -4.7512 1181.7817 158.7334 1216.9565 182.7819 1.5952 1.7097 4.1988 40.8010 0.6582 50.0549 -4.0703 -3.6268
Car -1 -1 -4.6437 951.6293 154.7403 984.4595 179.7259 1.6636 1.7634 4.4815 25.0235 0.4573 50.4225 -4.1854 -3.7556
Car -1 -1 -7.5328 329.7632 161.4174 374.9453 186.3750 1.7777 1.8476 4.4507 -19.1117 0.9628 53.6367 -7.8737 -3.9615
Car -1 -1 -7.6986 285.2259 170.5824 319.3867 193.4157 1.6180 1.7118 4.0381 -22.7057 1.4567 53.2954 -8.0997 -4.1140
Car -1 -1 -6.4002 136.5739 176.6743 214.5482 203.2651 1.7354 1.7490 4.4329 -29.9344 2.0092 49.7230 -6.9400 -4.2988
Car -1 -1 -6.7666 1156.8354 173.7521 1241.0000 252.5880 1.4417 1.5322 3.2212 13.0619 1.4607 14.3540 -6.0388 -4.4912
Car -1 -1 -4.4152 261.9213 172.3033 301.2343 194.6882 1.5826 1.6476 3.5638 -24.0512 1.5434 52.8864 -4.8404 -4.6692
Car -1 -1 -4.9647 379.1904 177.8312 423.0539 205.2369 1.6908 1.7657 4.2831 -13.8667 2.0349 47.6399 -5.2468 -4.8299
Car -1 -1 -4.8816 1194.1731 157.0644 1241.0000 185.4261 1.5006 1.5044 3.2749 33.6045 0.6649 39.9703 -4.1862 -4.8603
Car -1 -1 -4.1266 679.4244 176.2318 739.9628 204.3768 1.4696 1.5176 3.7396 5.5319 1.6656 40.0365 -3.9908 -4.8664
Car -1 -1 -6.7544 990.4019 157.2314 1063.8063 181.4239 1.6922 1.7715 4.1842 29.6655 0.5991 51.4577 -6.2340 -4.9181
Car -1 -1 -4.7218 1214.3676 156.2863 1241.0000 180.1001 1.5101 1.7023 4.1517 41.1927 0.4592 47.8914 -4.0145 -4.9249
Car -1 -1 -5.1465 1225.7852 154.1296 1241.0000 188.0778 1.6245 1.7108 4.5376 33.7029 0.7282 36.9470 -4.4110 -4.9448
Car -1 -1 -5.0124 639.4910 178.9447 692.7302 206.7422 1.4026 1.7112 4.2939 2.9785 1.7566 39.6911 -4.9386 -5.1114
Car -1 -1 -4.9713 1066.3358 162.1311 1151.0391 201.2902 1.4244 1.7138 4.1361 19.5090 1.0341 28.4816 -4.3758 -5.1416
Car -1 -1 -4.3162 79.0107 175.5502 135.2981 197.9597 1.5574 1.8034 4.4737 -36.9384 1.7644 53.0935 -4.9218 -5.1435
Car -1 -1 -7.9215 1115.6167 149.2112 1150.6012 175.7015 1.7668 1.6807 4.1731 36.4113 0.1896 50.3404 -7.2980 -5.1861
Car -1 -1 -4.6078 84.7198 201.6826 129.9720 235.1873 1.3883 1.4447 3.2732 -24.1913 2.8475 34.7470 -5.2126 -5.2601
Car -1 -1 -4.6759 58.3548 189.5989 195.1628 299.1411 1.4161 1.6501 4.4053 -8.1462 1.7561 12.3497 -5.2494 -5.3285
Car -1 -1 -4.2474 293.0735 191.4051 343.2247 216.7848 1.4131 1.4634 3.4836 -18.0156 2.6056 44.5972 -4.6296 -5.5087
Car -1 -1 -7.8537 340.4665 183.6916 418.7840 262.6483 1.6593 1.6599 4.3320 -5.8176 1.9659 18.1147 -8.1609 -5.5764
Car -1 -1 -4.2915 434.7225 183.9466 511.4088 225.0518 1.6641 1.8578 4.1878 -6.1474 2.2008 32.6789 -4.4765 -5.6910
Car -1 -1 -6.9295 1229.6553 148.3671 1241.0000 195.5207 1.5347 1.6289 4.2344 23.9524 0.7374 24.5481 -6.1624 -5.7788
Car -1 -1 -4.5899 0.0000 186.7548 0.0000 213.4882 1.5286 1.6349 4.2071 -41.2627 2.4515 45.7298 -5.3213 -5.7828
Car -1 -1 -4.4239 65.8342 194.1499 221.4906 282.4210 1.4957 1.6595 4.0747 -9.8124 2.0164 15.4652 -4.9818 -5.8315
Car -1 -1 -4.5108 0.0000 185.5553 11.3860 211.5936 1.5857 1.6968 4.0875 -41.6614 2.4741 48.2843 -5.2201 -5.8452
Car -1 -1 -4.6244 132.2508 186.1999 224.0047 253.8935 1.4559 1.6390 4.1151 -11.0435 1.8406 18.6004 -5.1542 -5.8534
Car -1 -1 -4.5176 0.0000 183.7246 0.0000 211.9142 1.5494 1.6667 4.0268 -41.5618 2.2362 43.4600 -5.2777 -5.8867
Car -1 -1 -3.5475 0.0000 198.3320 0.0000 374.0000 1.5207 1.6136 3.9640 -6.2784 1.6801 2.5281 -4.6975 -5.8867
Car -1 -1 -3.5140 0.0000 206.1664 0.0000 374.0000 1.5369 1.6148 3.9684 -7.8858 1.7641 2.9327 -4.6976 -5.8867
Car -1 -1 -4.5721 6.7070 182.6733 46.3232 205.3423 1.4920 1.6454 4.0109 -41.6097 2.2215 51.4894 -5.2494 -5.8867
Car -1 -1 -8.6433 0.0000 0.0000 1048.6521 374.0000 1.5395 1.5880 3.8027 1.1139 1.5805 1.0045 -7.9392 -5.8867
Car -1 -1 -7.1464 51.8934 0.0000 1241.0000 374.0000 1.5450 1.5887 3.8038 -1.2975 1.6280 1.0041 -7.9391 -5.8867
Car -1 -1 -6.7850 0.0000 0.0000 1241.0000 374.0000 1.5487 1.5886 3.8042 -2.9049 1.6619 1.0037 -7.9389 -5.8867
Car -1 -1 -8.5397 1241.0000 147.5571 1241.0000 374.0000 1.4179 1.5856 3.9165 8.6436 1.2702 6.2938 -7.6204 -5.9756
Car -1 -1 -4.8553 1241.0000 156.4435 1241.0000 180.4457 1.4056 1.6810 4.1179 41.4634 0.4443 44.4263 -4.1077 -6.0209
Car -1 -1 -7.2064 183.6982 182.2699 318.7053 238.8875 1.5427 1.6763 4.0034 -11.0653 1.8637 22.4937 -7.6593 -6.0615
Car -1 -1 -7.0969 1222.5155 167.2653 1241.0000 244.2722 1.5817 1.6957 4.4880 16.2301 1.4666 15.7172 -6.3051 -6.1337
Car -1 -1 -4.5712 139.3175 185.4983 223.1013 240.8179 1.4081 1.5732 3.9851 -12.6936 1.8218 21.4866 -5.0996 -6.1396
Car -1 -1 -7.1682 1223.5280 171.6427 1241.0000 291.4857 1.4591 1.6336 4.2904 10.9872 1.4441 9.7156 -6.3368 -6.1403
Car -1 -1 -5.1630 1201.4095 151.5523 1241.0000 186.9593 1.7317 1.4945 3.7450 32.4068 0.6896 37.2905 -4.4515 -6.8223
Car -1 -1 -7.4772 1210.5276 158.1284 1241.0000 182.2506 1.3910 1.5426 3.9112 37.8242 0.5416 43.1919 -6.7614 -8.6484
