Car -1 -1 -4.6823 953.8686 155.6918 983.5477 179.7665 1.5993 1.7345 4.2398 24.9608 0.4589 50.2111 -4.2234 -1.7559
Car -1 -1 -7.5020 326.8073 167.9897 370.1623 191.4538 1.6734 1.6968 4.1407 -19.3707 1.3262 53.5348 -7.8478 -2.3159
Car -1 -1 -5.2500 127.1789 171.3115 179.9898 192.7752 1.5897 1.6717 3.8538 -34.8612 1.4751 55.0588 -5.8125 -2.5368
Car -1 -1 -6.2889 1039.4661 158.4837 1112.1826 186.1990 1.7441 1.7439 3.9324 30.3698 0.8395 47.1919 -5.7201 -2.7500
Car -1 -1 -3.8113 947.7463 162.7033 1023.5434 188.5294 1.6198 1.6924 4.1904 24.1458 0.9828 46.4872 -3.3350 -2.7542
Car -1 -1 -6.1384 257.1393 172.2022 311.3742 192.8186 1.5109 1.6451 3.5084 -24.4286 1.4629 54.1519 -6.5605 -2.9679
Car -1 -1 -7.5516 203.2161 175.8373 246.6817 198.2635 1.4997 1.6285 3.8312 -27.0920 1.7179 50.8234 -8.0394 -2.9956
Car -1 -1 -7.8997 595.1906 159.9412 621.6554 184.2688 1.7204 1.7494 4.2654 -0.1842 0.8069 53.1979 -7.9033 -3.2010
Car -1 -1 -2.0385 281.8492 190.8126 337.8343 220.8017 1.4726 1.5793 3.0636 -16.2528 2.4812 38.9399 -2.4319 -3.3750
Car -1 -1 -4.8967 700.4000 165.6082 733.2964 190.0932 1.6302 1.6052 3.6064 7.3136 1.1475 49.8746 -4.7522 -3.6345
Car -1 -1 -4.1487 1195.8862 156.1272 1241.0000 180.7298 1.5684 1.7622 3.9074 40.8102 0.5018 47.4153 -3.4411 -3.9230
Car -1 -1 -4.7550 1186.2632 158.9961 1220.0614 181.2869 1.4873 1.6364 3.8545 41.1708 0.5624 50.1775 -4.0708 -4.0022
Car -1 -1 -5.7161 1138.6572 152.6319 1227.2875 178.5152 1.6149 1.7630 4.2676 37.4392 0.3529 47.3219 -5.0498 -4.0084
Car -1 -1 -2.8791 650.9862 175.8363 717.5121 207.6271 1.6608 1.6371 3.2939 4.0139 1.8285 39.2964 -2.7786 -4.0832
Car -1 -1 -2.8781 776.9782 151.4409 835.8574 178.2585 1.8842 1.7267 3.8086 14.2251 0.3794 52.3981 -2.6145 -4.1414
Car -1 -1 -3.8259 1216.8325 156.5309 1241.0000 179.9447 1.4646 1.6672 3.6149 41.2267 0.4432 46.0445 -3.0988 -4.1951
Car -1 -1 -6.9540 1060.9116 153.6130 1152.3362 178.6364 1.6291 1.8996 4.9087 33.0245 0.3762 48.0995 -6.3552 -4.3290
Car -1 -1 -4.9677 1126.5181 154.1458 1178.9164 178.9335 1.5526 1.7841 3.9829 35.5210 0.3805 47.3743 -4.3273 -4.4581
Car -1 -1 -4.1110 0.0000 207.5021 61.0446 254.5635 1.5855 1.8136 3.9205 -24.6372 3.0920 29.3423 -4.8052 -4.5032
Car -1 -1 -4.0125 982.9243 157.4033 1045.8022 181.6719 1.6848 1.8344 3.9255 28.9065 0.6119 51.6472 -3.5048 -4.5238
Car -1 -1 -4.9010 1193.6792 158.3309 1241.0000 185.6772 1.4457 1.4907 3.1718 33.5308 0.6776 39.8932 -4.2057 -4.6555
Car -1 -1 -4.7087 343.4707 185.8946 421.7647 264.0204 1.5806 1.6073 3.8476 -5.5004 1.9317 17.3657 -5.0117 -4.6609
Car -1 -1 -4.2838 551.3142 182.7022 608.3146 210.7217 1.4364 1.6958 4.0221 -1.6793 2.0215 40.7060 -4.3253 -4.8994
Car -1 -1 -4.8807 545.7999 163.4561 579.5439 187.9115 1.6527 1.7359 3.9131 -3.4074 1.0173 50.8662 -4.9475 -5.0041
Car -1 -1 -4.7915 284.9763 171.3667 320.9442 200.7797 1.8996 1.9360 3.8969 -20.8199 1.8033 48.7752 -5.1933 -5.0056
Car -1 -1 -4.9622 1066.6616 162.0038 1150.9197 201.3460 1.4303 1.7238 4.1685 19.5147 1.0355 28.4846 -4.3665 -5.1459
Car -1 -1 -4.4934 148.9548 177.3168 189.8114 201.7130 1.6065 1.6187 3.9068 -30.7468 1.9310 50.3962 -5.0391 -5.2738
Car -1 -1 -4.6192 675.4728 165.6595 705.4258 190.5325 1.6504 1.7057 3.9748 5.5794 1.1727 49.9943 -4.5090 -5.4319
Car -1 -1 -8.1642 679.7673 176.2241 730.4652 207.4265 1.4956 1.4796 3.7799 4.7784 1.6774 37.0077 -8.0373 -5.4380
Car -1 -1 -4.0533 0.0000 198.7919 104.8105 242.7969 1.5222 1.6483 4.3817 -23.2190 2.6695 29.7330 -4.7121 -5.4572
Car -1 -1 -2.6324 75.8424 193.8773 211.0487 243.9616 1.4653 1.4919 3.2530 -14.6187 2.1496 22.6551 -3.2003 -5.5154
Car -1 -1 -9.0414 1216.3965 154.1683 1241.0000 186.9537 1.6041 1.7164 4.1220 34.4197 0.6896 37.5323 -8.3031 -5.5661
Car -1 -1 -4.5690 0.0000 189.5768 0.0000 215.7817 1.4870 1.6622 4.3415 -41.2836 2.6080 46.1097 -5.2965 -5.6049
Car -1 -1 -8.2288 1234.4619 162.4298 1241.0000 230.8813 1.4206 1.7740 4.3509 16.9659 1.2040 17.3236 -7.4625 -5.6960
Car -1 -1 -4.2921 434.8451 183.7828 511.1655 224.7315 1.6533 1.8234 4.2081 -6.1342 2.1809 32.5964 -4.4772 -5.7019
Car -1 -1 -4.5111 360.2968 185.9429 429.5042 230.7903 1.5927 1.8012 4.6096 -8.6896 2.1685 29.3821 -4.7967 -5.8725
Car -1 -1 -5.4315 1203.0383 152.4804 1241.0000 187.2242 1.6579 1.7483 4.3845 32.7326 0.6854 36.6271 -4.7063 -5.8809
Car -1 -1 -7.8472 0.0000 0.0000 1110.4316 374.0000 1.5418 1.5900 3.8051 -0.1043 1.5981 0.9967 -7.9398 -5.8867
Car -1 -1 -8.9126 0.0000 0.0000 1241.0000 374.0000 1.5383 1.5869 3.8024 1.9181 1.5687 1.0052 -7.9392 -5.8867
Car -1 -1 -4.6029 51.9064 177.5553 85.8837 197.8048 1.4695 1.6532 4.0397 -41.6182 1.8451 55.5260 -5.2440 -5.8867
Car -1 -1 -4.5156 0.0000 186.1461 0.0000 214.6878 1.5539 1.6745 4.0491 -41.5406 2.3939 43.4526 -5.2756 -5.8867
Car -1 -1 -3.5477 0.0000 194.3863 0.0000 374.0000 1.5078 1.6062 3.9587 -6.2773 1.6425 2.5305 -4.6974 -5.8867
Car -1 -1 -4.8794 1241.0000 156.7893 1241.0000 181.1816 1.4010 1.6432 4.0297 41.4697 0.4780 43.5732 -4.1221 -5.8867
Car -1 -1 -5.9535 0.0000 0.0000 1241.0000 374.0000 1.5042 1.6067 3.9583 6.1748 1.4870 1.7169 -4.6976 -5.8867
Car -1 -1 -6.7850 0.0000 0.0000 1241.0000 374.0000 1.5491 1.5888 3.8043 -2.9049 1.6630 1.0037 -7.9389 -5.8867
Car -1 -1 -4.5754 11.4344 181.4134 50.5959 204.0986 1.5128 1.6546 4.0243 -41.6119 2.1536 51.8920 -5.2489 -5.8867
Car -1 -1 -4.4454 0.0000 183.7312 0.0000 214.6391 1.5485 1.6621 4.0250 -41.6120 2.1810 39.8206 -5.2495 -5.8867
Car -1 -1 -3.5141 0.0000 199.4953 0.0000 374.0000 1.5166 1.6078 3.9609 -7.8859 1.6982 2.9341 -4.6976 -5.8867
Car -1 -1 -4.7866 1164.6875 164.5810 1199.1177 185.3848 1.4498 1.6496 4.0214 41.4621 0.8730 52.4126 -4.1202 -5.8867
Car -1 -1 -4.5545 0.0000 183.7549 24.3678 208.0665 1.5296 1.6566 4.0158 -41.6087 2.3092 49.4722 -5.2513 -5.8867
Car -1 -1 -8.4243 1241.0000 155.2718 1241.0000 374.0000 1.3868 1.5739 3.8257 8.2452 1.2940 5.8641 -7.4953 -5.8912
Car -1 -1 -8.5378 1241.0000 153.0805 1241.0000 332.9982 1.4251 1.5828 3.9490 10.2827 1.2681 7.8143 -7.6350 -5.9100
Car -1 -1 -4.9848 627.3855 179.0497 675.7536 209.1478 1.5302 1.6152 4.0457 2.1901 1.8894 39.7187 -4.9307 -5.9765
Car -1 -1 -7.2480 1237.3365 171.9129 1241.0000 284.9584 1.4095 1.6179 4.2469 11.3727 1.3975 10.0818 -6.4172 -6.1137
Car -1 -1 -6.8620 1209.8097 156.8306 1241.0000 180.6478 1.3555 1.5381 3.6448 37.4961 0.4433 42.0887 -6.1377 -6.6123
