Car -1 -1 -6.3055 257.1986 171.0084 312.5306 191.8073 1.5226 1.6703 3.7512 -24.5233 1.3872 54.3828 -6.7275 -0.5321
Car -1 -1 -2.2866 119.8011 170.8752 179.2127 191.7089 1.5581 1.6666 3.9404 -35.3254 1.4098 55.3216 -2.8529 -0.5449
Car -1 -1 -5.0666 1021.4754 155.1545 1073.4657 181.3739 1.7104 1.7436 3.9767 29.7121 0.5555 49.1841 -4.5259 -3.4532
Car -1 -1 -2.0132 115.7559 179.2717 170.7684 203.7894 1.5832 1.6388 3.9119 -31.8876 2.0361 49.2261 -2.5857 -3.5739
Car -1 -1 -7.6015 333.0005 161.7400 373.3314 186.9674 1.7979 1.8036 4.2977 -19.0616 1.0055 53.6425 -7.9415 -3.6336
Car -1 -1 -4.7090 1188.9841 159.9275 1220.2191 182.0924 1.4662 1.6112 3.9475 40.9670 0.6108 49.7661 -4.0232 -3.7044
Car -1 -1 -7.9914 680.4292 166.9452 711.0537 190.9491 1.6929 1.6765 4.0856 6.2192 1.2759 52.9490 -7.8754 -3.7275
Car -1 -1 -7.8262 955.1608 153.2190 985.9133 178.9764 1.7028 1.7999 4.3183 24.9980 0.4044 50.0281 -7.3652 -3.7736
Car -1 -1 -5.2190 590.1093 167.3580 639.6913 194.0111 1.7078 1.6615 3.8340 0.2514 1.3553 48.3130 -5.2142 -4.3577
Car -1 -1 -4.4668 1184.7217 156.2718 1234.7567 179.0065 1.4095 1.6628 3.6042 38.6082 0.3811 46.4730 -3.7767 -4.4132
Car -1 -1 -3.7321 1125.7673 157.5193 1227.2673 184.2754 1.5632 1.7751 4.5696 33.8089 0.6670 43.1995 -3.0714 -4.4230
Car -1 -1 -2.6971 638.7759 177.5978 711.1669 207.6024 1.5599 1.5834 3.6304 3.5178 1.8306 39.6207 -2.6097 -4.4459
Car -1 -1 -3.6755 1160.2488 173.0208 1241.0000 252.0509 1.4462 1.6119 3.3001 13.1813 1.4495 14.3254 -2.9422 -4.4833
Car -1 -1 -4.5425 1223.3961 159.6261 1241.0000 180.6981 1.3147 1.7619 3.7868 41.4260 0.4891 46.8927 -3.8221 -4.5413
Car -1 -1 -7.9171 589.9039 179.9979 622.6271 210.1328 1.5796 1.6011 3.6993 -0.2882 2.0004 40.6249 -7.9248 -4.7006
Car -1 -1 -7.4680 282.5048 169.3107 330.1634 194.6343 1.7909 1.7556 4.2648 -22.3357 1.5400 53.1692 -7.8641 -4.7195
Car -1 -1 -5.8127 214.6888 176.0632 290.2388 199.0517 1.5994 1.7324 4.5256 -25.4295 1.8315 51.3451 -6.2707 -4.7232
Car -1 -1 -8.7303 1071.0802 147.3172 1148.0208 173.7713 1.7706 1.7452 4.3099 34.9060 0.0611 50.6039 -8.1291 -4.8484
Car -1 -1 -3.4383 0.0000 192.0788 103.9266 256.8306 1.5315 1.6325 4.1655 -17.1963 2.1371 20.5524 -4.1288 -4.8586
Car -1 -1 -5.1251 671.4354 166.2201 715.9401 190.0083 1.5870 1.6234 3.9462 5.7473 1.1441 50.2608 -5.0122 -4.9220
Car -1 -1 -6.9675 987.3291 153.3798 1062.3718 178.5603 1.7551 1.8496 4.4980 29.5951 0.3974 51.5762 -6.4491 -4.9664
Car -1 -1 -4.3894 81.7067 175.3280 134.4781 198.2607 1.5933 1.8068 4.6262 -36.9019 1.7837 53.1371 -4.9943 -5.1041
Car -1 -1 -4.8114 986.2412 167.2989 1039.3829 206.8973 1.4555 1.4560 3.5575 15.7634 1.2510 28.4433 -4.3101 -5.1403
Car -1 -1 -4.4605 201.7926 175.2596 242.3946 199.8832 1.7083 1.7671 3.5263 -28.1224 1.8889 52.3543 -4.9515 -5.1769
Car -1 -1 -8.2520 937.0574 167.9060 1016.3475 207.3192 1.4772 1.5084 3.6547 14.5479 1.2915 28.9149 -7.7903 -5.1899
Car -1 -1 -5.1460 0.0000 181.2924 40.5355 211.6840 1.8969 1.5896 3.6846 -39.3767 2.4685 47.3883 -5.8367 -5.2581
Car -1 -1 -7.8655 349.2945 182.5114 428.8318 258.5508 1.6812 1.7724 4.3108 -5.8391 1.9645 18.8654 -8.1624 -5.4745
Car -1 -1 -5.5592 1234.2726 151.6225 1241.0000 180.5374 1.4096 1.6101 3.9422 34.7857 0.3743 37.2167 -4.8115 -5.5814
Car -1 -1 -8.1519 1241.0000 162.2884 1241.0000 228.8017 1.3891 1.7260 4.2631 17.0288 1.1681 17.3604 -7.3848 -5.6302
Car -1 -1 -8.1105 1106.9673 160.9345 1196.8124 202.4904 1.4727 1.7314 4.1772 20.7157 1.0500 27.8309 -7.4759 -5.6540
Car -1 -1 -4.8118 1198.3145 152.2414 1241.0000 183.6331 1.6649 1.5283 3.1859 33.7504 0.5714 40.0157 -4.1148 -5.6847
Car -1 -1 -5.2059 1202.4595 153.4872 1241.0000 186.6003 1.6256 1.5701 3.3720 32.4294 0.6745 37.2381 -4.4933 -5.6985
Car -1 -1 -4.1946 416.6368 183.5606 502.7559 224.9809 1.6168 1.7234 4.4646 -6.5542 2.1237 31.7898 -4.3968 -5.7112
Car -1 -1 -8.0333 1071.4778 160.3210 1144.3695 201.2630 1.4946 1.5522 4.6219 19.6854 1.0368 28.7682 -7.4381 -5.7288
Car -1 -1 -6.8601 1224.0140 147.3861 1241.0000 196.3604 1.5813 1.6808 4.3942 23.8866 0.7587 24.5354 -6.0941 -5.7950
Car -1 -1 -4.5927 0.0000 187.3792 0.0000 213.4534 1.4893 1.5976 4.0917 -41.3383 2.4524 45.7228 -5.3250 -5.8591
Car -1 -1 -4.7086 367.3185 186.6353 415.6259 230.4623 1.5700 1.7702 4.5273 -9.0478 2.1849 29.7918 -5.0014 -5.8828
Car -1 -1 -3.5751 0.0000 198.4229 0.0000 374.0000 1.5195 1.6079 3.9623 -6.6814 1.6937 2.9331 -4.6975 -5.8867
Car -1 -1 -4.4886 0.0000 184.1074 0.0000 212.7342 1.5547 1.6672 4.0313 -41.6042 2.2593 43.0390 -5.2541 -5.8867
Car -1 -1 -5.8530 0.0000 0.0000 1241.0000 374.0000 1.5002 1.6046 3.9586 4.5667 1.4882 1.7186 -4.6976 -5.8867
Car -1 -1 -4.5099 0.0000 184.8439 10.6902 209.5652 1.5064 1.6583 4.0650 -41.6649 2.3443 48.2610 -5.2195 -5.8867
Car -1 -1 -4.7860 1164.6730 164.1749 1199.0834 184.9498 1.4478 1.6507 4.0229 41.4613 0.8427 52.4138 -4.1196 -5.8867
Car -1 -1 -9.0636 0.0000 0.0000 1241.0000 374.0000 1.5367 1.5841 3.8013 2.7229 1.5591 1.0063 -7.9391 -5.8867
Car -1 -1 -8.0595 0.0000 0.0000 1083.9116 374.0000 1.4855 1.5948 3.8423 0.3252 1.5068 1.3735 -7.8745 -5.8867
Car -1 -1 -4.6019 51.8921 176.2237 85.8946 196.0828 1.4487 1.6509 4.0416 -41.6211 1.7178 55.5298 -5.2430 -5.8867
Car -1 -1 -6.8389 0.0000 0.0000 1241.0000 374.0000 1.5449 1.5894 3.8041 -2.5162 1.6402 0.9964 -7.9397 -5.8867
Car -1 -1 -5.9535 0.0000 0.0000 1241.0000 374.0000 1.4993 1.6047 3.9565 6.1747 1.4710 1.7173 -4.6976 -5.8867
Car -1 -1 -4.5753 11.4170 181.3822 50.6087 204.0686 1.5130 1.6558 4.0242 -41.6121 2.1515 51.8921 -5.2488 -5.8867
Car -1 -1 -4.8876 1241.0000 158.6503 1241.0000 183.0186 1.3860 1.6306 4.0056 41.4576 0.5778 43.1571 -4.1257 -5.8867
Car -1 -1 -8.4182 1241.0000 156.7616 1241.0000 374.0000 1.3755 1.5669 3.8769 8.2493 1.2906 5.8850 -7.4905 -5.8945
Car -1 -1 -8.5526 1241.0000 150.8886 1241.0000 338.8597 1.4103 1.5769 3.9298 9.8753 1.2452 7.4974 -7.6500 -5.9638
Car -1 -1 -4.6067 282.5576 179.3076 314.7014 203.0816 1.5117 1.6421 3.3886 -21.0296 1.9641 48.7529 -5.0123 -6.0108
Car -1 -1 -7.1158 1222.5096 178.8808 1241.0000 294.3333 1.4098 1.6007 4.1587 10.9357 1.4973 9.7014 -6.2860 -6.0869
Car -1 -1 -8.6039 1241.0000 156.4077 1241.0000 219.8104 1.4624 1.6739 4.2947 19.1337 1.0828 18.8189 -7.8181 -6.1909
