Car -1 -1 -5.6166 1038.4888 159.2808 1115.2432 186.4651 1.6767 1.6713 3.9781 30.0703 0.8392 46.6573 -5.0471 0.5274
Car -1 -1 -4.6611 953.6266 155.7384 984.6519 179.5979 1.5853 1.7286 4.2627 24.9969 0.4478 50.2218 -4.2017 -2.1639
Car -1 -1 -7.5193 327.3598 167.6825 369.7195 190.8109 1.6511 1.6901 4.1323 -19.3854 1.2816 53.5836 -7.8651 -2.3540
Car -1 -1 -7.8435 143.3788 171.6103 169.5650 192.0252 1.5110 1.6548 3.9784 -34.8984 1.4187 55.5343 -8.4026 -2.7282
Car -1 -1 -5.0354 1182.2465 162.0993 1241.0000 190.3005 1.4892 1.6455 3.6519 33.4633 0.9210 40.1016 -4.3437 -2.8150
Car -1 -1 -7.7021 122.6794 171.4819 156.9110 191.7635 1.5208 1.6412 4.0186 -36.6479 1.4176 56.2732 -8.2773 -3.1042
Car -1 -1 -6.1378 257.6236 172.0404 311.9927 192.7662 1.5189 1.6480 3.5177 -24.3864 1.4590 54.1506 -6.5593 -3.1081
Car -1 -1 -7.5307 202.8381 176.2978 246.7357 198.6897 1.4980 1.6113 3.7686 -27.1300 1.7500 50.8721 -8.0187 -3.1320
Car -1 -1 -4.1079 1193.4980 156.9013 1241.0000 181.4717 1.5698 1.7162 3.9972 40.7408 0.5503 47.4430 -3.4015 -3.5830
Car -1 -1 -4.8752 700.9390 166.1625 732.5667 190.4247 1.6171 1.5987 3.5479 7.3094 1.1708 49.8787 -4.7308 -3.8758
Car -1 -1 -7.8388 306.4062 167.7824 333.2852 192.0803 1.7163 1.7721 4.1540 -21.3899 1.3577 53.2218 -8.2194 -3.9172
Car -1 -1 -8.4362 1096.1384 155.6704 1154.8884 178.2097 1.5065 1.6255 3.5389 35.6350 0.3577 50.0231 -7.8200 -4.0702
Car -1 -1 -4.4603 1186.3164 160.3371 1238.9640 182.5224 1.4603 1.7708 4.2796 41.3013 0.6361 49.4646 -3.7676 -4.0953
Car -1 -1 -3.5654 1216.1217 156.3362 1241.0000 180.2323 1.4658 1.6690 3.9006 41.0791 0.4523 45.6433 -2.8358 -4.1268
Car -1 -1 -2.7101 651.2457 176.0141 716.0510 207.6991 1.6463 1.6189 3.1182 3.9664 1.8245 39.2736 -2.6108 -4.2385
Car -1 -1 -4.2729 986.0266 154.4227 1036.1138 178.2231 1.6539 1.7582 3.6830 28.8483 0.3728 51.9308 -3.7682 -4.3153
Car -1 -1 -4.8934 284.0347 170.7211 326.2291 200.9576 1.9580 1.9022 4.2815 -20.7885 1.8196 49.0364 -5.2927 -4.4079
Car -1 -1 -7.8727 679.5952 167.0566 705.5355 192.1630 1.6567 1.6884 3.9417 5.6131 1.2738 49.6514 -7.7611 -4.4862
Car -1 -1 -2.6972 776.5298 151.9741 836.8966 179.7674 1.9509 1.7538 3.8637 14.2771 0.4850 52.5686 -2.4335 -4.5257
Car -1 -1 -4.7654 1224.6552 154.4978 1241.0000 185.7905 1.6125 1.7156 4.3381 34.7781 0.6663 39.4156 -4.0461 -4.6409
Car -1 -1 -7.7172 1046.4114 176.9258 1084.3535 201.4037 1.2949 1.4191 2.9045 25.3901 1.5307 40.2618 -7.1582 -5.0359
Car -1 -1 -4.9466 1067.5970 161.6909 1148.8530 200.8472 1.4254 1.7010 4.0962 19.4983 1.0188 28.4834 -4.3513 -5.2124
Car -1 -1 -4.6853 141.5259 179.1015 170.9675 203.6519 1.5934 1.6145 3.8968 -31.4209 2.0439 49.9815 -5.2443 -5.3333
Car -1 -1 -4.5209 705.1676 178.0412 742.0870 205.0728 1.4307 1.4649 3.2789 6.3999 1.7356 40.6661 -4.3665 -5.4235
Car -1 -1 -4.3243 1074.6067 153.9949 1137.2756 181.4564 1.7515 1.8830 4.5121 33.0125 0.5484 48.0482 -3.7252 -5.4451
Car -1 -1 -5.2644 1197.3311 151.3139 1241.0000 187.7390 1.7529 1.6554 4.3628 32.4110 0.7160 37.0091 -4.5492 -5.4660
Car -1 -1 -4.0460 0.0000 199.2262 104.6891 243.1412 1.5217 1.6377 4.2997 -23.2134 2.6876 29.7488 -4.7045 -5.5220
Car -1 -1 -4.8821 545.8401 165.0513 579.7973 189.5513 1.6540 1.7408 3.9324 -3.3949 1.1270 50.8278 -4.9488 -5.5305
Car -1 -1 -4.2762 433.1790 183.5781 510.8539 224.8065 1.6669 1.8406 4.2002 -6.1814 2.1849 32.6112 -4.4627 -5.5874
Car -1 -1 -8.2193 1235.4487 162.3669 1241.0000 229.2352 1.3939 1.7552 4.2943 16.9803 1.1750 17.3605 -7.4536 -5.6379
Car -1 -1 -4.5793 0.0000 188.5254 0.0000 215.5983 1.5470 1.6732 4.3011 -41.3185 2.5965 46.0847 -5.3075 -5.6396
Car -1 -1 -4.7317 1173.7144 161.0303 1207.6035 184.1016 1.5678 1.7736 4.4053 41.2138 0.7640 51.3180 -4.0580 -5.6841
Car -1 -1 -7.9094 347.8975 183.6703 427.7567 263.0218 1.6718 1.6646 4.3248 -5.7358 1.9783 18.1502 -8.2120 -5.7538
Car -1 -1 -7.9126 1023.9222 158.5116 1060.5322 186.9153 1.7557 1.7699 4.3620 28.0289 0.8689 46.9452 -7.3772 -5.8429
Car -1 -1 -4.5721 6.6884 182.7772 46.3399 205.5376 1.4975 1.6470 4.0125 -41.6095 2.2348 51.4892 -5.2493 -5.8867
Car -1 -1 -4.8889 1241.0000 157.3987 1241.0000 181.7378 1.3843 1.6334 4.0163 41.4608 0.5050 43.1623 -4.1270 -5.8867
Car -1 -1 -6.9167 0.0000 0.0000 1241.0000 374.0000 1.5466 1.5888 3.8039 -2.1013 1.6437 1.0037 -7.9390 -5.8867
Car -1 -1 -4.5467 0.0000 185.3225 19.8440 209.8495 1.5203 1.6555 4.0265 -41.6117 2.4052 49.0684 -5.2476 -5.8867
Car -1 -1 -8.4289 0.0000 0.0000 948.5568 374.0000 1.5400 1.5897 3.8046 0.6996 1.5831 0.9966 -7.9398 -5.8867
Car -1 -1 -3.5043 0.0000 196.5167 0.0000 374.0000 1.5139 1.6079 3.9599 -7.0809 1.6619 2.5300 -4.6970 -5.8867
Car -1 -1 -3.8053 0.0000 190.4051 195.6349 374.0000 1.5116 1.6087 3.9621 -3.4726 1.6211 2.5231 -4.6976 -5.8867
Car -1 -1 -4.4738 0.0000 185.1574 0.0000 214.4987 1.5560 1.6648 4.0237 -41.6085 2.3125 42.2262 -5.2488 -5.8867
Car -1 -1 -5.9098 0.0000 0.0000 1241.0000 374.0000 1.5003 1.6045 3.9577 5.3707 1.4820 1.7180 -4.6976 -5.8867
Car -1 -1 -8.9992 0.0000 0.0000 1241.0000 374.0000 1.5358 1.5879 3.8035 2.3074 1.5520 0.9970 -7.9398 -5.8867
Car -1 -1 -4.4454 0.0000 183.6671 0.0000 214.5664 1.5485 1.6622 4.0254 -41.6121 2.1772 39.8207 -5.2495 -5.8867
Car -1 -1 -7.3582 1235.4941 172.2008 1241.0000 249.3441 1.3327 1.5602 3.8993 14.1401 1.3211 13.7652 -6.5702 -5.9381
Car -1 -1 -8.5315 1241.0000 148.9173 1241.0000 374.0000 1.4326 1.5894 3.8910 8.6288 1.2951 6.2155 -7.6073 -5.9404
Car -1 -1 -8.4206 1241.0000 155.7418 1241.0000 306.0769 1.3782 1.5795 3.9093 10.6615 1.2210 8.7158 -7.5517 -6.0076
Car -1 -1 -4.6307 368.6527 185.3113 424.8103 231.0997 1.6300 1.8142 4.6477 -8.6626 2.1811 29.4818 -4.9145 -6.1356
Car -1 -1 -6.1454 583.1980 175.7851 664.3691 206.4239 1.6109 1.5617 4.2416 0.7364 1.7745 39.2467 -6.1273 -6.6756
