Car -1 -1 -4.0852 0.0000 206.9329 199.6445 374.0000 1.4050 1.7502 4.5682 -5.3079 1.7868 5.7314 -4.8093 4.7248
Car -1 -1 -5.6051 1039.6658 160.1949 1114.3601 186.8828 1.6438 1.6580 3.8479 30.0007 0.8638 46.5283 -5.0354 -1.5090
Car -1 -1 -7.2439 123.5879 172.7396 176.8043 192.8231 1.5193 1.6264 3.8030 -35.9760 1.5103 56.5190 -7.8088 -1.5482
Car -1 -1 -6.3857 254.1400 173.2342 310.6983 193.3272 1.4668 1.6520 3.7345 -24.7128 1.4960 54.3887 -6.8105 -2.5728
Car -1 -1 -6.9728 137.8383 172.3345 197.5799 192.6662 1.5099 1.6272 3.7457 -34.0593 1.4710 55.6187 -7.5203 -2.7599
Car -1 -1 -7.9713 297.2028 166.9619 331.0027 192.5055 1.8033 1.7941 4.5397 -21.9477 1.3870 53.3582 -8.3600 -2.8566
Car -1 -1 -5.5966 1142.1334 152.5348 1227.1735 177.5739 1.5632 1.7196 4.2170 37.5198 0.2944 47.2906 -4.9289 -2.8869
Car -1 -1 -7.7973 686.7477 167.3738 713.5206 191.8114 1.6232 1.6422 3.5352 6.2202 1.2589 49.8115 -7.6742 -3.3052
Car -1 -1 -7.9174 239.9845 171.4398 268.3924 193.2593 1.5912 1.6755 4.2227 -27.1137 1.4878 54.8683 -8.3746 -3.4676
Car -1 -1 -4.6883 196.6008 177.4248 223.9233 200.7949 1.5889 1.6245 3.5373 -28.6687 1.9287 51.7591 -5.1921 -3.4823
Car -1 -1 -4.5272 224.4059 179.3308 262.5272 204.1960 1.5147 1.5375 3.7965 -23.8811 1.9550 47.0512 -4.9948 -4.0468
Car -1 -1 -4.5166 155.1119 175.3126 195.2679 200.1330 1.6451 1.6590 3.9446 -30.3342 1.8238 50.3841 -5.0563 -4.1114
Car -1 -1 -8.6450 1088.4161 154.3754 1155.3774 178.7341 1.6316 1.7146 3.6461 35.5619 0.3936 50.2775 -8.0322 -4.1450
Car -1 -1 -3.6051 900.4231 173.9243 1022.4344 213.1732 1.4599 1.6412 3.8961 13.3998 1.5020 27.7410 -3.1597 -4.2667
Car -1 -1 -4.7301 1189.2131 158.8694 1220.8921 180.9775 1.4650 1.6017 3.9905 41.0566 0.5380 49.8769 -4.0444 -4.3445
Car -1 -1 -3.6004 1144.3743 158.0010 1241.0000 188.5444 1.5729 1.7954 4.1880 31.3034 0.8077 38.4906 -2.9214 -4.4223
Car -1 -1 -4.9059 586.5124 169.3633 620.1138 193.6779 1.6303 1.6542 3.7144 -0.5366 1.3960 50.3670 -4.9169 -4.4446
Car -1 -1 -3.6192 1129.9518 158.6857 1231.4752 185.1694 1.5368 1.7493 4.4571 33.9990 0.7143 43.1425 -2.9552 -4.6436
Car -1 -1 -8.3870 1130.0175 151.6446 1204.6210 176.8136 1.5397 1.7376 4.5050 35.7453 0.2419 46.4783 -7.7344 -4.6950
Car -1 -1 -8.1044 659.0270 166.0698 696.9012 191.4241 1.6536 1.6500 3.8611 4.5457 1.2108 49.0958 -8.0130 -4.7564
Car -1 -1 -5.3634 209.3172 174.8954 280.1118 199.7774 1.6599 1.8925 4.7933 -25.5282 1.8074 50.3441 -5.8308 -4.7941
Car -1 -1 -4.7058 343.7377 186.1037 421.7500 264.6406 1.5868 1.6012 3.9187 -5.5008 1.9447 17.3974 -5.0084 -4.8910
Car -1 -1 -3.8626 660.8945 175.5205 743.1555 204.6734 1.5193 1.6650 4.5530 5.0883 1.6738 39.9289 -3.7373 -4.8943
Car -1 -1 -4.4707 1220.1987 158.5374 1241.0000 180.0150 1.3453 1.6936 3.5149 41.2861 0.4482 46.8957 -3.7519 -4.9640
Car -1 -1 -4.7954 986.1824 167.7442 1041.6923 208.0825 1.4768 1.5541 4.0534 15.8736 1.2894 28.5832 -4.2931 -4.9855
Car -1 -1 -3.0318 952.2266 152.4062 1026.0350 178.3835 1.8055 1.8847 4.5515 27.3728 0.3840 52.1989 -2.5511 -5.0288
Car -1 -1 -8.2493 1092.1854 162.9304 1184.8612 203.1207 1.4554 1.5738 3.7225 20.4248 1.0957 28.1199 -7.6262 -5.2677
Car -1 -1 -7.5992 566.4858 180.6429 610.6148 210.1690 1.5536 1.5642 3.9983 -1.2078 2.0211 41.2104 -7.6289 -5.3407
Car -1 -1 -5.5953 1219.2921 152.3822 1241.0000 186.4807 1.6193 1.7164 4.4929 33.8186 0.6468 36.6105 -4.8536 -5.3949
Car -1 -1 -4.8747 643.5959 177.7056 685.5270 204.8695 1.3925 1.6486 4.1410 2.9207 1.6748 39.8881 -4.8026 -5.4108
Car -1 -1 -4.7259 1197.0143 155.7327 1235.5264 183.5172 1.4664 1.5652 3.6913 33.5269 0.5625 40.0074 -4.0320 -5.4461
Car -1 -1 -8.1577 1240.3053 162.8135 1241.0000 230.3746 1.4121 1.7501 4.3037 16.9964 1.2019 17.3973 -7.3926 -5.5109
Car -1 -1 -7.6539 825.0060 176.3329 894.8660 217.5795 1.4555 1.7427 4.4693 9.8053 1.6027 28.2289 -7.3234 -5.5345
Car -1 -1 -4.3638 108.4810 167.5002 155.7548 191.1411 1.7796 1.7382 4.2468 -37.4272 1.3763 56.5805 -4.9462 -5.5467
Car -1 -1 -4.7600 450.8902 185.0145 491.0639 220.1105 1.6219 1.8233 4.5883 -7.3176 2.2946 37.4841 -4.9520 -5.5913
Car -1 -1 -4.2750 422.7989 183.8382 500.6463 223.9357 1.5691 1.7067 4.2552 -6.4660 2.0866 31.7464 -4.4749 -5.7080
Car -1 -1 -4.7070 295.1414 189.5606 321.4052 215.6145 1.4521 1.4413 3.4885 -18.6366 2.5265 44.5235 -5.1017 -5.7265
Car -1 -1 -8.4372 1003.1572 173.1220 1175.5531 254.1563 1.4688 1.4486 3.0175 9.4743 1.4745 14.6100 -7.8716 -5.7306
Car -1 -1 -4.1319 1240.8596 155.0836 1241.0000 176.6478 1.3227 1.5883 3.4934 41.8947 0.2324 45.4562 -3.3904 -5.7830
Car -1 -1 -4.5162 0.0000 186.2876 4.3774 214.8844 1.7029 1.7482 4.1606 -41.3475 2.6251 47.3097 -5.2318 -5.7918
Car -1 -1 -8.4257 1241.0000 157.4279 1241.0000 374.0000 1.3771 1.5663 3.8640 8.2413 1.2953 5.8982 -7.4995 -5.8812
Car -1 -1 -4.4975 0.0000 185.7521 0.0000 214.1642 1.5317 1.6662 4.0590 -41.5634 2.3392 43.0288 -5.2626 -5.8867
Car -1 -1 -8.1633 0.0000 0.0000 853.2289 374.0000 1.5423 1.5891 3.8036 0.3099 1.5983 1.0041 -7.9392 -5.8867
Car -1 -1 -4.6091 60.2068 176.3570 93.0720 195.8983 1.4462 1.6487 4.0402 -41.6206 1.7299 56.3339 -5.2433 -5.8867
Car -1 -1 -6.7854 0.0000 0.0000 1241.0000 374.0000 1.5437 1.5859 3.8025 -2.9046 1.6464 1.0051 -7.9389 -5.8867
Car -1 -1 -4.8848 1241.0000 155.4516 1241.0000 179.1180 1.3463 1.6258 4.0092 41.4576 0.3560 43.1632 -4.1229 -5.8867
Car -1 -1 -4.5691 1.6861 182.0202 42.0491 204.9731 1.5022 1.6500 4.0169 -41.6111 2.1782 51.0853 -5.2502 -5.8867
Car -1 -1 -8.9992 0.0000 0.0000 1241.0000 374.0000 1.5363 1.5885 3.8039 2.3074 1.5526 0.9969 -7.9398 -5.8867
Car -1 -1 -5.9098 0.0000 0.0000 1241.0000 374.0000 1.5032 1.6054 3.9588 5.3708 1.4920 1.7179 -4.6976 -5.8867
Car -1 -1 -4.4350 0.0000 183.5019 0.0000 215.0714 1.5492 1.6626 4.0271 -41.6125 2.1565 39.0167 -5.2493 -5.8867
Car -1 -1 -7.1467 52.2222 0.0000 1241.0000 374.0000 1.5458 1.5881 3.8041 -1.2972 1.6317 1.0048 -7.9391 -5.8867
Car -1 -1 -4.7336 369.6041 186.7075 417.3137 230.1884 1.5528 1.7475 4.5289 -9.0121 2.1699 29.7348 -5.0259 -5.8982
Car -1 -1 -8.5278 1241.0000 152.7720 1241.0000 332.1473 1.4246 1.5853 3.9895 10.2796 1.2648 7.8522 -7.6274 -5.9127
Car -1 -1 -6.7622 1155.5881 170.3123 1241.0000 261.9684 1.6186 1.7365 4.7458 13.8813 1.5735 14.2384 -6.0003 -6.0212
Car -1 -1 -4.2685 0.0000 188.8234 139.5571 285.8729 1.4474 1.6924 4.7318 -11.1689 1.8138 14.0746 -4.9302 -6.0437
Car -1 -1 -7.0570 1237.4237 162.9747 1241.0000 241.6118 1.5689 1.7115 4.5294 16.3185 1.3715 15.3256 -6.2500 -6.0602
Car -1 -1 -7.2944 943.3370 164.7341 1014.5427 196.3192 1.6687 1.6575 3.9685 20.3559 1.2394 39.8537 -6.8254 -6.0967
Car -1 -1 -7.1678 1222.1667 173.3807 1241.0000 289.6053 1.4670 1.6459 4.2772 11.2550 1.4747 10.0613 -6.3413 -6.1140
Car -1 -1 -7.5355 401.5840 180.0094 463.4479 212.9569 1.3915 1.6108 3.9781 -8.1778 1.7429 33.4103 -7.7741 -6.1505
Car -1 -1 -4.2085 1210.9948 147.6190 1241.0000 196.5338 1.6304 1.8209 4.4017 23.7993 0.7890 25.6132 -3.4655 -6.1780
Car -1 -1 -5.4603 1218.2896 154.3162 1241.0000 180.6587 1.4457 1.5669 4.5182 37.9726 0.4280 41.8679 -4.7271 -6.2392
Car -1 -1 -4.0901 0.0000 189.2989 161.7694 311.3933 1.5046 1.6745 4.6512 -9.6336 1.8292 11.8914 -4.7602 -6.2426
Car -1 -1 -1.7377 0.0000 186.8802 0.0000 216.7163 1.6661 1.6934 4.1314 -39.8853 2.5603 44.0701 -2.4704 -6.3687
Car -1 -1 -7.9681 551.7918 156.3342 581.8318 181.7124 1.8260 1.7484 4.4890 -3.3207 0.6371 54.2770 -8.0291 -6.4087
Car -1 -1 -3.6694 0.0000 0.0000 1241.0000 374.0000 1.4773 1.6649 4.5007 -4.6154 1.6141 2.1504 -4.7554 -7.1549
Car -1 -1 -5.0857 1197.9958 157.3394 1241.0000 182.3154 1.4327 1.5096 2.6549 36.4265 0.5424 42.8897 -4.3850 -7.5527
