Car -1 -1 -3.8455 340.0471 177.6548 573.6882 286.3672 1.6079 1.6041 3.9854 -2.6227 1.7073 12.9144 -4.0429 7.9651
Car -1 -1 -4.2499 709.9933 184.2288 815.4897 239.3527 1.4930 1.6075 3.9931 4.7841 1.8794 22.4597 -4.0435 6.6484
Car -1 -1 -7.7319 1010.6911 182.5191 1106.8137 257.7927 1.6419 1.6420 3.7948 11.3627 1.9127 18.2474 -7.1830 5.6444
Car -1 -1 -4.4082 857.1709 183.7777 928.1310 219.8329 1.4248 1.6513 4.6477 12.6573 1.9481 32.2562 -4.0380 5.1575
Car -1 -1 -4.5154 922.3970 184.4109 970.2325 214.4563 1.4432 1.5667 3.9893 17.8642 2.0900 38.3275 -4.0828 3.6226
Car -1 -1 -7.7873 1105.9143 186.8797 1153.5621 220.9217 1.4379 1.5959 3.7785 24.5279 2.1380 34.0650 -7.1679 2.6834
Car -1 -1 -4.7440 954.1950 183.9011 986.4044 210.8474 1.5153 1.6321 3.6920 22.0148 2.2233 44.2476 -4.2855 0.2342
Car -1 -1 -7.6346 928.2997 183.7997 983.5906 217.2595 1.4523 1.6253 3.7602 16.5840 2.0069 34.5963 -7.1914 -0.7785
Car -1 -1 -7.6312 960.6246 183.7333 1018.1954 218.1639 1.4569 1.5968 3.8051 17.7389 1.9950 33.7427 -7.1513 -3.0780
Car -1 -1 -5.7476 495.8355 187.1522 575.7271 219.0615 1.4282 1.5346 3.5759 -3.6475 2.1508 35.0359 -5.8512 -3.1472
Car -1 -1 -7.5136 844.8251 181.6060 925.9009 226.4172 1.5082 1.6486 3.9083 10.3510 1.8612 27.1008 -7.1531 -3.2052
Car -1 -1 -4.4653 1173.0365 191.5696 1232.8357 221.7605 1.4799 1.6510 3.8378 32.3751 2.5490 39.4189 -3.7820 -3.4729
Car -1 -1 -4.7669 978.4186 177.0413 1009.6474 203.3200 1.7242 1.7016 3.5324 26.4993 2.0251 49.9273 -4.2818 -3.8901
Car -1 -1 -8.0889 1056.2570 186.8692 1118.0706 218.2381 1.3613 1.6967 3.5665 23.0424 2.0796 35.0323 -7.5115 -4.1951
Car -1 -1 -7.3675 699.9316 180.8994 826.1436 246.7053 1.5199 1.6529 3.9165 4.1069 1.7564 19.1974 -7.1607 -4.2915
Car -1 -1 -7.5740 930.6082 179.0690 1001.2906 219.2804 1.5419 1.6460 3.9711 14.9588 1.8202 30.3194 -7.1200 -4.5450
Car -1 -1 -4.1217 1212.2429 194.7482 1241.0000 224.3380 1.5340 1.5892 3.5252 35.8792 2.7974 40.4284 -3.4001 -4.6225
Car -1 -1 -5.2061 1131.7031 191.2776 1198.4634 219.5747 1.4243 1.5332 3.3761 30.9838 2.5020 40.4312 -4.5563 -4.7109
Car -1 -1 -4.9267 811.8408 183.4697 850.2763 209.8819 1.6018 1.6064 3.8875 14.4254 2.3278 47.3670 -4.6334 -4.7755
Car -1 -1 -7.6317 902.7550 182.8521 965.8276 220.8163 1.4779 1.6235 4.2584 14.1389 1.9436 31.4354 -7.2132 -4.7794
Car -1 -1 -3.9659 632.2017 180.8303 697.6562 205.9328 1.5416 1.5968 4.6529 3.6557 2.0943 47.8580 -3.8906 -4.8584
Car -1 -1 -4.7186 1096.2366 187.1491 1176.7198 250.8639 1.4580 1.6131 3.9279 14.1155 1.8853 19.5111 -4.1001 -5.0037
Car -1 -1 -4.5701 970.1240 182.8929 1012.4761 211.9447 1.5018 1.6037 3.7981 21.5004 2.0957 40.6965 -4.0876 -5.1491
Car -1 -1 -5.8086 675.5016 182.2639 735.3339 207.2773 1.6162 1.6413 3.7461 6.5203 2.2863 49.6680 -5.6794 -5.2915
Car -1 -1 -4.4115 1172.0874 188.3693 1241.0000 229.4368 1.4761 1.6174 3.4559 24.0565 2.1296 28.7829 -3.7209 -5.3028
Car -1 -1 -4.3674 1081.3719 184.9614 1126.6914 208.4018 1.8218 1.8235 4.1606 41.1155 2.8623 60.0644 -3.7700 -5.4037
Car -1 -1 -4.5734 996.9840 183.7667 1041.1692 212.6392 1.4525 1.6409 3.6442 22.5091 2.0824 39.7174 -4.0615 -5.4259
Car -1 -1 -8.0405 492.1756 181.7276 550.3826 219.7290 1.4531 1.7039 4.2537 -3.9191 1.8614 30.9430 -8.1660 -5.5490
Car -1 -1 -5.0926 905.2824 180.1637 961.1577 207.0645 1.5433 1.6915 4.2284 19.9075 2.0176 44.7033 -4.6766 -5.6425
Car -1 -1 -4.5364 410.9353 180.0509 475.9904 222.1199 1.4130 1.6647 4.1676 -6.2007 1.7040 27.0816 -4.7598 -5.7321
Car -1 -1 -4.7119 740.4153 181.3293 780.1075 216.0266 1.4716 1.7162 4.2272 7.0135 1.8963 33.9405 -4.5104 -5.7736
Car -1 -1 -4.8416 932.6074 175.6829 966.4694 198.3058 1.5086 1.6449 3.9441 23.8134 1.7158 50.7771 -4.4057 -5.8867
Car -1 -1 -4.5737 441.6816 178.6644 510.5701 229.9956 1.4656 1.6215 3.9813 -4.2341 1.6675 23.0815 -4.7537 -5.8867
Car -1 -1 -4.7929 1164.7635 170.9614 1199.6523 192.3612 1.4910 1.6516 3.9994 41.4700 1.3588 52.3952 -4.1263 -5.8867
Car -1 -1 -4.8915 478.2481 178.7522 542.1906 222.4588 1.4516 1.6373 4.0411 -3.8155 1.6876 26.7273 -5.0325 -5.8867
Car -1 -1 -4.9230 1241.0000 169.3778 1241.0000 197.1619 1.4864 1.6434 3.9891 41.4706 1.3001 40.7191 -4.1323 -5.8867
Car -1 -1 -4.9545 1241.0000 168.3625 1241.0000 198.2616 1.4832 1.6427 3.9912 41.4694 1.2601 37.9102 -4.1283 -5.8867
Car -1 -1 -4.7015 1068.7113 173.9545 1091.7849 191.9089 1.5246 1.6603 4.0001 41.4747 1.6246 63.6557 -4.1264 -5.8867
Car -1 -1 -8.1630 0.0000 0.0000 853.7657 374.0000 1.5534 1.5944 3.8073 0.3095 1.6335 1.0018 -7.9392 -5.8867
Car -1 -1 -4.6890 746.0568 179.6586 778.4949 210.4298 1.5228 1.6201 3.9675 8.1791 1.9079 38.7585 -4.4831 -5.8867
Car -1 -1 -4.8162 1189.6312 178.8978 1229.6000 202.9945 1.5599 1.6983 4.0566 41.4210 1.9962 49.9533 -4.1271 -5.8867
Car -1 -1 -7.1457 51.0672 0.0000 1241.0000 374.0000 1.5479 1.5920 3.8054 -1.2983 1.6331 1.0028 -7.9392 -5.8867
Car -1 -1 -4.7834 396.6945 185.4684 466.1185 240.6561 1.3614 1.6587 4.2237 -5.3559 1.7695 21.0996 -5.0296 -5.8881
Car -1 -1 -4.3495 430.9199 183.2939 538.3412 241.2960 1.4161 1.6637 4.0657 -3.4836 1.7443 20.5481 -4.5160 -5.9275
Car -1 -1 -2.1398 0.0000 199.1958 0.0000 374.0000 1.4223 1.5017 3.5833 -8.0503 1.6848 6.2522 -3.0293 -6.0836
Car -1 -1 -4.0397 477.9796 186.2040 560.8015 215.7029 1.3335 1.6680 4.7160 -4.6302 2.0681 37.2773 -4.1630 -6.3933
