Car -1 -1 -4.1938 73.2804 192.4348 280.8220 286.3734 1.4798 1.6827 4.0260 -8.2968 1.9201 14.2208 -4.7142 7.7808
Car -1 -1 -7.8350 567.2695 180.4183 608.1012 221.5927 1.6147 1.6445 4.1276 -0.9691 1.9625 31.1317 -7.8666 5.1569
Car -1 -1 -4.3935 297.5115 186.6562 391.3443 241.0120 1.5265 1.6314 4.1016 -8.5213 2.0132 23.3877 -4.7398 5.0140
Car -1 -1 -4.4932 391.8230 183.3371 445.5611 221.9936 1.6533 1.6356 3.8479 -8.9495 2.1735 33.8720 -4.7501 4.6824
Car -1 -1 -4.5206 440.2673 185.3766 478.7618 212.1146 1.5066 1.5758 4.1108 -9.2934 2.3172 44.6560 -4.7251 3.2485
Car -1 -1 -4.7851 737.6295 173.5949 764.6982 195.6359 1.5078 1.6186 3.6699 9.9907 1.5623 51.4068 -4.5946 -1.3732
Car -1 -1 -7.7788 745.9838 169.0255 770.3710 188.9573 1.5033 1.6049 3.6364 11.5786 1.2143 56.3899 -7.5776 -2.4489
Car -1 -1 -4.6601 478.4140 183.5482 505.2754 205.5762 1.4409 1.6800 3.9046 -8.3781 2.2297 51.2048 -4.8219 -2.5613
Car -1 -1 -4.6398 489.6517 182.3552 521.9462 211.4776 1.6342 1.6613 3.9256 -6.3187 2.2375 43.8211 -4.7827 -3.0533
Car -1 -1 -4.6041 462.9741 183.5941 498.0092 211.0330 1.4930 1.6186 4.1296 -7.7084 2.1648 43.0326 -4.7807 -3.3473
Car -1 -1 -7.9099 870.4755 169.7349 955.8632 244.5244 1.6440 1.6900 3.8056 7.3616 1.5752 17.9342 -7.5268 -3.6481
Car -1 -1 -4.7826 484.0529 180.7772 511.7973 204.2265 1.6693 1.7938 4.3236 -8.6440 2.3008 55.2309 -4.9376 -3.7321
Car -1 -1 -4.5268 496.5915 183.9981 527.9380 206.1347 1.4630 1.5541 3.7470 -6.9695 2.2879 51.5196 -4.6610 -3.7360
Car -1 -1 -4.2271 0.0000 192.5675 91.3270 232.9913 1.4732 1.6431 3.8551 -23.7829 2.3573 30.3278 -4.8880 -3.7891
Car -1 -1 -5.0929 494.8499 185.5818 548.2878 210.7299 1.4333 1.7526 4.7276 -5.7500 2.2909 46.1411 -5.2167 -3.8501
Car -1 -1 -4.6902 500.8588 182.7508 523.3504 203.6352 1.5350 1.6779 4.1892 -7.7636 2.3501 57.2711 -4.8248 -3.8543
Car -1 -1 -3.9009 451.4685 184.8597 511.0099 208.8075 1.4465 1.6383 3.7766 -8.4848 2.2716 47.5996 -4.0768 -4.0262
Car -1 -1 -7.9737 498.9502 172.9064 525.6373 201.4300 2.4689 1.8416 4.5597 -8.8476 2.4735 64.9012 -8.1091 -4.0623
Car -1 -1 -4.5525 636.4869 177.9666 662.4088 197.4527 1.5687 1.6146 3.7983 3.3501 2.0162 61.1759 -4.4985 -4.1085
Car -1 -1 -3.8051 0.0000 194.2335 102.2469 230.3530 1.4382 1.6439 4.0481 -26.1159 2.4933 33.4550 -4.4642 -4.2276
Car -1 -1 -2.0918 351.8127 191.3072 400.1704 215.8792 1.6027 1.7026 3.6557 -16.8217 2.9725 51.7118 -2.4053 -4.2335
Car -1 -1 -4.8004 632.3535 174.8735 660.7614 200.9630 1.9369 1.8071 4.5433 2.7772 2.1005 56.2303 -4.7518 -4.6002
Car -1 -1 -4.5289 835.9797 174.9876 875.5671 198.8454 1.5044 1.7226 4.5300 16.4707 1.6541 48.3249 -4.2027 -4.6427
Car -1 -1 -4.7988 601.6735 183.1006 633.9563 210.2234 1.5712 1.6875 3.8816 0.4144 2.2427 45.3089 -4.7903 -4.6668
Car -1 -1 -4.4798 381.4785 184.2980 417.3148 212.0210 1.8405 1.6238 3.7720 -14.9904 2.6862 51.4161 -4.7626 -4.7073
Car -1 -1 -4.9545 493.0796 187.2593 526.5035 206.9916 1.5051 1.8180 4.2322 -8.4929 2.7626 60.6999 -5.0934 -4.9467
Car -1 -1 -4.2018 512.3018 184.6246 546.4736 200.8192 1.4801 1.7271 3.7591 -7.9201 2.6721 71.0185 -4.3129 -5.0582
Car -1 -1 -4.4911 592.7242 180.1404 628.8921 204.9101 1.5622 1.5858 4.1564 0.0691 2.0790 49.0042 -4.4902 -5.1979
Car -1 -1 -4.4441 501.7130 183.8532 528.4067 202.3251 1.6456 1.6308 3.5318 -8.9844 2.7157 68.3557 -4.5747 -5.2064
Car -1 -1 -4.8846 514.4802 185.9888 542.0528 204.9434 1.4867 1.6945 3.8773 -7.0334 2.6459 61.6005 -4.9983 -5.2977
Car -1 -1 -2.3742 0.0000 199.6157 23.7333 374.0000 1.4765 1.6236 3.8660 -8.5533 1.7793 7.1976 -3.2270 -5.4618
Car -1 -1 -4.5391 361.0668 187.6781 407.9185 220.1699 1.5492 1.7177 3.9406 -11.9571 2.3791 38.3485 -4.8399 -5.6549
Car -1 -1 -4.3272 242.1801 188.7308 316.0878 228.9420 1.5989 1.6823 3.7881 -14.6810 2.3482 32.1380 -4.7529 -5.6988
Car -1 -1 -4.3693 392.1925 183.5937 441.9212 210.9867 1.5513 1.6804 4.1227 -11.9066 2.2472 44.6516 -4.6288 -5.7330
Car -1 -1 -6.0902 713.6309 173.8568 789.3322 200.8046 1.5214 1.7941 4.1059 8.2923 1.5824 42.4576 -5.8990 -5.7943
Car -1 -1 -4.3523 130.1190 188.3985 217.7646 232.1491 1.5051 1.6551 3.9320 -17.0708 2.1610 28.3818 -4.8900 -5.8017
Car -1 -1 -4.6910 531.7952 180.5216 556.7176 202.8239 1.4529 1.6530 3.9971 -4.5943 2.0107 50.4672 -4.7818 -5.8190
Car -1 -1 -4.2401 151.0666 182.9996 250.2851 227.4922 1.5139 1.6509 3.9569 -15.4931 1.9281 27.4738 -4.7497 -5.8635
Car -1 -1 -4.1478 327.1440 182.6347 395.0557 210.9379 1.4481 1.6644 4.1200 -13.9690 2.0284 40.6335 -4.4773 -5.8691
Car -1 -1 -4.6187 562.8907 181.2817 591.6846 203.8960 1.4682 1.6459 3.9882 -2.2770 2.0802 50.3912 -4.6641 -5.8756
Car -1 -1 -4.6329 411.5984 182.7075 439.3151 205.8809 1.5691 1.6487 4.0204 -13.4883 2.3185 52.7794 -4.8823 -5.8999
Car -1 -1 -4.5068 157.5715 187.9709 221.7131 225.8872 1.4898 1.6745 4.0451 -18.7481 2.2114 32.2745 -5.0298 -5.9616
Car -1 -1 -4.3894 289.3569 185.9950 358.5984 222.3627 1.4261 1.5948 4.1820 -12.6097 2.0466 31.9601 -4.7628 -6.1286
Car -1 -1 -4.6561 117.8322 179.9836 164.3185 214.7334 1.7981 1.9285 4.9009 -26.6074 2.2289 41.0131 -5.2288 -6.5291
Car -1 -1 -4.7396 171.2055 174.8542 205.9592 210.5053 2.0678 1.7312 4.6263 -26.0874 2.1977 44.5439 -5.2670 -6.6608
