Car -1 -1 -7.9115 578.0712 179.8938 607.0040 206.7095 1.6497 1.6801 3.6188 -1.2115 2.1286 47.2458 -7.9375 4.7920
Car -1 -1 -5.9144 427.3516 186.7626 500.3123 212.6885 1.5129 1.6498 4.0916 -9.0272 2.3928 44.5055 -6.1138 -1.6684
Car -1 -1 -4.9910 1102.6254 168.6190 1158.4974 194.1619 1.4719 1.6252 4.2548 31.5168 1.2276 43.8559 -4.3713 -1.7609
Car -1 -1 -7.8548 819.4723 168.3797 838.7028 185.5014 1.4682 1.5835 3.7342 19.3665 1.0842 63.8886 -7.5619 -2.6160
Car -1 -1 -5.2692 656.0659 179.5877 700.0377 199.6362 1.4585 1.5941 3.8516 5.2090 2.0000 55.9678 -5.1773 -2.6466
Car -1 -1 -7.9438 939.0219 157.9094 969.7870 182.9735 1.9436 1.8390 4.4292 27.7722 0.7844 58.3463 -7.5017 -2.7676
Car -1 -1 -6.1695 1018.1042 166.2547 1083.8224 188.9554 1.6726 1.7149 4.1178 33.6197 1.1860 55.1011 -5.6242 -2.8300
Car -1 -1 -4.4317 484.3918 179.5262 521.8782 204.2719 1.6476 1.6211 3.8691 -7.5608 2.1391 51.1578 -4.5782 -2.8959
Car -1 -1 -8.3653 1069.3380 168.5444 1136.6550 194.8299 1.5328 1.6755 3.9237 30.0016 1.2812 44.0993 -7.7712 -3.1313
Car -1 -1 -4.5986 505.7290 182.5672 530.3174 202.3857 1.5101 1.5731 3.7158 -7.4742 2.3248 58.6764 -4.7251 -3.3952
Car -1 -1 -7.7885 437.6371 184.3111 477.0207 216.8906 1.4500 1.6374 4.3031 -7.5832 2.0560 35.9384 -7.9955 -3.7251
Car -1 -1 -7.1154 0.0000 202.3948 21.3155 248.0618 1.4864 1.5485 3.5777 -24.8154 2.6900 27.6080 -7.8429 -3.7553
Car -1 -1 -4.2961 1147.4130 171.8573 1226.7628 203.8569 1.4802 1.6065 3.8308 27.9452 1.4338 34.9787 -3.6264 -3.8365
Car -1 -1 -7.9252 471.0604 182.0441 510.0692 214.8498 1.4938 1.6385 4.0717 -6.0874 1.9827 36.2421 -8.0910 -3.8664
Car -1 -1 -3.1062 115.1097 178.5472 180.3532 204.2110 1.7008 1.6139 3.7648 -32.1176 2.1096 50.1985 -3.6732 -3.9074
Car -1 -1 -4.6610 141.8356 180.7558 169.5277 207.3426 2.2201 1.8495 4.4249 -40.3072 2.9474 64.0509 -5.2210 -4.0931
Car -1 -1 -4.4847 477.3398 180.8683 518.6022 209.4020 1.5030 1.5480 3.5456 -6.3320 1.9768 40.8571 -4.6379 -4.2375
Car -1 -1 -4.6227 498.1820 179.8818 526.9023 206.0078 1.6533 1.5916 3.6963 -6.5532 2.1442 48.5539 -4.7566 -4.2607
Car -1 -1 -6.8548 1124.5294 168.3073 1213.7942 195.9968 1.5599 1.6163 3.8017 32.1506 1.3035 41.6110 -6.2007 -4.3732
Car -1 -1 -7.9070 1038.6431 169.9005 1185.0469 280.4072 1.4445 1.6097 3.6869 7.6918 1.4056 11.4298 -7.3270 -4.3737
Car -1 -1 -5.2889 1016.4745 165.1433 1077.0632 190.6738 1.7241 1.6754 4.0939 30.6361 1.2031 50.8017 -4.7490 -4.4164
Car -1 -1 -2.8749 634.9435 177.3566 700.7733 202.3969 1.5698 1.6522 4.0005 3.7570 1.8732 47.2108 -2.7965 -4.6380
Car -1 -1 -7.5584 810.0399 177.0004 898.2424 229.3452 1.4045 1.5204 3.6344 7.3184 1.5392 21.5856 -7.2362 -4.6711
Car -1 -1 -8.2985 992.7274 168.9228 1037.9871 190.4143 1.5394 1.5352 3.5542 29.9723 1.2575 53.5050 -7.7905 -4.6986
Car -1 -1 -4.5521 473.0527 181.9201 507.0314 205.4349 1.4609 1.6597 3.7503 -7.9944 2.0893 48.1547 -4.7162 -4.7148
Car -1 -1 -1.8136 109.2241 188.4729 149.7822 211.5793 1.8082 1.8863 4.3845 -41.0573 3.1881 61.5836 -2.3999 -4.8309
Car -1 -1 -4.5389 329.8054 188.9421 355.6647 208.0804 1.5268 1.5819 3.0255 -22.9362 2.9438 61.9342 -4.8926 -4.8325
Car -1 -1 -3.5493 418.1068 186.9429 495.6296 215.0603 1.3911 1.6733 3.7708 -8.3454 2.1917 39.2455 -3.7579 -4.8646
Car -1 -1 -4.1331 596.2156 182.2236 632.9240 199.8999 1.4875 1.6032 3.5652 0.4136 2.3523 64.6928 -4.1272 -4.8689
Car -1 -1 -5.0577 1004.9127 174.8600 1063.7678 202.7610 1.5476 1.7879 3.7683 24.7741 1.6706 42.3266 -4.5315 -5.0107
Car -1 -1 -7.7543 399.8962 184.2319 451.6368 224.2769 1.4194 1.6049 4.0509 -7.3483 1.9084 28.9026 -8.0016 -5.0162
Car -1 -1 -4.8892 403.2961 187.7208 427.4718 204.7391 1.3741 1.4359 3.6605 -17.2135 2.7257 63.6486 -5.1527 -5.3884
Car -1 -1 -4.7854 829.8657 173.6412 862.6979 198.7116 1.5202 1.6759 4.1724 15.0170 1.5726 46.1161 -4.4729 -5.3986
Car -1 -1 -7.7383 959.6144 147.6138 1014.3989 188.6770 1.9664 1.9684 4.8257 19.4021 0.7574 37.1033 -7.2598 -5.4097
Car -1 -1 -4.6020 507.0407 182.7408 529.6919 200.1011 1.4445 1.5623 4.1526 -8.1819 2.3567 64.5044 -4.7280 -5.4219
Car -1 -1 -2.0067 155.7085 176.5194 197.1189 197.8689 1.8834 1.8139 3.8136 -39.7495 2.2281 66.0963 -2.5465 -5.5440
Car -1 -1 -4.4577 373.1324 180.2310 405.8609 200.4165 1.4813 1.5147 3.8768 -17.2056 2.0773 56.3558 -4.7530 -5.6347
Car -1 -1 -4.5993 562.0104 181.7383 592.8988 206.6675 1.6470 1.7213 4.3949 -2.3091 2.3089 51.5254 -4.6444 -5.6372
Car -1 -1 -8.2278 704.4930 162.8644 736.8086 180.2850 1.6616 1.6960 4.2734 10.8410 0.7085 71.0917 -8.0773 -5.6985
Car -1 -1 -4.7867 458.3735 182.5042 487.1216 205.1645 1.4782 1.6756 4.6194 -9.8863 2.2008 51.6007 -4.9754 -5.7180
Car -1 -1 -4.8289 534.8642 179.2649 562.6027 199.5740 1.4002 1.5781 3.9867 -4.5806 1.8913 53.1905 -4.9148 -5.7221
Car -1 -1 -4.6113 418.6357 183.0749 445.6004 206.1243 1.6790 1.6619 3.8942 -13.8977 2.5068 56.4155 -4.8522 -5.7415
Car -1 -1 -4.8755 532.7249 179.4419 558.8377 196.1751 1.3825 1.6121 4.3097 -5.7272 1.9848 63.7044 -4.9652 -5.7859
Car -1 -1 -5.2050 1128.0754 167.8179 1192.3834 192.1184 1.4009 1.5416 3.6160 33.0523 1.1103 43.5007 -4.5587 -5.8855
Car -1 -1 -4.8103 1181.7610 170.6160 1219.1268 192.2455 1.4589 1.6356 3.9886 41.4713 1.3077 50.7840 -4.1286 -5.8867
Car -1 -1 -4.4836 436.4388 180.5880 468.4856 200.4699 1.4577 1.5952 3.9433 -12.3045 2.0835 56.4283 -4.6977 -5.8867
Car -1 -1 -4.6425 91.3500 183.8514 120.4591 204.6031 1.5817 1.6803 4.0887 -41.5508 2.5216 59.5000 -5.2502 -5.8867
Car -1 -1 -6.9164 0.0000 0.0000 1241.0000 374.0000 1.5607 1.5938 3.8089 -2.1012 1.6893 1.0028 -7.9390 -5.8867
Car -1 -1 -4.6372 555.6207 178.9543 576.9150 196.1121 1.4337 1.5875 3.9324 -3.8538 1.9885 63.6761 -4.6978 -5.8867
Car -1 -1 -4.5501 0.0000 184.9148 19.8057 209.6210 1.5349 1.6549 4.0153 -41.6066 2.3907 49.0704 -5.2508 -5.8867
Car -1 -1 -4.5734 6.7618 183.5601 46.2577 206.3825 1.4972 1.6439 4.0082 -41.6081 2.2926 51.4866 -5.2507 -5.8867
Car -1 -1 -4.6163 48.3691 182.8954 81.7038 204.1716 1.5021 1.6473 4.0096 -41.5966 2.2985 55.1021 -5.2608 -5.8867
Car -1 -1 -4.8847 1241.0000 168.4545 1241.0000 193.4817 1.4508 1.6306 3.9869 41.4697 1.1954 43.9399 -4.1318 -5.8867
Car -1 -1 -4.8419 1218.8511 168.6610 1241.0000 191.5159 1.4398 1.6286 3.9876 41.4697 1.1754 47.5686 -4.1282 -5.8867
Car -1 -1 -5.0500 618.1387 180.4363 663.2764 202.8217 1.4205 1.6652 4.6382 2.0309 1.9706 49.9141 -5.0100 -5.9776
Car -1 -1 -4.6292 122.9913 177.2546 155.0597 207.2046 2.0711 1.5998 4.4134 -34.5086 2.4076 52.9008 -5.2051 -5.9784
Car -1 -1 -5.2203 797.1276 173.6617 839.4680 190.7151 1.3629 1.5404 4.1760 17.2650 1.4323 60.0825 -4.9421 -6.4069
Car -1 -1 -5.0217 513.3203 182.9576 540.3006 199.9760 1.5339 1.5265 3.6795 -8.0454 2.5331 69.3890 -5.1371 -6.6195
Car -1 -1 -7.1676 745.2599 313.2168 1241.0000 374.0000 1.6017 1.7730 3.9367 2.7723 2.5214 3.3921 -6.5279 -7.2426
