Car -1 -1 -4.1991 503.1783 184.1556 637.5830 252.2296 1.4558 1.5734 4.1428 -0.9196 1.7777 18.3669 -4.2493 6.7085
Car -1 -1 -7.7671 885.8710 181.2127 957.7871 245.8842 1.6747 1.6453 3.7602 9.2020 1.9444 21.2594 -7.3644 6.3891
Car -1 -1 -4.4154 693.5085 183.3790 765.2615 222.9505 1.4544 1.7063 4.5850 5.0441 1.9308 30.2463 -4.2524 5.7322
Car -1 -1 -3.5406 0.0000 177.1649 216.6771 374.0000 1.5597 1.6656 3.8340 -6.3824 1.6156 7.3153 -4.2401 5.0833
Car -1 -1 -4.5073 762.8306 183.0956 808.2081 213.2541 1.4361 1.5677 3.8700 9.2149 2.0028 37.8589 -4.2709 4.9138
Car -1 -1 -7.9138 936.1232 183.3325 971.0980 211.9015 1.4662 1.5280 3.8759 19.2660 2.0863 40.6405 -7.4745 0.6794
Car -1 -1 -4.7371 815.0785 182.3888 839.0114 204.2336 1.4731 1.5591 3.7028 15.6951 2.1914 52.3863 -4.4480 -0.4770
Car -1 -1 -4.7299 788.9531 184.1730 817.5291 211.3951 1.5556 1.6413 4.1360 12.0457 2.3000 45.2690 -4.4721 -0.9394
Car -1 -1 -4.3999 1118.0494 176.4728 1214.0342 222.8060 1.5343 1.6218 3.9487 19.9956 1.6732 25.9671 -3.7496 -1.4585
Car -1 -1 -4.3551 826.3616 179.9364 874.0473 203.9044 1.6194 1.8034 4.6088 17.4904 2.1576 52.5066 -4.0358 -3.3543
Car -1 -1 -8.7395 1147.9454 179.2693 1241.0000 223.7881 1.4572 1.6828 3.9777 22.1351 1.7099 26.3404 -8.0466 -3.5434
Car -1 -1 -4.6241 809.2371 178.6499 845.6641 208.1232 1.5797 1.6655 4.2653 12.6217 1.9340 41.8623 -4.3337 -3.5908
Car -1 -1 -7.6177 761.1638 183.2105 817.3785 217.9603 1.4255 1.6421 3.8610 8.1934 1.9279 32.9368 -7.3766 -3.7962
Car -1 -1 -4.4139 802.0186 181.8893 850.3203 209.2406 1.5595 1.7040 4.2802 13.4557 2.1495 44.8827 -4.1249 -3.9490
Car -1 -1 -4.6101 934.5847 183.9979 965.1069 207.0781 1.5499 1.6276 3.9861 24.7885 2.3954 52.6351 -4.1727 -4.0263
Car -1 -1 -5.3281 1146.1985 169.3143 1241.0000 234.2708 1.6215 1.6336 3.8855 16.9704 1.5328 20.0133 -4.6324 -4.1815
Car -1 -1 -4.9761 890.0157 179.9031 941.5847 206.9225 1.4329 1.6939 4.1344 17.4970 1.8597 41.5533 -4.5806 -4.4769
Car -1 -1 -5.1263 858.9891 179.9298 904.8571 202.1626 1.4709 1.6381 3.7651 19.0890 1.9885 50.8890 -4.7698 -4.4843
Car -1 -1 -8.1043 1218.6445 175.5952 1241.0000 266.3722 1.5411 1.6078 3.7054 13.6015 1.6030 14.3825 -7.3575 -4.5955
Car -1 -1 -4.0399 516.4879 179.5223 576.2823 203.9929 1.5254 1.6762 4.3199 -4.2511 1.9941 48.4761 -4.1274 -5.0062
Car -1 -1 -4.8149 1110.8060 180.0244 1144.0870 201.3937 1.5187 1.6451 3.9205 39.2273 2.0840 54.8072 -4.1967 -5.2107
Car -1 -1 -5.2761 515.5083 181.5445 596.5367 219.0737 1.5783 1.7186 4.3086 -2.6250 2.0100 33.6230 -5.3541 -5.2282
Car -1 -1 -3.6551 26.1949 185.7596 198.5828 234.2913 1.3793 1.6295 4.5322 -16.5176 1.8541 24.1701 -4.2496 -5.3297
Car -1 -1 -4.7807 542.3964 181.2677 581.2348 212.8311 1.4701 1.6870 4.2956 -2.5676 1.9280 37.0463 -4.8500 -5.6691
Car -1 -1 -4.6935 556.0085 179.2662 586.0804 206.3031 1.4416 1.6440 4.1349 -2.2425 1.8293 41.5612 -4.7476 -5.7864
Car -1 -1 -4.6086 538.7711 178.5595 589.0138 218.0320 1.4839 1.6477 4.2155 -1.8814 1.7369 29.8840 -4.6715 -5.8384
Car -1 -1 -4.9076 754.1959 179.5481 793.5140 204.7405 1.4779 1.6546 3.9914 10.2238 1.9176 45.4139 -4.6880 -5.8574
Car -1 -1 -4.7053 1141.1407 177.8096 1170.7236 199.3779 1.5250 1.7175 4.2041 40.9905 1.9121 54.2162 -4.0609 -5.8835
Car -1 -1 -4.7282 1090.3159 172.8251 1115.0090 190.9963 1.4786 1.6415 3.9909 41.4748 1.4760 60.8325 -4.1323 -5.8867
Car -1 -1 -4.8738 774.2344 179.0485 807.1155 201.3787 1.5220 1.6744 4.0465 13.0487 1.9897 52.4210 -4.6316 -5.8867
Car -1 -1 -4.6991 1060.3429 173.7088 1082.6588 190.9437 1.4934 1.6459 3.9919 41.4766 1.5725 64.8542 -4.1324 -5.8867
Car -1 -1 -4.7604 1123.1053 172.4889 1152.2174 192.1065 1.4869 1.6446 3.9938 41.4742 1.4589 56.8090 -4.1325 -5.8867
Car -1 -1 -4.6724 1035.9412 174.0572 1057.9607 190.3203 1.4889 1.6392 3.9971 41.4741 1.6063 68.4891 -4.1301 -5.8867
Car -1 -1 -4.7702 1163.8389 175.5309 1197.8368 197.8605 1.5374 1.6849 4.0465 41.3219 1.7392 52.3328 -4.1049 -5.8867
Car -1 -1 -5.0678 639.4629 185.8402 666.7494 203.3946 1.6330 1.6422 3.3354 4.2377 2.9556 71.6694 -5.0096 -5.9404
Car -1 -1 -6.6258 1128.9369 176.3903 1218.0291 203.1347 1.5342 1.8448 3.8060 33.6456 1.7530 43.2447 -5.9682 -5.9615
Car -1 -1 -4.3235 0.0000 187.5532 159.8033 309.0643 1.3947 1.6344 4.5398 -8.7853 1.6729 11.2673 -4.9744 -6.0977
Car -1 -1 -5.2455 856.7801 183.5363 892.8351 200.8250 1.5881 1.5664 3.8686 25.9402 2.6671 70.8521 -4.8964 -6.1520
Car -1 -1 -7.7607 619.1893 177.9034 643.2289 206.4997 2.6684 1.9804 3.9555 2.0734 3.1736 70.1493 -7.7318 -6.1977
