Car -1 -1 -7.8349 574.4070 179.1492 601.9828 206.4112 1.6356 1.6862 3.5940 -1.3894 2.0517 45.9292 -7.8655 5.1247
Car -1 -1 -2.9230 864.0264 164.1660 913.5142 180.7703 1.5062 1.6985 4.0329 25.9570 0.7178 67.2747 -2.5564 0.4305
Car -1 -1 -6.0259 831.1107 165.4366 880.1344 182.7553 1.6318 1.7173 4.1947 23.7453 0.9326 69.8551 -5.6997 -0.4843
Car -1 -1 -4.8036 640.3941 175.3446 659.5768 191.6015 1.5422 1.5340 3.8443 3.8904 1.7937 70.9958 -4.7495 -1.2669
Car -1 -1 -4.9450 641.1527 176.7191 668.2664 195.1243 1.6147 1.6245 3.8850 4.0479 1.9801 66.2153 -4.8846 -1.9620
Car -1 -1 -3.8263 655.7890 176.5873 716.2104 203.5660 1.5535 1.5628 3.4117 4.5664 1.7869 43.5780 -3.7231 -2.1331
Car -1 -1 -7.8397 912.1533 166.5143 932.2546 184.4052 1.5454 1.6009 3.6460 27.8249 0.9975 64.3163 -7.4332 -2.4935
Car -1 -1 -8.3398 808.0987 167.2563 843.8216 183.0757 1.5194 1.6764 4.0668 21.3250 0.9815 71.4614 -8.0511 -2.5449
Car -1 -1 -7.9301 851.1944 165.5013 877.9235 186.3072 1.5521 1.6582 3.7453 19.6385 1.0033 55.8502 -7.5939 -2.6740
Car -1 -1 -4.5127 499.0249 182.9006 528.1113 202.9218 1.4925 1.5790 3.8297 -7.7037 2.3232 57.7208 -4.6452 -3.1626
Car -1 -1 -4.9699 657.0343 177.2254 692.2916 200.9130 1.6807 1.7009 3.8179 4.7648 2.0196 53.9670 -4.8828 -3.2079
Car -1 -1 -4.6416 457.4592 182.7081 490.1562 210.5991 1.5052 1.6201 3.7701 -7.9750 2.1094 42.2944 -4.8273 -3.3306
Car -1 -1 -6.7320 810.9575 168.3823 979.3422 227.8896 1.5404 1.6955 3.9276 7.6508 1.4244 19.6872 -6.3669 -3.3670
Car -1 -1 -4.6438 497.5385 181.0271 526.0591 205.8350 1.5700 1.6418 4.2843 -6.6983 2.1529 49.2988 -4.7786 -3.6304
Car -1 -1 -5.1421 681.3383 174.3761 735.1966 204.0743 1.5882 1.6830 3.5307 5.4547 1.6779 40.7200 -5.0104 -3.6511
Car -1 -1 -4.8934 174.8388 186.6715 205.2849 205.6876 1.5916 1.6584 4.2597 -38.2733 2.8905 65.6841 -5.4195 -3.7211
Car -1 -1 -4.5426 898.9754 160.9674 937.6183 189.9450 1.8561 1.7275 4.0947 20.6843 1.0945 48.4072 -4.1412 -3.9180
Car -1 -1 -7.1235 996.6663 150.2456 1060.9613 173.4250 1.6354 1.7452 4.1096 30.3645 0.0400 52.3787 -6.6005 -3.9475
Car -1 -1 -4.9320 593.6280 180.3402 633.4929 208.3272 1.5332 1.5917 3.6006 0.1296 1.9938 42.4901 -4.9295 -4.0007
Car -1 -1 -4.9420 623.2524 174.5765 645.5245 191.5286 1.6163 1.4840 3.2374 2.3546 1.7893 70.8797 -4.9093 -4.0613
Car -1 -1 -4.5910 490.6150 180.0462 519.1442 203.1608 1.5911 1.5951 4.0465 -7.7078 2.1392 52.9777 -4.7352 -4.2766
Car -1 -1 -4.3404 647.6534 173.8683 683.9525 194.4631 1.6615 1.6086 4.2640 4.7092 1.7497 60.7041 -4.2637 -4.3389
Car -1 -1 -4.6286 568.4878 180.8476 602.1245 210.6627 1.6007 1.6501 3.4715 -1.4164 2.0794 41.4630 -4.6631 -4.4334
Car -1 -1 -4.7624 155.1749 183.9111 180.5122 203.8620 1.7314 1.8224 3.7684 -41.0852 2.7892 66.9808 -5.3111 -4.6015
Car -1 -1 -4.7648 512.6124 181.1546 534.0671 200.1528 1.5680 1.6771 3.4651 -7.6157 2.3139 63.0184 -4.8850 -4.7142
Car -1 -1 -8.1506 765.9954 159.2799 804.9673 188.2759 2.0485 1.6356 4.1373 12.8274 1.0892 53.0891 -7.9150 -4.7204
Car -1 -1 -4.6886 590.0460 181.0067 613.3835 202.5373 1.4885 1.6372 4.0937 -0.6108 2.1159 53.4971 -4.7004 -4.8834
Car -1 -1 -4.5939 429.1169 184.4084 473.5709 217.2522 1.4322 1.6192 4.2969 -7.7212 2.0317 35.2400 -4.8086 -5.0598
Car -1 -1 -3.3254 170.4632 176.4783 234.9022 200.1634 1.8437 1.7465 4.3335 -33.2191 2.1494 58.8560 -3.8375 -5.0728
Car -1 -1 -7.6923 469.0049 181.4745 503.0746 206.4876 1.5255 1.5931 3.9083 -8.1158 2.1139 47.3152 -7.8617 -5.2951
Car -1 -1 -4.7574 526.3064 179.3310 551.0368 200.3374 1.4336 1.6053 4.2340 -5.2850 1.9273 52.8160 -4.8571 -5.5378
Car -1 -1 -4.5910 507.6096 182.0473 533.0605 199.4417 1.5110 1.8038 4.7548 -8.3759 2.4019 67.5710 -4.7142 -5.6380
Car -1 -1 -4.8052 415.8063 186.0494 443.1360 207.5614 1.5046 1.6670 3.9587 -13.8791 2.5536 55.2379 -5.0506 -5.6766
Car -1 -1 -4.7931 534.7311 181.6285 560.7498 201.8400 1.4622 1.6806 4.2637 -4.9286 2.1749 56.3877 -4.8803 -5.6985
Car -1 -1 -4.6346 80.1499 182.9774 109.9258 203.0576 1.5033 1.6458 4.0106 -41.6067 2.3513 58.3218 -5.2522 -5.8867
Car -1 -1 -4.6547 105.4042 182.9541 132.2443 202.0655 1.5026 1.6459 4.0112 -41.6061 2.3882 61.1415 -5.2504 -5.8867
Car -1 -1 -4.6225 559.9681 178.3508 586.7396 199.0034 1.4245 1.6148 3.9139 -2.6765 1.8416 52.8116 -4.6733 -5.8867
Car -1 -1 -4.6823 139.8735 185.5738 162.7363 203.6326 1.5006 1.6161 4.0066 -41.3740 2.6856 65.1003 -5.2468 -6.2041
Car -1 -1 -2.4230 0.0000 194.5182 0.0000 374.0000 1.6945 1.7117 4.1533 -8.6071 1.9194 6.2392 -3.3459 -6.3359
Car -1 -1 -7.5769 1199.9263 128.3712 1241.0000 374.0000 1.3903 1.6373 4.0398 5.4059 1.2352 4.0531 -6.6837 -6.4240
Car -1 -1 -3.4925 1024.7924 152.4654 1120.4531 180.8034 1.4929 1.6298 4.0650 25.0391 0.4185 39.2391 -2.9279 -6.4473
