Car -1 -1 -4.2345 157.6143 192.3444 336.0250 271.4516 1.3950 1.6750 4.3428 -7.8400 1.8861 15.9992 -4.6840 6.7146
Car -1 -1 -7.8548 591.8735 177.7185 624.1286 209.7964 1.6111 1.6469 3.9277 -0.1519 1.8857 38.8044 -7.8592 4.0690
Car -1 -1 -7.6695 409.6332 183.4020 468.3350 225.0330 1.4134 1.5281 3.5140 -6.4182 1.8368 27.1942 -7.8996 1.1456
Car -1 -1 -7.7624 434.5566 181.0982 479.6761 217.6362 1.4551 1.5866 3.8412 -6.6837 1.8391 31.6365 -7.9694 -1.4885
Car -1 -1 -6.7022 189.9010 185.3842 265.4884 213.1059 1.5157 1.6609 3.6335 -22.8483 2.2983 43.1452 -7.1870 -1.8863
Car -1 -1 -4.9921 678.2167 175.3629 718.4443 199.1093 1.5961 1.6770 4.3949 6.1913 1.7822 51.2892 -4.8731 -2.3106
Car -1 -1 -3.0480 457.9844 180.8545 517.2723 206.4881 1.5654 1.6244 3.5577 -7.7282 2.0811 45.5930 -3.2154 -2.6693
Car -1 -1 -4.9159 657.6891 169.7478 686.3939 193.1475 2.0159 1.7649 4.0080 5.4646 1.7480 64.2554 -4.8318 -2.7850
Car -1 -1 -4.6278 515.9962 178.3822 542.1904 202.2247 1.6361 1.5768 3.7510 -5.8588 2.0509 52.2866 -4.7393 -3.6564
Car -1 -1 -4.8420 511.5178 178.2750 545.0505 205.0370 1.5546 1.5999 3.6336 -5.1295 1.9046 44.6628 -4.9561 -3.6614
Car -1 -1 -7.7184 457.4324 180.7327 498.7426 212.8783 1.5317 1.5990 3.7879 -6.7948 1.9592 37.2523 -7.8981 -3.7893
Car -1 -1 -4.8216 621.1915 179.1423 652.5122 203.9408 1.5160 1.6351 3.6913 1.6760 1.9416 46.9747 -4.7866 -3.9269
Car -1 -1 -2.9570 626.8275 180.8519 697.0469 208.0928 1.4187 1.5496 3.6121 2.8189 1.8695 39.4912 -2.8869 -4.4957
Car -1 -1 -5.0765 415.5452 181.5589 481.1144 213.3228 1.4819 1.7415 4.7363 -8.5010 1.9632 37.4625 -5.2985 -4.5974
Car -1 -1 -5.0332 520.6597 181.0923 548.4957 197.9865 1.5585 1.5928 3.7873 -7.4277 2.3879 70.6182 -5.1380 -4.7115
Car -1 -1 -7.7054 448.2149 181.7278 503.6382 224.9124 1.4900 1.5604 3.5387 -5.0728 1.8491 27.4266 -7.8872 -4.7168
Car -1 -1 -4.4352 538.1271 181.2027 565.4823 197.0445 1.4556 1.6137 4.1067 -5.6908 2.2992 70.7590 -4.5156 -4.7312
Car -1 -1 -4.0834 213.6269 183.5089 275.5467 209.5810 1.6331 1.6710 4.0866 -24.8210 2.3898 49.1070 -4.5495 -4.8290
Car -1 -1 -4.7455 701.6804 174.7107 730.9089 202.5070 1.6592 1.6721 4.1711 6.6283 1.7816 45.5242 -4.6023 -4.8720
Car -1 -1 -7.9594 549.3196 181.5076 581.0480 207.9573 1.5930 1.6631 3.6792 -2.9703 2.1760 46.6874 -8.0232 -4.8785
Car -1 -1 -7.9473 531.2292 182.1190 560.8218 207.0983 1.4780 1.5461 3.5751 -4.1458 2.0928 45.9998 -8.0371 -4.9750
Car -1 -1 -4.7640 607.9353 177.8259 636.8842 203.3897 1.6577 1.7552 4.7512 0.7837 2.0194 50.1309 -4.7490 -5.5339
Car -1 -1 -4.7377 545.4758 178.8216 570.6335 200.4452 1.4008 1.6286 4.1321 -3.6697 1.8321 50.0561 -4.8110 -5.5840
Car -1 -1 -4.9754 542.8174 178.2944 577.9388 198.2357 1.3823 1.6018 3.9866 -3.7367 1.8002 53.3306 -5.0454 -5.5903
Car -1 -1 -4.5911 498.1686 180.2985 520.3676 196.3397 1.4381 1.6017 4.1842 -9.5855 2.1689 68.7476 -4.7295 -5.6973
Car -1 -1 -4.7763 424.0768 182.0195 453.5411 206.1243 1.5254 1.7047 4.1598 -11.8353 2.1835 49.5997 -5.0097 -5.7458
Car -1 -1 -4.4220 210.8578 185.7788 269.8046 219.0036 1.5438 1.6314 3.9675 -19.0413 2.2484 37.2560 -4.8919 -5.7509
Car -1 -1 -4.3958 206.1826 185.1698 278.2263 220.8031 1.3703 1.6346 3.8861 -15.8466 1.9375 31.2033 -4.8626 -5.7613
Car -1 -1 -4.7099 366.5849 181.0671 387.9850 200.7948 1.5159 1.6217 3.8909 -19.1403 2.2144 59.2930 -5.0211 -5.7710
Car -1 -1 -4.9150 444.7149 181.1041 474.3901 200.9750 1.5534 1.6488 4.0422 -12.6507 2.2687 60.4004 -5.1210 -5.7815
Car -1 -1 -4.5458 325.5323 180.3104 360.8203 204.7652 1.5665 1.6415 3.9256 -18.3116 2.0999 49.5690 -4.8982 -5.8042
Car -1 -1 -4.6836 212.5177 191.7936 295.7046 257.4282 1.4588 1.8508 4.7435 -9.8217 2.0515 20.0474 -5.1344 -5.8352
Car -1 -1 -4.5491 583.1039 178.2263 615.2493 199.5229 1.4016 1.6052 4.1918 -0.7494 1.7957 50.7841 -4.5643 -5.8485
Car -1 -1 -4.4920 201.8157 180.5012 275.5948 225.8827 1.5296 1.6330 3.9153 -13.8968 1.8390 27.1255 -4.9617 -5.8556
Car -1 -1 -4.3922 207.7950 184.7706 275.8896 219.6980 1.4881 1.6798 4.0665 -17.4582 2.0901 34.3324 -4.8598 -5.8680
Car -1 -1 -4.5443 479.8600 179.5694 508.5341 198.2360 1.4376 1.6517 4.1393 -9.4771 2.0071 59.1426 -4.7029 -5.8790
Car -1 -1 -4.4170 582.3250 178.6369 618.8297 198.9134 1.4422 1.6572 4.0784 -0.7001 1.8984 54.7605 -4.4302 -5.8848
Car -1 -1 -4.6532 564.7778 177.4468 590.6683 198.7845 1.4071 1.5803 3.9223 -2.2511 1.7402 50.4024 -4.6980 -5.8867
Car -1 -1 -4.3203 228.0807 180.4316 306.7552 218.7824 1.4626 1.6083 3.8832 -14.3106 1.8010 30.2757 -4.7588 -5.8867
Car -1 -1 -4.5158 462.4012 179.4049 490.7628 197.5034 1.4210 1.5846 3.9278 -11.0922 1.9839 60.0574 -4.6980 -5.8867
Car -1 -1 -4.6280 253.0152 182.7554 300.0085 216.4108 1.4364 1.6713 4.2451 -15.8743 1.9397 34.4174 -5.0575 -5.9199
Car -1 -1 -4.6243 241.4733 186.0345 280.4473 213.3499 1.3842 1.6237 4.1530 -19.7835 2.1726 40.9443 -5.0722 -5.9464
Car -1 -1 -4.2035 217.4432 182.6673 322.1049 226.8439 1.4323 1.6423 4.1517 -12.3829 1.8211 26.4726 -4.6376 -5.9667
Car -1 -1 -7.4919 1241.0000 162.2805 1241.0000 331.0950 1.4441 1.6075 4.2317 9.6403 1.3533 7.6095 -6.6082 -6.1416
Car -1 -1 -5.0215 321.6275 181.7388 358.0471 203.0359 1.6909 1.6188 4.4750 -23.0574 2.4748 61.4302 -5.3795 -6.2875
Car -1 -1 -7.8073 1077.3899 192.0149 1241.0000 374.0000 1.4700 1.3922 3.4025 5.3053 1.6920 6.6203 -7.1542 -7.9919
