Car -1 -1 -4.3231 220.0249 189.8211 345.1371 256.4295 1.4607 1.5682 3.9325 -8.4194 1.9497 18.8218 -4.7389 5.8465
Car -1 -1 -4.0377 0.0000 199.1163 155.8755 343.6069 1.4390 1.6149 3.8022 -8.2061 1.8644 9.7885 -4.7221 4.9888
Car -1 -1 -7.8540 569.5441 180.4879 608.8768 220.8998 1.6451 1.6430 3.9385 -0.9724 2.0057 32.1198 -7.8848 4.1984
Car -1 -1 -4.4809 364.1459 183.0193 427.6258 227.3133 1.6490 1.6720 3.7832 -8.7676 2.0942 29.6839 -4.7662 3.9959
Car -1 -1 -4.6263 428.0775 186.1353 465.1832 215.2597 1.4938 1.7083 4.2195 -9.3143 2.2929 41.2246 -4.8476 1.4544
Car -1 -1 -2.3844 669.1878 178.9167 726.1334 204.8385 1.5431 1.6574 3.3458 5.4780 1.9413 45.6166 -2.2662 -0.9746
Car -1 -1 -4.6266 468.5894 183.3298 499.9082 209.7396 1.5434 1.6295 3.8867 -7.9666 2.2366 45.7642 -4.7984 -2.0361
Car -1 -1 -4.1785 488.4269 184.3333 536.8155 207.4189 1.5162 1.6287 3.9964 -6.9558 2.3726 51.6910 -4.3121 -2.0453
Car -1 -1 -4.5860 487.5026 182.9420 514.6655 203.6485 1.4988 1.6194 3.8056 -8.4479 2.3086 56.0192 -4.7354 -2.6950
Car -1 -1 -4.9998 494.8312 185.4454 539.1873 211.4407 1.5028 1.6785 4.2305 -6.0359 2.3483 46.1904 -5.1295 -2.9079
Car -1 -1 -4.6679 436.1573 183.7207 474.3992 216.8964 1.4923 1.6838 3.9739 -7.6891 2.0647 35.9297 -4.8777 -2.9384
Car -1 -1 -4.5082 473.2835 181.8215 507.7794 205.5764 1.5625 1.6361 3.9593 -8.4272 2.2209 50.9902 -4.6716 -3.1146
Car -1 -1 -5.0428 642.3831 179.8216 677.9307 201.4861 1.5919 1.6222 3.7841 3.8508 2.1556 56.3680 -4.9755 -3.3191
Car -1 -1 -8.0537 748.5748 165.8616 782.5557 189.0800 1.6676 1.6967 4.0532 11.5347 1.1651 53.8579 -7.8441 -3.3895
Car -1 -1 -5.1615 734.2387 171.9772 783.8608 195.8860 1.5515 1.6553 4.1433 10.0346 1.4943 49.0328 -4.9612 -3.5096
Car -1 -1 -4.6056 505.9911 181.5308 531.1598 202.8278 1.5604 1.5602 3.7276 -7.1253 2.2594 56.2736 -4.7314 -3.5983
Car -1 -1 -7.7938 535.6394 186.4622 566.4134 212.9716 1.5541 1.7348 4.1019 -3.7896 2.4697 46.4926 -7.8752 -4.0736
Car -1 -1 -7.7100 467.8720 182.7213 511.9486 215.0327 1.4781 1.6211 4.0430 -6.0173 2.0019 36.2876 -7.8737 -4.2696
Car -1 -1 -5.0283 761.7966 182.1599 812.4293 212.4966 1.3579 1.4556 3.1625 8.4811 1.8293 34.9345 -4.7926 -4.3787
Car -1 -1 -4.8154 592.1700 185.4724 622.6760 209.0178 1.4025 1.5769 4.1384 -0.2442 2.2690 47.4184 -4.8211 -4.4015
Car -1 -1 -4.9973 604.6555 181.3448 640.7079 203.1827 1.5977 1.6903 4.3060 0.9260 2.2938 56.8792 -4.9816 -4.6959
Car -1 -1 -4.0986 207.0654 189.3786 269.0692 213.6451 1.5625 1.7708 4.3540 -26.6666 2.8017 51.8425 -4.5719 -4.8425
Car -1 -1 -4.7126 344.6031 188.3542 370.8292 214.9892 1.5222 1.5049 3.7862 -15.9877 2.5461 45.6404 -5.0481 -4.9476
Car -1 -1 -7.9583 933.9691 172.5527 1038.4957 256.0368 1.5257 1.5314 3.3217 7.6416 1.5199 15.0100 -7.4959 -4.9508
Car -1 -1 -4.4827 341.6345 187.6309 378.0328 214.2511 1.8187 1.7207 3.8286 -18.5287 2.9549 53.5010 -4.8149 -4.9585
Car -1 -1 -4.6953 507.2222 182.8576 526.4864 199.9159 1.5309 1.7765 4.7156 -9.0311 2.5358 70.0604 -4.8234 -5.0738
Car -1 -1 -4.1928 312.7063 187.9377 383.9740 223.8831 1.5712 1.6989 3.5744 -12.6709 2.3435 35.0478 -4.5377 -5.1365
Car -1 -1 -4.6056 236.2968 190.0359 271.5354 213.4335 1.3917 1.6834 4.1292 -23.8731 2.5975 48.4186 -5.0617 -5.2126
Car -1 -1 -4.7954 657.6860 174.0431 684.2689 195.9966 1.7202 1.8199 4.0303 4.9035 1.8201 58.7720 -4.7130 -5.2460
Car -1 -1 -4.6949 391.0307 187.8407 423.2425 219.6120 1.6383 1.6889 3.6429 -11.5384 2.5316 41.0464 -4.9677 -5.4116
Car -1 -1 -4.3802 298.2422 187.3978 359.4305 221.1822 1.6283 1.7297 4.3879 -15.1078 2.4572 38.9139 -4.7486 -5.4648
Car -1 -1 -4.7333 606.7277 182.6111 630.5447 207.5770 1.6574 1.6027 3.4312 0.5509 2.3697 50.9716 -4.7232 -5.5167
Car -1 -1 -4.7288 259.6972 188.7740 286.0793 212.0387 1.5334 1.6832 4.1049 -24.7261 2.7469 52.8007 -5.1652 -5.6478
Car -1 -1 -4.6367 364.1666 185.6951 400.2350 214.7601 1.5015 1.6688 3.9338 -13.0041 2.2726 41.2390 -4.9407 -5.6655
Car -1 -1 -4.9190 380.6784 187.8019 422.1538 212.8744 1.4225 1.6802 4.3535 -13.3806 2.4235 46.0166 -5.2008 -5.6781
Car -1 -1 -4.8282 538.2106 181.6148 563.3253 201.0592 1.5206 1.6386 4.0182 -5.0214 2.2805 60.4783 -4.9111 -5.7804
Car -1 -1 -4.6287 266.1824 184.5046 298.3499 210.2640 1.6061 1.6582 4.0217 -22.2975 2.4341 49.1260 -5.0530 -5.7879
Car -1 -1 -8.0832 638.8647 181.4786 663.1109 202.4065 1.8940 1.5603 3.4175 3.8515 2.7356 68.6155 -8.0278 -5.7938
Car -1 -1 -4.4680 253.7164 185.7334 308.6366 218.4122 1.5299 1.6730 4.0103 -17.0823 2.2382 37.5748 -4.8924 -5.8075
Car -1 -1 -4.6660 255.5931 186.1989 298.8683 221.1254 1.4766 1.6757 4.0515 -15.8273 2.1525 34.3713 -5.0949 -5.8343
Car -1 -1 -4.7078 250.4540 187.6884 296.5572 226.6803 1.4351 1.6543 4.0427 -14.1945 2.1046 30.3986 -5.1416 -5.8421
Car -1 -1 -4.8320 564.6409 180.3623 591.1506 199.7522 1.4497 1.6500 3.9417 -2.6247 2.0708 57.6368 -4.8777 -5.8867
Car -1 -1 -4.3022 436.3297 181.6249 480.5161 204.1352 1.4816 1.6476 3.9012 -10.7309 2.1288 51.1882 -4.5082 -5.8867
Car -1 -1 -4.2758 0.0000 190.0573 99.4653 285.6397 1.4648 1.6571 4.2736 -11.9407 1.8563 14.1540 -4.9674 -5.9874
Car -1 -1 -8.4103 1054.7932 70.9988 1241.0000 374.0000 1.5241 1.6563 3.7662 3.1125 1.4427 2.6080 -7.5912 -6.1917
Car -1 -1 -7.4877 380.4937 187.4287 452.3705 224.9985 1.5188 1.7354 4.3679 -8.8422 2.2346 33.1896 -7.7466 -6.3420
Car -1 -1 -4.6416 602.3234 182.7134 625.1600 202.3605 1.5319 1.6506 3.6306 0.3133 2.3771 60.0089 -4.6369 -6.4816
