Car -1 -1 -7.8665 579.0720 169.4529 607.6851 198.3813 1.6553 1.6383 3.7579 -1.0582 1.4604 43.1952 -7.8913 5.3172
Car -1 -1 -4.2046 14.8337 182.0941 108.2364 219.0967 1.5996 1.6808 4.2708 -26.1481 2.0701 34.5352 -4.8491 -0.8705
Car -1 -1 -3.0189 406.1174 175.3261 485.2694 205.6038 1.4910 1.6302 3.7528 -8.3407 1.6199 36.6932 -3.2413 -1.7603
Car -1 -1 -4.8402 503.4315 172.4679 533.6507 194.3226 1.5246 1.6781 4.0059 -6.7191 1.4974 52.4854 -4.9673 -2.9045
Car -1 -1 -4.7341 511.1473 171.3259 531.9078 190.4494 1.4899 1.5795 3.4072 -7.1629 1.3705 58.0143 -4.8566 -3.0388
Car -1 -1 -4.6241 506.5399 171.2089 530.4404 190.1377 1.5588 1.6808 3.9065 -7.7793 1.4230 61.4030 -4.7499 -3.1234
Car -1 -1 -7.6340 379.5323 177.9705 447.8232 221.8940 1.4110 1.5636 3.6125 -6.8829 1.6042 25.4449 -7.8960 -3.4026
Car -1 -1 -3.9720 208.9118 178.7504 273.8728 202.7718 1.5734 1.6141 4.2463 -25.8155 2.0054 50.6330 -4.4416 -3.5121
Car -1 -1 -4.7545 638.7736 170.1608 657.6596 185.7020 1.4712 1.6631 4.0364 3.6794 1.2160 70.3320 -4.7027 -3.5666
Car -1 -1 -4.2474 0.0000 187.4718 61.0422 227.4453 1.5080 1.6348 4.2173 -25.7328 2.1830 31.0938 -4.9347 -3.8015
Car -1 -1 -3.8719 136.8158 178.7775 221.0917 205.9869 1.5065 1.6224 4.3679 -25.7895 1.8807 43.2896 -4.4067 -3.9864
Car -1 -1 -6.1922 392.9683 175.3153 461.7382 203.6101 1.6265 1.5794 3.8209 -10.8040 1.7757 42.7410 -6.4387 -4.1256
Car -1 -1 -4.9897 658.5868 167.2885 695.7977 189.7930 1.5847 1.6808 3.9860 4.8519 1.1925 52.9214 -4.8991 -4.1445
Car -1 -1 -2.5554 464.7339 174.0203 525.3331 194.8015 1.5495 1.7290 4.3961 -8.9068 1.6420 55.6900 -2.7135 -4.1922
Car -1 -1 -4.2904 481.3111 170.8092 524.2314 195.7364 1.5989 1.6018 3.3438 -7.1408 1.4674 48.1083 -4.4373 -4.2191
Car -1 -1 -4.3952 440.4050 174.0904 493.3667 201.1838 1.4918 1.7111 4.5399 -8.3481 1.5681 42.3027 -4.5893 -4.2445
Car -1 -1 -4.7869 607.6141 172.3393 630.9822 191.4770 1.5784 1.6904 4.0428 0.7372 1.5357 61.5807 -4.7753 -4.3897
Car -1 -1 -4.8250 589.2552 173.4866 615.2792 192.4354 1.5519 1.7512 4.1597 -0.7181 1.6073 61.4107 -4.8370 -4.5107
Car -1 -1 -4.7559 387.8980 177.0202 418.7303 204.7746 1.6094 1.6524 4.3277 -12.9202 1.8814 44.8492 -5.0352 -4.5392
Car -1 -1 -7.7509 425.4565 172.2988 472.2074 208.5618 1.5488 1.6540 4.2437 -7.3462 1.5248 33.0197 -7.9685 -4.5773
Car -1 -1 -4.5972 524.8722 175.9469 547.2848 194.2103 1.5762 1.5831 3.7533 -6.6319 1.8617 64.7958 -4.6992 -4.6174
Car -1 -1 -3.3995 504.6743 171.3050 575.7706 198.1874 1.6359 1.6894 4.1613 -4.4306 1.5413 45.4236 -3.4965 -4.6323
Car -1 -1 -4.9202 645.7597 168.2833 673.6227 188.7010 1.7977 1.7915 3.6988 4.4547 1.3949 65.4839 -4.8529 -4.6698
Car -1 -1 -4.7217 298.1526 177.5682 328.1624 205.4884 1.6460 1.6798 4.4272 -18.8504 1.9597 45.7012 -5.1111 -4.9846
Car -1 -1 -4.6893 596.7892 168.5688 622.7163 195.1158 1.6583 1.6018 4.3780 -0.0105 1.3903 47.2779 -4.6899 -5.0350
Car -1 -1 -4.6481 601.4642 174.5362 621.3513 192.2428 1.5282 1.5506 3.6370 0.1274 1.6826 64.4921 -4.6466 -5.0356
Car -1 -1 -5.6043 81.1143 181.6151 182.9974 213.9045 1.5682 1.6889 4.1876 -24.2734 2.0256 36.6527 -6.1861 -5.0397
Car -1 -1 -4.7516 355.6259 176.2791 381.4662 197.6955 1.6547 1.8198 4.8171 -19.8538 1.9474 59.1481 -5.0744 -5.0799
Car -1 -1 -4.9771 408.5205 175.5408 446.9687 197.8190 1.5382 1.6807 4.1728 -13.3502 1.7420 52.5853 -5.2248 -5.1447
Car -1 -1 -4.6113 357.9535 176.1465 397.0259 205.6275 1.5043 1.6206 4.1420 -12.7080 1.6943 39.5024 -4.9209 -5.2287
Car -1 -1 -2.5598 627.7855 166.6732 684.9683 189.4041 1.7297 1.7169 4.2516 3.6044 1.2591 56.8691 -2.4971 -5.2482
Car -1 -1 -4.8524 387.1623 175.1405 429.1060 202.9207 1.4160 1.6182 4.3137 -11.1247 1.5480 39.4560 -5.1258 -5.6192
Car -1 -1 -4.1493 197.3146 182.1432 312.3896 233.6305 1.6176 1.6409 4.2479 -12.5190 1.9761 25.6667 -4.5994 -5.7105
Car -1 -1 -3.8320 0.0000 184.6111 125.1988 288.4676 1.6813 1.8561 4.5315 -12.5770 1.9582 14.6176 -4.5336 -5.8145
Car -1 -1 -4.3368 305.8995 178.2243 341.5008 197.6943 1.5091 1.5588 3.3599 -23.2109 1.9570 58.5344 -4.7131 -5.8406
Car -1 -1 -4.0823 1241.0000 106.6192 1241.0000 374.0000 1.4797 1.6214 4.0594 5.3477 1.2982 2.9533 -3.0574 -5.8835
Car -1 -1 -3.7069 0.0000 188.3224 66.1507 374.0000 1.5029 1.6056 3.9593 -4.2768 1.5994 2.5239 -4.6976 -5.8867
Car -1 -1 -9.2439 0.0000 0.0000 1241.0000 374.0000 1.5078 1.5808 3.7936 4.7186 1.4298 0.9967 -7.9398 -5.8867
Car -1 -1 -6.9170 0.0000 0.0000 1241.0000 374.0000 1.5427 1.5888 3.8036 -2.1018 1.6262 1.0045 -7.9392 -5.8867
Car -1 -1 -3.5046 0.0000 187.8619 0.0000 374.0000 1.4919 1.6024 3.9528 -7.0817 1.5856 2.5311 -4.6973 -5.8867
Car -1 -1 -7.5650 151.5238 0.0000 1241.0000 374.0000 1.5437 1.5883 3.8044 -0.4936 1.6120 1.0056 -7.9392 -5.8867
Car -1 -1 -9.1169 0.0000 0.0000 1241.0000 374.0000 1.5268 1.5858 3.8006 3.1111 1.5115 0.9970 -7.9398 -5.8867
Car -1 -1 -2.2059 0.0000 193.3894 0.0000 374.0000 1.5136 1.6360 3.7579 -8.3638 1.7347 6.8328 -3.0723 -5.9087
Car -1 -1 -4.6857 365.5073 175.2613 389.7657 195.4080 1.4412 1.6270 4.1458 -17.4989 1.6297 54.3637 -4.9960 -5.9405
Car -1 -1 -4.2594 0.0000 185.7933 0.0000 323.1082 1.4200 1.6093 4.2815 -11.8684 1.6432 10.1775 -5.1082 -5.9632
Car -1 -1 -3.3237 1194.7699 125.1310 1241.0000 184.9178 1.6082 1.7065 4.2066 19.9945 0.3242 21.2562 -2.5755 -6.1182
Car -1 -1 -5.5509 0.0000 188.9837 22.3942 246.2926 1.7182 1.7106 4.3061 -21.6637 2.2525 23.0258 -6.3001 -6.1477
Car -1 -1 -7.7672 1171.9381 150.0166 1241.0000 204.9933 1.4735 1.6157 3.0532 17.5385 0.8611 20.9942 -7.0782 -6.3169
