Car -1 -1 -7.8975 573.8608 181.0753 602.8176 208.3085 1.6258 1.6829 3.6521 -1.4531 2.1722 46.0968 -7.9294 4.4913
Car -1 -1 -7.6595 879.5206 172.7229 905.3601 188.3814 1.4310 1.5829 3.7238 26.5935 1.4187 67.9374 -7.2881 -0.0651
Car -1 -1 -7.7532 936.2028 164.1646 961.0396 180.7337 1.4625 1.6700 3.9523 30.8861 0.6952 65.8126 -7.3163 -1.3350
Car -1 -1 -4.7078 944.7603 174.3763 979.1921 203.1158 1.4449 1.5791 3.5197 18.6882 1.5297 38.4076 -4.2584 -2.2834
Car -1 -1 -7.1851 908.4639 164.3901 961.4628 186.3907 1.7867 1.7379 4.3306 27.1727 1.0991 60.3707 -6.7642 -2.2888
Car -1 -1 -4.5876 468.2294 182.3189 501.1830 209.0405 1.5780 1.6056 3.7976 -7.9629 2.2054 45.9144 -4.7588 -2.4476
Car -1 -1 -7.6648 434.5323 183.1198 480.4568 215.7746 1.4988 1.6150 3.4619 -7.5852 2.0350 35.9600 -7.8717 -2.6934
Car -1 -1 -4.8354 1061.6812 174.0570 1092.9482 193.0299 1.4282 1.5896 3.8111 36.6090 1.5257 56.6361 -4.2642 -2.8736
Car -1 -1 -4.6619 198.2668 180.1992 223.3728 201.8652 1.6289 1.5805 3.1699 -31.6525 2.2292 57.2199 -5.1654 -3.1885
Car -1 -1 -4.5094 474.6404 183.0273 509.4666 205.9020 1.4947 1.6749 3.8838 -8.3019 2.2395 50.8776 -4.6708 -3.3269
Car -1 -1 -7.3144 348.2182 183.0950 389.1015 203.1797 1.6301 1.6272 3.8380 -20.9474 2.5488 62.6991 -7.6359 -3.4125
Car -1 -1 -8.2634 684.9257 176.5971 740.9702 207.2269 1.5535 1.6351 3.7555 5.4814 1.7666 39.1186 -8.1257 -3.4715
Car -1 -1 -4.5865 413.7843 184.8894 465.6079 222.6393 1.4553 1.6475 4.5358 -7.4288 2.0219 31.6486 -4.8157 -3.6368
Car -1 -1 -4.6526 175.5241 187.1650 198.9554 205.2271 1.4684 1.5651 3.7446 -37.4249 2.7755 63.8908 -5.1809 -3.9758
Car -1 -1 -4.4741 935.9756 174.1257 970.0712 193.2993 1.4480 1.5730 3.8211 26.9684 1.5512 56.7356 -4.0327 -4.0261
Car -1 -1 -3.7217 135.4240 187.6678 187.5736 207.5415 1.4151 1.5707 3.0555 -34.5839 2.5927 55.6537 -4.2758 -4.0536
Car -1 -1 -7.7106 641.8199 176.3649 663.9237 194.7297 1.7059 1.6220 3.7251 4.1516 2.0548 69.7721 -7.6518 -4.0559
Car -1 -1 -5.2773 595.2744 181.6465 654.4778 208.9620 1.5173 1.6291 4.1028 0.8100 2.0754 43.6545 -5.2595 -4.1278
Car -1 -1 -5.1057 897.8975 166.0704 940.1235 186.3313 1.7303 1.8100 4.5747 27.2819 1.1507 63.9139 -4.7041 -4.1665
Car -1 -1 -8.0104 645.8543 174.7426 672.6613 196.7980 1.7515 1.6325 3.7740 4.0086 1.9123 59.5874 -7.9440 -4.3042
Car -1 -1 -4.7805 151.0978 186.6912 177.3746 203.9040 1.4473 1.7750 4.3690 -41.2199 2.7691 66.6488 -5.3328 -4.3129
Car -1 -1 -4.3596 493.8848 182.9975 535.1527 206.7332 1.5916 1.6425 4.1505 -6.9210 2.3599 52.4721 -4.4906 -4.3586
Car -1 -1 -4.6296 506.5047 185.2128 529.0366 204.4016 1.5244 1.5969 3.9792 -7.9115 2.6199 61.9510 -4.7565 -4.4100
Car -1 -1 -6.5331 1072.9119 135.5874 1241.0000 192.4763 1.5263 1.5890 3.6425 15.5841 0.5262 20.7819 -5.8963 -4.4570
Car -1 -1 -7.0386 750.7507 179.2899 840.8237 215.9019 1.3641 1.4542 3.4321 7.4013 1.6344 28.8692 -6.7906 -4.8865
Car -1 -1 -7.7480 753.3459 156.8586 782.1197 181.9740 1.7628 1.6423 4.0879 11.5552 0.6398 52.8416 -7.5340 -4.9649
Car -1 -1 -7.8091 577.9247 181.5992 607.2321 210.6637 1.5673 1.5426 3.5359 -1.0095 2.0948 41.7650 -7.8337 -5.0541
Car -1 -1 -4.4718 450.2484 183.4259 492.5448 211.3560 1.4725 1.5838 3.4874 -7.8960 2.1015 41.1715 -4.6606 -5.1500
Car -1 -1 -4.8147 491.3268 182.7054 521.5590 208.9659 1.5454 1.5554 3.3233 -6.6106 2.1924 45.6127 -4.9583 -5.1551
Car -1 -1 -4.9580 918.9503 176.5101 963.3856 203.7840 1.4779 1.4415 3.7487 18.9955 1.6984 41.5992 -4.5327 -5.4786
Car -1 -1 -8.2384 612.4301 176.0519 653.4240 200.6129 1.7511 1.7125 3.9449 1.6474 2.0003 54.1483 -8.2086 -5.4793
Car -1 -1 -5.0442 516.4212 182.2674 561.7762 206.6695 1.5429 1.7442 4.4923 -4.9859 2.2247 49.8814 -5.1438 -5.6102
Car -1 -1 -6.8694 1214.2263 113.0407 1241.0000 374.0000 1.5173 1.6827 4.1832 6.9100 1.2428 4.8117 -5.9352 -5.6312
Car -1 -1 -4.5846 568.2261 179.8485 598.2852 201.8582 1.4905 1.6724 4.0979 -1.9288 2.0180 52.3251 -4.6217 -5.7569
Car -1 -1 -4.8002 406.4501 186.8810 436.4033 211.4596 1.5814 1.6995 4.0833 -13.4335 2.6184 51.1525 -5.0562 -5.7903
Car -1 -1 -4.6192 131.1237 184.0146 159.1678 202.2194 1.4967 1.7040 4.3481 -41.5254 2.5298 64.4896 -5.1896 -5.8311
Car -1 -1 -4.6410 87.6283 183.0333 116.4867 202.8411 1.5039 1.6459 4.0099 -41.6064 2.3679 59.1262 -5.2523 -5.8867
Car -1 -1 -4.7787 1148.9419 169.8444 1181.2003 190.0977 1.4565 1.6362 3.9948 41.4704 1.2398 54.0069 -4.1267 -5.8867
Car -1 -1 -4.7073 166.2648 183.1257 186.9189 199.7734 1.4830 1.6540 4.0826 -41.5299 2.4980 69.1402 -5.2467 -5.8867
Car -1 -1 -4.6937 545.5362 180.4417 565.1610 198.7094 1.4683 1.6022 3.9607 -4.6702 2.1381 61.6985 -4.7693 -5.8867
Car -1 -1 -4.3981 421.5095 180.7811 463.8845 204.4549 1.4638 1.6155 3.9031 -11.1023 2.0127 47.9770 -4.6247 -5.8867
Car -1 -1 -4.6209 64.4963 183.0014 96.3003 203.7730 1.5106 1.6487 4.0128 -41.6073 2.3380 56.7133 -5.2517 -5.8867
Car -1 -1 -4.7359 540.2961 180.1314 563.9473 201.7440 1.4670 1.6128 3.9817 -4.2670 2.0164 52.4314 -4.8172 -5.8867
Car -1 -1 -4.7495 1119.6766 168.8007 1147.6888 187.6749 1.4416 1.6355 4.0003 41.4684 1.1317 57.2299 -4.1250 -5.8867
Car -1 -1 -4.6614 112.1263 183.9184 138.2906 203.1890 1.5311 1.6562 4.0161 -41.6036 2.5136 61.9424 -5.2510 -5.8867
Car -1 -1 -6.9161 0.0000 0.0000 1241.0000 374.0000 1.5586 1.5947 3.8085 -2.1018 1.6793 1.0020 -7.9391 -5.8867
Car -1 -1 -4.4917 564.1848 180.2022 592.8362 198.6800 1.4940 1.6496 3.9018 -2.6969 2.1466 62.0473 -4.5353 -5.8867
Car -1 -1 -4.7396 403.1167 181.1457 422.0486 198.9456 1.5768 1.6130 3.9445 -18.6514 2.3824 68.0140 -5.0066 -5.8903
Car -1 -1 -4.8015 505.4461 183.6342 526.5358 200.0385 1.5100 1.7140 4.0177 -9.3453 2.6083 71.3851 -4.9316 -5.9070
Car -1 -1 -8.4470 1047.2850 176.1743 1241.0000 374.0000 1.4389 1.6600 3.6570 3.0901 1.4595 2.5758 -7.6260 -6.1615
Car -1 -1 -4.6246 599.9910 184.2186 621.8027 203.4758 1.5556 1.5820 3.5466 0.0789 2.5654 62.2910 -4.6239 -6.2055
Car -1 -1 -4.8577 1055.2345 172.1680 1103.0516 201.5344 1.3785 1.5321 3.0532 23.0345 1.3460 35.5760 -4.2872 -6.2476
Car -1 -1 -5.2913 975.5833 172.8389 1056.2091 200.1842 1.3658 1.7044 4.1529 21.3223 1.3648 38.1720 -4.7855 -7.5332
