Car -1 -1 -4.2791 206.3342 187.2239 357.1108 255.0329 1.3646 1.6458 4.3305 -7.8459 1.7587 17.6254 -4.6927 7.5402
Car -1 -1 -7.9072 588.6835 172.0840 623.6319 205.0183 1.6643 1.6548 3.6139 -0.2853 1.6251 38.3154 -7.9151 5.2479
Car -1 -1 -4.5149 397.7064 178.5022 462.8593 221.7155 1.4167 1.5794 3.6813 -6.4422 1.6348 26.0184 -4.7557 -0.0264
Car -1 -1 -7.7219 457.8397 175.8389 500.3024 206.2062 1.4825 1.6379 4.2789 -6.8392 1.6477 37.8278 -7.9000 -2.5096
Car -1 -1 -4.1105 404.4761 176.5925 487.1059 215.3780 1.5331 1.6249 3.7309 -7.0044 1.7037 30.9473 -4.3317 -3.0406
Car -1 -1 -4.9971 152.0663 183.1583 210.1118 213.2309 1.5004 1.6148 4.2002 -23.4989 2.0918 39.4101 -5.5320 -3.1689
Car -1 -1 -2.7016 445.1343 176.7968 517.0767 203.2809 1.5951 1.7145 4.0995 -8.0987 1.8494 45.2244 -2.8782 -3.2160
Car -1 -1 -5.1990 424.1093 177.5854 493.9310 210.1459 1.4990 1.6463 4.1607 -7.6167 1.7484 35.9605 -5.4066 -3.4815
Car -1 -1 -3.8797 0.0000 186.0250 106.1099 223.7655 1.5146 1.6556 4.0422 -25.2536 2.1480 32.5823 -4.5353 -3.6311
Car -1 -1 -4.6889 240.3377 184.1853 312.2042 243.6691 1.4549 1.6966 3.6904 -9.4346 1.8077 20.4520 -5.1165 -4.3803
Car -1 -1 -4.9044 426.0632 179.4421 464.9440 204.2812 1.4878 1.6208 4.5468 -10.7732 1.9377 46.9012 -5.1294 -4.6228
Car -1 -1 -4.4429 325.8760 177.7631 355.8327 196.1401 1.5918 1.6282 3.6534 -24.3780 2.0493 65.3991 -4.7986 -4.6526
Car -1 -1 -4.1058 89.4933 184.2025 175.6991 216.3903 1.5430 1.6455 4.3046 -25.2493 2.1792 38.2949 -4.6857 -4.8129
Car -1 -1 -4.8398 486.3987 178.1202 526.4756 207.1420 1.3898 1.6122 3.4093 -5.4020 1.6737 37.0849 -4.9839 -4.8908
Car -1 -1 -2.7691 572.7250 175.4081 638.8186 201.9971 1.6171 1.5925 3.8617 -0.2990 1.7833 45.5926 -2.7761 -4.8911
Car -1 -1 -4.2966 179.4949 185.8463 245.4112 217.5140 1.4509 1.5829 3.6179 -20.0434 2.1408 36.4608 -4.7964 -4.9560
Car -1 -1 -4.4140 295.1356 180.4022 364.3568 222.2056 1.5860 1.6287 3.8046 -11.6155 1.9203 30.0335 -4.7804 -4.9852
Car -1 -1 -4.8390 704.8019 169.3307 739.9144 196.1283 1.5591 1.6315 3.7898 6.7531 1.3538 43.8933 -4.6877 -5.0061
Car -1 -1 -7.9208 455.1913 178.4395 502.1367 220.9410 1.4415 1.4851 3.2982 -4.9557 1.6618 26.7212 -8.1030 -5.0506
Car -1 -1 -4.1303 264.8054 178.4556 326.6004 202.9763 1.6507 1.7954 4.7151 -22.6681 2.0748 52.1830 -4.5385 -5.1725
Car -1 -1 -4.8349 233.8197 183.7799 277.7736 215.7333 1.4874 1.5864 3.6381 -18.1784 2.0752 36.8822 -5.2902 -5.1762
Car -1 -1 -5.0328 401.4313 178.5054 435.5755 198.1798 1.5714 1.6340 3.9174 -16.2201 2.0646 60.9151 -5.2922 -5.1886
Car -1 -1 -4.7432 471.2666 181.1668 490.8273 198.4432 1.4472 1.6023 3.3376 -11.4754 2.2046 63.9686 -4.9204 -5.2390
Car -1 -1 -4.9752 435.2378 177.2403 469.7292 196.8146 1.4701 1.6761 4.0712 -12.5842 1.8318 57.3648 -5.1905 -5.2404
Car -1 -1 -4.6238 382.7056 178.7540 407.3918 198.8498 1.5793 1.5950 4.3972 -17.9718 2.0916 60.3747 -4.9123 -5.2497
Car -1 -1 -4.2112 231.0057 180.6003 284.4884 202.2148 1.4328 1.6555 4.0953 -25.0546 2.0068 51.4098 -4.6629 -5.2827
Car -1 -1 -4.7530 615.5078 173.5807 645.2643 201.2557 1.5212 1.5464 4.1012 1.1032 1.5651 41.8309 -4.7273 -5.3531
Car -1 -1 -4.9125 660.0145 163.9164 689.3392 188.0986 1.9975 1.7175 4.0560 5.4681 1.2589 61.7108 -4.8248 -5.3777
Car -1 -1 -4.7132 234.3054 182.3877 269.8898 215.0258 1.6380 1.6738 4.1045 -19.7270 2.1917 39.7143 -5.1719 -5.4324
Car -1 -1 -4.5477 348.3112 178.5138 379.6002 199.3875 1.5482 1.6660 4.2080 -19.3914 2.0118 56.9264 -4.8749 -5.4647
Car -1 -1 -4.6212 307.8737 181.8940 352.3169 214.2608 1.4608 1.6682 4.5631 -14.0626 1.9461 36.3397 -4.9884 -5.4852
Car -1 -1 -6.5477 674.9053 160.2984 737.0076 182.4697 1.7458 1.7602 4.6482 7.6621 0.7568 57.9975 -6.4172 -5.4973
Car -1 -1 -5.7425 0.0000 183.5650 0.0000 374.0000 1.6829 1.6787 4.0724 -8.1145 1.7896 5.6428 -6.6830 -5.5352
Car -1 -1 -4.6285 246.6540 182.1147 298.0448 217.8510 1.3763 1.6545 4.1900 -14.5663 1.8054 31.2065 -5.0622 -5.6261
Car -1 -1 -4.9491 673.0606 170.1899 709.7463 194.8036 1.7328 1.7514 4.0985 5.8939 1.5449 52.9393 -4.8392 -5.6697
Car -1 -1 -4.4347 244.8948 181.5129 308.0416 214.4956 1.4212 1.6583 4.1021 -15.8361 1.8592 34.3734 -4.8638 -5.6899
Car -1 -1 -4.5328 235.9339 182.3831 312.3476 228.4510 1.4308 1.7085 4.2405 -11.8485 1.7986 25.6124 -4.9625 -5.7551
Car -1 -1 -4.5553 258.8278 178.5275 303.4106 208.4830 1.5459 1.6463 4.0010 -18.2935 1.8786 40.1974 -4.9801 -5.7870
Car -1 -1 -4.6567 299.1050 179.3336 337.7532 208.4021 1.4441 1.6948 4.5431 -15.8739 1.8189 39.3488 -5.0381 -5.8692
Car -1 -1 -4.1838 1214.1609 97.2729 1241.0000 374.0000 1.5065 1.6234 3.9327 5.0156 1.2915 2.9506 -3.1874 -5.8867
Car -1 -1 -4.4816 258.6800 179.5110 325.8905 218.1254 1.4003 1.5772 4.0449 -12.7286 1.6875 29.0313 -4.8917 -5.9270
Car -1 -1 -6.9343 1232.6960 172.4905 1241.0000 321.1213 1.4234 1.5659 4.0268 9.7574 1.4197 8.0940 -6.0741 -5.9597
Car -1 -1 -3.9999 266.9368 179.7936 368.0038 214.9868 1.4425 1.6935 4.5733 -13.2786 1.7828 32.9743 -4.3802 -5.9640
Car -1 -1 -4.8303 359.5169 180.2572 392.5838 203.5721 1.4308 1.6065 4.1862 -15.6117 1.9453 47.9370 -5.1439 -5.9978
Car -1 -1 -2.8033 612.8342 171.1045 675.5481 194.4394 1.8382 1.8162 4.7518 2.7470 1.7001 58.5716 -2.7570 -6.0668
Car -1 -1 -7.5007 1241.0000 174.6853 1241.0000 374.0000 1.4050 1.5416 4.1174 7.2959 1.4201 4.7746 -6.5375 -6.1074
Car -1 -1 -7.1924 1238.1714 168.6693 1241.0000 277.1048 1.3800 1.5910 4.3130 11.5296 1.3264 10.1356 -6.3573 -6.1552
Car -1 -1 -4.3259 319.6282 174.5769 360.9919 198.3079 1.7492 1.6363 3.8676 -20.6902 1.8859 55.4257 -4.6819 -6.5267
