Car -1 -1 -7.4056 1070.3345 154.3628 1241.0000 261.5127 1.6530 1.6909 3.8444 10.1094 1.3674 12.7466 -6.7467 5.5252
Car -1 -1 -3.2982 0.0000 171.8650 133.6553 280.7709 1.4769 1.6706 4.2223 -10.6471 1.4632 11.9399 -4.0153 5.2612
Car -1 -1 -3.6537 743.3004 152.4016 906.2830 221.6428 1.7981 1.6612 4.0404 5.8675 1.2667 20.0092 -3.3729 0.6075
Car -1 -1 -4.3912 990.5335 158.9754 1051.5658 191.4067 1.6667 1.6701 4.1193 22.2578 0.9531 39.0810 -3.8769 -1.3861
Car -1 -1 -4.8335 1175.9498 154.9926 1241.0000 207.9936 1.5122 1.6018 3.6405 18.8760 1.0023 22.5513 -4.1432 -2.1388
Car -1 -1 -5.0672 281.0762 167.3692 372.7534 220.7630 1.5850 1.5739 3.6864 -9.2507 1.4219 23.3185 -5.4413 -2.4950
Car -1 -1 -6.5300 561.6064 172.5253 648.6700 204.1180 1.4800 1.5802 3.9639 -0.2929 1.4643 35.0675 -6.5388 -3.0439
Car -1 -1 -6.6697 654.0319 169.7709 770.6198 212.5704 1.4555 1.6045 3.8000 3.5855 1.3503 25.7849 -6.5336 -3.2322
Car -1 -1 -2.8899 516.6823 171.4972 676.9324 234.8584 1.4419 1.5892 3.6305 -0.3339 1.4107 17.6112 -2.9094 -3.2842
Car -1 -1 -7.1164 1239.0857 170.8335 1241.0000 266.0652 1.4033 1.5322 3.3765 12.2589 1.3733 11.4432 -6.3097 -3.4328
Car -1 -1 -3.9231 1070.4091 147.9503 1159.9484 172.3352 1.5445 2.0474 4.7343 32.9618 -0.0352 47.1794 -3.3161 -4.1674
Car -1 -1 -5.7890 1202.2570 124.1922 1241.0000 181.0667 1.5162 1.8104 4.5204 20.8312 0.2186 21.6647 -5.0297 -4.3328
Car -1 -1 -3.2207 827.5418 163.4601 941.6237 204.0237 1.6050 1.8238 4.2906 11.2617 1.2330 30.0122 -2.8652 -4.7659
Car -1 -1 -7.0116 912.7555 160.2479 989.4083 185.8255 1.5077 1.7409 4.1110 20.7299 0.7643 43.9551 -6.5736 -4.8250
Car -1 -1 -8.5559 1065.0387 151.8135 1220.1133 204.4802 1.6250 1.8261 4.3574 17.8158 0.9755 24.5066 -7.9331 -5.0427
Car -1 -1 -5.0557 982.9317 160.4604 1041.8300 188.8853 1.6096 1.7514 4.1597 23.8831 0.9075 43.0513 -4.5523 -5.0867
Car -1 -1 -4.1687 1020.4272 158.3038 1097.0854 186.9140 1.6345 1.8366 4.4925 26.7590 0.8030 43.0645 -3.6159 -5.0936
Car -1 -1 -8.4847 716.1601 169.4323 789.9621 203.4793 1.5641 1.6906 3.6472 6.8639 1.4066 35.1566 -8.2939 -5.2340
Car -1 -1 -5.3099 1235.6052 148.4788 1241.0000 206.0031 1.4218 1.5650 3.0954 18.8030 0.8190 19.4874 -4.5499 -5.3941
Car -1 -1 -4.8334 765.5111 161.9861 821.2706 199.4207 1.3621 1.6144 4.0916 7.0867 0.9664 28.3820 -4.5914 -5.4863
Car -1 -1 -3.1355 62.8479 163.8501 198.0591 203.7272 1.5780 1.6771 4.6551 -20.1980 1.2214 30.5207 -3.7163 -5.6154
Car -1 -1 -5.1742 1046.6748 152.1479 1101.4985 172.7979 1.3507 1.6043 3.8006 31.5260 -0.0043 49.1815 -4.6068 -5.6652
Car -1 -1 -2.1317 0.0000 176.4682 8.0791 374.0000 1.3886 1.5514 3.9165 -5.6893 1.4110 3.6765 -3.0952 -5.7068
Car -1 -1 -5.2820 1241.0000 82.8726 1241.0000 374.0000 1.4026 1.5607 4.1506 5.4991 1.3207 2.8552 -4.2315 -5.7173
Car -1 -1 -3.7769 1201.5989 170.6080 1241.0000 299.5452 1.4844 1.6087 3.8349 10.3593 1.4583 9.4425 -2.9610 -5.7279
Car -1 -1 -5.4989 0.0000 181.3511 3.1963 303.1831 1.4743 1.7339 4.0015 -11.0856 1.6011 9.8270 -6.3308 -5.8104
Car -1 -1 -4.0381 0.0000 171.7776 51.7628 257.9333 1.4393 1.5859 3.9830 -13.1913 1.4211 14.0954 -4.7810 -5.8678
Car -1 -1 -2.6144 75.4234 172.1971 218.7408 219.5779 1.4580 1.5773 3.5461 -14.7559 1.4375 23.0568 -3.1787 -5.8851
Car -1 -1 -7.1242 0.0000 157.7611 0.0000 363.9690 1.4371 1.6008 3.8551 -9.3072 1.3316 7.0653 -8.0272 -5.8867
Car -1 -1 -3.9452 108.4013 0.0000 1241.0000 374.0000 1.4953 1.6053 3.9577 -1.8652 1.5346 1.7190 -4.6977 -5.8867
Car -1 -1 -4.9186 800.6284 163.8852 863.9377 201.1745 1.3582 1.5851 3.8644 8.5778 1.0312 28.2732 -4.6272 -5.8867
Car -1 -1 -8.0595 0.0000 0.0000 1084.2162 374.0000 1.4802 1.5934 3.8408 0.3250 1.4873 1.3739 -7.8745 -5.8867
Car -1 -1 -5.9877 0.0000 0.0000 1241.0000 374.0000 1.4871 1.5981 3.9503 6.9785 1.4274 1.7179 -4.6975 -5.8867
Car -1 -1 -4.8392 1218.3959 162.5022 1241.0000 185.8013 1.4665 1.6747 4.0612 41.4676 0.8146 47.5696 -4.1254 -5.8867
Car -1 -1 -3.5144 0.0000 176.5351 0.0000 374.0000 1.4550 1.5911 3.9403 -7.8876 1.4798 2.9372 -4.6979 -5.8867
Car -1 -1 -4.7937 1172.9525 164.9982 1208.7797 186.4638 1.4719 1.6573 4.0256 41.4623 0.9329 51.6072 -4.1198 -5.8867
Car -1 -1 -3.6060 0.0000 0.0000 1241.0000 374.0000 1.4904 1.5995 3.9529 -3.8653 1.5483 1.7285 -4.6975 -5.8867
Car -1 -1 -8.6264 1241.0000 127.9886 1241.0000 374.0000 1.4042 1.5780 3.9713 7.8311 1.1954 5.4419 -7.6879 -5.9249
Car -1 -1 -3.9398 941.6834 166.5734 1028.5979 192.2238 1.3889 1.6241 4.5566 21.0481 1.0485 40.5610 -3.4643 -6.0743
Car -1 -1 -7.2783 1229.0729 165.9693 1241.0000 305.9622 1.3534 1.5420 4.1564 9.4064 1.2866 8.0491 -6.4335 -6.1252
Car -1 -1 -5.5464 0.0000 0.0000 1135.0637 374.0000 1.4863 1.5708 3.9052 2.0651 1.4861 1.8264 -4.7765 -6.5901
