Car -1 -1 -7.8814 580.7415 172.4185 610.0761 200.4642 1.5923 1.6333 3.5424 -0.9362 1.5673 42.7758 -7.9036 4.5374
Car -1 -1 -5.1435 67.2198 186.1034 138.9998 217.0939 1.4747 1.5999 3.8228 -26.3318 2.1917 37.4068 -5.7537 -0.4255
Car -1 -1 -4.7610 511.5170 171.4290 531.8902 190.2903 1.6426 1.6337 3.7188 -7.9773 1.5182 64.8091 -4.8833 -2.3250
Car -1 -1 -4.4908 500.2600 169.6532 534.8432 194.8411 1.6501 1.5600 3.7179 -6.2927 1.4401 49.1943 -4.6176 -2.8142
Car -1 -1 -5.0561 659.9665 167.9819 697.6390 191.1217 1.6599 1.7207 3.4446 5.0475 1.3101 53.6403 -4.9631 -2.9139
Car -1 -1 -4.1692 0.0000 183.6797 86.6142 223.3814 1.6284 1.6750 3.9740 -25.9277 2.1514 32.8004 -4.8343 -3.3526
Car -1 -1 -7.7851 512.3792 170.5581 536.6415 192.3759 1.6752 1.6614 3.7414 -6.7853 1.4986 57.3102 -7.9027 -3.3622
Car -1 -1 -7.6251 433.2604 174.7176 487.0590 209.0220 1.5745 1.6572 4.2896 -7.3371 1.6715 35.5172 -7.8277 -3.3631
Car -1 -1 -2.6213 602.4401 173.0288 647.8200 190.9278 1.5561 1.6367 3.7300 1.3199 1.5718 64.4207 -2.6012 -3.5036
Car -1 -1 -4.1525 107.1325 186.1662 187.8461 215.1025 1.4092 1.6942 4.2326 -25.0550 2.1715 39.2124 -4.7182 -3.5904
Car -1 -1 -9.4452 1159.4961 139.3658 1241.0000 209.7056 1.9334 1.6338 3.3329 18.4632 1.0126 21.5170 -8.7429 -3.6056
Car -1 -1 -3.9943 158.4136 183.5780 233.4930 209.8252 1.4873 1.6567 4.2665 -25.7481 2.1891 44.9840 -4.5119 -3.6210
Car -1 -1 -4.9357 644.0967 165.3715 671.2067 184.5023 1.7189 1.7117 3.7442 4.3589 1.0463 66.8131 -4.8711 -3.7713
Car -1 -1 -4.0928 444.4843 173.8242 508.7215 200.2736 1.5475 1.6791 4.3862 -8.2321 1.6105 44.7307 -4.2741 -3.7988
Car -1 -1 -6.9066 654.1978 162.9923 702.6221 183.5635 1.7698 1.6591 4.0604 6.0380 0.9211 63.8192 -6.8129 -3.9384
Car -1 -1 -4.6545 498.4356 171.4690 521.1182 191.5171 1.6044 1.6567 3.4725 -8.2679 1.4933 59.5410 -4.7921 -4.0944
Car -1 -1 -5.6913 395.8859 177.7700 445.8055 197.0807 1.6157 1.6496 3.9338 -16.4107 2.0512 62.5252 -5.9472 -4.1272
Car -1 -1 -7.8538 463.0305 174.5291 493.4389 203.8696 1.5922 1.6398 4.1010 -7.6255 1.6934 41.5662 -8.0345 -4.4017
Car -1 -1 -4.6391 385.6391 179.2057 407.8651 197.2662 1.5119 1.6080 3.8687 -18.8807 2.0924 63.9132 -4.9255 -4.4401
Car -1 -1 -4.3888 729.8502 166.5406 797.0132 203.9712 1.6120 1.7001 4.5338 7.1442 1.3398 33.4599 -4.1807 -4.5476
Car -1 -1 -7.5404 357.6404 176.3654 446.4449 224.9527 1.4883 1.6461 4.2985 -7.0059 1.6183 24.5961 -7.8155 -4.6222
Car -1 -1 -5.0378 463.6664 176.7040 499.2935 196.9862 1.5810 1.6327 4.1669 -10.6251 1.9090 59.3072 -5.2147 -4.7260
Car -1 -1 -4.4726 328.5631 180.3699 381.8253 214.6440 1.4981 1.5601 3.6269 -12.0648 1.8741 34.2438 -4.8093 -4.7292
Car -1 -1 -4.8458 356.9550 179.1378 401.3742 210.2664 1.4837 1.6436 4.3098 -12.1232 1.8310 37.6184 -5.1558 -4.9385
Car -1 -1 -4.2635 574.2975 173.7048 616.1592 193.7896 1.6865 1.8181 4.6918 -1.2687 1.7638 63.3108 -4.2839 -5.0011
Car -1 -1 -5.4814 518.3184 173.2967 586.2260 198.6910 1.6788 1.7449 4.9444 -4.0832 1.7107 50.0674 -5.5628 -5.2597
Car -1 -1 -4.7826 391.1056 177.1848 423.0948 205.7540 1.6110 1.5684 4.1715 -12.3308 1.8857 43.5896 -5.0570 -5.2707
Car -1 -1 -4.9323 421.4704 176.5192 454.1073 196.9971 1.5018 1.6315 3.9455 -13.3798 1.7958 55.8076 -5.1668 -5.3062
Car -1 -1 -4.8742 402.6360 177.2879 439.5544 202.6343 1.5675 1.6799 4.3645 -12.5831 1.8751 47.7747 -5.1307 -5.3602
Car -1 -1 -6.1290 709.7727 173.5152 786.1259 202.6749 1.4785 1.5475 3.7596 7.2322 1.5143 38.0032 -5.9428 -5.4905
Car -1 -1 -4.7157 312.3569 177.9831 342.2277 204.5813 1.6345 1.7593 4.7196 -18.7732 1.9921 47.8283 -5.0881 -5.5317
Car -1 -1 -4.7783 271.6104 179.4680 300.6133 202.2877 1.5793 1.7000 3.9550 -23.9928 2.0874 53.3234 -5.1995 -5.5701
Car -1 -1 -4.8034 298.6551 177.0159 327.2308 201.1558 1.7073 1.6323 3.8013 -22.2068 2.0293 53.8052 -5.1934 -5.5984
Car -1 -1 -4.8535 336.2502 178.2650 366.2600 199.7513 1.5490 1.6111 4.0413 -19.8776 1.9794 55.2698 -5.1975 -5.6033
Car -1 -1 -4.6348 515.2093 175.2628 535.5890 192.5724 1.5672 1.6231 3.6394 -7.9315 1.7990 67.6906 -4.7513 -5.6239
Car -1 -1 -3.6581 0.0000 186.0858 147.3028 285.0159 1.6736 1.7308 4.5022 -12.6074 1.9975 15.2634 -4.3401 -5.6402
Car -1 -1 -4.5212 313.1479 179.3694 343.3888 198.4551 1.5408 1.6808 4.0013 -24.1170 2.1179 61.8168 -4.8920 -5.6516
Car -1 -1 -4.7305 376.6269 178.5576 401.2637 201.1546 1.6163 1.7177 3.9935 -16.8655 2.0668 54.8656 -5.0277 -5.6545
Car -1 -1 -4.5407 337.9771 175.2799 365.3185 196.4025 1.7448 1.5867 3.7976 -22.2104 1.9599 62.0687 -4.8833 -5.7176
Car -1 -1 -3.0291 153.0085 184.2397 263.3482 222.7304 1.5476 1.6376 4.0377 -17.4346 2.0675 31.4391 -3.5321 -5.8242
Car -1 -1 -5.7488 1241.0000 66.1276 1241.0000 374.0000 1.4258 1.5717 4.0192 6.2423 1.2933 2.9441 -4.6565 -5.8582
Car -1 -1 -4.4077 376.2493 178.6035 410.6200 196.4863 1.3687 1.5651 3.9067 -17.5245 1.8499 58.4530 -4.6980 -5.8867
Car -1 -1 -3.5533 0.0000 186.7175 0.0000 374.0000 1.4848 1.5988 3.9502 -7.0827 1.5791 2.9358 -4.6977 -5.8867
Car -1 -1 -5.6699 0.0000 0.0000 1241.0000 374.0000 1.5037 1.6058 3.9603 2.9588 1.5161 1.7188 -4.6976 -5.8867
Car -1 -1 -3.8054 0.0000 188.7303 195.5077 374.0000 1.5075 1.6071 3.9612 -3.4727 1.6066 2.5237 -4.6976 -5.8867
Car -1 -1 -7.3170 148.9640 0.0000 1241.0000 374.0000 1.5466 1.5937 3.8075 -0.9081 1.6182 0.9961 -7.9398 -5.8867
Car -1 -1 -5.8531 0.0000 0.0000 1241.0000 374.0000 1.4873 1.6010 3.9545 4.5665 1.4419 1.7192 -4.6977 -5.8867
Car -1 -1 -7.2326 0.0000 177.7498 0.0000 328.1945 1.4953 1.6221 3.7494 -10.9080 1.5718 9.3121 -8.0825 -5.9551
Car -1 -1 -7.2243 1241.0000 180.4501 1241.0000 374.0000 1.4166 1.5649 4.1010 7.4812 1.4792 5.1858 -6.2863 -6.0392
Car -1 -1 -5.8050 650.8796 162.7728 715.0702 186.7666 1.9364 1.8332 5.0673 6.0541 1.1225 60.3807 -5.7058 -6.0791
Car -1 -1 -2.4292 0.0000 189.4240 1.9658 374.0000 1.6615 1.8201 4.5435 -8.2491 1.8291 5.9445 -3.3538 -6.0823
Car -1 -1 -5.0055 288.5620 179.0196 320.3755 195.8065 1.5613 1.7237 4.2555 -30.0667 2.1856 70.9040 -5.4054 -6.4721
Car -1 -1 -7.1748 34.2583 187.7888 214.8069 266.3608 1.7063 1.5933 4.1359 -12.3310 2.1357 18.6194 -7.7534 -6.9640
