Car -1 -1 -4.1415 359.7003 181.0455 533.0788 266.0446 1.5231 1.6087 4.2144 -3.3915 1.7258 15.6198 -4.3526 7.7717
Car -1 -1 -4.4114 609.9474 182.2626 684.6519 223.5835 1.4336 1.6420 4.7043 1.5364 1.8395 28.6587 -4.3591 6.3412
Car -1 -1 -7.8020 821.0006 181.9752 881.6990 240.6437 1.6265 1.6339 3.9117 7.6361 1.9409 22.7810 -7.4833 6.2889
Car -1 -1 -4.4876 681.8356 183.4437 731.0662 214.2600 1.4222 1.6709 3.9128 4.9436 1.9945 36.8857 -4.3561 5.3876
Car -1 -1 -7.9083 856.0997 184.8577 887.6707 210.9300 1.4348 1.5756 3.6491 15.7087 2.1909 43.4973 -7.5645 -0.0579
Car -1 -1 -4.6383 737.2612 181.1197 763.8097 203.2549 1.5040 1.6207 4.0310 10.2845 2.1331 52.7927 -4.4475 -1.4450
Car -1 -1 -3.8820 754.5317 180.8093 800.3082 201.6162 1.5710 1.6270 3.3018 13.2395 2.2177 57.1620 -3.6561 -1.7085
Car -1 -1 -4.7767 721.0455 183.2872 752.3061 209.7198 1.4879 1.6219 4.0075 7.7035 2.1587 44.3349 -4.6063 -2.1238
Car -1 -1 -6.9330 0.0000 186.7243 58.7291 300.4790 1.4317 1.6133 3.6428 -11.1858 1.6891 11.4780 -7.6939 -2.6444
Car -1 -1 -5.0946 737.2576 182.7200 786.4764 207.3023 1.4482 1.6407 4.1999 9.6872 2.1140 46.4966 -4.8910 -2.9745
Car -1 -1 -4.7369 760.9085 181.7794 786.0076 204.1358 1.4975 1.6575 4.1546 11.7760 2.1711 52.2839 -4.5171 -2.9875
Car -1 -1 -4.8852 1017.7193 174.4708 1048.0178 192.8368 1.4964 1.5907 3.6948 35.7712 1.6376 61.1504 -4.3583 -3.2647
Car -1 -1 -5.3331 786.7828 180.8583 833.2411 201.2692 1.4896 1.6067 3.7437 15.5274 2.1362 56.2866 -5.0657 -3.3723
Car -1 -1 -4.4419 774.8434 181.8487 812.6610 203.9580 1.5411 1.6773 4.3323 13.8788 2.2483 54.4603 -4.1942 -3.5755
Car -1 -1 -4.8871 876.5031 187.8766 906.3762 208.1020 1.4894 1.6066 3.6971 22.5660 2.7382 58.0264 -4.5185 -3.9988
Car -1 -1 -7.6650 677.3001 183.3023 728.8372 219.6630 1.3659 1.4830 3.6812 3.9089 1.8320 30.2232 -7.5383 -4.3220
Car -1 -1 -4.5847 778.8925 181.9688 808.6960 204.8014 1.5126 1.6041 3.7473 13.1083 2.1881 51.4636 -4.3371 -4.4659
Car -1 -1 -2.9415 613.3736 180.8140 702.2038 213.5823 1.6316 1.7426 4.4156 2.4963 2.0665 38.0332 -2.8771 -4.6153
Car -1 -1 -4.6062 671.9265 185.4730 695.5582 205.6174 1.5893 1.6158 3.7942 6.2867 2.6996 61.4824 -4.5054 -4.7950
Car -1 -1 -7.8486 873.5739 186.3377 928.6588 237.1915 1.5021 1.6119 4.0679 9.8860 2.0035 24.6598 -7.4722 -4.9312
Car -1 -1 -4.6378 1027.4022 176.2159 1060.4423 201.5718 1.5779 1.5953 3.8178 28.5323 1.8081 47.4574 -4.0996 -5.0033
Car -1 -1 -4.5799 860.6025 182.0999 883.8469 199.8064 1.5019 1.5121 3.6676 23.7085 2.3629 65.2411 -4.2332 -5.1705
Car -1 -1 -2.7832 430.3817 183.1178 535.2127 220.7438 1.5515 1.6713 4.2053 -5.5851 2.0181 31.6171 -2.9572 -5.7111
Car -1 -1 -4.7281 414.0969 180.7340 456.2803 216.3607 1.3226 1.5875 4.0071 -7.3101 1.6718 29.8704 -4.9666 -5.7421
Car -1 -1 -4.6771 396.4167 181.5056 446.7766 222.4070 1.3271 1.6380 4.2260 -6.9128 1.6725 26.5978 -4.9294 -5.7674
Car -1 -1 -4.6911 751.7096 179.6131 773.2752 199.0250 1.5103 1.6699 3.8750 12.6081 2.0883 59.6585 -4.4842 -5.8013
Car -1 -1 -4.9063 622.1611 179.1704 663.1864 205.1456 1.4273 1.6716 4.0377 1.8490 1.8203 42.8012 -4.8639 -5.8341
Car -1 -1 -4.7399 1106.2526 172.1285 1132.6841 190.7383 1.4628 1.6359 3.9884 41.4736 1.4054 58.8292 -4.1285 -5.8867
Car -1 -1 -4.3691 426.3784 178.0578 502.4257 219.3740 1.4284 1.6258 3.8675 -5.4977 1.6410 27.4885 -4.5652 -5.8867
Car -1 -1 -4.5959 721.9985 177.5398 748.4357 197.2957 1.5135 1.6614 4.0176 10.1504 1.9069 58.4636 -4.4252 -5.8867
Car -1 -1 -4.6463 669.3373 178.3930 700.9009 203.7693 1.4269 1.6463 3.9067 4.5361 1.7767 43.5367 -4.5437 -5.8867
Car -1 -1 -4.7879 635.0414 179.8725 658.2314 198.8217 1.4885 1.6310 3.9099 2.9961 2.0922 60.1193 -4.7388 -5.8867
Car -1 -1 -4.6265 820.3826 177.5551 842.9393 195.0056 1.5068 1.6257 4.0997 20.1847 1.9489 65.6945 -4.3301 -5.8867
Car -1 -1 -4.7739 434.6365 180.3040 474.2525 211.7890 1.3440 1.5721 4.0137 -7.4103 1.7166 33.9614 -4.9875 -5.9143
Car -1 -1 -4.7783 419.0653 181.4225 491.9358 244.2345 1.5602 1.7589 4.3902 -4.6225 1.8363 20.9175 -4.9938 -5.9219
