Car -1 -1 -7.9114 584.5751 180.2298 617.4009 210.7430 1.6139 1.6446 3.6894 -0.5895 2.0519 40.9806 -7.9262 4.9827
Car -1 -1 -8.3725 425.6552 181.4371 491.5740 213.3239 1.5211 1.6166 3.9249 -7.9502 1.9908 37.5030 -8.5804 -2.9468
Car -1 -1 -7.5604 363.6678 183.3415 448.0815 231.9450 1.4247 1.6159 3.9411 -6.7220 1.8020 23.9962 -7.8311 -3.1775
Car -1 -1 -5.9437 504.5237 182.1424 571.2316 207.3777 1.6197 1.7282 4.1337 -4.8762 2.2624 48.6200 -6.0436 -3.2017
Car -1 -1 -7.7086 456.3138 181.6346 496.4822 211.1190 1.5139 1.6530 3.8865 -7.4253 2.0267 40.1946 -7.8906 -3.4206
Car -1 -1 -8.3642 643.3969 173.2475 676.7177 192.3728 1.8009 1.6534 3.6413 4.8088 1.8399 70.0248 -8.2963 -3.4328
Car -1 -1 -3.9809 143.9041 186.6992 212.4294 217.4267 1.6864 1.6135 3.4589 -25.7715 2.5491 43.1232 -4.5171 -3.8073
Car -1 -1 -4.5440 483.4240 178.3024 527.0322 210.1628 1.5720 1.6374 4.0423 -5.5455 1.8766 38.3401 -4.6872 -3.9824
Car -1 -1 -4.2981 192.1329 189.3881 245.4780 214.8751 1.4867 1.6469 3.7551 -25.1936 2.5972 46.5380 -4.7921 -3.9889
Car -1 -1 -5.2368 618.3839 178.7724 661.8325 196.6685 1.5535 1.8279 4.8649 2.7190 2.1232 66.9175 -5.1968 -3.9896
Car -1 -1 -8.4351 455.6095 180.1355 510.9738 205.0402 1.5311 1.6739 3.9946 -8.4207 2.0313 47.5710 -8.6098 -4.0157
Car -1 -1 -7.8225 498.9521 179.0020 521.7697 200.8606 1.5851 1.6181 3.8298 -7.6515 2.0740 55.4308 -7.9595 -4.1956
Car -1 -1 -3.3216 724.2733 172.0461 790.1039 202.4871 1.6804 1.5787 3.4018 8.2175 1.6355 40.6494 -3.1240 -4.5177
Car -1 -1 -4.8360 501.0235 178.2766 536.5255 206.6481 1.5731 1.6171 3.9111 -5.5020 1.9110 42.9035 -4.9632 -4.6454
Car -1 -1 -4.3151 716.6722 174.2424 780.4825 206.0636 1.5828 1.7147 4.5653 7.4134 1.6611 38.4724 -4.1266 -4.7056
Car -1 -1 -5.0683 650.9025 177.7276 692.3968 200.4911 1.5111 1.5931 4.0722 4.2767 1.8700 51.0038 -4.9856 -4.7848
Car -1 -1 -5.2268 571.3441 181.0800 616.6653 203.4640 1.6178 1.7360 4.0565 -1.3089 2.2803 55.9436 -5.2506 -4.9369
Car -1 -1 -7.7480 428.3176 181.3792 490.0679 232.5348 1.5170 1.6160 3.7069 -4.9732 1.8225 23.9605 -7.9511 -4.9397
Car -1 -1 -2.3074 0.0000 201.4611 24.4472 250.9098 1.4338 1.6164 4.3362 -21.5023 2.3880 23.0763 -3.0518 -4.9411
Car -1 -1 -4.7708 158.1055 189.9252 197.3766 218.9991 1.4332 1.6460 4.1773 -24.2331 2.4389 40.3304 -5.3092 -5.0296
Car -1 -1 -4.3176 238.7043 183.2637 288.7180 209.6198 1.7523 1.6415 4.5047 -24.9415 2.5362 52.0710 -4.7626 -5.1218
Car -1 -1 -7.7357 407.7488 184.6382 460.6631 225.7510 1.4301 1.5746 3.6690 -6.8237 1.9202 28.1109 -7.9722 -5.3174
Car -1 -1 -5.1771 611.4562 179.8824 663.2308 206.3653 1.6550 1.7030 4.3677 1.7536 2.1516 48.6736 -5.1419 -5.4401
Car -1 -1 -7.9956 669.8231 179.3242 697.2565 200.1178 1.4677 1.5685 3.3238 5.4104 1.9639 53.6760 -7.8961 -5.4825
Car -1 -1 -5.0479 619.4808 179.3387 654.0333 197.0742 1.3804 1.6116 4.0661 2.1562 1.9383 59.9334 -5.0125 -5.5713
Car -1 -1 -4.7332 425.2035 182.6100 453.2993 208.6302 1.4971 1.6253 3.7300 -10.7223 2.1329 45.0314 -4.9661 -5.6119
Car -1 -1 -4.8504 546.6813 179.7014 571.8348 196.6785 1.3956 1.6308 4.2283 -4.5120 2.0178 63.3552 -4.9216 -5.6183
Car -1 -1 -4.6174 420.5491 182.2018 450.5205 205.3577 1.4996 1.6664 3.9981 -12.2027 2.1810 50.5173 -4.8536 -5.6372
Car -1 -1 -4.1566 350.2467 183.1394 388.8261 200.4153 1.5277 1.6658 3.8895 -22.7610 2.5317 68.3718 -4.4771 -5.6549
Car -1 -1 -4.7517 446.2799 183.6743 467.4887 203.0587 1.5780 1.6608 3.9465 -13.4640 2.5575 63.2179 -4.9611 -5.6774
Car -1 -1 -4.6896 451.8948 183.3447 472.7316 202.3961 1.4599 1.5993 4.0078 -12.2218 2.3589 59.7346 -4.8909 -5.6932
Car -1 -1 -4.4983 374.3300 182.3391 404.8556 203.5765 1.6937 1.6889 3.9116 -18.7268 2.5266 61.3639 -4.7937 -5.7534
Car -1 -1 -4.8023 545.4090 179.0602 572.1352 200.2002 1.4415 1.5820 3.9845 -3.7933 1.9110 52.5244 -4.8745 -5.7777
Car -1 -1 -4.6790 595.2613 179.0552 617.6022 199.7449 1.5609 1.6556 4.1437 -0.2809 2.0752 57.7842 -4.6843 -5.7957
Car -1 -1 -4.4784 371.0399 182.5429 400.0431 200.0181 1.4492 1.5821 3.9703 -19.9297 2.3372 64.1230 -4.7788 -5.8199
Car -1 -1 -4.4775 459.0390 181.0535 495.1302 202.4234 1.4188 1.6411 4.0335 -9.4761 2.0276 51.5423 -4.6588 -5.8686
Car -1 -1 -4.6450 489.6226 180.6115 512.0212 198.0984 1.4176 1.6499 4.0065 -9.4320 2.1102 62.3872 -4.7948 -5.8708
Car -1 -1 -4.6882 403.7060 182.4945 431.5888 207.3980 1.4415 1.6027 4.0497 -12.1461 2.0791 45.5890 -4.9476 -5.8721
Car -1 -1 -8.9994 0.0000 0.0000 1241.0000 374.0000 1.5493 1.5931 3.8078 2.3078 1.5965 0.9958 -7.9398 -5.8867
Car -1 -1 -4.6933 597.2889 179.2604 616.9238 197.4938 1.4625 1.5959 3.9456 -0.2437 2.0237 61.2545 -4.6977 -5.8867
Car -1 -1 -4.5248 470.1125 179.9523 496.6730 197.3407 1.4383 1.5886 3.9347 -11.0905 2.0800 63.2763 -4.6979 -5.8867
Car -1 -1 -5.9534 0.0000 0.0000 1241.0000 374.0000 1.5207 1.6113 3.9643 6.1751 1.5440 1.7166 -4.6976 -5.8867
Car -1 -1 -4.4946 444.0975 179.0936 476.9670 199.3268 1.4142 1.5804 3.9252 -11.0931 1.8947 53.6231 -4.6980 -5.8867
Car -1 -1 -4.6675 577.9913 180.1252 598.7664 198.5698 1.4854 1.6024 3.9529 -1.8440 2.1266 61.6634 -4.6977 -5.8867
Car -1 -1 -7.1456 51.2868 0.0000 1241.0000 374.0000 1.5606 1.5942 3.8088 -1.2974 1.6801 1.0022 -7.9390 -5.8867
Car -1 -1 -4.3260 306.2331 182.2704 345.2137 200.8564 1.4425 1.6390 3.9690 -23.6180 2.2515 60.0167 -4.6996 -5.8867
Car -1 -1 -4.5829 578.6957 180.0414 601.3779 196.4863 1.4645 1.6469 3.9464 -1.8750 2.1628 68.0910 -4.6107 -5.8867
Car -1 -1 -8.4290 0.0000 0.0000 948.9647 374.0000 1.5535 1.5940 3.8088 0.7000 1.6288 0.9959 -7.9397 -5.8867
Car -1 -1 -4.4232 390.6135 182.4324 421.4138 200.2003 1.4960 1.6032 3.9538 -18.3240 2.3834 64.8840 -4.6977 -5.8867
Car -1 -1 -6.7848 0.0000 0.0000 1241.0000 374.0000 1.5613 1.5923 3.8082 -2.9045 1.7046 1.0029 -7.9389 -5.8867
Car -1 -1 -4.7272 224.3822 187.1826 255.9313 214.3605 1.5731 1.7275 3.8383 -23.6740 2.5295 46.0775 -5.1997 -5.9736
