Car -1 -1 -4.1240 0.0000 196.7079 205.1170 308.6713 1.4017 1.6424 4.1471 -8.7364 1.8682 12.0236 -4.7421 6.2084
Car -1 -1 -7.8836 587.9784 175.2417 616.0648 201.7058 1.6411 1.7111 3.6245 -0.5869 1.8022 46.9248 -7.8965 4.4825
Car -1 -1 -4.5164 391.0478 179.3252 443.3966 214.0012 1.5897 1.7352 4.1941 -9.5879 1.9318 36.0273 -4.7751 4.4405
Car -1 -1 -7.8647 549.6434 177.2514 571.7449 196.8634 1.5136 1.7324 4.0040 -4.0596 1.8835 58.6779 -7.9339 1.4527
Car -1 -1 -4.5759 435.8928 176.5486 479.8206 211.8212 1.5806 1.5784 3.6313 -7.2779 1.7670 34.5902 -4.7822 -0.0263
Car -1 -1 -4.4631 462.3184 175.3470 493.9554 196.8536 1.7170 1.6756 3.9222 -10.9648 1.9313 60.0864 -4.6431 -0.9882
Car -1 -1 -7.5656 390.2755 175.9390 422.0771 193.8662 1.4738 1.6139 3.7831 -17.4621 1.7462 61.8762 -7.8398 -1.4459
Car -1 -1 -4.7789 727.0597 175.6341 759.6210 199.9886 1.4148 1.6815 4.3228 8.1694 1.5952 44.6694 -4.5996 -1.8634
Car -1 -1 -4.5563 471.3271 176.7934 506.6435 201.8037 1.5382 1.6656 4.0136 -7.8710 1.8056 47.0246 -4.7216 -2.4614
Car -1 -1 -7.6946 331.2579 179.2387 407.5039 236.7016 1.5806 1.6416 3.7533 -7.3704 1.7949 22.2699 -8.0112 -2.6357
Car -1 -1 -4.9006 496.2590 175.5788 523.2098 193.6448 1.5529 1.6696 4.0363 -9.0657 1.8057 64.8563 -5.0393 -2.8712
Car -1 -1 -4.4336 481.5390 179.7516 511.3086 196.5670 1.5435 1.7722 4.2126 -11.0338 2.2356 70.2341 -4.5892 -2.9904
Car -1 -1 -7.7439 499.3419 175.5354 531.0312 201.1616 1.6101 1.6538 3.9694 -6.2641 1.7947 47.7534 -7.8740 -3.4201
Car -1 -1 -7.5305 552.4921 179.2613 591.8651 202.5673 1.5107 1.6328 3.6830 -2.6028 1.9709 49.8592 -7.5829 -3.6352
Car -1 -1 -2.9976 427.9078 179.6864 502.1162 206.5044 1.5833 1.6650 4.2441 -8.8329 2.0088 44.0233 -3.1949 -3.8127
Car -1 -1 -7.5893 394.3511 177.4791 462.2761 219.8298 1.5961 1.6705 4.1873 -7.4413 1.8001 29.7652 -7.8327 -3.8254
Car -1 -1 -7.8989 678.4030 171.3440 698.7239 188.5484 1.4761 1.6122 3.7548 6.8999 1.3463 63.8311 -7.7920 -4.0194
Car -1 -1 -1.7441 6.0940 187.1310 62.9543 222.2746 1.6135 1.6363 3.7297 -29.1609 2.3717 36.4812 -2.4150 -4.3536
Car -1 -1 -7.8573 613.5677 173.0791 631.0623 191.6006 1.7395 1.6444 4.5153 1.1660 1.7618 70.0889 -7.8411 -4.4128
Car -1 -1 -7.7041 516.0970 173.9641 539.9083 192.1895 1.6463 1.6553 3.8413 -7.6453 1.7526 67.3639 -7.8170 -4.4761
Car -1 -1 -7.8741 704.7551 163.2859 724.5228 186.9893 2.2003 1.7827 4.1337 9.9771 1.3118 69.1386 -7.7316 -4.5083
Car -1 -1 -7.8058 532.0641 177.7245 550.7474 194.8935 1.5997 1.6344 3.7253 -6.6689 2.0862 70.2058 -7.9005 -4.5963
Car -1 -1 -7.9288 650.3114 175.0013 678.5753 197.9391 1.4390 1.5648 3.8176 3.5162 1.5859 47.5346 -7.8558 -4.6070
Car -1 -1 -7.6393 505.0615 179.1581 528.2694 194.1619 1.3851 1.5129 3.5462 -9.0447 2.0123 69.9825 -7.7677 -4.6792
Car -1 -1 -4.6141 0.0000 215.0709 12.3238 278.4561 1.5999 1.7293 3.4948 -20.1292 3.0403 22.6992 -5.3338 -4.8559
Car -1 -1 -7.2907 690.4263 168.9445 732.0760 186.7695 1.5147 1.7909 3.9577 8.9008 1.1822 63.4042 -7.1521 -4.9517
Car -1 -1 -4.2003 0.0000 199.5215 118.9259 254.6232 1.4837 1.7784 4.7409 -18.8084 2.4727 24.2938 -4.8540 -5.1355
Car -1 -1 -7.8120 1049.2325 144.6470 1088.5525 181.2186 1.8927 1.6616 4.0679 25.1078 0.4326 39.4865 -7.2490 -5.1494
Car -1 -1 -4.7209 554.4193 177.8271 574.2822 196.5720 1.3320 1.4361 3.4636 -3.4621 1.7161 53.9952 -4.7851 -5.1713
Car -1 -1 -7.7171 363.3116 176.8056 394.6544 202.4833 1.7621 1.6694 3.6427 -16.6528 2.0575 52.0482 -8.0256 -5.2032
Car -1 -1 -4.4567 60.0208 186.2074 131.9868 220.9927 1.4244 1.6788 4.3182 -23.8902 2.0895 33.6404 -5.0707 -5.4935
Car -1 -1 -4.8436 327.9755 181.9431 354.2892 199.4308 1.4391 1.6632 4.0722 -23.8382 2.2706 63.8414 -5.1999 -5.6471
Car -1 -1 -4.7125 328.1944 183.3414 349.9787 202.2623 1.4291 1.6153 3.9352 -22.1670 2.3170 58.9811 -5.0709 -5.7155
Car -1 -1 -4.7173 295.6125 180.9019 322.1699 205.0943 1.5794 1.6585 3.8216 -21.1403 2.1665 50.5754 -5.1116 -5.7459
Car -1 -1 -7.6472 260.7763 182.1217 304.2380 210.6804 1.5930 1.6806 3.5599 -19.6812 2.1749 43.4108 -8.0709 -5.7630
Car -1 -1 -4.6504 55.4567 189.1756 112.4479 228.0220 1.3678 1.6057 4.1406 -21.4046 2.0822 29.4165 -5.2753 -5.7651
Car -1 -1 -4.5133 0.0000 188.6882 0.0000 216.7804 1.6062 1.6825 4.0243 -41.6173 2.6595 45.8499 -5.2476 -5.8867
Car -1 -1 -4.3207 397.8255 178.7339 448.1672 203.4642 1.4274 1.6201 3.9816 -11.5609 1.8086 44.7224 -4.5726 -5.8867
Car -1 -1 -4.5396 0.0000 184.3112 10.5597 209.4276 1.5370 1.6624 4.0169 -41.6080 2.3373 48.2686 -5.2485 -5.8867
Car -1 -1 -4.4875 396.2868 179.2685 434.7208 202.2490 1.4046 1.5827 3.9622 -12.7117 1.8421 47.2323 -4.7493 -5.8867
Car -1 -1 -4.6765 163.7575 186.6202 194.5264 211.6360 1.5411 1.6418 4.2774 -29.3742 2.5231 49.2189 -5.2124 -6.0519
Car -1 -1 -5.1543 703.9567 169.5546 750.6786 194.1297 1.6447 1.7137 3.8861 8.1099 1.4236 50.3953 -4.9960 -6.1474
Car -1 -1 -7.6196 1174.3342 147.1812 1241.0000 374.0000 1.4202 1.7349 4.2721 5.3325 1.3346 4.1194 -6.7406 -6.3736
