Car -1 -1 -4.4548 360.2972 180.1069 426.1992 216.9532 1.4366 1.7279 4.0438 -9.2581 1.7684 30.9862 -4.7432 5.9093
Car -1 -1 -4.0541 0.0000 197.1013 125.7263 340.8066 1.3560 1.6530 4.4502 -8.8760 1.7630 9.8471 -4.7743 4.7209
Car -1 -1 -7.7870 585.6084 171.1462 615.2513 197.0893 1.6251 1.6919 3.7436 -0.6208 1.5178 47.1125 -7.8006 2.5800
Car -1 -1 -4.5431 452.7799 175.7597 483.7483 196.7190 1.4935 1.6206 4.0124 -10.5935 1.7188 54.0011 -4.7362 1.4038
Car -1 -1 -8.0277 545.1391 169.0603 569.6432 186.0294 1.5569 1.6655 3.8630 -5.0271 1.2086 68.2780 -8.1012 -0.5271
Car -1 -1 -3.6259 434.2791 177.2191 502.9050 202.6825 1.5026 1.5928 3.9146 -8.8365 1.7861 45.0586 -3.8188 -1.4907
Car -1 -1 -4.6942 419.5896 175.1937 437.2031 191.0558 1.5109 1.6211 3.5935 -17.9235 1.7479 71.2322 -4.9401 -2.4266
Car -1 -1 -7.8565 424.5518 178.7461 460.8770 213.3799 1.4158 1.4868 3.5539 -7.4726 1.6927 32.0421 -8.0842 -2.4437
Car -1 -1 -6.6609 625.5960 168.8034 671.2307 185.8001 1.5584 1.6698 3.9287 3.5715 1.1867 67.5751 -6.6086 -2.8674
Car -1 -1 -4.5631 514.0342 171.9623 538.6403 190.2618 1.5313 1.6025 3.5120 -7.2023 1.4564 62.1602 -4.6783 -3.0481
Car -1 -1 -4.3601 336.8171 180.1804 376.4272 202.1604 1.5529 1.6188 3.7095 -18.9733 2.1208 54.0908 -4.6963 -3.3903
Car -1 -1 -6.2208 1161.0634 151.3336 1241.0000 180.9400 1.5936 1.5803 3.8759 33.5976 0.4349 40.7362 -5.5347 -3.4442
Car -1 -1 -8.0979 668.1959 165.7104 696.5637 183.5237 1.6095 1.6891 4.0891 6.6967 0.9638 67.3404 -7.9994 -3.5705
Car -1 -1 -4.4139 563.5322 168.8152 592.3677 185.3676 1.5200 1.6651 3.8721 -3.0228 1.1488 68.3401 -4.4582 -3.6815
Car -1 -1 -4.7275 405.0735 175.6642 421.8046 192.1208 1.5655 1.5388 3.5627 -19.4379 1.8501 71.2207 -4.9932 -4.2092
Car -1 -1 -4.8814 365.1017 177.5845 395.6413 199.8195 1.5913 1.6357 3.4435 -17.3511 1.9598 54.3528 -5.1893 -4.3737
Car -1 -1 -4.8410 636.0775 166.8731 663.3903 188.3557 1.5902 1.6156 3.7523 2.9850 1.1472 55.3424 -4.7877 -4.4022
Car -1 -1 -7.9562 645.7234 172.7486 676.5750 194.9082 1.3929 1.5918 4.2098 3.2886 1.3860 47.4848 -7.8878 -4.4432
Car -1 -1 -7.7390 460.9751 174.6371 495.4120 201.0653 1.4654 1.5558 3.7952 -7.7014 1.5742 42.2138 -7.9188 -4.4591
Car -1 -1 -3.1195 1147.9202 158.0832 1241.0000 188.3014 1.5464 1.6517 4.1329 31.5887 0.7902 38.8886 -2.4411 -4.5334
Car -1 -1 -4.7231 521.0064 171.9383 540.8535 190.8327 1.6754 1.7525 4.5240 -7.3161 1.5939 66.3303 -4.8328 -4.5443
Car -1 -1 -4.0944 427.9567 179.2624 466.0293 194.5775 1.4148 1.6519 3.9462 -15.9251 2.0603 70.5821 -4.3158 -4.5905
Car -1 -1 -3.0037 395.0227 176.4553 482.4589 207.1778 1.4928 1.6394 4.0930 -8.5953 1.6787 36.3017 -3.2350 -4.6729
Car -1 -1 -4.4999 228.5920 184.8818 258.7469 203.2660 1.4865 1.5975 3.7017 -31.9383 2.5687 62.9422 -4.9680 -4.7768
Car -1 -1 -4.8531 363.3009 180.0676 398.1701 205.4382 1.4900 1.5932 3.6935 -14.5324 1.9650 45.5278 -5.1607 -4.8293
Car -1 -1 -2.3705 385.9406 179.7060 457.3498 204.9212 1.4464 1.6215 4.3151 -11.5706 1.8819 44.1210 -2.6258 -5.0429
Car -1 -1 -7.6283 376.5426 176.0073 444.0760 222.9821 1.5863 1.5634 3.8650 -7.3137 1.7108 26.5922 -7.8947 -5.1423
Car -1 -1 -4.9090 215.9169 182.0953 250.0259 203.9767 1.6465 1.6845 4.0289 -30.4438 2.4180 58.1636 -5.3896 -5.2483
Car -1 -1 -4.6931 349.4046 178.8643 368.9125 194.9777 1.4174 1.6383 4.1338 -23.4029 1.9965 67.3434 -5.0266 -5.3930
Car -1 -1 -2.9158 591.1762 165.3849 646.4381 184.4930 1.7017 1.8016 4.7489 0.7919 1.0362 65.6929 -2.9040 -5.4045
Car -1 -1 -4.6536 246.6128 182.6377 277.3041 209.2367 1.5935 1.5518 4.2862 -22.7421 2.2638 47.1787 -5.1009 -5.4926
Car -1 -1 -4.6094 312.2488 179.7875 338.3525 197.9202 1.3657 1.5554 3.9221 -22.8918 1.9433 58.0452 -4.9838 -5.4933
Car -1 -1 -4.4469 272.6414 182.0672 322.0076 208.2284 1.5589 1.8010 4.6179 -20.3641 2.1909 47.1061 -4.8532 -5.5084
Car -1 -1 -6.5361 827.7052 144.1172 924.0046 179.6868 1.5704 1.5891 3.8309 11.9883 0.3014 32.8268 -6.1889 -5.5164
Car -1 -1 -2.8093 811.9928 153.2083 868.9372 182.4723 2.1657 1.6325 3.8265 17.5821 0.7115 55.1951 -2.5026 -5.5286
Car -1 -1 -6.7156 1199.3849 141.4888 1241.0000 172.5117 1.7059 1.7443 4.9959 37.0903 -0.0206 41.2742 -5.9869 -5.6288
Car -1 -1 -2.3296 0.0000 194.3399 2.4426 369.2062 1.4397 1.6631 3.9604 -8.7770 1.6796 7.1196 -3.2004 -5.7177
Car -1 -1 -4.3524 292.3288 179.6851 334.9957 200.5902 1.4751 1.6230 4.1168 -22.2907 2.0091 54.3538 -4.7402 -5.7317
Car -1 -1 -4.7105 367.2986 177.9935 399.0457 206.9622 1.5541 1.6675 3.9892 -13.1118 1.8656 41.6236 -5.0142 -5.8097
Car -1 -1 -4.6063 82.4285 187.0840 113.9063 207.3748 1.5043 1.6632 4.0559 -41.6335 2.7050 58.7212 -5.2211 -5.8476
Car -1 -1 -5.4737 392.7649 178.4887 435.2068 196.5295 1.6245 1.5402 3.9549 -18.4252 2.1661 67.7078 -5.7387 -5.8617
Car -1 -1 -4.7962 382.4076 178.3501 414.0855 202.0931 1.4443 1.6431 4.1337 -13.9050 1.8200 47.1449 -5.0818 -5.8714
Car -1 -1 -4.6607 112.1680 183.5295 138.2622 202.5261 1.5110 1.6492 4.0085 -41.6047 2.4589 61.9445 -5.2504 -5.8867
Car -1 -1 -4.5078 0.0000 184.6273 0.0000 211.2743 1.5145 1.6492 4.0111 -41.6086 2.2843 45.0492 -5.2507 -5.8867
Car -1 -1 -4.4075 253.2667 180.2836 288.1305 197.6151 1.3987 1.5871 3.9895 -29.1742 2.0592 62.0954 -4.8453 -5.8867
Car -1 -1 -4.4585 0.0000 185.3401 0.0000 215.2892 1.5229 1.6503 4.0095 -41.6092 2.2626 40.6199 -5.2527 -5.8867
Car -1 -1 -4.5730 0.0000 184.4953 4.8908 209.5370 1.5200 1.6469 3.9867 -41.5841 2.3266 47.8899 -5.2854 -5.8867
Car -1 -1 -4.6446 42.7035 186.3664 75.0384 207.9003 1.4737 1.6516 4.0881 -41.4215 2.5299 54.2543 -5.2945 -5.8867
Car -1 -1 -4.2982 269.5944 179.6794 307.5280 196.4178 1.3763 1.5814 3.8979 -27.9813 1.9892 62.8717 -4.7156 -5.8867
Car -1 -1 -4.7085 386.7850 178.4438 410.0991 199.0031 1.4886 1.6642 4.0780 -16.3245 1.9361 55.6221 -4.9930 -5.9668
Car -1 -1 -4.8215 654.2697 168.4659 689.8153 196.0224 1.5634 1.6858 3.8165 3.6035 1.3142 42.8660 -4.7386 -6.1340
Car -1 -1 -7.5965 101.1600 181.3583 145.5813 208.2054 1.9442 1.7826 4.4606 -37.8384 2.6343 56.1721 -8.1873 -7.5648
Car -1 -1 -3.9641 253.5288 179.1279 314.3561 204.5535 1.8467 1.7621 4.4160 -25.2361 2.3536 55.9523 -4.3863 -7.6084
Car -1 -1 -5.0272 403.3333 174.0859 438.3410 197.1687 1.7899 1.5872 3.9507 -15.3309 1.8926 58.2625 -5.2837 -8.3339
