Car -1 -1 -7.9386 582.3181 175.8657 612.2299 201.4016 1.6294 1.6955 3.6422 -0.9217 1.8390 48.3866 -7.9580 4.4508
Car -1 -1 -4.6381 482.3687 179.2330 504.4359 197.4719 1.5326 1.6613 3.6661 -10.3127 2.1136 63.8537 -4.7979 1.2319
Car -1 -1 -7.7117 453.9962 183.0960 475.4367 198.9016 1.4500 1.5837 3.3593 -14.1174 2.4698 70.1436 -7.9100 -0.9286
Car -1 -1 -7.7355 439.7555 178.5042 482.7218 211.3685 1.5336 1.6375 4.2842 -7.5265 1.8374 36.6311 -7.9372 -1.1578
Car -1 -1 -4.9396 643.1823 172.5812 667.3353 187.8009 1.4654 1.6176 3.5616 4.4304 1.4388 71.3617 -4.8782 -2.1704
Car -1 -1 -4.1520 432.8480 181.1359 498.4378 210.2817 1.4694 1.6587 4.0252 -7.9266 1.9508 39.7899 -4.3478 -2.2424
Car -1 -1 -5.7899 0.0000 193.0548 92.4391 237.0626 1.4865 1.5721 3.8825 -21.6594 2.2611 26.5440 -6.4695 -2.6550
Car -1 -1 -7.6389 406.1949 181.7879 466.4930 220.0959 1.4545 1.6065 4.2237 -7.2986 1.8584 30.5138 -7.8722 -2.9358
Car -1 -1 -4.5985 514.9905 178.3513 539.8894 197.6480 1.5269 1.6273 3.9464 -6.8787 2.0002 60.1918 -4.7122 -3.2484
Car -1 -1 -4.2545 595.2754 177.8163 639.7260 200.0415 1.4630 1.5948 3.8029 0.5345 1.8240 50.4722 -4.2444 -3.2627
Car -1 -1 -5.0807 458.0646 180.5947 507.3689 206.5592 1.5564 1.6953 4.3628 -8.3611 2.0843 46.9305 -5.2565 -3.3072
Car -1 -1 -4.7266 465.8960 179.2805 495.6844 206.9099 1.5436 1.6873 4.2192 -7.8701 1.9514 43.5818 -4.9046 -3.5633
Car -1 -1 -5.4913 394.2378 185.1446 454.7260 209.6263 1.4636 1.6097 3.7369 -11.9870 2.2826 46.4455 -5.7429 -3.5937
Car -1 -1 -4.9957 469.2330 178.2450 508.2547 201.8049 1.5122 1.6179 3.8415 -8.3619 1.8961 49.3456 -5.1631 -3.7328
Car -1 -1 -3.6677 190.1968 184.9713 286.2680 218.6583 1.6792 1.7246 4.4723 -20.5545 2.3901 40.0020 -4.1399 -3.8617
Car -1 -1 -4.6842 693.5106 170.7372 723.0746 198.1781 1.5753 1.6631 3.8887 5.9233 1.4535 43.4747 -4.5501 -4.0730
Car -1 -1 -3.2649 1194.3585 139.4759 1241.0000 173.0694 1.6147 1.7235 4.1945 32.3639 0.0101 36.5743 -2.5443 -4.1362
Car -1 -1 -4.8186 497.6162 179.7138 519.7079 197.1180 1.4633 1.5431 3.9045 -9.0922 2.0950 64.3892 -4.9586 -4.1708
Car -1 -1 -4.9460 699.6946 175.6215 747.6492 203.8591 1.3907 1.6698 3.6333 5.8553 1.5425 37.7825 -4.7939 -4.2078
Car -1 -1 -4.9814 435.0985 183.9149 478.4902 209.0439 1.4536 1.6402 4.2025 -9.8362 2.1921 45.9537 -5.1916 -4.2361
Car -1 -1 -4.1968 91.9372 194.6428 194.5618 234.7789 1.3978 1.6117 4.3188 -19.1086 2.3611 29.7131 -4.7645 -4.2719
Car -1 -1 -7.5885 778.9772 147.8319 817.9189 174.7340 1.8431 1.7411 3.8781 13.4661 0.1285 51.5479 -7.3344 -4.4379
Car -1 -1 -4.2839 379.1447 183.8929 420.6358 205.1966 1.5240 1.5509 4.0293 -16.2534 2.4112 55.9051 -4.5660 -4.5514
Car -1 -1 -5.1677 506.4007 175.5057 554.5527 198.5592 1.5639 1.6831 4.3581 -5.7822 1.7623 51.7662 -5.2788 -4.6066
Car -1 -1 -4.7761 663.8019 175.2317 688.2814 196.9405 1.5581 1.6270 2.7827 4.8441 1.7388 53.5075 -4.6868 -4.6365
Car -1 -1 -5.1952 518.9256 177.2955 564.2031 199.0312 1.5961 1.6805 4.3437 -5.4003 1.9558 56.1942 -5.2910 -4.6526
Car -1 -1 -4.5787 680.8403 177.4081 714.2284 201.5399 1.4573 1.6222 4.0202 5.6517 1.7642 46.5322 -4.4590 -4.8470
Car -1 -1 -2.6810 616.9762 174.8596 675.5179 195.7402 1.5476 1.6975 4.1842 2.7523 1.7066 55.5759 -2.6322 -4.9368
Car -1 -1 -4.3421 462.9051 179.0865 502.4161 198.9317 1.5529 1.6945 4.6378 -10.6331 2.0957 60.4340 -4.5158 -4.9556
Car -1 -1 -4.7587 492.5772 176.3349 523.9146 204.9036 1.5600 1.6236 3.7066 -5.9750 1.7711 41.8520 -4.9000 -5.0917
Car -1 -1 -7.5747 93.5392 192.2288 162.3220 230.8624 1.5148 1.6080 3.6163 -21.4821 2.4328 32.2300 -8.1590 -5.1238
Car -1 -1 -4.7860 519.4334 177.1671 540.2895 196.1411 1.6525 1.5922 4.1248 -7.3799 2.0598 66.0043 -4.8973 -5.2389
Car -1 -1 -4.4428 465.8897 183.8240 494.0579 201.6739 1.6401 1.7306 3.9623 -12.7532 2.7484 70.8700 -4.6206 -5.2727
Car -1 -1 -4.6050 431.7880 182.5072 459.4352 202.6439 1.4783 1.6952 4.2355 -13.0358 2.2738 57.2827 -4.8282 -5.5935
Car -1 -1 -4.5546 438.7543 181.0499 464.2316 198.3523 1.4131 1.5599 4.0020 -13.8073 2.1506 62.9080 -4.7702 -5.6671
Car -1 -1 -4.2562 336.8225 181.0234 376.9030 198.6917 1.4193 1.6002 4.1209 -21.7508 2.1462 62.0834 -4.5921 -5.7006
Car -1 -1 -4.7450 533.1273 178.3798 559.5668 201.2288 1.3635 1.5447 4.2470 -4.1573 1.7348 46.3226 -4.8344 -5.7667
Car -1 -1 -4.5276 572.1810 176.9655 602.0739 195.7398 1.4131 1.6338 4.2301 -1.8089 1.7530 57.4935 -4.5593 -5.7963
Car -1 -1 -4.4593 593.6466 175.0696 629.2285 195.1272 1.3937 1.6217 4.1457 0.1198 1.5625 52.8358 -4.4574 -5.8058
Car -1 -1 -4.2699 250.3676 181.2497 299.8809 207.2831 1.8274 1.6857 4.3114 -25.1141 2.4830 54.2081 -4.7022 -5.8170
Car -1 -1 -4.4981 378.4399 181.1404 408.4855 198.7461 1.4226 1.6560 4.0820 -18.6997 2.1627 62.3757 -4.7885 -5.8605
Car -1 -1 -4.7115 572.2151 175.9376 596.0311 197.6884 1.4631 1.6215 4.1148 -1.8682 1.6906 51.2132 -4.7482 -5.8867
Car -1 -1 -4.3781 352.7422 181.1562 387.4811 199.3007 1.4450 1.5927 3.9381 -20.3433 2.1723 61.2560 -4.6977 -5.8867
Car -1 -1 -5.7546 1241.0000 0.0000 1241.0000 374.0000 1.3640 1.6694 4.5817 5.8477 1.0886 3.3654 -4.7427 -6.0409
Car -1 -1 -4.3522 415.4457 182.8669 448.3828 201.8593 1.6637 1.6130 4.2304 -16.6888 2.6336 67.7180 -4.5933 -6.1127
Car -1 -1 -4.4572 405.7877 180.6046 436.7183 198.5372 1.4834 1.5667 4.4813 -16.6819 2.1933 63.8662 -4.7120 -6.2561
Car -1 -1 -6.4608 890.5355 152.4409 967.1505 177.7160 1.5632 1.5997 4.2366 20.1790 0.3004 45.8946 -6.0489 -7.1642
