Car -1 -1 -7.9102 588.3294 174.0587 616.2698 199.3380 1.6190 1.6541 3.7510 -0.5835 1.7026 48.3218 -7.9227 4.3252
Car -1 -1 -8.3844 671.7717 165.5103 712.9169 189.6600 2.0643 1.7830 4.1046 7.2279 1.4363 63.9144 -8.2726 0.1138
Car -1 -1 -4.7902 482.0328 176.2768 509.5193 199.2776 1.4959 1.5760 3.6797 -7.8964 1.7397 49.4856 -4.9480 -2.3774
Car -1 -1 -4.6214 492.1569 175.9283 514.2130 191.9753 1.4602 1.6946 4.2944 -10.1552 1.7619 68.6885 -4.7679 -2.4790
Car -1 -1 -3.6398 444.4306 177.3348 512.0415 206.8495 1.6312 1.6010 3.5519 -7.7093 1.9034 42.1426 -3.8201 -3.0172
Car -1 -1 -8.3146 561.5302 174.1604 597.1152 190.2525 1.5131 1.7368 4.3075 -3.0537 1.6447 70.5252 -8.3580 -3.2093
Car -1 -1 -4.3594 583.5235 174.0901 612.7352 189.7847 1.4835 1.6282 3.8566 -1.1495 1.6078 70.6207 -4.3760 -3.2139
Car -1 -1 -4.9629 593.1643 174.6358 632.5355 201.1170 1.5627 1.6069 3.5354 0.1006 1.6776 44.7473 -4.9612 -3.2331
Car -1 -1 -4.8134 624.7168 172.3079 645.1735 189.4250 1.6287 1.6087 3.9207 2.3971 1.5765 70.6667 -4.7799 -3.4567
Car -1 -1 -4.6078 491.9010 173.6328 527.2861 202.1616 1.6000 1.6514 4.1118 -5.9218 1.6480 42.6625 -4.7453 -3.6102
Car -1 -1 -5.3158 504.4819 175.3545 546.6370 192.2433 1.5796 1.8599 4.5028 -8.2980 1.8315 70.4730 -5.4329 -4.2561
Car -1 -1 -4.3526 562.2342 176.8513 606.3403 202.1135 1.4567 1.5240 3.6204 -1.5648 1.7121 44.1855 -4.3882 -4.2725
Car -1 -1 -4.2232 0.0000 188.5488 44.3935 225.5687 1.7570 1.8890 4.1838 -32.3790 2.6405 38.3886 -4.9206 -4.3006
Car -1 -1 -6.5233 868.7037 131.9086 975.9453 173.3067 1.5794 1.6408 3.6118 12.2654 0.0170 28.6277 -6.1220 -4.4120
Car -1 -1 -4.6202 423.9791 179.8863 470.3073 216.5558 1.5118 1.6614 4.3151 -7.3856 1.8536 32.8550 -4.8401 -4.4198
Car -1 -1 -4.8396 687.5992 169.1682 719.1093 194.2843 1.7311 1.7119 4.2122 6.6304 1.4767 51.8374 -4.7135 -4.5425
Car -1 -1 -4.0679 120.0642 191.3969 216.4344 228.8777 1.4744 1.6110 4.0032 -19.8156 2.3627 32.5053 -4.6120 -4.6251
Car -1 -1 -4.9304 458.4847 177.4159 505.5553 207.5421 1.5310 1.6446 4.3234 -7.1309 1.7962 39.6808 -5.1075 -4.6567
Car -1 -1 -3.0188 441.6161 176.2612 508.1508 200.0932 1.5186 1.8026 4.0969 -8.8428 1.7465 47.2963 -3.2030 -4.6764
Car -1 -1 -5.0302 487.9805 175.9025 541.9716 206.3513 1.5459 1.6427 4.3311 -5.2868 1.7218 39.4021 -5.1632 -4.7036
Car -1 -1 -5.6179 502.2149 174.2682 562.9323 196.8118 1.5135 1.6341 4.0800 -5.4598 1.6155 50.4362 -5.7256 -4.7225
Car -1 -1 -7.8369 932.2047 132.0944 976.1793 169.2735 1.4794 1.6175 3.1645 14.6736 -0.1621 30.8290 -7.3961 -4.7932
Car -1 -1 -7.6087 132.8030 187.1497 219.3140 234.7552 1.5699 1.8079 4.3366 -16.4647 2.1615 27.5341 -8.1436 -4.8714
Car -1 -1 -4.9072 379.2675 180.0968 421.9432 206.7865 1.5608 1.7253 4.7497 -13.4518 2.0480 46.0608 -5.1902 -4.8818
Car -1 -1 -4.2017 244.9029 183.4035 280.3119 199.1355 1.4655 1.6473 3.5202 -34.3761 2.5363 71.4479 -4.6489 -4.9211
Car -1 -1 -5.7046 0.0000 191.7928 25.7631 374.0000 1.5115 1.6061 4.1631 -8.5945 1.7308 6.9993 -6.5730 -4.9263
Car -1 -1 -4.1079 136.5202 187.3129 228.5716 221.3513 1.5590 1.7520 4.6830 -22.1030 2.3581 37.4877 -4.6378 -4.9909
Car -1 -1 -6.6069 533.7150 175.8396 576.0117 192.4577 1.5760 1.7044 3.7742 -5.4076 1.8737 70.4962 -6.6835 -5.0530
Car -1 -1 -4.7511 0.0000 189.6292 44.5981 224.1426 1.5579 1.7310 4.3938 -30.2512 2.4684 36.9508 -5.4338 -5.1222
Car -1 -1 -6.1227 185.9594 189.6082 268.9503 222.2245 1.4502 1.5478 3.3129 -18.3325 2.2835 34.6372 -6.6066 -5.1425
Car -1 -1 -4.7844 413.0548 178.1196 440.4861 199.1624 1.4770 1.6770 4.4784 -13.8362 1.8900 54.2318 -5.0334 -5.3007
Car -1 -1 -3.4438 858.5554 133.0551 960.2291 169.9318 1.4813 1.5644 3.6072 12.3653 -0.1258 30.0643 -3.0568 -5.3350
Car -1 -1 -4.4084 221.7047 181.6313 260.2946 201.1396 1.4409 1.5973 4.0081 -29.2744 2.1633 57.2999 -4.8790 -5.4177
Car -1 -1 -4.4374 315.6994 182.1096 351.8353 202.2643 1.4755 1.5988 4.1214 -21.7562 2.2323 56.8960 -4.8014 -5.5028
Car -1 -1 -4.5332 36.4698 184.4009 91.0211 215.8582 1.4189 1.5427 3.5647 -27.1514 2.0242 35.9075 -5.1772 -5.5182
Car -1 -1 -4.5173 407.1674 180.4693 446.1620 206.8344 1.5844 1.6736 4.1305 -11.8383 2.0990 46.6826 -4.7647 -5.5913
Car -1 -1 -4.7738 349.7687 181.4565 372.4771 199.1741 1.4699 1.6633 4.0569 -22.1856 2.2610 64.1824 -5.1056 -5.6035
Car -1 -1 -4.2270 16.7488 185.0448 109.0654 221.5642 1.4995 1.6812 4.0326 -25.0549 2.0955 33.1678 -4.8703 -5.6091
Car -1 -1 -4.3568 22.5474 188.7517 91.0093 219.8848 1.5405 1.6755 4.1530 -30.7616 2.4752 40.2097 -5.0069 -5.6796
Car -1 -1 -4.2743 255.4202 180.8023 294.7348 198.0105 1.4505 1.6272 4.0607 -30.0145 2.1856 64.7316 -4.7071 -5.7582
Car -1 -1 -4.3665 40.4553 182.7899 122.8508 222.9467 1.5599 1.6385 3.8747 -22.7333 2.0173 31.1497 -4.9931 -5.8108
Car -1 -1 -4.3441 42.5479 180.4853 133.0273 223.7592 1.5567 1.6349 3.8266 -20.7143 1.8820 28.7373 -4.9644 -5.8551
Car -1 -1 -4.1772 36.4694 186.2685 169.0280 241.3456 1.5520 1.6317 4.1197 -16.3544 2.0273 23.4710 -4.7807 -5.8804
Car -1 -1 -4.3703 345.2328 180.8420 381.9848 199.7045 1.4325 1.5881 3.9324 -19.9360 2.1012 58.4492 -4.6980 -5.8867
Car -1 -1 -4.5675 123.9146 184.2108 171.8206 214.0636 1.4906 1.6457 4.1022 -25.5307 2.1534 39.9172 -5.1337 -5.8867
Car -1 -1 -9.1172 0.0000 0.0000 1241.0000 374.0000 1.5177 1.5848 3.7977 3.1109 1.4776 0.9966 -7.9398 -5.8867
Car -1 -1 -7.6098 92.2936 183.8570 174.9430 226.8290 1.4419 1.6540 4.1933 -18.1490 1.8971 27.6156 -8.1870 -5.8867
Car -1 -1 -4.2955 253.3725 180.7494 295.4426 199.5408 1.4066 1.5953 3.9140 -26.7760 2.0585 57.6350 -4.7289 -5.8867
Car -1 -1 -4.1101 89.1326 182.7925 161.8551 209.4943 1.4398 1.5883 3.9342 -28.3810 2.0502 42.3583 -4.6977 -5.8867
Car -1 -1 -4.1530 36.8688 185.4022 115.7853 215.5522 1.4964 1.6105 3.9636 -29.1723 2.2191 39.5407 -4.7856 -5.8867
Car -1 -1 -4.1651 57.4696 183.4258 139.9871 215.0810 1.4637 1.5993 3.9439 -25.9518 2.0312 36.7317 -4.7770 -5.8867
Car -1 -1 -7.2107 1221.1105 124.3194 1241.0000 374.0000 1.4324 1.6565 4.4567 5.9647 1.2572 3.5768 -6.2157 -6.0286
Car -1 -1 -4.7537 642.6475 174.1675 664.4484 194.8486 1.5080 1.5032 3.2101 3.2320 1.6097 54.4345 -4.6951 -6.0432
Car -1 -1 -4.7112 202.1775 179.2882 226.6968 201.5845 1.6166 1.6114 4.4979 -30.7367 2.1371 56.0379 -5.2111 -6.1622
Car -1 -1 -6.2567 805.5477 154.2553 865.4120 178.7440 1.5398 1.5471 3.6394 14.5501 0.3700 46.6852 -5.9564 -6.2110
Car -1 -1 -4.3568 293.8394 176.0047 333.0072 198.2739 1.7183 1.6626 3.9100 -23.9017 1.9809 58.2161 -4.7451 -6.6795
