Car -1 -1 -7.8632 583.7084 176.3322 610.4696 203.4120 1.7090 1.7073 3.6624 -0.9098 1.9484 47.8675 -7.8826 5.5784
Car -1 -1 -8.3450 632.1566 178.3440 699.9700 213.5733 1.5075 1.6008 3.6332 2.4968 1.7770 33.4789 -8.2718 -0.4611
Car -1 -1 -4.7606 490.2740 179.0016 517.5031 202.8190 1.5324 1.6505 4.2767 -7.3987 1.9760 49.8454 -4.9076 -0.6670
Car -1 -1 -3.0055 413.3744 181.0744 490.6412 209.7332 1.5056 1.6485 3.9382 -8.6220 1.9657 39.4404 -3.2197 -1.7998
Car -1 -1 -4.2554 32.9428 179.4575 89.3586 202.3758 1.5599 1.6712 3.9831 -39.8394 2.0589 52.4434 -4.9027 -2.2327
Car -1 -1 -2.5835 427.9129 181.1946 500.5119 209.9181 1.5437 1.6270 3.7542 -8.3210 2.0341 41.0246 -2.7829 -2.2828
Car -1 -1 -4.5234 438.4679 178.7424 485.5953 211.1740 1.5308 1.6442 3.8947 -7.5070 1.8462 36.7243 -4.7241 -2.5397
Car -1 -1 -5.2223 588.5154 179.5270 640.1885 205.8493 1.5118 1.6155 3.6134 0.1903 1.9405 44.4139 -5.2186 -2.6926
Car -1 -1 -4.7784 122.2360 179.1171 150.1184 199.9753 1.6331 1.6733 4.0915 -39.3932 2.1715 59.9157 -5.3581 -2.7857
Car -1 -1 -2.7012 377.3206 182.2703 469.8044 217.3084 1.4978 1.6211 3.7096 -8.4378 1.9379 32.6031 -2.9530 -3.0176
Car -1 -1 -5.0460 666.2811 174.6992 704.8995 198.7962 1.6022 1.5483 3.6711 5.1887 1.7354 50.2393 -4.9441 -3.3126
Car -1 -1 -4.4955 194.6210 185.7848 255.0665 221.4022 1.5730 1.7283 4.4417 -19.1347 2.2595 35.9569 -4.9817 -3.3787
Car -1 -1 -4.9765 620.0573 179.2612 646.9913 195.8305 1.5024 1.5940 3.9661 2.2027 2.1351 69.1727 -4.9452 -3.5565
Car -1 -1 -4.8653 569.8173 177.5418 593.1445 193.5809 1.4802 1.6462 4.1370 -2.8186 1.9493 70.0552 -4.9058 -3.6173
Car -1 -1 -7.7270 473.7993 179.2669 507.0834 203.9197 1.4976 1.6367 4.0481 -7.7659 1.9328 46.9510 -7.8904 -3.8272
Car -1 -1 -4.6825 263.9750 188.2695 294.6287 214.8126 1.4963 1.6270 4.1071 -20.8179 2.5142 45.4491 -5.1101 -3.9689
Car -1 -1 -4.8251 643.6498 174.7476 664.2424 191.3930 1.5786 1.5984 3.7475 4.2658 1.7691 70.7780 -4.7655 -4.2750
Car -1 -1 -4.2534 83.4809 179.3968 134.8673 201.8674 1.5399 1.5957 3.6955 -36.4168 2.0335 52.5219 -4.8575 -4.2986
Car -1 -1 -4.4819 502.7612 178.0140 533.5656 199.4902 1.6851 1.6469 4.0586 -7.5867 2.1270 59.7290 -4.6081 -4.3321
Car -1 -1 -4.6159 922.7906 172.4658 955.8770 196.6976 1.4765 1.5583 3.9785 21.0278 1.4525 46.0772 -4.1905 -4.3741
Car -1 -1 -4.6045 24.3393 185.5250 70.2220 216.2976 1.6852 1.7183 4.3978 -34.0809 2.4939 43.7490 -5.2635 -4.4651
Car -1 -1 -4.4371 414.9080 184.0009 443.4141 201.0558 1.5006 1.6336 3.7902 -17.0052 2.5792 67.9146 -4.6819 -4.4901
Car -1 -1 -4.9345 607.4076 176.2750 643.3583 200.6938 1.5912 1.5934 4.1668 0.9839 1.8376 49.8359 -4.9154 -4.4927
Car -1 -1 -2.3010 81.6966 182.2671 140.3119 204.1284 1.6910 1.8413 3.7889 -40.3310 2.4688 58.3058 -2.9042 -4.6291
Car -1 -1 -2.9602 836.0148 157.9809 920.6992 195.2240 1.7916 1.6330 3.7720 13.4724 1.0758 36.3713 -2.6083 -4.6718
Car -1 -1 -4.4185 358.1579 177.4521 392.3495 197.1334 1.6733 1.7214 4.3470 -20.9746 2.0984 64.5591 -4.7317 -4.7269
Car -1 -1 -1.8788 0.0000 174.6577 51.7255 201.8923 1.8169 1.9024 4.6848 -41.2002 1.9480 50.4927 -2.5607 -4.8017
Car -1 -1 -3.8636 291.6223 186.5187 349.8644 208.8384 1.5910 1.7751 4.0621 -22.5632 2.6999 56.3557 -4.2432 -5.0113
Car -1 -1 -7.7026 495.5745 179.1049 528.9338 203.8740 1.5164 1.5843 3.9428 -6.3767 1.9418 47.1590 -7.8366 -5.0398
Car -1 -1 -5.4111 579.2352 176.9818 620.7987 193.7160 1.4924 1.7080 4.0007 -0.9815 1.8897 67.4399 -5.4260 -5.0524
Car -1 -1 -5.5975 11.8149 180.8091 108.0771 215.4219 1.8773 1.7583 4.1235 -30.8807 2.3344 40.5290 -6.2456 -5.0901
Car -1 -1 -4.1433 547.9666 178.6081 587.0195 194.9730 1.4371 1.6978 4.0767 -3.9372 1.9894 67.1001 -4.2021 -5.1623
Car -1 -1 -4.8229 237.7233 186.2714 275.2410 213.4375 1.5051 1.6130 4.2918 -21.8421 2.3728 44.4356 -5.2777 -5.1707
Car -1 -1 -4.5334 480.9429 176.7002 520.3583 205.9175 1.5904 1.6102 3.7373 -6.3009 1.8223 41.6663 -4.6830 -5.2506
Car -1 -1 -3.8792 55.5895 178.8593 120.8910 201.3166 1.5594 1.6059 3.8115 -38.4375 2.0190 53.2201 -4.5024 -5.3461
Car -1 -1 -4.5670 457.2226 179.3587 490.3460 202.6458 1.5021 1.6553 4.2187 -9.3990 1.9708 49.8789 -4.7527 -5.4993
Car -1 -1 -4.6110 402.7831 182.5424 435.1262 207.3691 1.5577 1.7141 4.1871 -13.0072 2.2474 49.1905 -4.8686 -5.5337
Car -1 -1 -4.7409 440.0289 182.1848 461.8688 201.6018 1.5241 1.6821 3.9781 -13.4579 2.3379 60.8201 -4.9581 -5.7732
Car -1 -1 -5.1255 629.2700 177.7537 674.8500 199.2535 1.3879 1.6354 4.0627 2.8181 1.7404 49.7660 -5.0698 -5.7941
Car -1 -1 -4.4939 157.7910 186.6789 205.3604 214.2546 1.4544 1.5967 3.7993 -25.0062 2.3014 42.1673 -5.0267 -5.8163
Car -1 -1 -4.7233 546.3003 178.2828 565.6690 195.3402 1.3785 1.5986 4.0664 -4.6705 1.8585 61.7385 -4.7988 -5.8177
Car -1 -1 -5.7859 1210.2565 140.5083 1241.0000 178.1511 1.6277 1.7447 4.8775 31.3697 0.2288 33.7904 -5.0418 -5.8475
Car -1 -1 -4.7234 542.5296 178.1108 562.9937 196.6885 1.4023 1.5747 3.9546 -4.6247 1.8370 57.6597 -4.8034 -5.8725
Car -1 -1 -4.6783 564.3215 178.1790 584.5118 195.4978 1.4138 1.6057 3.9054 -3.0580 1.8861 62.0748 -4.7277 -5.8867
Car -1 -1 -4.4586 0.0000 186.1647 0.0000 216.6347 1.5454 1.6570 4.0142 -41.6079 2.3340 40.6181 -5.2529 -5.8867
Car -1 -1 -4.4923 0.0000 186.9937 0.0000 215.8038 1.5644 1.6660 4.0129 -41.5973 2.4575 43.4393 -5.2531 -5.8867
Car -1 -1 -4.6712 565.1643 177.1756 587.3033 195.7281 1.3982 1.5980 3.8998 -2.6761 1.7525 57.2436 -4.7180 -5.8867
Car -1 -1 -4.4704 424.0418 180.6822 460.1621 202.7158 1.4601 1.5968 3.9433 -11.8974 2.0369 51.2067 -4.6979 -5.8867
Car -1 -1 -4.6560 108.7377 180.7755 135.2455 199.2665 1.4752 1.6437 4.0140 -41.6120 2.1741 61.5468 -5.2487 -5.8867
Car -1 -1 -4.5116 459.4675 179.6754 487.6924 197.6482 1.4293 1.5872 3.9310 -11.4934 2.0231 60.8598 -4.6978 -5.8867
Car -1 -1 -6.9162 0.0000 0.0000 1241.0000 374.0000 1.5537 1.5931 3.8068 -2.1019 1.6633 1.0024 -7.9391 -5.8867
Car -1 -1 -6.7134 741.5402 166.9900 867.9344 207.4571 1.5834 1.6798 4.7138 7.8705 1.3536 29.4630 -6.4553 -6.1408
Car -1 -1 -8.4418 1040.2288 42.2734 1241.0000 374.0000 1.4253 1.6586 3.8346 3.1080 1.3213 2.6275 -7.6264 -6.2181
Car -1 -1 -4.9599 809.0873 169.7005 884.3286 212.1476 1.3930 1.5893 3.9709 8.2819 1.2892 25.7092 -4.6520 -6.3539
Car -1 -1 -9.2130 1193.3766 0.0000 1241.0000 374.0000 1.5342 1.6368 3.8955 4.6928 1.4100 2.5596 -8.1890 -6.4358
