Car -1 -1 -7.8529 590.6673 179.6057 616.4101 206.0053 1.6613 1.6529 3.5656 -0.4649 2.1280 48.1122 -7.8631 4.8907
Car -1 -1 -4.5958 470.1254 185.6979 496.4179 205.6401 1.4691 1.6363 3.8078 -10.1097 2.5289 57.6085 -4.7692 1.4496
Car -1 -1 -4.6914 528.8384 182.3842 547.7993 200.1297 1.5160 1.6429 4.1094 -6.5531 2.4157 66.0230 -4.7904 -1.4815
Car -1 -1 -4.6849 704.6263 176.6740 733.3953 204.3645 1.5841 1.6316 4.2928 6.6750 1.8295 44.1547 -4.5363 -2.0940
Car -1 -1 -6.6402 671.7416 177.3802 720.5840 201.2021 1.5381 1.6586 2.8348 5.7031 1.8471 48.1657 -6.5235 -2.2680
Car -1 -1 -5.1565 816.0759 155.6694 861.1317 179.3554 1.7492 1.7349 4.0025 17.4621 0.4798 55.3880 -4.8527 -2.8362
Car -1 -1 -4.5082 405.5823 181.9390 466.9983 223.9706 1.5406 1.6100 4.2209 -7.0558 1.9386 29.5011 -4.7414 -3.0934
Car -1 -1 -4.0680 43.2545 193.9259 141.4601 229.9456 1.4599 1.6307 4.0059 -24.0386 2.5010 33.6370 -4.6850 -3.1015
Car -1 -1 -3.5996 425.3145 185.9867 505.9023 213.4314 1.4502 1.6626 4.3072 -8.4017 2.2499 41.9834 -3.7964 -3.1268
Car -1 -1 -5.9378 0.0000 195.5412 74.7401 231.4720 1.4248 1.5825 3.6045 -25.9574 2.4620 31.6517 -6.6207 -3.4188
Car -1 -1 -4.5047 466.5421 181.7002 505.9544 208.0501 1.5707 1.6933 4.0972 -7.9518 2.1658 46.4870 -4.6736 -3.4215
Car -1 -1 -4.8697 679.6069 177.3701 717.0540 203.8005 1.5319 1.6491 4.1986 5.3811 1.8246 44.6789 -4.7511 -3.6413
Car -1 -1 -4.5307 447.5239 182.3822 479.0877 201.7484 1.4497 1.7790 4.1000 -11.7957 2.2440 58.1097 -4.7305 -3.8354
Car -1 -1 -4.6102 499.6901 181.3268 526.0624 202.6550 1.6307 1.7352 3.9579 -7.8997 2.3440 58.7645 -4.7437 -3.9901
Car -1 -1 -8.1692 961.8057 160.2787 993.2443 177.1709 1.5349 1.6376 3.3854 34.2495 0.3919 67.3579 -7.7006 -4.0324
Car -1 -1 -5.1248 587.0222 181.1173 636.5680 207.6843 1.5057 1.6304 3.8364 0.0259 2.0363 44.2742 -5.1248 -4.1221
Car -1 -1 -4.5036 508.5473 182.1333 539.9644 203.9040 1.5573 1.5935 4.0604 -6.5804 2.2976 55.4930 -4.6216 -4.1721
Car -1 -1 -6.6619 1008.7737 138.6933 1113.0958 171.8349 1.6488 1.7490 4.2109 23.1191 -0.0546 37.1976 -6.1092 -4.1895
Car -1 -1 -4.6076 509.6940 179.5060 532.4606 197.9290 1.6039 1.6757 3.9055 -8.1499 2.2321 66.2058 -4.7300 -4.2069
Car -1 -1 -5.3351 0.0000 189.0657 50.6566 365.9993 1.5058 1.6291 3.9072 -8.2598 1.6950 7.3848 -6.1583 -4.2348
Car -1 -1 -3.1105 833.9571 149.6216 910.1752 183.8154 1.7648 1.7580 3.7667 14.0238 0.5654 38.7485 -2.7658 -4.3259
Car -1 -1 -4.5429 426.3319 189.0667 463.0085 213.4177 1.3912 1.6125 4.1088 -10.5457 2.4740 46.1077 -4.7669 -4.3628
Car -1 -1 -6.7844 736.7215 177.3978 824.5168 208.1614 1.4178 1.5838 3.8481 8.2002 1.6455 34.9136 -6.5561 -4.3886
Car -1 -1 -4.6953 616.7885 180.2644 636.1971 198.7806 1.6226 1.7357 4.0907 1.5366 2.3315 66.9720 -4.6729 -4.5749
Car -1 -1 -4.3613 610.7375 180.0039 648.8372 201.0761 1.5141 1.6714 3.9562 1.5327 2.0845 55.4478 -4.3343 -4.6222
Car -1 -1 -4.7640 296.9350 184.9727 319.8526 203.4388 1.6738 1.8527 4.4629 -29.7143 2.9061 70.9797 -5.1594 -4.8731
Car -1 -1 -4.8140 621.4261 180.3097 643.3272 197.1612 1.5496 1.7094 4.2277 2.1344 2.2997 70.4418 -4.7843 -5.0515
Car -1 -1 -4.8838 324.7354 188.2617 368.0844 219.2267 1.4904 1.5737 3.7150 -14.2216 2.3597 38.7237 -5.2339 -5.1334
Car -1 -1 -7.4944 666.6012 176.3333 716.1318 205.1958 1.5557 1.5501 3.9358 4.6916 1.7657 41.5038 -7.3831 -5.5491
Car -1 -1 -4.7090 647.5401 180.8086 670.2212 201.3845 1.4139 1.6031 3.7314 3.5610 2.0188 52.9797 -4.6428 -5.6201
Car -1 -1 -4.6781 336.2054 187.6623 363.3095 214.2946 1.7132 1.6621 3.8309 -18.3157 2.7982 50.8031 -5.0229 -5.6398
Car -1 -1 -4.5929 39.5615 193.1947 75.9059 218.2229 1.6892 1.7019 4.0063 -41.5837 3.2822 54.3625 -5.2437 -5.6419
Car -1 -1 -4.6457 565.1354 183.2487 592.0317 207.7344 1.6272 1.6668 3.9399 -2.2421 2.3993 51.6259 -4.6894 -5.6581
Car -1 -1 -4.3597 315.8861 190.9987 383.4793 227.4725 1.5762 1.6848 4.4956 -12.8086 2.5299 35.6813 -4.7024 -5.7522
Car -1 -1 -4.6741 547.3220 179.9789 570.6905 200.7683 1.4695 1.6079 4.0623 -3.8451 2.0274 54.4685 -4.7447 -5.8601
Car -1 -1 -4.5638 349.9973 182.5940 390.1771 212.1873 1.5736 1.6383 3.9509 -13.8859 2.1661 41.8265 -4.8828 -5.8681
Car -1 -1 -4.4943 585.1474 179.8094 616.8641 200.3176 1.4705 1.6318 3.8609 -0.6785 2.0219 55.1858 -4.5070 -5.8867
Car -1 -1 -4.6569 570.6204 179.0425 590.5812 195.8717 1.4424 1.5913 3.9372 -2.6550 2.0189 65.2768 -4.6977 -5.8867
Car -1 -1 -4.6780 131.3911 184.6112 155.4643 203.4916 1.5577 1.6609 4.0144 -41.6016 2.6411 64.3555 -5.2502 -5.8867
Car -1 -1 -4.5560 0.0000 186.7207 24.4045 212.0916 1.5812 1.6686 4.0113 -41.6042 2.5728 49.4654 -5.2528 -5.8867
Car -1 -1 -4.5313 0.0000 185.0179 0.0000 210.7659 1.5304 1.6527 4.0094 -41.6073 2.3595 47.0556 -5.2527 -5.8867
Car -1 -1 -4.6293 76.1580 185.4305 106.8190 206.7389 1.5719 1.6647 4.0170 -41.6023 2.6186 57.9183 -5.2502 -5.8867
Car -1 -1 -4.1799 188.8427 179.7513 229.4704 195.8105 1.4979 1.6528 4.0872 -39.4838 2.1974 71.1414 -4.6852 -5.8867
Car -1 -1 -6.9162 0.0000 0.0000 1241.0000 374.0000 1.5492 1.5925 3.8057 -2.1023 1.6461 1.0026 -7.9392 -5.8867
Car -1 -1 -4.9957 689.9837 167.8019 728.3068 194.5050 1.8726 1.7642 3.8077 7.1528 1.5180 52.6123 -4.8617 -5.9292
Car -1 -1 -4.9109 550.1427 179.5274 577.0234 196.8773 1.4754 1.6402 4.1187 -4.2532 2.0990 65.2546 -4.9761 -5.9878
Car -1 -1 -6.8482 1133.3408 96.7453 1241.0000 374.0000 1.4478 1.6314 4.4899 5.1026 1.2968 3.0891 -5.8631 -6.0605
Car -1 -1 -6.9338 281.9479 185.4735 503.0206 290.9572 1.3919 1.3715 3.2348 -3.4268 1.6249 11.6364 -7.2149 -6.0847
Car -1 -1 -8.3361 999.1796 21.2342 1241.0000 374.0000 1.4709 1.6547 3.7908 2.7093 1.3624 2.5635 -7.5786 -6.2918
Car -1 -1 -6.2237 470.1184 183.5897 523.7769 203.0456 1.4371 1.6127 3.9807 -8.6690 2.2756 55.3830 -6.3786 -6.4479
