Car -1 -1 -7.8115 586.6143 172.9212 613.7297 198.9877 1.6761 1.6619 3.7063 -0.6560 1.6805 48.2814 -7.8255 4.4944
Car -1 -1 -4.6869 490.5621 175.9191 508.9965 193.2492 1.6076 1.6628 3.8508 -10.6346 1.9117 69.6575 -4.8382 -1.0680
Car -1 -1 -4.3149 177.6784 189.3143 249.8132 221.8674 1.3958 1.6306 4.0440 -19.2388 2.2451 35.1483 -4.8128 -1.6072
Car -1 -1 -4.6091 613.0285 175.9370 639.1987 197.0028 1.4967 1.5808 3.6938 1.2027 1.7344 53.7624 -4.5872 -2.1762
Car -1 -1 -7.7346 421.1787 179.1348 470.1350 215.5370 1.4853 1.6561 4.0764 -7.3234 1.7844 32.2812 -7.9564 -2.5113
Car -1 -1 -4.5787 466.6866 174.3291 503.3698 201.3924 1.5842 1.7009 4.0805 -7.6956 1.6792 44.5333 -4.7492 -3.4162
Car -1 -1 -4.6363 577.5875 173.4455 596.9754 189.9368 1.5552 1.6018 3.7982 -2.2020 1.6139 70.1144 -4.6679 -3.6821
Car -1 -1 -4.5597 501.4123 176.1914 528.7703 197.9608 1.5152 1.5215 3.0263 -6.8708 1.7635 52.2199 -4.6902 -3.8937
Car -1 -1 -7.4430 431.9688 179.6321 493.0297 210.2451 1.4733 1.6298 4.1109 -7.7033 1.8493 37.8723 -7.6428 -3.9528
Car -1 -1 -4.5297 505.3591 175.5278 530.1224 191.6252 1.5188 1.6997 4.0836 -9.0445 1.7887 70.8545 -4.6565 -4.0003
Car -1 -1 -5.1914 428.9526 180.5110 490.9099 208.1783 1.5375 1.7928 4.5057 -9.1723 2.0253 43.6873 -5.3976 -4.0835
Car -1 -1 -4.7176 600.4518 174.4406 628.7671 201.3707 1.5468 1.6358 4.0460 0.2286 1.6471 43.7058 -4.7129 -4.3020
Car -1 -1 -7.6063 368.3272 179.2764 448.4977 225.5864 1.4804 1.6811 4.6516 -7.1963 1.7329 26.0575 -7.8736 -4.3743
Car -1 -1 -4.7383 618.4380 172.8942 644.1702 197.0001 1.6180 1.6824 4.2403 1.4237 1.6206 50.5582 -4.7107 -4.4173
Car -1 -1 -4.7082 496.8326 173.7147 524.5148 200.4651 1.5839 1.6326 3.5558 -6.1817 1.6392 44.7127 -4.8452 -4.6528
Car -1 -1 -4.9614 386.4775 179.5585 418.1091 198.7785 1.4624 1.6234 3.5617 -16.8066 2.0210 58.2048 -5.2416 -4.7404
Car -1 -1 -5.5672 0.0000 191.0111 45.3951 366.8237 1.4745 1.6145 4.2254 -8.6415 1.6863 7.3517 -6.4150 -4.7542
Car -1 -1 -4.7070 385.9631 179.3366 417.0889 210.3585 1.7765 1.7625 4.2857 -12.8985 2.1974 44.5825 -4.9875 -5.1586
Car -1 -1 -4.6995 664.9922 167.7099 686.5702 189.8596 1.7414 1.6921 4.0839 5.3608 1.3367 58.8451 -4.6094 -5.2150
Car -1 -1 -4.9974 423.2750 178.4038 455.8704 197.1757 1.4696 1.5892 3.9218 -14.1857 1.9456 59.8239 -5.2296 -5.3153
Car -1 -1 -4.5508 377.7606 179.5020 407.7534 202.4939 1.5162 1.4578 3.5396 -15.1976 1.9982 50.5001 -4.8420 -5.3512
Car -1 -1 -4.9929 413.1862 180.1018 458.7112 209.8952 1.6342 1.6128 3.8367 -10.3636 2.0830 42.6474 -5.2303 -5.3603
Car -1 -1 -4.6652 442.2349 180.3249 464.0986 197.8425 1.3880 1.6168 4.2261 -13.3110 2.0452 61.2803 -4.8786 -5.3735
Car -1 -1 -4.7514 415.2587 179.9593 440.9600 200.9511 1.4190 1.6498 4.1282 -13.2918 1.9573 52.4838 -4.9986 -5.3995
Car -1 -1 -4.3667 401.5328 177.8495 436.8550 197.5156 1.5489 1.5381 4.1077 -15.8476 1.9787 60.0146 -4.6241 -5.4092
Car -1 -1 -5.4753 0.0000 190.1324 96.7264 237.9563 1.5233 1.5339 3.5544 -19.8555 2.1385 24.7060 -6.1472 -5.4413
Car -1 -1 -4.5129 349.1266 181.5147 378.9937 199.4246 1.4162 1.6074 4.1598 -20.8791 2.1778 61.3140 -4.8401 -5.5127
Car -1 -1 -4.4284 327.8224 179.5128 362.8058 198.2605 1.4151 1.5767 4.0053 -21.2429 1.9688 57.9709 -4.7784 -5.6101
Car -1 -1 -7.1916 817.1130 143.6366 888.0093 177.7757 1.7655 1.6682 3.7854 13.1088 0.2542 39.0566 -6.8701 -5.6402
Car -1 -1 -4.4113 320.8419 182.1273 350.7946 198.8380 1.4902 1.5685 3.9141 -26.0341 2.3969 68.5673 -4.7731 -5.6594
Car -1 -1 -4.7755 450.9471 178.5146 471.9167 193.8222 1.3626 1.6654 4.4399 -14.1192 1.9170 68.3364 -4.9787 -5.7289
Car -1 -1 -4.0865 207.7866 185.3889 274.9584 214.9958 1.6474 1.6834 3.8803 -22.3962 2.4459 43.9309 -4.5558 -5.7327
Car -1 -1 -4.5302 342.1324 179.1447 367.1545 196.2631 1.5310 1.5566 3.8134 -24.0549 2.1411 68.0096 -4.8692 -5.7342
Car -1 -1 -7.8444 605.8627 176.8703 640.2109 211.6723 1.4604 1.4608 3.3753 0.5544 1.6499 32.3784 -7.8280 -5.7400
Car -1 -1 -4.5454 334.6193 180.8872 365.7958 203.5044 1.6288 1.6408 3.8007 -19.9346 2.2678 55.4077 -4.8895 -5.7575
Car -1 -1 -4.7194 361.7408 180.1901 381.1980 197.7552 1.4810 1.6113 4.0687 -21.4713 2.1622 64.8452 -5.0383 -5.7593
Car -1 -1 -4.7566 421.0554 178.9144 449.8765 203.5074 1.4932 1.6435 4.1708 -11.4720 1.9076 47.1415 -4.9944 -5.8054
Car -1 -1 -6.9566 1241.0000 155.9566 1241.0000 374.0000 1.4190 1.5360 3.8532 6.2224 1.3671 3.5708 -5.9419 -5.8249
Car -1 -1 -4.3404 365.3304 180.5091 403.8515 199.3306 1.4369 1.6427 4.0334 -18.3546 2.0827 58.8364 -4.6419 -5.8325
Car -1 -1 -4.3861 359.2049 180.2999 393.8371 198.3044 1.4184 1.5834 3.9276 -19.5399 2.0623 60.4524 -4.6977 -5.8867
Car -1 -1 -4.8373 388.5203 180.0018 413.2574 197.1962 1.4392 1.6244 4.0751 -18.7156 2.0986 64.4077 -5.1193 -5.8867
Car -1 -1 -9.2440 0.0000 0.0000 1241.0000 374.0000 1.4926 1.5778 3.7888 4.7182 1.3738 0.9968 -7.9398 -5.8867
Car -1 -1 -4.4477 367.7611 180.9265 396.2654 197.1793 1.4446 1.5891 3.9403 -21.5050 2.2288 68.1196 -4.7526 -5.8867
Car -1 -1 -9.1173 0.0000 0.0000 1241.0000 374.0000 1.5148 1.5846 3.7967 3.1109 1.4665 0.9964 -7.9398 -5.8867
Car -1 -1 -4.7339 359.5312 179.8132 383.3874 201.6328 1.5622 1.6462 4.0945 -18.3284 2.1163 55.2711 -5.0530 -5.9085
Car -1 -1 -4.9066 574.6584 175.8399 616.9186 201.2715 1.3973 1.6425 4.5022 -0.9340 1.5831 42.5772 -4.9288 -5.9558
Car -1 -1 -4.5336 486.5931 175.2910 511.6105 194.9203 1.7317 1.6681 3.4631 -10.1120 1.9597 65.8417 -4.6858 -6.0138
Car -1 -1 -4.5140 437.0874 178.7444 460.0220 195.9404 1.6284 1.5817 3.3343 -15.9147 2.2228 71.1628 -4.7336 -6.2560
Car -1 -1 -7.0775 667.3496 297.0885 1241.0000 374.0000 1.5200 1.7969 4.2569 2.5092 2.3251 3.3756 -6.4825 -6.2767
Car -1 -1 -3.8529 464.9181 174.4169 508.5590 194.0031 1.7478 1.6516 3.8275 -11.3883 1.8963 66.7064 -4.0216 -6.6484
Car -1 -1 -2.9473 728.2340 161.5815 814.7419 195.7720 1.7895 1.7667 4.3586 8.7865 1.1992 39.4456 -2.7300 -7.4369
