Car -1 -1 -7.9048 579.8406 173.2371 608.9003 199.7520 1.6483 1.6924 3.6462 -1.0825 1.6738 46.7894 -7.9283 4.5124
Car -1 -1 -7.8222 525.4098 174.5985 560.3519 206.4202 1.5814 1.7119 4.1917 -3.5437 1.6787 38.2356 -7.9145 4.3233
Car -1 -1 -4.5479 435.4384 180.7384 469.7448 203.5651 1.4574 1.6779 3.9085 -10.7700 2.0191 49.4389 -4.7617 2.2273
Car -1 -1 -7.6328 461.5768 179.7597 501.0500 204.7933 1.4429 1.6344 3.6448 -7.9179 1.8860 44.4721 -7.8083 -0.3064
Car -1 -1 -4.6079 645.2090 178.3191 670.9921 197.8827 1.3914 1.5534 3.8596 3.6352 1.8193 54.4886 -4.5420 -0.8245
Car -1 -1 -7.3676 485.1592 177.7401 540.4014 203.3468 1.4747 1.6166 4.1896 -5.9873 1.7920 44.6558 -7.5005 -0.9909
Car -1 -1 -7.6252 361.3626 178.0903 397.0076 200.9198 1.6639 1.7391 4.0632 -17.7759 2.0826 55.6419 -7.9333 -1.2828
Car -1 -1 -5.0221 658.7405 175.5731 713.4076 206.8963 1.4671 1.6196 3.8363 3.7114 1.6109 36.1949 -4.9213 -2.1590
Car -1 -1 -4.8428 611.0092 171.8596 642.3834 197.3914 1.6889 1.6321 4.1494 1.0796 1.6228 49.8806 -4.8217 -2.6767
Car -1 -1 -6.7307 651.5710 176.3384 731.6771 203.6894 1.3977 1.6047 3.9592 4.3274 1.5908 38.6445 -6.6205 -3.1876
Car -1 -1 -4.8263 629.1178 172.4053 656.5002 192.2922 1.4735 1.6405 4.1121 2.4608 1.4400 55.5718 -4.7827 -3.1942
Car -1 -1 -8.3195 401.6558 181.5606 465.6569 215.3211 1.4545 1.5475 3.4035 -8.3399 1.8839 33.8101 -8.5599 -3.3564
Car -1 -1 -4.8795 470.6996 175.5438 502.3604 198.3672 1.6372 1.6927 4.1096 -9.3915 1.8483 54.5007 -5.0496 -3.3609
Car -1 -1 -8.3214 412.8843 179.4784 468.7587 205.7936 1.4844 1.6493 4.0607 -10.3536 1.9058 43.8373 -8.5523 -3.5888
Car -1 -1 -4.6139 493.8751 170.7940 518.0444 189.8527 1.5736 1.6975 3.5198 -8.8435 1.4032 61.3689 -4.7567 -3.7138
Car -1 -1 -7.8547 348.9792 179.5306 372.6266 200.8699 1.5365 1.6617 4.1733 -19.2283 2.0715 55.6024 -8.1865 -3.8353
Car -1 -1 -2.2889 372.8305 176.1619 420.6000 196.2957 1.7238 1.7172 4.2341 -19.0272 2.0265 64.2452 -2.5760 -3.9414
Car -1 -1 -4.7696 620.9920 174.3834 656.3185 205.7032 1.5671 1.6366 3.9282 1.4337 1.6521 38.2764 -4.7329 -3.9548
Car -1 -1 -4.4671 213.5249 183.7725 247.2968 200.9365 1.4310 1.6491 4.5939 -34.5119 2.4611 65.6675 -4.9496 -4.0236
Car -1 -1 -5.9845 356.2572 182.8653 424.0964 206.9712 1.5041 1.6025 3.8833 -14.1642 2.1603 46.5034 -6.2790 -4.1119
Car -1 -1 -2.0139 220.9333 184.0624 267.8681 205.3912 1.6006 1.7305 4.2376 -29.5429 2.5354 58.2132 -2.4819 -4.1534
Car -1 -1 -4.5954 683.5128 170.4330 711.4741 193.4251 1.6010 1.5989 3.6469 6.3305 1.4321 52.2029 -4.4757 -4.2292
Car -1 -1 -6.7056 509.6135 173.8697 573.6797 194.6734 1.4910 1.6883 4.4482 -5.1025 1.5689 53.7231 -6.8002 -4.5253
Car -1 -1 -4.6576 563.4136 174.8045 592.6855 201.7345 1.5241 1.5577 3.2614 -1.8945 1.6437 42.7121 -4.7021 -4.5272
Car -1 -1 -7.7770 511.1370 168.5830 534.5619 187.9993 1.6086 1.7049 3.7709 -7.4454 1.2544 61.6973 -7.8969 -4.5594
Car -1 -1 -5.5958 0.0000 191.5695 38.7538 374.0000 1.4746 1.7134 4.2728 -8.4862 1.6865 6.9612 -6.4605 -4.7405
Car -1 -1 -6.5405 455.6765 177.7373 543.0870 211.2628 1.4560 1.5772 3.6983 -5.1342 1.6904 33.2217 -6.6931 -4.7885
Car -1 -1 -4.8985 219.4382 182.5829 259.0633 206.4221 1.5246 1.7137 4.1258 -25.7838 2.2283 50.0588 -5.3722 -4.9796
Car -1 -1 -7.6646 405.2664 174.7727 434.5289 196.0203 1.8466 1.7278 4.6233 -17.2316 2.0268 65.5008 -7.9212 -5.4958
Car -1 -1 -4.6857 267.8924 180.9397 288.3378 196.9504 1.4119 1.6395 4.2841 -31.3736 2.2019 68.2342 -5.1154 -5.5551
Car -1 -1 -7.1371 1.7220 188.0595 138.7626 240.6573 1.5602 1.6037 3.8119 -18.2044 2.1177 24.5048 -7.7710 -5.5627
Car -1 -1 -4.3032 363.4140 181.6988 418.1964 207.7206 1.4496 1.6229 4.2626 -13.2976 2.0146 43.9088 -4.5959 -5.6149
Car -1 -1 -4.5619 206.2036 183.5704 248.0600 209.0549 1.3850 1.5932 4.2694 -23.0023 2.0632 43.4066 -5.0469 -5.6378
Car -1 -1 -4.6314 35.4932 178.9952 78.6620 212.7831 1.6969 1.5385 3.7903 -29.8478 2.0454 38.9784 -5.2817 -5.6941
Car -1 -1 -4.6197 257.5348 182.9486 290.9491 205.6520 1.4351 1.7163 4.0460 -23.1327 2.1615 49.7526 -5.0532 -5.7304
Car -1 -1 -4.4792 116.5247 187.5567 181.3937 222.3263 1.4226 1.6338 4.0621 -21.3848 2.1506 33.5562 -5.0432 -5.7872
Car -1 -1 -4.4896 0.0000 185.0201 0.0000 212.8256 1.5190 1.6506 4.0106 -41.6087 2.2874 43.4400 -5.2505 -5.8867
Car -1 -1 -4.6838 137.5824 183.4430 160.8032 201.5018 1.5144 1.6485 4.0084 -41.6038 2.5018 65.1628 -5.2503 -5.8867
Car -1 -1 -4.5857 25.6771 181.0099 62.8008 202.7157 1.4842 1.6476 4.0205 -41.6120 2.1084 53.1021 -5.2481 -5.8867
Car -1 -1 -4.6446 94.8079 180.8158 122.9666 199.9377 1.4841 1.6468 4.0194 -41.6108 2.1689 59.9378 -5.2496 -5.8867
Car -1 -1 -4.4515 0.0000 185.5861 0.0000 215.9473 1.5264 1.6521 4.0126 -41.6091 2.2737 40.2214 -5.2507 -5.8867
Car -1 -1 -4.4158 256.4872 186.9287 337.0930 228.0079 1.3895 1.6764 4.3405 -12.1581 1.9830 28.1942 -4.8199 -5.9726
Car -1 -1 -4.6022 110.9765 186.7450 170.0485 226.8805 1.4902 1.6305 4.1912 -19.8489 2.1217 30.5790 -5.1742 -6.0509
Car -1 -1 -2.1229 310.9169 182.6405 365.4142 203.7273 1.4785 1.6989 4.6008 -20.6267 2.2469 54.5996 -2.4828 -6.2180
Car -1 -1 -3.2034 670.6500 169.5020 713.0551 190.8965 1.9625 1.6346 3.8212 7.5635 1.6547 67.0961 -3.0920 -7.1672
