Car -1 -1 -7.8418 584.9554 179.9754 611.0917 205.2382 1.5972 1.6898 3.6449 -0.8173 2.0934 48.4752 -7.8591 3.8017
Car -1 -1 -4.3552 398.4685 181.8948 445.4022 207.3539 1.6122 1.7690 4.1393 -12.8355 2.2574 49.3680 -4.6086 1.9986
Car -1 -1 -4.5337 422.0361 184.5520 465.2633 214.0493 1.5009 1.6574 4.0879 -9.2992 2.1900 40.4426 -4.7587 1.9858
Car -1 -1 -5.1565 472.7503 181.5872 520.0044 205.3127 1.4830 1.5954 3.9739 -7.7449 2.0978 48.7300 -5.3137 -1.7304
Car -1 -1 -4.6475 457.9816 181.6019 493.2043 211.1151 1.5626 1.7275 4.2975 -7.7617 2.0957 41.7630 -4.8306 -2.7118
Car -1 -1 -7.8263 667.2136 168.1913 689.5036 193.2092 2.1611 1.8635 5.1210 6.1714 1.7580 64.9814 -7.7324 -2.7682
Car -1 -1 -5.0648 602.3250 177.9377 632.4262 194.5270 1.5543 1.6528 4.0890 0.6743 2.0709 71.1587 -5.0558 -2.8408
Car -1 -1 -4.6384 504.6178 180.5200 534.2100 203.8445 1.4965 1.7045 4.6541 -6.2875 2.0549 50.2168 -4.7627 -2.9006
Car -1 -1 -7.8218 396.1431 186.8847 441.4908 227.0879 1.3934 1.6037 3.9993 -7.5612 1.9910 28.6202 -8.0783 -3.0258
Car -1 -1 -7.6976 622.7286 179.1028 645.7376 195.8136 1.5678 1.6876 3.9181 2.4054 2.2034 71.3363 -7.6644 -3.5886
Car -1 -1 -4.8945 601.5516 181.8921 647.9660 215.7842 1.4542 1.5610 3.4405 0.5985 1.8996 33.7577 -4.8775 -3.6674
Car -1 -1 -4.8955 515.2800 179.6096 539.4874 196.3344 1.5615 1.6699 4.0061 -8.2072 2.2487 71.2713 -5.0101 -3.6878
Car -1 -1 -2.9882 623.9512 176.1276 679.9897 196.5350 1.5774 1.6754 4.2489 3.3287 1.8435 57.4409 -2.9310 -4.0518
Car -1 -1 -4.7563 502.9752 179.7695 522.5240 195.9850 1.5091 1.7313 3.9755 -9.6207 2.2101 71.0591 -4.8907 -4.0950
Car -1 -1 -4.6610 488.0429 181.2284 520.6163 209.0367 1.5228 1.7080 4.1210 -6.2746 2.0455 42.9273 -4.8058 -4.2480
Car -1 -1 -5.1271 441.8641 184.4699 493.2598 210.8559 1.5033 1.7374 3.8508 -8.9588 2.2610 45.0113 -5.3229 -4.3753
Car -1 -1 -4.4862 615.4362 177.1371 649.2166 200.7591 1.5965 1.6058 3.7942 1.6024 1.9143 51.5444 -4.4558 -4.4034
Car -1 -1 -4.8875 478.6786 181.3882 503.0548 196.7651 1.4182 1.6635 4.2239 -11.8253 2.2884 71.3327 -5.0516 -4.4504
Car -1 -1 -7.7334 799.4544 164.0317 868.9453 221.4019 1.6857 1.6880 4.0784 7.2985 1.4262 23.4071 -7.4352 -4.4559
Car -1 -1 -3.0183 393.2224 185.8871 481.6591 216.1867 1.3946 1.6092 4.0166 -8.3740 2.0468 35.1061 -3.2512 -4.6995
Car -1 -1 -4.6116 513.5220 181.7054 534.7590 199.1164 1.5101 1.5710 3.7770 -7.8970 2.3479 66.4179 -4.7299 -4.7370
Car -1 -1 -4.7115 628.3293 179.2475 662.5043 213.5094 1.5528 1.5817 3.6532 1.6855 1.8815 35.2594 -4.6647 -4.8873
Car -1 -1 -8.5508 775.6013 170.5246 855.9051 210.1432 1.5981 1.5421 3.2975 8.7094 1.5039 30.9251 -8.2793 -4.9921
Car -1 -1 -8.0638 688.0009 174.7535 730.9147 201.0932 1.5296 1.7369 4.3410 6.0302 1.6522 44.4540 -7.9303 -5.0168
Car -1 -1 -4.2639 558.0298 180.0569 612.0176 207.1562 1.5559 1.6795 4.2615 -1.5298 2.0270 44.9332 -4.2982 -5.0378
Car -1 -1 -8.3238 646.5184 176.3948 699.8121 202.8009 1.5341 1.6537 3.9766 3.8172 1.7634 44.6483 -8.2395 -5.1369
Car -1 -1 -4.5235 594.8785 179.5324 630.4296 201.3822 1.4632 1.7325 4.6705 0.2144 1.9695 52.2782 -4.5199 -5.2258
Car -1 -1 -4.7061 10.2906 177.3041 46.3642 205.8267 1.9075 1.9276 3.8157 -41.1109 2.2347 51.0018 -5.3821 -5.2845
Car -1 -1 -4.4345 165.3461 191.7844 206.5151 214.1764 1.5421 1.6671 4.1040 -32.6409 3.0580 55.5957 -4.9635 -5.3098
Car -1 -1 -5.0026 528.9960 178.3285 562.8920 197.9274 1.6966 1.8050 4.8012 -5.9661 2.2200 66.4584 -5.0922 -5.3294
Car -1 -1 -4.7548 538.1025 179.0737 559.1934 196.4251 1.3949 1.6160 4.2053 -5.3051 1.9459 61.7636 -4.8405 -5.4554
Car -1 -1 -4.5062 575.4479 181.1980 607.4576 200.8607 1.4852 1.7586 4.3267 -1.4922 2.1905 58.7274 -4.5320 -5.5049
Car -1 -1 -4.8807 382.0657 184.1952 410.0293 204.0400 1.4498 1.4989 3.8371 -16.9889 2.3794 57.1107 -5.1689 -5.6967
Car -1 -1 -4.3173 309.3692 184.3960 345.2189 200.9575 1.4566 1.6544 4.2738 -26.8533 2.5884 68.6191 -4.6892 -5.7179
Car -1 -1 -4.6244 100.9666 190.1787 130.7151 210.8756 1.5710 1.7021 4.1343 -41.5529 3.0815 60.7029 -5.2228 -5.7300
Car -1 -1 -4.6148 290.2253 184.6406 313.4492 201.5029 1.4690 1.6243 4.0703 -29.0695 2.6168 68.0981 -5.0172 -5.7437
Car -1 -1 -4.5262 0.0000 193.9526 0.0000 220.7418 1.5037 1.6845 4.1595 -41.3350 2.9194 46.2087 -5.2533 -5.8061
Car -1 -1 -4.4988 308.3545 183.3261 343.7028 207.6593 1.6837 1.6631 3.8701 -21.1240 2.4928 53.7261 -4.8720 -5.8080
Car -1 -1 -5.0447 595.4097 178.0151 629.9766 195.7401 1.4074 1.6112 4.2489 0.1604 1.8588 60.8846 -5.0425 -5.8490
Car -1 -1 -4.7379 535.5651 179.4574 559.8051 200.4001 1.4075 1.6279 4.2305 -4.5611 1.9038 52.0703 -4.8253 -5.8630
Car -1 -1 -4.4714 340.5711 182.0223 376.2060 202.3867 1.4361 1.6453 4.0036 -19.0924 2.1586 54.8150 -4.8054 -5.8867
Car -1 -1 -4.5226 567.6870 177.6315 599.8510 198.8531 1.4424 1.6140 3.8933 -1.8811 1.8000 52.0110 -4.5590 -5.8867
Car -1 -1 -4.6715 121.9568 184.0895 146.9662 203.1592 1.5453 1.6595 4.0119 -41.6034 2.5617 63.1458 -5.2523 -5.8867
Car -1 -1 -7.1456 51.0270 0.0000 1241.0000 374.0000 1.5539 1.5936 3.8072 -1.2981 1.6537 1.0024 -7.9392 -5.8867
Car -1 -1 -4.2771 266.0592 182.9695 306.0230 201.1912 1.4703 1.6338 3.9603 -27.9968 2.3731 62.4238 -4.6974 -5.8867
Car -1 -1 -4.6489 564.0759 179.4029 585.3328 197.1684 1.4533 1.5943 3.9406 -3.0510 2.0380 62.4695 -4.6979 -5.8867
Car -1 -1 -4.4952 446.3061 179.5909 482.2527 203.1475 1.5079 1.6052 3.8852 -9.9334 1.9859 49.2644 -4.6935 -5.8867
Car -1 -1 -4.8068 394.1431 185.5373 417.5615 204.8936 1.5945 1.6404 4.0041 -18.2798 2.7649 64.4371 -5.0825 -5.9904
Car -1 -1 -8.5335 1032.8666 33.5737 1241.0000 374.0000 1.5493 1.6465 3.7311 3.1034 1.4420 2.5237 -7.7012 -6.2668
Car -1 -1 -7.8887 1241.0000 166.2224 1241.0000 374.0000 1.4291 1.7862 4.3350 5.4967 1.4071 4.4920 -7.0350 -6.3912
Car -1 -1 -4.4575 332.4525 180.3784 359.7240 200.9231 1.8544 1.5741 3.5737 -24.9811 2.5861 68.3384 -4.8070 -6.4687
