Car -1 -1 -7.9876 585.5923 179.8224 617.6630 205.7963 1.6190 1.6577 3.5776 -0.6251 2.0994 47.8806 -8.0012 4.2775
Car -1 -1 -4.5513 442.0763 184.0131 479.3384 208.9200 1.4629 1.6626 4.4710 -9.6334 2.2196 46.6791 -4.7541 2.0775
Car -1 -1 -4.7847 482.9354 182.6891 504.4235 200.4530 1.5128 1.6553 3.8830 -10.6597 2.4381 65.8292 -4.9450 -0.9410
Car -1 -1 -4.6860 522.3511 181.8685 543.0958 200.6052 1.4549 1.6144 4.1679 -6.4453 2.2339 60.2310 -4.7926 -1.6716
Car -1 -1 -3.3668 1017.2781 162.7151 1084.7303 186.4332 1.7246 1.6815 4.0205 32.8433 0.9870 53.8928 -2.8221 -1.7374
Car -1 -1 -5.0536 429.5775 184.7061 486.8341 216.2582 1.5047 1.6555 4.2094 -8.1522 2.1703 38.3096 -5.2623 -2.9873
Car -1 -1 -7.6718 977.7099 157.6945 1011.4786 181.8726 1.9960 1.7811 4.4914 32.9872 0.7442 61.8801 -7.1841 -3.3762
Car -1 -1 -5.0123 971.7456 167.8599 1009.3589 189.8103 1.5736 1.5314 3.3604 28.1507 1.2153 53.5189 -4.5306 -4.0036
Car -1 -1 -5.1350 511.0346 176.8809 553.6096 201.0738 1.6952 1.6525 3.9496 -5.8146 2.0046 53.3844 -5.2434 -4.0696
Car -1 -1 -4.9461 625.3507 176.4248 651.2282 194.2890 1.6072 1.5762 3.8370 2.6050 1.9523 67.7637 -4.9082 -4.1082
Car -1 -1 -3.9967 442.4996 183.5141 509.4867 211.6340 1.5425 1.6620 4.1317 -8.0424 2.2167 43.4502 -4.1791 -4.1382
Car -1 -1 -4.5922 944.5415 176.4998 971.0020 195.3904 1.5148 1.5725 3.7667 29.2271 1.8311 60.6464 -4.1453 -4.1394
Car -1 -1 -8.0810 728.5975 172.1705 787.5607 208.7737 1.6556 1.7591 4.7200 7.0515 1.6244 35.0223 -7.8844 -4.1464
Car -1 -1 -4.8258 497.6441 179.1560 531.2319 206.8149 1.5493 1.5842 3.6907 -5.8081 1.9446 43.3037 -4.9588 -4.2372
Car -1 -1 -5.0175 587.1547 179.3974 631.9030 206.3168 1.5472 1.6787 3.8392 -0.1129 1.9699 44.5661 -5.0205 -4.3301
Car -1 -1 -4.5881 490.5431 178.6864 518.9933 201.0554 1.5626 1.6429 3.5864 -7.7466 2.0066 53.1566 -4.7325 -4.4015
Car -1 -1 -5.2261 510.7481 179.2175 565.5120 205.1983 1.6487 1.8075 4.3473 -4.9814 2.1027 49.2100 -5.3269 -4.4151
Car -1 -1 -3.6061 1082.1888 137.3778 1241.0000 209.2703 1.6839 1.6846 3.6351 14.1694 0.8527 18.0746 -2.9491 -4.4988
Car -1 -1 -4.8001 722.4965 176.8585 760.3940 207.2628 1.5119 1.6278 3.9682 6.9151 1.7364 38.4663 -4.6241 -4.5195
Car -1 -1 -6.6291 774.3539 176.4392 886.3652 215.0211 1.4807 1.5406 3.9781 8.6798 1.6275 28.7341 -6.3391 -4.6014
Car -1 -1 -5.2745 507.3428 181.0210 545.1360 198.4753 1.5008 1.5677 3.9456 -7.7071 2.2701 65.9671 -5.3907 -4.6341
Car -1 -1 -4.4361 242.5135 180.2114 291.0459 208.9462 1.6074 1.6139 3.9746 -20.6695 2.0722 43.5257 -4.8774 -4.6350
Car -1 -1 -7.1132 920.6693 169.5548 977.5612 194.3111 1.7278 1.6803 3.6503 24.3275 1.4972 51.8331 -6.6769 -4.7730
Car -1 -1 -4.6047 914.1152 175.2670 936.7794 191.4793 1.3507 1.4462 3.4395 27.3264 1.5657 62.5189 -4.1946 -5.0769
Car -1 -1 -4.9323 453.9979 184.4894 489.7806 207.7291 1.4737 1.6236 3.8706 -9.6298 2.3129 49.9557 -5.1222 -5.1427
Car -1 -1 -6.6217 710.4935 168.6975 769.9198 196.2991 1.8801 1.6365 3.7410 9.0172 1.5967 50.2582 -6.4456 -5.1492
Car -1 -1 -5.0447 84.4601 187.1625 136.5137 212.0279 1.4955 1.6403 3.8584 -32.7810 2.4686 47.2782 -5.6485 -5.1653
Car -1 -1 -4.8073 364.5591 186.2569 391.4730 206.3409 1.5301 1.7603 4.0081 -19.3702 2.6865 60.0812 -5.1183 -5.1969
Car -1 -1 -6.1297 796.4127 156.6145 891.2726 189.8974 1.6073 1.6122 4.3787 11.7866 0.8228 36.5433 -5.8202 -5.2658
Car -1 -1 -4.7345 335.7793 182.3930 356.5091 199.9638 1.4432 1.6326 4.0028 -23.3658 2.3145 63.7707 -5.0846 -5.2672
Car -1 -1 -7.5146 585.2092 180.4545 623.5487 203.1218 1.5735 1.6163 3.9980 -0.4044 2.1613 53.6834 -7.5226 -5.2887
Car -1 -1 -4.9560 429.3564 183.3365 460.5335 202.7477 1.5456 1.6595 4.1524 -14.2584 2.4796 62.0850 -5.1812 -5.6093
Car -1 -1 -4.8055 542.6164 179.6907 569.8374 199.9068 1.3918 1.6236 4.1000 -4.0366 1.9168 53.2894 -4.8811 -5.6095
Car -1 -1 -4.4450 409.5234 186.3948 450.4546 213.6926 1.5680 1.5300 3.8459 -11.2851 2.4545 45.3124 -4.6881 -5.6595
Car -1 -1 -4.5089 96.2666 190.7011 181.9657 239.8417 1.4404 1.6547 4.1824 -16.2492 2.1148 25.0315 -5.0801 -5.6909
Car -1 -1 -4.9156 544.6098 179.2188 575.9653 198.9301 1.4780 1.6347 4.4953 -4.0670 2.0106 58.0278 -4.9856 -5.7096
Car -1 -1 -4.6283 115.8386 190.0854 168.5367 226.5965 1.3926 1.5908 4.1513 -20.5865 2.2047 31.8103 -5.1991 -5.7896
Car -1 -1 -4.5601 410.0640 182.5533 442.4704 205.1534 1.4873 1.6525 3.9319 -13.0403 2.2036 51.2690 -4.8083 -5.7930
Car -1 -1 -7.6016 469.9958 178.7762 510.6488 204.7115 1.6084 1.6474 4.2826 -7.9299 2.0199 47.9611 -7.7650 -5.8281
Car -1 -1 -4.3735 127.4485 180.5691 225.5136 231.1526 1.5331 1.6287 3.9348 -14.6817 1.8181 24.5935 -4.9072 -5.8524
Car -1 -1 -4.3950 114.4682 181.0982 196.2180 224.3302 1.5738 1.6514 3.8711 -18.2847 1.9301 29.1339 -4.9516 -5.8525
Car -1 -1 -4.2874 189.3558 182.8354 290.5190 227.2242 1.4428 1.6701 4.3187 -13.5512 1.8413 26.6319 -4.7543 -5.8594
Car -1 -1 -4.5818 432.8594 180.3165 465.1365 203.7501 1.5030 1.6485 4.1195 -11.0863 2.0392 49.7544 -4.8003 -5.8841
Car -1 -1 -4.7727 1141.3279 171.2409 1172.5745 191.2927 1.4643 1.6375 3.9899 41.4719 1.3462 54.8080 -4.1278 -5.8867
Car -1 -1 -4.4936 571.4904 178.5181 601.4469 197.5860 1.4575 1.6235 3.8820 -1.8957 1.9321 58.4339 -4.5263 -5.8867
Car -1 -1 -6.9162 0.0000 0.0000 1241.0000 374.0000 1.5509 1.5929 3.8062 -2.1022 1.6521 1.0025 -7.9392 -5.8867
Car -1 -1 -4.8001 1173.1093 170.3969 1209.2141 192.1801 1.4935 1.6490 4.0017 41.4709 1.3247 51.5919 -4.1260 -5.8867
Car -1 -1 -4.8990 446.1619 181.2900 474.0244 200.1837 1.5342 1.6411 4.0797 -13.0917 2.2933 62.7527 -5.1042 -5.8867
Car -1 -1 -4.7286 1112.6704 169.7756 1139.1313 188.4901 1.4494 1.6498 4.0432 41.4144 1.2107 58.0142 -4.1112 -5.8867
Car -1 -1 -4.6469 560.6880 177.9633 585.9979 198.6831 1.4202 1.5849 3.9281 -2.6583 1.8049 52.4044 -4.6978 -5.8867
Car -1 -1 -4.6703 411.1938 181.3546 435.4010 202.0742 1.4754 1.6271 3.9648 -14.2811 2.1505 55.2181 -4.9226 -5.8946
Car -1 -1 -4.7940 393.2310 186.4999 427.0407 214.0342 1.5661 1.7082 4.3969 -12.7442 2.4754 45.7352 -5.0647 -6.0700
Car -1 -1 -7.8018 1241.0000 152.1469 1241.0000 374.0000 1.4431 1.6956 4.2170 5.7055 1.3699 4.4879 -6.9291 -6.6793
Car -1 -1 -4.9306 913.5549 179.5991 952.1281 204.9683 1.5961 1.5500 3.8728 21.6300 2.0687 48.5373 -4.5141 -7.0757
