Car -1 -1 -4.3177 216.9725 182.2064 340.9648 248.6229 1.6288 1.7650 3.9151 -9.1620 1.9164 20.2323 -4.7384 7.2253
Car -1 -1 -7.8897 587.9854 177.0195 616.1129 203.7230 1.6431 1.6869 3.7006 -0.5853 1.9244 46.8764 -7.9027 4.8721
Car -1 -1 -7.6892 543.0031 181.1300 577.1238 202.9090 1.4034 1.6737 4.4857 -3.4799 2.0096 50.5644 -7.7580 1.4342
Car -1 -1 -4.5520 424.6431 174.5673 463.5806 205.4012 1.8472 1.7615 4.1008 -10.4529 1.9601 45.5628 -4.7767 0.4489
Car -1 -1 -4.7111 405.7315 180.7578 424.0954 197.4088 1.4697 1.6177 3.7887 -18.3100 2.2329 67.6614 -4.9748 -1.3702
Car -1 -1 -4.2910 619.7301 176.7444 656.5394 196.3005 1.5784 1.6204 4.0266 2.4008 1.9200 61.2592 -4.2524 -1.4588
Car -1 -1 -3.1775 1159.5219 177.7503 1241.0000 218.1101 1.5148 1.5924 3.5534 24.4406 1.7243 29.2107 -2.4862 -1.6494
Car -1 -1 -7.3332 501.9178 177.5946 542.3159 195.1688 1.5357 1.6738 4.5410 -8.1045 1.9899 66.7699 -7.4538 -2.0201
Car -1 -1 -8.0690 706.5239 175.2924 739.8641 196.6147 1.4742 1.5956 3.8304 8.1311 1.6573 52.2972 -7.9160 -2.0951
Car -1 -1 -4.5933 489.1205 177.8284 521.4534 203.8556 1.5042 1.5683 3.3336 -6.3875 1.8191 44.0308 -4.7370 -2.1470
Car -1 -1 -4.8698 524.1927 179.8935 548.4902 196.9360 1.3666 1.5308 3.4154 -6.3000 1.9817 61.2306 -4.9723 -2.3762
Car -1 -1 -7.7899 528.0013 178.1397 547.7109 194.1813 1.4097 1.5770 3.6827 -6.6458 1.9103 66.5069 -7.8894 -2.5085
Car -1 -1 -5.7879 639.5060 175.2968 688.3612 193.6299 1.6055 1.6582 4.1283 4.8585 1.8331 65.4824 -5.7145 -3.1185
Car -1 -1 -2.1534 365.6049 178.7334 412.5652 201.3515 1.7409 1.7737 3.9221 -17.9485 2.2329 58.4755 -2.4502 -3.2367
Car -1 -1 -4.7985 638.6093 177.7639 666.0821 199.0513 1.4390 1.6131 4.0762 2.9705 1.8052 51.7886 -4.7420 -3.2953
Car -1 -1 -4.8679 595.1013 178.6734 635.8859 207.3300 1.5253 1.6704 4.4640 0.2218 1.8800 41.6849 -4.8632 -3.4579
Car -1 -1 -4.8612 628.9688 178.0062 651.6435 194.7289 1.4860 1.5593 3.8058 2.7776 1.9804 67.3083 -4.8206 -3.7052
Car -1 -1 -4.6772 665.3160 177.1787 695.0386 203.2265 1.4179 1.5922 3.8446 4.0809 1.6811 41.9527 -4.5814 -3.7244
Car -1 -1 -2.6086 416.7994 181.0786 491.7547 210.7863 1.5135 1.5696 3.6501 -8.4059 1.9707 38.8110 -2.8210 -3.8781
Car -1 -1 -7.6861 847.2500 141.5769 888.8576 173.2099 1.8813 1.7719 4.2915 16.1784 0.0209 45.2165 -7.3445 -3.9270
Car -1 -1 -4.4430 726.9863 171.7856 769.1815 196.8850 1.5312 1.6160 4.1505 8.8585 1.4657 46.2359 -4.2553 -3.9611
Car -1 -1 -4.8874 446.9537 179.7926 477.1274 201.1599 1.5800 1.6404 4.1149 -11.7513 2.1493 57.0087 -5.0901 -3.9949
Car -1 -1 -4.4743 478.8316 176.2512 514.0541 200.2338 1.6296 1.6272 3.8393 -8.1015 1.8814 51.5678 -4.6298 -4.1810
Car -1 -1 -4.7235 581.2159 175.0868 599.5993 192.6049 1.5518 1.6415 3.8587 -1.8480 1.7629 66.3739 -4.7516 -4.3633
Car -1 -1 -4.9742 616.2951 176.9880 664.5013 206.5916 1.6028 1.6986 4.4571 1.6703 1.8572 42.0864 -4.9353 -4.3958
Car -1 -1 -5.8092 397.5191 185.5592 472.9457 213.5369 1.4855 1.5880 3.8266 -9.8641 2.2223 40.6401 -6.0463 -4.4501
Car -1 -1 -6.7458 686.4863 178.5860 780.5329 214.8745 1.4765 1.5979 3.6641 5.2602 1.7333 31.0687 -6.5802 -4.6475
Car -1 -1 -5.7355 0.0000 182.2666 27.6711 374.0000 1.5158 1.6331 4.2131 -8.5370 1.6245 6.9101 -6.6067 -4.7157
Car -1 -1 -4.3252 301.3556 179.5829 334.1780 197.2394 1.6325 1.6268 3.8328 -28.3646 2.3037 70.0931 -4.7087 -4.7377
Car -1 -1 -7.8141 701.6470 174.0045 722.5551 193.0670 1.4979 1.5432 3.9756 8.3552 1.5951 59.0439 -7.6746 -4.9225
Car -1 -1 -4.6653 502.9049 176.0796 530.1809 200.6222 1.6632 1.7487 3.8595 -6.6525 1.9016 51.4144 -4.7937 -4.9747
Car -1 -1 -7.6099 352.5956 182.5379 431.5805 234.3580 1.5078 1.5927 3.8062 -7.0858 1.8510 23.6551 -7.8984 -5.0721
Car -1 -1 -4.8786 387.0622 180.8289 412.4777 198.5755 1.5563 1.6295 4.0580 -19.6902 2.3253 67.4182 -5.1621 -5.3533
Car -1 -1 -4.2813 239.5849 176.7864 287.3012 201.8109 1.7895 1.7422 3.9341 -25.9953 2.0954 54.1985 -4.7269 -5.4875
Car -1 -1 -4.8629 256.7179 181.7940 291.6582 203.9413 1.4229 1.6237 3.9946 -23.4134 2.0705 50.1758 -5.2977 -5.5367
Car -1 -1 -4.4652 242.6146 183.7783 286.7534 208.6693 1.4700 1.6522 3.9198 -22.2358 2.2056 46.5243 -4.9091 -5.6689
Car -1 -1 -4.5213 0.0000 190.3471 27.3968 219.0542 1.7762 1.7415 4.1142 -41.6185 3.0316 49.5721 -5.2172 -5.6837
Car -1 -1 -4.5858 492.7563 177.1266 520.8965 198.2147 1.5783 1.6939 4.0944 -8.1230 1.9271 56.8968 -4.7273 -5.7244
Car -1 -1 -4.6806 349.7611 183.2926 369.8882 199.8190 1.4428 1.6609 3.9564 -23.5073 2.4546 67.8240 -5.0133 -5.7254
Car -1 -1 -4.0310 196.1252 183.0268 278.9423 213.8356 1.4675 1.6260 4.1391 -19.5537 2.0340 38.0101 -4.5036 -5.8441
Car -1 -1 -4.7253 252.9061 183.8179 293.1227 218.2353 1.5242 1.7044 4.1169 -16.6821 2.0986 35.5951 -5.1610 -5.8456
Car -1 -1 -4.1527 249.8687 180.7669 334.2935 217.6527 1.5194 1.6585 3.9260 -14.3312 1.9000 32.6711 -4.5634 -5.8694
Car -1 -1 -4.5040 0.0000 190.3806 0.0000 218.4913 1.6018 1.7179 4.2388 -41.5181 2.7789 46.2057 -5.2333 -5.8703
Car -1 -1 -4.4873 0.0000 185.7188 0.0000 214.2331 1.5392 1.6562 4.0121 -41.6077 2.3444 43.0320 -5.2528 -5.8867
Car -1 -1 -5.3119 584.9250 175.4471 625.9291 192.4283 1.4335 1.7901 3.7801 -0.4560 1.6692 63.6036 -5.3194 -5.8918
Car -1 -1 -4.5952 181.6061 183.7437 218.1638 207.9653 1.5085 1.6832 4.1794 -27.9476 2.2849 49.2137 -5.1096 -5.9286
Car -1 -1 -8.4559 662.8772 173.7038 707.8810 194.7622 1.6426 1.6618 3.9902 6.0538 1.7139 58.6044 -8.3538 -6.0438
Car -1 -1 -5.8408 283.0083 181.6268 357.7323 210.3647 1.6467 1.6721 3.7688 -17.2100 2.1793 42.8771 -6.2207 -6.1325
Car -1 -1 -3.1261 783.5162 148.8519 848.5388 180.8967 1.9512 1.6122 3.8546 12.8740 0.4894 45.2593 -2.8508 -6.1504
