Car -1 -1 -4.2216 61.8841 196.8546 266.2104 284.8971 1.3905 1.7083 4.1948 -8.8306 1.9497 14.6900 -4.7552 6.6884
Car -1 -1 -7.9131 586.9398 176.0364 616.3440 203.3042 1.6849 1.6897 3.6473 -0.6127 1.8998 46.9046 -7.9266 5.2077
Car -1 -1 -4.5043 401.9315 180.4249 452.9896 214.7470 1.6863 1.7811 4.3695 -9.7369 2.1148 38.6455 -4.7499 4.3102
Car -1 -1 -7.8137 549.4386 177.7644 572.0694 197.5988 1.5727 1.7332 3.6787 -4.0913 1.9934 59.9979 -7.8819 1.9904
Car -1 -1 -4.5763 467.3907 176.9492 493.0295 197.4164 1.6933 1.6856 3.7735 -11.2111 2.0579 62.3817 -4.7537 1.6620
Car -1 -1 -7.7395 490.7974 177.6426 513.6808 196.4026 1.6494 1.6621 3.7660 -9.8967 2.1020 66.3236 -7.8874 -1.4190
Car -1 -1 -3.5723 424.9109 182.5982 497.9453 210.8719 1.5215 1.6152 3.8234 -8.6276 2.1103 41.8401 -3.7749 -1.8722
Car -1 -1 -5.0462 670.1229 174.1923 698.5851 192.3241 1.6996 1.5564 3.8745 7.1608 1.8330 70.0042 -4.9451 -1.8900
Car -1 -1 -7.5427 392.7084 181.0209 424.0681 197.2624 1.3384 1.5805 3.7306 -17.6605 2.0756 63.2626 -7.8142 -2.0351
Car -1 -1 -5.5546 501.5246 178.0205 558.8633 202.2311 1.6571 1.6260 4.0519 -5.8028 2.0423 52.0059 -5.6656 -2.2724
Car -1 -1 -4.7643 446.9211 181.6153 482.4185 212.8603 1.5388 1.6587 4.2536 -7.9538 2.0405 39.0727 -4.9643 -2.2967
Car -1 -1 -4.5402 499.7916 179.2301 530.9753 202.6422 1.5037 1.5341 3.4545 -6.4288 1.9525 49.0586 -4.6703 -2.8383
Car -1 -1 -4.8281 715.1334 176.6953 747.7863 199.7042 1.4253 1.6747 3.7401 7.8757 1.6866 47.2402 -4.6643 -3.0604
Car -1 -1 -4.7591 587.9016 179.0634 618.4092 206.5334 1.5434 1.6500 3.6673 -0.4839 1.9316 43.2675 -4.7707 -3.5240
Car -1 -1 -4.6623 479.5774 177.7500 507.6447 202.3150 1.5728 1.6875 4.0093 -7.9141 1.9200 49.1142 -4.8216 -3.6394
Car -1 -1 -4.8856 644.7016 175.1760 677.7537 198.8580 1.5502 1.6450 3.6684 3.4437 1.7153 49.5145 -4.8170 -3.6587
Car -1 -1 -4.9069 574.9890 178.3394 601.1339 196.0912 1.5706 1.6630 4.1580 -2.1042 2.0997 67.4193 -4.9384 -3.7842
Car -1 -1 -4.6084 407.3788 175.7763 429.3877 192.5547 1.5083 1.6045 3.8085 -17.9334 1.7897 67.5652 -4.8671 -3.8493
Car -1 -1 -7.4296 378.4132 182.2091 459.8380 224.7207 1.5299 1.6543 4.0041 -7.6152 1.9332 29.0101 -7.6846 -4.0606
Car -1 -1 -7.4819 407.7671 180.0126 447.5154 197.6519 1.4610 1.8875 4.5733 -16.1607 2.1202 64.0863 -7.7282 -4.1651
Car -1 -1 -4.3071 668.8804 175.5745 726.6215 207.1315 1.5466 1.5573 4.0093 4.6182 1.6970 37.8527 -4.1872 -4.1984
Car -1 -1 -9.0345 893.5534 152.9237 976.2065 182.5436 1.5683 1.6746 3.8479 18.0042 0.5127 40.1732 -8.6159 -4.2968
Car -1 -1 -7.5884 688.2262 170.5315 718.2488 187.8263 1.4989 1.6396 4.1737 8.3815 1.2973 64.7772 -7.4606 -4.3205
Car -1 -1 -7.4997 530.4525 178.3177 561.7616 195.5204 1.5045 1.6160 3.9270 -5.8779 2.0241 66.5479 -7.5879 -4.3490
Car -1 -1 -5.7460 491.6624 177.2222 564.6641 204.0700 1.5851 1.6415 4.2579 -5.1170 1.8656 44.7515 -5.8596 -4.7472
Car -1 -1 -7.8908 372.9973 183.9350 425.4464 231.4544 1.4703 1.6255 4.1660 -7.5873 1.8975 25.6000 -8.1766 -4.7522
Car -1 -1 -8.4223 671.1327 174.5109 713.6618 193.4359 1.5651 1.6624 4.1620 7.0458 1.7130 62.2978 -8.3106 -4.9007
Car -1 -1 -4.0426 231.2194 185.6703 281.2805 205.5049 1.6155 1.6882 4.2843 -31.3233 2.7919 63.9778 -4.4965 -4.9198
Car -1 -1 -4.9208 302.9879 183.8084 343.8845 208.9855 1.5326 1.7620 3.8457 -19.0603 2.2902 47.8292 -5.2985 -4.9304
Car -1 -1 -7.6950 940.1953 147.9648 979.2816 180.3582 1.9434 1.6237 3.9074 21.9808 0.4499 45.3554 -7.2463 -5.3926
Car -1 -1 -4.4315 641.1184 175.8667 676.2974 197.1317 1.4977 1.5951 3.8743 3.6200 1.7295 53.5028 -4.3647 -5.4134
Car -1 -1 -4.7464 615.6536 177.2526 639.9260 199.7256 1.5803 1.6564 3.9609 1.2566 1.9184 53.5083 -4.7235 -5.4249
Car -1 -1 -2.5652 0.0000 190.4942 8.2750 374.0000 1.5004 1.7292 4.1994 -8.9024 1.7083 7.0613 -3.4468 -5.4323
Car -1 -1 -8.2424 662.7935 172.2123 698.4199 189.1857 1.4885 1.7538 4.1978 6.3477 1.4319 65.5378 -8.1466 -5.5528
Car -1 -1 -4.6991 287.1678 182.7231 307.4879 200.0443 1.4655 1.6431 4.1567 -28.5171 2.3962 65.8295 -5.1067 -5.5722
Car -1 -1 -4.4288 358.7774 180.7274 392.0344 198.6789 1.3755 1.5231 4.0259 -19.1966 2.0424 59.1069 -4.7418 -5.6014
Car -1 -1 -4.5341 394.1417 182.2406 433.7747 210.0580 1.6038 1.6728 4.2177 -12.2661 2.2203 45.2382 -4.7978 -5.6323
Car -1 -1 -3.7094 214.9293 184.3073 271.8983 202.2440 1.4853 1.6036 4.4031 -32.9838 2.5532 64.9920 -4.1776 -5.7053
Car -1 -1 -4.5646 39.1767 189.1353 91.0502 221.7619 1.5210 1.6042 3.8745 -28.5127 2.4208 37.8040 -5.2076 -5.7199
Car -1 -1 -4.5841 71.1566 190.2305 105.8611 214.4039 1.7528 1.7436 3.9873 -41.6085 3.1920 57.6046 -5.2077 -5.7261
Car -1 -1 -4.5603 28.1408 196.4624 67.6217 218.9951 1.4465 1.6949 3.9909 -41.2565 3.2507 52.9945 -5.2195 -5.7561
Car -1 -1 -4.2727 693.7770 174.6449 734.1573 195.7006 1.6395 1.7778 3.8620 8.4549 1.7900 58.6422 -4.1307 -5.7823
Car -1 -1 -4.6399 322.6393 181.3019 349.3001 203.4430 1.5962 1.6459 3.8521 -21.1389 2.2723 55.6870 -5.0014 -5.7941
Car -1 -1 -4.6779 419.2393 179.3281 441.4543 197.6151 1.3983 1.6179 4.1157 -14.6572 1.9460 58.8971 -4.9211 -5.7943
Car -1 -1 -7.2511 1234.2048 110.6307 1241.0000 374.0000 1.3972 1.5629 3.9445 5.0535 1.2322 2.7963 -6.2291 -5.8124
Car -1 -1 -4.4350 153.1047 182.4542 215.3282 217.7187 1.5654 1.6231 3.8027 -20.7159 2.0605 35.1859 -4.9641 -5.8255
Car -1 -1 -4.6919 419.9456 180.0828 443.8251 201.3371 1.4989 1.6675 3.9917 -13.4380 2.0656 54.4625 -4.9330 -5.8261
Car -1 -1 -4.5594 239.5118 184.0836 270.3754 205.9480 1.6402 1.6541 3.9701 -28.7514 2.5831 58.4673 -5.0149 -5.8287
Car -1 -1 -4.1811 132.3017 186.6801 188.3929 208.4387 1.4855 1.6844 4.1583 -33.6146 2.5606 54.0240 -4.7357 -5.8815
Car -1 -1 -4.5094 0.0000 188.2742 0.0000 216.2370 1.5544 1.6659 4.0107 -41.5737 2.5537 44.6238 -5.2566 -5.8867
Car -1 -1 -4.1710 187.1652 183.0417 261.7406 213.4431 1.4389 1.6340 3.8965 -19.9645 1.9958 37.4732 -4.6578 -5.8867
Car -1 -1 -4.3897 417.5722 181.4322 465.0269 207.7569 1.4902 1.6276 4.0747 -10.3335 2.0418 44.3212 -4.6179 -5.8867
Car -1 -1 -4.2517 262.2727 182.5743 316.3907 207.0464 1.4653 1.6253 3.9280 -20.7562 2.1223 46.7906 -4.6674 -5.8867
Car -1 -1 -4.8112 353.7277 180.4042 378.9519 198.5041 1.4341 1.6319 4.0759 -20.7159 2.0971 61.1926 -5.1366 -5.8867
Car -1 -1 -4.5354 0.0000 185.7280 0.0000 212.1243 1.5652 1.6706 4.0391 -41.6038 2.4429 47.0516 -5.2567 -5.8867
Car -1 -1 -6.3119 529.0533 179.3511 587.7750 199.2938 1.6674 1.7554 4.9795 -4.4862 2.2372 62.1840 -6.3840 -5.9158
Car -1 -1 -4.8585 697.1546 168.1725 720.2681 186.1520 1.7170 1.7352 3.5735 9.6251 1.2696 70.7023 -4.7240 -6.0322
Car -1 -1 -4.6125 141.3343 187.2555 216.1656 239.0238 1.4621 1.6911 4.2253 -14.2239 1.9846 23.9161 -5.1444 -6.0525
Car -1 -1 -4.7593 181.2474 187.4682 206.5632 207.5194 1.4139 1.5258 3.6405 -32.1439 2.5802 55.6567 -5.2812 -6.0664
Car -1 -1 -5.1950 340.8051 182.0031 386.5179 206.6740 1.7082 1.7571 3.5169 -18.2030 2.4056 53.1772 -5.5236 -6.1206
Car -1 -1 -4.7742 447.3616 180.3368 476.4482 202.3761 1.3460 1.6253 4.2725 -9.8987 1.8659 47.8857 -4.9773 -6.1302
Car -1 -1 -8.3990 985.4357 178.6510 1241.0000 374.0000 1.3978 1.6296 3.5406 2.6986 1.4334 2.5727 -7.6454 -6.1583
