Car -1 -1 -7.8880 593.4671 174.5883 624.2396 204.2711 1.6237 1.6361 3.7763 -0.1425 1.7280 41.6106 -7.8919 4.3590
Car -1 -1 -4.6461 679.1123 175.1824 704.4225 197.5730 1.4646 1.5000 3.5118 5.5991 1.6298 49.4434 -4.5344 -1.3154
Car -1 -1 -4.3609 360.4696 179.4821 407.4557 203.7063 1.5558 1.6814 4.3913 -15.5626 2.0335 49.7997 -4.6626 -1.6033
Car -1 -1 -7.3705 212.8000 180.5377 260.3448 202.0195 1.7507 1.7145 4.6290 -32.4423 2.4438 62.7860 -7.8460 -2.5200
Car -1 -1 -3.4177 406.6767 180.0353 496.8255 211.6354 1.4892 1.6316 4.1655 -8.0242 1.8689 36.4799 -3.6331 -2.5299
Car -1 -1 -4.7216 1121.6783 160.1928 1151.1896 181.5758 1.5947 1.7947 4.3575 40.8605 0.6501 56.1053 -4.0948 -2.8091
Car -1 -1 -3.2940 1093.4241 168.8897 1169.3136 193.1432 1.5492 1.6551 3.8531 34.3477 1.2957 47.6976 -2.6730 -3.0389
Car -1 -1 -4.9174 728.6219 175.2657 764.0944 198.5750 1.4754 1.5704 3.7666 8.9854 1.6417 47.9628 -4.7337 -3.1267
Car -1 -1 -7.7120 424.4296 178.9209 474.4910 216.9474 1.5040 1.5830 3.7757 -6.8952 1.7815 31.0990 -7.9289 -3.5410
Car -1 -1 -7.8136 1017.6008 160.5372 1043.8131 183.1835 1.7544 1.6647 4.2950 33.9079 0.7999 58.1572 -7.2881 -3.5689
Car -1 -1 -4.9504 458.5716 182.1855 502.0860 207.7340 1.4471 1.7226 4.1393 -8.1231 2.0545 44.7468 -5.1294 -3.7227
Car -1 -1 -3.2657 1125.6622 161.1438 1198.6102 182.9727 1.5007 1.6416 3.9395 39.1397 0.6953 51.3006 -2.6168 -3.8225
Car -1 -1 -6.0038 973.9836 166.8319 1043.5820 189.3742 1.5698 1.6945 4.1078 28.8318 1.1502 52.2951 -5.5025 -3.8303
Car -1 -1 -4.9907 530.9967 175.7218 557.9125 193.0394 1.5588 1.6018 3.5095 -6.1788 1.8345 67.5100 -5.0820 -3.9517
Car -1 -1 -5.0386 687.9077 173.6545 732.4067 199.9444 1.5804 1.6100 3.8879 6.2362 1.6330 45.5632 -4.9039 -3.9561
Car -1 -1 -8.2065 473.9861 177.5089 519.3524 201.9487 1.5190 1.6584 4.0882 -7.5951 1.8417 47.8695 -8.3634 -4.1016
Car -1 -1 -2.9574 435.2280 177.0341 511.2328 205.4634 1.6233 1.7208 4.1347 -8.0125 1.8732 42.3194 -3.1438 -4.1469
Car -1 -1 -4.1866 1178.4973 160.1366 1238.2646 181.7031 1.4660 1.5910 3.6814 41.7906 0.6012 50.4349 -3.4976 -4.1821
Car -1 -1 -3.1662 403.3069 179.2902 489.2357 212.4316 1.5171 1.6280 3.9515 -7.9291 1.8386 34.7981 -3.3890 -4.5694
Car -1 -1 -4.8341 965.8318 168.4497 995.7564 189.8112 1.5668 1.5652 3.7851 28.1762 1.2434 54.9670 -4.3628 -4.6099
Car -1 -1 -4.9160 194.1149 190.2772 234.9726 215.1652 1.4509 1.5656 3.9459 -25.7615 2.6315 46.8909 -5.4163 -4.6278
Car -1 -1 -4.6090 625.1764 177.3419 650.5903 196.1393 1.6020 1.8622 4.1679 2.5131 2.0180 64.7362 -4.5708 -4.6481
Car -1 -1 -6.8093 1131.8275 119.6986 1241.0000 176.9652 1.6647 1.6636 3.9798 18.6103 0.1192 22.1261 -6.1163 -4.6750
Car -1 -1 -4.4673 659.0232 176.8365 700.3046 201.9664 1.4117 1.6028 3.7562 4.1799 1.6612 43.2181 -4.3720 -4.7046
Car -1 -1 -8.0849 1092.3744 156.2746 1135.1460 180.0331 1.7102 1.7585 3.9430 37.6743 0.5165 54.0943 -7.4791 -4.7078
Car -1 -1 -4.5535 68.3602 189.2016 122.1900 222.3859 1.4280 1.5568 3.6363 -24.9142 2.2648 34.9705 -5.1691 -4.8074
Car -1 -1 -4.6890 714.0880 179.4433 746.9099 208.1487 1.3711 1.5930 3.6380 6.2229 1.7290 37.2873 -4.5254 -4.8218
Car -1 -1 -5.2035 431.7402 185.4959 475.2528 205.7810 1.3645 1.5247 3.7489 -11.5213 2.3238 52.8499 -5.4175 -4.9884
Car -1 -1 -7.1814 711.7471 263.2871 1241.0000 374.0000 1.6150 1.9499 4.4970 2.9409 2.2750 3.7273 -6.5541 -5.1773
Car -1 -1 -6.2297 1168.7056 147.7796 1241.0000 190.3085 1.6577 1.5504 3.4956 25.3901 0.6800 29.8851 -5.5303 -5.4113
Car -1 -1 -4.5562 465.5805 179.7675 487.4982 194.2904 1.3639 1.5811 3.6694 -13.1938 2.0653 71.3824 -4.7386 -5.4194
Car -1 -1 -4.7576 582.9526 175.9543 607.8918 199.5906 1.6518 1.6380 4.2460 -1.1395 1.8892 53.1662 -4.7794 -5.5580
Car -1 -1 -4.4443 278.4836 186.1178 326.5705 213.5237 1.6100 1.7673 4.3978 -19.9453 2.5141 46.9059 -4.8447 -5.5895
Car -1 -1 -7.7706 310.5307 175.3775 333.9011 197.7464 2.0247 1.7080 4.1029 -27.1140 2.2700 68.0188 -8.1488 -5.6195
Car -1 -1 -4.6158 76.2795 187.0061 108.2068 209.5904 1.6655 1.7024 4.0181 -41.6631 2.8471 58.0906 -5.2360 -5.7221
Car -1 -1 -5.0269 613.6969 178.8788 646.6577 198.0898 1.4255 1.5223 3.6769 1.5245 1.9157 56.7611 -5.0006 -5.7264
Car -1 -1 -4.6216 361.0993 181.8501 384.4080 199.5295 1.4957 1.6510 3.9519 -21.4597 2.3359 65.3013 -4.9382 -5.7291
Car -1 -1 -4.6082 21.7191 192.8182 58.7100 216.8749 1.5567 1.6852 4.1273 -41.4545 3.0705 52.5284 -5.2740 -5.7815
Car -1 -1 -7.2276 1231.5830 105.4700 1241.0000 374.0000 1.3928 1.5557 3.9219 5.0399 1.2181 2.7936 -6.2064 -5.8093
Car -1 -1 -4.3219 483.0734 179.7170 517.3667 195.1780 1.4203 1.8252 4.2852 -10.7197 2.1136 70.6224 -4.4724 -5.8439
Car -1 -1 -4.7366 440.5474 180.0046 463.3843 198.5670 1.3846 1.6824 4.4353 -12.7583 1.9823 57.9875 -4.9525 -5.8791
Car -1 -1 -4.4578 0.0000 185.0126 0.0000 214.9983 1.5267 1.6530 4.0116 -41.6098 2.2470 40.6209 -5.2521 -5.8867
Car -1 -1 -4.6817 134.5107 182.5092 158.0762 200.5952 1.5120 1.6520 4.0128 -41.6062 2.4070 64.7596 -5.2511 -5.8867
Car -1 -1 -4.5222 0.0000 184.9319 0.0000 211.2735 1.5383 1.6564 4.0126 -41.6079 2.3481 46.2518 -5.2521 -5.8867
Car -1 -1 -4.6602 108.8423 183.1855 135.1745 202.2274 1.5061 1.6477 4.0108 -41.6051 2.4176 61.5382 -5.2529 -5.8867
Car -1 -1 -4.5611 0.0000 189.6248 31.2826 215.9707 1.6374 1.6920 4.1114 -41.4369 2.8466 49.8395 -5.2522 -5.8867
Car -1 -1 -4.4850 0.0000 183.6137 0.0000 211.7334 1.5293 1.6591 4.0193 -41.6112 2.2028 43.0373 -5.2506 -5.8867
Car -1 -1 -4.7084 606.7888 176.2502 629.8287 196.8074 1.3843 1.5725 3.9130 0.5632 1.6343 51.2055 -4.6979 -5.8867
Car -1 -1 -4.8122 346.6640 180.9657 374.3000 202.5803 1.5413 1.6124 3.9332 -19.1342 2.1851 55.1684 -5.1449 -5.9136
Car -1 -1 -4.5891 46.7009 189.3365 84.3660 212.2409 1.5685 1.7632 4.3818 -41.5579 2.8807 55.1164 -5.2330 -5.9841
Car -1 -1 -7.2097 1238.9421 154.0543 1241.0000 374.0000 1.3787 1.5865 3.9959 6.4653 1.2858 4.3804 -6.2652 -6.0264
Car -1 -1 -4.4895 221.7608 186.6933 266.6322 214.5752 1.6464 1.8182 3.6349 -23.5754 2.5771 46.5569 -4.9562 -6.2063
Car -1 -1 -4.9194 1037.7811 166.1959 1076.6549 188.0353 1.5073 1.6115 3.8068 32.0598 1.0475 51.8638 -4.3685 -6.5808
