Car -1 -1 -4.3250 239.2626 189.6416 354.4564 250.6567 1.4539 1.5993 3.8455 -8.6577 1.9683 20.1899 -4.7258 6.7268
Car -1 -1 -7.8839 598.9351 175.5647 627.3851 203.4138 1.6374 1.6420 3.5813 0.1255 1.8114 44.5891 -7.8817 5.1641
Car -1 -1 -3.5165 700.4416 174.4735 812.4810 212.1889 1.5085 1.6546 4.2804 6.0443 1.5786 30.1579 -3.3212 -1.4527
Car -1 -1 -3.0549 1014.7552 151.2010 1091.7252 177.2595 1.6276 1.7519 4.1405 28.8109 0.2749 47.0000 -2.5077 -2.2051
Car -1 -1 -8.3102 461.2823 180.5712 518.0375 207.7996 1.5340 1.6757 4.3538 -7.4549 2.0304 44.1855 -8.4768 -2.2147
Car -1 -1 -8.2331 1069.4674 154.2187 1115.7445 173.8130 1.4353 1.6601 3.6979 36.5823 0.0699 54.8315 -7.6472 -2.2170
Car -1 -1 -6.7495 733.2148 168.5518 795.0377 193.1644 1.6304 1.6633 3.7673 10.4385 1.3451 49.0828 -6.5415 -2.7973
Car -1 -1 -4.7235 158.1962 182.9812 178.7925 201.5398 1.6155 1.5924 3.6742 -41.0035 2.5827 66.9494 -5.2715 -2.8982
Car -1 -1 -7.4367 1145.4734 148.6291 1218.4338 178.0475 1.5822 1.7001 4.1183 32.0948 0.2790 40.5222 -6.7703 -3.1587
Car -1 -1 -5.8228 1097.1671 156.4712 1179.1514 181.4831 1.5260 1.6453 3.9024 33.6572 0.5262 46.1312 -5.1955 -3.3776
Car -1 -1 -7.4247 608.2141 177.2250 663.5057 205.8005 1.5124 1.6085 4.0395 1.4883 1.7737 41.0166 -7.3892 -3.6707
Car -1 -1 -6.0032 486.5382 178.2244 567.8574 209.6929 1.4959 1.5762 3.7126 -4.1165 1.7697 35.7514 -6.1176 -3.8027
Car -1 -1 -3.9548 0.0000 194.9940 74.1895 264.6773 1.3977 1.6218 4.1890 -15.8088 2.0135 17.9517 -4.6696 -3.8526
Car -1 -1 -7.2686 51.3238 187.7823 191.5223 241.1903 1.4982 1.6563 4.3366 -15.8321 2.0315 23.6217 -7.8541 -3.9708
Car -1 -1 -8.1096 744.1072 159.7678 777.0963 183.6679 2.0499 1.7916 4.4574 13.3186 0.9272 64.1584 -7.9060 -4.2363
Car -1 -1 -4.7578 622.3396 176.0655 659.8566 210.9767 1.5759 1.6170 4.0904 1.4146 1.7405 34.9979 -4.7184 -4.3038
Car -1 -1 -7.6769 365.7139 184.1100 435.5077 234.8393 1.4929 1.5827 3.7777 -6.9357 1.8986 24.0629 -7.9552 -4.4180
Car -1 -1 -4.5116 590.8362 180.0018 612.8704 194.9398 1.4103 1.5463 3.3886 -0.8043 2.1378 71.6596 -4.5232 -4.5796
Car -1 -1 -4.4533 215.3865 192.1385 263.1237 219.8588 1.4081 1.5456 3.6232 -21.1819 2.5627 41.2764 -4.9251 -4.6179
Car -1 -1 -4.7266 579.1517 180.3210 595.9039 195.3961 1.4029 1.5908 4.1338 -2.2638 2.1626 71.3317 -4.7586 -4.6639
Car -1 -1 -4.4349 634.3644 173.0306 679.5684 205.5072 1.7001 1.5931 3.4823 2.5892 1.7099 39.6987 -4.3708 -4.6673
Car -1 -1 -3.6321 1010.9429 155.6454 1098.4713 179.6628 1.5901 1.8101 4.7495 29.9874 0.4505 48.8095 -3.0839 -4.8308
Car -1 -1 -4.6666 648.5870 176.4069 673.0682 196.8740 1.3927 1.5768 4.1640 3.6666 1.6591 52.0051 -4.5970 -5.0317
Car -1 -1 -4.8240 409.8380 186.2768 446.1396 214.5434 1.5395 1.6906 3.9054 -11.0321 2.3868 43.4400 -5.0717 -5.1382
Car -1 -1 -4.5716 253.0718 189.2203 294.0250 217.9817 1.5795 1.7166 4.0966 -20.6518 2.6352 44.3480 -5.0055 -5.2170
Car -1 -1 -6.8522 757.5647 167.8177 824.1567 195.3881 1.5816 1.6406 3.4928 10.6643 1.2924 42.7288 -6.6095 -5.3460
Car -1 -1 -4.5892 628.9905 175.9704 657.3611 195.4732 1.3772 1.6114 4.2457 2.4870 1.6192 53.8899 -4.5437 -5.3939
Car -1 -1 -1.9025 129.9657 181.0127 176.0125 202.0151 1.7825 2.0479 4.8889 -41.4533 2.5478 65.3754 -2.4660 -5.4137
Car -1 -1 -4.7133 598.0751 177.8061 625.9917 202.4111 1.5796 1.8287 4.6807 0.1013 1.9358 49.6051 -4.7118 -5.4164
Car -1 -1 -4.2412 343.4071 183.0579 378.1083 201.3399 1.6405 1.5715 3.8206 -23.8052 2.6440 68.9805 -4.5726 -5.4617
Car -1 -1 -4.9065 342.2390 183.2747 380.2793 206.0197 1.4619 1.7005 4.4984 -17.6255 2.2313 50.9211 -5.2385 -5.4736
Car -1 -1 -4.6434 272.6828 184.7897 299.2623 204.5075 1.4156 1.6252 4.0026 -25.3935 2.3868 56.5729 -5.0639 -5.4871
Car -1 -1 -5.0533 458.2700 180.8766 491.0183 200.1307 1.6889 1.7328 4.0899 -12.6816 2.4617 67.3281 -5.2391 -5.5104
Car -1 -1 -4.6084 272.7246 184.2173 306.4050 207.7298 1.4323 1.6459 3.9759 -21.3760 2.2245 48.1723 -5.0243 -5.6179
Car -1 -1 -4.8200 257.6892 186.7263 301.1160 218.1482 1.5092 1.6923 4.1065 -17.8527 2.2970 38.7925 -5.2490 -5.7385
Car -1 -1 -4.8126 420.2863 181.4018 449.6395 205.7653 1.6335 1.6666 3.9462 -12.6805 2.2747 52.0135 -5.0510 -5.8039
Car -1 -1 -4.4303 866.7500 172.6945 905.8452 195.4737 1.5709 1.5988 3.9332 19.8388 1.5596 51.8107 -4.0669 -5.8232
Car -1 -1 -8.1352 969.7155 200.6545 1241.0000 374.0000 1.4804 1.6658 3.7421 2.3597 1.6621 2.6760 -7.4666 -5.8500
Car -1 -1 -4.5659 281.4378 183.0151 320.4534 210.6556 1.5695 1.6519 3.9748 -19.1104 2.2283 44.6694 -4.9683 -5.8558
Car -1 -1 -4.5480 0.0000 186.4018 15.1153 212.1210 1.5772 1.6646 4.0153 -41.6045 2.5309 48.6617 -5.2528 -5.8867
Car -1 -1 -4.5997 59.0936 188.1752 93.1710 211.0035 1.6205 1.6873 4.0422 -41.6384 2.8619 56.3073 -5.2344 -5.8867
Car -1 -1 -4.4415 0.0000 186.2921 0.0000 217.6811 1.5413 1.6559 4.0147 -41.6085 2.3151 39.4160 -5.2506 -5.8867
Car -1 -1 -4.6000 26.7882 190.2009 63.6919 214.0495 1.5790 1.6872 4.0493 -41.5311 2.9073 53.0930 -5.2616 -5.8867
Car -1 -1 -4.5282 431.6146 180.0962 465.5778 202.3766 1.4306 1.5843 3.9332 -11.0844 1.9484 49.6190 -4.7472 -5.8867
Car -1 -1 -4.5069 0.0000 186.4753 0.0000 214.0166 1.5563 1.6624 4.0121 -41.6059 2.4470 45.0466 -5.2498 -5.8867
Car -1 -1 -4.3281 301.8589 181.9828 348.4619 204.9227 1.4645 1.6217 3.9278 -19.5511 2.1167 49.6048 -4.7020 -5.8867
Car -1 -1 -4.4705 0.0000 186.4154 0.0000 216.0057 1.5465 1.6599 4.0131 -41.6073 2.3728 41.8289 -5.2502 -5.8867
Car -1 -1 -4.6357 83.7895 184.5719 113.4152 205.0895 1.5391 1.6586 4.0117 -41.6037 2.5273 58.7243 -5.2502 -5.8867
Car -1 -1 -4.2672 423.5292 180.1053 475.1118 204.7103 1.4746 1.6459 4.1167 -10.3735 1.9658 46.7235 -4.4849 -5.8867
Car -1 -1 -4.1869 275.1881 181.6771 343.5550 211.0107 1.4265 1.6291 3.8617 -15.9228 1.9197 38.3286 -4.5785 -5.8867
Car -1 -1 -4.6714 635.9754 177.5676 657.9623 198.2561 1.6025 1.6440 3.4903 2.9976 1.9963 58.5269 -4.6209 -5.8977
Car -1 -1 -4.8340 455.0556 180.3954 480.8523 199.2319 1.4647 1.6262 4.0127 -11.8664 2.1141 59.9966 -5.0288 -5.8981
Car -1 -1 -4.9579 1213.5836 151.0868 1241.0000 185.9958 1.6495 1.5756 3.9726 31.8395 0.6207 36.2202 -4.2409 -5.8998
Car -1 -1 -4.4799 0.0000 196.1179 38.3567 222.4801 1.4183 1.5512 4.0229 -37.0049 2.9303 44.7565 -5.1680 -5.9371
Car -1 -1 -4.5846 496.4367 176.3743 531.9144 200.3678 1.5708 1.8570 4.7949 -6.6582 1.8278 50.3425 -4.7158 -6.0555
Car -1 -1 -4.3019 322.7343 180.8959 359.5061 201.2463 1.7321 1.6553 3.9760 -24.2133 2.4794 65.0486 -4.6572 -6.1454
Car -1 -1 -5.4451 60.4423 190.6368 127.5774 213.3587 1.6084 1.7713 4.2005 -38.9599 2.9831 54.4659 -6.0639 -6.3374
Car -1 -1 -7.9709 429.3900 176.8053 450.6516 198.7090 1.9895 1.5782 3.2686 -16.0572 2.3714 67.9938 -8.2022 -6.6910
Car -1 -1 -6.7130 997.2985 151.3701 1073.0187 174.0073 1.7329 1.7131 4.8172 33.1035 0.0880 56.3242 -6.1839 -6.8225
