Car -1 -1 -7.8313 588.1519 172.1920 619.2467 203.1141 1.6390 1.6480 4.0548 -0.3459 1.6036 40.2837 -7.8403 4.9823
Car -1 -1 -2.6453 0.0000 195.0993 42.3467 224.6100 1.5204 1.6574 3.9956 -34.4436 2.7986 40.2434 -3.3500 -0.3132
Car -1 -1 -8.0653 336.5207 181.8837 377.9637 209.0467 1.6088 1.6816 4.1505 -16.3312 2.2170 46.4143 -8.4022 -0.7647
Car -1 -1 -8.2646 1101.2017 151.0328 1176.2684 186.6196 1.8967 1.7839 4.4256 29.7450 0.7334 40.8093 -7.6382 -0.9619
Car -1 -1 -8.7871 954.3105 161.2519 1020.2307 183.7795 1.6251 1.8618 4.0852 28.2945 0.7878 54.2938 -8.3090 -1.0558
Car -1 -1 -1.9657 0.0000 185.3160 15.7746 212.3311 1.5975 1.6787 4.0175 -39.8341 2.4173 45.8360 -2.6784 -1.9288
Car -1 -1 -4.5092 1071.6831 159.3064 1122.2300 188.7875 1.6320 1.6813 3.9721 28.2917 0.8817 41.9336 -3.9190 -1.9894
Car -1 -1 -5.5278 925.4396 160.3477 986.4434 183.0985 1.6413 1.7520 4.0210 25.9131 0.7388 54.2451 -5.0843 -2.2921
Car -1 -1 -2.6612 406.4631 177.5572 493.4802 209.6526 1.5477 1.6344 3.9928 -8.1155 1.7938 36.4850 -2.8790 -2.7769
Car -1 -1 -6.5962 729.4819 173.3612 795.5184 197.7232 1.4504 1.5677 3.6291 9.2316 1.4817 43.9716 -6.3910 -3.0940
Car -1 -1 -5.1274 266.6396 186.6561 309.9999 210.5457 1.6811 1.6623 3.6860 -24.4654 2.7639 54.7702 -5.5460 -3.1420
Car -1 -1 -4.7398 1.0459 187.5119 36.5777 215.5116 1.6683 1.6966 4.1201 -38.8278 2.6722 47.3180 -5.4244 -3.2038
Car -1 -1 -6.1420 16.7281 181.0401 108.4120 215.4838 2.0644 1.8117 4.4432 -34.8155 2.6072 45.9998 -6.7873 -3.2523
Car -1 -1 -3.4836 607.0668 176.9294 662.1302 199.0998 1.5475 1.6559 3.6356 1.7403 1.8496 52.1985 -3.4509 -3.3291
Car -1 -1 -2.8502 523.0828 178.0299 585.7664 200.7205 1.5803 1.6873 4.2062 -4.0270 1.9628 52.1020 -2.9274 -3.5231
Car -1 -1 -6.6135 329.7685 180.1741 404.0189 208.7091 1.5770 1.6436 3.8319 -14.3715 2.0276 42.6258 -6.9371 -3.5858
Car -1 -1 -1.9512 0.0000 193.9496 61.0179 221.2973 1.4373 1.6326 3.5144 -33.7509 2.7089 41.9293 -2.6260 -3.6421
Car -1 -1 -4.9849 438.8411 180.7931 484.3441 207.8961 1.4288 1.6087 3.6868 -8.5555 1.9042 41.2213 -5.1887 -3.8335
Car -1 -1 -8.5524 1108.1284 146.1448 1180.8065 174.0861 1.8267 1.7493 4.1019 36.3671 0.0802 49.2746 -7.9194 -4.1043
Car -1 -1 -8.0812 839.4142 162.2598 868.6850 179.9305 1.5488 1.6913 3.7634 21.9900 0.6200 65.1971 -7.7574 -4.1457
Car -1 -1 -5.7578 995.7192 158.2134 1058.5018 180.6897 1.6473 1.6248 3.8392 31.6828 0.5740 54.9503 -5.2372 -4.4520
Car -1 -1 -2.9586 246.9832 185.8863 392.7820 241.5057 1.4528 1.5502 3.6119 -8.1693 1.8422 20.4720 -3.3343 -4.7033
Car -1 -1 -4.4985 447.2660 174.5680 496.7755 206.0485 1.5752 1.6752 4.5349 -7.3511 1.6721 38.6423 -4.6856 -4.7648
Car -1 -1 -4.4833 240.3921 187.4925 274.7826 209.0136 1.4780 1.5483 3.5323 -26.3706 2.6122 54.0245 -4.9358 -4.7649
Car -1 -1 -4.8895 507.8035 180.4249 537.4820 200.9270 1.4188 1.5745 3.5193 -6.5074 1.9973 53.2573 -5.0109 -4.9973
Car -1 -1 -5.8777 931.3521 154.7783 1014.3558 182.0359 1.6247 1.6717 4.3357 22.6326 0.5470 45.2010 -5.4161 -5.0883
Car -1 -1 -7.5808 360.2718 180.1252 440.3594 227.9901 1.4869 1.6452 3.9555 -7.2018 1.7585 24.9990 -7.8590 -5.1730
Car -1 -1 -5.0161 430.6257 180.8536 463.1505 197.2005 1.4944 1.8671 4.4242 -16.0284 2.3041 70.6747 -5.2387 -5.3143
Car -1 -1 -4.5295 47.2848 189.3609 90.4003 218.6600 1.7777 1.6284 3.8178 -36.1107 2.9272 48.1862 -5.1701 -5.4390
Car -1 -1 -5.1141 438.9810 178.6828 490.9761 206.0438 1.5946 1.6233 4.3443 -9.1795 1.9781 45.2611 -5.3134 -5.4449
Car -1 -1 -4.6033 20.3919 187.2461 67.6889 216.1697 1.4163 1.6052 3.9722 -30.9863 2.2468 39.5439 -5.2649 -5.5042
Car -1 -1 -4.8548 303.5433 182.9023 332.9101 203.6435 1.4567 1.5488 3.7183 -22.1357 2.2447 54.6076 -5.2386 -5.5850
Car -1 -1 -4.6140 56.1702 185.0450 89.3345 207.1302 1.5726 1.6676 4.0155 -41.6045 2.5532 55.9047 -5.2516 -5.8867
Car -1 -1 -4.5621 0.0000 184.0095 33.4072 208.1749 1.5453 1.6610 4.0185 -41.6082 2.3556 50.2766 -5.2509 -5.8867
Car -1 -1 -4.4385 0.0000 186.1226 0.0000 217.7660 1.5378 1.6546 4.0122 -41.6087 2.2943 39.0097 -5.2528 -5.8867
Car -1 -1 -4.4676 0.0000 184.4652 0.0000 213.5419 1.5141 1.6486 4.0088 -41.6113 2.2149 41.4270 -5.2521 -5.8867
Car -1 -1 -4.6648 115.4565 183.2932 141.1813 202.3658 1.5291 1.6543 4.0125 -41.6053 2.4619 62.3442 -5.2515 -5.8867
Car -1 -1 -4.4783 0.0000 186.4599 0.0000 214.4228 1.5286 1.6684 4.1018 -41.5243 2.3951 43.7718 -5.2344 -5.8867
Car -1 -1 -4.5878 25.6062 185.5051 62.8564 208.6329 1.5574 1.6633 4.0152 -41.6041 2.5257 53.0915 -5.2502 -5.8867
Car -1 -1 -4.6835 137.5567 183.7817 160.8339 201.9886 1.5252 1.6517 4.0086 -41.6032 2.5443 65.1623 -5.2501 -5.8867
Car -1 -1 -4.5791 58.3047 189.6054 102.5325 218.6308 1.5227 1.5787 3.9024 -31.0616 2.5544 42.3584 -5.2090 -6.0779
Car -1 -1 -6.4180 1014.1071 154.2360 1093.4208 179.8902 1.7466 1.8212 4.5526 31.1602 0.4788 50.8715 -5.8711 -6.4163
