Car -1 -1 -7.8678 598.5880 172.1200 627.7473 200.8913 1.6458 1.6686 3.6844 0.1234 1.6035 43.1261 -7.8654 5.1091
Car -1 -1 -2.2287 453.7528 176.4852 516.0981 202.6026 1.5043 1.6342 4.0153 -7.7053 1.7356 44.0604 -2.4012 -1.2133
Car -1 -1 -5.0148 526.8739 173.6268 557.3240 190.8565 1.5998 1.7273 4.2520 -6.5941 1.6764 69.4962 -5.1094 -1.2801
Car -1 -1 -7.7853 404.4873 176.1524 455.8429 220.3900 1.5514 1.6432 3.7883 -6.8554 1.6865 27.6103 -8.0269 -1.7049
Car -1 -1 -4.9620 436.3630 178.2978 489.4915 212.0453 1.4944 1.5708 3.9625 -7.1796 1.7724 34.7624 -5.1646 -2.2310
Car -1 -1 -7.5461 320.2725 178.2723 421.9752 239.7699 1.5302 1.5844 3.8873 -6.6147 1.6966 20.2441 -7.8586 -2.6414
Car -1 -1 -7.6012 429.6707 174.3961 460.9784 195.4393 1.8414 1.7321 4.4018 -14.9674 1.9863 65.6907 -7.8247 -2.7394
Car -1 -1 -4.4326 707.6866 167.3313 739.8305 187.7311 1.7797 1.7567 4.3041 10.3035 1.2976 65.2704 -4.2770 -2.9528
Car -1 -1 -3.1866 665.9548 169.6581 717.7668 188.3378 1.6396 1.6954 4.5144 7.2398 1.3588 64.3297 -3.0754 -2.9731
Car -1 -1 -5.1016 710.5976 165.4326 751.3642 188.1344 1.7646 1.8219 4.0914 9.6950 1.1874 58.2817 -4.9378 -3.1077
Car -1 -1 -3.2267 661.8178 173.7596 704.7609 189.1866 1.4841 1.6193 4.0399 7.1018 1.5732 70.3521 -3.1268 -3.3268
Car -1 -1 -5.1157 470.8570 177.0253 518.8721 203.0578 1.5860 1.6607 3.9211 -7.5313 1.8680 46.7337 -5.2750 -3.3592
Car -1 -1 -4.5565 0.0000 183.1523 23.3270 209.9601 1.6809 1.5805 3.6300 -40.9769 2.4038 48.7117 -5.2533 -3.9441
Car -1 -1 -7.8632 972.3558 152.2242 1004.1996 180.8552 1.8119 1.8005 4.1679 25.0541 0.5061 47.9290 -7.3841 -3.9802
Car -1 -1 -4.3016 127.7747 181.4036 179.5573 205.0360 1.5762 1.6358 4.1011 -32.7329 2.2155 51.8297 -4.8628 -4.3402
Car -1 -1 -6.6563 996.4960 149.8809 1087.7461 180.7559 1.5437 1.6047 3.7000 22.1495 0.3948 37.1651 -6.1223 -4.3925
Car -1 -1 -5.0601 644.2381 172.3035 675.4272 188.1901 1.3994 1.5956 3.8860 4.4762 1.3506 65.6461 -4.9926 -4.4998
Car -1 -1 -3.5332 463.1695 174.8826 534.4208 196.8558 1.4621 1.6832 4.6146 -7.7572 1.6086 50.2798 -3.6859 -4.6068
Car -1 -1 -4.7613 294.6769 178.5892 314.6688 196.1343 1.5704 1.5523 3.7639 -28.7911 2.1263 67.9448 -5.1610 -4.7861
Car -1 -1 -5.0221 349.7809 177.3309 390.2752 201.2792 1.5273 1.5235 3.7481 -16.2636 1.8415 48.7135 -5.3430 -4.8123
Car -1 -1 -7.7648 461.1516 177.4950 499.8161 208.3700 1.4897 1.6285 3.9548 -6.7102 1.7435 37.4685 -7.9412 -4.8226
Car -1 -1 -5.0734 579.3745 175.8729 623.3914 200.0308 1.5687 1.6300 4.2395 -0.6763 1.7858 49.6921 -5.0873 -4.8755
Car -1 -1 -4.8972 268.8011 181.6186 306.9594 206.1786 1.5001 1.5600 4.2240 -21.4111 2.1071 47.8097 -5.3165 -5.1009
Car -1 -1 -4.5687 440.8650 177.5992 470.5423 196.9869 1.3902 1.6271 4.1715 -11.7284 1.7651 54.9172 -4.7784 -5.1294
Car -1 -1 -2.2530 0.0000 194.9640 48.1750 371.9995 1.4407 1.7040 4.1004 -8.2254 1.6854 7.0519 -3.0962 -5.1375
Car -1 -1 -4.7115 258.2040 179.6166 282.7079 201.0007 1.5252 1.6337 3.9332 -25.8708 2.0597 54.9358 -5.1500 -5.1733
Car -1 -1 -5.0131 305.8996 179.6245 344.2754 202.7854 1.6706 1.6265 3.9957 -21.9006 2.2088 55.3205 -5.3887 -5.2378
Car -1 -1 -4.5377 37.0996 188.8002 79.2587 211.2731 1.4390 1.6858 4.1918 -39.4599 2.6297 51.6419 -5.1879 -5.2578
Car -1 -1 -4.3568 191.8495 181.5709 237.7544 204.6812 1.5913 1.6030 4.2535 -29.3037 2.2651 53.5768 -4.8554 -5.2880
Car -1 -1 -5.2258 586.8431 176.4807 628.3886 197.2263 1.6080 1.6415 3.9711 -0.2585 1.9140 58.8039 -5.2306 -5.3415
Car -1 -1 -4.7917 368.5818 178.5545 390.8901 194.7069 1.4138 1.6506 4.1008 -21.4044 1.9598 66.9277 -5.1004 -5.3788
Car -1 -1 -4.8247 294.3510 178.9990 322.1049 201.1047 1.5679 1.5134 3.7901 -22.7745 2.0475 54.3254 -5.2202 -5.4364
Car -1 -1 -8.1217 1050.9438 195.0208 1241.0000 374.0000 1.5057 1.7005 3.8898 2.8447 1.6575 2.8292 -7.3852 -5.4437
Car -1 -1 -4.5755 176.2628 186.3217 202.7132 204.1489 1.5140 1.6068 3.7078 -38.6526 2.7898 66.3487 -5.1015 -5.5047
Car -1 -1 -4.8176 222.0231 181.1999 271.7879 213.8116 1.4736 1.7557 4.6834 -18.3585 1.9215 36.2999 -5.2831 -5.5166
Car -1 -1 -7.7506 19.4056 187.7498 54.3708 208.7329 1.3535 1.5582 3.8336 -40.8619 2.4577 51.4679 -8.4193 -5.5214
Car -1 -1 -4.7848 263.2961 180.8218 286.7683 197.5056 1.4000 1.5992 4.5636 -30.3199 2.1461 65.2062 -5.2188 -5.5600
Car -1 -1 -4.4927 295.8525 182.5377 339.9905 208.9423 1.6279 1.8351 4.3660 -19.5853 2.3091 48.4762 -4.8750 -5.5777
Car -1 -1 -4.9892 647.8860 175.4423 693.5288 202.4984 1.4377 1.5695 3.8307 3.3376 1.5909 40.7603 -4.9085 -5.6043
Car -1 -1 -4.4805 0.0000 185.2987 0.0000 212.4352 1.6410 1.6496 3.4387 -41.6354 2.4891 47.2864 -5.1998 -5.6145
Car -1 -1 -4.7206 605.4008 175.2509 629.5903 195.5690 1.3696 1.6475 4.2782 0.4799 1.5467 51.2813 -4.7117 -5.7447
Car -1 -1 -4.7454 327.0188 179.5443 351.4771 199.8705 1.5081 1.6814 4.0608 -21.5090 2.0583 57.1773 -5.1040 -5.7465
Car -1 -1 -4.8215 303.5806 179.7969 330.0779 196.9615 1.4085 1.6716 4.6155 -25.8950 2.0435 63.6002 -5.2069 -5.8140
Car -1 -1 -4.6599 327.1891 179.9439 347.5912 196.2878 1.4626 1.6053 3.9763 -25.8946 2.1570 68.5634 -5.0200 -5.8273
Car -1 -1 -4.7619 142.6947 185.2065 166.7496 201.9973 1.3897 1.6348 4.1552 -41.1087 2.5407 65.0821 -5.3236 -5.8430
Car -1 -1 -4.3315 258.7596 181.0794 293.9751 196.9812 1.4159 1.6204 4.1093 -31.6442 2.2203 68.5025 -4.7630 -5.8508
Car -1 -1 -4.7099 160.6547 181.9597 181.5090 198.7637 1.4884 1.6465 4.0189 -41.6031 2.3781 68.3814 -5.2549 -5.8867
Car -1 -1 -4.6553 105.3374 184.1847 132.3070 203.8591 1.5410 1.6568 4.0171 -41.6035 2.5345 61.1378 -5.2510 -5.8867
Car -1 -1 -4.6091 52.1868 183.1762 85.6019 204.2464 1.4971 1.6452 4.0086 -41.6075 2.3216 55.5100 -5.2502 -5.8867
Car -1 -1 -4.6803 436.0151 176.9188 461.6249 198.5166 1.3973 1.5893 3.9634 -11.0667 1.6880 49.5649 -4.8991 -5.8867
Car -1 -1 -4.5958 1040.0385 166.7278 1066.8214 182.3098 1.3966 1.6506 4.1533 41.0623 0.8472 66.8163 -4.0469 -5.8867
Car -1 -1 -4.5772 275.8432 180.6443 300.8170 197.7991 1.5102 1.6111 3.9907 -30.1234 2.2630 67.6061 -4.9951 -6.0868
Car -1 -1 -7.5266 258.7543 173.2731 299.8809 196.9651 1.9174 1.7306 4.7021 -27.8695 1.9539 60.9067 -7.9543 -6.2743
Car -1 -1 -6.6833 999.4202 131.9365 1150.7108 187.6774 1.8670 1.6306 4.1534 16.1457 0.4962 25.3077 -6.1206 -6.7470
