Car -1 -1 -4.1082 0.0000 199.0525 204.6704 296.9072 1.4117 1.6200 4.1913 -9.6902 1.9826 13.6327 -4.7172 5.4893
Car -1 -1 -4.4412 390.2330 184.5558 444.8575 215.8462 1.4042 1.6135 3.9697 -9.5321 2.0179 35.8662 -4.6995 5.4012
Car -1 -1 -7.8228 600.3160 174.9389 628.3426 201.2236 1.6133 1.6952 3.5955 0.2789 1.7523 46.4028 -7.8173 4.3560
Car -1 -1 -7.2420 0.0000 0.0000 1241.0000 374.0000 1.4740 1.5586 3.6157 -2.3304 1.6269 1.1876 -8.2509 0.4078
Car -1 -1 -8.3613 435.6864 181.5591 497.8543 212.0333 1.5187 1.6435 3.8351 -7.8382 2.0141 39.0914 -8.5583 -0.1540
Car -1 -1 -4.3135 24.6475 190.6347 81.9909 216.0887 1.4782 1.5950 3.7728 -36.0299 2.6802 46.7607 -4.9674 -0.2618
Car -1 -1 -7.6023 92.2184 191.3805 136.6183 215.2323 1.4626 1.6090 3.7980 -33.9691 2.7862 49.5027 -8.2014 -1.0611
Car -1 -1 -7.9061 870.8844 160.0893 895.9634 179.5644 1.4841 1.6500 3.6960 21.5366 0.5111 56.9972 -7.5466 -1.4226
Car -1 -1 -8.1723 0.0000 0.0000 1241.0000 374.0000 1.4793 1.6019 3.7905 -0.6963 1.5317 1.7591 -8.5064 -1.8167
Car -1 -1 -4.7468 717.5903 166.8134 739.5007 189.0629 1.7764 1.6409 4.0315 9.7525 1.2938 59.7102 -4.5860 -2.0804
Car -1 -1 -7.8700 445.1677 178.7328 479.8387 212.9665 1.5016 1.5292 3.5858 -7.0650 1.7957 34.2229 -8.0725 -3.0388
Car -1 -1 -6.4311 867.1674 142.8754 959.9915 174.5876 1.6089 1.7100 4.2882 15.8434 0.0877 37.9550 -6.0383 -3.7143
Car -1 -1 -2.8005 99.5284 183.2448 242.2880 224.0656 1.4734 1.7373 4.4032 -16.9489 1.8947 27.9865 -3.3411 -3.7310
Car -1 -1 -4.2734 193.9964 191.9458 260.2406 221.5092 1.4687 1.6452 4.2614 -21.5926 2.6055 40.8083 -4.7577 -4.0248
Car -1 -1 -8.0690 316.2739 183.1266 363.3068 212.7473 1.5375 1.6673 4.1368 -15.4937 2.1544 41.1618 -8.4272 -4.0257
Car -1 -1 -4.3996 191.7619 193.1130 252.6790 225.7026 1.5149 1.7404 3.7914 -20.4139 2.6402 38.0702 -4.8892 -4.0361
Car -1 -1 -6.4105 381.7647 180.4969 474.5826 218.3665 1.5344 1.6342 3.7216 -7.9249 1.8804 31.2566 -6.6573 -4.1155
Car -1 -1 -4.7612 162.4528 194.8051 203.5696 227.3093 1.4642 1.6498 4.0370 -22.2851 2.6708 37.5323 -5.2942 -4.1209
Car -1 -1 -4.3919 0.0000 189.0684 58.2947 223.3406 1.6827 1.6582 4.2444 -32.2900 2.6293 39.8589 -5.0697 -4.1343
Car -1 -1 -2.2916 336.2336 184.1303 396.2449 208.1099 1.5115 1.6467 3.9506 -16.5246 2.3002 48.7832 -2.6169 -4.3077
Car -1 -1 -4.4185 352.0401 185.1506 385.9494 206.5057 1.6321 1.6735 3.5450 -19.6931 2.6680 59.0064 -4.7396 -4.4871
Car -1 -1 -3.1806 1098.5308 140.5693 1202.6505 172.8851 1.6653 1.7175 4.4416 29.1475 0.0013 39.1408 -2.5440 -4.5515
Car -1 -1 -4.7352 138.8915 178.5672 162.6625 198.1433 1.6714 1.7206 3.6645 -41.2646 2.1998 64.7729 -5.3007 -4.6037
Car -1 -1 -1.7994 29.2720 191.3264 124.0460 244.7612 1.4546 1.5929 3.7998 -16.9104 2.0840 22.7560 -2.4331 -4.6437
Car -1 -1 -5.1138 925.5250 158.5153 979.2290 182.8309 1.5473 1.6563 4.3346 22.7149 0.6346 48.1117 -4.6751 -4.7061
Car -1 -1 -4.4792 223.8792 189.3916 266.1930 213.6233 1.4352 1.6488 3.8032 -24.0298 2.5717 47.5599 -4.9451 -4.7519
Car -1 -1 -4.5600 37.2620 190.6944 85.5035 223.5247 1.6524 1.5831 3.8793 -30.8850 2.7090 40.6623 -5.2066 -5.0871
Car -1 -1 -4.3878 199.2337 190.2682 238.6820 210.9232 1.4420 1.5571 3.7540 -30.1594 2.8338 55.6971 -4.8824 -5.1507
Car -1 -1 -4.6377 24.0923 184.3442 58.3120 207.2501 1.5366 1.6583 4.0260 -41.5069 2.4092 52.6789 -5.3027 -5.8867
Car -1 -1 -4.4697 0.0000 187.7858 0.0000 216.5135 1.5636 1.6795 4.1276 -41.4991 2.5150 43.7798 -5.2254 -5.8867
Car -1 -1 -4.7160 199.4959 188.9307 226.4883 214.2384 1.4238 1.4209 3.5410 -24.7337 2.4659 44.8918 -5.2173 -6.0527
Car -1 -1 -4.5524 336.4454 185.8882 366.3694 205.4357 1.4521 1.6551 4.1017 -21.0034 2.5505 58.6566 -4.8952 -6.0577
Car -1 -1 -6.1848 297.6598 175.5309 373.4591 205.9056 1.5032 1.7132 3.5006 -14.1272 1.6457 37.2153 -6.5455 -6.7205
Car -1 -1 -2.5316 227.3606 179.2410 320.9653 216.6592 1.8403 1.6891 4.1449 -17.2728 2.1789 37.0903 -2.9650 -6.7424
