Car -1 -1 -4.3474 289.4344 186.9341 385.2915 238.3460 1.4378 1.6092 3.7949 -8.6615 1.9260 23.1277 -4.7024 6.3772
Car -1 -1 -7.7751 597.3813 175.0827 628.9893 202.8836 1.6364 1.6725 3.7500 0.2020 1.7803 44.7203 -7.7711 5.1788
Car -1 -1 -2.2814 464.0714 180.4781 529.2146 207.6297 1.5313 1.6558 4.0504 -6.9356 2.0136 43.7256 -2.4382 -2.6986
Car -1 -1 -6.3964 721.4372 164.2971 773.7384 183.8581 1.7231 1.7227 4.4285 12.2549 0.9690 64.5805 -6.2099 -2.9699
Car -1 -1 -2.2011 0.0000 191.1548 48.7516 254.8125 1.4841 1.6186 3.9391 -16.9995 1.9890 18.7154 -2.9315 -3.0055
Car -1 -1 -6.8092 1052.3534 160.2937 1241.0000 242.1086 1.6289 1.6156 3.6020 11.6883 1.3786 15.3740 -6.1688 -3.0956
Car -1 -1 -8.1886 1106.4811 167.8768 1226.0414 223.2196 1.5668 1.6530 4.1601 17.2361 1.4256 22.6599 -7.5449 -3.1168
Car -1 -1 -9.1007 1141.0514 148.3658 1241.0000 179.9928 1.6475 1.7656 4.1300 32.0412 0.3716 39.7990 -8.4265 -3.1263
Car -1 -1 -4.2720 544.1047 178.6039 576.1964 194.0677 1.4317 1.6329 3.8728 -4.8538 2.0096 70.4637 -4.3408 -3.2173
Car -1 -1 -4.5394 452.9379 178.6322 500.1545 212.0618 1.5703 1.6692 4.1420 -6.7577 1.8804 36.6891 -4.7207 -3.2620
Car -1 -1 -8.0196 431.7688 180.8288 481.5061 216.8082 1.4965 1.6035 3.8732 -7.1156 1.8845 33.0354 -8.2306 -3.2835
Car -1 -1 -7.2774 1065.8588 153.8241 1119.7521 175.0031 1.5993 1.6843 3.7995 37.4506 0.1620 56.0117 -6.6905 -3.3571
Car -1 -1 -2.6287 466.4061 177.6628 529.0596 200.7326 1.5326 1.6200 4.0118 -7.8099 1.8753 50.0062 -2.7832 -3.6582
Car -1 -1 -7.5434 1121.2504 152.8166 1180.5081 180.4844 1.5528 1.6718 3.9305 31.7058 0.4280 42.3189 -6.9038 -3.6771
Car -1 -1 -4.2566 177.6365 181.2554 213.8806 200.0415 1.7288 1.5658 3.7293 -40.1691 2.5660 70.0176 -4.7760 -3.7611
Car -1 -1 -4.3974 60.8923 188.8266 115.0845 215.2555 1.5928 1.6942 4.3166 -35.1032 2.7195 48.5957 -5.0206 -3.9600
Car -1 -1 -5.4838 786.2944 170.1078 865.9743 201.4150 1.4583 1.5374 3.8141 10.5668 1.3301 35.6556 -5.1983 -4.0098
Car -1 -1 -4.6878 164.7212 185.9325 185.5856 206.4520 1.8197 1.6041 3.3324 -41.0859 3.0887 68.1837 -5.2286 -4.2904
Car -1 -1 -4.2519 286.6076 184.1508 355.6011 214.8555 1.3740 1.5491 4.0269 -14.3145 1.9679 35.8828 -4.6292 -4.5350
Car -1 -1 -4.6200 623.6120 175.4381 658.2552 204.8529 1.5796 1.6126 4.1005 1.7782 1.7348 41.2634 -4.5777 -4.5602
Car -1 -1 -4.6642 698.8591 172.9389 717.0359 189.1249 1.5233 1.5676 3.8569 9.5001 1.5314 69.9636 -4.5301 -4.6187
Car -1 -1 -4.6026 219.4091 186.1981 248.8701 207.3960 1.5665 1.6715 4.0501 -30.3344 2.6843 58.2676 -5.0810 -4.7091
Car -1 -1 -2.6379 172.4641 187.4578 279.6881 222.2700 1.4642 1.6288 3.8852 -16.9644 2.1270 31.9111 -3.1234 -4.8134
Car -1 -1 -4.0415 205.8858 190.0572 284.8896 220.7320 1.4864 1.6514 4.1377 -19.9573 2.4831 39.6198 -4.5057 -4.8237
Car -1 -1 -8.1750 748.9760 169.1695 796.4797 196.5085 1.5501 1.6100 3.8446 9.5803 1.3409 42.9056 -7.9572 -4.9911
Car -1 -1 -7.7535 216.0932 176.4348 245.7834 200.1635 2.1663 2.0050 5.3201 -36.5111 2.5254 69.5720 -8.2355 -5.1185
Car -1 -1 -4.9363 1052.1379 160.6556 1091.6763 184.1477 1.5838 1.5606 3.5998 32.3098 0.7611 50.6032 -4.3708 -5.1972
Car -1 -1 -4.4313 373.2019 184.1658 415.5269 211.3235 1.6236 1.6192 3.8355 -13.9226 2.3850 46.6624 -4.7201 -5.2553
Car -1 -1 -4.2992 527.2738 176.9147 579.2271 201.2118 1.3927 1.5693 4.3667 -3.4663 1.6556 44.4523 -4.3770 -5.2800
Car -1 -1 -4.4444 361.6277 184.0394 416.9703 218.2623 1.5179 1.6508 3.6855 -10.7010 2.0904 35.0854 -4.7387 -5.3062
Car -1 -1 -4.7052 650.6154 176.4430 679.3991 204.2166 1.4870 1.5582 3.6027 3.0936 1.6997 40.9692 -4.6309 -5.3641
Car -1 -1 -4.8384 468.6835 180.0915 491.7345 196.3402 1.4164 1.6133 3.9874 -12.0908 2.1091 66.9499 -5.0168 -5.3942
Car -1 -1 -4.2173 355.6377 184.6985 416.2822 216.1268 1.6288 1.6941 3.7697 -12.6743 2.3334 40.9268 -4.5162 -5.4366
Car -1 -1 -4.7664 322.4109 183.0709 348.5047 202.9120 1.4129 1.6685 4.1477 -21.3324 2.2360 55.9170 -5.1295 -5.4440
Car -1 -1 -4.1756 228.5119 186.0644 284.4050 209.9281 1.5000 1.6096 4.0540 -24.3335 2.4488 49.7513 -4.6287 -5.5414
Car -1 -1 -4.6612 271.1490 186.9678 307.8683 217.4784 1.6350 1.7814 4.3090 -19.1437 2.5244 43.1520 -5.0768 -5.5673
Car -1 -1 -7.2320 247.4877 180.7326 449.7544 288.3481 1.4694 1.3922 3.4124 -4.1846 1.6197 11.9551 -7.5625 -5.6408
Car -1 -1 -4.5453 149.1651 190.4299 194.2807 216.2941 1.3051 1.5710 3.9361 -25.1220 2.3650 41.4069 -5.0880 -5.6553
Car -1 -1 -4.4877 412.4041 181.5497 450.6090 204.1876 1.3837 1.6015 3.9722 -11.7646 1.9816 47.6370 -4.7289 -5.7245
Car -1 -1 -4.4402 1111.9379 151.9207 1163.1027 176.9737 1.5941 1.6575 4.3036 35.0088 0.2618 47.8964 -3.8119 -5.7341
Car -1 -1 -4.4257 403.8006 179.7200 449.9357 206.6045 1.5204 1.6597 3.9697 -11.1029 1.9566 43.8516 -4.6726 -5.7661
Car -1 -1 -5.1334 514.9876 178.0711 552.3115 199.0973 1.5985 1.5225 3.8821 -6.1910 2.0320 57.9377 -5.2398 -5.7945
Car -1 -1 -4.8751 445.0881 180.0670 473.8141 200.3627 1.5389 1.6442 4.0198 -12.2478 2.1443 58.4228 -5.0812 -5.8166
Car -1 -1 -4.7135 368.2179 180.1317 389.7191 199.2435 1.4156 1.5705 4.0357 -18.3573 2.0146 57.2513 -5.0227 -5.8555
Car -1 -1 -4.6968 288.8244 179.2062 314.2823 205.7100 1.8909 1.7105 4.4688 -23.5045 2.3960 55.0152 -5.0991 -5.8823
Car -1 -1 -2.4581 0.0000 198.6998 0.0000 374.0000 1.5529 1.6518 3.8637 -8.5519 1.8210 6.2384 -3.3779 -5.8855
Car -1 -1 -4.5077 0.0000 186.9292 0.0000 214.9019 1.5788 1.6666 4.0200 -41.6050 2.4992 45.0450 -5.2506 -5.8867
Car -1 -1 -4.1613 310.2419 181.2063 373.0955 208.0938 1.4385 1.6396 3.8629 -15.5559 1.9474 41.9342 -4.5148 -5.8867
Car -1 -1 -4.5882 298.5454 182.5424 337.2986 209.6685 1.4540 1.6204 3.9838 -17.1150 2.0508 42.3321 -4.9706 -5.8867
Car -1 -1 -4.4762 0.0000 184.2666 0.0000 213.0218 1.5295 1.6552 4.0153 -41.6105 2.2312 42.2318 -5.2512 -5.8867
Car -1 -1 -4.4411 336.4695 181.4428 369.5208 200.0799 1.4611 1.6039 3.9623 -21.5176 2.2048 60.4703 -4.7819 -5.8867
Car -1 -1 -4.5470 0.0000 187.1568 20.7193 212.3333 1.5490 1.6716 4.0670 -41.5424 2.5640 49.0414 -5.2473 -5.8867
Car -1 -1 -4.1439 134.9184 183.4768 187.5272 203.6724 1.4546 1.5943 3.9408 -34.8092 2.3084 56.0355 -4.6978 -5.8867
Car -1 -1 -4.4033 357.7454 180.8187 392.2929 199.2805 1.4430 1.6128 3.9318 -19.5395 2.1275 60.0648 -4.7168 -5.8867
Car -1 -1 -4.6228 68.4212 184.3184 99.9097 205.2619 1.5274 1.6556 4.0109 -41.6047 2.4687 57.1159 -5.2503 -5.8867
Car -1 -1 -4.4282 0.0000 186.2311 0.0000 218.6029 1.5382 1.6547 4.0126 -41.6089 2.2860 38.2052 -5.2528 -5.8867
Car -1 -1 -4.8233 626.9070 174.6451 655.7563 195.4429 1.4138 1.5990 4.1487 2.1670 1.5467 51.5388 -4.7819 -5.8977
Car -1 -1 -4.5198 305.1098 184.6103 345.3791 209.8881 1.4982 1.6248 4.4598 -18.6280 2.3064 47.2823 -4.8935 -5.9447
Car -1 -1 -4.5382 313.7623 185.5227 374.4624 224.9973 1.5625 1.8042 4.4334 -11.8845 2.1723 32.4030 -4.8875 -5.9986
Car -1 -1 -4.6543 312.7560 185.5271 366.6810 231.3512 1.5612 1.7129 4.0875 -10.4536 2.0915 28.0064 -5.0089 -6.2175
Car -1 -1 -4.8468 327.9736 183.0309 363.4498 207.7816 1.4343 1.6000 3.8799 -16.7776 2.1070 45.6210 -5.1977 -6.5063
Car -1 -1 -4.9588 360.8053 181.7784 395.5604 206.0296 1.5338 1.5071 3.1524 -15.6847 2.1566 48.6477 -5.2694 -6.8862
