Car -1 -1 -7.8931 593.3705 176.9674 625.1198 207.5089 1.6466 1.6622 3.7180 -0.1202 1.8925 41.3022 -7.8966 4.6591
Car -1 -1 -4.3982 397.1333 187.3585 436.9708 209.9857 1.4925 1.6813 3.8003 -13.8917 2.5771 52.0263 -4.6583 0.2123
Car -1 -1 -4.5664 417.6390 186.9639 447.7897 208.9761 1.5371 1.6657 4.0543 -13.5399 2.6566 55.1688 -4.8064 -1.7407
Car -1 -1 -4.4471 380.6558 184.3470 420.7445 209.4317 1.5631 1.6160 3.9712 -14.1295 2.3718 48.7896 -4.7279 -2.3287
Car -1 -1 -5.0182 544.7523 184.2003 582.9070 206.2748 1.5379 1.6933 4.2337 -3.5851 2.4366 54.8904 -5.0836 -2.5551
Car -1 -1 -5.0183 658.0409 177.2402 685.1855 193.2953 1.4986 1.5935 3.6971 5.9626 1.9384 70.4100 -4.9345 -2.9806
Car -1 -1 -4.6447 132.5318 191.4708 166.9886 216.7317 1.5149 1.6771 4.2139 -31.1319 2.8328 48.8405 -5.2099 -3.2378
Car -1 -1 -4.6679 632.0450 177.7776 655.7735 200.2216 1.7712 1.8015 3.7721 2.8123 2.1920 59.7599 -4.6215 -3.9057
Car -1 -1 -8.2243 776.6631 175.3586 836.1788 208.2326 1.5582 1.6187 3.8025 9.8168 1.6914 36.4807 -7.9640 -4.2184
Car -1 -1 -5.0357 782.6121 174.1459 827.1310 199.4933 1.5463 1.5460 4.0140 12.4041 1.6325 46.2765 -4.7759 -4.2320
Car -1 -1 -5.3287 846.1538 173.4969 898.7042 194.6437 1.4578 1.5641 3.9276 18.8098 1.5056 51.9688 -4.9836 -4.2343
Car -1 -1 -7.8397 817.1309 174.9460 853.3944 209.3661 1.5815 1.6144 3.8401 11.0508 1.6901 35.4808 -7.5406 -4.4059
Car -1 -1 -7.5398 550.3489 182.4211 596.1982 208.7931 1.4439 1.5994 3.9437 -2.1783 2.0438 43.1503 -7.5905 -4.4546
Car -1 -1 -4.4332 575.5165 182.2872 602.6093 201.1646 1.6350 1.6319 3.3208 -1.9138 2.5227 66.1130 -4.4625 -4.5150
Car -1 -1 -4.3594 763.0926 171.1134 796.4142 188.5983 1.6447 1.7460 4.4040 16.5251 1.4807 70.1888 -4.1294 -4.5190
Car -1 -1 -4.6849 620.5699 178.2497 647.3439 204.8676 1.5778 1.5887 3.8206 1.5114 1.9325 45.5159 -4.6525 -4.5387
Car -1 -1 -4.9829 496.3069 183.8888 526.1816 202.2567 1.3876 1.5068 3.5753 -8.0988 2.3158 58.7772 -5.1196 -4.5937
Car -1 -1 -5.7074 0.0000 178.3922 0.0000 374.0000 1.5198 1.6501 4.1750 -8.3697 1.5776 6.0828 -6.6285 -4.6265
Car -1 -1 -4.5328 206.9296 194.5690 271.7692 238.9755 1.4370 1.5405 3.6142 -13.9356 2.3144 27.2101 -5.0025 -4.6853
Car -1 -1 -4.3662 366.7130 189.5883 400.6425 207.9169 1.5416 1.7175 4.0254 -20.8259 3.1305 66.4741 -4.6691 -4.6969
Car -1 -1 -5.3041 506.9764 180.9584 555.1671 204.4395 1.7025 1.6638 4.1725 -6.1798 2.3541 55.9152 -5.4142 -4.9316
Car -1 -1 -4.3938 0.0000 204.8829 2.8732 374.0000 1.3719 1.6937 4.1728 -5.8435 1.6925 4.9978 -5.2305 -5.0518
Car -1 -1 -4.1512 324.6902 193.2471 380.0984 218.6744 1.6580 1.8940 4.1685 -18.8399 3.2156 52.8822 -4.4923 -5.0865
Car -1 -1 -4.1872 0.0000 207.5880 70.8133 251.2462 1.4049 1.5078 3.7997 -23.1957 2.8671 28.3855 -4.8679 -5.1864
Car -1 -1 -4.0153 327.4524 190.1523 398.7444 216.5584 1.4007 1.6750 4.3514 -14.8901 2.5030 43.6597 -4.3425 -5.2952
Car -1 -1 -4.7123 575.7598 180.4283 601.6664 204.5018 1.4388 1.5965 4.1915 -1.4108 1.9497 46.5775 -4.7429 -5.3720
Car -1 -1 -5.0590 874.0341 171.1472 915.0240 193.5443 1.6633 1.5635 4.3011 21.8958 1.5362 55.7532 -4.6869 -5.4429
Car -1 -1 -4.9122 656.8965 178.1176 688.6066 196.8940 1.4243 1.6889 4.4776 5.0018 1.8666 58.3546 -4.8275 -5.4919
Car -1 -1 -4.5570 785.1056 173.9771 809.4176 192.2725 1.5682 1.5940 3.3338 16.5868 1.6703 63.9209 -4.3046 -5.5696
Car -1 -1 -4.7679 580.0213 178.3487 604.6821 199.3061 1.5268 1.6699 4.1986 -1.4289 1.9683 55.8581 -4.7938 -5.5714
Car -1 -1 -5.2186 887.1551 172.8063 939.5958 192.6892 1.3545 1.6028 4.1710 21.4726 1.3509 51.3144 -4.8246 -5.5921
Car -1 -1 -4.7309 747.9623 176.4038 774.8198 199.6782 1.3565 1.5426 4.0403 9.3316 1.5872 44.8296 -4.5274 -5.6727
Car -1 -1 -4.4687 677.6243 175.0647 717.3247 198.0001 1.3778 1.5798 4.0704 5.5812 1.5250 45.9500 -4.3490 -5.6856
Car -1 -1 -4.5644 810.8107 170.9566 838.6792 189.1007 1.6253 1.8199 4.7027 19.9972 1.4550 67.1478 -4.2764 -5.7006
Car -1 -1 -4.6868 380.4681 185.7859 402.4880 207.6037 1.6877 1.6642 3.9357 -18.2981 2.8086 60.4419 -4.9800 -5.7282
Car -1 -1 -4.7581 485.0035 184.1342 510.1588 206.4306 1.4847 1.6156 4.0080 -8.2138 2.3357 52.3233 -4.9135 -5.7319
Car -1 -1 -5.0052 511.2466 179.7836 551.7214 203.4768 1.5045 1.6380 4.0671 -5.4394 1.9987 49.2925 -5.1150 -5.7832
Car -1 -1 -4.8047 329.3520 184.1872 352.3053 201.4504 1.4813 1.6140 4.2912 -25.1128 2.5722 67.1929 -5.1613 -5.8212
Car -1 -1 -4.3082 577.8765 178.1907 621.9077 199.6250 1.4413 1.6272 4.2584 -0.7073 1.8419 51.9297 -4.3222 -5.8445
Car -1 -1 -4.8722 718.1798 177.1197 752.9684 200.5474 1.3797 1.5292 3.9043 7.7787 1.6580 45.1656 -4.7032 -5.8520
Car -1 -1 -4.6814 428.3067 181.9547 449.4416 200.8869 1.5190 1.6455 3.9836 -14.7080 2.3280 62.0434 -4.9136 -5.8605
Car -1 -1 -4.7849 475.7039 179.5612 500.8641 200.0095 1.4757 1.6192 4.0600 -9.4476 2.0129 55.6550 -4.9526 -5.8687
Car -1 -1 -4.8250 615.0114 179.6308 640.3177 197.9948 1.4340 1.6387 4.1821 1.4104 2.0183 60.0893 -4.8021 -5.8805
Car -1 -1 -4.7561 461.3794 181.9582 484.5105 201.9265 1.4910 1.6471 4.0819 -11.0792 2.2504 58.0350 -4.9443 -5.8847
Car -1 -1 -4.4314 472.4586 180.1340 505.4907 199.6275 1.5032 1.6411 3.9596 -9.9196 2.1214 59.2401 -4.5969 -5.8867
Car -1 -1 -4.4491 449.2699 181.9745 489.3438 208.2712 1.6848 1.7063 4.0949 -9.6855 2.3405 49.7911 -4.6407 -5.9102
Car -1 -1 -4.8244 660.4130 176.8174 683.9344 193.8883 1.4080 1.5780 4.0536 5.3298 1.7623 62.5113 -4.7402 -5.9331
Car -1 -1 -7.3770 248.2337 183.9777 391.8849 265.6528 1.7057 1.6739 3.7744 -6.9332 2.0066 17.5688 -7.7483 -6.2343
Car -1 -1 -4.8835 873.4482 174.4914 899.2630 192.9784 1.5034 1.4520 3.4722 23.2460 1.6453 60.8443 -4.5205 -6.3559
Car -1 -1 -4.9372 1241.0000 241.3654 1241.0000 374.0000 1.5280 1.9184 3.6457 5.3926 2.1393 4.4026 -4.0852 -7.4292
Car -1 -1 -7.3923 731.2720 171.4123 772.6318 194.0621 1.6841 1.6268 3.7655 10.9461 1.5766 55.6364 -7.1993 -7.6928
Car -1 -1 -7.7336 717.2050 176.7115 743.5172 200.5338 1.7623 1.5638 3.9557 9.3745 2.0737 56.1815 -7.5696 -7.8827
