Car -1 -1 -7.8476 593.7211 175.5919 623.9643 204.9298 1.5664 1.6292 3.6607 -0.0942 1.7275 40.7001 -7.8504 4.0997
Car -1 -1 -4.2686 278.4620 185.3139 342.3503 218.5201 1.4805 1.5961 3.3253 -14.5639 2.1166 35.1501 -4.6591 -2.3782
Car -1 -1 -4.3470 555.9732 176.3355 610.7145 207.1653 1.5103 1.6739 3.6474 -1.3801 1.7020 37.7947 -4.3837 -3.5449
Car -1 -1 -8.9544 1115.0085 162.8136 1212.4960 195.2246 1.6131 1.6065 3.7426 28.9919 1.1131 37.9445 -8.3058 -3.7708
Car -1 -1 -8.5571 1104.5806 152.8422 1178.5283 176.1159 1.5158 1.6825 4.2729 36.0960 0.2121 49.1847 -7.9268 -3.8605
Car -1 -1 -5.3026 674.7187 177.4609 723.2458 200.3456 1.5655 1.6656 3.7663 6.3686 1.9119 52.2420 -5.1825 -4.0024
Car -1 -1 -6.3677 180.8888 183.9000 276.4361 228.5909 1.5342 1.6697 3.0400 -14.3311 1.9713 27.0441 -6.8512 -4.0484
Car -1 -1 -7.7113 789.5947 170.8803 815.1885 189.7265 1.6101 1.6440 3.9803 17.0139 1.4411 63.7949 -7.4521 -4.0871
Car -1 -1 -2.5138 270.0621 191.4906 344.9427 219.0309 1.5149 1.6915 3.8197 -17.9019 2.6492 42.6621 -2.9093 -4.2213
Car -1 -1 -6.3469 555.3448 179.4000 602.0319 197.6972 1.6810 1.7800 4.3023 -3.0014 2.3096 68.2038 -6.3911 -4.4147
Car -1 -1 -4.6645 759.5657 178.4167 783.7014 200.2117 1.5212 1.5836 3.3096 11.8852 1.9440 53.0853 -4.4459 -4.4305
Car -1 -1 -2.8795 306.6699 186.8377 375.8286 210.1640 1.5111 1.6209 4.1164 -18.2118 2.4786 48.9364 -3.2344 -4.4764
Car -1 -1 -7.4980 321.5803 180.4373 420.9464 237.2491 1.5394 1.6414 3.7884 -7.1977 1.7905 21.9929 -7.8112 -4.4787
Car -1 -1 -5.4146 444.9234 183.0701 494.3137 205.4540 1.5111 1.5467 3.5801 -10.1665 2.2716 52.0067 -5.6071 -4.4851
Car -1 -1 -5.0728 479.2132 183.0195 511.6797 201.2662 1.5415 1.6068 3.9744 -10.4426 2.4932 65.4467 -5.2308 -4.6250
Car -1 -1 -4.8526 747.2171 175.5211 782.8839 200.8635 1.5789 1.6899 4.3897 10.1558 1.7631 47.6730 -4.6445 -4.6773
Car -1 -1 -5.1707 515.7745 179.6652 553.9042 197.0741 1.6048 1.8734 4.6137 -7.4408 2.2968 70.8822 -5.2753 -4.9041
Car -1 -1 -4.4498 565.6472 177.2087 600.5045 199.3944 1.4094 1.4527 3.6286 -1.8045 1.7136 48.5259 -4.4872 -4.9938
Car -1 -1 -4.6102 420.4096 184.2355 454.1867 208.9040 1.3762 1.6136 3.9966 -10.5813 2.1070 44.2653 -4.8439 -5.0123
Car -1 -1 -4.6302 288.8917 186.9315 323.2593 212.4451 1.5739 1.8044 4.5862 -20.9015 2.5910 49.6851 -5.0268 -5.0325
Car -1 -1 -4.7796 494.8077 178.1162 524.3582 201.8405 1.4083 1.5807 4.2229 -6.4818 1.7601 46.0494 -4.9191 -5.0492
Car -1 -1 -4.5426 422.1435 181.1099 454.8786 204.0136 1.4956 1.5730 4.0530 -12.0296 2.0989 50.6807 -4.7748 -5.0514
Car -1 -1 -3.8998 366.3096 181.3256 430.0397 205.4799 1.6240 1.6686 4.5544 -15.3960 2.2690 52.5734 -4.1837 -5.0584
Car -1 -1 -4.8751 454.0300 180.7830 497.1656 209.4612 1.4200 1.6395 4.1996 -7.3958 1.8756 39.2273 -5.0606 -5.1675
Car -1 -1 -4.4923 666.4582 178.0959 694.8082 198.0322 1.4280 1.4845 3.1078 5.3099 1.8345 54.2880 -4.3957 -5.1792
Car -1 -1 -3.9194 354.5695 183.8277 399.0373 201.4717 1.5635 1.6067 4.0826 -22.2217 2.6432 68.8314 -4.2308 -5.2252
Car -1 -1 -5.5875 1125.4695 155.8529 1202.9336 179.9431 1.5874 1.7868 4.0117 38.0483 0.4668 49.7008 -4.9370 -5.2263
Car -1 -1 -3.9454 217.2428 188.3749 290.6438 216.0322 1.6095 1.7282 4.3764 -23.1205 2.6701 46.9725 -4.4009 -5.2317
Car -1 -1 -6.7420 1181.9950 139.0636 1241.0000 172.2128 1.7330 1.7115 4.1265 33.8182 -0.0362 39.1125 -6.0326 -5.2508
Car -1 -1 -4.7699 426.5961 177.1575 471.3145 212.7287 1.4765 1.7266 4.5078 -7.4529 1.6870 32.9355 -4.9911 -5.2885
Car -1 -1 -3.5844 1130.7874 162.7604 1230.9470 192.1967 1.4017 1.5396 3.5465 27.9655 0.9208 35.4975 -2.9212 -5.3740
Car -1 -1 -4.8660 421.6518 181.1663 467.3157 212.0047 1.4973 1.7054 4.5736 -8.9937 1.9720 38.7892 -5.0928 -5.4027
Car -1 -1 -4.0054 190.0120 190.3224 281.6079 226.0547 1.5311 1.7059 4.1101 -18.2126 2.4376 35.2610 -4.4794 -5.4477
Car -1 -1 -4.5550 331.7087 182.9096 357.3233 199.1230 1.4132 1.6266 4.1490 -24.9292 2.3884 67.8024 -4.9064 -5.5250
Car -1 -1 -4.5540 511.3326 178.2361 535.2847 194.6266 1.4719 1.6071 4.2295 -8.1976 1.9974 68.3468 -4.6733 -5.5378
Car -1 -1 -2.2801 0.0000 189.1694 18.8537 360.9212 1.4796 1.6235 3.7276 -8.4848 1.6613 7.2119 -3.1280 -5.5503
Car -1 -1 -4.6589 447.9784 180.2885 471.9680 199.7203 1.4197 1.6208 4.1591 -11.7516 2.0246 56.5595 -4.8632 -5.5545
Car -1 -1 -8.0897 479.7160 174.9791 522.6053 203.3914 1.4904 1.5536 3.5988 -6.1277 1.6140 40.1025 -8.2408 -5.6703
Car -1 -1 -4.5305 490.3637 177.7345 525.0776 200.8660 1.5068 1.6541 4.1767 -7.0723 1.8592 50.0173 -4.6706 -5.6875
Car -1 -1 -4.8313 346.8195 182.3465 383.6175 208.8107 1.4485 1.6190 4.0276 -14.7333 2.0452 43.2132 -5.1584 -5.7213
Car -1 -1 -4.8458 397.2385 183.1623 423.4355 202.0306 1.5239 1.6720 4.0669 -17.4509 2.4533 62.8765 -5.1158 -5.7362
Car -1 -1 -4.7052 328.4030 183.0446 348.4663 201.6472 1.5449 1.6297 4.0798 -24.2871 2.4869 64.5245 -5.0641 -5.7550
Car -1 -1 -5.1110 775.7477 176.0024 822.3157 201.2622 1.4958 1.5986 3.4098 11.6985 1.6996 44.9792 -4.8586 -5.7703
Car -1 -1 -4.5054 440.6631 179.1166 481.3323 204.2619 1.4320 1.6176 4.1604 -9.1069 1.8335 44.2127 -4.7077 -5.8155
Car -1 -1 -4.5484 0.0000 194.8588 15.5295 220.7009 1.5296 1.6689 4.0275 -41.4748 3.0752 48.5353 -5.2529 -5.8390
Car -1 -1 -4.6979 474.3527 178.2839 501.0020 201.9450 1.4163 1.6136 4.1260 -7.8579 1.7810 46.3431 -4.8653 -5.8436
Car -1 -1 -4.7298 373.6128 180.7765 404.4781 207.5524 1.4383 1.6507 4.1930 -13.0355 1.9275 42.3378 -5.0271 -5.8471
Car -1 -1 -4.8000 492.0029 180.3763 513.2130 197.1509 1.4961 1.6334 4.1234 -10.2449 2.2330 68.5168 -4.9483 -5.8702
Car -1 -1 -4.5949 34.7055 185.1548 70.6899 207.7242 1.5454 1.6611 4.0125 -41.6044 2.5006 53.8966 -5.2501 -5.8867
Car -1 -1 -4.5716 6.4061 187.2862 46.6080 211.8857 1.5956 1.6759 4.0128 -41.6018 2.6681 51.4803 -5.2489 -5.8867
Car -1 -1 -4.7950 1173.0210 161.4136 1208.4800 181.5889 1.3838 1.6331 4.0181 41.4579 0.5988 51.6112 -4.1211 -5.8867
Car -1 -1 -4.8240 715.0291 173.7416 743.3844 193.7281 1.3920 1.5969 3.8936 8.5903 1.4586 52.4143 -4.6628 -5.8867
Car -1 -1 -4.4762 0.0000 184.3240 0.0000 213.1095 1.5309 1.6545 4.0149 -41.6103 2.2361 42.2318 -5.2511 -5.8867
Car -1 -1 -4.2589 208.6962 184.8225 270.1779 212.4248 1.4919 1.6594 3.9731 -21.8985 2.2337 42.7352 -4.7302 -5.8867
Car -1 -1 -4.5070 0.0000 188.6419 0.0000 216.8424 1.5946 1.6740 4.0750 -41.4927 2.6359 45.4212 -5.2444 -5.8867
Car -1 -1 -4.4460 0.0000 183.1528 0.0000 213.4632 1.5211 1.6546 4.0197 -41.6127 2.1199 39.8209 -5.2502 -5.8867
Car -1 -1 -4.6602 592.5173 176.5983 611.9443 193.0770 1.4871 1.6270 4.0753 -0.7271 1.8510 68.1223 -4.6712 -5.9344
Car -1 -1 -4.8392 506.5246 180.2767 531.2305 197.6981 1.4688 1.6853 4.1972 -8.2610 2.1602 64.9883 -4.9656 -5.9525
