Car -1 -1 -4.8455 20.8598 172.7254 163.6164 272.6958 1.4958 1.5824 3.7272 -9.1818 1.3799 12.4800 -5.4658 6.8198
Car -1 -1 -3.9397 882.8433 164.9935 1053.4629 234.2438 1.9177 1.8839 4.6104 10.8435 1.4886 21.2181 -3.4717 5.4604
Car -1 -1 -4.5987 72.2528 171.4075 157.6159 227.6898 1.5375 1.6273 4.2386 -14.8516 1.2895 21.5708 -5.1929 3.2354
Car -1 -1 -2.3725 124.5693 177.5652 187.6872 198.4884 1.6536 1.7441 4.3214 -36.2720 1.4216 57.1783 -2.9336 -0.1021
Car -1 -1 -2.1358 159.1801 167.1545 207.1845 185.7234 1.7032 1.7857 4.4631 -39.7567 0.4790 66.6642 -2.6697 -2.8313
Car -1 -1 -6.8749 297.2142 170.5961 375.8973 197.8217 1.5628 1.6635 4.2436 -16.1882 0.9944 42.7954 -7.2323 -3.1197
Car -1 -1 -8.7069 924.1673 133.5460 1006.6794 165.3251 1.6490 1.7241 4.1548 20.8388 -0.9300 41.0855 -8.2386 -3.1653
Car -1 -1 -7.7232 289.7195 171.9810 333.7852 202.8073 1.5361 1.6548 3.7464 -15.4048 1.1118 37.2551 -8.1105 -3.2343
Car -1 -1 -8.5602 1151.6797 154.2303 1223.0000 179.0307 1.5775 1.7007 4.1092 39.0256 -0.1025 47.2883 -7.8719 -3.3365
Car -1 -1 -4.9846 288.3638 176.5134 328.2843 199.1354 1.5640 1.6152 4.1249 -21.4311 1.2884 51.0036 -5.3785 -3.9428
Car -1 -1 -4.8331 294.1015 167.0452 324.2955 192.6431 2.0186 1.8159 4.0813 -24.2745 0.9576 57.9804 -5.2259 -4.0436
Car -1 -1 -4.6675 316.9846 169.8168 354.9108 199.1471 1.4347 1.6474 3.9912 -13.9393 0.9123 36.7385 -5.0254 -4.1715
Car -1 -1 -7.4861 192.8802 169.9512 224.8705 185.9841 1.5047 1.4998 3.5744 -38.1605 0.5146 68.2317 -7.9923 -4.2865
Car -1 -1 -4.6740 1214.0378 162.7354 1223.0000 191.4376 1.4973 1.8396 4.6333 35.1247 0.5707 39.1901 -3.9457 -4.3457
Car -1 -1 -5.1056 1164.1700 165.5674 1223.0000 193.3998 1.4761 1.6333 3.6247 33.0088 0.6843 39.4721 -4.4115 -4.3759
Car -1 -1 -4.6184 1214.7603 154.6480 1223.0000 178.3800 1.4865 1.5866 3.6525 41.3480 -0.1447 46.4422 -3.8927 -4.4303
Car -1 -1 -8.8074 1175.3431 179.6433 1223.0000 253.9178 1.5225 1.5952 3.4726 15.5237 1.5053 16.3544 -8.0563 -4.7230
Car -1 -1 -3.9872 1220.2777 155.2150 1223.0000 180.7107 1.5763 1.8120 3.6585 41.5151 0.0131 44.7995 -3.2418 -5.0157
Car -1 -1 -4.1977 0.0000 170.6618 66.8660 199.1114 1.5359 1.7260 3.7379 -32.6314 1.0049 40.1546 -4.8745 -5.2368
Car -1 -1 -8.2745 925.6284 157.1770 989.0150 186.9281 1.5445 1.5299 4.1678 19.2342 0.3339 38.8184 -7.8159 -5.3920
Car -1 -1 -5.1652 0.0000 179.7611 26.0729 305.5623 1.4568 1.7329 4.3834 -10.4580 1.4486 9.6857 -5.9708 -5.4516
Car -1 -1 -4.8544 147.5663 170.0683 177.0630 187.9760 1.6037 1.7348 4.3358 -41.0362 0.6694 65.5381 -5.4098 -5.5733
Car -1 -1 -2.6707 0.0000 182.1652 13.7860 347.6239 1.4603 1.6691 4.5077 -9.8005 1.4832 7.9176 -3.5405 -5.6487
Car -1 -1 -5.3691 163.2973 177.1140 210.5886 194.8005 1.5532 1.5702 3.9719 -37.5656 1.2557 63.5631 -5.8990 -5.7094
Car -1 -1 -4.6020 46.8741 181.3346 81.0228 201.7069 1.5064 1.6473 4.0117 -41.7235 1.5733 54.6003 -5.2501 -5.8867
Car -1 -1 -8.9132 0.0000 0.0000 1223.0000 369.0000 1.5562 1.5933 3.8077 1.9002 1.6205 0.9720 -7.9391 -5.8867
Car -1 -1 -4.6212 71.2798 179.7043 102.3287 198.8979 1.4895 1.6461 4.0156 -41.7304 1.4277 57.0158 -5.2487 -5.8867
Car -1 -1 -6.9168 0.0000 0.0000 1223.0000 369.0000 1.5458 1.5896 3.8044 -2.1197 1.6374 0.9666 -7.9391 -5.8867
Car -1 -1 -4.9623 1223.0000 160.9071 1223.0000 190.2860 1.4717 1.6369 3.9902 41.3816 0.4904 37.5347 -4.1308 -5.8867
Car -1 -1 -7.5632 186.8837 0.0000 1223.0000 369.0000 1.5500 1.5940 3.8065 -0.5129 1.6251 0.9674 -7.9393 -5.8867
Car -1 -1 -4.8951 1223.0000 156.7659 1223.0000 181.4414 1.4045 1.6291 4.0087 41.3285 0.0537 42.3649 -4.1242 -5.8867
Car -1 -1 -4.9220 1223.0000 160.2997 1223.0000 187.1656 1.4531 1.6364 3.9950 41.3741 0.3607 40.3586 -4.1265 -5.8867
Car -1 -1 -5.8847 1223.0000 163.8791 1223.0000 369.0000 1.5245 1.6127 3.9651 6.9582 1.5131 2.4981 -4.6976 -5.8867
Car -1 -1 -4.6825 127.3539 175.3837 150.6744 191.6694 1.4135 1.6176 3.9349 -41.7775 0.9694 63.4693 -5.2606 -5.9663
Car -1 -1 -3.8798 87.6957 175.6955 175.3461 201.6342 1.4561 1.7437 4.2481 -27.9978 1.1865 41.9646 -4.4629 -6.0592
Car -1 -1 -5.6822 0.0000 181.3591 18.3412 369.0000 1.6703 1.8003 4.4664 -8.6541 1.6806 6.5944 -6.5771 -6.5423
Car -1 -1 -7.5414 1182.8441 147.3511 1223.0000 179.6077 1.9363 1.9911 4.0927 38.4216 -0.0585 44.4645 -6.8306 -6.5459
