Car -1 -1 -8.1316 829.3046 184.8057 1022.8463 305.3147 1.3979 1.5116 3.5770 4.3243 1.4717 10.1974 -7.7399 7.1292
Car -1 -1 -8.0657 798.7253 174.1474 917.3826 251.7102 1.5291 1.6308 4.2086 5.5435 1.4042 16.1231 -7.7389 5.9262
Car -1 -1 -4.2925 466.7037 166.6826 521.0763 200.5964 1.8179 1.5612 3.9381 -6.2346 1.0774 40.0065 -4.4441 4.6425
Car -1 -1 -7.8155 756.0331 171.9624 800.5611 213.1581 1.5247 1.5888 3.4534 6.8916 1.2090 28.0477 -7.5755 4.0691
Car -1 -1 -7.9582 750.4503 170.9577 791.3707 206.1364 1.5548 1.5061 3.3607 7.6730 1.1332 33.0098 -7.7302 2.9838
Car -1 -1 -7.7063 744.9826 172.3625 783.1246 200.3841 1.4578 1.5358 3.5359 8.7306 1.0346 38.7103 -7.4846 1.6666
Car -1 -1 -5.9867 734.2098 171.0854 803.8307 197.0541 1.4992 1.6621 3.7522 9.8335 0.9558 42.4773 -5.7592 -0.5942
Car -1 -1 -8.1239 951.2452 159.0224 1060.0836 222.6956 1.5904 1.6137 3.9096 10.9913 1.0543 19.7489 -7.6211 -1.3347
Car -1 -1 -3.8465 0.0000 152.2129 91.1747 331.7354 1.7886 1.7326 4.6632 -9.6165 1.5072 9.4446 -4.6223 -1.6814
Car -1 -1 -4.2822 498.7780 176.1745 532.9283 194.4017 1.4311 1.5109 3.2829 -7.1836 1.0915 57.3078 -4.4045 -2.0371
Car -1 -1 -6.1040 988.3000 161.0734 1092.3120 198.5983 1.6367 1.5979 3.8790 20.0743 0.7896 32.7245 -5.5564 -2.0636
Car -1 -1 -7.0989 1016.8403 165.5151 1188.3553 224.2226 1.4310 1.5876 3.6592 12.8583 1.0661 18.3961 -6.4953 -2.6740
Car -1 -1 -7.6279 730.6051 170.1445 773.0977 195.7806 1.5551 1.6969 4.5095 9.4524 0.9270 45.2942 -7.4219 -2.7926
Car -1 -1 -4.8656 721.3074 168.7449 750.5775 191.0578 1.6977 1.6654 4.0833 10.3109 0.8033 55.8639 -4.6824 -2.9363
Car -1 -1 -8.1172 706.3735 171.5099 747.7617 196.7559 1.5138 1.6309 3.7499 7.5955 0.9749 44.3398 -7.9471 -3.6530
Car -1 -1 -7.8260 0.0000 162.3738 76.4761 229.0482 1.7033 1.6701 3.6232 -16.0484 1.2405 20.0149 -8.4922 -3.7660
Car -1 -1 -7.4843 1090.7697 139.7912 1157.8967 171.1259 1.6103 1.7208 3.8720 28.7673 -0.5426 39.1635 -6.8529 -4.0431
Car -1 -1 -4.0178 789.8893 176.9558 854.8157 203.4464 1.4118 1.5446 3.5375 12.0806 1.2230 39.2949 -3.7202 -4.2963
Car -1 -1 -6.3440 1010.6261 160.6272 1123.8442 198.3170 1.4921 1.6075 3.8688 19.2180 0.7056 29.6383 -5.7719 -4.3070
Car -1 -1 -6.3663 592.4395 173.1806 632.3543 189.3508 1.5834 1.6529 3.8391 0.7414 0.8665 70.1974 -6.3542 -4.3559
Car -1 -1 -5.9837 1127.1194 164.4607 1223.0000 216.0446 1.4147 1.5644 3.4489 18.0150 0.9751 21.2634 -5.2866 -4.8297
Car -1 -1 -4.8552 580.4595 174.0657 601.5355 188.2158 1.3876 1.5895 3.9071 -1.4126 0.7565 71.3893 -4.8732 -4.9347
Car -1 -1 -5.3274 527.2213 172.4659 572.4187 195.1803 1.6108 1.6342 3.4304 -4.0797 1.0411 51.9832 -5.4036 -5.0992
Car -1 -1 -5.3795 731.1851 166.3365 785.0319 189.6937 1.6735 1.6808 4.2246 11.4063 0.6587 52.9242 -5.1667 -5.1854
Car -1 -1 -4.6346 901.5984 169.7651 929.7444 192.1342 1.5221 1.5413 3.7986 22.0621 0.7917 50.1503 -4.2209 -5.2242
Car -1 -1 -4.9919 689.1641 171.7266 725.2307 189.9120 1.3864 1.6721 4.4439 8.0810 0.7175 56.2194 -4.8483 -5.5295
Car -1 -1 -5.2890 632.6284 172.9818 677.8375 192.4025 1.4668 1.6723 3.9204 3.9101 0.8990 55.5220 -5.2174 -5.5565
Car -1 -1 -6.8171 0.0000 189.6577 102.8890 369.0000 1.5758 1.6718 3.7727 -4.5703 1.6419 3.1065 -7.7424 -6.0833
