Car -1 -1 -8.4004 848.6133 175.6774 1223.0000 369.0000 1.5433 1.6392 4.1439 3.6239 1.5166 6.0739 -7.8833 6.5116
Car -1 -1 -4.0274 0.0000 173.6040 189.4636 256.7794 1.7849 1.5709 4.0833 -12.2894 1.6373 17.2688 -4.6356 6.2162
Car -1 -1 -7.9822 684.1384 173.6128 748.7009 224.3715 1.5304 1.6198 3.5723 3.5266 1.3230 23.1219 -7.8312 5.5200
Car -1 -1 -4.3881 444.9717 176.0936 488.5083 199.8884 1.5341 1.7182 3.8979 -9.2612 1.2501 47.6323 -4.5772 5.4612
Car -1 -1 -7.8840 705.6698 174.5485 774.6335 239.4442 1.4984 1.5763 3.5132 3.3590 1.3614 18.1812 -7.7027 5.0249
Car -1 -1 -7.8957 663.0073 174.4661 700.0424 207.5941 1.5127 1.6184 3.6502 3.6277 1.2374 34.1597 -7.7892 3.8273
Car -1 -1 -7.8995 673.8572 174.7001 716.0029 213.0067 1.4722 1.5425 3.5236 3.6061 1.2495 28.9901 -7.7754 2.5683
Car -1 -1 -7.9863 644.9126 175.6328 676.4285 199.3024 1.4720 1.5640 3.6570 3.5642 1.1694 45.8385 -7.9076 1.1819
Car -1 -1 -4.9832 643.0401 172.2972 689.2744 201.2075 1.6047 1.6622 4.0679 3.5096 1.1495 41.3987 -4.8976 -1.6633
Car -1 -1 -4.3850 742.1913 170.5323 771.5871 186.8094 1.5034 1.5835 3.8482 14.5197 0.5826 67.3635 -4.1720 -4.1116
Car -1 -1 -5.0059 1093.1140 180.7661 1223.0000 345.8657 1.3878 1.5932 3.3957 6.7188 1.3919 7.8231 -4.3145 -4.2323
Car -1 -1 -4.7622 486.4973 175.1554 515.2588 198.2582 1.4600 1.6750 4.4690 -6.9714 1.1223 47.0351 -4.9066 -4.3236
Car -1 -1 -5.2688 693.3878 169.3571 761.9933 201.1194 1.5165 1.6032 3.8969 6.1323 0.9846 35.8640 -5.0991 -4.3337
Car -1 -1 -7.3156 181.7459 184.9950 275.4515 224.4701 1.4703 1.6054 3.8361 -15.2050 1.6657 28.7430 -7.7960 -4.3564
Car -1 -1 -6.0809 1143.2516 163.4217 1223.0000 333.6250 1.4534 1.5402 3.6814 8.5450 1.3080 8.0033 -5.2809 -4.4113
Car -1 -1 -4.2661 87.8294 184.9729 196.4489 228.9755 1.4481 1.6668 4.1554 -16.8017 1.6257 25.8720 -4.8348 -4.5794
Car -1 -1 -6.1436 787.0285 158.5941 849.4171 182.7392 1.6991 1.6570 4.1498 15.4904 0.1576 51.3767 -5.8507 -4.7835
Car -1 -1 -4.7819 660.0142 174.3173 696.9601 204.2185 1.4981 1.6501 4.2810 3.8344 1.1885 37.5898 -4.6794 -4.7839
Car -1 -1 -7.8809 634.5174 174.5115 669.9284 207.2120 1.5069 1.6165 3.4023 2.2282 1.2311 34.3132 -7.8150 -4.8109
Car -1 -1 -4.6218 565.7338 171.6476 588.3395 192.1032 1.6422 1.5183 3.9930 -2.2825 0.9315 58.7962 -4.6587 -4.8550
Car -1 -1 -4.8511 775.3272 168.5907 811.5265 193.1393 1.5145 1.7381 3.8048 12.0994 0.7798 45.6136 -4.5918 -4.8597
Car -1 -1 -5.0534 623.7783 178.1909 654.3185 196.6115 1.5516 1.5201 3.6503 2.9448 1.3570 61.5210 -5.0042 -4.8649
Car -1 -1 -5.1849 678.7947 170.7768 766.9199 208.5870 1.5409 1.8891 4.7307 5.0806 1.1449 31.3567 -5.0242 -4.9800
Car -1 -1 -9.0058 0.0000 0.0000 1223.0000 369.0000 1.4834 1.4596 3.3144 3.4649 1.4241 1.2651 -7.8633 -5.0019
Car -1 -1 -4.9465 579.0820 173.4711 608.4899 191.3217 1.4479 1.5802 4.0423 -0.9678 0.8777 59.5025 -4.9610 -5.1690
Car -1 -1 -4.5554 570.8491 176.0235 594.3243 192.6033 1.5823 1.7247 3.8243 -2.1475 1.1550 69.4856 -4.5845 -5.2928
Car -1 -1 -4.8858 504.4922 173.8939 531.9641 191.4471 1.4458 1.6499 4.1102 -7.4377 0.9016 60.4443 -5.0059 -5.3282
Car -1 -1 -2.9219 681.3370 172.3305 744.1981 199.0986 1.5743 1.5034 3.5297 6.5362 1.0939 42.9243 -2.7702 -5.4275
Car -1 -1 -8.6817 0.0000 0.0000 1223.0000 369.0000 1.4678 1.5410 3.6863 1.9371 1.4315 1.3094 -7.8093 -5.5623
Car -1 -1 -4.5841 509.1344 175.7520 540.9642 197.7797 1.3735 1.5498 4.0548 -5.1757 1.0775 46.1296 -4.6933 -5.6463
Car -1 -1 -9.1056 0.0000 0.0000 1223.0000 369.0000 1.4723 1.5252 3.5936 4.7231 1.3958 1.3189 -7.8679 -5.6525
Car -1 -1 -4.5498 529.0082 174.5154 555.7277 191.8840 1.4137 1.6241 3.9154 -5.2280 0.9265 59.5646 -4.6352 -5.8867
Car -1 -1 -7.1459 45.8202 0.0000 1223.0000 369.0000 1.5521 1.5937 3.8074 -1.3164 1.6427 0.9673 -7.9393 -5.8867
Car -1 -1 -6.4517 708.7189 155.8621 766.4927 179.7751 1.7912 1.6811 4.1022 10.0767 -0.0562 53.8909 -6.2661 -5.9841
