Car -1 -1 -3.7506 1042.6593 164.5247 1204.4354 211.4209 1.6712 1.7933 4.6360 19.0268 1.1022 26.1310 -3.1254 3.7833
Car -1 -1 -4.8381 477.3909 168.1483 515.5469 196.5175 1.4354 1.5611 3.7352 -5.8583 0.8106 37.7849 -4.9888 2.9078
Car -1 -1 -7.8299 498.1821 171.1267 525.4705 194.9855 1.4282 1.5956 3.8752 -5.8106 0.8672 44.3343 -7.9575 1.4985
Car -1 -1 -7.3339 520.4414 168.3946 556.8248 185.7249 1.6198 1.6612 4.1320 -6.3484 0.4882 68.3092 -7.4243 -1.0563
Car -1 -1 -7.2485 249.6879 169.5754 324.6146 204.4487 1.5297 1.5431 3.3233 -14.6850 1.0507 32.7926 -7.6640 -2.0271
Car -1 -1 -5.9347 122.0136 185.6471 223.8360 219.5507 1.4306 1.5351 3.5296 -19.0462 1.6663 31.2564 -6.4758 -2.7312
Car -1 -1 -2.3501 384.4816 171.9553 441.0345 194.4534 1.4783 1.6296 3.6365 -13.0830 0.9169 48.0784 -2.6123 -2.9172
Car -1 -1 -4.9699 437.0223 165.2976 473.6866 191.6807 1.9738 1.7603 4.3376 -11.7225 0.8365 55.2306 -5.1761 -3.6557
Car -1 -1 -7.6936 25.1428 171.2549 66.4143 194.5675 1.5812 1.6475 4.0874 -39.5955 0.9542 50.1437 -8.3572 -3.7627
Car -1 -1 -4.5433 33.0224 170.5295 85.4037 201.3915 1.5211 1.5637 3.5495 -28.3395 1.0299 36.7838 -5.1937 -4.1788
Car -1 -1 -4.9493 483.6574 164.2239 534.4639 198.7751 1.6100 1.6795 3.6478 -4.8118 0.8517 34.9502 -5.0830 -4.2587
Car -1 -1 -7.6335 34.6772 170.2467 87.7268 197.6666 1.5571 1.6394 4.1184 -32.5099 0.9750 42.3650 -8.2826 -4.3741
Car -1 -1 -7.7378 233.3133 161.6524 267.8581 191.0708 1.9993 1.7353 3.9178 -25.1049 0.7184 50.1889 -8.1972 -4.4244
Car -1 -1 -4.6863 516.3071 166.3115 547.9206 195.0676 1.6093 1.7420 3.6152 -4.2406 0.8154 41.4360 -4.7857 -4.4481
Car -1 -1 -4.4321 591.1713 166.8035 621.4286 186.6332 1.5130 1.5718 3.1421 0.1375 0.4679 55.6753 -4.4278 -4.5334
Car -1 -1 -4.0126 229.7203 166.3140 297.7218 191.4654 1.6340 1.8133 4.3231 -23.2049 0.7125 48.2564 -4.4564 -4.5932
Car -1 -1 -5.4139 1176.9246 171.6625 1223.0000 208.7624 1.4339 1.6398 3.6673 25.8561 1.0926 29.1770 -4.6927 -4.5989
Car -1 -1 -4.0385 424.1865 171.0355 475.8498 192.3779 1.4178 1.5613 3.6365 -10.6833 0.7891 48.9470 -4.2503 -4.6616
Car -1 -1 -4.2021 472.2545 170.4772 525.3126 196.5699 1.4298 1.5685 3.3546 -6.0613 0.8807 40.5898 -4.3474 -4.7123
Car -1 -1 -7.8643 1187.7889 171.4377 1223.0000 215.6981 1.5491 1.5586 3.8071 23.0089 1.2322 26.7062 -7.1575 -4.8478
Car -1 -1 -6.3332 172.6240 168.7871 243.1852 193.0900 1.5273 1.6598 3.9484 -25.9247 0.7913 46.1820 -6.8400 -4.9318
Car -1 -1 -7.7417 537.2100 167.3463 567.7640 191.1244 1.7489 1.9018 3.8332 -3.9616 0.7814 53.9582 -7.8128 -4.9506
Car -1 -1 -4.9968 206.8710 177.8466 289.1880 220.0209 1.4164 1.6297 4.0129 -13.0957 1.3276 25.7710 -5.4602 -4.9668
Car -1 -1 -2.7664 0.0000 162.4077 47.2491 193.3899 1.8398 1.7534 4.1185 -37.1487 0.7655 43.4776 -3.4680 -4.9964
Car -1 -1 -7.3273 47.9867 169.4795 133.1326 199.9879 1.5045 1.6553 4.3018 -26.8676 0.9612 37.0878 -7.9484 -5.0275
Car -1 -1 -2.4242 0.0000 177.8891 20.7670 272.4495 1.5543 1.6912 3.8746 -13.1515 1.5118 12.6098 -3.2162 -5.3087
Car -1 -1 -4.2194 569.5800 168.5777 610.4871 190.0829 1.5558 1.4972 3.7006 -1.0828 0.6933 53.1401 -4.2378 -5.3525
Car -1 -1 -2.3902 0.0000 193.6936 12.3294 335.2014 1.5073 1.6502 4.2740 -10.2923 1.6901 8.7475 -3.2370 -5.6196
Car -1 -1 -4.9888 52.3503 171.8481 106.4921 201.5147 1.5671 1.5908 3.2149 -28.9912 1.1102 38.9638 -5.6228 -5.7072
Car -1 -1 -4.8257 462.4800 170.1074 488.0641 191.4385 1.6302 1.5898 3.7090 -10.3022 0.8360 56.0408 -5.0047 -5.7229
Car -1 -1 -2.0148 0.0000 169.7558 38.6639 195.1536 1.6614 1.8583 4.4975 -40.8351 0.9586 48.0286 -2.7143 -5.7757
Car -1 -1 -6.9682 1207.1923 168.0544 1223.0000 209.9505 1.4335 1.4818 3.3673 23.6547 1.0079 25.0439 -6.2161 -5.8190
Car -1 -1 -6.7023 0.0000 0.0000 1223.0000 369.0000 1.5554 1.5894 3.8058 -3.7261 1.6995 0.9641 -7.9388 -5.8867
Car -1 -1 -4.5260 0.0000 172.1118 0.0000 196.5185 1.5168 1.6718 4.0433 -41.6564 0.9955 46.1021 -5.2555 -5.8867
Car -1 -1 -4.4820 0.0000 177.7217 0.0000 203.5276 1.4885 1.6519 4.0293 -41.7125 1.3283 42.9364 -5.2475 -5.8867
Car -1 -1 -6.9168 0.0000 0.0000 1223.0000 369.0000 1.5572 1.5912 3.8075 -2.1187 1.6800 0.9670 -7.9390 -5.8867
Car -1 -1 -5.5722 0.0000 187.5188 34.8102 315.0307 1.6755 1.8599 4.3468 -11.5620 1.7921 10.5651 -6.3861 -6.4023
Car -1 -1 -4.8679 1129.8090 172.7685 1194.9395 205.2959 1.3472 1.6246 4.1783 24.7101 1.0272 31.5056 -4.2061 -6.6413
