Car -1 -1 -3.7604 1065.3195 166.5662 1223.0000 211.9853 1.5764 1.8198 4.5215 19.4476 1.0930 25.5130 -3.1135 5.2603
Car -1 -1 -4.7383 485.6698 166.8212 517.7506 196.2666 1.4495 1.5566 3.7534 -5.4299 0.7763 36.7867 -4.8817 2.9607
Car -1 -1 -4.7786 502.7194 166.7102 531.7638 192.5818 1.5343 1.5564 3.5679 -5.4810 0.7166 43.8302 -4.9002 0.4671
Car -1 -1 -7.4203 532.7746 167.9663 563.6266 183.7696 1.4838 1.5884 3.6366 -5.4370 0.3069 68.3685 -7.4975 0.1580
Car -1 -1 -4.9322 600.5150 165.0334 631.5132 187.4172 1.6823 1.6887 3.5028 0.8301 0.5199 55.0270 -4.9154 -2.4284
Car -1 -1 -7.6732 437.4281 166.5200 463.6694 184.8701 1.5818 1.6443 3.6246 -13.6640 0.3766 62.7844 -7.8846 -3.0220
Car -1 -1 -7.7371 10.7791 166.3225 50.5517 189.8776 1.5347 1.6294 4.0186 -39.0971 0.6110 48.2028 -8.4135 -3.1169
Car -1 -1 -4.6631 211.6013 176.3545 248.9279 206.4406 1.4764 1.5333 3.1281 -19.2831 1.2731 36.4372 -5.1445 -3.2732
Car -1 -1 -7.9186 603.0344 162.7572 625.2100 183.2325 1.8364 1.7780 4.4348 0.8339 0.2450 65.6745 -7.9041 -4.0641
Car -1 -1 -4.7937 1183.1954 169.0160 1223.0000 201.4445 1.4726 1.4960 3.0564 28.7030 0.9513 33.7851 -4.0925 -4.0771
Car -1 -1 -2.7869 79.4233 158.1349 163.3964 182.8417 1.7113 1.7902 4.6074 -34.3794 0.1622 50.3896 -3.3807 -4.2053
Car -1 -1 -7.8287 466.2117 168.9646 495.8298 196.9110 1.4498 1.4935 3.4191 -6.7243 0.8515 38.4796 -7.9985 -4.2464
Car -1 -1 -4.0550 216.2035 174.8319 284.7203 200.2117 1.4723 1.6168 4.0062 -21.5534 1.1436 43.1407 -4.5136 -4.4031
Car -1 -1 -8.7910 927.9841 196.5088 1223.0000 369.0000 1.4194 1.4752 3.4987 2.6444 1.5109 2.1952 -7.9794 -4.5171
Car -1 -1 -7.8458 516.9182 162.9712 545.4125 188.2757 1.5723 1.7645 4.1010 -4.7923 0.4832 46.0558 -7.9469 -4.5370
Car -1 -1 -8.0343 0.0000 0.0000 1125.8811 369.0000 1.4662 1.5860 3.3242 0.8130 1.7028 1.4061 -7.5934 -4.5512
Car -1 -1 -4.6928 1040.5956 179.5016 1116.6925 244.3588 1.4714 1.4707 3.9485 12.0760 1.4491 18.0840 -4.1106 -4.8039
Car -1 -1 -4.7944 616.0535 162.0624 643.8854 188.2056 1.7341 1.6142 3.7891 1.6866 0.5112 48.8295 -4.7582 -4.8802
Car -1 -1 -4.7840 1171.7277 167.2728 1223.0000 203.7875 1.5302 1.6809 4.0177 26.6400 0.9761 31.7512 -4.0893 -4.8812
Car -1 -1 -5.5847 1127.0330 30.1451 1223.0000 369.0000 1.5919 1.6191 4.4744 4.6241 1.4095 3.1402 -4.6550 -4.8858
Car -1 -1 -4.5811 71.3026 175.1385 123.0548 208.9193 1.6491 1.6349 4.1264 -26.3112 1.3875 36.7224 -5.1970 -4.9687
Car -1 -1 -7.8707 1185.2676 170.7099 1223.0000 212.8604 1.4423 1.5599 3.5522 22.3666 1.1076 26.0607 -7.1659 -5.0272
Car -1 -1 -5.1699 1204.8807 160.8087 1223.0000 197.2819 1.4646 1.6878 4.2592 28.1553 0.6741 30.6727 -4.4308 -5.1620
Car -1 -1 -4.6611 591.8090 162.9084 619.7936 189.0389 1.7799 1.7772 4.0648 0.0967 0.5817 50.2381 -4.6574 -5.4373
Car -1 -1 -7.3994 1212.6090 168.1343 1223.0000 217.8338 1.6490 1.5549 3.3024 23.1943 1.2390 24.7795 -6.6519 -5.4955
Car -1 -1 -7.4630 9.0013 171.8795 65.1951 199.7740 1.6930 1.4570 3.7308 -35.9974 1.1699 44.9082 -8.1335 -5.5119
Car -1 -1 -5.3208 15.2161 174.5225 93.0839 205.7901 1.6156 1.5303 3.5698 -29.4547 1.3069 37.8004 -5.9770 -5.6018
Car -1 -1 -2.3493 0.0000 190.0469 11.7146 323.3619 1.5131 1.6148 4.2071 -10.4754 1.6480 9.0586 -3.1881 -5.6576
Car -1 -1 -4.5857 0.0000 172.0168 24.6178 194.6284 1.4890 1.6752 4.2595 -41.4505 0.9304 48.8027 -5.2848 -5.7486
Car -1 -1 -3.5478 0.0000 195.8895 0.0000 369.0000 1.5003 1.6056 3.9565 -6.2990 1.5981 2.4847 -4.6975 -5.8867
Car -1 -1 -6.7852 0.0000 0.0000 1223.0000 369.0000 1.5542 1.5887 3.8056 -2.9221 1.6849 0.9659 -7.9388 -5.8867
Car -1 -1 -4.5249 0.0000 174.5103 0.0000 198.7193 1.4920 1.6615 4.0561 -41.6814 1.1230 45.7411 -5.2587 -5.8867
Car -1 -1 -4.6031 531.3297 163.1620 560.1390 188.3237 1.7854 1.6820 4.0469 -4.3330 0.5552 52.2162 -4.6836 -5.9141
Car -1 -1 -5.4249 0.0000 176.2598 0.0000 280.9803 1.5351 1.7878 4.5191 -12.7740 1.4733 11.3225 -6.2547 -6.2546
