Car -1 -1 -4.7610 526.3749 161.2345 570.3761 198.6053 1.4837 1.6686 4.2488 -2.5130 0.7190 30.2850 -4.8410 3.6691
Car -1 -1 -4.6868 547.9444 164.0329 579.5228 191.7359 1.4187 1.5942 4.1702 -2.2041 0.5755 38.3155 -4.7418 2.5233
Car -1 -1 -8.0512 586.1884 164.0867 610.0778 180.4240 1.5527 1.6653 3.5984 -0.6734 -0.0078 69.1492 -8.0591 1.0131
Car -1 -1 -3.4798 1210.3123 168.1324 1223.0000 223.2854 1.4840 1.6254 3.9284 20.3702 1.1516 20.5907 -2.7059 -2.3554
Car -1 -1 -6.9979 167.1623 169.1225 242.2792 197.0133 1.5470 1.6255 3.6274 -23.2595 0.9161 41.1996 -7.5068 -2.5284
Car -1 -1 -7.8820 68.4376 157.3978 104.8517 190.2629 1.9475 1.7338 3.9875 -32.2976 0.5786 44.0074 -8.5098 -3.3132
Car -1 -1 -3.2780 591.3845 167.3781 642.3112 186.6232 1.5723 1.6729 4.0472 0.9762 0.5002 58.8326 -3.2597 -3.8329
Car -1 -1 -8.4903 932.6754 171.8634 1063.6429 237.1125 1.5003 1.4763 2.8031 9.7093 1.3021 17.7496 -7.9956 -3.9662
Car -1 -1 -4.5530 0.0000 171.8013 18.2627 196.9008 1.6382 1.5959 3.6592 -41.3126 1.0705 48.1267 -5.2574 -3.9863
Car -1 -1 -7.9940 1117.0111 167.7550 1223.0000 262.7479 1.5622 1.6358 3.7582 11.0753 1.3530 13.6622 -7.3226 -4.0679
Car -1 -1 -4.9717 663.8610 166.5677 699.0480 189.9083 1.6224 1.6914 3.4497 5.4747 0.6540 50.9786 -4.8636 -4.0744
Car -1 -1 -4.4215 462.4048 169.7128 500.0173 192.5025 1.6231 1.6936 3.8893 -9.1203 0.8548 52.3896 -4.5911 -4.2401
Car -1 -1 -3.0889 104.6668 153.3358 181.8158 180.7257 1.7841 1.8167 4.2808 -31.1887 0.0148 47.9072 -3.6610 -4.4225
Car -1 -1 -5.9263 46.4220 161.7884 155.2952 195.9983 1.6932 1.7403 4.2195 -25.8433 0.7672 36.3686 -6.5380 -4.5801
Car -1 -1 -3.1174 752.4883 145.0094 817.0458 171.3824 1.4425 1.5141 3.5380 10.3356 -0.5405 40.7133 -2.8685 -4.6836
Car -1 -1 -7.5401 740.5186 143.8246 785.7259 171.2812 1.5304 1.6214 3.6360 9.5802 -0.5826 42.7150 -7.3189 -4.7721
Car -1 -1 -7.0994 652.0818 159.7612 698.6094 180.4261 1.7351 1.8114 3.9366 6.1393 -0.0067 61.3555 -6.9984 -4.9759
Car -1 -1 -4.2489 0.0000 158.6745 17.8667 213.6004 1.3881 1.6118 4.0484 -18.6947 0.8368 20.0362 -4.9897 -5.0796
Car -1 -1 -4.0258 0.0000 158.1423 75.4325 188.8165 1.7252 1.7688 4.3160 -33.9343 0.4679 41.9350 -4.7005 -5.0882
Car -1 -1 -5.1425 742.5952 156.1988 814.5768 190.9170 1.5538 1.7872 4.0879 8.1892 0.4664 33.8212 -4.9052 -5.1008
Car -1 -1 -4.2496 76.7760 168.5612 157.1178 205.2712 1.4881 1.5578 3.2032 -20.8804 1.0044 30.3522 -4.8454 -5.1021
Car -1 -1 -4.6726 592.7249 165.8463 617.9325 188.1306 1.7009 1.8226 4.4729 0.0736 0.5824 56.2394 -4.6695 -5.1028
Car -1 -1 -4.2852 559.6018 168.4499 603.6733 189.6973 1.6350 1.7961 4.5920 -1.8149 0.7077 56.8735 -4.3152 -5.1134
Car -1 -1 -8.1657 634.6484 163.4127 661.7584 180.3786 1.5157 1.5816 3.1955 3.9615 -0.0116 64.9360 -8.1032 -5.3696
Car -1 -1 -5.0118 218.4489 167.3181 267.9583 195.1800 1.5885 1.7068 3.4102 -21.5906 0.8371 42.1311 -5.4804 -5.3931
Car -1 -1 -2.0688 0.0000 188.2741 0.0000 360.6339 1.4866 1.5726 4.0907 -8.8781 1.5821 7.4240 -2.9204 -5.5090
Car -1 -1 -2.3539 0.0000 189.3480 54.8987 369.0000 1.4481 1.5997 4.2289 -6.3098 1.5171 4.4022 -3.2800 -5.5553
Car -1 -1 -1.9205 0.0000 183.6176 0.0000 369.0000 1.4651 1.5662 4.0762 -7.8236 1.4973 5.8319 -2.8228 -5.6824
Car -1 -1 -5.3221 1223.0000 162.1832 1223.0000 242.8494 1.4269 1.6123 4.1072 15.6859 1.1033 14.6798 -4.5127 -5.7004
Car -1 -1 -5.1401 1223.0000 163.3125 1223.0000 210.9081 1.3556 1.6982 4.5298 22.0688 0.8663 22.5559 -4.3711 -5.7795
Car -1 -1 -2.7441 617.7690 160.1744 695.5931 186.4464 1.7276 1.8351 4.9968 3.5219 0.3911 48.4457 -2.6702 -5.7873
Car -1 -1 -6.6478 649.3299 163.0860 706.5141 184.5933 2.0187 1.9126 5.1201 7.0205 0.3841 67.9460 -6.5436 -5.7907
Car -1 -1 -3.4555 0.0000 193.2693 0.0000 369.0000 1.4848 1.5998 3.9517 -7.1033 1.5588 2.0842 -4.6978 -5.8867
Car -1 -1 -7.0091 0.0000 0.0000 1223.0000 369.0000 1.5384 1.5884 3.8042 -1.7305 1.6033 0.9601 -7.9398 -5.8867
Car -1 -1 -3.6312 0.0000 188.4350 0.0000 369.0000 1.4886 1.6014 3.9551 -5.1020 1.5392 2.4805 -4.6977 -5.8867
Car -1 -1 -3.8055 0.0000 189.8140 191.4310 369.0000 1.5004 1.6051 3.9592 -3.4939 1.5598 2.4831 -4.6976 -5.8867
Car -1 -1 -4.5173 0.0000 174.2884 0.0000 199.0851 1.5123 1.6766 4.0936 -41.6632 1.1336 45.3073 -5.2556 -5.8867
Car -1 -1 -5.9877 0.0000 0.0000 1223.0000 369.0000 1.4936 1.5993 3.9516 6.9589 1.4217 1.6934 -4.6975 -5.8867
Car -1 -1 -5.3605 0.0000 0.0000 1223.0000 369.0000 1.5003 1.6068 4.0566 40.2168 0.4537 -0.2719 -3.7896 -5.8867
Car -1 -1 -5.3040 1223.0000 0.0000 1223.0000 369.0000 1.5267 1.5733 4.0210 4.6044 1.3943 2.1905 -4.2313 -5.8875
Car -1 -1 -7.5036 0.0000 158.7820 7.3761 190.9076 1.7824 1.8646 3.9175 -36.9778 0.5776 41.3925 -8.2270 -6.1079
Car -1 -1 -5.5226 0.0000 162.1739 12.8934 298.4326 1.6525 1.8736 4.7868 -11.4494 1.4306 9.7191 -6.3715 -6.2484
