Car -1 -1 -4.7167 507.9476 162.3127 544.4825 195.0223 1.4662 1.6326 3.9018 -3.7829 0.6511 33.7235 -4.8255 3.4541
Car -1 -1 -4.6987 527.4831 165.3874 555.5035 190.7571 1.4216 1.5664 4.0976 -3.7246 0.5749 41.7197 -4.7851 2.2650
Car -1 -1 -6.8288 1128.1969 168.6089 1223.0000 214.4971 1.4368 1.6428 3.9105 19.8011 1.0648 23.2514 -6.1285 0.4506
Car -1 -1 -7.6848 566.8657 164.7281 589.6910 180.3230 1.4753 1.6303 3.6145 -2.5495 -0.0179 68.8317 -7.7198 -1.2398
Car -1 -1 -7.4090 496.8663 166.0993 530.4201 185.1938 1.7013 1.6292 3.6798 -8.3436 0.4181 65.0012 -7.5342 -2.0934
Car -1 -1 -8.4562 878.1547 168.5911 1008.5078 230.7597 1.5547 1.6113 3.3227 9.1311 1.2572 19.4544 -8.0219 -2.6530
Car -1 -1 -4.8507 1162.5319 164.6133 1223.0000 220.7542 1.4913 1.6835 4.5995 18.0413 1.0696 21.1771 -4.1509 -3.1095
Car -1 -1 -2.8878 95.9051 153.9807 172.8935 181.1434 1.8281 1.8102 4.1279 -32.6025 0.0433 49.1064 -3.4689 -3.4701
Car -1 -1 -7.7487 58.0883 156.9062 101.9613 184.8523 1.5587 1.6372 4.0268 -30.8226 0.2429 41.5882 -8.3808 -3.8244
Car -1 -1 -4.7432 645.9472 163.5363 671.6765 185.1489 1.4599 1.6878 3.5528 3.7396 0.3141 49.5738 -4.6666 -4.1598
Car -1 -1 -5.2574 632.3737 164.8063 678.4575 187.0093 1.6243 1.7752 3.8189 3.8013 0.4762 53.8305 -5.1856 -4.2164
Car -1 -1 -7.3817 32.4598 157.4573 96.0611 182.6626 1.6606 1.7425 4.2244 -37.2333 0.1425 48.8143 -8.0282 -4.2980
Car -1 -1 -6.8654 157.3066 168.6326 236.4335 197.3013 1.6212 1.6278 3.8058 -24.2074 0.9502 42.0482 -7.3826 -4.3219
Car -1 -1 -8.5509 0.0000 0.0000 1112.3743 369.0000 1.4240 1.4831 3.1977 1.2407 1.6276 1.2071 -7.8680 -4.3370
Car -1 -1 -4.7961 625.9894 162.9608 652.3694 184.9621 1.4991 1.5787 3.4169 2.3815 0.3041 49.9113 -4.7468 -4.4567
Car -1 -1 -8.2573 611.2158 164.6965 658.9413 191.5031 1.4641 1.5040 3.4235 1.6650 0.6011 40.4837 -8.2147 -4.5611
Car -1 -1 -4.3556 655.4618 163.5475 701.2086 188.5348 1.3718 1.5077 3.4493 4.2484 0.4412 40.6974 -4.2505 -4.6995
Car -1 -1 -9.1551 0.0000 0.0000 1223.0000 369.0000 1.4842 1.5156 3.7603 2.7681 1.6238 0.6794 -7.9303 -4.8472
Car -1 -1 -2.6797 408.3446 167.3162 473.6089 191.6359 1.5719 1.6156 3.9133 -10.8794 0.7198 46.9461 -2.9041 -4.9000
Car -1 -1 -4.8114 629.3604 163.4954 651.1993 182.0117 1.6037 1.5973 3.6106 3.1374 0.1308 63.0774 -4.7601 -4.9684
Car -1 -1 -2.1887 0.0000 163.9196 73.6356 190.5318 1.5784 1.7403 4.6891 -35.2755 0.5951 43.4126 -2.8655 -4.9858
Car -1 -1 -4.3636 440.8206 166.1132 477.3154 188.3345 1.6390 1.6024 3.5665 -11.1040 0.5778 54.0315 -4.5633 -5.3037
Car -1 -1 -4.1958 477.1758 165.1555 537.4370 192.3993 1.3419 1.4817 3.6692 -5.0416 0.5863 36.8051 -4.3288 -5.3671
Car -1 -1 -7.8552 0.0000 171.1873 41.7913 207.4587 1.4676 1.5880 3.4756 -25.3352 1.0910 30.4552 -8.5421 -5.3904
Car -1 -1 -2.3508 74.9792 156.8447 168.0551 188.8852 1.7557 1.7739 4.4115 -27.3665 0.4596 40.0446 -2.9447 -5.5181
Car -1 -1 -2.2424 0.0000 182.9927 0.7955 356.8855 1.5035 1.7598 4.7157 -9.1677 1.5319 7.0339 -3.1352 -5.5698
Car -1 -1 -2.2809 0.0000 195.5473 87.6289 369.0000 1.3900 1.5713 3.9801 -5.6033 1.4950 4.0331 -3.1890 -5.6006
Car -1 -1 -2.2283 0.0000 185.5487 14.2151 311.5855 1.4885 1.6408 3.9163 -10.4867 1.5633 9.4295 -3.0482 -5.6436
Car -1 -1 -5.0229 35.0582 163.3233 103.0861 195.7966 1.5832 1.5622 4.3139 -27.6038 0.7459 36.3559 -5.6662 -5.6649
Car -1 -1 -6.7853 0.0000 0.0000 1223.0000 369.0000 1.5462 1.5875 3.8036 -2.9228 1.6548 0.9659 -7.9390 -5.8867
Car -1 -1 -7.6022 127.3574 0.0000 1223.0000 369.0000 1.5345 1.5922 3.8883 -0.5113 1.6067 0.9233 -7.9891 -5.8867
Car -1 -1 -9.0153 0.0000 0.0000 1223.0000 369.0000 1.4884 1.5894 3.8617 4.2970 1.4404 1.3549 -7.8153 -5.8867
Car -1 -1 -5.9211 1223.0000 93.0776 1223.0000 369.0000 1.5081 1.6073 3.9600 7.7617 1.4458 2.4995 -4.6976 -5.8867
Car -1 -1 -2.1328 130.2714 160.8754 202.1069 189.8010 1.5317 1.6220 3.7648 -24.2239 0.4926 39.0003 -2.6830 -6.4911
Car -1 -1 -4.8341 1223.0000 299.5150 1223.0000 369.0000 1.6515 1.8856 3.9548 5.4630 2.7751 4.5643 -3.9923 -7.2669
