Car -1 -1 -4.7393 505.7371 163.8544 540.3140 195.7914 1.4517 1.5552 3.9986 -4.0342 0.6952 34.2270 -4.8536 3.3159
Car -1 -1 -6.8271 1109.8809 165.5294 1223.0000 214.0581 1.5626 1.6645 4.0148 19.6742 1.0808 23.8720 -6.1427 0.6162
Car -1 -1 -7.6422 561.2206 166.8391 585.2745 182.5657 1.4915 1.6286 3.5505 -3.0439 0.1958 68.9450 -7.6843 0.4577
Car -1 -1 -4.2109 611.7397 164.6734 655.2640 185.7628 1.5378 1.7241 3.7061 2.2002 0.3838 53.5890 -4.1683 -2.1631
Car -1 -1 -8.0512 511.7320 165.3896 551.7662 193.5611 1.5890 1.6491 3.8053 -4.4000 0.7368 41.9415 -8.1531 -2.2375
Car -1 -1 -8.0294 1072.9427 170.6107 1147.8033 212.7330 1.3970 1.5478 3.6446 18.0392 1.0693 25.4288 -7.4167 -2.7202
Car -1 -1 -7.3011 532.9930 163.1997 594.6367 188.9205 1.4793 1.6973 4.3621 -2.4470 0.4844 42.9865 -7.3557 -3.2687
Car -1 -1 -4.7708 160.3241 169.2168 196.2127 197.0595 1.6317 1.6799 3.9204 -26.3092 0.9706 43.5297 -5.3094 -3.5998
Car -1 -1 -7.8967 883.2297 170.7085 947.2910 226.3230 1.4857 1.5398 3.6635 9.0324 1.2245 20.8745 -7.4922 -4.0396
Car -1 -1 -8.4862 0.0000 0.0000 1193.9467 369.0000 1.4530 1.5726 3.1282 1.2556 1.6741 1.1565 -7.7811 -4.0691
Car -1 -1 -4.8261 545.5306 166.4443 565.7280 182.0441 1.4818 1.5520 3.8147 -4.8302 0.1465 69.1798 -4.8936 -4.2063
Car -1 -1 -7.9413 324.4789 163.7163 352.2902 184.7862 1.5389 1.6836 3.4789 -20.2208 0.3131 53.5744 -8.2984 -4.2484
Car -1 -1 -7.3247 36.7130 163.8071 103.6552 190.9623 1.7335 1.7074 4.1267 -35.6664 0.6680 47.2824 -7.9659 -4.3280
Car -1 -1 -4.5289 613.5555 159.1583 649.9194 186.8141 1.7930 1.7572 4.0254 1.8581 0.4094 47.9975 -4.4886 -4.3338
Car -1 -1 -4.8415 448.9987 169.5969 476.3139 190.0581 1.5914 1.6634 4.0449 -11.5325 0.7434 57.1732 -5.0377 -4.3431
Car -1 -1 -7.5948 136.6498 159.5283 188.4809 190.7735 1.9574 1.7807 4.5398 -29.1532 0.6437 46.7254 -8.1477 -4.3663
Car -1 -1 -7.8838 243.7834 174.0634 277.7300 204.1838 1.5737 1.5839 3.6559 -18.9980 1.2376 38.9294 -8.3328 -4.3814
Car -1 -1 -2.6703 34.6673 164.8228 135.0810 193.6801 1.5883 1.7873 4.2473 -29.4471 0.7256 40.1299 -3.2977 -4.4466
Car -1 -1 -6.3862 450.9692 168.7437 510.7093 193.0220 1.5312 1.6139 3.6731 -8.0715 0.7898 45.8680 -6.5574 -4.4645
Car -1 -1 -8.7930 0.0000 0.0000 1223.0000 369.0000 1.4625 1.5502 3.9585 2.6720 1.6406 1.4191 -7.7985 -4.5165
Car -1 -1 -5.2425 1197.7168 158.7081 1223.0000 219.5357 1.6300 1.7587 4.6132 20.2938 1.0463 21.3906 -4.4892 -4.6360
Car -1 -1 -2.5832 0.0000 162.9575 51.2858 199.5850 1.4774 1.6327 3.9048 -25.8935 0.7700 29.6230 -3.2943 -4.7417
Car -1 -1 -3.8175 1161.6240 122.6454 1223.0000 159.6598 1.6112 1.7941 4.0526 28.5933 -0.9966 32.8452 -3.1042 -5.0353
Car -1 -1 -4.9426 462.2300 160.2594 497.9731 184.0184 1.7433 1.7087 4.5791 -9.6344 0.2582 54.3200 -5.1153 -5.4125
Car -1 -1 -4.0270 623.2957 159.0527 662.8209 180.5300 1.8791 1.5742 3.6940 3.4731 0.0025 63.7559 -3.9710 -5.5848
Car -1 -1 -2.4273 0.0000 191.9177 9.9416 369.0000 1.4896 1.6890 4.4962 -9.1289 1.6244 7.1062 -3.3133 -5.6815
Car -1 -1 -3.5047 0.0000 195.8658 0.0000 369.0000 1.4956 1.6040 3.9546 -7.1029 1.5932 2.4832 -4.6975 -5.8867
Car -1 -1 -5.9211 1223.0000 102.7635 1223.0000 369.0000 1.5103 1.6075 3.9604 7.7618 1.4550 2.4997 -4.6976 -5.8867
Car -1 -1 -6.8389 0.0000 0.0000 1223.0000 369.0000 1.5456 1.5900 3.8050 -2.5342 1.6418 0.9585 -7.9397 -5.8867
Car -1 -1 -5.1191 591.7245 166.0994 623.3608 185.2921 1.6841 1.5937 3.5386 0.2190 0.4204 63.9820 -5.1139 -6.3757
Car -1 -1 -5.6589 0.0000 181.8020 10.3656 293.6386 1.6316 1.7941 4.1669 -12.7734 1.6557 11.6244 -6.4761 -6.4573
Car -1 -1 -5.7637 0.0000 187.1701 0.3555 316.2739 1.6187 1.7511 3.8343 -11.7382 1.7308 10.4271 -6.5914 -6.5638
