Car -1 -1 -4.6906 467.2838 165.0820 515.2549 209.3784 1.4394 1.5467 3.7812 -3.9942 0.9387 24.9522 -4.8454 4.6691
Car -1 -1 -4.6611 489.9355 166.5240 529.0214 199.1315 1.4503 1.6241 3.9112 -4.4861 0.8289 33.4605 -4.7913 3.9382
Car -1 -1 -8.3579 518.7682 167.3335 552.5572 183.7589 1.5506 1.6228 3.8386 -6.7481 0.3075 68.7886 -8.4534 0.9794
Car -1 -1 -7.1469 1184.4073 171.3370 1223.0000 223.2879 1.4126 1.6090 3.9837 19.0973 1.1637 20.2510 -6.3971 -0.1907
Car -1 -1 -8.4557 1092.6821 167.6943 1223.0000 223.7672 1.5946 1.6337 3.8431 17.2522 1.2307 22.0710 -7.7976 -1.7768
Car -1 -1 -7.6164 152.0675 161.5106 197.4035 188.1503 1.7075 1.6751 4.0724 -28.8455 0.4904 47.5121 -8.1572 -1.9719
Car -1 -1 -3.2000 408.7286 168.4236 460.3409 188.0795 1.5282 1.6459 3.9113 -13.5791 0.5893 56.3238 -3.4335 -2.1264
Car -1 -1 -7.8892 412.4513 170.8632 440.0609 196.4016 1.5973 1.6243 3.8432 -11.7395 0.9946 46.2939 -8.1341 -2.7046
Car -1 -1 -7.7052 78.4894 156.5336 123.7804 187.1372 1.8925 1.7651 4.2918 -32.7378 0.4105 46.0365 -8.3182 -3.5975
Car -1 -1 -3.2628 948.6666 171.6238 1139.8179 248.1244 1.5114 1.5959 3.3374 9.3156 1.3364 15.3730 -2.7255 -3.9350
Car -1 -1 -5.7159 448.9989 166.0271 504.4097 187.0413 1.6712 1.8280 4.1283 -10.4864 0.5202 57.8620 -5.8924 -4.1905
Car -1 -1 -3.1131 514.6378 168.9989 575.5119 192.4438 1.7376 1.7189 4.5082 -4.4883 0.8852 53.3789 -3.1948 -4.5906
Car -1 -1 -7.3711 535.2070 165.6647 572.2976 181.8424 1.5572 1.7760 4.5434 -5.0374 0.1291 70.4934 -7.4403 -4.6151
Car -1 -1 -7.2170 167.3858 158.9002 228.6632 186.9702 1.8060 1.6724 3.7167 -27.2313 0.4163 47.4357 -7.7333 -4.8015
Car -1 -1 -5.6458 577.5198 168.8278 631.1217 190.5215 1.6684 1.6852 4.0600 -0.0658 0.7707 56.2643 -5.6453 -4.8201
Car -1 -1 -4.7880 432.9045 170.7756 462.3827 194.9200 1.5225 1.6137 3.9256 -10.4310 0.9094 46.6970 -5.0045 -4.8586
Car -1 -1 -4.0441 0.0000 170.1900 29.1551 196.8510 1.4461 1.7169 3.8808 -35.2353 0.8870 40.3272 -4.7565 -5.0426
Car -1 -1 -6.8777 1223.0000 200.5419 1223.0000 369.0000 1.4716 1.5721 3.6027 6.0200 1.6103 3.4249 -5.8623 -5.0633
Car -1 -1 -4.9567 588.9301 166.9128 624.6257 191.4281 1.6986 1.6201 4.1831 0.0842 0.7572 51.2126 -4.9533 -5.2084
Car -1 -1 -2.4302 0.0000 191.6968 56.1258 369.0000 1.4198 1.6016 4.1791 -6.3409 1.5102 4.4576 -3.3531 -5.4743
Car -1 -1 -4.7741 724.8221 162.2810 763.3148 195.2958 1.4280 1.5106 3.4018 6.2951 0.6402 32.3676 -4.5820 -5.5293
Car -1 -1 -2.5786 556.7108 164.6335 617.7060 189.6862 1.7079 1.5620 4.1063 -1.2728 0.6263 49.9271 -2.6021 -5.6257
Car -1 -1 -1.7968 0.0000 180.8305 0.0000 369.0000 1.4446 1.5575 3.9983 -7.6867 1.4485 5.8360 -2.6902 -5.7344
Car -1 -1 -8.7642 0.0000 0.0000 1223.0000 369.0000 1.7348 1.8116 4.2771 3.0976 1.6295 1.8328 -7.7999 -5.7360
Car -1 -1 -5.2668 1223.0000 162.0769 1223.0000 250.7958 1.4160 1.6605 4.5359 14.6529 1.1223 13.6887 -4.4574 -5.8086
Car -1 -1 -3.6952 0.0000 184.2132 54.9403 369.0000 1.4021 1.5854 4.2226 -4.7042 1.4284 2.7818 -4.6805 -5.8540
Car -1 -1 -4.5077 0.0000 172.5332 0.0000 197.1843 1.5177 1.6711 4.0364 -41.6259 1.0273 45.6964 -5.2413 -5.8867
Car -1 -1 -3.4556 0.0000 192.8851 0.0000 369.0000 1.4839 1.5994 3.9514 -7.1032 1.5556 2.0843 -4.6978 -5.8867
Car -1 -1 -7.3174 143.6544 0.0000 1223.0000 369.0000 1.5350 1.5877 3.8040 -0.9267 1.5790 0.9616 -7.9398 -5.8867
Car -1 -1 -5.9238 1223.0000 91.8788 1223.0000 369.0000 1.4874 1.5961 3.9492 8.9756 1.3716 2.9139 -4.6976 -5.8867
Car -1 -1 -4.6054 524.6030 169.7588 554.1747 190.8070 1.3565 1.5654 3.8963 -4.3731 0.6643 47.5298 -4.6947 -5.8867
Car -1 -1 -4.5330 0.0000 174.2685 14.6619 197.0701 1.4837 1.6642 4.0482 -41.7273 1.0783 48.1746 -5.2418 -5.8867
Car -1 -1 -6.7858 0.0000 0.0000 1223.0000 369.0000 1.5396 1.5848 3.8018 -2.9228 1.6320 0.9672 -7.9391 -5.8867
Car -1 -1 -5.3605 0.0000 0.0000 1223.0000 369.0000 1.5003 1.6068 4.0566 40.2168 0.4537 -0.2719 -3.7896 -5.8867
Car -1 -1 -4.7622 580.2542 168.2540 603.7198 190.2183 1.6352 1.6201 3.9351 -1.0313 0.7235 54.6567 -4.7792 -6.0432
Car -1 -1 -8.0003 626.8527 165.8549 669.3700 195.6430 1.5809 1.7178 4.7285 2.3546 0.8038 39.9527 -7.9401 -6.1131
Car -1 -1 -4.8784 598.3099 163.2984 619.3992 181.7732 1.7963 1.5640 3.4103 0.3883 0.1236 70.5553 -4.8711 -6.2254
Car -1 -1 -4.0522 464.3117 170.2038 516.9399 193.4813 1.7337 1.7731 4.2947 -8.8312 0.9668 54.9693 -4.2089 -6.2841
Car -1 -1 -5.6268 0.0000 167.5919 2.3000 308.0002 1.5881 1.8032 4.5010 -11.1626 1.4426 9.3276 -6.4829 -6.3416
Car -1 -1 -5.6211 0.0000 185.4657 8.6803 355.9343 1.6217 1.7452 4.0402 -9.7045 1.6874 8.0471 -6.4786 -6.5166
