Car -1 -1 -7.7709 1046.7167 162.1755 1079.1416 184.9085 1.5532 1.6308 3.8206 32.6127 0.3012 50.3176 -7.1970 -2.0983
Car -1 -1 -7.2511 891.8878 170.8295 978.0844 205.7908 1.5675 1.6237 4.1705 15.6167 1.1341 33.4597 -6.8164 -2.3398
Car -1 -1 -7.7600 852.4103 170.2161 893.6283 203.4466 1.5528 1.5691 3.8061 13.3236 1.0725 35.0941 -7.3985 -2.7314
Car -1 -1 -5.5067 28.5990 179.7241 103.6435 205.0299 1.5956 1.6551 3.7886 -34.7665 1.5468 45.6491 -6.1526 -3.5738
Car -1 -1 -7.8819 110.1048 172.6558 148.6928 203.0439 1.4948 1.5781 3.5289 -24.7145 1.1091 36.6763 -8.4691 -3.5761
Car -1 -1 -4.8278 1021.7339 169.4717 1074.1359 204.5633 1.6072 1.6754 4.2438 21.6089 1.1023 34.6601 -4.2729 -4.0973
Car -1 -1 -6.0899 84.6074 175.7751 157.7918 201.9296 1.5689 1.6820 3.4862 -29.9482 1.2855 43.8664 -6.6838 -4.2058
Car -1 -1 -5.3254 1030.5449 155.6689 1093.8331 182.1999 1.7283 1.7206 3.8079 30.9501 0.1108 47.9976 -4.7540 -4.2343
Car -1 -1 -6.9732 560.2665 171.8397 669.3202 218.4411 1.5053 1.6236 3.5764 0.3450 1.2258 24.5895 -6.9576 -4.3396
Car -1 -1 -4.7199 1188.4426 168.9736 1220.8745 191.8587 1.5309 1.6723 3.3274 41.6173 0.7599 49.1124 -4.0185 -4.3492
Car -1 -1 -4.5053 73.2198 170.2424 107.9655 191.0497 1.5812 1.5234 3.4392 -40.4046 0.8017 55.6097 -5.1291 -4.4704
Car -1 -1 -4.4379 982.3607 173.9016 1038.6453 203.8801 1.4484 1.5667 3.6344 20.6537 1.1298 35.9942 -3.9191 -4.7176
Car -1 -1 -5.7954 0.0000 174.4089 89.1802 205.6147 1.5776 1.4952 3.5586 -29.2445 1.2698 36.7952 -6.4610 -5.0683
Car -1 -1 -7.8758 93.1055 156.8124 124.9907 182.2375 1.8238 1.8789 4.6906 -37.3201 0.1246 53.1681 -8.4830 -5.0773
Car -1 -1 -8.1583 848.7473 161.1373 906.1459 191.3714 1.6386 1.7621 4.6119 15.5656 0.5893 40.6746 -7.7937 -5.1601
Car -1 -1 -4.6101 47.9431 173.0069 82.5524 193.6034 1.5244 1.7379 3.6395 -41.4263 0.9698 54.3385 -5.2569 -5.4151
Car -1 -1 -7.7718 817.2482 171.2035 871.6995 209.9108 1.4089 1.7301 3.8066 9.4500 1.0708 27.8258 -7.4462 -5.6178
Car -1 -1 -4.2352 9.0192 182.1049 66.5988 204.9609 1.4267 1.5691 3.3299 -36.9691 1.5356 46.1696 -4.9053 -5.6358
Car -1 -1 -4.8980 1223.0000 168.7498 1223.0000 193.7260 1.5048 1.6521 3.9721 41.1940 0.7970 44.7223 -4.1556 -5.6467
Car -1 -1 -5.1736 1223.0000 171.6151 1223.0000 210.3861 1.4671 1.6355 4.0575 27.8571 1.1311 28.9350 -4.4111 -5.6793
Car -1 -1 -2.1577 0.0000 174.8884 13.7952 369.0000 1.4388 1.5738 3.9208 -5.7216 1.4168 3.6661 -3.1175 -5.6842
Car -1 -1 -5.2744 1185.9449 169.3833 1223.0000 197.7315 1.6560 1.6998 4.5525 38.3287 1.0067 43.6829 -4.5562 -5.8161
Car -1 -1 -4.6728 1210.2764 171.5626 1223.0000 192.8259 1.3662 1.6383 4.1230 41.8667 0.7920 47.4872 -3.9520 -5.8277
Car -1 -1 -3.8807 0.0000 182.2303 333.3893 369.0000 1.4020 1.5784 4.1099 -2.6452 1.4133 2.3678 -4.6549 -5.8321
Car -1 -1 -5.0982 784.2044 175.9675 875.9891 217.7691 1.3834 1.6700 4.2134 7.9772 1.2337 25.5694 -4.7977 -5.8452
Car -1 -1 -7.3174 143.6101 0.0000 1223.0000 369.0000 1.5325 1.5872 3.8031 -0.9268 1.5702 0.9615 -7.9398 -5.8867
Car -1 -1 -4.9336 1223.0000 164.2879 1223.0000 192.5587 1.5120 1.6543 4.0034 41.3805 0.6451 39.9438 -4.1329 -5.8867
Car -1 -1 -4.8999 1223.0000 165.9888 1223.0000 192.8459 1.5285 1.6597 3.9984 41.3870 0.7027 42.3644 -4.1283 -5.8867
Car -1 -1 -4.4648 0.0000 181.1546 0.0000 208.8199 1.5288 1.6569 4.0249 -41.7047 1.5691 41.3246 -5.2493 -5.8867
Car -1 -1 -9.1536 0.0000 0.0000 1223.0000 369.0000 1.4894 1.5942 3.8431 5.5307 1.4440 1.3451 -7.8743 -5.8867
Car -1 -1 -9.1983 0.0000 0.0000 1223.0000 369.0000 1.4992 1.5881 3.9025 3.0846 1.5302 0.4964 -7.8857 -5.8867
Car -1 -1 -5.8690 1223.0000 170.7961 1223.0000 369.0000 1.5301 1.6110 3.9670 8.5649 1.5126 3.3068 -4.6975 -5.8867
Car -1 -1 -3.4667 0.0000 180.6249 0.0000 369.0000 1.5059 1.6104 3.9535 -7.9064 1.5071 2.4813 -4.6949 -5.8867
Car -1 -1 -4.9811 1223.0000 157.9740 1223.0000 190.1656 1.5209 1.6603 4.0165 41.3822 0.4568 35.5362 -4.1227 -5.8867
Car -1 -1 -8.4652 0.0000 0.0000 1020.8851 369.0000 1.4809 1.5926 3.8409 1.1102 1.4695 1.3405 -7.8745 -5.8867
Car -1 -1 -4.5728 19.2964 173.8259 57.8718 194.5343 1.4651 1.6578 4.0571 -41.7487 0.9929 52.1921 -5.2428 -5.8867
Car -1 -1 -5.4510 1223.0000 169.1569 1223.0000 213.4138 1.4969 1.6038 3.9821 25.3870 1.1135 25.9296 -4.6807 -5.8867
Car -1 -1 -5.3605 0.0000 0.0000 1223.0000 369.0000 1.5003 1.6068 4.0566 40.2168 0.4537 -0.2719 -3.7896 -5.8867
Car -1 -1 -4.5433 0.0000 177.3193 18.8863 199.6631 1.4669 1.6449 4.0234 -41.7220 1.2581 48.5679 -5.2481 -5.8867
Car -1 -1 -4.7824 1138.5217 162.0607 1170.9974 182.1202 1.4501 1.6428 4.0086 41.3491 0.1171 53.2363 -4.1232 -5.8867
Car -1 -1 -4.5056 0.0000 179.6302 0.0000 204.1797 1.4860 1.6468 4.0211 -41.7124 1.4335 44.9478 -5.2485 -5.8867
Car -1 -1 -5.9878 0.0000 0.0000 1223.0000 369.0000 1.5177 1.6095 3.9616 6.9594 1.4981 1.6934 -4.6975 -5.8867
Car -1 -1 -6.9458 0.0000 147.5925 0.0000 305.6114 1.5044 1.6785 4.1123 -10.5249 1.1916 8.8308 -7.7987 -5.9720
Car -1 -1 -5.6248 1159.1365 171.1296 1223.0000 204.7791 1.6162 1.6490 4.1978 31.0562 1.1663 36.1823 -4.9183 -6.0036
Car -1 -1 -8.4261 1223.0000 168.1255 1223.0000 224.6590 1.7629 1.7037 4.1427 23.5884 1.3773 24.2445 -7.6595 -6.1731
Car -1 -1 -6.4429 726.7701 169.4335 844.0220 205.5369 1.3726 1.6686 4.2640 7.0044 0.9521 27.8941 -6.1978 -6.2107
Car -1 -1 -4.0610 144.9833 160.2207 237.6057 193.1790 1.3876 1.6396 3.7455 -18.4750 0.5340 31.7308 -4.5818 -6.3073
Car -1 -1 -5.3513 0.0000 174.9543 21.4542 369.0000 1.6761 1.7819 4.2382 -8.2379 1.6333 6.5194 -6.2273 -6.5062
Car -1 -1 -5.2626 790.7272 169.9646 883.4731 204.3405 1.3998 1.7684 4.5106 10.0852 0.9710 31.1925 -4.9512 -6.5825
Car -1 -1 -4.6879 783.5172 173.3848 827.9027 206.7151 1.3111 1.6947 4.1257 8.5411 1.0315 30.0347 -4.4119 -7.0110
