Car -1 -1 -4.3373 388.4835 181.2141 445.3055 210.5435 1.4750 1.6408 3.7815 -9.9551 1.5151 37.6282 -4.5923 6.3652
Car -1 -1 -7.9599 738.1082 173.8938 849.6349 270.1276 1.5335 1.5754 3.4595 3.3048 1.4286 13.0881 -7.7166 6.3491
Car -1 -1 -7.9624 681.8514 176.5663 740.6522 223.1371 1.4551 1.5730 3.5098 3.4799 1.3325 23.8741 -7.8178 6.0394
Car -1 -1 -8.0497 700.5290 173.8193 791.6625 241.3785 1.5606 1.5977 3.5261 3.4581 1.4066 18.1026 -7.8625 5.9922
Car -1 -1 -7.9464 668.0538 175.9633 715.6431 215.0848 1.5119 1.6124 3.5312 3.4889 1.3368 29.1120 -7.8268 4.5441
Car -1 -1 -7.9280 652.7249 175.8585 685.0777 203.0810 1.4997 1.5931 3.5426 3.6290 1.2441 40.7361 -7.8382 2.4973
Car -1 -1 -8.0054 661.6116 174.2394 705.7352 206.6635 1.5622 1.6577 3.8902 3.9331 1.2607 36.0432 -7.8960 -0.7671
Car -1 -1 -4.4338 633.8351 171.5781 678.1060 201.0115 1.7323 1.6481 4.1863 3.2068 1.2073 43.8614 -4.3597 -2.9075
Car -1 -1 -7.9293 633.6371 174.2484 670.9355 206.2603 1.5456 1.6074 3.8111 2.3431 1.2439 36.0506 -7.8633 -2.9595
Car -1 -1 -8.3295 892.4797 153.1377 970.3492 193.3135 1.6639 1.6346 3.5844 14.2428 0.5309 31.1129 -7.9022 -3.1603
Car -1 -1 -4.7611 769.0427 168.8791 787.9031 183.8029 1.4594 1.6581 3.8011 17.4610 0.3228 71.1655 -4.5198 -3.5991
Car -1 -1 -7.5133 67.2893 181.9173 144.3612 218.5218 1.4732 1.5676 3.6678 -21.5092 1.5386 30.5835 -8.1196 -3.6072
Car -1 -1 -5.1112 746.0778 168.8635 775.9113 182.9104 1.3788 1.5656 3.8587 15.7530 0.2364 71.4417 -4.8934 -3.7306
Car -1 -1 -4.4918 429.5359 179.8736 470.4765 204.7122 1.5208 1.6907 4.1417 -9.8916 1.4826 45.3697 -4.7034 -3.7660
Car -1 -1 -7.9742 776.2820 166.2885 807.6088 189.8892 1.5703 1.6405 3.8853 12.9315 0.6248 49.0827 -7.7165 -3.8062
Car -1 -1 -7.7703 631.4053 176.0556 676.1533 215.0639 1.5288 1.5937 3.2082 2.0493 1.3548 29.4170 -7.6998 -4.0064
Car -1 -1 -7.7347 382.8871 168.6800 404.7326 183.9129 1.4409 1.6265 3.4584 -20.4729 0.3227 68.7194 -8.0211 -4.1178
Car -1 -1 -7.7892 314.9895 163.7630 343.2386 186.2042 1.6919 1.7946 4.0524 -21.6074 0.4300 55.5077 -8.1566 -4.2262
Car -1 -1 -4.8713 782.8569 166.7924 804.6312 182.9323 1.5776 1.5721 3.5112 18.9357 0.2376 70.9370 -4.6099 -4.2550
Car -1 -1 -4.9433 488.9749 177.5745 522.9578 198.2647 1.5771 1.6821 4.5721 -7.9255 1.3541 56.3307 -5.0807 -4.5175
Car -1 -1 -3.0756 747.8368 174.2775 859.8854 217.6275 1.4685 1.5288 3.7547 7.0823 1.2580 25.2943 -2.8042 -4.7316
Car -1 -1 -4.5367 626.9421 177.1961 656.7867 197.6577 1.4813 1.5596 4.0603 2.8237 1.2421 53.3408 -4.4825 -4.8498
Car -1 -1 -8.1633 540.9518 175.7763 576.6413 196.7666 1.5106 1.5476 3.9281 -3.4980 1.1707 52.9954 -8.2272 -4.8798
Car -1 -1 -8.0771 665.8597 159.7421 691.2119 181.7612 2.0064 1.5758 3.7512 6.8938 0.1148 66.3821 -7.9723 -5.0762
Car -1 -1 -3.1051 682.3884 170.2506 769.6252 201.7104 1.5544 1.6613 4.3038 6.1781 1.0482 36.1882 -2.9357 -5.0773
Car -1 -1 -4.5009 517.1226 177.6610 548.7534 197.6730 1.5171 1.6919 3.8861 -5.6208 1.3018 55.6264 -4.5994 -5.1784
Car -1 -1 -4.2332 398.2122 179.3048 456.8704 205.0749 1.5778 1.7771 4.5332 -11.3931 1.5047 45.7016 -4.4743 -5.2822
Car -1 -1 -6.6394 895.3132 149.9722 971.5262 175.0723 1.7794 1.7210 4.7409 23.9210 -0.4042 51.6149 -6.2059 -5.2933
Car -1 -1 -4.8108 581.2485 174.2222 603.2178 192.4847 1.5634 1.5661 3.9340 -1.1422 1.0259 62.5717 -4.8273 -5.3318
Car -1 -1 -4.9955 707.7343 177.4429 781.1860 217.6844 1.3903 1.5969 4.1135 5.1043 1.2850 26.5511 -4.8061 -5.4562
Car -1 -1 -4.8846 531.0555 176.4364 555.5458 192.2594 1.4587 1.6674 3.9863 -5.8817 1.0840 67.3227 -4.9697 -5.5438
Car -1 -1 -4.1371 371.5059 177.8411 437.2156 204.5721 1.4986 1.6461 4.3372 -11.8309 1.3496 41.9542 -4.4083 -5.6518
Car -1 -1 -4.7526 600.6135 175.6698 620.6578 192.0524 1.4084 1.6154 4.2321 0.4889 0.9930 62.9227 -4.7432 -5.7245
Car -1 -1 -7.6624 656.7607 169.2049 698.4277 199.4853 1.8964 1.8546 4.8471 4.8686 1.1891 46.8686 -7.5580 -5.7740
Car -1 -1 -4.6262 661.6833 172.6323 707.3165 211.5863 1.6524 1.6820 4.6687 3.6943 1.3189 32.4483 -4.5123 -5.8264
Car -1 -1 -4.7193 549.8218 176.4178 568.6633 192.6185 1.3821 1.6057 4.2642 -4.0409 1.0338 62.5036 -4.7819 -5.8696
Car -1 -1 -3.9355 0.0000 194.7078 320.0488 369.0000 1.5183 1.6122 3.9656 -2.6895 1.6087 2.4840 -4.6977 -5.8867
Car -1 -1 -7.8471 0.0000 0.0000 1088.9578 369.0000 1.5560 1.5940 3.8090 -0.1220 1.6433 0.9622 -7.9397 -5.8867
Car -1 -1 -4.5963 531.5197 175.4343 554.2171 191.6992 1.4270 1.5920 3.9801 -5.5782 0.9825 64.0484 -4.6811 -5.8867
Car -1 -1 -8.9127 0.0000 0.0000 1223.0000 369.0000 1.5486 1.5893 3.8053 1.9005 1.5967 0.9736 -7.9391 -5.8867
Car -1 -1 -3.5046 0.0000 202.4889 0.0000 369.0000 1.5115 1.6076 3.9598 -7.1021 1.6512 2.4836 -4.6973 -5.8867
Car -1 -1 -7.6908 318.3106 163.6007 354.9959 192.7536 1.9637 1.7536 4.1455 -18.8544 0.8254 49.8288 -8.0486 -5.9812
Car -1 -1 -4.7990 648.1983 174.9115 672.8542 195.2428 1.5156 1.5560 4.0466 4.2697 1.0990 54.7355 -4.7200 -6.0087
Car -1 -1 -7.0890 1186.9551 175.8445 1223.0000 369.0000 1.4285 1.6299 4.2296 7.4916 1.3980 5.6986 -6.1936 -6.0573
Car -1 -1 -6.5428 898.2875 139.5170 995.3102 175.2562 1.8771 1.7614 4.4864 18.6525 -0.2971 38.7965 -6.0959 -6.0879
