Car -1 -1 -7.8513 570.1526 175.2075 620.3224 223.9068 1.6176 1.6785 3.2887 -0.5738 1.7069 25.7886 -7.8740 6.4388
Car -1 -1 -4.9404 750.2684 171.0251 780.8853 189.9610 1.5964 1.6966 4.1897 13.5029 1.4419 62.9388 -4.7303 -0.6848
Car -1 -1 -4.7430 931.1100 166.0010 965.0416 193.6976 1.4850 1.5915 4.2960 19.1082 1.1173 40.9758 -4.3096 -0.9261
Car -1 -1 -5.0446 477.4007 179.3417 509.4928 196.9989 1.5141 1.6467 4.0546 -10.6575 2.1237 65.6475 -5.2053 -1.9969
Car -1 -1 -2.8374 466.6794 181.4559 590.2315 225.3359 1.4899 1.5943 4.1618 -2.9673 1.8153 26.1400 -2.9500 -2.0937
Car -1 -1 -5.0592 875.8336 165.0738 917.0132 188.1334 1.6312 1.6396 3.6836 20.9180 1.0805 52.9043 -4.6848 -2.8586
Car -1 -1 -3.8682 364.5885 182.5817 427.2337 206.8406 1.5250 1.6223 4.0383 -14.5807 2.2172 49.2206 -4.1551 -3.0388
Car -1 -1 -4.6363 314.5653 189.9106 347.6451 216.3131 1.4615 1.6136 4.0236 -17.3354 2.5733 44.8870 -5.0033 -3.0677
Car -1 -1 -4.4873 793.2712 169.1940 824.3745 186.6955 1.6245 1.8474 4.9171 19.1902 1.2845 69.5783 -4.2195 -3.1406
Car -1 -1 -3.3949 853.4919 167.0709 913.2961 188.4025 1.4682 1.6471 3.6267 19.1260 1.0698 50.6700 -3.0361 -3.2809
Car -1 -1 -5.0657 768.9135 170.1114 804.1307 186.5387 1.5510 1.8728 4.5505 17.1746 1.2918 70.4943 -4.8280 -3.5293
Car -1 -1 -4.1562 437.5281 181.1880 471.6440 198.0040 1.5533 1.5644 3.6661 -15.1935 2.3916 70.6107 -4.3678 -3.7535
Car -1 -1 -3.3073 617.6262 174.9200 667.1213 193.6440 1.7026 1.7688 4.3577 2.9641 1.8974 67.0058 -3.2637 -4.0366
Car -1 -1 -6.4969 234.0625 184.3545 314.6684 218.4297 1.6096 1.6559 3.4719 -17.2020 2.2253 36.9415 -6.9302 -4.1385
Car -1 -1 -2.5365 318.9153 185.6318 389.2025 209.7813 1.5355 1.6683 4.2828 -17.2916 2.4217 48.6897 -2.8764 -4.2965
Car -1 -1 -5.5978 814.6115 164.2901 867.6778 183.8512 1.5944 1.6638 4.1523 19.4708 0.8961 61.0051 -5.2904 -4.4353
Car -1 -1 -4.8093 651.1751 174.5255 673.5014 190.7202 1.5140 1.7403 4.3765 5.0334 1.6812 70.1190 -4.7383 -4.5010
Car -1 -1 -7.8237 615.3224 177.2939 644.7300 205.0877 1.4586 1.5383 3.6258 1.1173 1.7178 40.3132 -7.7967 -4.7132
Car -1 -1 -4.8685 333.8765 189.6051 369.0736 214.9988 1.4758 1.5549 3.9383 -16.8366 2.6108 46.8046 -5.2124 -4.7410
Car -1 -1 -7.8571 812.2047 165.0903 831.3091 184.3778 1.6931 1.6146 3.4652 19.1072 1.0113 65.2261 -7.5736 -4.8573
Car -1 -1 -5.2979 534.0477 180.1883 580.5152 200.9850 1.5583 1.6642 4.1957 -4.2841 2.1672 57.7615 -5.3720 -4.9068
Car -1 -1 -4.9053 535.4827 180.8603 560.5677 197.0622 1.4870 1.6730 4.1792 -6.1205 2.2958 70.6761 -4.9917 -5.0531
Car -1 -1 -2.4531 349.2649 183.2176 409.0573 205.6752 1.6519 1.8065 4.2594 -18.0072 2.4823 56.2050 -2.7622 -5.1906
Car -1 -1 -4.7936 725.7971 172.6464 750.0614 193.8767 1.6501 1.5715 4.3445 10.2750 1.6336 58.3143 -4.6204 -5.2026
Car -1 -1 -5.0560 731.7919 173.3301 776.7319 196.3935 1.6025 1.7727 4.5403 10.4225 1.6385 52.6083 -4.8619 -5.2194
Car -1 -1 -4.5294 506.0766 178.8296 540.7064 202.8013 1.5334 1.6413 4.0302 -5.8962 1.9580 49.2455 -4.6484 -5.2334
Car -1 -1 -4.7117 736.5048 170.9223 757.1422 188.8568 1.5906 1.8028 3.8255 12.4959 1.4190 66.0395 -4.5258 -5.2603
Car -1 -1 -5.2221 545.3898 179.1175 581.0412 197.2707 1.6171 1.7243 3.7526 -4.4396 2.2225 67.7285 -5.2877 -5.3014
Car -1 -1 -7.7486 572.1096 177.0544 610.5947 205.4115 1.4101 1.6447 4.0214 -0.9836 1.6464 38.5630 -7.7744 -5.3350
Car -1 -1 -4.7782 582.2364 176.9372 612.3827 199.7403 1.4019 1.6861 4.3731 -0.9112 1.6827 47.4165 -4.7977 -5.3854
Car -1 -1 -4.6352 500.5414 179.5097 528.7812 202.6559 1.5755 1.7168 4.2394 -6.9274 2.0796 52.5204 -4.7661 -5.4212
Car -1 -1 -4.9033 521.5709 181.9390 548.4644 199.8548 1.4016 1.6190 3.3535 -6.3021 2.1819 60.1538 -5.0077 -5.5805
Car -1 -1 -5.0517 531.4440 177.2409 571.8877 199.1447 1.4794 1.6527 3.9863 -4.2563 1.8069 51.7551 -5.1338 -5.6565
Car -1 -1 -5.0195 477.2244 178.7721 519.7510 203.5134 1.5070 1.5843 4.0729 -7.3660 1.9114 47.1650 -5.1740 -5.7134
Car -1 -1 -8.1821 838.1806 160.6989 883.1020 186.7136 1.8840 1.9173 4.2482 18.7948 1.0034 54.3797 -7.8512 -5.7290
Car -1 -1 -4.8552 564.3311 176.7376 594.8404 198.6174 1.4468 1.5912 3.8647 -2.1963 1.7292 50.4834 -4.8989 -5.8155
Car -1 -1 -4.4943 590.2864 175.3829 621.5499 194.5357 1.4735 1.6538 4.2339 -0.3155 1.6855 58.3457 -4.5001 -5.8719
Car -1 -1 -4.9262 407.0683 182.9215 446.0803 206.4548 1.5092 1.7301 4.5502 -12.9816 2.2511 50.7676 -5.1757 -5.8754
Car -1 -1 -4.7501 557.7162 179.9103 579.0911 198.8008 1.4589 1.5990 3.9790 -3.4738 2.0589 59.3187 -4.8087 -5.8867
Car -1 -1 -4.6777 584.1304 177.4324 607.3382 197.6284 1.4091 1.5794 3.9239 -1.0503 1.7589 53.2101 -4.6977 -5.8867
Car -1 -1 -4.6669 577.2857 177.4949 598.2874 195.1389 1.3951 1.5738 3.9176 -1.8461 1.7937 60.0570 -4.6979 -5.8867
Car -1 -1 -8.1633 0.0000 0.0000 853.1926 374.0000 1.5438 1.5892 3.8043 0.3101 1.6032 1.0046 -7.9392 -5.8867
Car -1 -1 -3.4553 0.0000 199.8233 0.0000 374.0000 1.5147 1.6090 3.9619 -7.0825 1.6685 2.1298 -4.6977 -5.8867
Car -1 -1 -6.9167 0.0000 0.0000 1241.0000 374.0000 1.5451 1.5897 3.8041 -2.1018 1.6351 1.0037 -7.9391 -5.8867
Car -1 -1 -4.6564 568.1910 178.6062 592.0930 198.7819 1.4350 1.5869 3.9333 -2.2487 1.8844 54.4260 -4.6979 -5.8867
Car -1 -1 -8.0451 734.7700 168.1238 760.0450 185.9598 1.6592 1.5933 4.2604 13.1319 1.2189 69.2568 -7.8587 -5.9313
Car -1 -1 -4.6399 329.1674 184.4776 375.3202 223.2139 1.6353 1.7449 4.1586 -12.1292 2.2193 34.0378 -4.9802 -6.1868
Car -1 -1 -5.9276 1241.0000 0.0000 1241.0000 374.0000 1.4904 1.6676 4.3546 5.4025 1.3426 2.6565 -4.8569 -6.3151
Car -1 -1 -6.2722 946.9389 161.6009 1017.6364 186.8360 1.5099 1.5220 3.8358 23.0091 0.8363 44.7359 -5.7999 -7.1383
