Car -1 -1 -7.8656 564.8176 173.9464 616.5804 224.5533 1.6268 1.6711 3.1999 -0.7364 1.6666 24.8979 -7.8955 7.5563
Car -1 -1 -4.4582 492.1458 177.8777 525.9378 198.4437 1.4430 1.5870 3.7710 -7.4807 1.8292 53.5511 -4.5967 1.8717
Car -1 -1 -3.6833 1166.3751 170.8223 1241.0000 202.3262 1.5301 1.6436 3.8827 30.4877 1.4311 36.1547 -2.9870 1.0505
Car -1 -1 -4.7636 545.4697 176.4297 565.5233 193.5851 1.5315 1.6601 3.9786 -5.1350 1.8753 67.3565 -4.8397 0.6799
Car -1 -1 -7.1020 1172.2699 166.7489 1241.0000 194.1687 1.5729 1.6274 3.7089 35.4179 1.2224 42.4312 -6.4101 -1.4043
Car -1 -1 -7.8289 337.3669 178.2842 371.2854 208.2334 1.5042 1.6299 3.7364 -13.8114 1.8127 39.0034 -8.1674 -1.8879
Car -1 -1 -3.6998 1019.3845 182.1104 1105.7955 206.5337 1.4185 1.6569 4.1568 27.1215 1.9853 43.3736 -3.1444 -2.9287
Car -1 -1 -3.9294 661.9089 176.1960 731.0772 204.0893 1.5307 1.5978 4.0573 5.0204 1.7333 41.9328 -3.8116 -3.0627
Car -1 -1 -4.6085 487.8293 176.9024 517.0482 199.9062 1.5080 1.6113 3.8378 -7.4367 1.7988 49.9390 -4.7559 -3.4696
Car -1 -1 -3.9531 371.2196 176.6444 427.4519 200.0553 1.5454 1.5842 3.8010 -14.6795 1.8204 50.3474 -4.2357 -3.5102
Car -1 -1 -5.0491 725.2389 175.4371 759.1965 192.0940 1.5410 1.8314 4.5282 12.7349 1.7994 69.8721 -4.8699 -3.7467
Car -1 -1 -4.3058 676.0236 176.1147 723.7834 201.5597 1.5709 1.6150 4.1151 5.9041 1.7942 47.2886 -4.1828 -3.8880
Car -1 -1 -7.2176 1138.7539 169.6992 1241.0000 206.1844 1.5880 1.7099 3.9103 26.2919 1.4504 32.7374 -6.5457 -4.4125
Car -1 -1 -4.7725 1072.3250 176.9826 1119.4557 209.1828 1.4101 1.5802 4.2903 23.0693 1.6197 34.4277 -4.1865 -4.4476
Car -1 -1 -7.6931 429.8583 169.0439 455.4633 186.6247 1.6487 1.7518 4.2750 -16.1818 1.2911 69.8568 -7.9201 -4.4729
Car -1 -1 -4.5357 533.6664 177.7922 558.7939 195.7461 1.4871 1.5899 3.4467 -5.5222 1.9270 62.5350 -4.6237 -4.5181
Car -1 -1 -4.4328 870.3593 177.9413 926.2120 209.1299 1.5763 1.7760 4.1044 15.7227 1.8687 39.3422 -4.0557 -4.5809
Car -1 -1 -5.5220 942.6570 182.2281 1021.9814 210.5302 1.4173 1.5855 3.8133 20.2908 1.9577 39.5598 -5.0516 -4.6153
Car -1 -1 -5.5110 944.0709 156.3895 1012.0497 191.1595 2.3390 1.8907 4.0964 25.7962 1.2311 50.7818 -5.0436 -4.6334
Car -1 -1 -3.9826 794.8053 174.3518 849.6233 196.9999 1.5237 1.5868 3.7455 14.8117 1.6315 50.4260 -3.6989 -4.7441
Car -1 -1 -2.0710 349.0554 178.0370 410.2066 204.5490 1.4186 1.6150 4.0030 -13.2702 1.7294 41.3423 -2.3800 -4.7453
Car -1 -1 -4.7265 52.9524 168.1942 81.8718 190.6324 1.5260 1.5875 3.8675 -38.4679 1.2088 51.0859 -5.3696 -5.0027
Car -1 -1 -5.3014 1083.9811 171.9655 1164.3035 204.0974 1.6653 1.7201 3.8139 27.8739 1.6189 39.3218 -4.6886 -5.0067
Car -1 -1 -8.2987 680.0049 176.1795 721.2183 197.6371 1.6607 1.7782 3.9798 7.2973 1.9408 58.6827 -8.1761 -5.0220
Car -1 -1 -2.2793 228.9398 181.7447 307.4759 211.9803 1.4933 1.5830 3.9098 -18.0691 1.9807 38.0535 -2.7201 -5.0639
Car -1 -1 -6.8781 930.9620 174.8632 996.6417 199.2278 1.5128 1.5276 3.5055 22.4844 1.6433 45.9708 -6.4261 -5.0741
Car -1 -1 -2.7660 350.4117 176.0507 412.1228 196.9264 1.6052 1.6879 4.3113 -17.9973 1.8609 56.7790 -3.0718 -5.1124
Car -1 -1 -4.8552 418.8722 175.0366 452.8295 201.8932 1.7747 1.6611 4.6660 -12.2776 1.9349 50.5578 -5.0926 -5.1166
Car -1 -1 -8.2544 1136.9058 169.4269 1199.0834 197.3180 1.6287 1.6575 3.7645 34.0317 1.4283 44.1647 -7.6014 -5.1289
Car -1 -1 -4.3038 335.0080 174.6425 383.1715 199.3698 1.5654 1.6234 3.8493 -16.6438 1.6889 47.9459 -4.6364 -5.2323
Car -1 -1 -5.1046 752.0617 178.0204 785.0281 195.6910 1.4211 1.4729 3.5379 13.3400 1.8709 60.9912 -4.8907 -5.3456
Car -1 -1 -5.1934 550.8676 176.0904 585.4120 193.5117 1.4779 1.5984 3.5254 -3.7536 1.7726 63.8462 -5.2522 -5.3645
Car -1 -1 -4.4820 491.9411 168.2623 520.2574 186.8102 1.7398 1.7474 4.4547 -10.0541 1.3088 69.9774 -4.6244 -5.3877
Car -1 -1 -4.8942 706.0303 175.8545 735.8890 194.8272 1.3535 1.5324 3.8247 8.2394 1.5859 54.0220 -4.7441 -5.7064
Car -1 -1 -4.7061 911.9357 177.5080 946.9734 206.6650 1.5045 1.7003 4.2097 17.7671 1.7783 40.2247 -4.2934 -5.8676
Car -1 -1 -7.9260 1209.4841 160.2143 1241.0000 184.6148 1.5563 1.6929 4.1950 41.2887 0.7498 48.2131 -7.2209 -5.8867
Car -1 -1 -4.5638 0.0000 171.7480 15.7611 194.3901 1.4594 1.6574 4.0470 -41.5221 1.3878 48.6628 -5.2676 -5.8867
Car -1 -1 -5.0568 905.0265 175.5675 965.9759 206.7464 1.5027 1.6081 3.9226 16.6304 1.6496 37.1407 -4.6392 -5.8867
Car -1 -1 -5.2985 1057.4684 172.7205 1140.9928 201.8583 1.4200 1.5975 3.9977 25.0430 1.4132 37.1635 -4.7095 -5.8867
Car -1 -1 -4.8226 529.1493 178.1613 556.7070 198.9262 1.4506 1.6010 4.0139 -5.0483 1.8604 53.6209 -4.9164 -5.8867
Car -1 -1 -4.8218 689.5849 175.8206 712.9803 192.5437 1.3766 1.5696 3.9104 7.7950 1.6395 62.0590 -4.6978 -5.8867
Car -1 -1 -5.1955 606.3061 176.3489 653.1302 199.4443 1.7275 1.7726 4.5846 1.4807 2.0159 57.1576 -5.1702 -6.1773
Car -1 -1 -4.2139 457.1192 171.6322 500.8995 194.0831 1.6904 1.5014 4.3091 -10.2496 1.5981 56.6085 -4.3925 -6.6739
