Car -1 -1 -7.8577 567.2605 183.5204 617.6477 233.2288 1.5962 1.6685 3.2320 -0.6776 1.9973 25.5140 -7.8848 7.6964
Car -1 -1 -4.6293 504.9599 187.3761 546.1432 220.0424 1.4610 1.7112 4.2920 -4.2352 2.2365 36.3745 -4.7450 5.4277
Car -1 -1 -4.4470 375.4788 193.4220 448.1836 239.5479 1.4486 1.6151 3.7212 -7.1432 2.2477 26.1816 -4.7114 5.1248
Car -1 -1 -5.1491 763.1698 180.1985 805.1957 201.0110 1.5677 1.6754 4.1637 13.9482 2.1814 58.1156 -4.9152 -0.9505
Car -1 -1 -3.2563 1051.2931 175.8911 1155.8398 208.8876 1.4438 1.5848 3.8338 22.7237 1.5910 33.4483 -2.6640 -1.1237
Car -1 -1 -4.6846 782.6507 180.7854 806.6066 202.5229 1.5334 1.6552 3.6964 13.9077 2.1527 54.3644 -4.4360 -1.7362
Car -1 -1 -4.8119 332.6262 184.2841 366.2925 211.8619 1.6304 1.6427 4.1943 -16.9558 2.4065 46.7646 -5.1582 -1.9985
Car -1 -1 -8.0030 819.0033 163.3409 846.0682 183.4773 1.8340 1.7726 4.5507 20.9377 0.9673 68.0986 -7.7061 -2.6277
Car -1 -1 -4.0536 803.5974 179.6923 862.2214 203.5436 1.5379 1.6838 4.1076 15.2708 2.0241 49.4684 -3.7563 -2.9198
Car -1 -1 -5.9693 1133.2113 186.9371 1241.0000 232.7637 1.4997 1.6206 3.5845 21.7777 2.0595 26.7505 -5.2919 -3.0554
Car -1 -1 -5.0738 787.0388 186.3051 825.3743 209.2878 1.4519 1.4705 3.2165 13.3102 2.4003 49.2149 -4.8117 -3.7198
Car -1 -1 -3.3765 609.7411 188.2347 666.4030 209.4708 1.3845 1.4908 3.6526 1.8876 2.4671 49.7103 -3.3394 -4.0011
Car -1 -1 -5.3568 1092.9078 176.5868 1189.7722 208.1447 1.3801 1.6057 3.9525 24.8752 1.5660 34.0145 -4.7298 -4.0720
Car -1 -1 -5.2337 384.1495 180.8461 426.1560 200.3609 1.5579 1.6201 4.0636 -17.4342 2.2580 61.2355 -5.5103 -4.2014
Car -1 -1 -4.0694 345.3847 186.7289 411.2977 214.3695 1.4909 1.6335 4.1014 -13.8739 2.3664 43.3388 -4.3779 -4.5006
Car -1 -1 -4.8376 936.8302 182.1108 977.0154 211.0536 1.4824 1.5425 3.7716 19.2771 2.0251 40.2887 -4.3947 -4.6966
Car -1 -1 -4.3866 676.0287 184.5382 720.6496 209.3854 1.5084 1.7251 4.1454 5.9088 2.3241 48.1516 -4.2659 -4.8257
Car -1 -1 -8.0293 1099.6066 161.2800 1147.5557 189.5554 1.5980 1.6631 3.8015 30.3964 0.9436 42.8517 -7.4157 -4.9436
Car -1 -1 -5.0930 364.3004 190.7609 405.4425 214.3400 1.6091 1.5795 4.0230 -17.0401 3.0105 54.4238 -5.3955 -5.0199
Car -1 -1 -8.1320 816.9927 174.8189 852.0073 196.8912 1.8093 1.7463 4.2465 19.1113 1.9828 61.6689 -7.8332 -5.0535
Car -1 -1 -4.8726 801.5115 182.2499 848.2222 216.7632 1.4847 1.5608 3.3484 9.9529 1.9468 33.7530 -4.5888 -5.1816
Car -1 -1 -5.1385 829.8905 172.9585 870.1931 198.9725 2.1973 1.7288 4.2639 20.9368 2.2064 63.1746 -4.8203 -5.1996
Car -1 -1 -4.6795 618.1931 184.0201 636.9529 202.1676 1.6860 1.7359 3.6485 1.7386 2.8165 71.2053 -4.6557 -5.5040
Car -1 -1 -5.1136 671.4655 180.5882 710.4785 199.7421 1.4795 1.6611 4.2994 6.6458 2.1458 59.8872 -5.0041 -5.6160
Car -1 -1 -3.3131 312.5006 184.5376 398.5542 222.5331 1.6324 1.5657 3.5545 -11.8465 2.1997 33.5025 -3.6509 -5.6508
Car -1 -1 -4.8713 573.7507 182.6847 607.7050 207.6196 1.5515 1.6649 4.0356 -1.3767 2.2441 48.7197 -4.8999 -5.6905
Car -1 -1 -4.7685 880.9183 179.3987 916.0782 206.8306 1.4999 1.6857 4.0591 16.9789 1.9067 42.6882 -4.3928 -5.8203
Car -1 -1 -4.4417 493.0648 181.1013 532.1491 205.6910 1.5691 1.6384 4.0507 -6.6732 2.1598 49.5822 -4.5753 -5.8844
Car -1 -1 -7.5855 39.5666 0.0000 1241.0000 374.0000 1.5080 1.6029 3.8499 -0.4786 1.5911 1.3711 -7.8744 -5.8867
Car -1 -1 -6.9723 0.0000 0.0000 1241.0000 374.0000 1.5093 1.6030 3.8501 -2.0864 1.6134 1.3713 -7.8744 -5.8867
Car -1 -1 -4.8409 702.6703 177.8703 728.4454 196.5195 1.4526 1.5921 3.9403 8.6066 1.8780 59.2494 -4.6978 -5.8867
Car -1 -1 -3.4937 0.0000 203.0089 0.0000 374.0000 1.5261 1.6126 3.9660 -6.2783 1.6982 2.1290 -4.6977 -5.8867
Car -1 -1 -8.6435 0.0000 0.0000 1049.0879 374.0000 1.5522 1.5926 3.8069 1.1140 1.6223 1.0030 -7.9392 -5.8867
Car -1 -1 -4.9662 1033.4092 175.2766 1110.3221 215.2784 1.4611 1.6309 3.8433 18.2061 1.5641 28.6848 -4.4057 -5.8867
Car -1 -1 -4.7465 713.6656 179.3518 733.0281 196.0335 1.4789 1.6495 3.9724 10.5788 2.1065 67.6517 -4.5925 -5.8867
Car -1 -1 -4.7191 1093.2588 165.3514 1117.7271 182.8683 1.4162 1.6431 4.0215 41.4612 0.8093 60.4600 -4.1204 -5.8867
Car -1 -1 -5.9535 0.0000 0.0000 1241.0000 374.0000 1.5074 1.6080 3.9601 6.1748 1.4964 1.7170 -4.6976 -5.8867
Car -1 -1 -4.5924 1129.9286 160.0010 1165.2179 181.6171 1.5887 1.6857 4.1798 41.0675 0.6438 55.1288 -3.9548 -5.9239
Car -1 -1 -3.3767 1112.5763 168.0148 1198.0105 196.7671 1.5090 1.4879 3.4496 29.5319 1.2548 39.2344 -2.7353 -6.1757
Car -1 -1 -5.5811 442.6475 171.4371 502.2563 201.1035 2.2200 1.8733 4.3542 -10.6909 2.1137 55.8791 -5.7696 -6.6041
