Car -1 -1 -7.8921 562.6779 175.8049 622.8815 233.5921 1.6011 1.6794 3.1279 -0.6312 1.6964 21.7732 -7.9215 7.6762
Car -1 -1 -8.2111 1159.3824 163.9615 1218.0492 189.0073 1.4584 1.6199 3.5916 35.1530 0.9403 43.9717 -7.5401 -2.3066
Car -1 -1 -7.8533 279.4083 176.2444 309.8715 201.8793 1.4526 1.6141 3.4665 -18.9521 1.6648 43.3032 -8.2638 -2.6992
Car -1 -1 -4.6186 84.0954 165.4966 117.9024 188.4720 1.6919 1.7295 4.1700 -39.0380 1.1498 55.3727 -5.2305 -2.9020
Car -1 -1 -6.3103 494.5037 177.4905 552.3909 199.3205 1.5407 1.6803 4.1207 -6.3441 1.8853 52.5376 -6.4303 -3.2786
Car -1 -1 -7.6990 0.0000 173.2921 42.2800 199.6952 1.4582 1.5932 3.5245 -34.2660 1.4844 41.8359 -8.3822 -3.3871
Car -1 -1 -2.5391 0.0000 174.9716 105.4808 210.6525 1.5759 1.6779 3.8376 -25.5897 1.6749 32.9208 -3.1961 -3.4977
Car -1 -1 -8.1105 1190.1409 164.2507 1241.0000 196.3424 1.5645 1.5969 3.6093 31.3696 1.1448 37.1493 -7.4133 -3.6336
Car -1 -1 -4.7891 266.5506 176.3760 299.6432 202.4271 1.5659 1.6271 3.9683 -20.9408 1.8009 46.0771 -5.2137 -3.7386
Car -1 -1 -4.5497 0.0000 162.2623 21.1354 189.5687 1.5544 1.7024 3.5832 -36.5901 0.9512 43.0483 -5.2513 -3.7923
Car -1 -1 -4.8236 788.0038 181.7079 824.6150 209.5582 1.4805 1.5882 4.0601 11.2912 2.0196 41.8340 -4.5623 -3.9137
Car -1 -1 -7.8089 382.1059 181.4894 439.2846 235.8064 1.5011 1.5459 3.6472 -6.1885 1.7935 22.5081 -8.0748 -4.1188
Car -1 -1 -2.1124 239.5437 165.0685 296.1712 188.3863 1.6507 1.7015 4.4705 -25.1951 1.0993 53.0267 -2.5542 -4.5201
Car -1 -1 -5.1224 756.9802 179.7145 796.4930 201.7162 1.5077 1.5408 3.4482 12.0423 2.0233 52.4263 -4.8983 -4.5633
Car -1 -1 -5.1472 742.2330 176.6159 779.8372 197.0257 1.5779 1.6426 3.5142 12.1545 1.8919 58.3817 -4.9434 -4.5940
Car -1 -1 -4.7749 336.8305 172.6105 371.3974 199.6052 1.6906 1.8766 4.3820 -16.9433 1.6751 47.5715 -5.1156 -4.6150
Car -1 -1 -5.5528 111.9249 173.9500 211.7168 209.5692 1.6345 1.6742 3.9251 -21.3467 1.6882 34.3535 -6.1055 -4.7481
Car -1 -1 -4.6529 613.9595 178.0989 644.2119 204.4312 1.4496 1.5568 3.9439 1.1294 1.7735 42.5616 -4.6271 -4.7645
Car -1 -1 -5.2288 507.7123 177.5040 547.3373 196.9363 1.5593 1.6110 3.8882 -7.0186 1.9648 60.9211 -5.3433 -4.8069
Car -1 -1 -7.7776 405.3225 176.4429 425.2282 192.9118 1.5471 1.6032 3.6876 -19.0445 1.9077 70.5976 -8.0404 -4.9021
Car -1 -1 -7.5996 112.2085 166.7968 162.8243 201.3486 1.7672 1.5173 3.1462 -25.2778 1.4571 38.6360 -8.1760 -5.0769
Car -1 -1 -2.4501 28.8942 167.3504 97.3737 190.5754 1.7014 1.8556 3.7577 -40.8190 1.2979 53.8708 -3.0962 -5.1267
Car -1 -1 -4.0366 369.7477 169.8283 418.2800 192.6778 1.8600 1.7358 4.1139 -18.2218 1.6134 60.9671 -4.3261 -5.1380
Car -1 -1 -4.9819 551.6073 174.8397 596.1917 202.0160 1.5984 1.7420 4.0840 -2.3363 1.7280 44.9748 -5.0339 -5.2368
Car -1 -1 -6.4602 537.9643 177.7797 596.2363 198.4620 1.4483 1.5601 4.0065 -3.1538 1.8137 52.3421 -6.5205 -5.2778
Car -1 -1 -4.9938 366.6719 174.3139 413.6496 201.0885 1.5855 1.6529 4.4282 -13.8774 1.6815 45.2840 -5.2898 -5.3024
Car -1 -1 -6.7849 1179.1853 181.9446 1241.0000 220.6017 1.4454 1.6402 3.8403 25.2970 1.8226 28.7568 -6.0690 -5.3829
Car -1 -1 -7.3618 653.1670 179.4005 715.9769 208.2483 1.5955 1.8174 4.5710 4.5099 2.0107 43.3982 -7.2595 -5.3903
Car -1 -1 -7.3019 284.7304 177.6001 350.5807 205.5950 1.5556 1.7730 4.0409 -17.3582 1.8519 42.9605 -7.6840 -5.4091
Car -1 -1 -2.6738 0.0000 195.2192 228.9653 374.0000 1.3738 1.8152 4.5756 -5.0192 1.5582 4.2952 -3.5061 -5.4337
Car -1 -1 -4.7522 685.7000 176.6008 704.4335 192.1461 1.4110 1.5958 4.2109 8.0502 1.7786 68.6912 -4.6364 -5.5348
Car -1 -1 -7.7722 385.9322 179.0941 435.9100 227.0069 1.6494 1.5246 3.5652 -7.4913 1.9009 27.2237 -8.0387 -5.5517
Car -1 -1 -4.7001 769.9922 175.8544 794.5028 196.9137 1.5524 1.7879 4.6888 13.4545 1.7970 56.3904 -4.4674 -5.5596
Car -1 -1 -7.2894 11.1007 164.5596 103.2609 198.8485 1.5636 1.5796 4.1203 -26.7381 1.1851 35.0219 -7.9379 -5.5887
Car -1 -1 -4.6501 554.1373 176.6590 579.7733 196.7352 1.3167 1.5363 3.9015 -2.9808 1.5905 50.0160 -4.7097 -5.7529
Car -1 -1 -4.6729 683.2703 176.9158 707.7931 200.5503 1.6840 1.6754 4.3008 6.4583 2.0028 54.4402 -4.5559 -5.7561
Car -1 -1 -7.5703 0.6563 160.3002 59.1042 188.9154 1.7396 1.7317 4.4524 -37.1242 0.9761 46.2522 -8.2439 -5.7601
Car -1 -1 -4.8882 701.5284 176.6862 729.8215 194.6284 1.3916 1.5926 4.0351 8.5576 1.7148 58.8756 -4.7450 -5.8162
Car -1 -1 -4.7715 665.0795 177.0320 685.9148 193.5904 1.4067 1.5998 4.2082 5.8012 1.7922 64.4974 -4.6826 -5.8262
Car -1 -1 -4.9918 574.0854 174.6041 616.7024 198.4722 1.4231 1.6075 4.1149 -1.0073 1.5386 45.5479 -5.0142 -5.8397
Car -1 -1 -4.4170 667.9413 176.9214 704.5746 197.4016 1.5305 1.7017 4.3400 6.0580 1.8657 57.1770 -4.3124 -5.8523
Car -1 -1 -4.7811 660.0694 177.7738 682.8119 196.1605 1.4326 1.5854 3.9325 4.9884 1.8498 59.2530 -4.6979 -5.8867
Car -1 -1 -8.4289 0.0000 0.0000 948.5624 374.0000 1.5410 1.5906 3.8057 0.6996 1.5840 0.9968 -7.9398 -5.8867
Car -1 -1 -6.7855 0.0000 0.0000 1241.0000 374.0000 1.5432 1.5872 3.8031 -2.9051 1.6404 1.0051 -7.9391 -5.8867
Car -1 -1 -5.9534 0.0000 0.0000 1241.0000 374.0000 1.5108 1.6077 3.9607 6.1749 1.5113 1.7172 -4.6976 -5.8867
Car -1 -1 -3.4554 0.0000 191.0832 0.0000 374.0000 1.4945 1.6032 3.9551 -7.0830 1.5983 2.1309 -4.6978 -5.8867
Car -1 -1 -4.5894 567.1237 175.5787 597.4279 197.2294 1.3892 1.5875 3.8726 -1.8682 1.5807 48.7956 -4.6279 -5.8867
Car -1 -1 -4.7988 672.9766 177.3252 696.0865 195.1906 1.4233 1.5832 3.9299 6.1873 1.8099 60.4501 -4.6977 -5.8867
Car -1 -1 -7.3171 149.2821 0.0000 1241.0000 374.0000 1.5414 1.5908 3.8055 -0.9083 1.6030 0.9967 -7.9398 -5.8867
Car -1 -1 -5.1595 554.8792 176.9656 618.6378 205.6628 1.5024 1.7968 4.5850 -1.4267 1.7492 40.9231 -5.1946 -5.9152
Car -1 -1 -4.2001 0.0000 184.3865 0.0000 306.8837 1.4156 1.6112 4.2801 -12.7011 1.6285 11.0539 -5.0427 -5.9881
Car -1 -1 -4.8054 561.0968 173.0158 612.1314 210.8087 1.6383 1.9162 5.0403 -1.2249 1.6462 33.9228 -4.8418 -5.9904
Car -1 -1 -5.0267 560.0854 174.4333 626.8210 206.4872 1.5225 1.9076 5.2318 -0.9947 1.6100 37.3292 -5.0536 -6.1266
Car -1 -1 -4.2676 0.0000 186.1655 0.0000 280.1628 1.3964 1.6458 4.6174 -14.7670 1.6970 13.8631 -5.0749 -6.1746
Car -1 -1 -4.2870 297.5240 179.6129 346.2219 203.1079 1.4544 1.4272 4.1224 -19.1168 1.9230 47.9618 -4.6646 -7.3394
