Car -1 -1 -7.8976 576.0643 174.7750 634.6494 230.2788 1.6047 1.6793 3.2041 -0.2570 1.6690 22.6214 -7.9096 7.8211
Car -1 -1 -7.2447 198.1335 169.8821 255.1602 192.8779 1.5617 1.6341 3.8749 -27.0687 1.3596 51.0251 -7.7305 -0.1799
Car -1 -1 -4.6777 628.6315 178.9153 651.6030 199.3817 1.5767 1.7388 4.0853 2.4651 2.0891 58.9344 -4.6366 -1.2919
Car -1 -1 -4.1272 704.4822 182.8783 769.8348 212.6716 1.4865 1.5813 3.9737 6.9326 2.0601 39.3228 -3.9546 -1.5928
Car -1 -1 -5.3191 925.4431 183.2685 990.7271 213.7574 1.7555 1.7636 3.8669 21.5929 2.4343 44.9968 -4.8748 -1.8465
Car -1 -1 -4.7741 299.2411 173.4971 333.6385 202.7007 1.5425 1.5489 3.7399 -16.4337 1.5798 40.2207 -5.1599 -1.9042
Car -1 -1 -4.9121 779.6423 180.8280 811.0987 201.1985 1.4127 1.5046 3.9049 13.6924 2.0265 53.5797 -4.6637 -1.9820
Car -1 -1 -4.8678 649.6757 174.5414 679.4685 198.5176 1.7444 1.6401 4.0656 4.0819 1.8773 54.8832 -4.7944 -2.6291
Car -1 -1 -5.0995 917.4988 176.0132 954.7933 197.1216 1.8372 1.7243 3.8969 29.4743 2.1318 65.3686 -4.6780 -2.7169
Car -1 -1 -5.1665 742.3155 176.0946 787.0750 197.3990 1.6731 1.8009 4.5574 12.7408 1.9525 59.8337 -4.9581 -3.1828
Car -1 -1 -4.9434 325.0603 180.1982 364.7137 205.5231 1.5523 1.6008 3.8923 -17.5147 2.0564 47.4896 -5.2952 -3.5822
Car -1 -1 -4.6149 864.7004 183.0916 895.8798 206.0831 1.5128 1.7050 4.1919 19.3859 2.2788 51.7451 -4.2588 -3.8282
Car -1 -1 -7.7631 420.8795 171.4005 443.5148 191.7611 1.9081 1.7416 4.3394 -17.2072 1.7716 69.8940 -8.0039 -3.8925
Car -1 -1 -4.9635 717.6826 180.8817 750.4374 201.8848 1.5162 1.6011 3.7032 9.4672 2.1542 55.4610 -4.7958 -3.9702
Car -1 -1 -6.5157 773.9814 179.4274 830.1007 198.5867 1.4902 1.7255 4.0419 15.2842 2.0235 57.6606 -6.2583 -4.4866
Car -1 -1 -5.2077 525.2274 177.8940 574.3038 200.8998 1.5384 1.6577 4.2580 -4.3721 1.9132 51.4642 -5.2924 -4.8955
Car -1 -1 -4.8328 862.7697 183.8046 886.8452 202.2921 1.6401 1.6862 3.8315 25.0865 2.7107 68.5036 -4.4836 -4.9414
Car -1 -1 -5.4069 571.2870 177.3338 619.1535 197.5149 1.6028 1.7250 4.1825 -1.2961 1.9908 60.4014 -5.4286 -4.9422
Car -1 -1 -4.2758 476.3643 173.7513 512.9865 190.2263 1.4989 1.7331 4.3751 -10.8808 1.5864 68.2442 -4.4336 -5.0229
Car -1 -1 -4.8712 799.4728 183.1939 842.3811 214.5437 1.5595 1.6422 3.7553 11.3485 2.1484 39.1513 -4.5917 -5.1478
Car -1 -1 -6.5341 805.7914 180.3262 878.1840 204.4946 1.5509 1.7679 4.2685 15.3251 2.0572 47.9234 -6.2268 -5.1799
Car -1 -1 -5.0187 572.0045 176.0801 616.3474 200.4194 1.4481 1.6645 4.0127 -1.0859 1.6617 45.6705 -5.0427 -5.3231
Car -1 -1 -4.8774 573.2904 175.5440 617.2426 206.4423 1.5588 1.7085 4.1064 -0.8904 1.7118 38.9560 -4.9006 -5.3746
Car -1 -1 -4.6408 772.6902 182.8508 814.2742 219.5746 1.5913 1.6764 3.5258 8.7104 2.0924 34.2555 -4.3945 -5.5308
Car -1 -1 -4.7167 109.7475 172.9671 135.8079 192.1571 1.5649 1.7775 3.9970 -41.2259 1.5745 61.0177 -5.3090 -5.6565
Car -1 -1 -4.6212 539.7762 174.9518 563.2751 192.5124 1.4516 1.6465 4.2093 -5.0358 1.6384 62.2614 -4.7019 -5.7881
Car -1 -1 -4.5791 0.0000 173.8853 0.0000 198.6020 1.4888 1.6332 4.0513 -41.2344 1.5569 45.7727 -5.3096 -5.7991
Car -1 -1 -4.7358 915.3138 186.1814 941.1631 209.3467 1.4712 1.5414 3.8356 22.1035 2.4377 50.2703 -4.3243 -5.8265
Car -1 -1 -4.7173 825.5424 178.7329 847.9576 198.3862 1.5179 1.6981 4.1283 18.5813 2.0187 59.2780 -4.4154 -5.8376
Car -1 -1 -4.8172 888.4238 177.1216 925.8340 205.3279 1.5562 1.6294 3.7951 17.4028 1.8192 42.4773 -4.4312 -5.8723
Car -1 -1 -8.6433 0.0000 0.0000 1048.6564 374.0000 1.5406 1.5884 3.8032 1.1139 1.5840 1.0045 -7.9392 -5.8867
Car -1 -1 -7.5644 152.1215 0.0000 1241.0000 374.0000 1.5421 1.5888 3.8036 -0.4939 1.6066 1.0045 -7.9392 -5.8867
Car -1 -1 -3.5047 0.0000 190.2053 0.0000 374.0000 1.4952 1.6043 3.9546 -7.0822 1.6036 2.5304 -4.6975 -5.8867
Car -1 -1 -5.1558 577.2941 174.6572 627.1977 197.8487 1.4543 1.6342 4.2559 -0.6010 1.5793 47.8709 -5.1687 -5.8867
Car -1 -1 -5.2664 565.7704 178.2814 631.6399 205.1227 1.4280 1.7292 4.4127 -0.7520 1.7584 41.6483 -5.2848 -6.0447
Car -1 -1 -5.2799 219.6013 174.9857 300.1498 206.6541 1.5174 1.7923 4.0404 -17.8371 1.6308 36.6424 -5.7303 -6.2231
Car -1 -1 -6.4355 396.2409 170.9243 450.6844 192.4689 1.6426 1.7604 3.9127 -14.6590 1.4951 56.5894 -6.6881 -6.4105
Car -1 -1 -4.8038 751.9151 178.6808 777.1257 197.9946 1.6255 1.8022 4.2719 13.7080 2.1625 64.2985 -4.5952 -6.4117
Car -1 -1 -4.6917 728.1830 182.8881 761.5222 216.0251 1.5235 1.5666 3.5836 6.7627 2.0539 36.2454 -4.5093 -6.5646
Car -1 -1 -6.6685 1071.4619 151.2436 1163.2177 182.9722 1.6081 1.5368 3.6089 26.4071 0.5125 37.7155 -6.0613 -6.9653
Car -1 -1 -8.6641 1053.0150 139.8431 1129.9397 173.8979 2.3927 1.6679 4.9191 35.4060 0.0730 53.2801 -8.0801 -7.1479
Car -1 -1 -8.4014 1034.0356 141.2731 1098.2896 177.5527 2.5258 1.7090 4.7763 33.1376 0.3268 52.6320 -7.8420 -7.5279
Car -1 -1 -3.3585 1142.2577 135.1881 1241.0000 180.4980 2.4067 2.0560 4.2735 32.4513 0.4057 40.1931 -2.6828 -9.9040
