Car -1 -1 -4.2047 110.0136 188.7535 300.3621 274.7111 1.4478 1.6314 4.0406 -8.1681 1.8214 14.9364 -4.6980 8.2373
Car -1 -1 -7.9840 578.9171 179.2467 650.5057 240.1429 1.6101 1.6658 3.2974 0.0134 1.8129 21.1859 -7.9843 8.2115
Car -1 -1 -4.2207 93.3582 186.9886 225.1544 250.7806 1.5053 1.6432 3.2761 -12.0497 1.9191 19.4542 -4.7694 3.5950
Car -1 -1 -7.5921 212.3510 177.1199 249.1519 196.8673 1.4037 1.5668 3.5584 -28.3736 1.7340 54.0190 -8.0740 -1.6500
Car -1 -1 -4.7938 714.9321 182.3582 758.5738 215.7849 1.4027 1.6483 4.1500 5.8022 1.8736 33.6338 -4.6251 -2.2856
Car -1 -1 -5.3684 919.8032 186.0058 990.3800 215.0722 1.5118 1.7651 3.6613 19.6349 2.3002 41.2947 -4.9279 -2.5898
Car -1 -1 -5.2125 163.5333 170.0032 208.1295 188.7576 1.5324 1.6194 3.7793 -35.6723 1.2992 60.6235 -5.7426 -2.6553
Car -1 -1 -5.1927 635.4671 180.7485 688.2894 207.3788 1.5998 1.6612 4.2071 3.2834 2.1378 46.9449 -5.1239 -3.2298
Car -1 -1 -5.1226 1030.1392 153.1578 1095.4678 184.9442 1.7881 1.7724 4.0973 26.6913 0.6798 42.7452 -4.5676 -3.2953
Car -1 -1 -7.7390 362.4626 180.1175 385.0028 196.3373 1.4937 1.6401 4.0314 -23.0713 2.2246 70.5011 -8.0545 -3.3067
Car -1 -1 -8.1296 920.4592 168.1875 952.7455 186.5678 1.6937 1.7195 4.1636 31.0157 1.2634 68.6732 -7.7072 -3.8090
Car -1 -1 -4.7929 622.5078 181.0069 653.1573 206.7859 1.5415 1.6550 3.7845 1.7124 2.0860 46.2910 -4.7567 -3.8171
Car -1 -1 -4.0950 0.0000 166.1443 58.9040 198.3180 1.7198 1.6359 3.5923 -33.0135 1.3608 40.4139 -4.7768 -3.8196
Car -1 -1 -2.7877 776.8962 187.9556 859.6605 219.3643 1.5360 1.6387 3.9620 11.1541 2.3876 38.8747 -2.5110 -3.8372
Car -1 -1 -4.5435 717.1176 185.7220 754.7126 212.3509 1.4756 1.6728 3.6426 7.6645 2.2940 43.9080 -4.3725 -3.9293
Car -1 -1 -4.5298 25.6757 181.9876 114.4817 234.0533 1.5457 1.6531 4.1689 -18.1991 1.8831 24.4416 -5.1648 -4.1936
Car -1 -1 -3.3082 493.0746 185.5541 545.4205 208.0843 1.6144 1.7487 3.6912 -6.9090 2.5995 54.6138 -3.4339 -4.4381
Car -1 -1 -5.0997 139.5961 175.2052 181.8589 193.8920 1.6314 1.8156 4.1743 -40.7876 1.8508 65.4467 -5.6553 -4.4915
Car -1 -1 -5.0146 679.1425 185.1149 709.0838 203.5604 1.5265 1.5863 3.8039 7.4502 2.6550 64.4111 -4.9005 -4.7059
Car -1 -1 -4.6311 466.5256 180.1456 495.0115 203.2924 1.6677 1.8151 4.3582 -9.9534 2.2528 55.6641 -4.8076 -4.8003
Car -1 -1 -4.7280 163.9999 175.7852 195.2230 202.3791 1.5483 1.5945 3.9298 -26.6391 1.7375 44.5605 -5.2644 -5.0318
Car -1 -1 -7.2966 0.0000 187.2315 58.8217 244.2450 1.4202 1.5962 3.8884 -18.1833 1.8799 21.0441 -8.0030 -5.0983
Car -1 -1 -4.6940 174.0260 169.4627 198.7385 190.6880 1.8042 1.7990 3.8266 -37.2342 1.5156 63.4418 -5.2231 -5.2053
Car -1 -1 -7.7388 221.2625 183.9883 280.3364 226.9238 1.4771 1.6137 3.7198 -13.8487 1.9384 27.8940 -8.1961 -5.2489
Car -1 -1 -4.4483 118.9549 170.0047 173.3384 198.2688 1.5316 1.5841 4.1358 -26.5106 1.3769 41.3101 -5.0161 -5.2960
Car -1 -1 -4.6688 551.2880 181.4266 581.1919 208.8997 1.6811 1.7898 4.1966 -2.8752 2.2713 47.5837 -4.7293 -5.2996
Car -1 -1 -4.3707 215.4928 183.0227 283.5931 213.6335 1.3784 1.6797 4.3811 -18.0551 1.9214 36.2762 -4.8298 -5.3967
Car -1 -1 -6.8900 873.4664 186.9039 939.5905 209.8843 1.5679 1.6156 4.2495 21.3302 2.6048 52.0126 -6.5034 -5.4009
Car -1 -1 -4.7194 397.8571 179.0292 415.5985 194.7719 1.4148 1.5820 4.2412 -19.4357 2.0232 68.8707 -4.9937 -5.4527
Car -1 -1 -4.4333 516.4716 183.0255 544.9819 201.3751 1.5504 1.5762 3.7997 -7.1505 2.4973 65.1921 -4.5425 -5.5077
Car -1 -1 -5.5726 229.8447 179.2838 294.9418 203.6978 1.5523 1.6383 3.7215 -23.0589 1.9895 47.8243 -6.0199 -5.5955
Car -1 -1 -4.5867 130.2668 185.5366 214.8544 238.6608 1.4234 1.7080 4.5689 -13.8073 1.8689 22.9306 -5.1238 -5.6857
Car -1 -1 -4.8046 582.8517 178.8177 634.4063 222.3641 1.7175 1.8120 4.5844 -0.1811 1.9970 31.4782 -4.8111 -5.7125
Car -1 -1 -4.8323 493.7004 180.8817 519.0276 197.9577 1.4205 1.6948 4.7358 -9.3787 2.1700 64.8875 -4.9756 -5.7330
Car -1 -1 -4.6773 572.7536 178.8600 600.8868 203.8825 1.4482 1.6062 4.1094 -1.4342 1.8380 44.8050 -4.7096 -5.7453
Car -1 -1 -5.0472 396.7374 184.5745 442.0096 210.1026 1.5347 1.6460 4.0215 -12.6090 2.3398 47.4572 -5.3059 -5.7588
Car -1 -1 -8.4505 869.7209 173.0950 919.8330 195.4128 1.8738 1.9053 4.4199 24.7726 1.8953 62.9971 -8.0778 -5.7614
Car -1 -1 -4.7394 132.1095 179.8626 186.7718 222.5680 1.4017 1.5957 4.0239 -16.6356 1.6794 26.4969 -5.2957 -5.7728
Car -1 -1 -4.4351 541.0349 179.5461 569.6744 196.1950 1.4796 1.6464 4.0536 -5.1348 2.1300 68.0042 -4.5105 -5.8082
Car -1 -1 -4.6041 218.3747 180.8519 270.6078 216.7949 1.4482 1.6328 4.1592 -16.3241 1.8307 32.3006 -5.0690 -5.8536
Car -1 -1 -4.2189 129.7576 180.0020 223.1369 219.8102 1.5344 1.6511 4.0724 -18.3107 1.8580 30.6240 -4.7542 -5.8748
Car -1 -1 -4.3615 158.1639 180.8376 249.3378 225.9267 1.4648 1.6125 3.9504 -14.6952 1.7779 26.2511 -4.8678 -5.8867
Car -1 -1 -4.8313 574.2537 177.8580 605.3768 200.9355 1.4504 1.6121 4.0088 -1.4257 1.8001 48.3624 -4.8610 -5.8867
Car -1 -1 -7.1460 51.2384 0.0000 1241.0000 374.0000 1.5493 1.5922 3.8063 -1.2982 1.6366 1.0036 -7.9393 -5.8867
Car -1 -1 -4.2910 132.4665 180.2022 212.1801 214.9511 1.4186 1.5868 3.8987 -19.5502 1.7684 32.3446 -4.8312 -5.8867
Car -1 -1 -4.6322 749.5507 179.9808 773.5947 199.4731 1.5221 1.6547 3.9349 12.6093 2.1355 60.0147 -4.4266 -5.8867
Car -1 -1 -4.8440 423.3125 183.2273 444.9629 198.9366 1.4169 1.5738 3.5570 -17.0012 2.4450 69.5881 -5.0831 -6.0078
Car -1 -1 -6.3321 128.3661 182.9487 231.0499 215.4362 1.5303 1.7264 4.4584 -22.1515 2.0770 37.1470 -6.8669 -6.1443
Car -1 -1 -6.6798 0.0000 192.5179 175.4100 374.0000 1.5479 1.6617 3.9709 -4.4277 1.6966 3.3283 -7.5673 -6.1727
Car -1 -1 -4.3038 0.0000 188.4795 0.0000 267.1399 1.4342 1.7058 4.7150 -16.7725 1.8490 16.6581 -5.0846 -6.1933
Car -1 -1 -5.1671 779.4784 187.5909 849.6221 226.8031 1.5937 1.5239 3.8367 9.1926 2.3062 32.8740 -4.8975 -6.2801
Car -1 -1 -4.9501 535.2822 180.8766 568.5440 202.2162 1.5298 1.6245 4.1159 -4.5431 2.1722 55.5962 -5.0317 -6.4474
Car -1 -1 -4.2407 141.6659 190.9470 299.1361 260.6738 1.4635 1.7639 4.2233 -9.7362 1.9769 18.3657 -4.7226 -6.7318
Car -1 -1 -4.7749 598.0746 178.7524 626.8659 201.9493 1.4756 1.6924 4.1620 0.0955 1.8941 49.1087 -4.7735 -6.8652
