Car -1 -1 -7.8433 563.9877 174.9507 615.5582 224.9092 1.6142 1.6764 3.1517 -0.7351 1.6912 25.0379 -7.8731 7.7052
Car -1 -1 -4.5825 480.5081 179.3461 512.2598 202.3997 1.4194 1.5701 3.9286 -7.4730 1.8645 47.5252 -4.7380 3.4584
Car -1 -1 -7.1798 1208.5482 172.7153 1241.0000 204.9456 1.4598 1.6604 4.3233 30.6968 1.4533 33.8550 -6.4479 -0.2958
Car -1 -1 -5.6241 1206.1967 165.5695 1241.0000 197.9660 1.6747 1.5812 3.1972 34.4562 1.2978 39.0185 -4.9047 -0.7775
Car -1 -1 -4.3529 538.9268 179.1101 573.7378 198.9661 1.5562 1.6236 3.8853 -4.4460 2.0939 59.9613 -4.4271 -0.9198
Car -1 -1 -7.6895 305.8172 182.2690 354.6467 214.5359 1.4263 1.5972 3.8738 -13.6011 1.9115 35.1526 -8.0565 -1.9767
Car -1 -1 -2.7681 731.8641 175.6128 797.3959 196.3664 1.4857 1.6816 4.5010 11.5421 1.6997 54.1075 -2.5595 -2.4249
Car -1 -1 -4.1356 866.4382 178.4083 938.9732 208.0875 1.4684 1.6356 4.0300 15.4866 1.7764 38.2107 -3.7537 -3.2666
Car -1 -1 -4.9285 525.2120 174.6685 555.4745 193.6024 1.5256 1.6808 4.1560 -5.9308 1.6838 60.8015 -5.0256 -3.3834
Car -1 -1 -4.6759 683.8201 177.4661 715.7934 206.8054 1.4711 1.5744 4.0641 4.8551 1.7336 38.9808 -4.5534 -3.4253
Car -1 -1 -5.1821 772.7908 175.2133 806.7906 192.0780 1.6025 1.6437 3.9427 17.6964 1.8421 71.2584 -4.9400 -3.7825
Car -1 -1 -4.8435 389.8381 178.3985 427.6987 204.9405 1.4721 1.6289 4.3659 -12.1610 1.8225 43.3177 -5.1159 -3.9880
Car -1 -1 -5.0681 763.9334 181.0609 802.0135 199.0751 1.3164 1.7383 3.5952 13.4342 1.9784 56.3395 -4.8357 -4.1901
Car -1 -1 -8.0695 406.1368 176.6607 434.0161 197.1515 1.7454 1.6183 3.8369 -16.9763 2.0954 64.3093 -8.3269 -4.2864
Car -1 -1 -5.0755 1098.7798 175.8161 1177.7659 212.0587 1.4648 1.5183 3.7670 22.9142 1.6021 31.5065 -4.4515 -4.3990
Car -1 -1 -4.7945 349.4247 182.9854 377.5601 205.6072 1.3684 1.4452 3.7969 -16.2870 2.0635 47.4928 -5.1234 -4.4294
Car -1 -1 -4.9067 480.9601 177.3202 518.7485 203.8534 1.5328 1.6416 3.4972 -6.8264 1.8183 44.2539 -5.0593 -4.4406
Car -1 -1 -4.4249 620.0354 176.5731 654.2497 198.3325 1.7142 1.6703 4.3886 2.2742 2.0352 59.9907 -4.3876 -4.4697
Car -1 -1 -5.0487 790.7178 177.8003 819.0714 193.2280 1.4506 1.5407 3.7273 19.1203 1.9501 70.9877 -4.7870 -4.5946
Car -1 -1 -4.7661 807.4232 176.7439 826.3578 192.0752 1.4540 1.5986 3.6254 20.4184 1.8490 71.3635 -4.4888 -4.8012
Car -1 -1 -8.3619 971.7054 158.8939 1034.1024 192.7818 2.1459 1.7954 4.2071 25.9086 1.2616 47.8058 -7.8681 -4.8272
Car -1 -1 -4.4413 682.9792 178.7758 726.3456 205.1648 1.4327 1.5842 3.6859 5.5260 1.7943 42.0806 -4.3121 -4.8425
Car -1 -1 -4.9423 457.8921 177.9528 488.6534 196.9047 1.5349 1.6921 4.1271 -11.7803 1.9875 61.8649 -5.1300 -4.8794
Car -1 -1 -4.3115 741.5327 177.1600 774.5290 193.1910 1.4871 1.6524 4.1838 14.4323 1.9194 70.3003 -4.1102 -4.9484
Car -1 -1 -8.4670 1148.5662 173.2664 1241.0000 207.0319 1.5700 1.7177 4.0251 28.8495 1.5912 35.6616 -7.7912 -5.1747
Car -1 -1 -3.7855 1135.6423 162.6911 1231.6406 190.6127 1.6798 1.7732 4.4501 35.1586 1.0681 44.3458 -3.1186 -5.1994
Car -1 -1 -5.0277 1142.2092 171.4791 1218.8300 207.8385 1.4617 1.5599 3.4388 24.2799 1.4061 30.8880 -4.3664 -5.2648
Car -1 -1 -4.7798 574.5257 176.4171 604.4141 199.2397 1.3979 1.6681 3.9845 -1.4075 1.6394 46.9036 -4.8101 -5.3123
Car -1 -1 -3.2099 1098.7268 157.9916 1188.9506 189.4252 1.9716 1.8456 4.6268 34.8157 1.0391 47.2723 -2.5782 -5.3838
Car -1 -1 -4.7126 711.6921 175.4538 742.9305 206.8320 1.6015 1.5928 3.7257 6.3117 1.7492 39.1160 -4.5543 -5.4729
Car -1 -1 -3.9806 749.1384 174.1163 794.2428 191.7820 1.5234 1.6536 4.0363 14.4087 1.6389 64.3306 -3.7616 -5.5177
Car -1 -1 -4.9018 557.1816 175.9545 600.5233 203.5990 1.4709 1.6823 4.2879 -1.8715 1.6573 41.1829 -4.9474 -5.5337
Car -1 -1 -4.9659 530.4488 175.6534 567.4355 198.6200 1.4995 1.6073 3.8965 -4.2799 1.7002 49.7256 -5.0518 -5.8242
Car -1 -1 -6.3482 393.9539 178.1030 450.4667 199.3146 1.5267 1.5207 3.9993 -14.0742 1.9287 53.9504 -6.6025 -5.8397
Car -1 -1 -4.9223 1241.0000 167.6417 1241.0000 195.5908 1.4800 1.6428 3.9955 41.4686 1.2037 40.3276 -4.1268 -5.8867
Car -1 -1 -6.9164 0.0000 0.0000 1241.0000 374.0000 1.5463 1.5908 3.8045 -2.1020 1.6380 1.0030 -7.9391 -5.8867
Car -1 -1 -4.6451 558.8154 177.3426 585.1280 198.6158 1.4033 1.5782 3.9206 -2.6522 1.7288 50.4013 -4.6979 -5.8867
Car -1 -1 -4.8928 1241.0000 167.4163 1241.0000 193.4759 1.4673 1.6403 3.9953 41.4677 1.1608 42.7435 -4.1262 -5.8867
Car -1 -1 -4.9849 927.4664 176.1418 983.6819 205.8073 1.4407 1.6358 3.8642 17.8581 1.6207 37.5346 -4.5443 -5.8867
Car -1 -1 -4.8172 686.6877 175.8909 708.9889 191.9360 1.3734 1.5690 3.9090 7.7956 1.6528 64.4725 -4.6978 -5.8867
Car -1 -1 -4.6658 1040.1008 165.3608 1063.0548 180.8281 1.4045 1.6574 4.0800 41.4131 0.7238 67.6711 -4.1186 -5.8867
Car -1 -1 -5.1360 594.2065 181.4221 631.7365 201.7759 1.3519 1.4205 3.3210 0.1483 1.9816 51.2487 -5.1336 -5.8895
Car -1 -1 -5.1552 1112.8169 175.9698 1203.6499 209.3810 1.4946 1.6731 4.6294 26.5256 1.6567 35.1659 -4.5133 -6.0213
