Car -1 -1 -8.0252 590.3638 178.9637 667.3635 241.0184 1.6038 1.6510 3.3036 0.4126 1.7941 20.7523 -8.0066 8.6270
Car -1 -1 -4.3585 294.2169 184.8517 357.3564 219.8978 1.4683 1.6474 3.2802 -12.9751 2.0445 33.0173 -4.7305 7.1153
Car -1 -1 -4.4793 378.8384 184.9362 437.2707 220.3657 1.4071 1.6184 3.9690 -8.9289 1.9770 32.0415 -4.7494 5.0493
Car -1 -1 -7.3827 0.0000 178.8771 53.4728 205.9724 1.6772 1.6427 3.9791 -38.8613 2.0929 47.7207 -8.0635 -0.6933
Car -1 -1 -4.5973 664.8810 180.4765 702.4544 208.7705 1.4721 1.6840 3.8538 4.1639 1.9237 40.7145 -4.4967 -1.5241
Car -1 -1 -7.3170 229.3986 176.6242 270.9719 193.9706 1.3993 1.5959 3.4391 -30.2741 1.7258 60.7541 -7.7778 -2.7250
Car -1 -1 -4.6338 257.8022 181.7479 297.0578 212.5368 1.5851 1.6815 4.1396 -18.7214 2.1136 40.6684 -5.0631 -2.7599
Car -1 -1 -7.6711 122.8722 168.0430 160.3217 191.4445 1.7622 1.7353 4.1229 -36.6930 1.3996 56.5695 -8.2445 -3.4546
Car -1 -1 -1.9618 87.7659 167.4998 140.3561 190.8973 1.6299 1.7137 4.0652 -35.8496 1.2566 52.0922 -2.5623 -3.4672
Car -1 -1 -5.1559 805.1644 183.0704 848.9074 202.4693 1.4110 1.6962 4.1010 17.0338 2.2471 56.9111 -4.8670 -3.4783
Car -1 -1 -5.0654 116.7676 176.6371 163.2187 198.2711 1.4193 1.5672 3.4963 -32.3517 1.6878 49.5955 -5.6411 -3.5319
Car -1 -1 -4.3258 123.0348 183.9259 205.0571 222.0229 1.5083 1.6394 4.1421 -19.7009 2.0325 32.0064 -4.8741 -3.5643
Car -1 -1 -5.0657 699.1767 184.7718 741.5771 210.2913 1.5178 1.6031 3.4248 7.0307 2.3154 46.4714 -4.9171 -3.6582
Car -1 -1 -2.1242 119.3820 166.9268 176.5528 191.4402 1.7350 1.7340 3.8909 -33.7759 1.3152 52.6957 -2.6921 -3.7365
Car -1 -1 -4.7650 496.3741 181.6345 518.0529 202.7201 1.7844 1.7286 3.6852 -9.2616 2.5953 64.6826 -4.9071 -3.9402
Car -1 -1 -7.6582 253.6498 174.7410 283.9598 193.2968 1.5163 1.6072 3.8733 -29.0414 1.6821 61.4550 -8.0982 -3.9785
Car -1 -1 -4.3911 420.4865 183.6527 458.2843 205.3652 1.5020 1.6720 3.6393 -12.6765 2.3333 53.6776 -4.6223 -4.0033
Car -1 -1 -7.6114 491.0009 179.8467 529.9730 209.4026 1.6143 1.5900 2.8481 -5.7409 2.0319 41.6197 -7.7481 -4.2480
Car -1 -1 -4.8755 570.9172 183.2061 600.3907 204.4383 1.5164 1.6329 4.0496 -1.9471 2.3470 55.7697 -4.9108 -4.2555
Car -1 -1 -7.7877 309.9061 171.3091 332.7968 190.7807 1.8433 1.7989 4.2570 -28.2289 1.6968 70.6078 -8.1669 -4.3757
Car -1 -1 -4.5651 254.9773 168.1234 281.3515 187.6517 1.7996 1.6905 4.0388 -32.5136 1.3634 68.6702 -5.0060 -4.6003
Car -1 -1 -5.0570 631.5021 181.9153 678.7343 207.4621 1.3702 1.6472 3.4968 2.5402 1.9209 41.9641 -4.9976 -4.6523
Car -1 -1 -7.0924 1113.1613 158.9751 1210.8834 193.4469 1.6798 1.6854 3.9039 27.7018 1.0032 36.3065 -6.4447 -4.6737
Car -1 -1 -4.8655 448.9946 183.0688 478.8402 205.1948 1.5218 1.6003 3.8651 -10.9223 2.3105 53.6457 -5.0658 -4.7394
Car -1 -1 -4.7351 666.1973 184.6323 686.0261 202.1057 1.4173 1.6320 3.7998 5.7315 2.4789 63.1033 -4.6455 -4.7446
Car -1 -1 -5.3102 799.3408 168.3712 836.9842 185.1097 1.5915 1.7206 3.7547 20.3259 1.1650 70.6569 -5.0314 -4.7924
Car -1 -1 -4.2109 0.0000 175.4830 11.2069 204.4697 1.6117 1.6980 4.5775 -38.0351 1.7768 42.9750 -4.9324 -4.8469
Car -1 -1 -4.5728 798.1534 185.1600 834.0432 210.0469 1.3908 1.5837 4.1954 12.7950 2.1924 44.7771 -4.2967 -4.9480
Car -1 -1 -4.5452 426.7995 180.9374 449.2707 196.1540 1.4334 1.6227 3.4214 -17.0559 2.2550 71.6014 -4.7786 -4.9921
Car -1 -1 -5.2511 700.8921 180.4006 744.3680 201.0657 1.5664 1.5901 4.1120 9.0577 2.2010 58.5054 -5.0987 -4.9922
Car -1 -1 -6.0906 834.4186 168.2225 901.2705 196.6862 2.2789 1.9112 4.9494 21.3418 1.9078 59.8496 -5.7500 -5.2142
Car -1 -1 -4.5422 344.5680 182.0091 383.5442 212.5510 1.7438 1.6448 3.8134 -15.1200 2.3326 44.4149 -4.8689 -5.5107
Car -1 -1 -4.8838 390.8940 181.4297 440.8346 211.4939 1.5195 1.9191 4.7374 -10.9883 2.0306 40.4763 -5.1476 -5.5765
Car -1 -1 -4.4344 653.1147 181.2111 695.2426 207.4980 1.4566 1.6435 3.3805 3.8302 1.9765 43.0435 -4.3468 -5.5952
Car -1 -1 -4.5577 596.1387 178.8541 631.4377 202.6764 1.3780 1.5995 4.0275 0.2466 1.7688 44.9189 -4.5528 -5.6379
Car -1 -1 -4.6244 388.2200 182.9872 422.1874 207.1161 1.3889 1.6950 4.3017 -12.9550 2.0624 45.7108 -4.8994 -5.6441
Car -1 -1 -4.7316 605.6953 180.3955 641.8254 211.5307 1.4501 1.7346 4.2498 0.6127 1.8563 36.7629 -4.7157 -5.7126
Car -1 -1 -4.7820 393.4215 182.0380 420.6365 202.6420 1.4064 1.6619 3.9625 -15.0558 2.1120 53.3101 -5.0563 -5.7341
Car -1 -1 -4.6903 538.0505 180.1675 560.5523 200.9883 1.4973 1.6360 4.1506 -4.6641 2.0810 55.5002 -4.7742 -5.8111
Car -1 -1 -5.1313 0.0000 176.3728 56.9372 202.0752 1.5049 1.7326 4.1890 -36.2231 1.7298 44.4419 -5.8123 -5.8421
Car -1 -1 -4.5828 749.2657 179.9238 776.3474 199.8611 1.5349 1.6787 4.0131 12.5541 2.1365 59.2589 -4.3755 -5.8660
Car -1 -1 -4.5462 634.8962 180.6848 661.5516 199.3266 1.5185 1.6665 4.0918 3.3356 2.2232 62.7806 -4.4939 -5.8867
Car -1 -1 -4.3835 460.0222 181.2503 492.2789 199.0103 1.4873 1.6451 3.9527 -11.9399 2.2613 64.4623 -4.5663 -5.8867
Car -1 -1 -4.4746 626.1760 179.5740 658.8560 200.4872 1.5104 1.6371 3.9405 2.5148 2.0476 55.5934 -4.4301 -5.8867
Car -1 -1 -5.8809 0.0000 188.9072 274.8001 374.0000 1.4509 1.8540 4.5419 -4.1233 1.5651 3.3210 -6.7345 -5.8896
Car -1 -1 -4.9000 601.4069 179.9829 644.6718 208.5367 1.5171 1.7442 4.1139 0.6587 1.9493 41.5995 -4.8848 -5.9313
Car -1 -1 -4.7364 322.5495 178.3765 347.2134 200.7893 1.6227 1.6753 4.4920 -21.3411 2.0680 55.8175 -5.1003 -6.0357
Car -1 -1 -4.5601 464.0093 180.5491 494.2274 200.6395 1.4485 1.7095 3.9488 -10.0623 2.0619 55.5472 -4.7388 -6.0450
Car -1 -1 -4.1722 607.4940 179.8755 645.6251 197.4440 1.4763 1.5271 4.0816 1.4917 2.1241 64.4705 -4.1496 -6.1070
Car -1 -1 -4.6577 305.5136 182.7663 337.3651 206.5888 1.4819 1.7810 4.0704 -19.5545 2.1842 48.9369 -5.0363 -6.2003
