Car -1 -1 -8.0550 603.2631 174.1707 685.1122 237.5662 1.6364 1.6652 3.3195 0.8350 1.6767 20.4710 -8.0157 8.8744
Car -1 -1 -4.5064 423.4019 179.1776 464.7626 206.2295 1.5152 1.6893 3.6880 -9.9033 1.9093 43.1434 -4.7311 4.3380
Car -1 -1 -4.4611 347.7125 181.9606 390.9990 208.7129 1.4361 1.5574 3.4697 -13.9016 1.9850 41.7325 -4.7811 3.6755
Car -1 -1 -4.4659 221.5800 177.4144 250.3734 193.3202 1.4602 1.5801 3.7871 -35.9671 1.9115 69.4248 -4.9425 0.3932
Car -1 -1 -4.1378 126.7209 167.0598 182.1606 190.6818 1.7863 1.7131 4.1159 -35.7058 1.3479 56.6335 -4.6983 -0.5568
Car -1 -1 -7.5940 243.4328 173.1837 275.1447 191.3172 1.5967 1.6758 3.7780 -31.8737 1.6273 65.6212 -8.0447 -1.1575
Car -1 -1 -5.1812 810.8104 176.3569 854.7339 197.4590 1.5432 1.8937 3.3454 16.9617 1.8195 55.1759 -4.8849 -1.4603
Car -1 -1 -4.7875 0.0000 174.6638 20.5350 200.9351 1.6740 1.6400 3.7184 -40.6303 1.7993 48.1422 -5.4859 -1.8756
Car -1 -1 -4.8455 186.2951 183.1355 234.0367 215.4352 1.5007 1.6254 3.9988 -20.5492 2.0566 36.9445 -5.3502 -1.9408
Car -1 -1 -7.6285 487.1484 174.7444 525.9106 200.9489 1.6293 1.6523 4.0300 -6.7554 1.7582 47.2384 -7.7701 -2.0037
Car -1 -1 -7.6590 633.7812 178.8647 686.7482 214.2670 1.4794 1.6447 4.2308 2.3362 1.7742 33.1740 -7.5899 -2.0385
Car -1 -1 -7.3700 20.3513 175.5895 77.3633 199.8118 1.6264 1.6033 3.7586 -39.5260 1.8265 50.8850 -8.0280 -2.6479
Car -1 -1 -7.4519 291.6136 171.0651 325.2132 186.9047 1.5278 1.6738 3.9148 -29.8834 1.3550 71.5596 -7.8463 -2.9612
Car -1 -1 -4.4928 482.5277 183.5065 512.1518 204.1477 1.5414 1.6083 3.5155 -8.9784 2.4175 57.5533 -4.6473 -3.0408
Car -1 -1 -2.6726 0.0000 174.4759 11.1394 199.0606 1.5007 1.8681 4.0965 -40.8544 1.6062 45.6585 -3.3998 -3.4846
Car -1 -1 -8.0758 595.2394 178.5228 647.3234 213.1915 1.4585 1.5785 3.7661 0.4137 1.7334 33.0176 -8.0640 -3.5816
Car -1 -1 -3.8556 0.0000 186.4509 54.8336 224.7812 1.4398 1.5571 3.4050 -25.5070 2.0424 30.1876 -4.5529 -3.6421
Car -1 -1 -4.9586 0.0000 170.1178 44.1971 198.2985 1.6570 1.6539 4.0669 -36.4714 1.4958 44.3024 -5.6445 -3.7226
Car -1 -1 -7.6180 263.7813 172.1654 295.3091 191.7663 1.7338 1.7082 4.0963 -30.2009 1.6726 65.9986 -8.0459 -3.7936
Car -1 -1 -4.3761 496.6634 182.3184 532.1723 203.4486 1.5658 1.6700 3.6832 -7.5654 2.3418 57.2084 -4.5074 -3.8633
Car -1 -1 -4.6403 88.7563 169.2516 118.1299 191.4490 1.6611 1.5971 3.7025 -39.2970 1.3912 55.9926 -5.2502 -3.9188
Car -1 -1 -4.7047 714.8322 180.2366 742.6685 205.9083 1.4892 1.6444 3.9797 7.4056 1.9725 45.1631 -4.5437 -4.1019
Car -1 -1 -4.7931 569.4849 177.3722 594.5409 198.1951 1.5471 1.6429 3.9408 -2.2536 1.9139 56.5571 -4.8332 -4.3283
Car -1 -1 -4.7825 18.7082 187.3672 83.1000 232.4870 1.4768 1.6385 3.8757 -20.9232 2.0575 26.8912 -5.4391 -4.4600
Car -1 -1 -5.2532 487.4790 178.4339 523.6464 196.0110 1.5324 1.6037 3.6918 -9.6084 2.0581 66.0721 -5.3974 -4.5211
Car -1 -1 -4.8707 711.5010 176.4853 740.0500 198.6054 1.7083 1.6471 4.0935 9.3109 2.0125 58.4444 -4.7140 -4.5347
Car -1 -1 -4.7266 838.6318 185.3104 889.4895 228.2827 1.4055 1.6724 4.1477 9.4473 1.9120 27.1248 -4.3955 -4.5784
Car -1 -1 -5.1175 598.6563 177.5210 653.0015 206.6262 1.4384 1.5515 3.6720 0.7482 1.6987 38.2921 -5.0987 -4.5996
Car -1 -1 -4.7871 677.1505 178.3524 709.3806 206.8699 1.5208 1.5392 3.6601 4.6587 1.8474 41.0511 -4.6754 -4.6316
Car -1 -1 -7.8288 816.2639 178.2102 848.0462 206.7338 1.5614 1.7006 4.2227 13.1254 1.8944 42.6232 -7.5325 -4.7613
Car -1 -1 -2.0227 0.0000 164.2549 31.8458 267.8042 1.8762 1.7689 3.9909 -14.0332 1.7201 14.6082 -2.7789 -5.0227
Car -1 -1 -2.4683 0.0000 191.7633 169.3824 374.0000 1.5105 1.8448 4.8030 -5.6716 1.6593 4.2596 -3.3645 -5.1388
Car -1 -1 -4.9372 398.9493 179.7737 428.7837 199.5356 1.5338 1.5627 3.8052 -16.2211 2.1235 59.4794 -5.2026 -5.1548
Car -1 -1 -4.5531 764.1898 177.6934 795.5851 200.5159 1.4906 1.5251 3.9463 11.8068 1.8408 50.1374 -4.3236 -5.1776
Car -1 -1 -3.8484 710.2921 176.4284 775.0811 201.8925 1.6088 1.7043 4.1057 8.7800 1.8543 47.8520 -3.6685 -5.2475
Car -1 -1 -4.5991 360.1507 179.4568 392.9115 202.5554 1.4536 1.6529 4.0953 -15.7788 1.9199 48.8168 -4.9105 -5.5756
Car -1 -1 -4.4116 365.4751 178.9032 405.4739 202.0431 1.7659 1.7713 4.7637 -18.2233 2.2776 58.6900 -4.7117 -5.5832
Car -1 -1 -4.3640 567.8710 178.2076 609.1017 200.2974 1.4029 1.6292 3.6853 -1.4447 1.7796 48.8016 -4.3939 -5.6792
Car -1 -1 -7.1507 906.1074 152.7602 957.4033 175.2827 1.7030 1.5881 3.7654 24.9897 0.1833 56.0937 -6.7335 -5.6981
Car -1 -1 -5.3206 879.0456 186.0209 992.1214 236.8059 1.4719 1.5308 3.7339 10.6136 1.9442 23.9186 -4.9082 -5.7660
Car -1 -1 -4.6711 775.0193 178.8440 810.4136 213.3872 1.6031 1.5798 3.7363 9.1656 1.9201 36.2007 -4.4256 -5.8102
Car -1 -1 -4.6425 351.3994 179.9818 377.1471 198.7009 1.3885 1.6467 4.2618 -19.5758 1.9789 57.5209 -4.9694 -5.8479
Car -1 -1 -4.5619 672.9257 176.9815 705.7192 200.2065 1.4657 1.6252 3.8973 5.3231 1.7541 48.3705 -4.4535 -5.8867
Car -1 -1 -4.6557 874.6469 183.4643 922.8056 227.6121 1.4633 1.4773 3.5019 10.6924 1.8840 26.7285 -4.2796 -6.4036
Car -1 -1 -7.3861 160.6935 184.4044 361.6453 304.4769 1.5240 1.3898 3.3679 -5.2378 1.7303 11.1966 -7.8152 -6.4501
