Car -1 -1 -7.9889 576.1463 178.7675 646.6562 238.2145 1.5752 1.6217 3.2993 -0.0823 1.7630 21.2124 -7.9936 8.1360
Car -1 -1 -4.1092 0.0000 189.4596 242.8209 301.2872 1.4562 1.6486 4.1348 -8.1227 1.7823 12.0996 -4.6905 7.3699
Car -1 -1 -4.1630 23.7797 187.3651 181.6308 257.4531 1.4419 1.5595 3.3193 -11.9895 1.8225 17.2437 -4.7635 2.9881
Car -1 -1 -1.7181 149.0286 172.3639 178.7936 192.0148 1.7000 1.6882 4.0704 -39.9347 1.6574 64.5227 -2.2707 -1.3612
Car -1 -1 -7.5331 209.1984 174.2146 249.7081 195.6461 1.5008 1.6084 3.4264 -27.7100 1.6031 52.5796 -8.0162 -1.4105
Car -1 -1 -2.4896 0.0000 165.5507 31.5242 197.0795 1.6497 1.6540 3.8048 -33.6638 1.2673 38.6950 -3.2023 -1.9509
Car -1 -1 -4.6583 629.3561 179.4317 656.6202 204.3015 1.5557 1.6116 4.1083 2.2165 2.0158 48.3824 -4.6133 -2.2923
Car -1 -1 -5.3648 152.2131 170.6390 204.7771 189.8258 1.5374 1.6340 3.9752 -35.4967 1.3596 59.3134 -5.9022 -2.4139
Car -1 -1 -5.4253 929.4796 183.8959 996.0327 212.9244 1.4997 1.6916 3.1414 19.6222 2.1432 40.3348 -4.9759 -2.7708
Car -1 -1 -4.2264 55.9779 184.7388 140.1425 219.6315 1.4349 1.5542 3.7475 -23.3141 2.0097 32.9609 -4.8384 -3.0013
Car -1 -1 -8.0619 924.1913 163.8801 954.6310 183.1801 1.7416 1.7332 4.2488 30.6890 0.9315 67.3713 -7.6363 -3.4063
Car -1 -1 -4.1154 373.1021 178.8580 411.6972 194.4688 1.4463 1.6276 4.0442 -21.2932 2.0523 70.6923 -4.4072 -3.8028
Car -1 -1 -7.2920 0.0000 195.4956 198.5516 278.3743 1.3613 1.6985 4.1037 -10.6001 1.8996 15.0777 -7.8967 -3.9682
Car -1 -1 -4.5166 135.1379 172.0374 172.6158 192.0429 1.6067 1.8851 4.0461 -38.0066 1.5408 60.1736 -5.0781 -4.1779
Car -1 -1 -4.8918 580.7690 175.4447 603.1491 191.5548 1.5315 1.5868 3.5829 -1.8217 1.7934 71.1225 -4.9176 -4.2574
Car -1 -1 -4.6500 480.4537 180.2640 506.1436 201.9372 1.5039 1.6455 3.7291 -8.6200 2.0711 53.3254 -4.8099 -4.3871
Car -1 -1 -4.1290 1216.3005 155.4087 1241.0000 191.8732 1.5376 1.5621 3.3120 28.5923 0.8017 31.6002 -3.3982 -4.5197
Car -1 -1 -5.8953 1036.4591 171.4330 1131.9364 202.4260 1.4557 1.4530 3.6832 23.4252 1.3886 35.8154 -5.3202 -4.6067
Car -1 -1 -7.6099 64.8745 171.9534 115.7197 198.5245 1.7060 1.7928 4.2714 -34.9856 1.6478 48.6410 -8.2309 -4.6358
Car -1 -1 -4.1577 0.0000 189.5561 148.1634 253.0760 1.3720 1.6973 4.1995 -14.1932 1.8589 18.8855 -4.7955 -4.8333
Car -1 -1 -4.7198 519.5557 183.0379 537.5969 200.9540 1.4509 1.5068 3.5676 -7.0813 2.3578 62.4117 -4.8327 -4.9387
Car -1 -1 -4.8049 803.2775 187.2422 833.1307 210.0008 1.4364 1.6105 4.2207 14.5154 2.4888 50.5712 -4.5275 -4.9588
Car -1 -1 -8.2255 500.9908 179.7236 540.4307 201.9421 1.5275 1.6009 3.7858 -6.6133 2.0505 52.9167 -8.3496 -4.9770
Car -1 -1 -5.3577 983.5641 0.0000 1241.0000 374.0000 1.8585 1.7618 5.1227 3.5302 1.5029 3.2578 -4.5768 -5.0398
Car -1 -1 -4.4603 20.8594 174.8287 82.3079 207.0559 1.5180 1.5587 3.6867 -27.9973 1.6224 36.2341 -5.1148 -5.2366
Car -1 -1 -2.4314 300.8320 180.0283 375.7105 208.6430 1.5495 1.5912 3.9113 -15.5500 1.9730 41.2028 -2.7904 -5.3183
Car -1 -1 -7.5810 146.0160 181.4258 226.5552 225.8821 1.4631 1.6148 3.6169 -15.4712 1.8003 26.4529 -8.1060 -5.3295
Car -1 -1 -4.1302 0.0000 194.5776 63.8196 282.4460 1.3945 1.5807 2.8459 -12.1762 1.8528 13.7166 -4.8466 -5.3534
Car -1 -1 -6.1119 1143.7289 79.8764 1241.0000 374.0000 1.4845 1.6844 4.5776 5.2774 1.3891 3.1731 -5.1228 -5.3591
Car -1 -1 -5.1222 679.4523 183.8089 712.7115 200.8441 1.3803 1.5025 3.7697 7.4662 2.3685 63.0863 -5.0054 -5.3649
Car -1 -1 -4.7438 591.1263 180.3745 624.0916 207.8434 1.3971 1.6828 4.3101 -0.2190 1.8373 40.0791 -4.7497 -5.3780
Car -1 -1 -5.2290 555.6529 179.3706 608.9326 202.3108 1.3500 1.6414 3.9334 -1.8371 1.7820 45.7611 -5.2693 -5.3977
Car -1 -1 -4.7936 545.0339 178.8671 572.7586 199.3555 1.3811 1.6580 4.1432 -3.7564 1.8330 52.0869 -4.8657 -5.4613
Car -1 -1 -4.9050 450.5961 178.5363 478.8333 196.0017 1.4569 1.6404 4.4104 -12.9571 1.9796 64.0674 -5.1041 -5.5195
Car -1 -1 -3.5506 867.1976 177.9406 945.2282 204.0495 1.7688 1.8715 4.6682 20.5528 2.1297 50.2567 -3.1649 -5.5338
Car -1 -1 -4.3758 26.0284 181.8646 134.5837 231.3472 1.4049 1.5713 4.0354 -17.0850 1.7241 23.4287 -5.0006 -5.5363
Car -1 -1 -4.4702 592.8630 177.0489 634.2648 200.1413 1.3684 1.6256 4.4243 0.2487 1.6489 45.9519 -4.4653 -5.5541
Car -1 -1 -4.7199 724.4453 184.3508 753.8306 213.2647 1.5655 1.6395 4.0530 7.6155 2.2827 42.8973 -4.5460 -5.8186
Car -1 -1 -4.3408 78.5300 179.4215 189.5718 232.3085 1.4962 1.6159 3.9320 -15.0725 1.7245 23.0206 -4.9154 -5.8521
Car -1 -1 -5.9441 0.0000 148.4255 300.7160 374.0000 1.6049 1.9689 5.0023 -4.3958 1.5562 3.5240 -6.8021 -5.8591
Car -1 -1 -4.4262 61.8775 182.8218 151.5356 225.2854 1.4336 1.7202 4.0386 -19.1425 1.8444 27.5732 -5.0287 -5.8747
Car -1 -1 -4.6461 758.5019 180.0288 782.4182 200.2658 1.5379 1.6438 3.8896 12.9920 2.1394 58.4179 -4.4288 -5.8867
Car -1 -1 -4.4774 484.9116 178.7778 514.6887 196.8867 1.4794 1.6406 4.0885 -9.5180 2.0089 62.4279 -4.6285 -5.8867
Car -1 -1 -6.8388 0.0000 0.0000 1241.0000 374.0000 1.5462 1.5933 3.8067 -2.5161 1.6352 0.9960 -7.9398 -5.8867
Car -1 -1 -5.0446 704.0292 180.4250 737.7612 200.1426 1.5381 1.5612 3.9412 9.1482 2.1888 59.9621 -4.8944 -5.9380
Car -1 -1 -4.6753 586.1741 177.6345 612.3167 200.6797 1.4339 1.5880 3.8504 -0.7086 1.7621 47.6434 -4.6906 -6.1656
Car -1 -1 -4.5309 443.0887 180.7880 478.7541 206.0451 1.7401 1.8247 4.3351 -10.9819 2.3496 53.2704 -4.7336 -6.3891
Car -1 -1 -1.9030 113.8864 172.3841 158.0600 194.2443 1.8381 1.8719 4.4345 -41.2777 1.7982 62.7656 -2.4829 -6.6069
Car -1 -1 -4.6379 111.0340 183.9676 163.2171 221.5998 1.5872 1.7341 4.2375 -22.2741 2.1463 34.0494 -5.2138 -6.8378
