Car -1 -1 -7.8841 578.4508 177.8002 634.2672 232.9985 1.6317 1.6754 3.0793 -0.2189 1.8011 23.1830 -7.8943 6.4982
Car -1 -1 -4.1255 345.4912 179.7842 401.4268 203.9969 1.4128 1.5315 3.7100 -14.8028 1.8662 45.2356 -4.4403 -0.8868
Car -1 -1 -5.3663 1018.8356 191.4736 1107.0194 224.9844 1.4394 1.7208 3.6937 21.8567 2.3933 35.0543 -4.8132 -1.3251
Car -1 -1 -5.3092 1019.0784 175.2152 1079.1830 202.5426 1.7952 1.7163 3.7387 30.1053 1.9636 49.6431 -4.7671 -1.4081
Car -1 -1 -4.6574 954.6769 183.2438 976.1580 201.2859 1.5502 1.5770 3.7807 32.6911 2.5349 66.3723 -4.2020 -2.7700
Car -1 -1 -6.9965 250.0005 177.9629 345.9080 214.3869 1.5047 1.5663 3.8796 -13.9955 1.7491 32.4790 -7.4007 -2.8555
Car -1 -1 -3.1679 217.6007 175.0050 306.9458 209.2370 1.6436 1.6418 3.9910 -17.5910 1.7570 36.4896 -3.6145 -3.0113
Car -1 -1 -7.2404 442.8007 174.1797 478.7332 190.9875 1.5643 1.5960 3.6157 -14.3488 1.6952 69.4419 -7.4437 -3.0189
Car -1 -1 -4.6982 504.1412 178.4168 521.7753 195.6835 1.5088 1.5538 3.7805 -8.9127 2.0347 66.2863 -4.8317 -3.2948
Car -1 -1 -4.4493 719.9795 185.1698 766.4842 212.7773 1.4594 1.6419 4.2826 7.8566 2.2230 42.4689 -4.2682 -3.4101
Car -1 -1 -4.8045 779.0309 186.1818 806.9244 207.3114 1.5194 1.7225 4.4794 14.4296 2.6187 57.1867 -4.5591 -3.5113
Car -1 -1 -5.0054 724.2777 185.5450 759.2895 207.4499 1.5214 1.5935 3.6425 9.8319 2.5082 54.2184 -4.8275 -3.7233
Car -1 -1 -4.9076 986.4354 181.7344 1020.5827 202.0870 1.5613 1.6878 4.1306 32.3778 2.3208 59.5117 -4.4119 -3.8547
Car -1 -1 -5.0662 943.8470 183.4325 975.3504 200.7054 1.5573 1.5500 3.6247 33.4828 2.5995 69.2309 -4.6179 -3.9226
Car -1 -1 -8.8077 1200.2145 128.2565 1241.0000 168.0692 1.6501 1.7319 4.1539 29.4750 -0.2315 32.6549 -8.0777 -4.0724
Car -1 -1 -8.1482 972.3389 171.4104 1003.7596 189.3233 1.6777 1.6330 3.8323 36.4082 1.5421 69.6101 -7.6683 -4.0933
Car -1 -1 -4.8355 664.9137 181.8113 697.5830 207.9956 1.5517 1.5867 4.0088 4.4803 2.1498 46.1710 -4.7400 -4.3952
Car -1 -1 -4.4351 627.2020 182.1379 661.2700 202.3720 1.5243 1.6635 4.2943 2.8040 2.3098 58.7685 -4.3881 -4.4517
Car -1 -1 -4.7494 617.7343 182.3413 644.1140 204.7893 1.3842 1.6031 4.0727 1.3298 2.0453 48.2632 -4.7225 -4.5349
Car -1 -1 -4.7724 990.1092 188.4265 1034.6719 224.9161 1.6099 1.6755 3.7298 19.7631 2.4226 35.6234 -4.2701 -4.6133
Car -1 -1 -7.6841 542.7168 178.7585 573.2560 201.9916 1.5496 1.5296 3.8631 -3.6782 1.9841 51.1381 -7.7560 -4.6709
Car -1 -1 -5.0369 567.6461 179.5259 605.9942 202.0509 1.5003 1.6246 3.6906 -1.7161 1.9927 51.2645 -5.0707 -4.6865
Car -1 -1 -5.3373 986.0034 177.5900 1045.4504 206.2650 2.0278 1.7123 4.2270 30.2253 2.3961 53.9506 -4.8295 -4.7664
Car -1 -1 -3.9387 789.3902 181.3217 848.5323 206.4796 1.7304 1.7717 4.1217 15.2200 2.3687 52.6226 -3.6592 -4.8258
Car -1 -1 -6.7207 806.5135 185.9026 870.9171 208.1370 1.4321 1.6646 3.8067 15.4166 2.3341 48.8179 -6.4171 -4.8633
Car -1 -1 -8.8143 1211.9070 137.5802 1241.0000 169.8144 1.6316 1.7803 4.2269 35.5649 -0.1750 39.2090 -8.0811 -4.9109
Car -1 -1 -7.1887 940.5923 190.4507 1009.7592 219.2408 1.5091 1.6016 3.6772 20.8049 2.5498 41.1750 -6.7244 -5.1335
Car -1 -1 -4.4952 0.4399 181.6532 44.5719 205.0022 1.5297 1.6636 3.5983 -41.2897 2.1724 50.7466 -5.1757 -5.1364
Car -1 -1 -5.3199 987.0641 176.5053 1036.4341 199.5380 1.9127 1.6686 4.1532 34.8492 2.2409 62.7532 -4.8154 -5.1494
Car -1 -1 -5.1165 856.7092 188.9940 894.4756 209.2877 1.4140 1.5187 3.2404 20.0181 2.6716 54.5738 -4.7673 -5.2801
Car -1 -1 -4.6929 882.9130 191.1434 922.4771 228.3810 1.4724 1.5670 3.7740 13.1951 2.3497 32.5800 -4.3120 -5.2996
Car -1 -1 -4.6113 845.7640 186.7066 872.0367 206.9397 1.6171 1.7905 3.8053 21.6117 2.8599 62.6480 -4.2812 -5.4150
Car -1 -1 -4.5039 499.0239 179.7693 535.8121 202.2444 1.3843 1.5720 4.2979 -6.1396 1.8653 48.0061 -4.6308 -5.6014
Car -1 -1 -5.1689 578.1030 180.1597 639.4411 207.2413 1.3713 1.6715 4.2981 -0.1719 1.8000 40.0714 -5.1737 -5.6814
Car -1 -1 -4.4560 592.4748 180.7001 630.6747 203.9786 1.4919 1.6567 4.1160 0.1244 2.0585 49.9292 -4.4540 -5.7526
Car -1 -1 -4.7050 509.3206 181.0956 532.6631 203.5937 1.5184 1.6227 4.6083 -6.5290 2.1486 52.8236 -4.8278 -5.7557
Car -1 -1 -5.1978 574.0336 178.9349 628.4581 203.4838 1.4440 1.7040 4.1522 -0.6430 1.8484 45.7788 -5.2122 -5.8140
Car -1 -1 -4.6783 528.3364 180.0220 553.5589 202.3466 1.3854 1.5404 4.1462 -4.6134 1.8854 48.2510 -4.7735 -5.8625
Car -1 -1 -4.7404 1106.2010 173.2079 1132.8530 192.2966 1.4981 1.6483 3.9957 41.4754 1.5277 58.8256 -4.1289 -5.8867
Car -1 -1 -4.6385 595.0519 179.1653 619.2303 198.8773 1.4930 1.6578 3.9848 -0.2242 2.0179 58.0039 -4.6428 -5.8867
Car -1 -1 -7.5634 152.2902 0.0000 1241.0000 374.0000 1.5503 1.5934 3.8064 -0.4945 1.6309 1.0024 -7.9392 -5.8867
Car -1 -1 -4.7150 1081.0679 172.7567 1104.6049 190.4210 1.4672 1.6366 3.9876 41.4746 1.4589 62.0473 -4.1282 -5.8867
Car -1 -1 -4.7589 1126.6925 172.1437 1155.9836 191.9064 1.4872 1.6442 3.9944 41.4735 1.4334 56.4156 -4.1277 -5.8867
Car -1 -1 -8.6436 0.0000 0.0000 1049.1841 374.0000 1.5520 1.5935 3.8069 1.1136 1.6201 1.0023 -7.9392 -5.8867
Car -1 -1 -6.9165 0.0000 0.0000 1241.0000 374.0000 1.5487 1.5909 3.8051 -2.1017 1.6474 1.0032 -7.9391 -5.8867
Car -1 -1 -4.7819 595.1699 177.9367 620.7715 198.7424 1.4361 1.5949 3.9580 -0.2124 1.8222 52.8288 -4.7863 -5.8867
Car -1 -1 -4.6041 731.9043 179.3056 756.4601 198.0561 1.4984 1.6452 3.8716 11.3818 2.0639 61.1887 -4.4215 -5.8867
Car -1 -1 -4.6887 1057.1687 170.9842 1079.7540 187.6718 1.4606 1.6405 4.0011 41.4713 1.2967 65.2739 -4.1250 -5.8867
Car -1 -1 -5.4420 926.3165 179.4113 1016.0803 213.7186 1.5602 1.6463 4.1202 17.8026 1.9059 35.8622 -4.9850 -6.1256
Car -1 -1 -5.0418 430.7477 178.8438 473.8652 202.8132 1.5142 1.6918 3.8296 -10.7106 1.9354 48.6947 -5.2575 -6.1296
Car -1 -1 -4.5024 391.4756 181.3720 429.9132 204.7569 1.4151 1.6106 4.0693 -13.0307 1.9972 47.2541 -4.7704 -6.3116
