Car -1 -1 -4.2875 184.6148 197.7260 378.3887 296.4572 1.4733 1.6985 4.4789 -6.2006 2.0388 14.1578 -4.6941 8.8050
Car -1 -1 -7.8530 567.5789 175.4574 623.8806 230.2390 1.6287 1.6873 3.2708 -0.5112 1.7183 23.2627 -7.8755 8.6038
Car -1 -1 -4.6177 641.6774 174.4905 666.0102 194.5336 1.5702 1.6226 3.9478 3.5860 1.7082 58.9388 -4.5577 0.3011
Car -1 -1 -5.1612 858.3844 159.9703 900.5602 184.8633 1.9841 1.7972 3.7501 22.1290 0.9569 59.4611 -4.8067 -0.7687
Car -1 -1 -7.8114 833.6339 166.5925 856.3912 186.0277 1.5928 1.6744 4.1214 19.9853 1.0793 61.3554 -7.4981 -1.3484
Car -1 -1 -7.5453 348.2635 175.4168 379.9022 192.3211 1.5185 1.6845 3.9182 -22.9459 1.7646 67.3902 -7.8725 -2.3035
Car -1 -1 -8.1753 259.5202 195.4072 378.4512 265.1410 1.4137 1.6080 3.7991 -7.3336 2.0334 17.8671 -8.5602 -2.3124
Car -1 -1 -7.5528 363.3225 175.1920 398.2815 200.2148 2.2599 1.8360 4.6567 -21.5431 2.4872 67.9326 -7.8591 -2.9097
Car -1 -1 -5.4778 960.8608 161.8313 1041.6372 194.4528 1.6673 1.6745 3.7699 20.9763 1.1036 38.9190 -4.9868 -2.9294
Car -1 -1 -4.6718 696.5914 172.9903 723.1354 196.0442 1.5138 1.6470 4.1578 6.8673 1.5233 49.5956 -4.5354 -3.0330
Car -1 -1 -8.0993 796.8663 166.6110 824.2163 183.0173 1.4721 1.6137 3.5227 18.4333 0.9116 66.5210 -7.8303 -3.0540
Car -1 -1 -2.1104 186.8414 198.2427 348.2909 273.4195 1.4338 1.6175 3.8692 -8.0174 2.0822 16.6890 -2.5525 -3.3261
Car -1 -1 -4.5451 30.7194 171.1902 69.5927 194.6652 1.6550 1.6478 3.7230 -41.0194 1.5374 52.8986 -5.2023 -3.3999
Car -1 -1 -4.9234 776.7582 166.4056 808.9626 187.9481 1.6879 1.7676 3.7712 14.7440 1.1824 58.4505 -4.6777 -3.4154
Car -1 -1 -4.3282 155.5412 174.0157 191.4643 191.5121 1.5612 1.5908 3.6197 -40.2321 1.6711 66.5475 -4.8703 -3.7564
Car -1 -1 -4.9569 552.3297 180.0028 586.8156 202.1312 1.4453 1.5482 3.7060 -2.8930 1.9643 50.4177 -5.0143 -4.1687
Car -1 -1 -6.7944 1021.5082 167.2486 1172.6287 212.5733 1.4536 1.6054 3.8976 16.1100 1.2735 24.0815 -6.2107 -4.2989
Car -1 -1 -4.2869 816.8846 167.0191 864.3434 190.9769 1.5456 1.6108 3.8252 15.5006 1.1689 48.5086 -3.9796 -4.5921
Car -1 -1 -4.6273 546.2409 183.2394 567.6735 201.7237 1.5372 1.5857 3.7527 -4.7009 2.4854 64.0095 -4.7008 -4.7720
Car -1 -1 -4.6860 735.9367 170.9638 767.9509 201.0716 1.4745 1.5360 3.7502 7.3418 1.3816 37.3328 -4.4937 -4.9057
Car -1 -1 -4.9891 602.4630 178.0918 643.2998 201.6115 1.4177 1.5660 4.1112 0.7488 1.7719 46.6545 -4.9736 -5.1184
Car -1 -1 -4.7397 710.7653 172.6609 744.2242 203.2969 1.5285 1.6157 4.0860 6.1208 1.5186 38.1302 -4.5822 -5.1926
Car -1 -1 -4.8395 577.3525 177.5451 615.7950 204.9437 1.5053 1.7065 4.5369 -0.8893 1.7988 42.8233 -4.8606 -5.4532
Car -1 -1 -4.7707 581.1114 176.4963 620.3351 208.0906 1.5471 1.7842 5.0351 -0.6001 1.7542 38.5039 -4.7867 -5.5294
Car -1 -1 -4.6429 523.5126 177.6528 554.1949 206.6595 1.7107 1.6498 3.8191 -4.4431 2.0234 45.1261 -4.7409 -5.5527
Car -1 -1 -4.5991 508.2741 181.2454 537.6493 203.9637 1.5220 1.6380 4.2048 -6.2608 2.1511 52.0050 -4.7187 -5.5910
Car -1 -1 -5.1085 535.0365 178.2002 581.6021 203.2813 1.5184 1.6606 3.7922 -3.4160 1.8789 46.6287 -5.1817 -5.6662
Car -1 -1 -4.6753 599.9174 176.5692 625.6970 199.0225 1.4812 1.6529 4.0851 0.2004 1.7509 50.3587 -4.6718 -5.7185
Car -1 -1 -4.7096 577.5877 176.7702 601.8785 198.5634 1.4135 1.6005 4.0782 -1.4219 1.6936 49.5979 -4.7385 -5.7956
Car -1 -1 -8.6547 1172.2523 179.5346 1241.0000 374.0000 1.6035 1.7323 3.9669 4.3305 1.6486 2.8156 -7.7079 -5.8204
Car -1 -1 -4.7132 569.9804 180.9097 589.0855 199.1867 1.4961 1.6109 4.0040 -2.6832 2.2207 62.8922 -4.7561 -5.8867
Car -1 -1 -3.4936 0.0000 201.6737 0.0000 374.0000 1.5234 1.6125 3.9651 -6.2786 1.6878 2.1287 -4.6977 -5.8867
Car -1 -1 -4.6857 590.0806 177.0028 612.6169 196.7997 1.3945 1.5743 3.9173 -0.6419 1.7139 53.6223 -4.6980 -5.8867
Car -1 -1 -6.9170 0.0000 0.0000 1241.0000 374.0000 1.5429 1.5883 3.8034 -2.1016 1.6282 1.0046 -7.9391 -5.8867
Car -1 -1 -9.2814 0.0000 0.0000 1241.0000 374.0000 1.5165 1.5829 3.7952 5.5228 1.4547 0.9958 -7.9398 -5.8867
Car -1 -1 -4.8186 585.2999 176.4657 617.0842 200.2535 1.4259 1.6020 3.9716 -0.6363 1.6659 45.9459 -4.8328 -5.8867
Car -1 -1 -4.3944 463.8253 181.5047 494.4948 198.7180 1.5202 1.6374 4.1294 -12.3193 2.3616 68.0494 -4.5732 -5.8881
Car -1 -1 -1.7483 135.9467 177.5045 165.7458 195.1795 1.5104 1.5780 3.9935 -41.2258 1.9402 64.7183 -2.3138 -6.1082
Car -1 -1 -7.8643 919.6882 163.7245 961.3525 201.7483 1.7644 1.7763 4.3558 16.3245 1.3405 35.8328 -7.4402 -6.1450
Car -1 -1 -4.9511 788.4073 166.4094 817.5216 186.9156 1.5020 1.4227 3.0854 14.4899 1.0297 54.4066 -4.6924 -6.1950
Car -1 -1 -8.1833 956.4578 145.9323 1004.1390 179.3860 2.3452 1.7062 4.5829 27.0758 0.4576 52.9699 -7.7131 -6.2291
Car -1 -1 -2.9543 431.6389 181.9226 493.0842 204.4472 1.7385 2.0407 4.5038 -11.7657 2.4752 57.5882 -3.1554 -6.2895
