Car -1 -1 -7.8642 599.3695 177.2119 663.4756 239.7892 1.5955 1.6550 3.2151 0.5251 1.7272 20.2417 -7.8396 7.5795
Car -1 -1 -4.4924 91.6011 191.1132 173.1824 238.7050 1.4087 1.5563 3.7161 -16.4253 2.0899 24.9152 -5.0706 -1.2584
Car -1 -1 -8.1453 860.3524 163.5306 895.9083 183.0326 1.5086 1.6813 3.6320 21.3617 0.7871 57.6804 -7.7924 -2.6082
Car -1 -1 -4.8706 667.7734 171.8615 692.2381 189.1174 1.5267 1.6124 3.9498 6.3355 1.4386 65.8610 -4.7755 -2.6225
Car -1 -1 -6.9877 123.5439 186.6548 240.0748 231.7336 1.5383 1.5997 3.7141 -16.4663 2.1097 27.8736 -7.5174 -3.1965
Car -1 -1 -8.1611 684.2111 169.7384 727.4744 196.8724 1.6553 1.6489 3.8143 6.0297 1.4649 46.0405 -8.0321 -3.3031
Car -1 -1 -7.4270 468.8005 171.9860 509.5026 198.2724 2.2684 1.8626 4.6012 -10.8078 2.1932 64.7278 -7.5922 -3.4910
Car -1 -1 -7.7319 308.2747 165.4052 338.9055 188.3014 1.6684 1.6985 3.8295 -21.6752 1.1253 54.6431 -8.1081 -3.9581
Car -1 -1 -4.4074 680.1640 174.7001 708.7561 191.3996 1.5373 1.6062 3.9600 8.0898 1.7191 69.0316 -4.2916 -4.2369
Car -1 -1 -5.0057 917.5457 172.5261 960.9349 198.5089 1.5179 1.4973 3.2967 19.9363 1.4984 43.8825 -4.5822 -4.2817
Car -1 -1 -8.1784 495.3798 173.7449 529.2096 196.4288 1.9640 1.7791 4.1572 -8.8459 2.0466 64.9050 -8.3137 -4.4489
Car -1 -1 -4.2117 438.0302 176.4927 482.3560 199.9627 1.7248 1.6953 3.8912 -11.5611 2.0164 55.7865 -4.4155 -4.5144
Car -1 -1 -7.7215 378.5314 181.1559 424.9607 214.7310 1.4865 1.6520 3.9668 -10.0926 1.9136 35.0588 -8.0002 -4.7328
Car -1 -1 -8.6685 981.1849 159.3259 1060.9976 191.5658 1.6334 1.5653 3.5986 21.8187 0.9477 38.5077 -8.1564 -4.8386
Car -1 -1 -5.1079 824.1056 172.4659 855.3879 189.3046 1.5819 1.5781 3.6704 22.1306 1.5452 69.6840 -4.8019 -4.8766
Car -1 -1 -4.9600 777.6778 167.8612 812.2673 188.7994 1.6259 1.6939 4.2686 14.8333 1.2379 58.1651 -4.7117 -4.9006
Car -1 -1 -5.5311 684.8435 171.7004 737.5869 191.9408 1.6398 1.7444 4.3792 8.4488 1.5461 60.7081 -5.3938 -4.9449
Car -1 -1 -4.3290 445.5856 178.2728 491.5211 201.6295 1.5371 1.6583 4.3777 -9.9380 1.9360 50.8595 -4.5213 -5.0209
Car -1 -1 -4.3944 591.1065 176.1086 632.9682 201.6913 1.5390 1.5827 3.7243 0.1396 1.7550 45.9352 -4.3919 -5.0313
Car -1 -1 -5.3323 558.7390 178.0520 610.7392 200.5648 1.5792 1.6869 4.3037 -1.9576 1.9828 53.8562 -5.3689 -5.0742
Car -1 -1 -4.7797 521.0849 176.8990 549.0815 202.5235 1.6074 1.5954 3.6825 -5.0315 1.8862 47.8287 -4.8844 -5.1403
Car -1 -1 -4.8404 592.8696 176.5395 636.0886 207.9453 1.5975 1.7747 4.7222 0.1419 1.8127 39.7316 -4.8374 -5.1551
Car -1 -1 -5.5845 837.0374 166.0227 902.0558 192.3972 1.6905 1.6336 3.9762 17.3100 1.2523 48.3755 -5.2431 -5.1879
Car -1 -1 -4.8370 833.3086 169.8181 861.3799 191.1015 1.7647 1.7453 4.4393 20.3813 1.5127 62.1723 -4.5219 -5.1938
Car -1 -1 -4.6811 490.9878 176.6984 513.5546 196.2450 1.4430 1.6127 4.1136 -8.3920 1.7538 56.2444 -4.8289 -5.3781
Car -1 -1 -6.2569 224.3390 175.1181 314.7277 207.9088 1.7022 1.6813 4.3712 -18.5138 1.8305 39.3279 -6.6945 -5.3815
Car -1 -1 -3.0430 816.2585 162.2019 878.1729 184.1764 1.6986 1.7531 4.5386 18.8689 0.8749 57.4903 -2.7276 -5.4709
Car -1 -1 -4.5213 762.9626 167.2369 796.0464 190.3202 1.7023 1.7165 4.2025 13.0406 1.2877 55.4778 -4.2919 -5.5016
Car -1 -1 -4.6667 764.8794 173.1996 784.9059 190.5704 1.5548 1.6373 3.8865 15.2573 1.5875 66.7559 -4.4433 -5.5442
Car -1 -1 -4.8409 614.8362 175.4580 649.3113 200.3652 1.5719 1.7553 4.2956 1.3937 1.7536 48.2253 -4.8126 -5.5506
Car -1 -1 -4.9060 600.0695 176.1474 642.3532 203.7908 1.5316 1.7175 4.1839 0.5719 1.7364 42.7167 -4.8932 -5.6209
Car -1 -1 -5.0434 589.2576 178.5997 628.1961 202.8759 1.5536 1.5384 3.6520 -0.1585 1.9600 49.0907 -5.0471 -5.6868
Car -1 -1 -4.8351 601.9984 176.7561 650.0281 212.5288 1.5824 1.7338 4.7432 0.6582 1.7840 34.8996 -4.8170 -5.7248
Car -1 -1 -4.9875 615.6799 176.0146 660.1762 200.3472 1.4100 1.6172 4.3685 1.6368 1.6158 44.7262 -4.9517 -5.7884
Car -1 -1 -6.6911 774.6968 167.2596 828.2299 187.5622 1.6792 1.6202 4.0479 16.0857 1.2162 60.7836 -6.4338 -5.7993
Car -1 -1 -4.7539 617.1830 175.3318 641.2867 194.9823 1.3718 1.5925 3.9993 1.3470 1.5601 52.8921 -4.7290 -5.8519
Car -1 -1 -4.7131 612.4130 174.8170 633.1456 192.9479 1.3582 1.5654 3.8992 0.9670 1.5168 56.4371 -4.6965 -5.8867
Car -1 -1 -4.6853 590.9713 176.0189 612.4850 194.6245 1.3770 1.5692 3.9083 -0.6414 1.6312 56.0371 -4.6971 -5.8867
Car -1 -1 -6.9725 0.0000 0.0000 1241.0000 374.0000 1.5012 1.5998 3.8470 -2.0865 1.5874 1.3720 -7.8744 -5.8867
Car -1 -1 -8.7979 0.0000 0.0000 1144.4875 374.0000 1.5410 1.5899 3.8053 1.5036 1.5771 0.9967 -7.9398 -5.8867
Car -1 -1 -4.6926 595.2451 177.0039 617.9480 197.3680 1.4007 1.5757 3.9207 -0.2467 1.7132 52.4062 -4.6977 -5.8867
Car -1 -1 -7.8472 0.0000 0.0000 1110.3361 374.0000 1.5457 1.5914 3.8064 -0.1042 1.6111 0.9965 -7.9398 -5.8867
Car -1 -1 -3.4554 0.0000 204.7969 0.0000 374.0000 1.5250 1.6100 3.9649 -7.0817 1.7073 2.1304 -4.6976 -5.8867
Car -1 -1 -5.9098 0.0000 0.0000 1241.0000 374.0000 1.5109 1.6066 3.9602 5.3709 1.5227 1.7175 -4.6976 -5.8867
Car -1 -1 -3.6035 0.0000 197.0846 0.0000 374.0000 1.5189 1.6093 3.9638 -4.6701 1.6571 2.1304 -4.6977 -5.8867
Car -1 -1 -4.7944 545.5047 176.0822 571.1266 199.2845 1.7214 1.6598 4.0439 -4.0902 1.9823 56.2491 -4.8671 -6.2601
