Car -1 -1 -7.8526 602.2370 177.9658 662.4314 237.5825 1.6104 1.6505 3.2194 0.6075 1.7733 21.4034 -7.8255 7.6881
Car -1 -1 -8.1915 796.0917 187.8630 1020.8113 327.9984 1.4202 1.5432 3.4447 3.5686 1.6518 9.4160 -7.8407 7.4589
Car -1 -1 -5.9041 157.1213 178.1905 220.5319 196.8055 1.5456 1.7184 4.3618 -36.0178 2.0107 61.7505 -6.4305 1.0503
Car -1 -1 -7.2522 212.2581 180.4427 251.7323 196.3544 1.4696 1.6072 3.6837 -36.8560 2.2301 70.4047 -7.7331 -0.1522
Car -1 -1 -4.3571 44.6960 184.8085 99.6980 210.7747 1.4827 1.5568 3.6934 -33.5177 2.2613 45.0239 -4.9944 -0.5305
Car -1 -1 -4.3539 58.0067 188.1463 130.6584 222.5409 1.4415 1.5348 3.8330 -24.3159 2.2075 34.1101 -4.9697 -0.5748
Car -1 -1 -4.6724 125.1373 178.8257 150.8638 199.4322 1.6197 1.6296 3.9608 -39.2759 2.1340 60.0592 -5.2497 -1.4854
Car -1 -1 -3.7247 378.0371 172.4494 421.6281 189.2809 1.5105 1.6241 3.5594 -19.4054 1.4739 66.6340 -4.0072 -2.6942
Car -1 -1 -3.7827 352.8610 185.6928 415.1429 211.1381 1.5532 1.6615 3.6967 -15.0332 2.4429 48.0303 -4.0849 -2.9649
Car -1 -1 -5.8481 561.7466 185.1279 618.6893 207.1205 1.6119 1.6777 4.1120 -1.5713 2.5951 56.2351 -5.8764 -3.2286
Car -1 -1 -4.4800 652.7948 180.5441 685.2522 201.4832 1.4808 1.5720 4.0422 4.4903 2.0874 54.7812 -4.3991 -3.2705
Car -1 -1 -8.2304 866.8370 169.8508 937.4340 206.2249 1.5904 1.6404 4.0681 13.4557 1.4588 33.5827 -7.8528 -3.3825
Car -1 -1 -4.0286 59.7410 182.6435 137.0669 210.5720 1.6149 1.7787 4.0758 -32.0388 2.2575 45.2866 -4.6417 -3.6031
Car -1 -1 -4.3795 453.5039 174.2631 485.1073 195.1814 1.9492 1.7041 4.2486 -13.5778 2.0894 69.7551 -4.5714 -3.7477
Car -1 -1 -7.2469 344.0532 178.2029 389.9594 199.8907 1.6069 1.6518 3.5782 -18.9648 2.0390 56.3715 -7.5704 -3.7518
Car -1 -1 -3.3531 985.7077 163.5673 1076.5786 199.7951 1.7519 1.7285 3.6568 21.0452 1.3025 36.2740 -2.8311 -3.7752
Car -1 -1 -5.3277 653.0977 177.8940 697.6444 198.0650 1.6200 1.6381 4.1997 5.4845 2.0633 61.2871 -5.2393 -3.9836
Car -1 -1 -4.7859 762.0260 179.4729 805.8488 216.9949 1.5517 1.6156 4.0077 7.7737 1.8706 32.6878 -4.5550 -4.0653
Car -1 -1 -4.5904 781.6588 171.4693 806.6724 190.9220 1.5515 1.5820 3.5765 15.1850 1.4407 59.5004 -4.3420 -4.4904
Car -1 -1 -2.3828 75.4774 181.2630 133.0520 201.0603 1.5406 1.7099 3.6245 -40.8050 2.2317 58.2118 -2.9922 -4.6965
Car -1 -1 -2.9717 82.3738 172.6828 174.5111 204.7908 1.6385 1.6585 3.8461 -25.5380 1.6294 38.3533 -3.5561 -4.7211
Car -1 -1 -5.9420 199.5712 174.3504 281.5872 203.1993 1.6474 1.6623 3.9621 -21.6804 1.7373 42.3943 -6.4124 -4.7968
Car -1 -1 -7.5568 9.3070 186.7794 79.3305 220.4324 1.3939 1.6324 3.3028 -26.0111 2.0705 33.2378 -8.2171 -4.8461
Car -1 -1 -8.4176 1018.5197 151.2792 1104.0353 200.5815 2.0411 1.6432 3.3001 19.5805 1.1476 31.5309 -7.8663 -4.8593
Car -1 -1 -4.5533 27.9000 182.7017 77.3646 212.6201 1.5967 1.6944 3.7241 -32.3274 2.1960 41.8925 -5.2076 -4.9086
Car -1 -1 -5.4429 595.0243 180.7058 651.6718 203.5636 1.5909 1.6884 4.4583 0.9252 2.2025 53.9924 -5.4264 -4.9879
Car -1 -1 -5.1732 784.5386 172.2523 821.8581 192.4243 1.5478 1.6901 2.9846 15.2001 1.5013 56.9947 -4.9142 -5.3850
Car -1 -1 -4.5420 606.5873 181.2836 649.7341 209.5150 1.4652 1.7456 4.3819 1.0579 1.9728 41.1512 -4.5171 -5.6238
Car -1 -1 -4.3635 602.7341 179.3832 650.8195 203.1439 1.4071 1.7148 4.3239 1.1001 1.8471 46.3319 -4.3405 -5.6239
Car -1 -1 -4.8086 604.9656 178.1104 634.1694 201.8141 1.5349 1.6299 3.9262 0.5883 1.9110 49.6456 -4.7973 -5.8115
Car -1 -1 -4.8557 608.4236 178.7123 637.3840 198.7663 1.4773 1.6964 4.0626 0.9448 1.9531 56.5163 -4.8395 -5.8569
Car -1 -1 -4.7744 631.6082 176.7729 655.1702 195.4245 1.3968 1.6055 3.9172 2.5709 1.7159 56.8358 -4.7298 -5.8867
Car -1 -1 -3.9093 9.3828 181.5536 92.8845 207.7534 1.5236 1.6488 4.2032 -35.2556 2.0998 45.6195 -4.5646 -5.9460
