Car -1 -1 -7.8276 583.9055 178.9370 642.0080 235.7587 1.5998 1.6664 3.2166 0.0810 1.8012 22.2957 -7.8249 7.6685
Car -1 -1 -8.2845 918.0807 176.2058 981.5095 202.9602 1.4456 1.6452 4.3119 19.5001 1.6490 41.6869 -7.8501 4.9872
Car -1 -1 -8.3100 964.8780 169.8616 1037.6631 207.4056 1.7771 1.6890 3.7744 19.4222 1.6352 36.0684 -7.8199 4.8420
Car -1 -1 -7.9921 668.8448 181.6530 712.4648 215.2918 1.4454 1.5630 3.2819 3.6584 1.8744 33.5380 -7.8851 3.8007
Car -1 -1 -8.1513 851.0356 171.4356 886.6728 192.8014 1.5938 1.5615 3.7030 19.9112 1.4877 55.7092 -7.8101 0.9861
Car -1 -1 -8.2333 871.4683 162.9646 916.5692 192.3347 2.2671 1.7834 4.5952 22.7327 1.5034 58.0013 -7.8618 -0.7293
Car -1 -1 -8.2896 935.1328 157.7442 983.4253 184.5012 2.0777 1.8472 4.3071 28.0697 0.9041 58.1908 -7.8423 -1.6375
Car -1 -1 -7.5986 166.4040 172.2246 199.9961 191.8852 1.7345 1.6869 3.9575 -38.8869 1.6786 65.7880 -8.1309 -2.6412
Car -1 -1 -4.4689 774.8320 174.3591 803.7787 191.5962 1.4978 1.6332 3.9833 16.2112 1.6380 65.2134 -4.2267 -3.1448
Car -1 -1 -8.1363 754.9815 174.1957 784.7384 191.7173 1.5292 1.6069 3.8572 14.3958 1.6539 65.2512 -7.9205 -3.2401
Car -1 -1 -5.4249 689.1618 180.1408 739.2729 201.4847 1.4536 1.5715 3.6881 7.5085 2.0031 52.4636 -5.2841 -3.3055
Car -1 -1 -8.0121 840.9820 169.9448 868.5812 189.5934 1.6109 1.6155 3.8701 20.6975 1.3721 61.1977 -7.6877 -3.4376
Car -1 -1 -5.1082 752.7382 174.0343 784.2650 192.9001 1.7479 1.5827 3.8440 15.1297 1.8641 69.1388 -4.8940 -3.4953
Car -1 -1 -5.9708 177.2010 171.9595 245.0067 193.8281 1.6765 1.7613 4.3225 -31.2525 1.6076 56.5890 -6.4735 -3.5288
Car -1 -1 -4.8005 720.7806 177.5540 751.1978 201.7500 1.4724 1.5935 3.8151 8.0685 1.7887 46.6382 -4.6307 -3.7515
Car -1 -1 -8.4544 1013.4535 147.5853 1077.8662 178.0569 1.8720 1.7239 3.7159 27.8018 0.3193 46.2345 -7.9158 -4.0021
Car -1 -1 -5.7352 418.7483 188.0950 472.5469 210.3797 1.5719 1.6297 3.6122 -12.3415 2.7425 54.0857 -5.9589 -4.0505
Car -1 -1 -5.2201 958.0020 167.0739 1021.3869 198.2261 1.7957 1.7603 3.7615 22.7725 1.4622 43.4973 -4.7409 -4.1392
Car -1 -1 -4.8450 699.9001 178.2129 731.8464 201.5863 1.4257 1.5517 3.7673 6.7874 1.7869 46.7712 -4.7023 -4.2330
Car -1 -1 -2.7660 253.2188 163.5828 315.3589 186.4823 1.7877 1.7574 4.1431 -25.8527 1.0636 57.3035 -3.1882 -4.3663
Car -1 -1 -4.5703 497.5583 185.3486 528.6622 207.4801 1.4527 1.6347 4.2298 -6.9517 2.3876 51.8807 -4.7033 -4.4064
Car -1 -1 -8.1582 842.2346 165.9842 878.6483 193.5446 2.4446 1.8581 4.5930 22.9391 1.8349 66.3201 -7.8269 -4.4683
Car -1 -1 -7.9634 990.6763 171.5244 1035.6248 203.9854 1.6854 1.6932 4.1364 22.0732 1.6161 39.6978 -7.4594 -4.4937
Car -1 -1 -4.2917 642.0447 182.2290 686.2607 205.8646 1.4637 1.5506 3.7741 3.6335 2.1176 48.3203 -4.2176 -4.5765
Car -1 -1 -7.9358 1024.6177 168.1089 1067.3263 199.5169 1.6310 1.6836 3.6908 23.7671 1.3843 39.4970 -7.3977 -4.6131
Car -1 -1 -4.3592 427.8004 182.5636 463.0068 201.1576 1.5506 1.7018 4.2859 -14.7423 2.4516 64.7420 -4.5826 -4.9203
Car -1 -1 -3.8598 630.3604 182.8877 682.7451 205.5848 1.7235 1.7525 4.0951 3.7647 2.5630 58.4496 -3.7963 -5.0576
Car -1 -1 -4.4444 467.2500 182.6218 496.5279 204.0652 1.9290 1.6967 4.2495 -12.2477 2.8939 69.1009 -4.6196 -5.1493
Car -1 -1 -4.2473 455.2899 181.0413 492.6735 198.4949 1.4451 1.6010 4.0703 -12.0357 2.1953 63.9617 -4.4329 -5.1683
Car -1 -1 -4.8781 579.2496 181.7895 638.0175 221.2615 1.5155 1.7865 4.5906 -0.1881 1.9317 31.2112 -4.8848 -5.1779
Car -1 -1 -4.6115 324.5580 192.7541 358.0840 217.9758 1.3955 1.5979 3.6112 -16.7259 2.6886 44.9459 -4.9663 -5.2436
Car -1 -1 -4.5666 590.4388 179.7467 624.9724 203.4607 1.4263 1.6629 4.1180 -0.1365 1.8937 46.8061 -4.5700 -5.2906
Car -1 -1 -4.8699 592.8411 179.9227 636.0559 207.3687 1.4089 1.7320 4.5037 0.1504 1.8296 40.6128 -4.8668 -5.4357
Car -1 -1 -5.1459 542.9323 179.2615 592.4443 208.2734 1.7830 1.7113 4.0295 -2.8647 2.2237 47.4853 -5.2064 -5.4523
Car -1 -1 -5.0662 569.6700 179.7865 612.2742 204.0983 1.5334 1.6198 3.9116 -1.3648 2.0227 48.8338 -5.0944 -5.6413
Car -1 -1 -4.9017 534.4136 180.7086 561.4719 199.6857 1.5321 1.6073 3.9111 -5.3958 2.2306 62.0926 -4.9884 -5.7319
Car -1 -1 -4.9988 486.2692 180.8139 518.0884 197.5947 1.3898 1.6192 4.4170 -9.6719 2.1250 64.3263 -5.1478 -5.8186
Car -1 -1 -4.8716 523.5754 182.7600 553.7418 205.5462 1.5893 1.6396 4.0074 -5.4377 2.3645 54.3385 -4.9714 -5.8515
Car -1 -1 -6.9162 0.0000 0.0000 1241.0000 374.0000 1.5583 1.5932 3.8078 -2.1013 1.6817 1.0023 -7.9390 -5.8867
Car -1 -1 -8.6436 0.0000 0.0000 1049.3175 374.0000 1.5557 1.5940 3.8078 1.1139 1.6343 1.0021 -7.9392 -5.8867
Car -1 -1 -7.5854 39.8159 0.0000 1241.0000 374.0000 1.5033 1.6020 3.8484 -0.4789 1.5742 1.3711 -7.8744 -5.8867
Car -1 -1 -3.4936 0.0000 201.5501 0.0000 374.0000 1.5231 1.6123 3.9650 -6.2786 1.6867 2.1288 -4.6977 -5.8867
Car -1 -1 -4.6924 594.6628 178.4520 618.3101 200.2707 1.4454 1.5905 3.9388 -0.2464 1.8546 50.7960 -4.6977 -5.8867
Car -1 -1 -4.6696 577.6640 180.4738 602.1962 202.6480 1.4952 1.6037 3.9543 -1.4437 2.0652 52.0097 -4.6977 -5.8867
Car -1 -1 -5.8411 0.0000 154.7215 68.4032 189.0625 1.8662 1.7549 3.7071 -33.0004 0.8805 40.5018 -6.5217 -5.9550
Car -1 -1 -6.2627 1152.6941 137.6755 1241.0000 181.6341 1.9331 1.7876 4.5285 28.3488 0.3858 33.8862 -5.5702 -6.3049
Car -1 -1 -5.9744 97.1532 158.1411 192.2145 191.2021 1.9686 1.6808 4.6212 -28.5564 1.0922 44.3700 -6.5437 -6.9884
