Car -1 -1 -7.8793 596.9775 172.6913 663.3649 236.0963 1.5865 1.6616 3.1852 0.4478 1.5821 19.6499 -7.8577 7.8420
Car -1 -1 -5.0749 653.8321 174.0622 686.5822 191.7291 1.5136 1.6972 3.6822 5.2906 1.6240 64.0973 -4.9933 -2.4769
Car -1 -1 -4.7875 383.5857 177.9767 414.0683 202.5462 1.4818 1.5992 3.8187 -13.6595 1.8260 46.4476 -5.0723 -3.1757
Car -1 -1 -8.3525 921.5760 162.4078 982.8546 191.7215 1.7905 1.7441 4.1795 21.7972 1.1522 46.2116 -7.9145 -3.2519
Car -1 -1 -8.1291 673.9712 172.9232 700.4138 188.8302 1.4914 1.6145 3.5884 7.3933 1.4979 69.5703 -8.0240 -3.3981
Car -1 -1 -4.6826 923.9682 163.4457 948.9656 184.1920 1.5041 1.6141 3.7869 24.5935 0.8217 54.3675 -4.2600 -3.4158
Car -1 -1 -4.3576 438.3341 178.1932 483.7056 203.0147 1.5563 1.6365 4.1483 -9.9554 1.9299 48.3509 -4.5600 -3.4416
Car -1 -1 -4.7875 549.9890 174.2844 569.1245 188.6008 1.3708 1.6002 3.8990 -5.0442 1.5164 71.5433 -4.8579 -3.4656
Car -1 -1 -4.8996 676.1866 167.9982 705.7613 187.8709 1.5413 1.5924 4.2659 6.4570 1.1644 58.1511 -4.7898 -3.7596
Car -1 -1 -7.5905 281.5991 156.5284 322.7978 180.0988 1.4670 1.5868 3.5287 -19.9294 0.4506 46.7633 -7.9914 -3.8713
Car -1 -1 -4.5771 561.8094 175.1502 583.5880 189.7943 1.4013 1.6800 3.6607 -3.6899 1.6346 71.5305 -4.6288 -3.9863
Car -1 -1 -3.0330 885.9449 164.6959 989.6899 198.0467 1.6868 1.7545 4.8818 17.4120 1.2739 38.4852 -2.6113 -4.1153
Car -1 -1 -4.4575 525.1233 172.0929 564.1528 195.2913 1.5049 1.5946 4.3697 -4.4247 1.4552 49.0938 -4.5472 -4.1276
Car -1 -1 -6.5074 656.8961 169.4442 710.2438 192.3372 1.6324 1.6154 3.5882 5.2990 1.3890 52.4747 -6.4077 -4.1544
Car -1 -1 -3.1842 952.6401 175.4523 1071.4540 220.3463 1.5481 1.6183 3.7270 14.6632 1.6492 26.6070 -2.6857 -4.2422
Car -1 -1 -4.4092 447.6205 164.7559 483.4044 191.7279 2.0227 1.6818 3.7533 -11.2109 1.4151 56.0654 -4.6059 -4.2942
Car -1 -1 -4.6937 419.0739 169.9288 446.4295 195.4999 1.7142 1.7827 4.5512 -12.4607 1.5178 50.7842 -4.9334 -4.3059
Car -1 -1 -5.8132 880.2005 166.1642 980.5511 200.8353 1.5417 1.6281 4.0395 15.0545 1.2440 34.1613 -5.4016 -4.4751
Car -1 -1 -6.1223 252.6803 156.3996 315.6501 180.0430 1.5392 1.7043 3.6112 -21.7713 0.4677 48.2631 -6.5441 -4.6175
Car -1 -1 -6.1689 488.5122 169.1196 534.0364 189.0813 1.5823 1.5785 3.4701 -7.9393 1.2860 58.0196 -6.3045 -4.6879
Car -1 -1 -4.9142 675.3328 168.7562 702.5501 188.3445 1.6205 1.6693 3.2956 6.6647 1.2812 61.4113 -4.8069 -4.7182
Car -1 -1 -4.3754 678.7026 167.5244 718.1934 191.9780 1.6542 1.6760 3.5731 6.2277 1.2934 50.7833 -4.2545 -4.7761
Car -1 -1 -5.1003 556.9721 171.5508 602.2341 195.4930 1.6375 1.6807 4.4337 -2.2613 1.5481 51.7136 -5.1442 -4.8063
Car -1 -1 -7.5359 131.6548 151.6082 187.9760 178.6235 1.4333 1.6106 3.5981 -25.0548 0.3058 40.2178 -8.0902 -4.9847
Car -1 -1 -7.0275 895.1820 177.6773 1007.8520 220.0431 1.5371 1.6471 3.8404 13.1248 1.7322 27.8578 -6.5918 -5.0395
Car -1 -1 -4.2866 697.6423 170.0293 747.7587 198.3383 1.5794 1.6048 3.4764 6.5823 1.4215 42.1493 -4.1331 -5.2899
Car -1 -1 -7.5070 303.0744 157.4128 348.7411 182.1761 1.6719 1.7727 3.8598 -19.9190 0.6291 50.6678 -7.8799 -5.3432
Car -1 -1 -3.0563 639.0529 165.0926 709.2986 187.7008 1.7009 1.9133 5.2573 4.9480 1.1167 55.6800 -2.9684 -5.4481
Car -1 -1 -4.9527 1016.8097 162.3110 1077.3268 194.3635 1.5458 1.6633 4.2802 22.3297 1.0370 37.0870 -4.4144 -5.5293
Car -1 -1 -2.6225 21.8975 155.4472 114.3506 187.0047 1.6424 1.6171 3.6307 -28.9423 0.7362 38.5741 -3.2630 -5.6112
Car -1 -1 -5.9745 169.1458 151.0462 258.6432 182.3535 1.7085 1.8488 4.0509 -22.2813 0.5181 40.6649 -6.4731 -5.6525
Car -1 -1 -4.6571 676.1619 166.4897 698.4722 187.0838 1.7858 1.7545 4.5287 6.9690 1.2336 64.9443 -4.5510 -5.6704
Car -1 -1 -2.2162 0.0000 185.0277 8.0480 290.1378 1.3882 1.6029 4.0897 -11.6557 1.5875 10.7972 -3.0274 -5.7183
Car -1 -1 -3.0934 877.6470 165.4079 970.8406 199.9660 1.4902 1.6636 3.7852 14.1803 1.1688 32.6905 -2.6877 -5.7452
Car -1 -1 -5.8978 1241.0000 21.0402 1241.0000 374.0000 1.4419 1.5677 3.9854 6.2170 1.3190 2.6130 -4.7644 -5.8176
Car -1 -1 -4.8330 621.7087 171.0771 650.8200 191.4512 1.3648 1.5561 3.9637 1.7638 1.2455 50.3760 -4.7985 -5.8575
Car -1 -1 -4.6444 549.0295 175.0161 575.2933 195.6645 1.4899 1.7216 3.8193 -3.5994 1.6583 54.3755 -4.7106 -5.8854
Car -1 -1 -3.5532 0.0000 190.0266 0.0000 374.0000 1.4945 1.6022 3.9538 -7.0826 1.6114 2.9350 -4.6977 -5.8867
Car -1 -1 -4.6988 600.7753 173.2633 624.0120 193.2625 1.3406 1.5607 3.8909 0.1598 1.3700 50.4048 -4.6960 -5.8867
Car -1 -1 -6.7026 0.0000 0.0000 1241.0000 374.0000 1.5419 1.5859 3.8020 -3.7088 1.6478 1.0050 -7.9390 -5.8867
Car -1 -1 -6.9175 0.0000 0.0000 1241.0000 374.0000 1.5362 1.5851 3.8012 -2.1013 1.6070 1.0060 -7.9392 -5.8867
Car -1 -1 -5.3605 0.0000 0.0000 1241.0000 374.0000 1.5003 1.6068 4.0566 40.2351 0.5300 -0.2942 -3.7896 -5.8867
Car -1 -1 -4.5632 0.0000 0.0000 1241.0000 374.0000 1.4992 1.6036 3.9593 -0.2572 1.5346 1.7201 -4.6976 -5.8867
Car -1 -1 -4.6664 589.2302 173.7562 613.2911 193.5052 1.3859 1.5836 3.9906 -0.6371 1.4543 52.8419 -4.6788 -5.8867
Car -1 -1 -3.4816 0.0000 193.8628 0.0000 374.0000 1.4961 1.6001 3.9534 -8.6898 1.6392 2.9364 -4.6977 -5.8867
Car -1 -1 -5.5148 0.0000 0.0000 1206.1240 374.0000 1.4992 1.6035 3.9582 2.1548 1.5113 1.7192 -4.6976 -5.8867
Car -1 -1 -5.7766 0.0000 0.0000 1241.0000 374.0000 1.4932 1.6016 3.9556 3.7626 1.4743 1.7190 -4.6976 -5.8867
Car -1 -1 -7.1593 1241.0000 155.2746 1241.0000 374.0000 1.3988 1.6113 3.7871 6.9530 1.3032 4.8287 -6.2238 -6.0358
Car -1 -1 -6.8467 0.0000 180.0114 11.3317 269.5635 1.6065 1.7367 4.0518 -15.6534 1.7810 15.4585 -7.6298 -6.0870
Car -1 -1 -4.1263 0.0000 188.0165 0.0000 374.0000 1.4461 1.6547 4.5187 -8.7642 1.6337 6.5362 -5.0364 -6.1474
Car -1 -1 -7.5700 222.4430 183.7121 286.7418 220.2436 1.4278 1.6135 3.2847 -15.2345 1.9204 30.9995 -8.0237 -6.5457
