Car -1 -1 -7.8392 591.7056 175.5446 651.1627 233.8008 1.6337 1.6813 3.1541 0.3170 1.7213 21.9816 -7.8259 7.4410
Car -1 -1 -8.3901 994.2662 166.2019 1084.8829 199.9905 1.4490 1.6348 4.1811 19.4969 1.1634 33.0385 -7.8611 5.8559
Car -1 -1 -8.0051 690.7299 178.6000 749.8901 223.8193 1.4340 1.5168 3.3345 3.7038 1.6460 24.9790 -7.8603 4.5830
Car -1 -1 -8.4503 1065.3495 153.9416 1186.0256 205.7134 1.8306 1.8143 3.9450 19.4418 1.1616 27.4982 -7.8401 3.5732
Car -1 -1 -4.4361 431.2617 181.7570 462.4503 200.7432 1.5588 1.7216 3.6415 -14.1973 2.3571 62.8547 -4.6577 -1.1763
Car -1 -1 -7.6103 321.3166 171.5558 352.8238 190.4276 1.5606 1.6682 3.7080 -23.2855 1.4530 61.6064 -7.9704 -2.6803
Car -1 -1 -7.9000 757.7963 173.8483 775.9706 189.6266 1.4894 1.5549 3.6543 15.2385 1.5886 70.2852 -7.6876 -3.1030
Car -1 -1 -7.2410 154.6594 166.6644 234.8260 200.7811 1.6341 1.7213 3.6435 -20.9238 1.3373 36.4543 -7.7591 -3.2762
Car -1 -1 -4.7658 882.9261 165.4794 911.3608 190.2248 1.6461 1.6282 3.5268 19.7998 1.1552 49.9283 -4.3905 -3.3440
Car -1 -1 -4.6228 48.8604 169.2327 85.6370 196.3432 1.7601 1.6451 3.8672 -36.7794 1.5247 48.9222 -5.2649 -3.4778
Car -1 -1 -8.1995 1046.2935 155.6065 1121.6813 194.6964 1.7813 1.7624 4.0703 22.8779 0.9950 35.0619 -7.6253 -3.5154
Car -1 -1 -7.7648 878.0551 165.6413 906.1104 188.6360 1.6253 1.6073 3.6794 20.7170 1.1152 53.0037 -7.3943 -3.6286
Car -1 -1 -6.4218 841.2347 167.2104 908.4735 192.3481 1.5414 1.6647 3.7762 16.5925 1.1950 45.4496 -6.0741 -3.7647
Car -1 -1 -2.8785 50.5892 175.0997 129.6534 197.2563 1.5943 1.8075 4.4741 -38.7624 1.7668 53.8817 -3.4999 -3.7710
Car -1 -1 -6.9662 57.0506 172.4101 127.6127 195.5426 1.5023 1.6269 3.6780 -35.0021 1.4732 48.8477 -7.5855 -4.2115
Car -1 -1 -4.6831 64.9656 173.2935 96.2566 196.5051 1.7135 1.8127 4.2760 -40.7928 1.7485 55.6279 -5.3137 -4.3724
Car -1 -1 -4.9265 825.0666 166.5828 848.5280 183.5529 1.6389 1.5645 3.1854 22.3775 1.0329 71.3372 -4.6239 -4.4713
Car -1 -1 -4.6164 461.8111 184.7267 498.3402 213.1204 1.4978 1.6921 4.3162 -7.5678 2.2274 42.1374 -4.7935 -4.6390
Car -1 -1 -5.0573 551.6799 178.7116 589.0212 201.7469 1.6042 1.5480 3.8288 -2.9998 2.0539 53.3637 -5.1136 -4.9528
Car -1 -1 -5.0975 804.1287 171.1534 835.7357 185.9330 1.4174 1.6479 3.8860 20.6612 1.2540 71.2158 -4.8165 -4.9549
Car -1 -1 -4.3971 453.4086 181.3906 486.4582 199.8215 1.4331 1.5787 3.8572 -11.6271 2.1662 59.9786 -4.5882 -5.0372
Car -1 -1 -8.4880 947.4510 170.9689 1046.2794 206.2949 1.3421 1.6012 3.7798 15.6003 1.2702 29.4017 -8.0046 -5.0619
Car -1 -1 -4.4470 850.9036 169.0521 895.7256 193.9526 1.5686 1.7007 4.4023 17.4308 1.3288 47.7429 -4.0992 -5.0954
Car -1 -1 -6.8324 992.9448 140.2477 1076.1276 171.6799 2.0278 1.9790 4.3427 27.9556 -0.0795 47.6617 -6.3045 -5.1082
Car -1 -1 -4.3902 538.3259 179.0859 564.8986 194.7548 1.4844 1.6392 3.4036 -5.7915 2.1191 71.6741 -4.4709 -5.1642
Car -1 -1 -4.0514 463.4546 178.9259 497.2120 196.0560 1.5922 1.5343 3.2911 -12.6030 2.1977 70.1658 -4.2288 -5.1938
Car -1 -1 -4.5315 581.0057 177.9684 615.1086 200.8434 1.5408 1.7308 4.1509 -0.8424 1.9230 51.7684 -4.5482 -5.3446
Car -1 -1 -4.7710 517.5892 178.9406 547.3447 208.5724 1.8412 1.7187 4.0901 -5.2166 2.2630 47.8803 -4.8795 -5.4195
Car -1 -1 -4.9382 541.9401 180.8722 579.0108 203.7366 1.4327 1.6461 3.9861 -3.4290 1.9993 48.8639 -5.0084 -5.5196
Car -1 -1 -4.2991 404.4789 183.8121 465.2069 218.6871 1.6711 1.6520 3.9588 -9.1838 2.2795 37.9835 -4.5352 -5.5703
Car -1 -1 -4.6379 620.9584 177.8123 647.7178 199.1863 1.4717 1.6613 4.0861 1.7866 1.8487 52.7846 -4.6047 -5.5881
Car -1 -1 -5.0406 540.3341 178.0415 571.9607 195.3157 1.5168 1.6812 4.1219 -5.0502 2.0136 66.9193 -5.1160 -5.5924
Car -1 -1 -4.9895 518.3016 179.9197 547.3942 195.0719 1.4057 1.7787 4.1829 -7.6779 2.1261 71.3278 -5.0967 -5.6029
Car -1 -1 -4.9848 586.9116 177.6321 629.1918 202.7948 1.4913 1.6397 4.0595 -0.2084 1.8085 45.7664 -4.9899 -5.6998
Car -1 -1 -4.8821 478.7222 179.2052 507.3011 197.6967 1.4241 1.6260 4.2334 -9.6898 1.9665 59.3911 -5.0434 -5.7115
Car -1 -1 -4.7271 619.7360 177.3747 647.9697 203.8445 1.5541 1.6857 4.1854 1.4222 1.8502 45.1892 -4.6963 -5.7309
Car -1 -1 -4.6764 647.3307 177.8401 668.0121 198.0331 1.6111 1.5977 3.9762 4.0087 2.0441 60.6436 -4.6112 -5.7333
Car -1 -1 -4.8861 494.0668 179.8159 518.3371 197.2341 1.5535 1.6189 3.8758 -9.8469 2.2307 68.1208 -5.0295 -5.7595
Car -1 -1 -4.4571 395.7139 186.6086 432.5892 205.6842 1.3316 1.8393 3.6613 -14.8720 2.4121 54.8585 -4.7210 -5.7706
Car -1 -1 -4.1835 570.3405 182.1342 611.7034 202.3717 1.4175 1.4979 3.6035 -1.4212 2.1401 54.2592 -4.2100 -5.8246
Car -1 -1 -4.8359 568.1311 178.2371 599.6863 202.0424 1.4959 1.6262 3.9961 -1.8229 1.8724 48.3960 -4.8738 -5.8479
Car -1 -1 -4.1356 645.4413 178.3779 690.3035 200.6900 1.5066 1.5113 3.5365 4.1296 1.9148 51.5045 -4.0566 -5.8481
Car -1 -1 -4.6578 592.1387 179.5122 630.8008 213.2767 1.6433 1.8119 4.6034 0.0997 2.0189 38.3921 -4.6559 -5.8499
Car -1 -1 -4.7074 607.0165 177.5591 628.0941 196.7654 1.4133 1.5795 3.9248 0.5655 1.7912 56.0337 -4.6978 -5.8867
Car -1 -1 -4.6864 591.3848 179.1698 612.5604 198.5075 1.4571 1.5935 3.9416 -0.6395 1.9787 57.6432 -4.6979 -5.8867
Car -1 -1 -4.7219 606.7490 177.7007 631.1102 199.1017 1.3973 1.6207 3.9375 0.5636 1.7459 49.9708 -4.7111 -5.8867
Car -1 -1 -7.1461 51.5926 0.0000 1241.0000 374.0000 1.5454 1.5897 3.8041 -1.2978 1.6278 1.0036 -7.9391 -5.8867
Car -1 -1 -3.5417 0.0000 198.7006 0.0000 374.0000 1.5199 1.6114 3.9640 -5.4747 1.6673 2.1290 -4.6977 -5.8867
Car -1 -1 -8.1635 0.0000 0.0000 853.1749 374.0000 1.5417 1.5878 3.8032 0.3103 1.5983 1.0047 -7.9392 -5.8867
Car -1 -1 -4.4528 635.7540 176.6376 670.6071 196.7775 1.4542 1.6393 4.2123 3.3174 1.7552 55.2045 -4.3935 -5.9949
Car -1 -1 -8.3347 1013.6473 139.2618 1079.8319 175.8414 2.1461 1.8500 3.9468 26.7201 0.1750 44.3557 -7.7954 -6.0717
Car -1 -1 -4.9687 641.7438 177.1780 666.6615 193.9108 1.5898 1.6308 3.4587 4.3270 2.0283 71.3679 -4.9088 -6.0751
Car -1 -1 -4.8745 633.7132 178.1731 668.4890 199.9323 1.3202 1.6000 4.1461 2.5948 1.6820 46.9749 -4.8201 -6.0866
Car -1 -1 -4.9798 445.5419 183.0211 485.4541 205.4280 1.5031 1.7066 4.6493 -10.7096 2.2856 53.0936 -5.1783 -6.1571
Car -1 -1 -4.4121 93.9770 177.4421 152.1186 205.6855 1.4419 1.5879 3.7649 -26.6327 1.7059 39.5277 -5.0020 -6.3478
Car -1 -1 -4.5634 670.8585 177.3557 699.5735 197.7785 1.4753 1.6182 3.9703 5.7583 1.8326 55.1836 -4.4604 -6.5719
Car -1 -1 -3.5760 1008.2512 166.3096 1083.7050 193.7715 1.5188 1.5372 3.3155 24.5917 1.1565 40.8417 -3.0375 -7.3842
