Car -1 -1 -7.8108 574.5113 175.6642 632.4740 231.9475 1.6207 1.6784 3.1633 -0.1894 1.7145 22.5469 -7.8199 7.6648
Car -1 -1 -8.2249 895.5546 162.3136 948.7280 191.7422 1.7499 1.7223 3.9020 19.3087 1.1228 44.8822 -7.8213 3.2663
Car -1 -1 -7.9443 656.9501 177.3697 688.8758 204.1093 1.4844 1.5566 3.3672 3.6159 1.7594 42.3127 -7.8602 2.1670
Car -1 -1 -5.0558 862.4116 165.8155 911.4116 190.3433 1.6386 1.6979 4.7206 19.2992 1.1681 50.5789 -4.6935 1.2631
Car -1 -1 -3.9540 298.7167 170.8057 355.2410 199.7935 2.2003 1.8690 4.0703 -22.3276 2.0445 57.0055 -4.3260 -0.7673
Car -1 -1 -7.1635 425.4464 181.6767 466.2480 204.0873 2.0240 1.7182 3.8909 -15.6707 2.8929 68.9606 -7.3865 -0.8240
Car -1 -1 -4.9719 454.2616 186.6606 481.1096 206.3777 1.7747 1.6013 3.9173 -13.8549 3.1545 70.0134 -5.1670 -1.3268
Car -1 -1 -4.2886 684.8519 172.9987 727.4080 191.6614 1.5192 1.7608 4.8202 8.1869 1.5317 61.2851 -4.1568 -2.4243
Car -1 -1 -2.7309 259.2193 169.3801 325.6183 192.1892 1.5660 1.6483 3.9102 -22.1612 1.3272 50.3651 -3.1437 -2.5019
Car -1 -1 -5.1773 796.5714 169.9935 828.4512 184.9048 1.4111 1.5423 3.5683 19.6419 1.1401 70.1782 -4.9057 -2.8415
Car -1 -1 -5.2439 544.2288 179.9312 594.7109 204.5574 1.6263 1.6867 4.1640 -2.9463 2.1489 51.1142 -5.3017 -2.9852
Car -1 -1 -3.6897 635.0989 178.2198 700.6934 201.7071 1.5079 1.6167 4.1908 3.8899 1.8825 48.7533 -3.6110 -3.1039
Car -1 -1 -5.2252 770.0203 169.3955 813.0276 188.8191 1.5424 1.6783 4.0051 14.8799 1.2675 59.4512 -4.9814 -3.6094
Car -1 -1 -4.2888 408.8955 188.9057 458.2939 214.0816 1.4640 1.6148 3.9758 -11.3992 2.5502 46.7405 -4.5271 -4.1090
Car -1 -1 -4.5394 521.9339 181.4286 543.3542 196.3339 1.4090 1.5609 3.4232 -7.7117 2.2851 71.9904 -4.6461 -4.2804
Car -1 -1 -5.5211 933.2366 161.8490 1013.2237 194.4518 1.7183 1.7435 3.8144 20.0749 1.1380 40.1172 -5.0603 -4.3035
Car -1 -1 -7.0591 426.4900 186.9890 488.3331 213.2773 1.4307 1.5885 3.5190 -9.1320 2.3144 43.2204 -7.2666 -4.3067
Car -1 -1 -3.4098 882.6694 167.6371 968.4251 197.3730 1.4689 1.5858 3.7027 15.9416 1.2109 36.6848 -3.0031 -4.3227
Car -1 -1 -4.7458 517.8156 184.2813 537.4249 202.4475 1.5873 1.6930 3.9962 -7.7855 2.6939 67.7888 -4.8601 -4.3874
Car -1 -1 -2.9570 585.8042 177.5530 656.3998 201.2182 1.4962 1.6832 4.4020 0.7148 1.8126 47.3776 -2.9425 -4.4047
Car -1 -1 -8.0536 371.2614 177.3983 399.4807 196.8880 1.7282 1.7181 4.1699 -20.9904 2.1657 67.2674 -8.3552 -4.5951
Car -1 -1 -4.6830 122.7253 178.6411 148.0192 197.7395 1.5725 1.7224 3.7161 -41.2153 2.0911 62.6741 -5.2630 -4.9099
Car -1 -1 -4.6089 39.8455 176.9613 74.9453 197.4706 1.4504 1.6669 4.0956 -41.3964 1.7704 54.0827 -5.2600 -4.9581
Car -1 -1 -8.2074 759.7775 166.3165 793.6837 183.6625 1.5772 1.7713 4.1373 15.5942 0.9825 67.7718 -7.9824 -4.9939
Car -1 -1 -5.0573 701.0671 174.2639 756.3641 203.9531 1.5125 1.6372 4.1507 6.3322 1.5930 39.1585 -4.8986 -5.1167
Car -1 -1 -4.6214 519.7084 180.1348 547.5432 201.0173 1.4481 1.6667 4.4916 -5.6876 2.0142 53.8683 -4.7265 -5.1728
Car -1 -1 -4.6904 576.7521 177.8376 607.9449 206.6915 1.5550 1.7129 4.2649 -1.0130 1.8578 41.7570 -4.7151 -5.2399
Car -1 -1 -4.7189 502.1786 181.8551 530.0042 208.9830 1.5587 1.6399 3.7504 -5.8699 2.1411 44.7352 -4.8491 -5.4353
Car -1 -1 -4.8585 524.1703 180.0391 552.4408 199.8978 1.4780 1.6766 3.9201 -5.7569 2.0696 57.3297 -4.9585 -5.5241
Car -1 -1 -4.2380 492.2784 181.1600 530.1024 199.7211 1.6541 1.7522 4.4114 -9.3945 2.4731 68.7966 -4.3737 -5.5597
Car -1 -1 -4.8033 579.3303 176.3611 621.7131 208.1658 1.5236 1.7641 4.7625 -0.5995 1.7179 37.5711 -4.8197 -5.7988
Car -1 -1 -4.9138 563.8323 177.9725 601.2731 203.2233 1.4821 1.6034 3.8258 -1.7983 1.8171 45.2294 -4.9538 -5.8009
Car -1 -1 -5.7771 367.7526 184.2646 452.1179 211.8232 1.5549 1.7131 4.6193 -12.0027 2.2598 43.2205 -6.0468 -5.8414
Car -1 -1 -4.8740 607.5581 177.0904 637.6242 196.7758 1.4201 1.6190 4.3219 0.8941 1.7576 55.2781 -4.8584 -5.8491
Car -1 -1 -4.7084 606.7747 176.4638 629.8436 197.1266 1.3903 1.5744 3.9155 0.5633 1.6560 51.2053 -4.6979 -5.8867
Car -1 -1 -4.6277 455.2278 181.8685 479.0225 201.0292 1.4886 1.6113 3.9977 -11.8886 2.2648 60.0831 -4.8226 -5.8867
Car -1 -1 -6.9167 0.0000 0.0000 1241.0000 374.0000 1.5450 1.5893 3.8039 -2.1017 1.6355 1.0038 -7.9391 -5.8867
Car -1 -1 -3.5417 0.0000 200.2133 0.0000 374.0000 1.5239 1.6131 3.9655 -5.4748 1.6799 2.1284 -4.6977 -5.8867
Car -1 -1 -5.1574 531.2491 179.6262 580.3300 202.9532 1.4016 1.5777 4.0417 -3.5917 1.8601 46.7433 -5.2341 -5.9846
Car -1 -1 -3.8352 1159.2786 139.6205 1241.0000 181.3122 1.9679 1.6370 3.4284 28.8514 0.3989 34.8866 -3.1483 -6.0560
Car -1 -1 -4.6414 536.8520 181.9371 558.3973 199.7414 1.5679 1.7241 4.2517 -5.8552 2.4488 67.8608 -4.7276 -6.0864
Car -1 -1 -2.3969 0.0000 167.1912 66.6018 197.7694 2.0724 1.8807 4.8435 -40.7492 1.6883 49.9929 -3.0783 -6.5294
Car -1 -1 -7.9828 889.3406 161.8552 915.2025 186.1140 1.9125 1.4409 4.0336 23.8413 1.0451 59.0164 -7.6008 -7.1615
