Car -1 -1 -7.8502 600.7468 179.5512 662.6658 239.9970 1.5992 1.6698 3.1274 0.5813 1.8089 21.0300 -7.8239 7.2469
Car -1 -1 -8.7334 1088.9585 198.5925 1241.0000 374.0000 1.4487 1.5978 3.9076 3.3764 1.5967 2.1577 -7.7921 1.1779
Car -1 -1 -7.2495 296.7716 178.1088 356.3370 202.8263 1.5844 1.7091 4.2045 -19.3806 1.9606 49.4481 -7.6215 -0.8439
Car -1 -1 -7.0171 240.3139 188.6333 327.2364 224.8186 1.6174 1.6401 3.8650 -16.3120 2.4543 36.1814 -7.4383 -0.9021
Car -1 -1 -6.3738 25.1770 176.9626 122.4917 210.4412 1.5055 1.6087 3.6305 -25.7829 1.7130 34.6967 -7.0094 -1.0301
Car -1 -1 -7.6400 43.2093 183.4999 84.1302 205.5306 1.4784 1.6017 3.7633 -39.6784 2.2820 52.4400 -8.2855 -1.8802
Car -1 -1 -4.2817 104.2882 186.4298 150.6265 206.6888 1.4154 1.6452 3.3955 -36.5087 2.4770 54.6344 -4.8687 -2.0306
Car -1 -1 -8.5932 1128.6512 134.9578 1241.0000 210.7215 2.2575 1.8327 4.3338 19.5537 1.1280 23.7137 -7.9099 -2.1388
Car -1 -1 -4.7490 288.7368 177.1137 316.9570 201.2118 1.5594 1.6386 4.1615 -21.2234 1.8657 49.7108 -5.1508 -2.9956
Car -1 -1 -7.0577 340.0583 169.1520 387.5375 188.1602 1.5151 1.6515 3.5659 -20.2807 1.2198 59.4776 -7.3852 -3.0233
Car -1 -1 -4.8706 68.8881 182.9845 105.1944 205.3686 1.5660 1.6116 3.9545 -39.3558 2.3548 54.2311 -5.4962 -3.1928
Car -1 -1 -3.6515 871.6302 168.5993 958.4825 197.2536 1.4831 1.6342 3.9639 16.1541 1.2626 38.3835 -3.2562 -3.3463
Car -1 -1 -4.1254 356.9957 171.1231 407.0005 194.4871 1.8117 1.7516 4.3150 -18.3747 1.6772 58.2650 -4.4299 -3.4280
Car -1 -1 -4.4460 582.1258 181.6713 616.4429 204.5910 1.6821 1.7287 3.9171 -0.8295 2.4004 56.6923 -4.4611 -3.6665
Car -1 -1 -5.0632 823.7880 167.7388 881.8032 200.6255 1.6794 1.6222 4.1437 12.9835 1.4179 38.9428 -4.7440 -3.8587
Car -1 -1 -7.8363 833.9568 171.6684 862.4254 197.0110 1.5130 1.6238 4.0789 14.9363 1.4419 45.2707 -7.5199 -3.9590
Car -1 -1 -7.7979 361.6542 169.3042 384.2218 187.7684 1.6697 1.7683 4.2715 -22.1757 1.3484 67.5410 -8.1142 -4.0691
Car -1 -1 -4.7772 602.3226 182.5435 626.4634 202.6422 1.4210 1.5873 3.6848 0.2744 2.1808 54.7190 -4.7728 -4.2052
Car -1 -1 -7.8310 646.8731 208.2403 1241.0000 374.0000 1.4223 1.5527 3.3687 1.5172 1.6356 2.5086 -7.3386 -4.4287
Car -1 -1 -5.1195 800.1469 172.3732 842.0089 194.2218 1.4665 1.5555 3.4298 14.6156 1.4339 50.2278 -4.8383 -4.4651
Car -1 -1 -8.3761 1080.7568 144.5490 1223.0846 208.8525 1.9320 1.7878 4.3872 17.7201 1.0812 23.9557 -7.7453 -4.5910
Car -1 -1 -4.0676 86.4208 207.8178 164.5841 239.9991 1.4969 1.6480 3.7265 -26.5405 3.5087 39.6150 -4.6550 -4.7763
Car -1 -1 -4.4013 659.0452 174.6472 704.4656 203.1548 1.7544 1.7338 4.2364 4.6889 1.8765 46.9800 -4.3029 -5.0440
Car -1 -1 -4.9826 276.5572 173.9293 324.2572 200.4448 1.6081 1.7209 4.2942 -19.8748 1.6799 46.1533 -5.3874 -5.1936
Car -1 -1 -4.8365 613.5497 179.3132 642.0277 199.3048 1.4699 1.7297 4.0804 1.3279 1.9947 56.5381 -4.8136 -5.4063
Car -1 -1 -4.5486 603.0665 179.0074 638.3727 202.3279 1.4319 1.6850 4.1153 0.7204 1.8563 47.6250 -4.5340 -5.4955
Car -1 -1 -4.6385 610.2878 180.8613 644.6332 207.8180 1.4521 1.7150 4.1519 1.0343 1.9450 42.2937 -4.6148 -5.5165
Car -1 -1 -4.6300 529.5427 185.0972 556.4078 205.4296 1.3282 1.5750 4.3487 -4.8149 2.2463 51.9427 -4.7224 -5.6374
Car -1 -1 -4.8917 542.7529 181.2542 570.3005 199.5548 1.4248 1.6127 3.9230 -4.5197 2.1499 60.2063 -4.9667 -5.6569
Car -1 -1 -4.8021 640.3680 177.0896 665.2796 195.2601 1.3749 1.6134 4.1413 3.3604 1.7254 57.6676 -4.7446 -5.6607
Car -1 -1 -5.5235 350.6171 183.4561 412.0987 210.1259 1.6270 1.7528 3.5836 -14.8762 2.3380 46.8402 -5.8298 -5.6895
Car -1 -1 -4.3849 142.6391 183.3216 186.0163 204.9776 1.5672 1.6857 3.9906 -34.8065 2.4162 56.4102 -4.9358 -5.7117
Car -1 -1 -4.8618 614.5436 177.2936 645.3604 198.5202 1.4406 1.6186 4.0932 1.3660 1.7734 51.9923 -4.8361 -5.8761
Car -1 -1 -4.5784 0.0000 183.3783 19.7336 208.7696 1.5853 1.6783 4.0859 -41.5282 2.3318 49.0259 -5.2787 -5.8867
Car -1 -1 -4.5988 59.6082 183.4214 93.0320 204.3129 1.5055 1.6470 4.0079 -41.6321 2.3614 56.3165 -5.2333 -5.8867
Car -1 -1 -7.1806 1142.5370 146.7400 1241.0000 185.9208 1.4578 1.7173 4.5850 23.4304 0.4859 28.1616 -6.4918 -5.9815
