Car -1 -1 -7.8549 596.5245 172.2618 662.6298 235.7472 1.5968 1.6637 3.1582 0.4757 1.5816 19.7449 -7.8320 7.9715
Car -1 -1 -5.0387 817.8876 169.2946 846.3528 184.4458 1.4635 1.5710 3.7518 21.9842 1.1194 71.5922 -4.7422 -1.9388
Car -1 -1 -6.4797 653.1019 170.2138 702.6827 189.4873 1.6003 1.6644 3.9175 5.6878 1.3808 60.9408 -6.3874 -2.4548
Car -1 -1 -5.8316 503.1000 169.4867 569.0389 193.7611 1.7126 1.7311 4.4632 -5.4054 1.4747 52.4830 -5.9340 -3.2049
Car -1 -1 -4.8702 449.0494 172.2098 485.4097 198.7783 1.6086 1.6747 3.8497 -9.1312 1.5693 45.7816 -5.0662 -3.3253
Car -1 -1 -4.5547 137.3757 166.1555 182.3598 193.9449 1.5641 1.6442 4.0078 -26.6551 1.1868 42.7772 -5.1093 -3.5392
Car -1 -1 -4.6337 688.6274 166.9551 715.9094 187.5479 1.4710 1.7011 4.1420 6.8779 1.0493 53.7407 -4.5074 -3.5599
Car -1 -1 -4.6495 679.9846 172.8118 699.1092 188.3013 1.4801 1.6352 3.8645 7.8311 1.4758 70.9915 -4.5403 -3.5682
Car -1 -1 -4.4764 104.3847 168.5836 155.7689 196.0813 1.5015 1.6596 3.5498 -27.4716 1.2680 41.3510 -5.0600 -3.9643
Car -1 -1 -4.8631 909.2011 162.9213 939.1501 183.1501 1.5775 1.6431 3.8846 25.3387 0.8026 58.3535 -4.4554 -4.0296
Car -1 -1 -5.1132 659.6857 172.8458 690.1746 188.6810 1.5114 1.6272 3.7953 6.3306 1.5103 70.9231 -5.0248 -4.0461
Car -1 -1 -2.9845 170.2714 144.0731 264.9486 174.2697 1.6089 1.7918 4.3837 -21.6957 0.0751 40.0147 -3.4786 -4.2409
Car -1 -1 -4.3565 576.9366 174.0665 608.5110 192.1617 1.5271 1.5427 3.7927 -1.5033 1.6364 63.2101 -4.3805 -4.4033
Car -1 -1 -4.7713 857.5848 168.1415 878.0187 183.0577 1.4276 1.6687 3.7347 25.3508 0.9763 71.0847 -4.4303 -4.4040
Car -1 -1 -4.8516 685.5832 168.2434 719.7374 194.3852 1.6182 1.6550 3.8692 5.9065 1.3325 46.6103 -4.7267 -4.4519
Car -1 -1 -4.2153 105.9072 157.6456 181.1069 187.0653 1.5369 1.7479 4.0601 -25.6487 0.7421 39.7813 -4.7850 -4.4552
Car -1 -1 -4.6635 754.7039 166.5567 793.7806 200.9501 1.5330 1.6216 4.2971 7.8503 1.2520 34.4475 -4.4417 -4.5018
Car -1 -1 -5.0294 827.4141 166.0005 856.4870 182.4027 1.5187 1.6304 3.4386 21.9765 0.8838 68.5336 -4.7205 -4.5505
Car -1 -1 -2.7426 805.0034 167.1034 860.7640 188.0181 1.5346 1.6351 3.6978 16.8639 1.1124 54.7560 -2.4456 -4.5609
Car -1 -1 -7.7194 554.5166 172.7466 586.8528 197.7987 1.7535 1.8139 4.1798 -2.8542 1.7457 52.6587 -7.7737 -4.5663
Car -1 -1 -3.5466 904.9017 164.7064 980.7805 194.4115 1.5000 1.4907 3.2262 17.0874 1.0883 37.2169 -3.1194 -4.5813
Car -1 -1 -4.9440 807.7869 164.3132 850.6300 188.7149 1.5403 1.7167 4.4815 14.4312 1.0009 47.8333 -4.6529 -4.6532
Car -1 -1 -4.5841 659.1213 167.9624 687.4960 189.2410 1.5852 1.7033 3.9342 4.9069 1.2205 55.8549 -4.4972 -4.6576
Car -1 -1 -8.1736 836.8250 169.2145 866.8422 184.6289 1.4812 1.6578 3.9112 23.8356 1.1312 71.2933 -7.8524 -4.7623
Car -1 -1 -4.5919 675.4543 166.2870 700.6825 183.0161 1.4404 1.7386 4.3075 6.9803 0.8746 64.4179 -4.4847 -4.7830
Car -1 -1 -5.2869 1086.6997 167.7229 1186.1185 208.9727 1.6206 1.5631 3.7425 21.8971 1.4187 30.2537 -4.6653 -4.8341
Car -1 -1 -5.2307 681.3594 170.0496 717.4938 188.1184 1.6524 1.7651 3.7198 8.3777 1.3956 68.0397 -5.1090 -4.9027
Car -1 -1 -3.6509 463.0614 172.1398 517.3145 195.0540 1.6034 1.5616 3.5643 -8.6813 1.5532 52.2123 -3.8152 -4.9386
Car -1 -1 -5.1677 704.2413 168.9718 743.5979 189.7972 1.6022 1.6272 3.7066 9.0132 1.3032 57.5228 -5.0134 -4.9425
Car -1 -1 -7.5363 541.9545 167.4234 572.3517 186.0460 1.7679 1.7569 4.1759 -5.1617 1.2521 70.7373 -7.6091 -5.1401
Car -1 -1 -4.6238 532.9036 166.7390 558.5495 187.3045 1.7589 1.8784 4.4533 -5.6790 1.2356 63.9380 -4.7123 -5.2033
Car -1 -1 -7.9380 31.9355 179.6167 92.6945 218.4737 1.4672 1.6808 4.2154 -22.9464 1.7692 30.1168 -8.5849 -5.2184
Car -1 -1 -4.7996 566.3924 173.6203 588.2936 191.9186 1.5474 1.5764 3.9147 -2.9133 1.6164 63.2324 -4.8458 -5.3038
Car -1 -1 -4.4639 574.2637 172.6049 608.4161 195.1332 1.5839 1.5903 3.9023 -1.3547 1.5661 52.8083 -4.4899 -5.3627
Car -1 -1 -4.5060 747.0404 169.5726 785.3026 195.3332 1.5212 1.5689 3.8438 9.6748 1.3272 44.6840 -4.2945 -5.4704
Car -1 -1 -7.9050 597.9904 168.2664 666.3691 228.0296 1.7295 1.9280 4.6398 0.5574 1.5965 23.2272 -7.8821 -5.5269
Car -1 -1 -2.7969 747.6481 165.1113 814.6976 187.9674 1.6016 1.5820 4.4691 12.3850 1.0588 52.4410 -2.5664 -5.5390
Car -1 -1 -5.5598 1161.7255 199.2187 1241.0000 374.0000 1.4170 1.5212 3.6622 4.1409 1.5881 2.8058 -4.6329 -5.5663
Car -1 -1 -4.4206 529.6447 169.7185 569.1628 196.3478 1.7641 1.5924 4.1896 -4.1802 1.5561 50.0129 -4.5039 -5.6275
Car -1 -1 -3.3391 638.9768 166.1236 709.4750 191.7716 1.7822 1.8419 4.7217 4.5048 1.3142 51.3146 -3.2524 -5.7867
Car -1 -1 -5.9055 1241.0000 44.1763 1241.0000 374.0000 1.4430 1.5690 3.9933 6.2192 1.3375 2.6311 -4.7743 -5.8288
Car -1 -1 -4.7102 612.4454 170.5401 633.8575 188.6130 1.3144 1.5574 3.8735 0.9641 1.1458 54.4272 -4.6929 -5.8867
Car -1 -1 -3.4967 0.0000 196.6691 0.0000 374.0000 1.5071 1.6037 3.9579 -8.2900 1.6693 2.9335 -4.6975 -5.8867
Car -1 -1 -7.0093 0.0000 0.0000 1241.0000 374.0000 1.5331 1.5861 3.8024 -1.7126 1.5873 0.9979 -7.9398 -5.8867
Car -1 -1 -3.5752 0.0000 190.7690 0.0000 374.0000 1.4994 1.6029 3.9562 -6.6816 1.6214 2.9339 -4.6976 -5.8867
Car -1 -1 -6.7250 0.0000 0.0000 1241.0000 374.0000 1.4846 1.5936 3.8414 -3.6946 1.5487 1.3742 -7.8745 -5.8867
Car -1 -1 -8.4286 0.0000 0.0000 947.9997 374.0000 1.5314 1.5858 3.8026 0.6993 1.5541 0.9980 -7.9398 -5.8867
Car -1 -1 -8.9989 0.0000 0.0000 1241.0000 374.0000 1.5322 1.5852 3.8025 2.3073 1.5414 0.9980 -7.9398 -5.8867
Car -1 -1 -5.3605 0.0000 0.0000 1241.0000 374.0000 1.5003 1.6068 4.0566 40.2351 0.5300 -0.2942 -3.7896 -5.8867
Car -1 -1 -7.8719 878.3735 161.4565 897.5078 180.0191 1.7701 1.6730 4.1069 27.3097 0.6830 71.0213 -7.5063 -6.3127
Car -1 -1 -5.1903 775.6469 159.2125 818.3462 183.0487 1.7630 1.6802 3.6283 14.2632 0.7537 55.3250 -4.9395 -7.1740
