Car -1 -1 -8.0966 747.6451 182.6180 878.6575 272.3482 1.4317 1.5247 3.5032 3.6311 1.6400 13.6553 -7.8431 7.0906
Car -1 -1 -7.8507 601.2397 175.2471 661.7160 233.9489 1.6140 1.6751 3.1558 0.5906 1.6906 21.5715 -7.8245 7.0615
Car -1 -1 -8.5980 1172.2363 159.3419 1241.0000 214.9564 1.5436 1.6173 3.7897 19.3701 1.1683 21.9431 -7.8817 1.8264
Car -1 -1 -4.6855 714.0197 176.4017 744.7296 204.8405 1.5220 1.6340 4.0703 6.8359 1.7353 41.3041 -4.5231 -1.5165
Car -1 -1 -8.4682 956.5623 157.5713 1035.0016 194.7122 1.8925 1.7572 3.9413 20.6244 1.1135 38.8333 -7.9833 -1.9054
Car -1 -1 -1.9466 154.8339 180.2891 194.0097 201.3045 1.7822 1.6862 3.8843 -38.8831 2.4641 64.3492 -2.4885 -1.9943
Car -1 -1 -4.8691 193.0824 172.7317 232.5220 200.0943 1.6141 1.6303 3.3165 -24.4843 1.6066 44.3734 -5.3710 -2.1044
Car -1 -1 -7.5125 474.3297 178.3696 507.0383 196.4494 1.6633 1.7697 4.3845 -11.5671 2.2166 70.1067 -7.6758 -2.4013
Car -1 -1 -4.7266 269.3160 186.4035 301.4094 215.8302 1.5472 1.6349 4.0586 -19.0162 2.3791 42.1328 -5.1485 -3.0214
Car -1 -1 -4.8122 772.4438 169.6292 796.6196 188.4186 1.6079 1.6746 4.0395 15.3884 1.3316 63.8598 -4.5770 -3.1855
Car -1 -1 -7.8090 190.3757 180.8631 212.5768 199.6564 1.6359 1.6128 3.7178 -37.6727 2.3968 66.5547 -8.3226 -3.1910
Car -1 -1 -4.9096 134.0631 184.0758 166.0086 203.4399 1.6247 1.6960 3.8818 -41.3684 2.6636 64.8301 -5.4759 -3.4594
Car -1 -1 -4.2017 371.2076 182.0526 421.6591 205.5800 1.5095 1.7339 3.7450 -14.7416 2.1710 49.8904 -4.4879 -3.9086
Car -1 -1 -4.3794 435.4722 179.7353 471.0792 202.2013 1.7839 1.6911 4.0659 -13.1647 2.3828 60.7109 -4.5924 -4.1130
Car -1 -1 -5.2064 754.6230 175.4598 786.8892 191.4247 1.5060 1.5627 3.5871 15.6849 1.7678 70.6373 -4.9891 -4.1697
Car -1 -1 -4.7669 843.5634 171.5347 874.3620 195.2359 1.4342 1.6240 3.7787 15.6905 1.3540 45.6993 -4.4385 -4.3008
Car -1 -1 -6.4223 436.8727 178.7688 486.8441 199.1829 1.5751 1.6239 3.7367 -11.9131 2.0606 57.8698 -6.6248 -4.3985
Car -1 -1 -4.8126 501.6389 178.8522 524.5034 195.3860 1.4796 1.7105 4.5020 -9.2796 2.0702 68.6921 -4.9468 -4.5293
Car -1 -1 -4.4602 396.5446 169.4198 422.5907 184.7084 1.4718 1.6042 3.7135 -19.7998 1.1409 71.3318 -4.7302 -4.7672
Car -1 -1 -4.6707 546.7338 178.5968 563.5858 193.2319 1.3911 1.5344 3.2247 -5.4343 1.9730 71.5078 -4.7466 -4.7982
Car -1 -1 -6.6457 737.2647 169.7155 819.4771 196.6265 1.4365 1.6415 4.0765 9.1735 1.2686 39.6057 -6.4201 -4.8663
Car -1 -1 -5.1186 743.0157 169.4793 793.8723 196.9989 1.8042 1.7274 4.6097 10.8151 1.5826 49.7319 -4.9061 -5.0320
Car -1 -1 -4.7228 545.0011 179.6592 568.9786 204.2377 1.6282 1.6285 4.4455 -3.8292 2.1337 51.3457 -4.7974 -5.0579
Car -1 -1 -5.0867 827.9630 176.4041 909.7158 220.7748 1.4529 1.5051 3.6036 9.0902 1.5883 25.7490 -4.7514 -5.0610
Car -1 -1 -4.9260 498.5755 179.1154 524.9581 195.3863 1.3920 1.5747 3.9087 -8.9620 1.9779 65.4535 -5.0619 -5.2327
Car -1 -1 -4.8023 593.9924 178.1023 622.1699 198.7011 1.3969 1.6679 4.0541 -0.2068 1.7908 52.0958 -4.8067 -5.2956
Car -1 -1 -4.4425 603.9610 178.6998 649.5989 203.2717 1.3721 1.6970 4.2249 1.0355 1.7437 43.6380 -4.4194 -5.3153
Car -1 -1 -4.1668 660.0770 179.5842 722.0841 208.3265 1.4418 1.5670 3.8693 4.4061 1.8254 39.1470 -4.0561 -5.3377
Car -1 -1 -4.8658 531.1247 180.2457 555.9822 195.0751 1.3558 1.7634 4.4293 -6.5617 2.1038 70.6849 -4.9584 -5.3688
Car -1 -1 -4.6370 509.0865 176.6337 531.9271 197.8153 1.6068 1.5077 4.0534 -7.1300 1.9187 57.5307 -4.7601 -5.3864
Car -1 -1 -3.8131 66.0123 167.4628 170.9149 206.6271 1.8248 1.7583 4.0980 -24.3318 1.5733 35.8382 -4.4062 -5.3893
Car -1 -1 -5.0825 556.3431 177.4314 593.9679 200.8231 1.5915 1.5443 3.4527 -2.5612 1.9313 51.7217 -5.1321 -5.4778
Car -1 -1 -4.7781 602.8988 180.1460 640.7681 210.4428 1.4904 1.7431 4.1683 0.5418 1.9022 38.6467 -4.7648 -5.5146
Car -1 -1 -4.5165 779.9355 176.1764 846.6546 218.4707 1.4019 1.5829 4.2015 7.4904 1.5339 26.4992 -4.2445 -5.5309
Car -1 -1 -4.9069 550.0933 177.9642 577.7235 195.4478 1.4519 1.6600 4.0740 -4.1055 1.9159 63.3753 -4.9717 -5.5525
Car -1 -1 -4.4918 399.3143 178.3065 435.3973 203.4176 1.7637 1.6775 4.4049 -14.3592 2.1874 53.8810 -4.7514 -5.5804
Car -1 -1 -4.4594 494.9249 179.9849 525.6095 197.5434 1.4031 1.5851 4.2457 -8.5024 2.0338 61.6452 -4.5962 -5.7205
Car -1 -1 -4.6959 628.5654 176.4260 652.1982 197.8064 1.4604 1.6370 4.0259 2.1903 1.7278 52.0291 -4.6545 -5.7442
Car -1 -1 -4.9853 794.1785 171.4570 846.8105 199.7822 1.4056 1.5923 4.0669 10.9265 1.3359 37.8427 -4.7066 -5.7496
Car -1 -1 -4.9551 468.3875 181.4080 500.9833 203.0679 1.5857 1.6387 3.8405 -9.8832 2.2807 56.5609 -5.1277 -5.7537
Car -1 -1 -4.8198 597.8405 177.0792 629.8531 202.1886 1.5176 1.6295 3.9808 0.1713 1.8009 46.3685 -4.8166 -5.7682
Car -1 -1 -4.8531 966.7338 167.0103 998.0230 189.6478 1.5142 1.4427 3.4938 25.8091 1.1230 50.1492 -4.3804 -5.7969
Car -1 -1 -4.8936 620.5888 175.9212 655.1751 198.1340 1.3829 1.5690 4.0317 1.7617 1.5940 47.6119 -4.8572 -5.8401
Car -1 -1 -4.7076 606.9577 177.6242 628.3858 197.1773 1.4170 1.5818 3.9262 0.5651 1.7949 55.2281 -4.6978 -5.8867
Car -1 -1 -6.9166 0.0000 0.0000 1241.0000 374.0000 1.5481 1.5901 3.8047 -2.1015 1.6470 1.0034 -7.9391 -5.8867
Car -1 -1 -4.6891 154.3993 182.5456 176.4245 199.8559 1.5114 1.6580 4.0398 -41.6298 2.4479 67.5821 -5.2396 -5.8867
Car -1 -1 -4.5462 578.7197 177.8759 612.1414 200.8393 1.4658 1.6100 4.1952 -0.9804 1.8232 49.2083 -4.5665 -6.0555
Car -1 -1 -4.7784 117.7153 183.3136 144.8540 202.5403 1.5353 1.6697 4.4293 -41.4161 2.4717 62.3520 -5.3630 -6.0903
Car -1 -1 -8.6274 1229.5535 138.2193 1241.0000 182.4283 1.7403 1.6333 3.8431 28.5074 0.3766 30.3435 -7.8780 -6.3970
Car -1 -1 -6.4845 801.7428 166.9469 873.1926 192.5225 1.7647 1.6876 4.5536 15.9484 1.3568 50.8554 -6.1825 -6.6662
Car -1 -1 -7.0892 1129.3359 139.7913 1228.4452 179.2355 1.9239 1.7389 3.8587 28.5631 0.3110 36.3288 -6.4268 -7.1902
