Car -1 -1 -7.8518 592.0074 175.0077 656.4769 237.6252 1.5923 1.6500 3.0874 0.3409 1.6564 20.0136 -7.8359 7.3717
Car -1 -1 -3.9332 697.1285 176.2986 761.1565 204.6684 1.4972 1.5515 3.4322 6.6034 1.6963 40.1155 -3.7718 -0.3801
Car -1 -1 -4.1548 189.9441 179.4420 300.5421 227.6310 1.5771 1.7180 4.0051 -13.1734 1.8355 26.2571 -4.6160 -2.3369
Car -1 -1 -4.7261 698.7806 174.0466 722.6902 197.0726 1.5792 1.6327 3.8451 7.1542 1.6676 51.7005 -4.5898 -2.8496
Car -1 -1 -4.7424 705.7705 173.9939 734.8392 201.1078 1.6202 1.6724 4.0782 6.8661 1.6950 45.4185 -4.5937 -3.5235
Car -1 -1 -6.1675 702.8322 174.8357 765.2808 199.8007 1.6042 1.6609 3.9250 8.2178 1.7392 47.9254 -5.9991 -3.5493
Car -1 -1 -6.3599 400.7448 177.0108 463.0653 203.5727 1.7073 1.6594 3.9279 -11.9424 1.9929 48.2208 -6.6017 -3.5637
Car -1 -1 -8.6546 956.9092 173.9969 1081.9070 220.8197 1.4220 1.5182 3.5237 13.3936 1.4626 23.9122 -8.1496 -3.5960
Car -1 -1 -5.2717 691.6237 171.6456 732.0253 191.8561 1.6133 1.6002 3.6589 8.3464 1.5165 59.5926 -5.1336 -4.0133
Car -1 -1 -7.5602 79.1438 151.1297 140.8972 182.6670 1.4335 1.5396 3.2819 -23.9352 0.4457 34.5935 -8.1619 -4.0939
Car -1 -1 -8.0295 1092.9692 163.9437 1145.6075 194.1182 1.5527 1.6539 3.9482 27.6004 1.0939 39.2677 -7.4205 -4.1645
Car -1 -1 -4.4664 528.5616 174.4117 557.6714 190.7790 1.5590 1.8861 4.2727 -6.5985 1.7177 71.4119 -4.5585 -4.2767
Car -1 -1 -4.5089 547.7502 177.1777 575.0471 195.9144 1.5903 1.6213 4.1872 -4.3258 1.9892 64.4333 -4.5760 -4.2851
Car -1 -1 -7.2293 39.8820 181.6477 204.3109 245.3273 1.5369 1.7171 4.0441 -13.3740 1.8059 20.0387 -7.8119 -4.7024
Car -1 -1 -5.1752 581.8599 178.4861 624.4706 200.0566 1.5397 1.6131 3.9964 -0.5891 1.9836 54.7691 -5.1864 -4.8677
Car -1 -1 -7.8299 650.2644 176.1940 679.7346 205.1284 1.5109 1.5474 3.3978 3.0328 1.7032 39.8515 -7.7550 -4.8737
Car -1 -1 -4.9152 630.4141 177.3917 667.4962 201.3459 1.4352 1.5708 4.0638 2.4097 1.7385 46.1623 -4.8639 -4.9861
Car -1 -1 -4.8799 681.1694 175.2857 713.7715 199.0152 1.5461 1.5834 3.8510 5.9111 1.7188 49.3754 -4.7619 -4.9862
Car -1 -1 -2.3673 133.5879 148.7899 222.0707 178.3876 1.4635 1.6743 3.8044 -22.1419 0.2733 36.9387 -2.9042 -5.0252
Car -1 -1 -5.4861 705.6897 176.1661 765.4868 198.3626 1.5015 1.6977 4.2962 8.9204 1.7490 51.7319 -5.3167 -5.1394
Car -1 -1 -4.1527 0.0000 160.3975 78.0378 191.4614 1.3927 1.5675 3.7296 -27.3250 0.8339 34.2889 -4.8218 -5.2024
Car -1 -1 -7.6106 290.0309 161.6236 324.2088 182.2041 1.7062 1.6854 4.4583 -26.0574 0.7749 62.1493 -8.0062 -5.2176
Car -1 -1 -4.8842 592.1808 176.6913 626.3848 198.4806 1.3535 1.5980 3.9418 -0.1231 1.6176 47.6322 -4.8872 -5.2745
Car -1 -1 -5.0648 874.5395 173.0091 939.4898 203.7659 1.4002 1.6679 3.7929 14.1934 1.4078 34.7895 -4.6807 -5.2834
Car -1 -1 -5.0563 512.7426 177.2953 556.6575 204.1906 1.5470 1.5732 3.5003 -4.6704 1.8297 44.0544 -5.1617 -5.2890
Car -1 -1 -5.0446 723.3964 171.5223 784.5159 206.5372 1.7349 1.7992 4.4159 7.4679 1.6687 38.0633 -4.8528 -5.2965
Car -1 -1 -5.1647 773.9633 176.0286 841.3116 204.7285 1.3333 1.6812 3.9289 9.7575 1.5009 36.0710 -4.9030 -5.3276
Car -1 -1 -4.8660 586.9378 177.2429 628.5646 207.2621 1.5822 1.7268 4.1716 -0.2200 1.8438 40.8671 -4.8719 -5.3472
Car -1 -1 -7.8057 106.2633 149.3133 153.6508 185.3513 1.7900 1.8765 4.0057 -25.2751 0.6204 38.0404 -8.3890 -5.3810
Car -1 -1 -4.2416 478.1480 178.8665 523.1879 201.4631 1.4812 1.6012 3.7089 -7.6183 1.9175 50.3801 -4.3913 -5.5065
Car -1 -1 -4.7035 700.2501 171.0140 723.0354 194.2357 1.7076 1.6628 3.8659 7.7437 1.5720 55.0922 -4.5650 -5.5375
Car -1 -1 -4.9635 589.5469 176.7418 644.3077 208.2114 1.4881 1.7565 4.4031 0.2432 1.7001 37.0486 -4.9575 -5.5568
Car -1 -1 -4.8267 865.1121 173.0284 918.4517 205.7292 1.3348 1.6952 4.0993 12.2446 1.3427 31.6714 -4.4613 -5.6147
Car -1 -1 -4.8608 568.6936 179.6890 595.7498 200.3020 1.5532 1.6604 3.4015 -2.2655 2.1139 57.4036 -4.9005 -5.6764
Car -1 -1 -4.7174 827.2474 173.2626 870.9466 209.3391 1.4398 1.6729 4.1714 10.2269 1.4584 31.0891 -4.4029 -5.7237
Car -1 -1 -4.7070 623.9850 176.7924 648.1699 198.7438 1.4377 1.6081 3.9525 1.7814 1.7212 49.9845 -4.6721 -5.7852
Car -1 -1 -4.9966 809.2850 174.5856 863.7232 204.3706 1.4249 1.5846 3.9295 11.4142 1.5175 36.7243 -4.6980 -5.8867
Car -1 -1 -5.0938 839.5663 173.1614 904.4283 203.4025 1.3882 1.6066 3.9163 12.6360 1.4037 35.1499 -4.7517 -5.8867
Car -1 -1 -4.7082 606.5587 177.7529 630.0250 199.2792 1.4296 1.5879 3.9319 0.5574 1.7876 50.7948 -4.6978 -5.8867
Car -1 -1 -7.1465 51.8721 0.0000 1241.0000 374.0000 1.5426 1.5884 3.8034 -1.2977 1.6180 1.0045 -7.9392 -5.8867
Car -1 -1 -4.7343 613.1390 176.3374 640.1682 200.3657 1.4067 1.5803 3.9180 0.9618 1.6320 44.7685 -4.7134 -5.8867
Car -1 -1 -4.7467 606.3806 176.6482 628.6776 195.7632 1.4115 1.5891 3.9793 0.5269 1.7167 56.0859 -4.7378 -5.8867
Car -1 -1 -6.7852 0.0000 0.0000 1241.0000 374.0000 1.5430 1.5877 3.8028 -2.9053 1.6399 1.0042 -7.9391 -5.8867
Car -1 -1 -3.5046 0.0000 189.5553 0.0000 374.0000 1.4946 1.6037 3.9541 -7.0820 1.5989 2.5306 -4.6974 -5.8867
Car -1 -1 -5.0072 818.8007 174.1552 870.5900 201.7345 1.4134 1.5800 3.9248 12.6210 1.4872 39.1367 -4.6978 -5.8867
Car -1 -1 -4.6438 545.6044 177.4131 574.5002 200.6145 1.3433 1.5108 4.0239 -3.0806 1.6374 44.5792 -4.7128 -5.9219
Car -1 -1 -5.3136 912.0850 170.7293 1015.6509 215.4529 1.5409 1.4870 3.9173 13.0209 1.4674 26.9093 -4.8677 -5.9965
Car -1 -1 -8.6821 1224.9603 157.0921 1241.0000 225.7210 1.5797 1.7482 4.6873 19.0819 1.2166 18.9909 -7.9022 -6.0865
Car -1 -1 -4.2032 33.7515 154.9282 122.1045 192.4429 1.7002 1.6805 3.9988 -25.5660 0.8875 34.7875 -4.8334 -6.2796
