Car -1 -1 -7.8023 575.4448 176.6669 633.8396 232.6843 1.6126 1.6705 3.1974 -0.1532 1.7405 22.6273 -7.8098 7.1383
Car -1 -1 -7.8288 698.2289 177.4455 729.8985 205.8631 1.4828 1.6657 4.2112 5.8578 1.7549 40.5803 -7.6870 -0.7120
Car -1 -1 -4.1718 669.7880 178.3351 706.2362 195.9902 1.5349 1.6542 3.6827 7.1296 2.0503 65.9179 -4.0649 -2.5660
Car -1 -1 -4.8882 752.2789 177.3983 777.7885 196.6867 1.6197 1.6195 3.2962 13.4946 2.0270 63.0527 -4.6787 -3.3808
Car -1 -1 -7.9048 673.1573 173.3506 711.4935 207.6333 1.6197 1.6829 4.2958 4.0489 1.6460 36.3473 -7.7953 -3.7097
Car -1 -1 -4.8825 806.3657 174.7779 841.4342 198.7268 1.4706 1.5617 3.6227 13.7049 1.5993 46.4989 -4.5980 -3.8106
Car -1 -1 -3.3582 646.9234 178.4595 713.3801 203.9305 1.4193 1.5646 3.5612 3.9856 1.7502 41.6365 -3.2639 -3.9634
Car -1 -1 -4.5255 719.3381 176.0994 771.9873 212.7493 1.5438 1.6400 4.1071 6.2209 1.7019 32.9962 -4.3414 -4.0380
Car -1 -1 -4.6963 700.7503 175.6799 734.2135 208.0858 1.5316 1.5882 4.3167 5.4615 1.6840 36.7529 -4.5504 -4.0867
Car -1 -1 -5.0685 689.7340 173.9536 735.4743 198.3856 1.6042 1.6967 4.3861 7.0036 1.6835 49.9105 -4.9303 -4.2548
Car -1 -1 -4.5089 516.9557 174.2043 542.5966 191.1343 1.6146 1.7628 3.8997 -7.8976 1.7513 71.1601 -4.6193 -4.2928
Car -1 -1 -5.4042 708.7775 175.0760 761.1942 197.6241 1.6755 1.6768 4.2856 9.6795 1.8558 56.3411 -5.2354 -4.4443
Car -1 -1 -5.3221 683.5130 176.4198 726.2491 195.0495 1.5527 1.6301 4.1351 8.2432 1.8756 63.1940 -5.1934 -4.5010
Car -1 -1 -5.1686 762.3423 170.9363 808.8793 195.0328 1.6798 1.5933 4.1962 12.6920 1.5458 52.5199 -4.9331 -4.5290
Car -1 -1 -4.3757 671.2865 175.6753 714.6670 201.2749 1.5731 1.5945 3.9435 5.4061 1.7646 46.9276 -4.2622 -4.6507
Car -1 -1 -6.8260 762.7014 176.2247 817.4315 195.7381 1.6267 1.7576 4.2812 15.4730 1.9235 62.1299 -6.5835 -4.6603
Car -1 -1 -4.0643 677.5289 175.9671 724.7209 197.1408 1.5991 1.6898 3.9077 7.2060 1.8535 57.0650 -3.9397 -4.8724
Car -1 -1 -4.1582 454.4582 176.7371 505.7126 199.2433 1.4304 1.5548 3.9583 -8.7489 1.7037 48.7175 -4.3353 -4.8951
Car -1 -1 -4.3478 433.3394 178.1657 481.2544 204.9500 1.4589 1.5012 3.7190 -8.8747 1.7824 42.0309 -4.5550 -4.9708
Car -1 -1 -4.2863 509.9083 176.2300 544.5886 194.6188 1.5432 1.5011 4.0302 -7.2640 1.8499 63.4869 -4.4001 -5.0576
Car -1 -1 -7.6465 585.2727 177.6893 628.5834 205.3138 1.4050 1.6362 3.7149 -0.1561 1.6819 39.3775 -7.6510 -5.0634
Car -1 -1 -4.7217 853.1931 174.2996 882.3918 197.6681 1.3760 1.6392 3.9926 15.9758 1.4700 44.9078 -4.3823 -5.1548
Car -1 -1 -3.9449 0.0000 161.0617 45.6069 200.0768 1.5211 1.5445 3.8318 -25.9249 1.0610 30.0892 -4.6518 -5.1760
Car -1 -1 -5.0851 568.0748 176.1768 617.3895 201.3871 1.5262 1.7601 4.2107 -1.2027 1.7509 46.5650 -5.1112 -5.1762
Car -1 -1 -4.3463 1118.6974 177.9374 1241.0000 348.7179 1.4624 1.5738 4.0901 7.5417 1.5290 7.8889 -3.6025 -5.2447
Car -1 -1 -4.1850 828.0422 178.3455 909.8762 213.5865 1.4547 1.5512 4.2189 11.6111 1.7155 32.3485 -3.8438 -5.3199
Car -1 -1 -4.9280 828.1030 173.1060 863.3743 192.9436 1.3965 1.6144 4.0597 17.2167 1.4154 52.9443 -4.6156 -5.3297
Car -1 -1 -7.8899 590.4254 174.9665 627.1877 209.8400 1.5940 1.6427 3.7080 -0.1451 1.7020 35.0941 -7.8946 -5.3472
Car -1 -1 -4.5148 629.3669 178.7952 663.7021 201.4913 1.4499 1.5840 4.0687 2.5114 1.8742 49.3954 -4.4648 -5.3847
Car -1 -1 -5.1134 735.0815 173.7768 779.8945 194.0960 1.3933 1.6099 4.2667 10.5253 1.4623 51.9334 -4.9149 -5.4709
Car -1 -1 -5.1108 891.1203 177.8906 1028.3306 239.6992 1.3846 1.6352 4.1795 8.7756 1.5291 18.6255 -4.6771 -5.6577
Car -1 -1 -8.0980 627.3965 174.9553 678.3333 210.3623 1.5061 1.4857 3.5372 1.8495 1.6068 32.7912 -8.0428 -5.6618
Car -1 -1 -4.9660 560.6277 177.1523 610.0179 208.3707 1.6760 1.7985 4.3961 -1.5279 1.9385 41.7519 -5.0028 -5.6763
Car -1 -1 -4.9459 658.0067 178.8019 681.9899 195.8174 1.5018 1.4631 3.3701 5.4993 2.0660 66.7030 -4.8645 -5.7806
Car -1 -1 -5.3847 1002.6498 182.2937 1241.0000 285.2169 1.3644 1.6453 3.8147 8.3734 1.5452 11.8855 -4.7832 -5.8042
Car -1 -1 -4.4508 585.6709 175.5042 624.3743 198.2240 1.4739 1.6468 4.1311 -0.3256 1.6637 49.5310 -4.4578 -5.8554
Car -1 -1 -7.5771 0.0000 183.6414 38.6473 309.9507 1.6933 1.9780 4.5680 -11.8371 1.9183 12.5819 -8.3215 -5.8625
Car -1 -1 -6.9168 0.0000 0.0000 1241.0000 374.0000 1.5433 1.5881 3.8031 -2.1015 1.6314 1.0041 -7.9391 -5.8867
Car -1 -1 -4.6616 571.6532 177.1674 596.3979 197.8622 1.3999 1.5745 3.9206 -1.8549 1.7199 51.6025 -4.6977 -5.8867
Car -1 -1 -8.1634 0.0000 0.0000 853.1668 374.0000 1.5409 1.5880 3.8030 0.3102 1.5951 1.0045 -7.9392 -5.8867
Car -1 -1 -3.5046 0.0000 188.8607 0.0000 374.0000 1.4945 1.6040 3.9540 -7.0820 1.5944 2.5305 -4.6973 -5.8867
Car -1 -1 -4.8055 725.2049 175.0837 748.5728 191.9733 1.4114 1.6323 3.9858 11.0026 1.6118 62.8886 -4.6334 -5.8867
Car -1 -1 -4.7231 618.2352 176.8857 640.7868 197.2829 1.4037 1.5762 3.9220 1.3613 1.7072 52.4062 -4.6977 -5.8867
Car -1 -1 -6.7025 0.0000 0.0000 1241.0000 374.0000 1.5449 1.5861 3.8025 -3.7084 1.6603 1.0046 -7.9389 -5.8867
Car -1 -1 -4.4730 587.8732 175.4347 635.2715 203.9425 1.5865 1.7661 4.7134 0.1263 1.7493 43.1071 -4.4706 -5.9693
Car -1 -1 -4.8596 460.9671 176.2686 505.7686 208.1077 1.4534 1.6108 3.8784 -6.3168 1.6310 35.4815 -5.0349 -5.9742
Car -1 -1 -8.4383 950.2172 172.5149 1241.0000 374.0000 1.5713 1.7230 4.1181 3.1260 1.5704 3.3352 -7.7291 -6.0941
Car -1 -1 -4.7058 572.8978 176.1951 617.7347 218.6059 1.6966 1.8173 4.6995 -0.6749 1.8535 31.5992 -4.7276 -6.1077
Car -1 -1 -5.3976 0.0000 188.7493 26.2262 337.4593 1.6777 1.8806 4.6393 -10.7082 1.9082 9.4220 -6.2327 -6.5355
