Car -1 -1 -4.3608 286.5889 187.5614 459.7661 289.0466 1.4295 1.6274 3.8113 -3.9905 1.7272 12.6726 -4.6607 7.5479
Car -1 -1 -7.8363 615.9617 174.9412 668.5162 226.3064 1.5958 1.6445 3.1429 1.0537 1.6701 24.1666 -7.7940 7.5368
Car -1 -1 -4.3092 251.8457 186.8675 388.7578 257.2804 1.3945 1.5543 3.9382 -6.7239 1.7646 17.0770 -4.6795 4.6154
Car -1 -1 -4.1527 366.9591 170.8167 419.7312 195.8824 1.6912 1.7429 3.9169 -15.2249 1.5534 50.8023 -4.4427 -0.7396
Car -1 -1 -2.8799 891.5035 161.4231 962.3843 186.9919 1.4466 1.5726 3.5417 18.6263 0.7996 42.5404 -2.4699 -1.5607
Car -1 -1 -4.7927 702.0808 173.0313 734.2675 201.0295 1.6858 1.6631 4.2401 6.7599 1.6972 45.6414 -4.6471 -2.5671
Car -1 -1 -6.9929 661.2150 178.6450 719.9111 201.6789 1.4361 1.5597 3.7296 5.2910 1.8309 47.5350 -6.8832 -2.9471
Car -1 -1 -7.9898 515.0359 177.0007 536.6937 193.1617 1.5014 1.5904 3.7689 -8.2172 1.9156 70.0953 -8.1064 -3.4464
Car -1 -1 -7.4296 0.0000 183.3380 50.7211 207.9600 1.4214 1.5554 3.5112 -36.8167 2.1049 45.1641 -8.1107 -3.6941
Car -1 -1 -4.8344 848.5961 159.8313 880.4850 183.2971 1.7782 1.8238 4.5478 20.0596 0.7910 57.0910 -4.4983 -3.8045
Car -1 -1 -4.2290 657.3905 178.7593 721.0558 211.2986 1.3933 1.5534 3.3499 3.6656 1.6811 33.3807 -4.1212 -3.8540
Car -1 -1 -7.6497 0.0000 181.2950 21.8376 208.0070 1.5267 1.6492 4.1341 -38.1288 2.0769 44.8453 -8.3515 -4.0037
Car -1 -1 -5.2045 705.8847 177.0719 769.8622 210.6037 1.4354 1.4891 3.3217 5.7741 1.6395 33.1529 -5.0341 -4.4292
Car -1 -1 -4.6400 701.8482 171.2955 728.5038 196.0375 1.7588 1.6452 4.5441 7.8342 1.6477 53.6873 -4.4963 -4.5554
Car -1 -1 -4.6234 726.7839 175.2163 766.7843 208.5409 1.5757 1.6289 4.3880 6.9853 1.7035 36.7807 -4.4377 -4.9013
Car -1 -1 -7.8405 841.2950 163.5956 863.3442 189.2260 2.2515 1.8447 4.1201 22.0392 1.4379 65.6312 -7.5182 -5.0667
Car -1 -1 -7.7512 383.6122 180.5519 434.7358 221.1874 1.4494 1.5709 3.5524 -7.8634 1.7714 28.3303 -8.0200 -5.2698
Car -1 -1 -7.6997 377.8845 176.8613 440.6084 221.0217 1.4358 1.6087 3.5856 -7.1077 1.5885 25.6714 -7.9676 -5.2892
Car -1 -1 -4.8025 536.5356 178.7451 567.7853 202.6683 1.5262 1.7252 4.6206 -4.0578 1.9510 49.6480 -4.8840 -5.3011
Car -1 -1 -4.6445 0.0000 184.1055 11.5887 207.4909 1.4448 1.6389 3.6088 -41.3509 2.2292 48.3822 -5.3491 -5.3108
Car -1 -1 -4.9757 611.0223 174.5466 665.0416 205.7766 1.5605 1.7318 4.6541 1.3907 1.6569 38.7829 -4.9407 -5.3664
Car -1 -1 -8.1288 1241.0000 181.4109 1241.0000 374.0000 1.3628 1.5889 3.6090 3.5974 1.4158 2.5680 -7.2310 -5.4043
Car -1 -1 -4.6350 498.6068 179.1892 519.4229 195.7092 1.5175 1.6807 4.2601 -9.8026 2.1520 70.1257 -4.7738 -5.4685
Car -1 -1 -4.9091 613.0932 176.0679 648.3116 198.6826 1.4546 1.6374 3.9942 1.3324 1.6825 49.1164 -4.8826 -5.4732
Car -1 -1 -4.8342 617.3027 178.1646 664.0848 213.2884 1.5373 1.6897 4.4607 1.3596 1.8083 34.5667 -4.7958 -5.4940
Car -1 -1 -4.7197 294.6124 181.4587 359.5375 232.8957 1.4138 1.7543 4.3167 -9.0433 1.7149 22.9412 -5.0917 -5.6193
Car -1 -1 -4.6032 806.7707 168.8487 831.9786 188.6225 1.6151 1.6438 3.8649 17.7121 1.2877 61.0356 -4.3223 -5.6246
Car -1 -1 -4.2208 472.3538 176.6915 523.2989 197.7103 1.3675 1.6051 4.4118 -7.7636 1.6464 50.1470 -4.3740 -5.6748
Car -1 -1 -7.3489 134.3004 151.8208 206.5910 189.9617 1.8206 1.5381 3.6161 -22.0483 0.8163 36.2780 -7.8918 -5.7204
Car -1 -1 -4.5675 302.3904 179.8275 366.4102 222.2793 1.4200 1.6462 4.1479 -10.2838 1.7025 27.0598 -4.9278 -5.8524
Car -1 -1 -4.5231 331.8600 182.1381 416.8830 235.8353 1.4090 1.6669 4.2082 -7.0644 1.7183 21.8779 -4.8324 -5.8861
Car -1 -1 -4.4946 0.0000 181.9542 0.0000 208.5949 1.4855 1.6444 4.0163 -41.6127 2.0652 43.8442 -5.2510 -5.8867
Car -1 -1 -4.4608 332.8003 178.9984 406.8475 223.0191 1.4443 1.6128 3.9415 -8.6821 1.6847 26.2555 -4.7776 -5.8867
Car -1 -1 -3.7185 299.4624 180.3043 400.4024 219.4614 1.5991 1.5826 4.0482 -11.6238 1.9544 32.3510 -4.0613 -6.0164
Car -1 -1 -4.9301 482.8525 180.0757 506.4466 195.3720 1.4193 1.5208 3.7028 -11.3679 2.1481 70.8427 -5.0889 -6.2780
