Car -1 -1 -7.8092 580.6345 175.1141 636.8307 229.4370 1.6135 1.6675 3.3389 -0.0253 1.6915 23.2770 -7.8111 7.9382
Car -1 -1 -8.1878 665.5875 174.3767 702.5023 195.3916 1.5094 1.5981 3.7739 5.4846 1.6277 54.1398 -8.0878 -0.6276
Car -1 -1 -8.3721 1047.9912 157.9487 1165.1327 210.0428 1.7456 1.7353 3.9763 17.8349 1.2458 26.2237 -7.7803 -2.2844
Car -1 -1 -5.3911 887.7994 168.9711 952.5092 194.9067 1.5231 1.6717 3.7378 18.9798 1.2948 44.3994 -4.9898 -2.6703
Car -1 -1 -4.8475 668.8358 172.5490 702.5334 197.3801 1.6089 1.6986 4.2740 5.0493 1.5888 48.9146 -4.7456 -2.8542
Car -1 -1 -5.0646 688.5241 172.7379 739.7480 200.2937 1.6407 1.6884 4.6045 6.4427 1.6334 45.3885 -4.9249 -3.4213
Car -1 -1 -4.7546 701.3530 175.4042 741.1893 211.9030 1.5342 1.6002 3.6998 4.9200 1.6557 32.5224 -4.6064 -3.5488
Car -1 -1 -7.5703 499.6683 175.3598 526.9148 191.2509 1.5099 1.6556 3.8485 -9.5313 1.7640 71.2236 -7.7031 -3.6386
Car -1 -1 -4.4986 686.8282 174.9867 719.1599 195.5120 1.4435 1.5855 3.8801 6.8712 1.6068 53.2716 -4.3714 -3.7228
Car -1 -1 -4.7072 544.1628 175.5635 569.3152 197.7501 1.5614 1.7863 4.3262 -3.9714 1.7704 53.5387 -4.7813 -3.7692
Car -1 -1 -5.0833 643.9764 176.9597 684.2582 197.5854 1.4762 1.6626 4.1050 4.0280 1.7999 54.7275 -5.0107 -4.3041
Car -1 -1 -4.7205 666.8597 174.2552 696.2282 201.3122 1.5174 1.6507 4.0626 4.1813 1.6042 42.7782 -4.6242 -4.4354
Car -1 -1 -7.6928 698.8802 174.6547 746.5084 208.3198 1.5519 1.6654 4.3692 5.6184 1.6469 35.8458 -7.5391 -4.4692
Car -1 -1 -4.5991 837.9561 173.1205 870.0642 196.2098 1.4181 1.5469 3.8009 15.6933 1.4357 46.4134 -4.2754 -4.4874
Car -1 -1 -4.3904 516.9868 175.1559 554.1716 195.5975 1.6396 1.7690 4.5525 -6.2470 1.8411 60.8318 -4.4926 -4.5665
Car -1 -1 -5.1010 558.8339 176.4087 603.1638 199.7635 1.5733 1.6784 4.2365 -2.1520 1.8383 51.5746 -5.1429 -4.6572
Car -1 -1 -7.8186 631.4391 175.6932 663.5050 205.6289 1.5418 1.6250 3.7920 2.0534 1.7046 39.4928 -7.7675 -4.8307
Car -1 -1 -6.8721 1199.1954 205.3222 1241.0000 374.0000 1.3930 1.5788 3.4116 5.9246 1.6466 4.3615 -5.9683 -4.8579
Car -1 -1 -7.7966 596.3354 174.5355 632.8196 204.2918 1.4662 1.6931 3.8958 0.2484 1.5586 37.7773 -7.7906 -4.8588
Car -1 -1 -4.5262 516.7254 173.1785 542.2197 189.3071 1.4447 1.6294 4.0234 -7.4400 1.4753 66.7794 -4.6370 -4.9175
Car -1 -1 -7.9515 1027.6584 166.0628 1077.8577 202.2649 1.5090 1.5444 3.4265 19.4998 1.2256 31.9537 -7.4079 -4.9952
Car -1 -1 -4.9818 650.2545 178.3248 678.2490 196.5040 1.5337 1.5562 3.6371 4.7553 2.0331 63.9732 -4.9084 -5.0106
Car -1 -1 -4.1713 444.8914 177.7525 498.7329 200.7368 1.4063 1.5956 4.0669 -9.0239 1.7417 47.2618 -4.3593 -5.1043
Car -1 -1 -5.0685 512.6745 170.9064 551.4702 196.2718 1.7981 1.5822 3.8958 -5.8173 1.6597 53.2431 -5.1772 -5.1447
Car -1 -1 -4.2660 495.6682 175.0100 536.1021 195.6871 1.6682 1.6789 4.3469 -7.9340 1.8571 61.0229 -4.3951 -5.1895
Car -1 -1 -8.4387 867.2504 161.6449 905.1090 177.4947 1.5267 1.8324 3.5629 27.2852 0.4467 71.4382 -8.0753 -5.3107
Car -1 -1 -4.8940 615.3480 175.8333 649.7892 200.5022 1.5522 1.5969 3.9140 1.4237 1.7583 47.9509 -4.8650 -5.4525
Car -1 -1 -4.2585 514.1306 177.2966 546.9903 192.9287 1.4751 1.6971 3.8967 -7.8458 1.9276 71.4139 -4.3679 -5.4576
Car -1 -1 -4.7180 573.7690 175.8149 595.7320 195.7137 1.4289 1.5954 3.9446 -1.9469 1.6601 54.4134 -4.7540 -5.4828
Car -1 -1 -4.8213 592.3187 174.4711 626.3040 197.6766 1.3877 1.6669 4.4861 -0.1282 1.4952 45.7929 -4.8245 -5.4868
Car -1 -1 -4.3213 415.5302 178.7473 467.3836 206.8121 1.4596 1.5207 3.7023 -9.3886 1.8043 40.2939 -4.5491 -5.4999
Car -1 -1 -4.9423 807.1028 173.4634 847.6680 195.3945 1.3294 1.5492 4.1675 13.7598 1.3698 45.9826 -4.6536 -5.5388
Car -1 -1 -8.4152 1009.7739 158.9898 1121.6586 212.7262 1.8074 1.6232 3.8173 16.3445 1.3408 26.1848 -7.8626 -5.5544
Car -1 -1 -4.5510 694.0500 173.6590 721.3871 194.2962 1.6381 1.6320 3.9219 8.0703 1.7066 59.5510 -4.4173 -5.5956
Car -1 -1 -8.4568 828.9430 171.0168 891.2427 200.5714 1.4367 1.4640 3.1476 12.6546 1.3471 36.7881 -8.1284 -5.6156
Car -1 -1 -7.8322 671.8555 174.5419 708.4255 210.4845 1.5212 1.5532 3.8824 3.6313 1.6023 32.7539 -7.7233 -5.6234
Car -1 -1 -4.5134 570.4750 175.8663 624.4110 212.4995 1.5974 1.7301 4.3258 -0.5615 1.7491 34.1229 -4.5304 -5.6598
Car -1 -1 -2.1848 0.0000 197.3685 34.0974 374.0000 1.4048 1.5752 4.0846 -5.9756 1.5711 4.0839 -3.1252 -5.6823
Car -1 -1 -5.0118 567.0027 176.3842 620.7299 208.4258 1.6698 1.7571 4.4949 -1.0128 1.8796 40.5426 -5.0371 -5.7133
Car -1 -1 -7.8605 1241.0000 167.3847 1241.0000 249.0045 1.5886 1.9043 4.5413 15.6216 1.4818 16.3566 -7.1075 -5.7735
Car -1 -1 -4.7190 506.9051 175.9798 532.1726 201.8634 1.6185 1.5884 3.8528 -6.0164 1.8332 47.6168 -4.8444 -5.8319
Car -1 -1 -4.7593 725.3549 173.1927 747.5306 190.8300 1.4347 1.6464 3.9944 10.6079 1.4640 60.8585 -4.5878 -5.8842
Car -1 -1 -8.1635 0.0000 0.0000 853.0236 374.0000 1.5419 1.5873 3.8036 0.3105 1.5986 1.0058 -7.9392 -5.8867
Car -1 -1 -6.8390 0.0000 0.0000 1241.0000 374.0000 1.5422 1.5893 3.8044 -2.5163 1.6278 0.9969 -7.9397 -5.8867
Car -1 -1 -4.7084 606.8469 175.7499 629.7773 196.0442 1.3693 1.5652 3.9071 0.5635 1.5824 51.2079 -4.6979 -5.8867
Car -1 -1 -3.4685 0.0000 189.6727 0.0000 374.0000 1.5037 1.6065 3.9557 -7.8853 1.6088 2.5305 -4.6967 -5.8867
Car -1 -1 -4.7588 590.8264 175.8329 614.4489 195.3594 1.3913 1.5795 3.9512 -0.6122 1.6224 54.0447 -4.7705 -5.8867
Car -1 -1 -4.6847 588.5000 175.6188 612.7603 196.5052 1.3639 1.5638 3.9048 -0.6434 1.5612 49.6011 -4.6980 -5.8867
Car -1 -1 -9.1539 0.0000 0.0000 1241.0000 374.0000 1.4833 1.5934 3.8401 5.5485 1.4478 1.3693 -7.8742 -5.8867
Car -1 -1 -4.7005 601.8668 176.2783 622.4324 194.5233 1.3690 1.5646 3.9068 0.1628 1.6478 56.8422 -4.6980 -5.8867
Car -1 -1 -9.1168 0.0000 0.0000 1241.0000 374.0000 1.5326 1.5860 3.8018 3.1113 1.5352 0.9970 -7.9397 -5.8867
Car -1 -1 -6.6701 0.0000 0.0000 1241.0000 374.0000 1.5411 1.5871 3.8022 -4.1243 1.6476 0.9969 -7.9397 -5.8867
Car -1 -1 -5.5269 1241.0000 161.5037 1241.0000 227.6293 1.3910 1.6856 4.4881 18.2762 1.1519 17.4337 -4.7265 -5.9688
Car -1 -1 -4.1951 0.0000 182.5650 0.0000 374.0000 1.4537 1.6202 4.1712 -8.6878 1.5670 6.1988 -5.1255 -5.9841
Car -1 -1 -7.4262 1241.0000 167.8864 1241.0000 251.0287 1.4512 1.6080 4.2127 15.1847 1.3641 14.0349 -6.6121 -6.0187
Car -1 -1 -4.8487 890.7643 162.6215 911.0955 176.7859 1.3686 1.4704 2.9422 28.7158 0.3796 71.3207 -4.4674 -6.1978
Car -1 -1 -6.4029 446.4488 177.6461 544.3076 221.8744 1.4523 1.4534 3.2067 -4.0483 1.6261 25.0787 -6.5619 -6.2272
Car -1 -1 -5.4987 0.0000 195.7624 0.2624 317.2095 1.4741 1.7465 4.0058 -11.3564 1.8247 10.0879 -6.3299 -6.3467
Car -1 -1 -4.5741 0.0000 189.4835 0.0000 275.9288 1.4285 1.7848 4.5504 -14.4671 1.8335 15.2113 -5.3257 -6.4032
