Car -1 -1 -7.8375 589.3917 175.9412 653.5712 238.2557 1.5868 1.6506 3.1710 0.2907 1.6796 20.1429 -7.8241 7.3422
Car -1 -1 -4.7133 700.8716 177.3158 721.0116 196.6103 1.4858 1.5638 3.7502 8.1407 1.8589 58.4336 -4.5760 -1.6691
Car -1 -1 -4.6425 721.1047 174.6585 751.9406 201.2838 1.6142 1.6614 4.3210 8.1346 1.7356 46.3521 -4.4703 -1.9962
Car -1 -1 -6.5891 694.8016 170.3264 776.8996 203.9343 1.7508 1.7015 4.0099 6.6798 1.6188 38.7038 -6.4200 -2.7890
Car -1 -1 -3.9730 466.4901 178.5811 523.7485 202.9962 1.4348 1.5954 3.5078 -7.1903 1.8084 45.1992 -4.1302 -3.8346
Car -1 -1 -5.2284 1076.9248 166.7210 1151.9924 197.2872 1.5240 1.5416 3.8012 26.3815 1.2179 37.9357 -4.6247 -3.8621
Car -1 -1 -7.8496 938.1191 170.1942 974.3993 198.9438 1.4368 1.6504 3.7089 18.2291 1.3035 38.0876 -7.4065 -4.0198
Car -1 -1 -4.7067 703.9961 173.6637 731.7964 201.8477 1.6492 1.6179 3.9220 6.6080 1.7011 44.4008 -4.5604 -4.2480
Car -1 -1 -4.3737 156.6786 188.7057 239.3967 232.4037 1.5223 1.6542 3.8440 -16.2855 2.1961 28.6496 -4.8869 -4.4154
Car -1 -1 -7.4517 513.6923 174.1866 545.1904 191.4715 1.6507 1.7021 3.9083 -7.9491 1.7861 71.3488 -7.5625 -4.5052
Car -1 -1 -4.4295 677.3319 179.1530 703.0934 195.9218 1.5014 1.5516 3.2939 7.5371 2.1088 67.7890 -4.3196 -4.6905
Car -1 -1 -4.7404 513.3865 179.3019 540.1134 203.4065 1.4098 1.5535 3.4767 -5.2580 1.8281 45.0132 -4.8565 -4.7700
Car -1 -1 -4.5487 532.3627 178.1202 556.3613 194.2852 1.5288 1.7950 3.6467 -6.4802 2.0630 71.3514 -4.6393 -4.8708
Car -1 -1 -7.4425 103.0195 186.8503 199.4385 232.9636 1.5412 1.6184 3.9954 -17.3793 2.1146 27.4823 -8.0022 -5.0808
Car -1 -1 -4.8189 958.7684 162.7671 999.0336 194.9769 1.6563 1.5396 3.6834 19.8961 1.1373 39.0988 -4.3514 -5.0889
Car -1 -1 -5.3789 696.2858 171.1114 744.4094 195.8535 1.8324 1.6591 3.7990 8.4181 1.7031 55.4993 -5.2296 -5.2592
Car -1 -1 -4.6354 596.9927 178.0037 630.8651 203.1770 1.3750 1.6824 4.1161 0.2411 1.6925 42.3992 -4.6303 -5.2605
Car -1 -1 -4.9034 581.7903 176.4718 619.9497 200.9671 1.5493 1.7703 4.3307 -0.6989 1.8043 48.6178 -4.9182 -5.2971
Car -1 -1 -4.8007 536.2140 177.4790 565.9498 202.2527 1.6389 1.6916 4.5484 -4.2393 1.9808 51.0073 -4.8836 -5.3249
Car -1 -1 -4.6150 531.1044 177.1323 563.3679 200.2470 1.3725 1.6187 4.4808 -3.9792 1.6579 45.9266 -4.7013 -5.5256
Car -1 -1 -8.6825 1129.5000 145.3681 1241.0000 197.3054 1.9884 1.5079 3.9089 23.6796 0.9358 29.6728 -8.0139 -5.5611
Car -1 -1 -7.2601 218.5357 181.9625 353.0268 247.0313 1.6544 1.5986 3.9905 -9.3345 1.9463 21.0413 -7.6734 -5.6527
Car -1 -1 -5.0392 806.9046 175.5449 875.2727 209.8029 1.4251 1.6744 4.0892 10.2395 1.5533 32.4029 -4.7362 -5.7071
Car -1 -1 -4.8009 855.7222 174.8289 915.7227 217.1038 1.4435 1.7036 4.1966 10.2155 1.5236 27.0970 -4.4444 -5.7310
Car -1 -1 -4.8591 592.9451 177.0859 637.9807 207.7727 1.5151 1.7557 4.4974 0.1883 1.7551 38.6223 -4.8548 -5.7699
Car -1 -1 -5.0279 902.3376 171.6484 969.4034 204.8637 1.4876 1.6880 4.1531 15.4248 1.4333 34.4658 -4.6107 -5.8474
Car -1 -1 -5.0570 879.4177 173.0287 953.5444 210.1027 1.4907 1.6512 4.0164 13.0522 1.4984 31.0775 -4.6632 -5.8638
Car -1 -1 -4.6209 551.6949 178.8448 583.1362 204.2505 1.4900 1.6196 3.9045 -2.6618 1.8816 45.2259 -4.6798 -5.8673
Car -1 -1 -4.6522 627.3960 176.0317 653.7916 197.6941 1.4447 1.6245 3.9744 2.1567 1.6771 50.7833 -4.6104 -5.8693
Car -1 -1 -4.7980 599.6491 176.5005 627.5036 198.2783 1.4597 1.6258 4.0330 0.1850 1.7283 51.1344 -4.7948 -5.8779
Car -1 -1 -4.9807 624.0920 175.6005 665.1433 198.5889 1.4153 1.6157 4.1938 2.1771 1.6031 47.1785 -4.9353 -5.8850
Car -1 -1 -5.0331 849.9070 173.4059 920.5366 209.8073 1.4247 1.5909 3.9111 11.4103 1.4491 30.2830 -4.6764 -5.8867
Car -1 -1 -4.7073 606.2961 177.6942 632.1005 201.4017 1.4322 1.5881 3.9323 0.5638 1.7563 46.3760 -4.6956 -5.8867
Car -1 -1 -7.8823 926.7120 175.0758 981.0280 218.8633 1.5146 1.7093 4.3290 12.9828 1.6062 27.5205 -7.4461 -6.0574
Car -1 -1 -7.8727 1241.0000 165.7604 1241.0000 234.9090 1.5515 1.8743 5.0156 17.7258 1.3920 18.6809 -7.1217 -6.1568
Car -1 -1 -8.3716 989.3304 151.0421 1241.0000 374.0000 1.6060 1.7565 4.1341 3.2006 1.5752 3.2176 -7.6343 -6.3619
