Car -1 -1 -7.8366 584.7672 174.0014 649.1810 236.8526 1.6292 1.6768 3.1259 0.1685 1.6638 20.3447 -7.8293 8.1247
Car -1 -1 -8.4572 704.9885 176.1986 764.2355 203.7959 1.4917 1.6041 3.5643 7.0654 1.6924 41.4274 -8.2899 -0.6830
Car -1 -1 -4.8847 754.5266 176.8268 811.5615 215.3585 1.5154 1.6896 3.9582 7.2677 1.6959 30.8181 -4.6558 -1.2282
Car -1 -1 -7.8291 522.4131 172.9994 540.0521 189.4874 1.5854 1.6429 3.7354 -7.7833 1.5999 71.3437 -7.9376 -3.2353
Car -1 -1 -7.9580 698.8782 175.8868 729.4349 200.5437 1.6009 1.6695 3.7629 7.0335 1.8155 49.2270 -7.8174 -3.3708
Car -1 -1 -5.0637 699.0291 174.5573 748.7542 204.0152 1.5335 1.5440 3.6029 6.1732 1.6314 39.7013 -4.9110 -3.3951
Car -1 -1 -4.4672 542.0439 177.4307 571.7267 196.4152 1.5847 1.6697 4.0500 -4.6522 2.0000 63.3965 -4.5406 -3.5145
Car -1 -1 -2.6397 661.2415 174.7275 712.7040 193.9201 1.5521 1.6238 4.0025 6.4130 1.7136 60.5101 -2.5350 -3.8660
Car -1 -1 -4.9208 781.6255 177.6004 834.1318 212.2499 1.4903 1.6082 3.6209 9.0481 1.7218 33.3907 -4.6589 -3.9056
Car -1 -1 -4.7992 558.4180 177.8666 585.1714 201.0183 1.4749 1.4987 3.4410 -2.6332 1.8245 48.5574 -4.8535 -4.0415
Car -1 -1 -3.4423 645.6364 176.4227 711.6167 201.2740 1.4690 1.5909 3.7128 4.1456 1.6928 44.1470 -3.3497 -4.0420
Car -1 -1 -4.7887 413.5296 177.7511 454.6606 212.5347 1.5335 1.6142 3.8735 -8.4951 1.7815 34.4915 -5.0288 -4.2414
Car -1 -1 -4.8416 732.9592 169.7469 778.3802 206.1904 1.7616 1.7145 4.4104 7.3863 1.6111 37.1337 -4.6472 -4.5759
Car -1 -1 -2.1259 215.2754 158.9095 271.6629 181.9142 1.6550 1.7753 4.2517 -27.3588 0.6515 53.7729 -2.5947 -4.6781
Car -1 -1 -5.2112 571.5717 177.4111 620.8574 201.2680 1.4722 1.6077 3.7959 -0.9806 1.7839 47.3548 -5.2322 -4.6822
Car -1 -1 -2.5455 383.4700 169.1607 455.2848 193.2571 1.5803 1.7154 4.5209 -12.9428 1.3378 48.8795 -2.8033 -4.8268
Car -1 -1 -4.3443 496.3383 178.3377 536.9299 200.0725 1.4388 1.6133 3.6862 -6.5527 1.8392 50.7462 -4.4725 -4.9928
Car -1 -1 -4.4023 610.7448 178.8795 653.3085 202.8815 1.4351 1.5741 4.0675 1.4320 1.8407 46.4168 -4.3722 -4.9960
Car -1 -1 -6.3833 716.2501 174.4086 789.9466 198.2938 1.5359 1.7471 4.6140 9.3562 1.6406 47.6219 -6.1909 -5.0075
Car -1 -1 -8.2234 595.9799 175.1781 647.5911 202.8827 1.4950 1.7318 3.6824 0.5868 1.6343 41.3038 -8.2098 -5.0248
Car -1 -1 -4.7362 670.6162 178.2565 688.3441 195.7854 1.5235 1.5142 3.5345 6.2772 2.0284 65.6487 -4.6417 -5.0258
Car -1 -1 -4.9792 609.7037 179.2030 660.0179 210.3746 1.4094 1.5572 3.5966 1.1225 1.7371 35.3416 -4.9482 -5.0287
Car -1 -1 -4.2979 538.3235 174.7118 580.7192 195.3762 1.4386 1.5948 4.0636 -3.6760 1.5799 52.8066 -4.3674 -5.0683
Car -1 -1 -4.8662 554.4391 175.1300 583.5539 194.2853 1.4169 1.6388 4.1302 -3.2523 1.6004 56.0833 -4.9243 -5.1813
Car -1 -1 -4.9605 527.2657 176.1681 568.2617 201.3143 1.6339 1.7393 4.6234 -4.3984 1.8746 50.0017 -5.0482 -5.2061
Car -1 -1 -3.9636 420.0810 180.1079 488.7674 206.7931 1.4303 1.5846 4.0308 -9.0236 1.8735 41.9732 -4.1745 -5.2361
Car -1 -1 -5.0929 573.5447 178.7108 631.0956 211.6745 1.5500 1.6577 3.7039 -0.4856 1.8639 36.6774 -5.1067 -5.2537
Car -1 -1 -5.4575 1023.6580 176.0816 1241.0000 307.2979 1.6583 1.7591 4.0586 8.6383 1.7182 11.3345 -4.8195 -5.2573
Car -1 -1 -7.0253 73.1827 179.7157 268.6394 265.8895 1.6539 1.5611 3.6055 -9.6541 1.8254 16.1114 -7.5582 -5.3737
Car -1 -1 -4.8131 633.8384 177.4616 664.7634 200.5757 1.4926 1.7161 3.9396 2.6177 1.8206 49.4045 -4.7610 -5.4057
Car -1 -1 -2.4184 0.0000 175.9918 61.1719 286.3649 1.5485 1.7403 4.4922 -11.5257 1.6013 11.1943 -3.2064 -5.4724
Car -1 -1 -4.5260 579.1443 177.4352 619.0790 207.7177 1.5807 1.5827 3.6160 -0.5981 1.8475 40.1587 -4.5414 -5.5361
Car -1 -1 -5.1846 889.0776 173.0216 1019.2877 227.9618 1.4604 1.6702 4.2764 9.9523 1.4656 21.3643 -4.7544 -5.6430
Car -1 -1 -5.9133 1116.7349 194.0845 1241.0000 374.0000 1.4340 1.5365 3.7444 4.1687 1.5715 2.6767 -4.9628 -5.6635
Car -1 -1 -4.5565 542.4719 178.3001 577.3187 202.9811 1.4178 1.5768 3.6953 -3.0617 1.7655 44.1996 -4.6257 -5.6860
Car -1 -1 -2.4402 0.0000 193.1819 159.7747 374.0000 1.3602 1.5808 4.1090 -5.1508 1.5047 4.0022 -3.3179 -5.7880
Car -1 -1 -4.7441 589.0858 176.1489 614.6473 198.7626 1.4804 1.6303 4.0850 -0.6299 1.7175 49.9173 -4.7571 -5.8496
Car -1 -1 -4.7160 612.6008 177.3432 635.3667 198.0763 1.4133 1.5789 3.9249 0.9666 1.7489 52.0138 -4.6980 -5.8867
Car -1 -1 -7.1467 51.9793 0.0000 1241.0000 374.0000 1.5410 1.5879 3.8031 -1.2977 1.6124 1.0049 -7.9392 -5.8867
Car -1 -1 -8.4287 0.0000 0.0000 948.2575 374.0000 1.5365 1.5880 3.8042 0.6995 1.5704 0.9975 -7.9398 -5.8867
Car -1 -1 -3.5142 0.0000 191.7381 0.0000 374.0000 1.4953 1.6020 3.9537 -7.8865 1.6238 2.9351 -4.6977 -5.8867
Car -1 -1 -6.7026 0.0000 0.0000 1241.0000 374.0000 1.5441 1.5864 3.8027 -3.7087 1.6557 1.0048 -7.9390 -5.8867
Car -1 -1 -5.8440 1241.0000 0.0000 1241.0000 374.0000 1.4150 1.5990 4.2129 5.4456 1.2312 2.5883 -4.7599 -5.9364
Car -1 -1 -8.0209 682.2988 174.9440 710.4192 195.0361 1.6589 1.6818 4.4668 7.3922 1.8457 62.3207 -7.9038 -6.0468
Car -1 -1 -4.4226 189.6614 160.1411 231.5115 185.7083 1.7743 1.7254 3.4189 -28.7203 0.8917 51.9251 -4.9258 -6.0596
Car -1 -1 -8.2117 1219.4497 155.9809 1241.0000 374.0000 1.6202 1.6751 4.8027 8.4313 1.4955 7.8471 -7.4095 -6.2833
Car -1 -1 -4.5666 528.3578 175.4140 557.3815 195.8715 1.4513 1.5989 3.9216 -4.9859 1.6486 53.6884 -4.6591 -6.2936
Car -1 -1 -8.3525 927.9741 162.5822 1241.0000 374.0000 1.5633 1.6539 3.9594 2.7909 1.5463 3.2635 -7.6893 -6.2986
Car -1 -1 -5.3691 808.5322 175.2327 942.0159 227.1806 1.5444 1.7317 4.5539 8.6404 1.6316 24.1071 -5.0294 -6.3662
