Car -1 -1 -7.8094 578.7834 174.9062 635.5024 229.6146 1.6209 1.6797 3.2576 -0.0771 1.6912 23.1632 -7.8135 8.0312
Car -1 -1 -4.7021 673.8765 175.3049 696.0269 195.5620 1.4864 1.6343 3.8834 5.7475 1.6814 55.4553 -4.5997 -1.6264
Car -1 -1 -4.7503 729.3025 178.8950 781.0791 223.6638 1.4571 1.6583 4.0787 5.1500 1.6942 26.2046 -4.5590 -2.3087
Car -1 -1 -4.3012 683.3527 174.4576 725.0022 195.8482 1.5642 1.6476 4.1513 7.2283 1.6917 55.2970 -4.1723 -2.8866
Car -1 -1 -5.0610 697.2649 175.1154 755.0583 205.4026 1.5586 1.6946 4.5094 6.2975 1.6907 39.8620 -4.9060 -3.0737
Car -1 -1 -4.4221 662.8046 175.8148 694.4488 194.3755 1.5635 1.6513 4.2136 6.0775 1.8341 63.7644 -4.3279 -3.9514
Car -1 -1 -4.6795 684.3481 173.4369 705.9656 193.9925 1.6763 1.6851 4.4130 7.2385 1.7274 61.2806 -4.5628 -3.9636
Car -1 -1 -4.8101 707.4753 175.4925 752.8925 212.2714 1.5422 1.6233 3.9420 5.3180 1.6683 32.5621 -4.6502 -4.0206
Car -1 -1 -4.9647 556.2113 173.7537 591.0830 197.7619 1.6806 1.6213 3.8848 -2.7271 1.7487 52.7619 -5.0165 -4.0578
Car -1 -1 -4.6136 498.5803 173.4128 520.8611 190.9633 1.6598 1.7366 4.3848 -9.7973 1.7159 70.6047 -4.7513 -4.1519
Car -1 -1 -5.3754 869.7293 167.7452 933.0281 193.2744 1.6018 1.8024 3.9417 19.0429 1.2810 47.4162 -4.9959 -4.2106
Car -1 -1 -8.2049 1042.3043 160.5798 1134.9977 208.7263 1.6930 1.6555 3.9394 18.0463 1.2611 27.4760 -7.6289 -4.4309
Car -1 -1 -8.6924 1056.0986 146.6580 1167.5209 193.1013 1.9731 1.6867 4.0621 22.6509 0.8599 32.8266 -8.0927 -4.5705
Car -1 -1 -5.5560 704.6894 174.9068 753.6876 197.2978 1.6287 1.5800 3.4929 8.9741 1.7892 54.6775 -5.3946 -4.7866
Car -1 -1 -5.0677 600.1642 177.0679 649.5754 206.4114 1.4859 1.5469 3.4742 0.7175 1.7242 38.9758 -5.0500 -4.8940
Car -1 -1 -4.8662 576.2564 175.2995 614.5679 201.8229 1.5595 1.7647 4.1475 -0.9951 1.7193 45.0269 -4.8887 -4.9256
Car -1 -1 -4.1799 444.2252 177.9320 497.8088 200.7455 1.3841 1.5747 4.0651 -9.0108 1.7293 46.9240 -4.3689 -4.9462
Car -1 -1 -5.1740 644.1332 177.2942 685.2891 197.0969 1.4412 1.6354 3.7827 4.1385 1.7950 55.4947 -5.1004 -4.9846
Car -1 -1 -4.7124 691.8356 172.0002 720.1104 200.7340 1.7016 1.6639 4.1351 5.9277 1.6508 44.8876 -4.5824 -4.9886
Car -1 -1 -4.7607 517.0166 173.6592 534.4337 189.6723 1.5537 1.5844 2.7467 -8.4009 1.6350 71.6418 -4.8773 -4.9993
Car -1 -1 -4.6228 574.4623 175.1703 611.9512 206.9985 1.6009 1.6659 3.8784 -0.8875 1.7308 38.5714 -4.6462 -5.0310
Car -1 -1 -5.4565 804.4973 174.6526 880.5108 204.9555 1.4410 1.5033 3.7652 11.6729 1.5369 36.5751 -5.1503 -5.0708
Car -1 -1 -2.7829 0.0000 187.4964 6.9162 296.0804 1.5884 1.6889 4.2015 -13.5758 1.8794 12.6807 -3.5918 -5.1261
Car -1 -1 -4.8867 509.0427 175.4986 537.8594 196.3960 1.6636 1.6807 4.2055 -7.2898 1.8925 60.2671 -5.0069 -5.1456
Car -1 -1 -4.7993 580.3444 174.9927 607.1572 195.0461 1.4087 1.6127 4.2191 -1.2681 1.5730 53.3381 -4.8234 -5.1756
Car -1 -1 -2.0351 0.0000 179.2674 15.6814 299.4750 1.4526 1.7052 4.1528 -10.9401 1.5567 10.3077 -2.8373 -5.2761
Car -1 -1 -4.2381 517.8459 174.8173 565.1405 195.8793 1.3718 1.5744 4.0142 -4.6851 1.5122 49.5513 -4.3323 -5.2879
Car -1 -1 -7.7985 716.0374 176.5218 752.5468 210.0390 1.5721 1.6077 3.9620 6.2774 1.7677 36.4159 -7.6297 -5.3172
Car -1 -1 -4.4360 521.7673 176.5532 549.0687 192.0473 1.4064 1.5792 3.8882 -7.0696 1.7679 68.5232 -4.5387 -5.3425
Car -1 -1 -4.7961 579.7715 176.0179 624.7678 212.2826 1.6300 1.8061 4.4725 -0.4839 1.7939 35.1479 -4.8104 -5.4309
Car -1 -1 -5.1410 727.7450 174.5134 777.2879 198.3889 1.5109 1.6504 4.1673 9.4226 1.6265 48.1890 -4.9495 -5.5749
Car -1 -1 -4.6150 534.4065 172.0211 559.0865 194.2791 1.7927 1.6685 4.0086 -5.2623 1.7253 60.1260 -4.7022 -5.5829
Car -1 -1 -2.1963 0.0000 201.4523 91.1562 374.0000 1.4024 1.5894 4.0313 -5.5716 1.5997 4.1087 -3.1004 -5.7315
Car -1 -1 -5.2535 1241.0000 168.2888 1241.0000 241.8104 1.3290 1.6369 4.3431 16.0020 1.2462 15.3508 -4.4571 -5.7417
Car -1 -1 -4.5385 532.8938 177.7745 568.3014 203.8287 1.4396 1.5021 3.4178 -3.4793 1.7399 42.3064 -4.6205 -5.7664
Car -1 -1 -4.6758 577.7085 176.4531 601.8206 196.8818 1.3421 1.5337 3.8936 -1.4027 1.6012 50.0437 -4.7041 -5.7980
Car -1 -1 -6.5918 1144.5120 141.9451 1241.0000 182.6480 1.5416 1.7042 4.2016 24.1650 0.3706 28.9030 -5.9004 -5.8335
Car -1 -1 -4.5672 429.7123 179.2357 465.8621 206.9776 1.4430 1.4656 3.5412 -9.0271 1.8143 40.1888 -4.7871 -5.8457
Car -1 -1 -4.7863 622.5750 175.3781 648.4216 195.5824 1.3751 1.5528 3.9134 1.7580 1.5622 51.5899 -4.7528 -5.8690
Car -1 -1 -4.5861 618.4482 174.3502 646.4792 194.3796 1.4624 1.6389 4.1325 1.7264 1.5810 55.1744 -4.5554 -5.8867
Car -1 -1 -4.7009 600.6670 175.4096 624.3473 196.2465 1.3618 1.5639 3.9039 0.1603 1.5441 49.6004 -4.6981 -5.8867
Car -1 -1 -6.7852 0.0000 0.0000 1241.0000 374.0000 1.5446 1.5880 3.8034 -2.9052 1.6454 1.0043 -7.9390 -5.8867
Car -1 -1 -8.4286 0.0000 0.0000 948.2444 374.0000 1.5409 1.5884 3.8054 0.6996 1.5872 0.9976 -7.9398 -5.8867
Car -1 -1 -9.2437 0.0000 0.0000 1241.0000 374.0000 1.5264 1.5830 3.7976 4.7190 1.5029 0.9964 -7.9397 -5.8867
Car -1 -1 -4.7207 617.4271 177.3474 637.5528 195.6088 1.4048 1.5752 3.9211 1.3700 1.7808 58.4482 -4.6978 -5.8867
Car -1 -1 -3.4556 0.0000 185.8089 0.0000 374.0000 1.4824 1.5991 3.9512 -7.0830 1.5561 2.1324 -4.6978 -5.8867
Car -1 -1 -7.3172 149.4132 0.0000 1241.0000 374.0000 1.5412 1.5900 3.8053 -0.9083 1.6034 0.9970 -7.9398 -5.8867
Car -1 -1 -4.2043 0.0000 182.8774 0.0000 374.0000 1.4412 1.6162 4.1061 -8.6991 1.5579 6.2163 -5.1340 -5.9728
Car -1 -1 -8.1556 1100.1017 169.8500 1177.3066 211.1232 1.4247 1.4333 3.0347 19.3356 1.3207 26.5721 -7.5321 -6.4471
Car -1 -1 -7.8433 864.5496 159.8549 885.2545 179.7476 1.8356 1.8018 3.1370 25.0887 0.6358 68.3657 -7.4931 -7.0430
