Car -1 -1 -7.8358 579.7581 176.3226 640.3302 235.7445 1.6140 1.6620 3.1142 -0.0243 1.7239 21.3520 -7.8378 7.5251
Car -1 -1 -7.9717 697.6989 175.3640 729.4068 200.0157 1.6332 1.7018 4.1308 7.1431 1.8151 50.3099 -7.8319 -2.5914
Car -1 -1 -6.3705 639.1415 179.0037 699.2703 202.2535 1.5755 1.6924 4.0341 4.0540 2.0105 50.2110 -6.2909 -2.6182
Car -1 -1 -4.7510 701.4169 175.1374 727.8762 199.9214 1.5369 1.5553 3.5609 6.7398 1.6910 46.9361 -4.6097 -2.7763
Car -1 -1 -7.5560 509.9842 174.7230 539.3806 192.2741 1.6572 1.6928 4.2556 -8.3574 1.8463 70.8536 -7.6733 -2.8195
Car -1 -1 -2.8169 642.9576 176.9033 718.6950 200.6592 1.4305 1.7220 4.4603 4.4473 1.6963 45.7220 -2.7210 -3.4585
Car -1 -1 -7.8164 747.1157 177.5374 786.2728 213.4013 1.5754 1.6872 3.7423 7.4393 1.8105 34.2453 -7.6049 -3.8135
Car -1 -1 -7.3674 240.1658 184.1568 352.0793 240.8761 1.4583 1.5805 3.3657 -9.0548 1.8141 20.9889 -7.7705 -3.8235
Car -1 -1 -3.3986 657.5558 178.7729 709.0562 199.6039 1.6333 1.6903 3.8385 5.8832 2.1210 58.3557 -3.2991 -3.8399
Car -1 -1 -7.0516 0.0000 178.6870 157.3422 255.4429 1.6204 1.7374 3.8150 -13.3241 1.7784 17.5614 -7.6935 -3.8946
Car -1 -1 -4.3753 629.7520 180.0674 657.0128 196.8041 1.5251 1.5435 3.5160 3.2127 2.2370 69.3219 -4.3296 -4.4682
Car -1 -1 -4.9368 780.5372 179.0735 839.2178 216.4145 1.4777 1.6089 3.8061 8.5019 1.7624 31.1305 -4.6731 -4.4906
Car -1 -1 -4.7483 619.9926 180.2570 637.9540 196.0806 1.4438 1.5927 3.4614 1.7783 2.1713 69.2010 -4.7232 -4.6600
Car -1 -1 -5.3975 689.3337 178.8765 736.4632 199.7426 1.5471 1.6421 3.7772 8.0218 2.0372 56.7152 -5.2582 -4.7142
Car -1 -1 -4.8090 701.1111 175.5189 735.3876 204.6091 1.6300 1.5983 4.2784 6.3640 1.7965 43.0030 -4.6635 -4.7589
Car -1 -1 -4.1972 444.9804 181.3169 496.5529 205.7887 1.3765 1.4976 3.6034 -8.4500 1.9137 43.8780 -4.3867 -4.8977
Car -1 -1 -7.9983 594.2458 176.5611 633.4119 204.6568 1.3909 1.5783 3.4053 0.1199 1.5950 37.9906 -7.9957 -5.0642
Car -1 -1 -4.9231 604.8610 178.1185 645.7224 206.7970 1.5435 1.5692 3.8800 0.7961 1.8620 41.6424 -4.9047 -5.0730
Car -1 -1 -4.4875 529.7457 177.7860 556.4829 194.3485 1.5646 1.8121 3.9057 -6.6072 2.0666 71.4387 -4.5797 -5.1125
Car -1 -1 -4.2992 480.0096 177.4104 523.4093 198.5596 1.4024 1.5375 4.0358 -7.6207 1.7372 50.9197 -4.4474 -5.1562
Car -1 -1 -5.0026 570.8282 178.8923 617.8855 207.5210 1.5725 1.7129 3.9539 -1.0141 1.9473 42.6812 -5.0268 -5.2556
Car -1 -1 -4.8978 535.5401 178.0970 570.7250 203.0487 1.6493 1.6906 4.3926 -4.0982 2.0367 51.0180 -4.9780 -5.2594
Car -1 -1 -4.8826 521.6205 177.6844 553.9726 202.9892 1.6139 1.5687 3.6788 -4.9465 1.9533 48.7575 -4.9836 -5.2939
Car -1 -1 -4.3565 508.6040 175.9269 545.5441 197.7217 1.6970 1.6034 4.3170 -6.7712 1.9582 59.1132 -4.4704 -5.3369
Car -1 -1 -4.8760 536.8898 173.8794 566.0690 196.5909 1.7116 1.6617 3.9207 -4.6583 1.7949 56.6718 -4.9581 -5.3424
Car -1 -1 -5.1936 549.3196 176.3845 590.3563 195.4808 1.4835 1.6662 4.0386 -3.3481 1.7826 59.0143 -5.2504 -5.4081
Car -1 -1 -4.9506 697.8752 175.1134 726.4490 191.4595 1.4563 1.6794 4.1853 9.4322 1.6727 67.0457 -4.8118 -5.5388
Car -1 -1 -4.9667 585.0025 177.2823 623.5286 199.3535 1.4129 1.6057 4.2600 -0.4736 1.7295 49.3647 -4.9767 -5.5609
Car -1 -1 -2.3358 0.0000 183.6691 23.4345 282.9406 1.3999 1.5684 4.0291 -11.7609 1.5785 11.1430 -3.1361 -5.5965
Car -1 -1 -4.7254 562.8450 178.1095 588.5257 202.8541 1.4833 1.5668 3.5049 -2.2387 1.8298 45.8128 -4.7745 -5.6009
Car -1 -1 -4.9349 803.6172 176.6080 865.1141 211.2182 1.4069 1.6718 4.2814 9.8147 1.5845 32.0012 -4.6404 -5.6562
Car -1 -1 -5.2557 948.9520 176.5396 1135.1177 250.3739 1.4546 1.6474 4.2436 9.6000 1.5499 16.5721 -4.7389 -5.7058
Car -1 -1 -2.9259 388.5486 181.1771 487.1283 215.3328 1.5792 1.6324 4.3534 -8.2454 1.9882 34.6291 -3.1584 -5.7567
Car -1 -1 -4.6768 581.7230 178.1360 607.8189 200.6460 1.3569 1.5424 3.9527 -0.9779 1.7110 46.4149 -4.6983 -5.8005
Car -1 -1 -4.4926 537.6701 179.3514 574.2240 202.3266 1.3773 1.5112 4.0267 -3.4728 1.8150 46.5434 -4.5671 -5.8229
Car -1 -1 -4.6637 634.9340 177.5251 657.0824 195.8867 1.4245 1.6211 4.1181 2.9581 1.8212 59.1897 -4.6145 -5.8537
Car -1 -1 -7.5646 152.0338 0.0000 1241.0000 374.0000 1.5417 1.5884 3.8035 -0.4939 1.6053 1.0048 -7.9392 -5.8867
Car -1 -1 -3.5324 0.0000 192.4860 0.0000 374.0000 1.5000 1.6029 3.9559 -7.4860 1.6337 2.9333 -4.6975 -5.8867
Car -1 -1 -6.9170 0.0000 0.0000 1241.0000 374.0000 1.5427 1.5881 3.8032 -2.1016 1.6283 1.0045 -7.9391 -5.8867
Car -1 -1 -4.6781 584.4726 177.3156 607.4192 197.2484 1.4025 1.5749 3.9206 -1.0429 1.7459 53.6217 -4.6978 -5.8867
Car -1 -1 -4.8679 777.0075 176.2276 816.9261 203.0478 1.4359 1.5893 3.9931 10.5849 1.6380 41.2119 -4.6187 -5.8867
Car -1 -1 -5.0028 773.6677 176.3573 826.9700 205.8709 1.4344 1.5905 3.9803 9.7968 1.6263 37.5646 -4.7501 -5.8867
Car -1 -1 -9.2437 0.0000 0.0000 1241.0000 374.0000 1.5191 1.5817 3.7962 4.7188 1.4746 0.9968 -7.9397 -5.8867
Car -1 -1 -4.7094 606.4335 177.1849 632.0986 200.6084 1.4178 1.5798 3.9266 0.5638 1.7078 46.3802 -4.6978 -5.8867
Car -1 -1 -6.7026 0.0000 0.0000 1241.0000 374.0000 1.5450 1.5860 3.8027 -3.7084 1.6603 1.0049 -7.9389 -5.8867
Car -1 -1 -3.6014 0.0000 188.2676 0.0000 374.0000 1.4955 1.6013 3.9546 -5.4731 1.5918 2.5325 -4.6974 -5.8867
Car -1 -1 -9.3096 0.0000 0.0000 1241.0000 374.0000 1.5060 1.5770 3.7898 6.3264 1.4174 0.9963 -7.9397 -5.8867
Car -1 -1 -6.4042 360.0694 161.9689 420.9490 188.1960 1.6694 1.6198 3.6588 -14.4542 0.9762 47.4061 -6.6988 -6.1081
Car -1 -1 -8.4535 1063.8513 0.0000 1241.0000 374.0000 1.6754 1.7684 4.3037 3.5896 1.4946 2.9379 -7.6170 -6.1543
