Car -1 -1 -7.8115 601.7236 177.3837 655.8369 229.6074 1.5895 1.6615 3.1788 0.6315 1.7495 23.8880 -7.7862 7.3370
Car -1 -1 -4.4328 675.4312 175.7722 708.9617 197.5031 1.6598 1.6569 3.9188 6.5935 1.9019 57.8098 -4.3203 -0.9082
Car -1 -1 -7.9131 694.7737 178.6468 733.7343 211.7428 1.4837 1.6233 4.0285 4.9815 1.7822 35.1458 -7.7740 -1.1800
Car -1 -1 -5.1701 669.3774 177.3339 705.6033 194.2397 1.5131 1.6739 4.2767 7.2491 1.9498 68.0919 -5.0649 -1.9500
Car -1 -1 -2.5033 337.1647 169.6898 385.6808 186.4064 1.5290 1.6975 4.0791 -23.2427 1.2393 67.4236 -2.8343 -2.2433
Car -1 -1 -7.8858 665.7291 178.3240 704.5881 215.1876 1.5254 1.5947 4.1010 3.2948 1.7880 32.5789 -7.7865 -2.4201
Car -1 -1 -7.3967 1131.0710 158.0048 1201.0356 185.9570 1.4994 1.6210 3.7346 30.9951 0.7026 40.2616 -6.7442 -2.8634
Car -1 -1 -5.4395 677.2390 177.1859 742.5740 202.4567 1.4687 1.6347 4.2073 6.1227 1.7511 44.8909 -5.3053 -2.9997
Car -1 -1 -4.5856 575.3148 180.8220 604.2414 203.6703 1.5192 1.6188 3.5132 -1.4291 2.1032 51.0795 -4.6139 -3.2899
Car -1 -1 -8.0570 806.0513 171.9494 831.2755 187.3477 1.4790 1.6364 3.8792 20.5656 1.3918 71.2989 -7.7776 -3.3048
Car -1 -1 -4.8829 661.5475 178.0430 696.3611 201.7234 1.4475 1.6055 3.9086 4.4125 1.7997 46.9985 -4.7903 -3.4041
Car -1 -1 -4.7570 690.7227 177.1361 725.7560 207.9144 1.5503 1.6741 4.3921 5.2488 1.7963 39.2342 -4.6255 -3.7970
Car -1 -1 -5.7527 1146.9951 160.8544 1241.0000 200.7891 1.5411 1.7339 3.7009 24.7178 1.0777 29.8803 -5.0666 -4.0092
Car -1 -1 -3.5967 994.1577 171.5888 1083.7701 199.7040 1.4638 1.5975 3.7952 22.7954 1.3976 38.5062 -3.0659 -4.0300
Car -1 -1 -3.5987 945.6513 160.3216 1028.7032 187.0143 1.5597 1.6515 4.0795 22.4061 0.8271 43.0267 -3.1215 -4.2568
Car -1 -1 -7.6489 323.7820 171.7740 348.0701 186.1780 1.3803 1.5412 3.5571 -26.9649 1.2765 71.0226 -8.0107 -4.3167
Car -1 -1 -4.6701 688.4678 175.0612 712.5341 196.8685 1.5799 1.6558 3.8472 6.8641 1.7532 54.7209 -4.5464 -4.6310
Car -1 -1 -4.6379 504.3745 175.9554 533.7147 201.8493 1.7138 1.7070 4.5934 -6.3687 1.9412 50.6512 -4.7628 -4.6594
Car -1 -1 -4.8557 540.6521 178.0952 567.1548 198.8102 1.6618 1.6594 4.1494 -4.8170 2.1221 61.2052 -4.9343 -4.9723
Car -1 -1 -4.2057 649.1163 177.5637 698.5763 200.0986 1.5496 1.6827 4.4160 4.6958 1.9095 52.8794 -4.1181 -5.0737
Car -1 -1 -7.6259 708.7729 177.6530 763.6757 211.9703 1.4675 1.6437 4.1204 5.9126 1.7060 33.6926 -7.4542 -5.1871
Car -1 -1 -4.8041 535.7390 178.1905 563.2769 199.2409 1.4345 1.6157 4.1335 -4.4635 1.8382 52.4494 -4.8890 -5.2427
Car -1 -1 -4.5984 521.2991 177.7553 547.7375 196.9612 1.5358 1.7094 4.7098 -6.3910 1.9677 61.2662 -4.7023 -5.2988
Car -1 -1 -2.0610 0.0000 186.0181 0.4536 288.9043 1.4601 1.6482 4.2177 -12.5950 1.7033 11.9681 -2.8608 -5.3211
Car -1 -1 -5.3204 727.3581 176.6306 783.8551 198.0636 1.4276 1.6576 4.4901 10.2523 1.7083 51.2919 -5.1247 -5.3264
Car -1 -1 -2.9919 65.9928 162.1322 192.6099 203.8826 1.6230 1.5813 4.1338 -19.6468 1.2059 29.6326 -3.5734 -5.3510
Car -1 -1 -4.8709 559.0052 177.7489 585.3814 195.2498 1.4136 1.6033 4.2082 -3.2945 1.8473 61.7493 -4.9244 -5.3635
Car -1 -1 -4.7943 663.9683 176.8501 683.6767 192.8509 1.5205 1.6349 3.7336 6.2689 1.9258 71.3707 -4.7074 -5.4468
Car -1 -1 -6.7244 505.6206 180.5902 568.2559 203.1878 1.4419 1.5375 3.9414 -4.9644 1.9834 48.8616 -6.8256 -5.4468
Car -1 -1 -4.0512 429.4740 179.0216 491.3676 203.0596 1.4067 1.6104 4.1636 -9.4205 1.8151 45.5893 -4.2542 -5.5287
Car -1 -1 -4.7242 607.5146 178.7924 632.0071 199.7137 1.3780 1.6541 4.2382 0.6268 1.8136 50.8472 -4.7124 -5.6796
Car -1 -1 -4.4446 744.0362 173.9570 776.9327 191.4682 1.3950 1.6218 4.2362 12.5269 1.4899 60.0200 -4.2401 -5.6890
Car -1 -1 -5.1415 700.8531 174.2501 747.6475 196.7557 1.6962 1.7924 4.8715 8.9760 1.8117 57.2890 -4.9873 -5.7350
Car -1 -1 -7.8600 1241.0000 168.6548 1241.0000 253.1403 1.4911 1.8414 4.2690 14.4079 1.4167 14.9228 -7.1023 -5.7387
Car -1 -1 -4.7898 610.0518 178.3178 644.2262 203.9126 1.4534 1.7455 4.3470 0.9630 1.8042 44.1401 -4.7687 -5.8126
Car -1 -1 -6.3971 1151.0374 147.4539 1241.0000 176.1859 1.6477 1.7140 4.3733 35.2217 0.1908 43.2739 -5.7172 -5.8850
Car -1 -1 -4.7304 623.4590 176.7286 645.7672 196.5428 1.3972 1.5774 3.9183 1.7692 1.6954 53.6200 -4.6980 -5.8867
Car -1 -1 -4.6898 1114.1588 163.1925 1141.8789 182.1862 1.4596 1.7172 4.1151 41.3550 0.7169 57.6098 -4.0698 -5.8867
Car -1 -1 -4.8767 728.8237 175.3022 755.4926 192.4527 1.3768 1.5690 3.9105 11.0105 1.5882 60.4500 -4.6977 -5.8867
Car -1 -1 -4.9786 617.2915 177.0174 656.5085 199.4126 1.3960 1.5616 4.1389 1.7063 1.6852 47.9860 -4.9438 -5.8936
Car -1 -1 -4.7907 603.8738 176.7951 647.4349 212.1347 1.6157 1.7761 4.9098 0.6697 1.8260 36.0511 -4.7729 -5.9337
Car -1 -1 -4.7015 1096.2600 163.1323 1122.4587 182.3926 1.5322 1.7282 4.1150 41.2190 0.7585 59.5802 -4.0987 -6.1939
