Car -1 -1 -7.8476 614.1174 174.0426 667.6185 226.2056 1.6202 1.6684 3.1350 0.9858 1.6622 24.0880 -7.8079 7.9490
Car -1 -1 -4.4950 448.8411 181.6931 528.9530 233.9447 1.4119 1.6306 3.7836 -3.6529 1.7058 22.0843 -4.6576 6.8160
Car -1 -1 -4.4204 400.0282 182.2610 474.2403 225.9527 1.4257 1.6213 3.7009 -6.2443 1.7925 26.2571 -4.6521 4.6602
Car -1 -1 -4.8013 704.5021 175.9633 743.7505 209.2611 1.4686 1.4986 3.5602 5.2847 1.6226 33.9871 -4.6488 -0.7962
Car -1 -1 -6.0495 874.6352 163.0627 946.4304 187.0095 1.4837 1.6462 4.0049 19.3281 0.8768 46.5454 -5.6584 -1.9743
Car -1 -1 -7.6333 47.1139 178.4786 91.7331 203.1031 1.7134 1.7601 4.2212 -40.0671 2.1482 53.5348 -8.2735 -2.7038
Car -1 -1 -5.4361 672.9061 174.9619 722.4921 194.6021 1.5659 1.6713 4.3075 7.2539 1.7482 60.2560 -5.3172 -3.0627
Car -1 -1 -4.5608 99.1123 182.1050 130.9710 200.5349 1.4185 1.6303 3.6501 -40.8246 2.2072 59.5397 -5.1599 -3.3781
Car -1 -1 -4.6285 670.8164 176.4378 709.4702 207.5443 1.4638 1.6220 4.0322 4.0719 1.6557 36.5792 -4.5190 -3.4536
Car -1 -1 -3.7083 616.6375 177.5726 722.3721 216.9597 1.5076 1.6125 4.1171 2.4232 1.7125 29.6949 -3.6284 -3.4566
Car -1 -1 -2.3420 0.3363 178.0067 71.6790 203.8268 1.7649 1.7224 3.8810 -40.4652 2.1357 50.8652 -3.0117 -3.5404
Car -1 -1 -7.6822 441.6069 167.3531 471.0773 189.2464 1.7940 1.7510 4.2203 -13.0283 1.3430 61.2667 -7.8911 -3.8099
Car -1 -1 -3.5189 628.4105 177.2433 728.2597 210.7590 1.4323 1.6201 4.1830 3.0285 1.6384 32.5601 -3.4276 -3.9454
Car -1 -1 -7.9138 688.1171 174.4542 714.2207 197.4119 1.6488 1.6986 3.9505 6.7736 1.7731 54.1289 -7.7904 -3.9959
Car -1 -1 -5.6984 239.8787 165.5873 336.0425 204.9607 1.8664 1.7331 4.0213 -15.8023 1.5216 35.3921 -6.1158 -4.0558
Car -1 -1 -8.3949 908.3013 170.2211 971.2928 200.1704 1.5176 1.6104 3.1923 17.3751 1.3839 38.2408 -7.9717 -4.0844
Car -1 -1 -4.3709 116.0440 180.1139 156.0336 199.3547 1.5130 1.6025 3.8222 -39.5959 2.1402 60.3268 -4.9499 -4.1315
Car -1 -1 -4.8732 0.0000 176.4530 19.1854 204.6350 1.7654 1.7511 4.1552 -40.7047 2.0132 47.7287 -5.5767 -4.3340
Car -1 -1 -4.3353 711.5438 174.5007 766.8734 203.4217 1.5557 1.6655 4.2840 7.4175 1.6549 41.3310 -4.1594 -4.3443
Car -1 -1 -2.7316 381.2740 164.1808 442.6586 187.4738 1.7964 1.7487 4.3236 -15.5985 1.1272 56.8196 -2.9986 -4.4666
Car -1 -1 -6.2660 521.1838 179.0461 573.4534 202.9126 1.5501 1.6188 3.4262 -4.2086 1.9721 48.2719 -6.3529 -4.4817
Car -1 -1 -7.8572 734.3145 177.9085 774.8073 213.4574 1.4445 1.6562 4.1499 6.3750 1.6847 32.1378 -7.6637 -4.4928
Car -1 -1 -4.8649 766.0037 173.1319 790.6451 191.2277 1.5782 1.6070 3.6861 15.0819 1.6037 64.8855 -4.6379 -4.5457
Car -1 -1 -5.1170 530.1330 174.5166 570.7166 196.4622 1.6031 1.5883 4.1430 -4.6307 1.7352 55.2437 -5.2006 -4.7620
Car -1 -1 -4.5939 694.2569 173.5693 730.9555 203.6233 1.6467 1.6238 4.2760 5.9714 1.6902 41.9165 -4.4539 -4.8234
Car -1 -1 -4.5568 516.8987 177.5231 543.1263 197.2269 1.4412 1.4999 3.3350 -6.1273 1.8097 55.2831 -4.6670 -4.9461
Car -1 -1 -4.8839 553.6486 176.4970 583.5571 195.5562 1.4016 1.6304 4.1514 -3.2852 1.6957 56.1115 -4.9425 -5.2271
Car -1 -1 -7.9623 828.0867 161.7523 851.4308 183.2074 2.0153 1.7321 3.8978 22.1911 0.9722 69.8562 -7.6561 -5.3394
Car -1 -1 -2.9449 133.7780 164.8575 247.3288 204.0518 1.6711 1.6573 4.1355 -18.6529 1.3299 32.2095 -3.4664 -5.5042
Car -1 -1 -4.6822 493.0860 177.7747 525.4810 210.0056 1.6559 1.6486 4.1445 -5.5555 1.9422 39.8744 -4.8202 -5.5340
Car -1 -1 -4.6421 415.3216 178.3282 456.2197 208.4620 1.3666 1.6781 4.0609 -8.5857 1.6529 35.6401 -4.8772 -5.5538
Car -1 -1 -4.5042 412.7421 177.5352 459.5741 205.3232 1.4037 1.6544 4.1242 -9.4231 1.6714 39.2328 -4.7387 -5.7675
Car -1 -1 -4.8011 79.2700 181.3992 110.5508 202.0372 1.5542 1.6982 4.1531 -41.6190 2.2688 58.2314 -5.4196 -5.8343
Car -1 -1 -4.8284 423.2819 175.6140 471.6619 211.0518 1.4786 1.6661 4.0865 -7.4525 1.6116 32.6522 -5.0515 -5.8664
Car -1 -1 -4.3378 469.0975 177.3366 521.1451 204.0933 1.4745 1.6468 4.1161 -6.7655 1.7529 42.6816 -4.4944 -5.8734
Car -1 -1 -4.4918 454.4200 177.8786 502.9132 207.3712 1.3939 1.6161 3.8862 -6.6646 1.6632 36.7490 -4.6704 -5.8867
Car -1 -1 -4.4755 447.2454 176.7462 501.4240 209.0291 1.3905 1.6057 3.8770 -6.2759 1.5818 33.5346 -4.6595 -5.8867
Car -1 -1 -4.5812 450.3487 178.6497 504.8162 217.3162 1.4758 1.6870 4.4651 -5.5534 1.7386 30.4902 -4.7603 -6.5236
