Car -1 -1 -7.7972 590.7642 177.2569 646.8549 230.0126 1.5869 1.6604 3.2851 0.3029 1.7415 23.6825 -7.7854 8.4097
Car -1 -1 -6.7078 921.6594 164.8401 991.5930 186.3503 1.4984 1.6330 4.1629 24.4854 0.9399 51.1198 -6.2636 -1.7229
Car -1 -1 -4.7014 701.4761 177.6953 738.1902 212.5279 1.4530 1.5478 3.7604 4.9355 1.6849 32.6268 -4.5532 -1.9804
Car -1 -1 -4.8292 804.8098 166.8215 826.1764 185.2028 1.7226 1.5619 3.6021 19.7521 1.1570 69.5227 -4.5537 -2.0407
Car -1 -1 -4.5559 683.8801 177.2797 718.1990 201.6567 1.4932 1.6103 4.1278 5.9646 1.7960 47.2055 -4.4315 -2.3731
Car -1 -1 -7.9707 967.5855 169.0841 1010.7546 200.0523 1.5035 1.5269 3.6176 19.3417 1.3202 36.9930 -7.4925 -2.5410
Car -1 -1 -7.0268 681.3410 177.0082 754.0245 204.9164 1.4910 1.6005 4.0682 6.0900 1.7366 40.8927 -6.8805 -2.6775
Car -1 -1 -6.3923 690.6000 178.9537 773.1508 209.7825 1.4299 1.5504 3.7605 5.7679 1.7302 34.6867 -6.2295 -2.7414
Car -1 -1 -4.8372 686.3428 176.8654 722.5305 204.3855 1.5320 1.6234 4.0233 5.5110 1.7807 42.7678 -4.7104 -2.8452
Car -1 -1 -4.8936 661.6089 177.1912 689.5685 197.0692 1.5803 1.6812 3.6447 5.4023 1.9525 60.0810 -4.8048 -3.0894
Car -1 -1 -7.7917 995.6364 166.3972 1039.8030 199.1502 1.5643 1.7128 4.2240 20.7381 1.2556 36.6994 -7.2811 -3.2741
Car -1 -1 -4.7820 667.5379 178.5140 704.9555 209.8728 1.4473 1.5732 3.8482 3.7083 1.7442 35.9513 -4.6807 -3.9788
Car -1 -1 -4.7307 566.2783 180.4578 592.3702 203.5807 1.5704 1.8098 3.7576 -2.2826 2.1406 52.2042 -4.7747 -4.0757
Car -1 -1 -7.1656 985.1342 155.3408 1047.7101 178.2364 1.6756 1.7795 4.3189 30.6216 0.3936 54.4185 -6.6554 -4.1765
Car -1 -1 -4.4775 681.2251 176.7938 710.7057 195.1010 1.4487 1.5802 3.8951 7.1669 1.7880 60.1018 -4.3598 -4.2447
Car -1 -1 -7.7956 982.8765 168.7693 1025.7098 201.6778 1.4577 1.5820 3.3743 18.4653 1.2764 33.8113 -7.2997 -4.5143
Car -1 -1 -4.7130 674.2470 178.0672 709.1545 212.4306 1.4466 1.4887 3.2550 3.6386 1.6940 32.5882 -4.6034 -4.6283
Car -1 -1 -4.8529 660.8000 178.8009 699.3253 206.1223 1.4336 1.6251 3.8409 3.8615 1.7846 40.6686 -4.7594 -4.6407
Car -1 -1 -7.7414 495.7955 178.4062 516.7211 195.7700 1.6430 1.6400 3.7449 -10.2546 2.2066 71.3844 -7.8839 -4.6466
Car -1 -1 -4.8414 493.9256 177.7873 523.0089 202.3488 1.5031 1.4773 2.9951 -6.5961 1.8317 46.4560 -4.9820 -4.6620
Car -1 -1 -4.6886 538.6677 177.8577 565.5248 201.7653 1.5957 1.8035 4.6039 -4.1191 1.9687 51.4902 -4.7685 -4.6851
Car -1 -1 -5.0782 682.2473 176.1814 720.3832 197.7006 1.6130 1.6268 4.0708 7.1298 1.8852 56.9257 -4.9546 -4.8782
Car -1 -1 -4.5450 498.6880 179.6361 525.5358 198.6051 1.5033 1.5683 4.1810 -8.2365 2.0945 60.8105 -4.6794 -4.8800
Car -1 -1 -4.8369 682.1429 178.2482 704.8688 195.6376 1.4976 1.6038 3.4961 7.4711 1.9962 64.9850 -4.7234 -5.0330
Car -1 -1 -4.3552 665.9857 176.0097 707.3446 198.7164 1.6129 1.6199 4.5248 5.7885 1.8606 54.3026 -4.2500 -5.0721
Car -1 -1 -4.4003 470.6951 179.1522 507.8092 199.9665 1.4235 1.5421 3.9165 -8.7921 1.9006 52.6386 -4.5654 -5.0739
Car -1 -1 -4.0673 429.1644 179.9204 490.3233 204.5517 1.4282 1.5984 4.1270 -9.4058 1.8933 45.3117 -4.2712 -5.0956
Car -1 -1 -4.7945 660.3704 180.1755 679.9836 196.6635 1.5336 1.6089 3.6766 5.8428 2.2682 70.5845 -4.7126 -5.1141
Car -1 -1 -6.4032 368.3722 168.5486 442.7536 197.2915 1.8443 1.8311 4.5777 -13.6383 1.5678 48.0256 -6.6788 -5.1522
Car -1 -1 -4.8166 597.2007 178.2090 632.6425 203.3316 1.3972 1.6783 4.2648 0.2094 1.7345 43.2750 -4.8123 -5.2567
Car -1 -1 -4.9949 504.2695 174.8821 542.6788 201.7662 1.8132 1.6691 3.9212 -6.2001 1.9626 51.1171 -5.1154 -5.2798
Car -1 -1 -4.6782 695.0119 178.3956 730.2006 209.7646 1.4983 1.6743 4.1971 5.3341 1.8027 37.4566 -4.5384 -5.3084
Car -1 -1 -4.4682 513.7390 179.5612 540.1264 195.7935 1.4532 1.5655 4.0008 -7.8610 2.1081 68.4040 -4.5825 -5.5133
Car -1 -1 -4.9646 552.6305 177.6185 582.8810 195.1678 1.4396 1.6581 4.0318 -3.7205 1.8666 62.5405 -5.0241 -5.5648
Car -1 -1 -4.4304 513.5270 178.0342 554.6228 200.9342 1.3968 1.5820 4.1420 -4.9432 1.7508 47.1734 -4.5346 -5.6114
Car -1 -1 -4.8155 728.3113 174.1682 755.7235 194.1879 1.4865 1.6662 4.0958 10.1702 1.5919 55.9566 -4.6370 -5.7086
Car -1 -1 -4.9085 618.6735 177.5638 653.9586 199.5355 1.3908 1.5894 4.1829 1.7004 1.7234 48.8058 -4.8744 -5.7708
Car -1 -1 -4.6680 601.1439 178.1512 626.4771 199.4380 1.3648 1.5594 4.0100 0.2629 1.7415 49.3172 -4.6632 -5.7998
Car -1 -1 -4.7152 612.4481 177.9102 634.4333 198.1101 1.4293 1.5859 3.9307 0.9678 1.8214 54.0215 -4.6978 -5.8867
Car -1 -1 -7.1461 51.4271 0.0000 1241.0000 374.0000 1.5456 1.5905 3.8046 -1.2981 1.6263 1.0036 -7.9392 -5.8867
Car -1 -1 -4.8542 712.3128 174.9283 738.3285 192.1977 1.3599 1.5634 3.9032 9.4086 1.5356 59.2514 -4.6979 -5.8867
Car -1 -1 -3.5046 0.0000 194.2827 0.0000 374.0000 1.5051 1.6067 3.9579 -7.0818 1.6390 2.5301 -4.6974 -5.8867
Car -1 -1 -6.7849 0.0000 0.0000 1241.0000 374.0000 1.5473 1.5900 3.8043 -2.9056 1.6528 1.0033 -7.9391 -5.8867
Car -1 -1 -7.1467 1222.1223 167.5644 1241.0000 240.0964 1.5449 1.7828 4.4719 16.7921 1.4320 16.4284 -6.3596 -5.9074
Car -1 -1 -4.4797 593.8337 179.4769 644.5480 209.1949 1.4764 1.7903 4.4202 0.5296 1.8581 39.2598 -4.4669 -6.0463
Car -1 -1 -7.3951 1241.0000 169.6323 1241.0000 253.6684 1.4661 1.6584 4.2691 14.8441 1.4096 14.0270 -6.5922 -6.1068
