Car -1 -1 -7.8467 620.0239 174.9729 672.5007 226.0121 1.6111 1.6676 3.2136 1.1914 1.6878 24.5632 -7.7996 6.8930
Car -1 -1 -7.4772 439.7204 172.2007 470.5450 187.7565 1.4945 1.6483 3.9396 -15.3047 1.4314 71.3989 -7.6879 -1.2145
Car -1 -1 -5.0201 861.4501 161.9370 902.8761 185.4865 1.6217 1.6983 3.7676 19.3821 0.8696 51.6119 -4.6629 -2.0847
Car -1 -1 -6.8335 284.2933 163.8493 368.3065 193.9047 1.6568 1.7218 4.2826 -16.4822 1.1601 42.0023 -7.2055 -2.5617
Car -1 -1 -8.0839 424.1324 171.9183 450.0215 187.3997 1.4820 1.6141 4.0008 -17.1134 1.3922 71.2225 -8.3191 -3.0073
Car -1 -1 -4.5203 673.9966 175.8708 716.1212 202.7563 1.4686 1.6542 4.3614 4.9995 1.6548 42.2660 -4.4039 -3.1521
Car -1 -1 -4.6629 707.8124 174.3701 739.0700 202.3515 1.5279 1.6017 3.8780 6.5543 1.6195 41.6825 -4.5085 -3.2556
Car -1 -1 -8.1140 897.6389 153.4433 944.0324 181.7593 1.8354 1.7885 4.4869 21.0519 0.5769 49.1174 -7.7113 -3.6320
Car -1 -1 -5.3648 261.4575 162.9450 326.7389 189.1889 1.5505 1.6663 3.8700 -19.4381 0.9648 44.2957 -5.7762 -3.7698
Car -1 -1 -7.4695 242.3032 170.6741 294.7137 194.7297 1.4654 1.6859 3.8568 -21.6986 1.3323 45.9262 -7.9088 -3.7949
Car -1 -1 -6.1948 541.2696 179.3537 596.4549 200.6808 1.5835 1.6907 4.0702 -3.1365 2.0871 55.0351 -6.2519 -3.8396
Car -1 -1 -4.3568 415.3972 181.4518 458.8310 205.9606 1.5942 1.7184 3.8346 -12.0416 2.2178 50.3503 -4.5907 -3.9757
Car -1 -1 -4.9132 774.9778 173.1807 804.3608 192.0909 1.5094 1.6155 3.8159 14.7751 1.5369 59.5978 -4.6717 -4.0731
Car -1 -1 -5.8546 887.7384 163.0130 952.7234 187.8812 1.4809 1.4006 3.4252 19.1505 0.8946 44.7044 -5.4524 -4.0975
Car -1 -1 -5.1960 915.9775 167.3748 974.6219 195.4470 1.4387 1.5916 3.0542 17.8138 1.1576 38.5467 -4.7663 -4.1011
Car -1 -1 -4.9249 814.5856 174.1232 877.2552 214.2270 1.5396 1.6012 4.1723 9.6683 1.5958 29.9895 -4.6164 -4.1539
Car -1 -1 -6.8435 932.3444 148.1217 1019.8015 176.1455 1.6531 1.7418 4.4799 22.0671 0.1939 43.6429 -6.3781 -4.2407
Car -1 -1 -4.5449 229.3651 161.8059 272.0503 189.2344 1.5496 1.6710 3.6559 -21.2668 0.9251 42.7543 -5.0042 -4.2647
Car -1 -1 -4.6292 681.2509 175.0973 716.7838 204.8886 1.5060 1.5892 3.8687 4.7960 1.6328 38.8400 -4.5077 -4.3018
Car -1 -1 -8.1676 399.6219 177.1176 444.5844 203.7719 1.5816 1.5813 4.0320 -11.9537 1.8635 45.6193 -8.4228 -4.3290
Car -1 -1 -4.2605 706.5717 172.9570 745.7394 193.8495 1.7113 1.6715 4.0866 9.8719 1.7200 61.2744 -4.1018 -4.5261
Car -1 -1 -4.7439 324.2336 174.9653 360.0706 206.7756 1.6161 1.6964 3.8831 -14.5737 1.7363 39.0570 -5.0991 -4.5382
Car -1 -1 -4.8029 527.8816 178.0938 560.7426 202.4546 1.5202 1.7727 4.7368 -4.5052 1.8908 48.5878 -4.8953 -4.7056
Car -1 -1 -5.0695 518.8521 177.8164 555.5732 197.5488 1.4522 1.6197 3.7851 -5.7304 1.8525 56.1917 -5.1711 -4.8580
Car -1 -1 -5.3898 579.7371 177.7099 633.8075 200.5904 1.5964 1.7118 4.2553 -0.3102 1.9707 53.4633 -5.3961 -4.8935
Car -1 -1 -4.5240 440.3300 177.5675 470.3174 197.2032 1.5825 1.7250 4.2558 -13.1269 1.9968 61.3276 -4.7343 -5.0198
Car -1 -1 -4.8273 699.4904 173.3182 728.2198 197.9068 1.6695 1.5840 3.6825 7.2612 1.7031 50.9209 -4.6869 -5.0380
Car -1 -1 -4.9550 619.4584 174.0668 673.6632 205.1816 1.5359 1.7338 4.9003 1.8226 1.6045 38.3904 -4.9084 -5.0534
Car -1 -1 -4.3679 519.3295 176.4383 548.7018 192.5306 1.5307 1.7247 3.7770 -7.5232 1.8961 71.5795 -4.4725 -5.0903
Car -1 -1 -4.3625 673.0400 173.7435 712.8829 195.0598 1.5898 1.6917 4.3948 6.4953 1.6618 56.3517 -4.2487 -5.0915
Car -1 -1 -7.9671 574.0076 177.9944 627.5610 222.6073 1.5223 1.5717 3.7859 -0.4571 1.7288 27.0555 -7.9846 -5.1290
Car -1 -1 -4.8235 443.0122 179.5970 470.0059 199.2705 1.4363 1.6267 3.9622 -12.0304 1.9819 56.2795 -5.0335 -5.1524
Car -1 -1 -3.3962 647.5121 177.5434 740.1930 207.2964 1.4460 1.5755 4.4005 4.1722 1.6900 36.5024 -3.2838 -5.1839
Car -1 -1 -4.7064 617.9008 174.8979 646.7887 202.7279 1.6381 1.7141 4.4940 1.3700 1.7719 45.0796 -4.6767 -5.2390
Car -1 -1 -6.3485 433.2657 174.8593 481.8520 192.6552 1.6282 1.7642 4.3592 -14.3490 1.8202 67.7769 -6.5567 -5.5868
Car -1 -1 -4.2990 477.0506 178.6819 527.3352 202.8243 1.3612 1.5365 4.0193 -6.5277 1.7325 43.8575 -4.4462 -5.6088
Car -1 -1 -4.8038 642.0879 174.9631 674.9333 202.3883 1.6126 1.6298 4.4605 2.9421 1.7505 45.0234 -4.7395 -5.6751
Car -1 -1 -7.8910 621.2196 172.9483 672.3472 219.1990 1.7002 1.8477 4.2404 1.3410 1.7039 28.6609 -7.8454 -5.7260
Car -1 -1 -4.5427 481.4163 178.4702 512.0728 198.8942 1.4085 1.5774 3.9229 -8.2789 1.8347 52.8172 -4.6978 -5.8867
Car -1 -1 -8.4288 0.0000 0.0000 948.3864 374.0000 1.5377 1.5887 3.8043 0.6995 1.5748 0.9971 -7.9398 -5.8867
Car -1 -1 -4.7447 652.5712 174.9008 677.1116 195.4582 1.3685 1.5743 3.8766 3.7653 1.5167 50.3933 -4.6709 -5.8867
Car -1 -1 -7.3171 149.4016 0.0000 1241.0000 374.0000 1.5402 1.5896 3.8047 -0.9083 1.6008 0.9969 -7.9398 -5.8867
Car -1 -1 -5.9098 0.0000 0.0000 1241.0000 374.0000 1.5052 1.6061 3.9591 5.3708 1.4997 1.7176 -4.6976 -5.8867
Car -1 -1 -3.5532 0.0000 191.5567 0.0000 374.0000 1.4986 1.6032 3.9551 -7.0825 1.6259 2.9349 -4.6977 -5.8867
Car -1 -1 -4.7403 629.9711 175.9892 654.3818 197.0820 1.3868 1.5709 3.9150 2.1645 1.6123 49.9928 -4.6977 -5.8867
Car -1 -1 -6.8389 0.0000 0.0000 1241.0000 374.0000 1.5410 1.5891 3.8037 -2.5163 1.6244 0.9967 -7.9397 -5.8867
Car -1 -1 -3.7151 257.0042 180.1180 414.6342 249.0689 1.4253 1.4365 3.1990 -6.4137 1.6133 16.9873 -4.0714 -5.9620
Car -1 -1 -4.5996 421.1936 180.2616 448.1049 199.9126 1.4158 1.5634 4.1394 -13.5379 2.0100 55.7556 -4.8370 -6.0088
Car -1 -1 -4.6486 597.8331 176.3128 617.9468 194.0463 1.5497 1.6052 3.6212 -0.1895 1.8729 65.6322 -4.6518 -6.1140
Car -1 -1 -6.5270 859.4726 151.7594 921.9908 180.1259 2.1057 1.7172 4.1183 21.1934 0.5395 54.6685 -6.1591 -6.3472
Car -1 -1 -5.4951 0.0000 182.9273 12.6253 300.4978 1.6058 1.8676 4.6482 -12.3435 1.7742 11.0569 -6.3233 -6.4802
