Car -1 -1 -4.3057 70.6139 171.1862 239.4239 253.9938 1.6534 1.6948 4.2648 -10.2819 1.6198 16.6369 -4.8524 7.2178
Car -1 -1 -7.8518 560.7873 174.4187 661.7269 268.0650 1.5759 1.7075 3.7118 -0.0361 1.6101 14.0616 -7.8555 6.6571
Car -1 -1 -7.4975 853.7472 177.3126 1135.8042 339.5016 1.4067 1.7010 3.6292 4.4339 1.4686 8.2073 -7.0179 6.4040
Car -1 -1 -7.2867 760.7702 163.6303 989.8309 280.5695 1.5918 1.6713 3.8788 4.3188 1.4659 11.6689 -6.9412 6.1698
Car -1 -1 -4.0729 0.0000 181.5790 130.3658 300.5728 1.4630 1.5859 4.1223 -9.6280 1.6246 11.2815 -4.7678 5.8408
Car -1 -1 -7.3051 739.7993 176.1600 905.5791 251.5481 1.3936 1.5855 3.9425 4.5780 1.4728 15.4202 -7.0225 2.3154
Car -1 -1 -7.7419 1102.1504 167.8253 1241.0000 374.0000 1.4684 1.6059 3.7706 4.5731 1.4493 4.5202 -6.9832 2.3048
Car -1 -1 -4.6771 477.8886 177.1874 497.7347 194.8158 1.5029 1.6117 4.1060 -10.9509 1.9040 64.7066 -4.8444 0.1706
Car -1 -1 -7.8600 602.7620 175.3220 619.6995 191.1570 1.5005 1.6199 4.0163 0.0875 1.7500 71.0128 -7.8591 0.0567
Car -1 -1 -4.2988 367.4087 181.9580 418.9747 208.0924 1.4419 1.6071 3.6641 -12.9138 2.0091 43.0622 -4.5888 -1.2686
Car -1 -1 -4.8666 709.0490 178.2462 753.7067 208.8983 1.4172 1.5961 3.9205 5.9582 1.7008 36.0195 -4.7046 -1.3541
Car -1 -1 -7.8888 354.7466 184.1943 384.2817 208.4250 1.3433 1.5752 3.8300 -14.7341 2.0672 44.0080 -8.2104 -1.4458
Car -1 -1 -5.5410 661.8569 177.6320 714.4748 198.5060 1.5620 1.6500 4.0905 6.1143 1.9531 57.0251 -5.4352 -1.7752
Car -1 -1 -7.5807 675.7305 177.7439 715.9473 201.9137 1.4597 1.5923 3.8793 5.5423 1.7889 46.5217 -7.4634 -1.9382
Car -1 -1 -8.2619 670.3126 178.0730 731.8714 209.3250 1.4287 1.5865 3.9273 4.4083 1.7026 35.7978 -8.1410 -2.7046
Car -1 -1 -3.8126 1084.4852 163.2752 1226.0884 205.5327 1.4618 1.6410 3.8750 19.4090 1.1301 25.8421 -3.1741 -2.7613
Car -1 -1 -8.5121 1001.6747 174.3617 1088.3247 207.0277 1.4731 1.5717 3.7730 20.7653 1.5494 34.6885 -7.9768 -2.8850
Car -1 -1 -4.4090 255.0506 178.2838 298.3927 201.8335 1.5396 1.6092 4.0094 -23.1681 1.9330 50.2260 -4.8394 -3.0159
Car -1 -1 -5.1849 934.8165 167.7623 1031.5068 209.6170 1.4948 1.5952 4.0868 14.2040 1.3126 27.8162 -4.7174 -3.0792
Car -1 -1 -4.6377 472.5124 181.4103 499.8839 202.5848 1.3799 1.5982 4.1342 -8.7204 2.0082 50.8787 -4.8070 -3.0914
Car -1 -1 -8.1989 847.5928 153.3442 887.8842 178.0101 1.8872 1.7333 4.0417 20.3599 0.3942 57.2313 -7.8588 -3.2190
Car -1 -1 -7.6573 746.0215 179.7192 796.3065 210.2498 1.3732 1.6612 4.1260 7.9824 1.7335 35.6760 -7.4394 -3.2259
Car -1 -1 -2.7969 366.8445 181.3869 439.3919 205.1828 1.4432 1.6521 4.0707 -13.0199 1.9913 45.4099 -3.0750 -3.4053
Car -1 -1 -8.4298 1053.4600 185.1711 1241.0000 287.2910 1.3260 1.6051 3.8140 9.0724 1.5605 11.7975 -7.7868 -3.8723
Car -1 -1 -8.1908 743.2246 175.5032 841.6924 225.4464 1.4118 1.7228 4.0630 5.5671 1.5027 22.7282 -7.9542 -4.1732
Car -1 -1 -8.7715 850.5692 166.1714 931.3542 200.1147 1.6263 1.5860 3.5750 14.1146 1.3059 36.5093 -8.4056 -4.7167
Car -1 -1 -2.7019 182.3903 182.1831 322.0435 227.3422 1.3945 1.5562 3.7584 -11.5837 1.7075 23.4217 -3.1570 -4.8494
Car -1 -1 -3.2730 601.5911 178.3307 666.9752 201.7515 1.4729 1.6055 4.0646 1.5161 1.8358 46.8471 -3.2413 -4.8701
Car -1 -1 -4.8695 97.9445 188.4476 187.7074 242.8970 1.3347 1.5649 4.1233 -13.6601 1.8311 20.9239 -5.4423 -5.2031
Car -1 -1 -4.7333 575.9644 177.6458 610.1239 205.6910 1.3406 1.6659 4.0000 -0.9605 1.6010 37.2235 -4.7594 -5.4590
Car -1 -1 -8.7462 0.0000 0.0000 1205.0640 374.0000 1.5159 1.5415 3.6887 1.4863 1.4291 0.9293 -7.8661 -5.6482
Car -1 -1 -8.3239 906.7205 150.8593 956.6682 178.1644 1.7762 1.5382 3.7659 21.6873 0.3451 48.8584 -7.9084 -5.7829
Car -1 -1 -4.9984 564.4153 176.7223 610.9628 203.1770 1.4744 1.6722 4.1231 -1.4227 1.7169 43.0816 -5.0317 -5.8689
Car -1 -1 -5.0111 590.2444 176.0820 640.2169 203.4542 1.4407 1.6455 4.2050 0.1968 1.6328 40.7592 -5.0068 -5.9358
Car -1 -1 -7.6460 63.5607 186.7953 148.5903 237.3835 1.3749 1.4843 3.3897 -15.6395 1.8447 22.4799 -8.2485 -6.1215
Car -1 -1 -4.8595 412.5981 178.4014 449.4476 204.4070 1.4618 1.6467 3.5170 -10.8159 1.8095 43.3247 -5.1031 -6.6878
Car -1 -1 -4.5563 424.2713 182.2612 458.1395 205.0574 1.3642 1.5320 4.0654 -10.9751 2.0036 46.9806 -4.7850 -6.7584
