Car -1 -1 -7.8557 567.6807 182.0245 663.6381 272.2620 1.5402 1.6861 3.5760 0.0452 1.7465 14.4667 -7.8539 6.7858
Car -1 -1 -5.7597 0.0000 197.6803 69.7927 235.3477 1.4216 1.4893 3.7543 -24.7609 2.4779 29.6607 -6.4510 3.6915
Car -1 -1 -7.5299 333.5537 182.4606 377.3294 210.7298 1.8360 1.6829 4.0067 -17.6972 2.5315 50.2460 -7.8672 1.9088
Car -1 -1 -4.9578 731.6013 187.6537 773.6250 212.6451 1.4137 1.6436 4.0273 8.8629 2.3848 45.3054 -4.7665 1.6631
Car -1 -1 -4.4090 455.4845 187.5158 507.5059 221.0797 1.5019 1.5417 3.5736 -6.3545 2.2669 35.7920 -4.5840 -1.1809
Car -1 -1 -4.7525 694.0646 180.1041 716.5007 201.7380 1.6019 1.5914 3.5289 7.4023 2.1874 56.4793 -4.6233 -1.3561
Car -1 -1 -5.4399 959.4304 152.4918 1026.1980 181.9950 1.8805 1.7797 3.8992 25.4075 0.5823 48.0967 -4.9565 -1.6282
Car -1 -1 -7.3832 698.5843 184.4994 772.2962 219.7132 1.4591 1.6672 4.1720 5.8427 2.0346 33.5028 -7.2127 -1.9767
Car -1 -1 -4.7693 737.6562 179.6194 757.5856 196.5249 1.5325 1.6461 3.8832 13.1249 2.1988 69.0650 -4.5827 -2.0558
Car -1 -1 -6.3676 239.1370 190.9749 335.9378 228.3074 1.4444 1.6651 3.6854 -13.9335 2.2659 31.1045 -6.7859 -2.6454
Car -1 -1 -7.0936 417.4148 189.5219 495.4698 221.2666 1.4563 1.6152 4.0587 -7.9519 2.3722 37.5113 -7.3016 -2.9978
Car -1 -1 -5.9586 321.3430 171.6228 379.8959 194.0989 1.6724 1.6881 3.8293 -19.6101 1.5805 54.5699 -6.3023 -3.1548
Car -1 -1 -2.7163 727.3032 178.6098 800.3374 202.3725 1.5799 1.8691 4.7117 10.8431 2.0049 51.1595 -2.5091 -3.1690
Car -1 -1 -8.0854 809.5081 182.4592 850.8405 209.3079 1.4975 1.5669 3.6633 13.1729 2.1008 43.4621 -7.7935 -3.1950
Car -1 -1 -7.3671 990.9936 167.5328 1064.4279 195.8201 1.4320 1.6430 4.1365 22.1698 1.1624 38.3263 -6.8462 -3.2735
Car -1 -1 -1.5388 0.0000 168.4675 18.3139 193.3083 1.6031 1.7297 3.5051 -40.9482 1.3198 48.4776 -2.2377 -3.3749
Car -1 -1 -8.0878 828.9982 184.1205 878.1058 212.1019 1.3928 1.6120 4.2237 13.3354 2.0485 39.8381 -7.7675 -3.4805
Car -1 -1 -2.6608 480.4107 191.8703 533.7393 213.9485 1.5808 1.7056 3.6927 -7.9415 3.0813 55.5240 -2.8027 -3.6029
Car -1 -1 -2.6860 593.3018 186.0518 739.4485 244.3682 1.3876 1.5593 3.6123 1.4469 1.7724 19.4681 -2.6139 -3.6814
Car -1 -1 -5.3934 921.6489 178.0835 1015.5371 217.9556 1.5903 1.6525 3.7287 15.4099 1.8314 31.3068 -4.9402 -3.7220
Car -1 -1 -4.0760 341.3855 190.4881 426.5921 224.5945 1.4163 1.6478 4.3347 -10.7981 2.3201 34.6764 -4.3762 -3.7685
Car -1 -1 -6.0698 1218.9410 165.7912 1241.0000 223.1336 1.5900 1.6447 3.8257 21.2619 1.3938 22.0506 -5.3096 -3.8353
Car -1 -1 -8.3723 618.0034 186.3689 685.7013 219.1874 1.4229 1.5758 3.8409 1.9288 2.1180 35.0580 -8.3185 -3.8874
Car -1 -1 -4.9280 723.2961 180.1368 746.3605 194.6796 1.3715 1.5613 3.3621 12.3211 2.1099 71.4777 -4.7584 -3.9590
Car -1 -1 -4.4845 382.7968 182.9040 413.1748 204.5946 1.7374 1.6505 3.8981 -18.0932 2.6234 61.6351 -4.7693 -4.0094
Car -1 -1 -4.6033 390.3458 185.3192 413.5214 202.7487 1.5110 1.6652 3.9625 -19.4930 2.7155 67.6426 -4.8832 -4.1834
Car -1 -1 -2.6872 619.6559 186.4859 764.9815 242.5035 1.4387 1.5976 3.9132 2.3195 1.8693 21.0857 -2.5801 -4.2313
Car -1 -1 -4.7006 400.3429 189.1889 433.8640 220.3445 1.4468 1.6191 4.2365 -10.1986 2.3605 38.1204 -4.9608 -4.2404
Car -1 -1 -3.6876 618.1133 186.2940 711.7719 221.6625 1.4516 1.6466 3.9196 2.4407 2.0864 32.4733 -3.6140 -4.3585
Car -1 -1 -5.4015 1057.5737 186.9592 1161.6163 224.1334 1.4705 1.6011 4.0285 22.1130 2.1403 32.1992 -4.8046 -4.3633
Car -1 -1 -7.5474 731.7109 184.7656 796.7663 219.6574 1.3979 1.7043 4.1919 7.0074 1.9741 32.6823 -7.3387 -4.6925
Car -1 -1 -4.6605 368.6156 184.8979 393.3740 203.1423 1.4169 1.7846 4.3320 -19.4786 2.4805 61.4199 -4.9667 -4.8408
Car -1 -1 -4.5520 405.2462 184.1790 430.4105 202.8218 1.6474 1.7067 3.8349 -18.1428 2.7484 68.1734 -4.8115 -4.9421
Car -1 -1 -4.9197 754.4511 179.7494 784.1976 199.9588 1.5624 1.5902 3.9446 12.9853 2.1459 59.1096 -4.7050 -4.9586
Car -1 -1 -4.9401 322.3895 183.9430 386.1386 224.8499 1.5431 1.6604 4.0946 -10.9341 2.0460 30.5676 -5.2813 -5.0106
Car -1 -1 -5.1861 1101.4885 186.2491 1183.9773 222.9966 1.4794 1.4493 3.6476 23.7382 2.1153 32.3567 -4.5580 -5.3924
Car -1 -1 -4.9393 580.3818 182.9818 614.6215 204.8574 1.4879 1.6636 3.9738 -0.9917 2.2639 53.1766 -4.9584 -5.5879
Car -1 -1 -4.8617 586.5065 182.2611 611.9781 200.5259 1.4885 1.6605 3.8510 -0.9932 2.3353 62.9350 -4.8779 -5.6154
Car -1 -1 -4.4841 779.5461 181.0908 815.8894 204.6740 1.5596 1.6341 4.0812 13.3860 2.1714 51.4318 -4.2314 -5.6166
Car -1 -1 -7.4373 647.8755 184.4383 701.1398 216.8032 1.5291 1.4503 3.5171 3.3422 2.1586 37.3332 -7.3494 -5.6541
Car -1 -1 -5.0541 785.0543 182.7996 830.5120 208.7779 1.4572 1.5450 3.5378 11.8881 2.0843 43.6943 -4.7907 -5.7922
Car -1 -1 -4.4035 227.2624 170.8084 271.8084 196.1351 1.5679 1.5155 3.7000 -23.2601 1.4410 46.6121 -4.8642 -5.8352
Car -1 -1 -4.4785 583.4793 180.3557 626.8136 208.1144 1.4988 1.6390 4.0980 -0.2666 1.9611 42.3174 -4.4854 -5.8537
Car -1 -1 -4.7712 588.6807 181.6312 624.8610 213.2162 1.5021 1.6337 4.0421 -0.2564 1.9836 37.5366 -4.7786 -5.8810
Car -1 -1 -4.7681 593.6736 179.6532 621.2988 203.8448 1.5046 1.6121 3.9404 -0.2369 1.9758 48.0247 -4.7735 -5.8867
Car -1 -1 -5.7788 0.0000 191.7569 74.0846 374.0000 1.4310 1.7808 4.1231 -5.3810 1.5669 3.4933 -6.7384 -5.9282
Car -1 -1 -7.3276 0.0000 94.1701 352.2003 374.0000 1.6315 1.7922 4.2697 -2.6059 1.5306 3.1524 -7.9785 -5.9337
Car -1 -1 -4.4097 432.1245 187.1195 485.6317 216.6972 1.4952 1.6989 4.5498 -8.5615 2.3536 41.0865 -4.6144 -6.0316
Car -1 -1 -4.3216 131.4038 169.9288 185.9907 197.2343 1.7171 1.6288 4.0243 -29.6580 1.5328 47.4921 -4.8775 -6.3156
Car -1 -1 -7.7681 1241.0000 144.1730 1241.0000 374.0000 1.4596 1.7335 4.6460 6.1743 1.3441 4.9512 -6.9020 -6.8008
Car -1 -1 -2.8909 0.0000 194.7300 183.3817 373.4712 1.4070 1.3209 3.4222 -6.4463 1.6702 7.3490 -3.5931 -7.2324
