Car -1 -1 -7.4659 848.7529 152.0903 1191.4701 357.5406 1.5920 1.7139 4.1172 4.3780 1.4308 7.5462 -6.9578 7.0490
Car -1 -1 -7.8330 559.3182 173.6580 669.3878 277.7812 1.5503 1.6463 3.6384 0.0511 1.5661 12.6095 -7.8303 6.5696
Car -1 -1 -4.1760 0.0000 169.9138 139.4007 284.4233 1.6514 1.6951 4.2021 -10.2590 1.6087 12.6025 -4.8490 4.8344
Car -1 -1 -7.4302 797.8763 174.3737 1011.0513 283.1819 1.3936 1.5463 4.1099 4.6742 1.4212 11.2764 -7.0472 4.1823
Car -1 -1 -7.7608 519.3722 175.6223 544.1854 195.1549 1.5752 1.7209 3.9105 -6.5732 1.8154 60.7142 -7.8686 3.0380
Car -1 -1 -7.7837 1132.7463 184.7932 1241.0000 374.0000 1.3557 1.5677 3.6389 4.3779 1.4536 4.1419 -7.0059 2.0607
Car -1 -1 -6.5298 327.4502 183.9284 405.5092 211.7689 1.4112 1.5451 3.7962 -13.3770 2.0442 39.5828 -6.8541 1.5786
Car -1 -1 -4.3905 465.6638 177.9807 499.7449 197.1263 1.5181 1.6485 3.9351 -10.6356 1.9615 60.3859 -4.5644 1.5171
Car -1 -1 -7.3698 687.1592 175.9216 745.8870 204.1059 1.5372 1.6807 4.0737 6.2053 1.7244 41.9616 -7.2245 0.7855
Car -1 -1 -7.3468 172.3589 168.2590 239.2017 206.0730 2.2096 1.7659 4.1694 -24.7269 1.9408 44.2475 -7.8540 -0.7541
Car -1 -1 -4.3797 665.6236 178.3486 712.9985 203.7848 1.4019 1.5960 3.9523 4.7175 1.7438 42.8139 -4.2712 -1.7542
Car -1 -1 -8.7767 1138.6367 168.3838 1241.0000 298.9926 1.3501 1.6022 3.9660 9.3862 1.3036 9.5442 -8.0152 -1.8767
Car -1 -1 -4.8576 430.2615 179.5687 467.0575 205.2464 1.4738 1.6324 4.2361 -10.1113 1.9122 44.8715 -5.0783 -1.9440
Car -1 -1 -7.4836 711.9146 175.6144 766.0657 204.4668 1.5434 1.6665 4.1381 7.3820 1.7092 41.2196 -7.3081 -1.9863
Car -1 -1 -2.1703 118.5805 185.3638 196.6016 214.8723 1.4800 1.6466 3.9385 -24.5209 2.1834 39.0436 -2.7283 -2.0029
Car -1 -1 -8.1708 940.8354 152.3699 989.9523 178.8400 1.5680 1.6587 3.6458 21.8972 0.3543 44.6603 -7.7176 -2.3518
Car -1 -1 -4.8323 724.0339 173.4788 754.9982 196.2450 1.5687 1.6815 4.2966 9.2616 1.6153 52.0278 -4.6575 -2.5769
Car -1 -1 -4.9517 774.7229 172.6559 808.9855 194.5145 1.5844 1.6197 3.8451 13.5926 1.5698 54.2278 -4.7077 -2.8546
Car -1 -1 -7.3422 169.2609 185.9567 230.3388 213.8794 1.4294 1.5866 3.1797 -22.7228 2.1848 40.0213 -7.8560 -3.1954
Car -1 -1 -7.8120 744.4472 177.3250 782.4289 210.9889 1.4073 1.5400 3.5596 6.9277 1.6208 32.5862 -7.6049 -3.3115
Car -1 -1 -5.9495 71.5711 179.7272 259.1877 241.4852 1.5124 1.5985 3.9256 -11.6801 1.7056 19.1235 -6.4919 -3.3281
Car -1 -1 -8.3177 825.6173 169.7420 884.9334 198.6960 1.6126 1.6638 3.9946 14.2594 1.4389 42.2794 -7.9949 -3.5193
Car -1 -1 -5.1899 773.0140 173.4031 824.5250 197.6904 1.4527 1.5722 3.7352 11.7438 1.4884 45.2448 -4.9379 -3.6538
Car -1 -1 -4.8929 753.9681 173.8272 782.4937 193.3995 1.4980 1.5625 3.7007 12.4984 1.5775 57.2862 -4.6796 -3.7882
Car -1 -1 -4.9084 415.0487 180.0137 445.6199 201.4982 1.5367 1.5598 3.7392 -13.7476 2.1020 54.9799 -5.1527 -4.1100
Car -1 -1 -4.4289 696.2922 174.1293 724.3361 190.6670 1.4924 1.6014 3.8088 9.3902 1.6150 67.4951 -4.2916 -4.2106
Car -1 -1 -8.0032 793.3552 174.5539 825.1039 196.9140 1.4728 1.5546 3.7691 13.6716 1.5944 49.7849 -7.7371 -4.3223
Car -1 -1 -8.0340 340.1316 174.7974 373.5349 200.2026 1.7134 1.6355 3.4177 -17.8954 1.8552 50.8429 -8.3710 -4.3857
Car -1 -1 -4.4451 478.9925 181.0932 511.5762 200.4616 1.3715 1.4906 3.8011 -8.6912 2.0188 54.7416 -4.6022 -4.8201
Car -1 -1 -4.6924 402.8501 180.8893 432.3266 206.5009 1.3906 1.6013 4.0535 -11.3756 1.8897 42.6883 -4.9516 -4.8650
Car -1 -1 -4.8001 506.7006 179.5365 536.8389 203.7516 1.5120 1.6249 4.4944 -6.0332 1.9849 48.7274 -4.9230 -5.0405
Car -1 -1 -4.9023 801.4439 172.0783 842.6548 197.0619 1.4997 1.6654 4.4757 13.3062 1.4529 45.6175 -4.6206 -5.1332
Car -1 -1 -4.5196 726.0931 176.1991 764.4008 201.5455 1.5391 1.6197 4.4983 8.7926 1.7670 46.8332 -4.3356 -5.3814
Car -1 -1 -4.6625 576.6064 176.8266 609.7737 202.5092 1.3411 1.6547 4.1934 -0.9322 1.5751 40.4493 -4.6859 -5.3940
Car -1 -1 -4.8804 569.5524 177.6772 615.2844 205.7676 1.3232 1.6747 4.0110 -0.9948 1.5835 36.8498 -4.9077 -5.5134
Car -1 -1 -5.1634 626.4196 179.9623 664.8832 199.7631 1.4714 1.5450 3.7714 2.7568 2.0539 57.1182 -5.1159 -5.6005
Car -1 -1 -8.2289 867.3117 147.5422 912.7935 179.9284 2.2855 1.6529 4.2756 20.4990 0.4989 53.0640 -7.8622 -5.7325
Car -1 -1 -4.7686 585.9410 177.0125 627.6069 210.3503 1.3886 1.6420 4.1229 -0.2462 1.5889 32.6902 -4.7766 -5.8311
Car -1 -1 -4.3423 597.7133 176.0109 654.9363 205.3777 1.4325 1.6316 4.1038 0.8808 1.6076 37.8790 -4.3197 -5.8867
Car -1 -1 -7.6405 415.3269 178.6443 496.0465 240.7689 1.5748 1.5629 3.1669 -4.2763 1.7491 20.1749 -7.8473 -6.2185
Car -1 -1 -7.6031 257.9827 173.5989 286.0585 191.5590 1.6769 1.5471 3.8256 -32.5636 1.7505 69.5606 -8.0397 -6.5522
