Car -1 -1 -4.1400 0.0000 189.4047 194.4517 273.5312 1.4308 1.6868 4.3485 -10.9182 1.8330 15.3439 -4.7504 7.6791
Car -1 -1 -7.9036 586.3683 175.1297 633.6462 217.1645 1.5496 1.6801 3.7688 -0.1045 1.6460 28.7352 -7.9078 6.7838
Car -1 -1 -7.1344 656.5526 171.7351 722.4511 201.3079 1.5098 1.6103 3.4852 4.2423 1.4524 38.6091 -7.0262 5.2511
Car -1 -1 -4.3540 365.7369 181.0994 421.0760 212.2981 1.4728 1.5789 3.4792 -11.0211 1.9134 36.7971 -4.6434 4.7571
Car -1 -1 -4.4774 398.9649 176.9965 446.3649 207.0304 1.6444 1.7007 4.4418 -10.9602 1.9001 42.3571 -4.7295 4.3297
Car -1 -1 -7.1450 639.5273 174.0774 697.6798 198.3463 1.4567 1.5907 3.7497 3.6822 1.5366 45.3849 -7.0650 2.4302
Car -1 -1 -7.5250 653.8546 170.6496 703.3121 199.6125 1.6329 1.6660 4.2019 4.0993 1.5083 42.9382 -7.4309 -0.3376
Car -1 -1 -7.5808 302.1055 165.2511 337.7391 184.5702 1.4481 1.6302 3.6810 -22.4954 0.8779 56.0032 -7.9613 -1.3987
Car -1 -1 -8.0981 773.1283 170.0818 804.9897 190.4158 1.5135 1.5598 3.5326 13.6990 1.3068 55.4726 -7.8575 -2.1579
Car -1 -1 -4.7550 78.2212 176.9397 108.7930 198.0386 1.5695 1.7767 4.4354 -40.7515 1.9041 56.8557 -5.3748 -2.2741
Car -1 -1 -7.8098 638.3651 172.3698 664.9427 196.1199 1.5649 1.6582 3.8480 2.8617 1.5327 49.5398 -7.7528 -2.4174
Car -1 -1 -5.2283 548.3336 177.4202 599.1187 201.6128 1.4868 1.5906 3.9092 -2.4493 1.7984 47.2028 -5.2803 -3.5854
Car -1 -1 -6.3985 727.1249 171.1691 796.7648 194.7887 1.5363 1.6974 4.3591 10.0187 1.4264 47.9699 -6.1942 -3.6307
Car -1 -1 -7.9147 887.2917 176.8891 929.5977 209.0437 1.3981 1.5926 3.6438 13.9023 1.5982 33.8517 -7.5285 -3.8045
Car -1 -1 -4.8532 774.5059 168.9633 798.6372 187.1883 1.7002 1.6937 4.0477 16.9309 1.3370 69.4101 -4.6151 -4.1436
Car -1 -1 -5.0481 734.2779 171.0080 761.4440 186.9679 1.5251 1.5535 3.4733 13.4751 1.3484 70.7833 -4.8610 -4.2356
Car -1 -1 -7.9420 617.3842 173.3242 647.5269 197.1944 1.5842 1.7129 4.2923 1.4860 1.6180 50.1655 -7.9130 -4.2595
Car -1 -1 -8.1144 845.7597 176.4978 897.4363 205.9547 1.4065 1.5411 3.7816 13.2625 1.6023 36.8821 -7.7722 -4.2847
Car -1 -1 -8.0116 824.9286 175.4121 866.7437 202.9079 1.4128 1.5803 3.7738 12.7923 1.5594 39.4305 -7.7005 -4.4335
Car -1 -1 -4.5496 504.1824 179.0824 546.3161 208.0690 1.4604 1.6218 4.2294 -4.6086 1.8190 39.4271 -4.6657 -4.7408
Car -1 -1 -5.1889 445.1886 178.8671 485.7329 198.3464 1.4602 1.6050 3.7660 -11.5279 1.9536 57.2755 -5.3870 -4.8372
Car -1 -1 -3.8818 1159.9177 161.7120 1241.0000 280.6633 1.6669 1.7169 3.9649 11.0064 1.5104 11.0292 -3.1112 -4.9316
Car -1 -1 -4.6178 456.0645 179.0557 488.3263 203.8203 1.4259 1.5915 3.9603 -8.5104 1.8267 44.6164 -4.8056 -4.9698
Car -1 -1 -2.2688 29.8866 175.9137 104.7056 198.5400 1.6644 2.1079 4.5928 -41.4042 1.9041 55.0446 -2.9115 -5.2540
Car -1 -1 -1.8517 41.0311 171.4119 92.2313 196.2924 1.5714 1.6343 4.0586 -35.7841 1.4801 47.4467 -2.4953 -5.5523
Car -1 -1 -7.7482 660.3317 171.8077 691.2012 194.5925 1.4823 1.6636 4.2268 4.4909 1.4139 49.1745 -7.6581 -5.7992
Car -1 -1 -4.0793 447.2658 177.7152 484.8647 194.8521 1.5513 1.5636 3.7887 -13.6541 2.0265 68.5265 -4.2755 -6.0328
Car -1 -1 -7.4001 356.8102 169.1380 392.7894 188.1626 1.8108 1.8487 3.8540 -23.0260 1.4568 70.7160 -7.7139 -6.7780
Car -1 -1 -4.0950 63.8146 181.2210 155.6947 217.1367 1.4857 1.5138 3.7464 -22.5334 1.8854 32.6114 -4.6960 -6.8410
Car -1 -1 -6.3670 564.3708 176.1532 617.6951 196.0339 1.4990 1.4953 4.0013 -1.5114 1.7578 55.6909 -6.3944 -8.0106
