Car -1 -1 -7.8493 580.8016 175.8827 635.6449 228.7260 1.5667 1.6419 3.6419 -0.1030 1.6724 23.4225 -7.8544 6.5447
Car -1 -1 -4.4426 355.7848 183.2261 416.5446 215.3883 1.4239 1.7389 4.4275 -10.9978 1.9679 35.6249 -4.7403 4.3055
Car -1 -1 -7.0564 636.4229 171.6905 683.1494 191.4288 1.5672 1.6544 3.7256 4.0724 1.4745 59.1269 -6.9883 1.5908
Car -1 -1 -4.4131 453.5164 179.5632 487.4812 198.8280 1.4407 1.5672 3.9190 -11.0827 1.9931 57.4091 -4.6033 1.3898
Car -1 -1 -7.2656 78.3081 165.4785 141.2772 198.9978 2.2402 1.7588 3.8360 -34.7156 1.7469 50.1525 -7.8687 1.2953
Car -1 -1 -4.5193 468.6688 177.0089 496.3507 196.8027 1.6388 1.5980 4.1763 -11.0670 2.0118 62.7243 -4.6935 0.8575
Car -1 -1 -7.5534 110.7022 169.9899 159.2695 198.0610 1.8781 1.7282 3.9759 -33.1548 1.6862 50.4237 -8.1328 -1.9936
Car -1 -1 -8.0900 620.8281 168.7271 650.3372 187.0893 1.6410 1.7388 4.4167 2.3071 1.2719 66.8187 -8.0559 -2.2672
Car -1 -1 -8.1440 868.2769 170.6937 926.2366 203.0786 1.4610 1.5677 3.6617 13.5943 1.3632 34.4403 -7.7713 -2.3515
Car -1 -1 -8.0422 806.1547 168.8358 845.1385 194.8601 1.5457 1.6049 3.9041 13.3229 1.3067 44.8765 -7.7557 -2.9255
Car -1 -1 -4.8782 424.8832 180.7919 452.1141 199.9748 1.4483 1.5229 3.8433 -13.9001 2.1115 58.2512 -5.1118 -3.3321
Car -1 -1 -4.7577 343.3201 182.4257 389.3948 223.0697 1.5693 1.6950 4.0710 -10.5960 2.0108 31.1015 -5.0839 -3.3995
Car -1 -1 -3.1239 763.2410 168.7005 852.6962 197.8652 1.5513 1.7801 4.6660 10.8773 1.3301 39.8839 -2.8599 -3.6041
Car -1 -1 -4.5667 481.2798 181.4138 522.7425 211.8483 1.4534 1.5936 3.7775 -5.5839 1.9193 37.4098 -4.7143 -3.6550
Car -1 -1 -4.9974 784.0319 165.7161 826.3734 189.8245 1.5809 1.7229 4.0102 13.2584 1.1126 49.3414 -4.7367 -3.7312
Car -1 -1 -7.1627 134.4623 167.8789 189.7691 190.7295 1.7164 1.6714 3.7122 -34.8174 1.3424 56.1520 -7.7158 -3.8418
Car -1 -1 -5.0243 825.0582 167.6057 879.7268 197.9345 1.5935 1.6803 4.0765 13.3073 1.3175 39.9552 -4.7053 -3.8469
Car -1 -1 -4.5002 482.8848 177.9525 512.8041 196.9166 1.5560 1.6937 4.3181 -9.7098 2.0136 62.5936 -4.6538 -3.9254
Car -1 -1 -5.6899 481.7261 179.2870 544.8333 203.2955 1.5511 1.6791 4.0043 -6.6244 2.0034 49.1343 -5.8236 -3.9676
Car -1 -1 -5.2742 467.9375 181.2937 547.7782 218.2393 1.4952 1.6375 4.0066 -4.6554 1.8955 32.1965 -5.4172 -4.2634
Car -1 -1 -4.6973 710.2533 168.7927 735.2126 192.5309 1.5572 1.6223 3.8931 7.7077 1.2905 49.3877 -4.5438 -4.3442
Car -1 -1 -8.0703 769.2189 164.3292 802.8688 185.3890 1.5397 1.6700 3.8957 13.2756 0.9162 54.7171 -7.8338 -4.4420
Car -1 -1 -4.7878 397.3903 183.3111 424.3432 204.5724 1.3641 1.5279 3.8216 -13.9622 2.1236 50.3726 -5.0572 -4.7780
Car -1 -1 -6.3734 704.8102 168.8165 770.3296 190.5691 1.6409 1.8314 4.8158 9.7407 1.3360 55.5385 -6.2010 -4.8431
Car -1 -1 -3.3296 755.2758 167.8173 851.7549 196.2134 1.4742 1.7408 4.7238 10.2157 1.2124 38.4915 -3.0724 -4.8474
Car -1 -1 -4.7056 405.2551 182.4575 439.4595 214.7158 1.4606 1.5650 3.9153 -9.3844 1.9673 36.0032 -4.9592 -4.8641
Car -1 -1 -4.9770 158.1358 182.6468 219.0154 221.1366 1.5475 1.4526 3.4670 -18.5455 2.0001 31.6284 -5.5039 -5.1201
Car -1 -1 -5.0795 449.3997 176.9129 491.3165 199.8734 1.6285 1.8173 3.8528 -10.5212 1.9441 54.0401 -5.2713 -5.1662
Car -1 -1 -4.9534 587.8347 177.0261 639.2138 206.2592 1.4034 1.6641 4.3914 0.0757 1.6341 37.6334 -4.9520 -5.3039
Car -1 -1 -4.8347 510.3605 176.0761 548.2360 206.2293 1.5712 1.6284 3.8232 -4.5648 1.7591 40.0844 -4.9479 -5.3228
Car -1 -1 -4.4178 675.0221 168.9931 706.2634 188.6690 1.6695 1.7347 3.6695 7.0746 1.3416 63.2490 -4.3072 -5.4255
Car -1 -1 -7.8302 704.4577 170.8252 725.3652 191.0453 1.6226 1.6379 3.3464 8.6747 1.4595 59.6870 -7.6869 -5.4986
Car -1 -1 -4.9749 365.6904 179.3595 402.8192 199.7431 1.3987 1.5935 4.1041 -16.6612 1.8962 53.0509 -5.2781 -5.6080
Car -1 -1 -4.8636 587.0902 174.2302 618.2119 194.7538 1.4336 1.6726 4.0970 -0.6088 1.5382 52.8481 -4.8755 -5.6918
Car -1 -1 -4.4480 359.9248 181.6396 400.1143 205.2833 1.5062 1.6179 4.0790 -15.7758 2.1347 49.5757 -4.7549 -5.6944
Car -1 -1 -4.6839 611.5619 174.7950 634.6736 194.6507 1.3869 1.5832 3.9441 0.9609 1.5340 52.7959 -4.6662 -5.8437
Car -1 -1 -4.3400 389.2533 178.9136 430.1552 199.3191 1.4138 1.5973 3.8937 -14.7477 1.8773 53.2090 -4.6095 -5.8867
Car -1 -1 -7.1814 90.8831 162.8480 158.0038 192.1485 2.1496 1.9654 4.3621 -37.0706 1.4152 55.1893 -7.7708 -5.9269
Car -1 -1 -5.1272 451.3746 177.0724 497.8306 202.5875 1.7019 1.6805 4.1909 -9.6529 2.0130 51.0603 -5.3135 -5.9668
Car -1 -1 -8.1974 779.8122 172.0849 827.2119 197.9240 1.5304 1.5771 3.9838 11.9136 1.4845 44.7862 -7.9394 -6.0022
Car -1 -1 -7.3089 1241.0000 165.6487 1241.0000 289.4743 1.3950 1.5979 4.1923 10.8532 1.3135 9.2874 -6.4617 -6.2062
Car -1 -1 -4.7635 444.9878 177.4420 466.3759 195.6281 1.4777 1.5824 4.1618 -13.3030 1.8855 61.9613 -4.9744 -6.2071
Car -1 -1 -5.0349 1241.0000 179.9556 1241.0000 374.0000 1.3082 1.5987 3.6747 5.0647 1.3665 3.9697 -4.1645 -6.5137
