Car -1 -1 -7.6074 884.3131 176.2795 1133.2610 343.0040 1.3983 1.5441 4.0219 4.6034 1.4461 8.1348 -7.1086 6.6849
Car -1 -1 -7.8595 558.7027 173.8614 675.8585 283.9688 1.5682 1.6747 3.7255 0.0420 1.5875 12.1764 -7.8574 5.9168
Car -1 -1 -7.6070 1040.4504 109.8625 1241.0000 374.0000 1.6046 1.7038 3.9518 4.3724 1.3943 4.1630 -6.8320 2.6664
Car -1 -1 -4.5859 498.0578 171.2426 532.7255 200.4623 1.9419 1.8111 4.7627 -6.5744 1.8345 50.3374 -4.7155 1.6699
Car -1 -1 -4.6522 459.8865 179.3850 483.5849 199.0376 1.4616 1.6055 3.9929 -10.9403 1.9972 57.1284 -4.8409 1.2353
Car -1 -1 -7.3829 691.8543 177.2888 756.8690 208.4371 1.5547 1.7144 4.2698 6.1793 1.8071 38.8809 -7.2270 1.1974
Car -1 -1 -5.7577 56.2764 187.3836 154.4711 219.3313 1.4791 1.5904 3.6185 -24.5938 2.2065 35.1985 -6.3642 1.1669
Car -1 -1 -7.8888 301.7191 185.6812 337.8872 215.9208 1.3853 1.5834 4.0001 -14.9691 2.0814 37.0265 -8.2708 -1.4284
Car -1 -1 -4.7472 751.1489 177.1197 796.0342 217.5067 1.4808 1.5946 3.9853 6.4662 1.6645 29.0046 -4.5306 -2.1712
Car -1 -1 -4.7189 948.0698 170.1001 978.7183 197.1711 1.5219 1.5599 3.6067 20.7631 1.3668 42.5277 -4.2678 -2.4934
Car -1 -1 -4.6412 799.9840 173.5593 831.0088 200.0657 1.6361 1.6524 4.2628 13.3732 1.6839 46.9434 -4.3657 -2.5152
Car -1 -1 -7.9052 737.1265 178.4492 764.0259 200.5001 1.3928 1.5725 3.7673 9.3899 1.7843 48.5513 -7.7158 -2.5245
Car -1 -1 -6.0290 352.9551 167.4042 408.2504 190.4677 1.8808 1.7174 4.0668 -19.0020 1.4361 59.8039 -6.3356 -2.7157
Car -1 -1 -3.1591 898.4181 170.4133 1084.0127 230.0055 1.5203 1.6523 4.4076 10.4241 1.4578 20.1171 -2.6874 -2.8139
Car -1 -1 -7.4632 718.1079 176.9520 775.8201 208.4714 1.5386 1.6158 3.9009 7.1909 1.7650 37.8363 -7.2773 -3.1064
Car -1 -1 -8.0439 824.1346 175.5117 866.3635 202.4852 1.4844 1.6040 3.9932 13.6600 1.6472 42.1951 -7.7333 -3.1094
Car -1 -1 -9.0802 0.0000 0.0000 1241.0000 374.0000 1.5492 1.6643 4.0893 3.5331 1.3725 1.0653 -7.8765 -3.1809
Car -1 -1 -4.8950 688.6531 175.4060 714.8264 193.8622 1.5176 1.5615 3.7364 7.7960 1.7425 61.7675 -4.7704 -3.5503
Car -1 -1 -7.2860 670.3698 178.2785 734.9523 206.5290 1.4556 1.6249 4.0735 5.1540 1.7721 40.0624 -7.1595 -3.6544
Car -1 -1 -2.3477 392.5315 183.0797 463.2851 210.0891 1.4795 1.6253 4.1272 -10.8128 2.1084 42.6288 -2.5950 -3.6912
Car -1 -1 -6.0439 0.0000 181.7129 180.3638 260.2233 1.5141 1.5269 3.7977 -11.6978 1.7238 15.6722 -6.6772 -3.7058
Car -1 -1 -4.6571 456.7718 178.2517 497.0897 215.3235 1.6011 1.6394 3.9927 -6.2266 1.8696 33.8527 -4.8381 -3.8969
Car -1 -1 -4.9244 894.4549 174.0423 952.9574 206.0614 1.4588 1.7072 4.4354 15.2495 1.5206 35.3860 -4.5209 -3.9833
Car -1 -1 -2.9658 752.0692 174.8140 829.3511 199.7437 1.4646 1.6715 4.3806 11.0538 1.5891 44.3026 -2.7233 -4.0879
Car -1 -1 -6.7436 99.7822 160.2694 169.5357 188.5233 2.0560 1.7813 4.0467 -36.0023 1.1399 54.7005 -7.3236 -4.2555
Car -1 -1 -4.4106 703.3423 174.5231 734.9627 192.6251 1.4940 1.6113 3.8839 9.3910 1.6421 62.0364 -4.2614 -4.2735
Car -1 -1 -7.6599 266.6550 181.7716 330.6191 225.4146 1.5013 1.5974 3.3722 -11.7794 1.8618 27.3781 -8.0631 -4.5917
Car -1 -1 -2.4959 367.6573 176.6471 531.9202 251.6203 1.5494 1.7207 3.3029 -3.7106 1.6437 16.5271 -2.7141 -4.6384
Car -1 -1 -9.0300 0.0000 0.0000 1241.0000 374.0000 1.4450 1.5043 3.3882 1.9018 1.3774 0.4006 -7.8086 -5.1266
Car -1 -1 -2.3726 389.9827 183.7954 453.5096 210.2933 1.3997 1.5457 3.3463 -10.7002 2.0414 40.8436 -2.6276 -5.2244
Car -1 -1 -4.7017 571.9394 177.1880 609.5015 208.9980 1.3667 1.6430 4.0581 -0.9207 1.5805 33.5996 -4.7294 -5.3648
Car -1 -1 -4.7509 576.6386 177.2073 611.4594 205.1740 1.3501 1.6437 4.0796 -0.9177 1.5891 37.5702 -4.7757 -5.4384
Car -1 -1 -4.7099 585.7018 177.2958 615.5437 203.2828 1.4005 1.6373 4.0465 -0.5761 1.6689 41.6140 -4.7242 -5.7578
Car -1 -1 -4.6974 592.7524 177.8578 635.0805 214.4022 1.4349 1.6970 4.1908 0.1523 1.6644 31.0201 -4.6932 -5.8418
Car -1 -1 -4.7099 593.6606 176.6157 619.5357 199.8888 1.4000 1.5795 3.9502 -0.2496 1.6500 46.0218 -4.7158 -5.8867
Car -1 -1 -4.4310 592.7624 176.0775 646.8469 207.4397 1.4157 1.6170 3.8856 0.4970 1.5815 35.0940 -4.4175 -5.8867
Car -1 -1 -4.4391 602.9120 176.6390 645.4913 201.8760 1.4680 1.6287 3.9840 0.8954 1.7137 44.7552 -4.4197 -5.8867
Car -1 -1 -4.9820 611.1602 177.4219 651.5807 199.8643 1.4196 1.6472 4.2630 1.3615 1.7427 48.8296 -4.9548 -5.9234
