Car -1 -1 -7.8846 584.0779 176.4975 633.5757 223.6926 1.5775 1.6711 3.7292 -0.1517 1.7196 26.3038 -7.8911 6.8365
Car -1 -1 -4.3476 241.6076 188.3901 340.6890 235.1436 1.4041 1.7606 4.2211 -11.0547 1.9936 25.2439 -4.7569 6.2513
Car -1 -1 -7.0523 641.7982 172.8817 699.9694 197.2177 1.5831 1.6448 3.8675 4.1093 1.5847 48.8021 -6.9692 3.8643
Car -1 -1 -4.5256 438.8469 180.4272 473.5757 203.3073 1.5520 1.7028 4.3036 -11.1786 2.1261 52.5510 -4.7346 3.4800
Car -1 -1 -4.3536 415.3583 182.9044 458.5219 207.6261 1.4946 1.5984 3.5145 -11.2484 2.1741 46.9635 -4.5878 1.5850
Car -1 -1 -7.3016 629.0170 175.4072 672.8447 195.3564 1.4682 1.5987 3.8442 3.1631 1.6720 55.6573 -7.2455 -0.0770
Car -1 -1 -7.7861 847.7598 175.4942 882.5491 203.2267 1.4096 1.5444 3.5959 13.7868 1.5592 39.0034 -7.4491 -1.1466
Car -1 -1 -8.1107 876.6984 173.5317 924.2023 201.7035 1.4732 1.5495 3.5745 15.8768 1.5119 39.6882 -7.7331 -1.8959
Car -1 -1 -8.0904 818.2975 171.4583 860.0208 198.8652 1.5196 1.5203 3.4574 13.1817 1.4419 41.7815 -7.7871 -2.0590
Car -1 -1 -5.0471 535.5389 176.0282 566.6555 193.0687 1.4923 1.6093 4.0150 -5.4549 1.7926 66.1555 -5.1294 -2.9164
Car -1 -1 -8.1770 550.1960 176.3610 580.2657 193.0953 1.4749 1.6282 3.8426 -4.1817 1.8082 66.5538 -8.2398 -3.0604
Car -1 -1 -2.4574 605.6846 176.0271 663.1310 197.1796 1.4771 1.6356 4.0975 1.7319 1.7182 52.9361 -2.4253 -3.3948
Car -1 -1 -7.6839 350.3066 172.2726 377.3904 190.8524 1.6827 1.7265 4.1026 -23.0105 1.6297 67.5075 -8.0114 -3.4111
Car -1 -1 -7.2554 0.0000 170.3477 23.3982 199.8477 1.5998 1.7085 3.1414 -35.2145 1.4635 40.7838 -7.9646 -3.8347
Car -1 -1 -7.9304 799.7491 170.9125 849.4791 210.6938 1.5191 1.6433 3.7789 8.6819 1.4447 29.5707 -7.6479 -3.8606
Car -1 -1 -8.0752 862.3749 173.6471 920.1519 205.8790 1.4479 1.6723 4.2560 13.4147 1.4882 34.7469 -7.7100 -3.8801
Car -1 -1 -4.4344 148.0407 178.7738 184.2056 197.1783 1.5977 1.8174 3.9033 -40.6493 2.1574 66.1281 -4.9839 -3.9148
Car -1 -1 -7.8974 495.4335 180.0918 526.6758 209.5870 1.5228 1.5572 3.7066 -5.5838 1.9452 40.1786 -8.0350 -3.9893
Car -1 -1 -4.9239 605.6257 176.3923 633.6186 195.5528 1.5191 1.5825 3.6637 0.7412 1.8221 59.8809 -4.9120 -4.0759
Car -1 -1 -8.1434 794.5587 172.1576 839.6599 198.6227 1.4688 1.5483 3.5554 11.9156 1.4298 41.8322 -7.8682 -4.2971
Car -1 -1 -7.1007 20.9597 167.5559 92.0692 192.7281 1.5265 1.6284 3.4677 -34.9058 1.2049 45.5648 -7.7517 -4.3246
Car -1 -1 -7.8274 966.3314 178.5086 1019.3069 220.8232 1.2930 1.4865 3.5447 12.9619 1.4994 24.4688 -7.3456 -4.3673
Car -1 -1 -4.4787 497.1479 180.3930 537.8118 207.4960 1.5940 1.6692 4.0143 -5.8380 2.0928 45.6806 -4.6056 -4.4142
Car -1 -1 -6.8526 1231.0438 171.1803 1241.0000 251.1117 1.4286 1.5740 3.7483 14.7436 1.3984 14.0861 -6.0551 -4.4329
Car -1 -1 -3.1024 832.3013 171.9685 969.9872 216.7378 1.5481 1.6735 4.5797 10.6427 1.5171 26.6385 -2.7266 -4.5112
Car -1 -1 -4.4114 624.0327 174.2127 656.5024 193.5202 1.5448 1.6093 3.9505 2.5340 1.6618 60.1599 -4.3699 -4.5263
Car -1 -1 -4.6563 568.3215 178.4555 597.8229 205.4234 1.5422 1.5693 4.5231 -1.6492 1.9049 44.4826 -4.6936 -4.5698
Car -1 -1 -2.9204 786.9965 172.1094 876.7344 201.6935 1.4361 1.6146 4.1163 11.2387 1.3996 36.7422 -2.6262 -4.6422
Car -1 -1 -4.0236 0.0000 158.1917 51.5561 189.5177 1.8590 1.6933 3.7108 -36.8952 0.9886 44.6754 -4.7110 -4.8370
Car -1 -1 -6.3919 739.4724 172.9789 820.5511 212.0744 1.5051 1.5180 2.9850 6.6682 1.5099 28.7106 -6.1664 -4.8477
Car -1 -1 -4.8210 223.8576 171.1525 260.4985 195.6742 1.5226 1.7423 3.5673 -23.9023 1.4166 46.7713 -5.2913 -4.8535
Car -1 -1 -7.3381 254.6219 186.4794 410.7464 270.4812 1.5173 1.6172 3.4238 -5.8189 1.8429 15.4421 -7.6935 -4.9272
Car -1 -1 -4.2456 601.3767 177.9039 648.9457 199.6716 1.4248 1.6208 4.1844 1.0780 1.7934 50.4887 -4.2249 -5.1070
Car -1 -1 -4.7988 473.4453 182.5288 504.9155 207.5865 1.4751 1.6397 4.1100 -7.8366 2.1259 46.3656 -4.9657 -5.1558
Car -1 -1 -4.8089 695.7448 168.0735 718.5040 189.1926 1.7511 1.5986 3.3735 8.2322 1.3544 61.5404 -4.6768 -5.4739
Car -1 -1 -4.2093 513.0063 181.0143 558.8317 204.0909 1.5643 1.5686 4.0453 -5.3823 2.1835 52.6116 -4.3112 -5.5913
Car -1 -1 -5.0023 487.1621 178.3011 522.3917 198.0376 1.4479 1.6138 4.0973 -8.2818 1.8896 56.3457 -5.1479 -5.8867
Car -1 -1 -4.7276 131.9311 179.6277 155.6281 198.5733 1.5816 1.7072 4.3026 -41.4742 2.2045 64.1177 -5.3001 -5.9940
Car -1 -1 -4.7685 568.5618 176.8832 587.2213 194.2061 1.5546 1.5365 3.6682 -3.0491 1.9421 67.5420 -4.8138 -6.0932
Car -1 -1 -5.9552 41.9864 173.2748 157.8101 222.5426 1.8028 1.4753 3.3177 -19.4584 1.8193 27.5926 -6.5650 -8.0843
