Car -1 -1 -4.3560 123.0824 168.7613 262.4758 244.7727 1.6798 1.6486 4.1457 -10.3193 1.5891 18.1212 -4.8677 7.2672
Car -1 -1 -4.1135 0.0000 179.8118 178.8336 278.6894 1.4678 1.6081 3.7946 -9.6537 1.6105 12.9048 -4.7460 7.2076
Car -1 -1 -7.8561 562.3245 174.7582 655.7563 262.3824 1.5492 1.6632 3.6255 -0.0873 1.5924 14.6563 -7.8630 6.1197
Car -1 -1 -7.2446 737.6010 164.5470 948.6763 264.9058 1.5854 1.7037 4.0549 4.3276 1.4539 13.3082 -6.9375 6.0139
Car -1 -1 -7.4242 812.2505 176.4868 1069.1340 304.6043 1.3983 1.6849 4.1196 4.6444 1.4582 9.9766 -7.0005 5.8370
Car -1 -1 -7.6369 960.5547 170.6553 1241.0000 374.0000 1.4745 1.5859 3.5608 4.4716 1.4608 6.1617 -7.0323 5.0054
Car -1 -1 -7.3806 727.8563 176.4308 867.8476 242.8151 1.3706 1.5870 3.9748 4.5007 1.4652 17.1279 -7.1286 1.3872
Car -1 -1 -8.5911 648.2659 178.0446 724.6478 208.8826 1.4546 1.6334 3.9524 3.8021 1.7340 36.8078 -8.4896 0.9569
Car -1 -1 -7.8654 602.3130 174.0947 620.0092 190.3370 1.5149 1.6556 4.0169 0.0679 1.6378 69.6239 -7.8647 0.7871
Car -1 -1 -7.3496 220.8062 166.0742 277.3159 196.8804 2.0403 1.7340 4.0749 -24.8961 1.5910 49.8618 -7.8107 -0.6173
Car -1 -1 -6.5229 359.9583 184.5135 436.2739 209.2276 1.4375 1.5998 4.3565 -13.3554 2.2002 45.4341 -6.8076 -0.9783
Car -1 -1 -4.0188 695.4643 177.0220 769.6506 207.0948 1.4543 1.6108 3.9895 6.3376 1.6807 37.3344 -3.8525 -1.5115
Car -1 -1 -4.0243 1060.2212 165.2527 1178.0764 205.6311 1.4631 1.6108 3.8279 19.2969 1.1874 27.4404 -3.4167 -1.9648
Car -1 -1 -3.8809 861.0442 165.0553 927.7384 195.6237 1.5209 1.6554 2.8208 14.6024 1.1326 37.1793 -3.5096 -2.0351
Car -1 -1 -8.2142 838.5544 152.7400 879.0735 176.5573 1.8753 1.7396 4.2262 20.2438 0.2913 58.9507 -7.8850 -2.4322
Car -1 -1 -7.9490 665.5129 176.0014 695.3325 200.1353 1.5425 1.6380 3.7039 4.6581 1.7616 48.4516 -7.8542 -3.0035
Car -1 -1 -7.5422 715.0172 172.9473 759.1605 199.0113 1.5912 1.6466 3.9880 8.1482 1.5972 46.2136 -7.3692 -3.0554
Car -1 -1 -7.9388 697.9877 176.2253 727.5405 199.7132 1.4342 1.5661 3.6838 6.5474 1.6598 46.4792 -7.8001 -3.1753
Car -1 -1 -4.8160 467.0134 178.6356 488.5012 195.4117 1.4564 1.5600 3.6556 -12.1363 2.0006 65.9735 -4.9975 -3.5932
Car -1 -1 -5.0163 448.3198 178.8932 486.5346 200.1667 1.4424 1.5932 3.9813 -10.3925 1.8973 52.2589 -5.2120 -3.7770
Car -1 -1 -8.6207 986.9875 178.1607 1210.6182 262.1619 1.4120 1.5447 3.6307 9.3836 1.5311 14.3032 -8.0501 -4.1144
Car -1 -1 -7.7571 730.7812 174.8747 786.8114 218.2393 1.4134 1.6171 3.6640 5.3103 1.4906 25.6906 -7.5561 -4.2878
Car -1 -1 -7.6946 406.5544 167.8767 432.9652 190.1792 2.0913 1.8295 4.1838 -18.3908 1.6243 69.8289 -7.9514 -4.2898
Car -1 -1 -5.6722 1175.4591 190.8913 1241.0000 342.8681 1.3648 1.5151 3.4028 9.0259 1.6276 8.7158 -4.8867 -4.2973
Car -1 -1 -4.8509 743.1259 175.1492 789.8622 207.7190 1.4743 1.6206 4.3381 7.5209 1.5931 35.1952 -4.6425 -4.3139
Car -1 -1 -3.1693 896.6616 152.0759 958.3434 174.1576 1.5858 1.7038 4.1159 23.3962 0.0933 53.3778 -2.7582 -4.3895
Car -1 -1 -4.6115 490.7230 177.4450 514.3889 196.2968 1.5100 1.5858 3.9144 -9.0394 1.9089 60.7551 -4.7589 -4.6432
Car -1 -1 -4.4330 275.2276 181.7768 329.0586 211.1539 1.4116 1.5906 3.8601 -16.1367 1.9049 37.9047 -4.8333 -4.7321
Car -1 -1 -5.6249 739.0590 178.7813 868.4565 227.7927 1.3953 1.6260 3.7669 6.0416 1.6003 23.0083 -5.3719 -5.0251
Car -1 -1 -4.9651 938.1249 185.3668 1078.0232 270.6152 1.3949 1.5289 3.4599 7.6060 1.6732 14.2100 -4.4831 -5.1530
Car -1 -1 -4.7001 745.6296 172.1049 774.9978 201.6111 1.7903 1.7518 3.6127 9.5063 1.7445 45.7306 -4.4969 -5.3899
Car -1 -1 -4.6252 315.2725 178.5583 357.1888 208.0617 1.3259 1.5591 4.2348 -13.4623 1.6245 35.5463 -4.9851 -5.5130
Car -1 -1 -4.6528 575.0365 176.5773 608.8719 203.0395 1.3717 1.6383 4.1382 -0.9925 1.5891 40.0874 -4.6778 -5.6117
Car -1 -1 -9.1461 0.0000 0.0000 1241.0000 374.0000 1.4502 1.4920 3.5115 4.3184 1.4376 1.3609 -7.9412 -5.6241
Car -1 -1 -4.7972 604.0002 176.4099 639.2996 203.6053 1.4034 1.5926 4.1619 0.5574 1.6103 39.9239 -4.7838 -5.9543
Car -1 -1 -5.0000 671.6762 175.6208 714.4146 201.7279 1.5606 1.7055 3.6296 5.1514 1.7421 45.4779 -4.8884 -6.0800
Car -1 -1 -8.2782 1001.9493 170.1812 1112.7682 216.7110 1.3655 1.5492 3.8271 14.1626 1.2868 23.1667 -7.7355 -6.2257
