Car -1 -1 -4.2436 0.0000 165.1486 186.2528 266.1033 1.6805 1.6508 4.2119 -10.2055 1.5519 14.2139 -4.8577 7.3254
Car -1 -1 -7.8181 559.7339 171.0150 666.0152 270.8879 1.5585 1.6643 3.6261 0.0581 1.5295 13.1038 -7.8150 7.1680
Car -1 -1 -7.3772 807.2004 150.4341 1099.8032 307.8484 1.5916 1.6710 4.1781 4.4632 1.3646 9.2324 -6.9400 5.8888
Car -1 -1 -7.6796 971.9590 178.6261 1241.0000 374.0000 1.3485 1.5889 3.6902 4.3876 1.4100 5.8627 -7.0615 4.3801
Car -1 -1 -7.3900 767.9153 171.0264 960.0851 264.8204 1.4321 1.6099 4.1254 4.6483 1.4039 13.0322 -7.0552 3.5571
Car -1 -1 -4.4237 470.8258 174.9347 501.9164 193.3202 1.5193 1.5999 3.8781 -10.6254 1.7039 62.1016 -4.5928 1.0469
Car -1 -1 -7.0936 687.5115 172.4451 749.5201 200.3835 1.6016 1.7682 3.4630 6.4660 1.5779 43.1259 -6.9462 0.9170
Car -1 -1 -4.5549 526.0150 169.1229 552.7580 187.2516 1.6146 1.7991 4.3117 -6.4878 1.2820 66.4700 -4.6521 0.6724
Car -1 -1 -6.5731 336.4041 181.5943 433.1664 208.6543 1.4294 1.6668 5.0575 -12.9648 1.9581 41.5723 -6.8739 -0.8259
Car -1 -1 -7.8631 763.2131 172.9436 799.2097 205.6256 1.4406 1.5525 2.9434 7.8630 1.4447 33.4201 -7.6344 -1.3178
Car -1 -1 -8.2473 706.2443 174.1148 770.9843 206.7950 1.4436 1.5846 4.0067 5.9690 1.5067 34.1662 -8.0763 -2.4660
Car -1 -1 -7.7854 768.3310 168.2109 791.9366 187.3814 1.5037 1.6146 3.8646 13.8367 1.1392 58.6814 -7.5552 -2.4859
Car -1 -1 -7.4365 663.8873 174.7190 712.6918 199.3234 1.4477 1.6196 3.7909 4.8693 1.5686 44.8123 -7.3294 -2.8438
Car -1 -1 -6.4608 861.1617 154.1432 951.4681 182.7682 1.6011 1.7239 4.5864 16.9949 0.5542 41.6731 -6.0761 -2.8576
Car -1 -1 -2.9550 742.9622 168.3252 820.6165 194.9139 1.6685 1.7091 4.6880 11.1496 1.3840 47.0089 -2.7239 -3.1645
Car -1 -1 -2.2096 0.0000 176.0712 25.7412 294.1186 1.5203 1.6537 3.9964 -11.0443 1.5713 10.4321 -3.0106 -3.6863
Car -1 -1 -4.9629 799.8134 168.2013 841.0627 193.6947 1.5781 1.6597 3.7662 13.4947 1.2898 46.5722 -4.6829 -3.8636
Car -1 -1 -6.8098 0.0000 186.9552 52.5922 262.3870 1.3932 1.5162 3.7023 -14.9286 1.7458 16.0650 -7.5503 -4.2937
Car -1 -1 -8.1268 746.0827 168.5472 778.2773 187.0836 1.4610 1.5906 3.8097 12.3390 1.1212 58.8231 -7.9213 -4.3356
Car -1 -1 -7.5954 122.7941 175.5064 205.6262 222.9944 1.5738 1.6174 3.8201 -16.1173 1.6774 26.2037 -8.1425 -4.6752
Car -1 -1 -8.2681 974.8659 166.1687 1078.1542 211.8886 1.4573 1.5914 4.0152 14.2787 1.2439 25.0742 -7.7558 -4.6925
Car -1 -1 -9.0338 0.0000 0.0000 1241.0000 374.0000 1.4265 1.4464 3.1706 3.4814 1.3829 1.2198 -7.8731 -4.7744
Car -1 -1 -5.1328 559.5176 172.1380 593.0959 190.5733 1.5630 1.6969 3.3789 -2.9948 1.5020 63.0653 -5.1803 -4.9187
Car -1 -1 -6.0718 369.0812 164.6223 420.7634 190.5205 2.2805 1.8219 4.1448 -19.2416 1.5553 64.6035 -6.3604 -4.9738
Car -1 -1 -8.4104 931.8563 170.0774 1037.1025 214.3417 1.4293 1.5052 3.7094 12.9084 1.3393 25.2120 -7.9423 -4.9955
Car -1 -1 -4.3913 689.1622 172.0448 741.0200 201.0859 1.5225 1.6350 4.1241 5.8468 1.4798 40.0373 -4.2478 -5.1168
Car -1 -1 -7.7761 650.8931 176.1666 675.5382 197.7774 1.3502 1.3848 2.9473 3.4650 1.5734 47.1199 -7.7036 -5.3405
Car -1 -1 -6.1387 449.0115 173.9481 525.9214 200.3330 1.6150 1.6602 4.5502 -7.6502 1.6845 45.1210 -6.3061 -5.5236
Car -1 -1 -4.9361 572.1949 173.8258 615.1072 198.5502 1.3486 1.6152 4.0226 -1.0330 1.4073 41.6743 -4.9611 -5.5629
Car -1 -1 -9.1357 0.0000 0.0000 1241.0000 374.0000 1.4422 1.4820 3.5373 4.7108 1.4025 1.3946 -7.9089 -5.6039
Car -1 -1 -4.8241 512.0182 174.9318 541.9625 199.8743 1.6420 1.5866 4.3485 -5.8447 1.7928 50.1800 -4.9398 -5.6357
Car -1 -1 -4.6286 581.9996 174.7516 626.7440 208.4147 1.4104 1.6736 4.3238 -0.2324 1.5020 32.7011 -4.6362 -5.6837
Car -1 -1 -4.8598 578.4191 174.1064 620.7049 202.0617 1.3682 1.6238 3.9772 -0.6367 1.4367 37.5951 -4.8771 -5.8484
Car -1 -1 -5.1655 627.4751 172.5558 667.3021 193.8926 1.6516 1.5608 4.0855 2.9373 1.6283 58.0380 -5.1156 -6.2863
