Car -1 -1 -7.9002 582.7915 179.0189 633.6783 226.4061 1.5839 1.6804 3.6859 -0.1741 1.8261 26.4928 -7.9074 6.9859
Car -1 -1 -4.3181 226.6632 190.7322 334.6549 240.7142 1.4331 1.8108 4.2216 -11.0014 2.0890 24.3487 -4.7388 5.8350
Car -1 -1 -4.5129 435.1252 181.6685 472.0820 206.4670 1.6524 1.7863 4.2167 -11.1835 2.3096 51.7046 -4.7252 4.2335
Car -1 -1 -4.4274 413.5233 183.9716 453.3881 209.7293 1.5222 1.5540 3.4581 -11.2247 2.2568 45.9269 -4.6662 3.5279
Car -1 -1 -3.9708 642.8115 175.1313 698.4530 200.3950 1.5974 1.6437 3.6469 4.0078 1.7537 47.7944 -3.8882 3.4405
Car -1 -1 -6.9970 630.6458 176.4630 685.7078 197.3404 1.5085 1.6377 4.0920 3.6442 1.7912 54.6771 -6.9313 0.4759
Car -1 -1 -7.9563 838.1980 176.6205 878.0585 205.6880 1.4435 1.5810 4.1142 13.1678 1.6560 38.5783 -7.6302 -1.6318
Car -1 -1 -5.8192 241.1656 174.7621 315.2575 201.1695 1.6300 1.6692 3.9202 -20.9493 1.7525 45.5690 -6.2481 -2.2422
Car -1 -1 -7.9054 894.9247 178.4609 942.2739 213.8552 1.3913 1.6474 4.1033 13.2596 1.6512 31.2725 -7.5083 -2.2520
Car -1 -1 -4.5293 738.0471 176.4486 762.8345 192.3244 1.4698 1.6599 4.0238 13.6251 1.8289 69.9626 -4.3381 -3.0401
Car -1 -1 -6.9175 0.0000 156.3510 36.6041 190.9854 1.9696 2.0063 4.3558 -37.4822 1.0308 43.3799 -7.6272 -3.7196
Car -1 -1 -8.2297 801.2411 178.1673 853.9733 202.8898 1.3929 1.6109 4.2108 13.0851 1.7307 43.7504 -7.9414 -3.8513
Car -1 -1 -5.6714 64.0259 190.4351 183.4549 227.8427 1.4706 1.6119 3.9079 -20.2097 2.2224 30.0165 -6.2600 -3.9986
Car -1 -1 -5.1400 468.5876 181.2128 510.9404 203.3642 1.5167 1.6242 3.8248 -8.8917 2.1538 52.9808 -5.3059 -4.1035
Car -1 -1 -4.9569 636.8291 174.9368 665.5969 195.7612 1.5986 1.5218 3.3321 3.2290 1.7695 57.5263 -4.9015 -4.1775
Car -1 -1 -7.6032 308.2182 183.2736 350.8912 211.1386 1.6689 1.6823 3.7822 -18.1148 2.3711 46.6700 -7.9719 -4.2401
Car -1 -1 -6.0906 0.0000 165.1293 84.9652 194.3601 1.7230 1.7316 4.0017 -34.8166 1.2674 44.2112 -6.7549 -4.2750
Car -1 -1 -4.6581 515.6566 181.9115 542.1803 204.6472 1.4702 1.6274 3.9168 -5.6419 2.1259 50.2544 -4.7698 -4.3852
Car -1 -1 -4.6225 624.0352 174.3983 649.6143 197.3929 1.7024 1.6189 4.1303 2.0831 1.8262 55.8573 -4.5858 -4.4223
Car -1 -1 -4.6763 623.7150 176.4398 642.1104 193.3985 1.4959 1.5604 3.7984 2.1109 1.8353 66.4149 -4.6450 -4.4488
Car -1 -1 -5.2905 713.2624 174.6676 750.6311 191.2540 1.5447 1.6273 4.0210 11.7450 1.7254 69.8406 -5.1249 -4.7221
Car -1 -1 -4.1164 833.3735 176.9698 942.8773 219.1287 1.3884 1.6152 4.1972 10.0138 1.5470 25.9919 -3.7529 -4.9288
Car -1 -1 -7.8466 242.3653 188.4801 322.7885 261.4816 1.6184 1.7547 3.9948 -8.6784 2.0793 19.1117 -8.2681 -5.1695
Car -1 -1 -4.7750 587.0931 179.4606 617.8934 203.4264 1.3881 1.6569 4.1737 -0.5471 1.8205 45.1165 -4.7875 -5.3686
Car -1 -1 -5.2500 596.9123 176.5937 634.3054 193.8819 1.5114 1.5900 4.0161 0.4579 1.8649 66.1351 -5.2435 -5.3929
Car -1 -1 -5.0288 580.2448 178.9249 624.2979 202.7719 1.6245 1.8401 4.7424 -0.6568 2.0915 52.9892 -5.0416 -5.6200
Car -1 -1 -4.9669 663.0139 173.5364 701.4279 198.7872 1.5115 1.5191 3.6299 4.4456 1.5557 45.2048 -4.8699 -5.6805
Car -1 -1 -4.6144 515.7336 179.5642 539.3494 197.1430 1.4299 1.6354 4.0964 -7.1130 2.0284 62.3248 -4.7280 -5.7471
Car -1 -1 -4.5097 478.5612 186.9747 505.8601 206.3989 1.5461 1.6241 3.5858 -10.0980 2.7932 61.9111 -4.6712 -5.8023
Car -1 -1 -4.6652 525.5626 184.1205 547.4454 204.9792 1.5476 1.5620 3.7700 -5.8586 2.4758 57.5374 -4.7666 -5.8189
Car -1 -1 -4.8301 498.2109 180.6023 522.9545 199.3360 1.5171 1.6445 4.1195 -8.6595 2.2110 62.4515 -4.9677 -5.8745
Car -1 -1 -4.9442 485.4639 179.5211 519.4785 199.7375 1.4304 1.6292 4.1948 -8.2321 1.9571 54.7860 -5.0930 -5.8867
Car -1 -1 -7.1452 50.7639 0.0000 1241.0000 374.0000 1.5573 1.5950 3.8082 -1.2981 1.6653 1.0017 -7.9391 -5.8867
Car -1 -1 -4.8565 440.6559 177.9682 469.8072 200.3955 1.6569 1.6267 4.3570 -12.2235 2.0749 56.6927 -5.0683 -7.5148
