Car -1 -1 -7.5146 890.1342 146.5483 1241.0000 374.0000 1.5791 1.6725 4.0309 4.3920 1.4059 6.6461 -6.9514 7.0113
Car -1 -1 -7.8332 556.6973 173.5228 669.5584 280.0149 1.5593 1.6592 3.6525 0.0286 1.5722 12.4317 -7.8323 6.3238
Car -1 -1 -7.4890 814.2166 175.5845 1026.1429 293.4225 1.3754 1.5274 3.9645 4.5773 1.4221 10.4703 -7.0879 5.2618
Car -1 -1 -4.1686 0.0000 171.3741 109.4472 294.6306 1.6317 1.6789 4.1942 -10.2309 1.6118 11.7564 -4.8736 4.2195
Car -1 -1 -2.7527 88.2723 187.1550 184.1992 216.7657 1.4457 1.5667 3.8573 -24.5547 2.2101 37.4512 -3.3300 1.3766
Car -1 -1 -7.2506 667.8491 176.1539 730.6230 204.0774 1.5364 1.6528 4.0372 5.2303 1.7388 42.2463 -7.1288 -0.3923
Car -1 -1 -7.2310 153.3408 164.1029 235.7534 207.9322 2.4821 1.9184 4.6576 -24.8281 1.9862 43.2779 -7.7494 -0.6492
Car -1 -1 -7.4780 712.2494 177.4796 765.4559 204.4395 1.3899 1.6289 3.7858 7.1379 1.6587 39.9369 -7.3029 -0.8693
Car -1 -1 -6.0805 367.6685 166.3170 414.7825 186.3344 1.6979 1.6686 3.6251 -18.8505 1.1431 62.1979 -6.3738 -1.0840
Car -1 -1 -4.7137 464.3103 178.4939 484.7516 197.6166 1.4766 1.5896 3.9044 -11.1052 1.9537 59.0011 -4.8992 -1.4432
Car -1 -1 -4.2289 634.6935 175.9232 697.7133 206.1354 1.5284 1.6040 4.2957 3.0763 1.7044 39.2030 -4.1517 -1.8653
Car -1 -1 -3.3031 318.3628 183.3129 404.0702 212.5451 1.4576 1.7056 4.1556 -13.4556 2.0471 38.9533 -3.6340 -1.9907
Car -1 -1 -4.4564 513.3066 173.4377 545.4684 195.2410 1.6867 1.6796 3.7129 -6.4551 1.7348 57.8802 -4.5673 -2.0941
Car -1 -1 -7.7435 341.3540 175.4082 371.7207 199.9680 1.6274 1.6044 3.5614 -17.5995 1.8114 50.1257 -8.0797 -2.1680
Car -1 -1 -4.2697 687.0291 175.8054 746.4323 204.0669 1.5042 1.6772 4.2923 6.1003 1.6813 41.1232 -4.1239 -2.1744
Car -1 -1 -5.2507 869.7016 165.2602 941.5814 200.1402 1.7553 1.7042 4.0217 15.6147 1.3728 38.4289 -4.8678 -2.3100
Car -1 -1 -4.9140 505.4077 178.8888 539.9665 202.0523 1.5016 1.6240 3.8904 -6.1168 1.9368 49.9723 -5.0356 -3.5956
Car -1 -1 -6.1652 15.1308 181.1898 218.8715 250.7096 1.5075 1.5804 3.9366 -11.8662 1.7292 17.6209 -6.7511 -3.6003
Car -1 -1 -7.2826 223.8843 167.4676 267.8838 187.7597 1.8215 1.7365 4.0252 -33.7035 1.3377 66.8605 -7.7481 -3.7792
Car -1 -1 -4.8042 446.5565 181.6463 476.2631 204.7178 1.3499 1.5058 3.7177 -9.4851 1.9313 45.7364 -5.0079 -4.0148
Car -1 -1 -4.4646 701.1443 174.2685 727.5056 190.9728 1.4864 1.5441 3.7292 9.6292 1.6206 66.5663 -4.3219 -4.2683
Car -1 -1 -8.4638 612.5338 178.0420 672.7768 204.6109 1.4665 1.6050 3.9100 1.8465 1.7883 42.7185 -8.4214 -4.2693
Car -1 -1 -7.8582 915.4103 178.1248 985.4215 239.8134 1.3911 1.4833 3.5355 8.6386 1.5400 18.5144 -7.4283 -4.4894
Car -1 -1 -8.0461 733.0507 172.6061 756.5775 187.5942 1.4461 1.6106 3.6750 13.3037 1.4219 71.4614 -7.8631 -4.5341
Car -1 -1 -5.2107 714.1600 173.4783 748.0925 188.6292 1.4473 1.6075 3.9438 11.9010 1.5105 71.2283 -5.0461 -4.6588
Car -1 -1 -4.1617 653.8001 174.5176 723.2936 207.3535 1.6286 1.6399 4.3315 4.1808 1.7215 38.2256 -4.0542 -4.7439
Car -1 -1 -7.8833 811.3184 174.5460 839.6149 199.1806 1.4353 1.5424 3.5877 13.1369 1.5433 44.2362 -7.5968 -4.8958
Car -1 -1 -5.7825 1241.0000 0.0000 1241.0000 374.0000 1.3944 1.4463 3.3799 4.1531 1.3044 1.8608 -4.6903 -5.0762
Car -1 -1 -4.9348 381.7580 178.5965 432.4098 212.0824 1.6146 1.6650 4.1983 -10.7208 1.9330 37.8019 -5.2097 -5.1752
Car -1 -1 -8.2580 872.8451 145.5552 918.9319 177.0989 2.1899 1.6828 3.8974 20.5376 0.2944 52.0654 -7.8842 -5.2198
Car -1 -1 -4.5584 0.0000 181.3445 109.3079 256.3570 1.6349 1.8962 4.5349 -14.4895 1.8837 18.7244 -5.2102 -5.3583
Car -1 -1 -4.7224 584.9353 176.8949 610.0531 197.8917 1.3287 1.6181 4.1248 -0.8985 1.6120 48.5471 -4.7412 -5.4074
Car -1 -1 -4.7132 578.5013 177.9164 608.9746 203.0408 1.3650 1.6911 4.0730 -0.9902 1.6745 42.0878 -4.7371 -5.4262
Car -1 -1 -4.7646 574.2992 177.9862 611.0202 206.1156 1.3419 1.6752 3.9981 -0.9832 1.6211 37.2320 -4.7913 -5.4540
Car -1 -1 -4.8458 566.7742 177.8256 614.3015 209.0745 1.3357 1.6823 3.9972 -1.0089 1.5816 33.6211 -4.8761 -5.5106
Car -1 -1 -4.6773 610.0218 176.5805 636.6299 199.4315 1.4033 1.5966 4.1760 0.8747 1.6574 47.1322 -4.6593 -5.8030
Car -1 -1 -4.7049 644.5081 179.7457 662.9572 198.9197 1.4554 1.4366 4.0130 3.5177 2.0314 58.2902 -4.6453 -5.8708
Car -1 -1 -4.7597 604.4281 175.4758 641.9535 207.2499 1.4586 1.6422 4.0094 0.5568 1.5946 35.4870 -4.7447 -5.8716
Car -1 -1 -4.4588 602.6816 175.2602 650.3737 204.0262 1.4441 1.6197 3.9562 0.9036 1.5800 38.7027 -4.4362 -5.8867
Car -1 -1 -6.7604 645.5579 174.9532 715.8172 200.8207 1.5247 1.5125 4.0434 4.2994 1.6573 44.2195 -6.6646 -5.8964
