Car -1 -1 -7.8595 567.5444 186.0338 651.0785 267.5193 1.5805 1.6902 3.6474 -0.0885 1.9136 16.4217 -7.8660 5.8532
Car -1 -1 -7.8456 1186.2592 181.8240 1241.0000 223.0075 1.5031 1.6366 4.0668 24.4875 1.8933 29.3255 -7.1552 1.3700
Car -1 -1 -5.9827 307.2550 175.3537 368.7801 198.2929 1.6185 1.6322 3.8414 -19.6063 1.8017 52.0373 -6.3416 0.4531
Car -1 -1 -4.9985 783.8701 185.3880 821.8158 208.3091 1.4359 1.5843 3.3500 12.9543 2.3120 48.7531 -4.7408 0.0896
Car -1 -1 -8.2378 855.4828 182.4070 919.3212 216.5704 1.4934 1.5831 3.6091 13.0984 1.9724 34.3822 -7.8773 -0.2279
Car -1 -1 -4.6296 372.7063 177.6008 393.0535 193.1003 1.4671 1.6163 3.7861 -22.5148 1.9508 71.5593 -4.9336 -0.4786
Car -1 -1 -5.9027 0.0000 199.7805 24.0567 246.1748 1.5527 1.6787 3.9684 -25.0155 2.6279 27.3412 -6.6390 -0.6626
Car -1 -1 -4.9777 764.2166 184.8484 803.4038 208.0424 1.4373 1.5923 3.8979 11.6533 2.2798 48.7275 -4.7449 -1.3736
Car -1 -1 -7.9528 259.7122 185.9702 301.5781 218.3023 1.6283 1.7435 3.9454 -18.4340 2.3982 40.2215 -8.3803 -1.9903
Car -1 -1 -4.7343 748.6232 186.5648 777.2717 213.4875 1.4480 1.5651 3.7386 8.9983 2.2988 42.8055 -4.5291 -2.4906
Car -1 -1 -4.4505 429.4177 186.0226 465.6021 211.0440 1.6408 1.6386 3.5207 -11.4717 2.6039 50.9943 -4.6711 -2.6332
Car -1 -1 -4.3344 446.8215 187.1570 489.6219 214.1451 1.7601 1.6222 4.0263 -10.0843 2.8217 51.4408 -4.5276 -3.1833
Car -1 -1 -7.8699 558.1177 182.8174 576.3115 201.0674 1.6877 1.7181 3.9149 -4.2495 2.6949 70.9445 -7.9300 -3.2065
Car -1 -1 -8.0615 1129.2194 181.7598 1202.2593 222.6154 1.5458 1.6351 3.8893 23.2076 1.9458 30.3264 -7.4135 -3.2740
Car -1 -1 -3.8620 1095.2012 148.1299 1205.7842 178.9791 1.5623 1.7738 4.5935 28.0847 0.3099 37.6153 -3.2244 -3.3991
Car -1 -1 -7.7940 806.8196 182.2653 836.4929 208.7948 1.5663 1.6084 3.6940 13.4999 2.1926 46.0343 -7.5111 -3.4850
Car -1 -1 -4.7017 746.6065 182.5800 765.0455 200.6484 1.4405 1.4950 3.4997 12.3982 2.2931 61.4024 -4.5039 -3.6463
Car -1 -1 -7.6021 401.1379 188.0397 471.9563 235.0255 1.5852 1.6779 4.0513 -6.6067 2.2110 27.7049 -7.8347 -3.7294
Car -1 -1 -4.9784 810.1456 182.8988 860.3820 210.8960 1.4789 1.6682 4.3973 12.9778 2.0934 41.9340 -4.6808 -4.0034
Car -1 -1 -5.4445 672.6747 188.7387 756.4410 225.9754 1.4212 1.5716 3.5830 4.4036 2.1481 31.1055 -5.3060 -4.0098
Car -1 -1 -4.5471 366.7371 176.2184 442.9474 243.4413 2.0466 1.7865 4.2574 -6.8682 2.1704 24.4001 -4.8193 -4.2576
Car -1 -1 -7.8918 206.5525 198.7745 252.5089 240.0728 1.4121 1.5053 3.6816 -15.4369 2.5287 29.1172 -8.3759 -4.3866
Car -1 -1 -3.6563 1023.9653 167.2868 1136.0179 201.1308 1.6030 1.7020 4.2950 22.7763 1.3390 35.1446 -3.0854 -4.4932
Car -1 -1 -7.3399 0.0000 184.6228 92.4647 227.7409 1.7432 1.6594 3.9449 -25.2827 2.3047 32.3728 -7.9992 -4.5400
Car -1 -1 -4.6524 480.1471 183.7247 498.7431 199.7699 1.4890 1.5957 3.8323 -11.9629 2.5980 71.6431 -4.8177 -4.5621
Car -1 -1 -4.8213 540.0183 191.2195 579.4246 223.8136 1.4299 1.5623 3.4424 -2.5604 2.3813 35.5548 -4.8933 -4.9849
Car -1 -1 -5.0919 829.4744 181.3280 889.8459 214.8571 1.4759 1.5089 3.5239 11.8136 1.9015 34.4689 -4.7649 -5.0266
Car -1 -1 -5.0033 632.7688 188.5553 663.8455 208.9949 1.5611 1.5404 3.8757 3.1420 2.9190 60.3476 -4.9521 -5.0444
Car -1 -1 -6.4498 983.2423 153.7919 1068.9014 179.3411 1.5718 1.6531 4.5073 26.3663 0.3988 45.9424 -5.9316 -5.0594
Car -1 -1 -4.3840 488.9375 183.1599 516.1797 198.4991 1.4238 1.5858 3.6263 -10.6327 2.4721 71.4894 -4.5315 -5.4127
Car -1 -1 -4.8765 384.1486 183.8035 413.5398 203.3729 1.4507 1.6381 3.9899 -17.0445 2.3640 58.0508 -5.1612 -5.7375
Car -1 -1 -5.0122 576.0300 183.4343 611.0280 204.8507 1.5922 1.6830 4.0531 -1.3907 2.4745 57.9962 -5.0366 -5.7702
Car -1 -1 -7.0698 1241.0000 167.9971 1241.0000 371.7142 1.5266 1.6089 3.7922 8.5362 1.4899 6.4266 -6.1665 -5.8383
Car -1 -1 -7.5182 1196.9022 172.5514 1241.0000 374.0000 1.4395 1.6570 4.1475 5.7655 1.4380 4.3303 -6.6240 -6.8717
Car -1 -1 -4.5871 754.1639 182.0208 779.6497 202.4178 1.5601 1.5437 4.2298 12.9360 2.3439 59.4640 -4.3744 -6.8897
