Car -1 -1 -7.8608 571.5013 182.6201 636.6553 246.2249 1.5898 1.6816 3.6853 -0.2384 1.8916 20.4637 -7.8733 7.0940
Car -1 -1 -4.5065 400.6327 186.2244 443.9453 212.7436 1.4421 1.7142 4.1226 -11.2768 2.2858 43.4519 -4.7594 4.1047
Car -1 -1 -4.4774 469.4801 184.3599 497.1074 202.6440 1.5433 1.6391 3.7186 -11.4389 2.6133 65.2090 -4.6508 1.1754
Car -1 -1 -3.9261 631.0822 178.0338 671.0638 195.9662 1.5949 1.5711 3.6737 3.8120 2.0888 67.0285 -3.8699 1.0068
Car -1 -1 -7.3259 85.6779 163.7735 147.0063 196.9070 2.2222 1.7473 4.0174 -34.4639 1.6129 50.4554 -7.9229 0.9163
Car -1 -1 -5.9279 266.4425 167.7523 335.7343 192.4813 1.5390 1.5845 3.7238 -19.5929 1.2212 45.7826 -6.3304 0.8029
Car -1 -1 -5.0045 781.0142 179.6918 820.4882 203.1911 1.5326 1.6154 3.7835 13.1614 2.0253 50.0966 -4.7495 -0.6019
Car -1 -1 -4.6529 402.7315 189.6675 436.9221 218.9983 1.4039 1.5567 3.6426 -10.1915 2.3504 38.6955 -4.9092 -1.8792
Car -1 -1 -7.7849 200.6828 180.2378 246.3106 219.6495 1.7104 1.6484 3.4547 -18.1638 2.0771 33.9444 -8.2733 -2.3932
Car -1 -1 -4.5795 545.0538 179.4535 568.8262 198.5441 1.6161 1.6482 3.6094 -4.7160 2.2200 64.2107 -4.6529 -2.6377
Car -1 -1 -4.7482 761.2485 179.8047 788.3218 202.7640 1.4936 1.6862 3.8677 11.4042 1.9971 50.2416 -4.5268 -3.0313
Car -1 -1 -7.5091 46.5164 177.7061 129.2139 217.2670 1.5402 1.6145 3.8905 -22.1358 1.7603 30.6951 -8.1299 -3.1291
Car -1 -1 -5.1108 467.2430 180.6025 500.2480 197.4276 1.5494 1.6707 4.2387 -12.4267 2.3327 70.7360 -5.2845 -3.3039
Car -1 -1 -5.3830 663.8024 179.7356 705.8027 198.2881 1.5277 1.6058 3.8351 6.4713 2.1476 62.9825 -5.2816 -3.7275
Car -1 -1 -7.8250 411.4017 171.4091 431.2835 190.4273 1.7377 1.6971 4.0924 -17.7994 1.6054 68.1119 -8.0799 -3.7310
Car -1 -1 -8.2936 700.4495 178.8081 746.0895 202.2407 1.4606 1.5805 3.6575 7.4473 1.8724 47.9578 -8.1410 -3.7475
Car -1 -1 -6.0255 556.6384 178.5267 607.3824 197.6197 1.6213 1.6498 4.1643 -2.4656 2.1284 63.2748 -6.0647 -4.0106
Car -1 -1 -8.1596 889.4740 181.8212 959.2286 218.0305 1.3916 1.5886 3.9367 13.2659 1.7991 30.7750 -7.7566 -4.1562
Car -1 -1 -4.7774 91.9221 171.0868 134.6161 201.3573 1.5526 1.6529 4.0447 -26.9945 1.4617 39.1095 -5.3785 -4.2936
Car -1 -1 -7.0626 1197.3981 177.7106 1241.0000 287.7636 1.4720 1.5540 3.7679 11.0435 1.5480 10.5281 -6.2676 -4.4782
Car -1 -1 -7.1148 1107.2522 143.5705 1227.1171 184.3151 1.7290 1.7218 4.3460 24.5181 0.4861 31.8548 -6.4632 -4.5722
Car -1 -1 -7.9891 306.3646 166.8847 334.8304 188.4482 1.9830 1.9325 4.4847 -27.6362 1.4337 68.7797 -8.3700 -4.5914
Car -1 -1 -5.1428 457.9465 187.2978 506.4683 211.9001 1.4078 1.4970 3.9939 -8.1837 2.3654 45.7827 -5.3192 -4.6853
Car -1 -1 -5.2567 713.2126 180.7770 766.0683 203.3605 1.4512 1.7661 4.0403 8.9152 2.0254 50.1136 -5.0822 -4.7253
Car -1 -1 -7.9165 1039.6227 156.2403 1082.8130 185.1250 1.4860 1.7287 3.9149 24.4453 0.6310 39.2534 -7.3629 -4.7480
Car -1 -1 -4.2947 508.8888 184.1804 552.2671 207.1294 1.5381 1.6377 4.0774 -5.7815 2.3997 52.7147 -4.4039 -4.8292
Car -1 -1 -4.6344 554.2758 183.1640 578.0895 201.3264 1.6421 1.9649 4.5416 -4.2405 2.6765 70.1223 -4.6950 -4.9205
Car -1 -1 -2.3291 0.0000 197.4186 202.8980 320.7936 1.4273 1.5695 3.3560 -7.6575 1.7966 9.8101 -2.9790 -5.0395
Car -1 -1 -4.8112 426.0151 185.7531 457.0018 211.7819 1.5493 1.6042 3.6752 -11.0231 2.4236 46.9250 -5.0411 -5.0659
Car -1 -1 -4.1663 487.3891 181.6337 522.3708 198.3224 1.5391 1.6104 3.8985 -10.3083 2.4268 70.8717 -4.3106 -5.2704
Car -1 -1 -7.7571 58.8589 167.6673 105.7917 198.1069 1.5509 1.6069 4.5589 -28.5807 1.2863 39.1341 -8.3847 -5.4859
Car -1 -1 -5.1093 560.3399 180.5698 606.5167 204.4527 1.4871 1.6768 4.0031 -1.8653 2.0286 48.4971 -5.1480 -5.5989
Car -1 -1 -4.9371 582.9797 179.2227 614.1712 198.3294 1.4552 1.6793 3.9683 -0.9900 1.9901 58.5002 -4.9544 -5.6822
Car -1 -1 -4.8742 399.1691 182.7234 427.7720 202.0762 1.5134 1.6911 4.0814 -16.6382 2.3761 60.8843 -5.1402 -5.8484
Car -1 -1 -4.3545 601.5342 179.0430 639.3822 198.6057 1.5019 1.7011 4.3219 0.8766 2.0292 59.1874 -4.3403 -5.8513
Car -1 -1 -4.6808 503.9135 180.5154 523.3156 197.9881 1.4783 1.6067 3.9844 -8.6669 2.1892 64.9190 -4.8133 -5.8867
Car -1 -1 -4.6201 518.7366 180.6738 541.8069 199.3983 1.5456 1.6460 4.0673 -6.9872 2.2537 63.3174 -4.7299 -5.8867
Car -1 -1 -4.3025 421.2027 182.4175 457.5540 200.2354 1.4728 1.6560 4.0731 -15.1343 2.3506 64.1016 -4.5337 -5.8867
Car -1 -1 -4.8737 705.1215 175.8807 731.0428 193.4138 1.4618 1.6005 4.0112 9.3579 1.7337 62.8695 -4.7270 -5.8867
Car -1 -1 -4.3514 393.3865 181.8840 434.6663 203.5653 1.4763 1.6473 3.8887 -14.3243 2.1623 52.8248 -4.6153 -5.8867
Car -1 -1 -4.4625 581.8013 179.6520 618.1866 201.8453 1.4576 1.6434 3.9240 -0.6920 1.9555 50.7756 -4.4765 -5.8867
Car -1 -1 -4.3044 499.0497 179.6785 538.6672 199.6964 1.4743 1.6379 4.0049 -7.1503 2.0311 56.7574 -4.4296 -5.8867
Car -1 -1 -4.9720 580.4526 182.8303 624.6777 210.0078 1.5447 1.6751 4.4098 -0.5574 2.2002 45.0839 -4.9849 -5.8910
Car -1 -1 -4.2703 87.6218 177.6996 158.8839 210.5107 1.5086 1.5692 3.4671 -23.9287 1.7593 35.5451 -4.8595 -5.9769
Car -1 -1 -8.0029 830.1248 182.9733 871.0508 210.4200 1.3949 1.5889 3.8566 13.3106 1.9870 40.2051 -7.6860 -6.0648
Car -1 -1 -7.3765 0.0000 151.2138 52.1673 190.9444 2.2343 1.8819 4.9213 -35.8312 1.0170 43.1793 -8.0663 -7.1336
Car -1 -1 -7.4962 1179.9922 207.2013 1241.0000 374.0000 1.6757 1.8093 4.2373 5.8219 1.9542 4.3385 -6.5992 -7.3914
