Car -1 -1 -7.8613 558.4824 173.6981 671.1595 279.2019 1.5597 1.6715 3.6127 0.0011 1.5761 12.5091 -7.8625 6.7137
Car -1 -1 -7.4994 872.8190 148.2382 1225.6533 369.0423 1.5772 1.6820 4.0727 4.4089 1.4011 7.0870 -6.9620 6.3836
Car -1 -1 -4.1878 0.0000 169.5536 122.2579 289.6266 1.6629 1.6923 4.1437 -10.2539 1.6169 12.1752 -4.8771 4.5589
Car -1 -1 -7.4842 806.9847 176.3452 1016.1356 290.0214 1.3774 1.5518 4.0897 4.6295 1.4395 10.8822 -7.0924 4.5170
Car -1 -1 -4.5825 516.6786 172.7081 544.5388 195.1864 1.7910 1.8199 3.6588 -6.5198 1.7790 59.3367 -4.6918 1.0987
Car -1 -1 -5.8768 101.3979 186.9776 187.7589 217.6125 1.5231 1.5874 3.4699 -24.4348 2.2859 37.9194 -6.4462 0.1429
Car -1 -1 -4.7308 326.0107 183.8318 356.5120 211.7375 1.3929 1.5036 3.9702 -14.8978 2.0306 39.8084 -5.0870 -0.2893
Car -1 -1 -7.2360 668.1899 176.4876 728.7347 204.0836 1.5277 1.6401 3.7968 5.1996 1.7509 42.4150 -7.1154 -1.3242
Car -1 -1 -4.4321 465.5988 178.6084 497.1773 197.7332 1.5063 1.5995 3.7855 -10.6769 2.0000 59.9768 -4.6078 -1.5400
Car -1 -1 -4.4476 1127.5055 160.3336 1241.0000 374.0000 1.4779 1.6428 4.0848 4.6822 1.4418 3.6715 -3.5804 -2.3328
Car -1 -1 -8.2075 0.0000 0.0000 1241.0000 374.0000 1.3790 1.5369 3.6574 2.2831 1.4916 1.4892 -7.3014 -2.9441
Car -1 -1 -4.3352 455.1121 180.8251 503.3683 204.3555 1.3819 1.5976 4.1975 -8.3230 1.9152 46.0896 -4.5133 -2.9677
Car -1 -1 -4.2130 341.0812 183.1939 402.8276 212.3536 1.4672 1.6691 3.6591 -13.0449 2.0629 39.6389 -4.5293 -2.9823
Car -1 -1 -4.9038 466.8168 180.4103 497.1322 200.2388 1.3933 1.5242 3.9476 -9.7195 1.9852 54.4292 -5.0801 -3.0777
Car -1 -1 -8.0655 336.8368 175.0778 372.2293 200.2999 1.6831 1.6304 3.5094 -17.9051 1.8440 50.4085 -8.4054 -3.1249
Car -1 -1 -7.0627 1179.3253 159.8200 1241.0000 281.6186 1.4982 1.6545 4.2730 10.4522 1.3376 9.7560 -6.2581 -3.1899
Car -1 -1 -7.8427 645.8821 175.1896 673.2508 202.1289 1.6013 1.6392 4.0624 3.0981 1.7545 45.3406 -7.7754 -3.3161
Car -1 -1 -4.0556 768.4998 174.0898 834.4468 200.7404 1.5030 1.6576 4.0459 11.3371 1.5791 42.7583 -3.7985 -3.4254
Car -1 -1 -8.5096 659.4023 176.1288 752.7621 216.0974 1.5528 1.6631 4.2615 3.9477 1.7019 30.6611 -8.3834 -3.4422
Car -1 -1 -8.2588 940.5488 153.7258 994.0974 183.2929 1.7402 1.6784 3.5233 21.8205 0.6141 44.2677 -7.8035 -3.4424
Car -1 -1 -5.0566 719.3702 172.2876 748.4338 186.4780 1.3646 1.5989 3.9235 12.2161 1.3098 71.4577 -4.8883 -3.5016
Car -1 -1 -5.1321 703.8887 175.6017 746.1586 198.1039 1.5233 1.6506 3.5551 8.0947 1.7255 51.2472 -4.9767 -3.5881
Car -1 -1 -6.0911 698.9265 173.2088 854.9870 236.8447 1.5101 1.5977 3.6904 4.2546 1.5197 18.6105 -5.8705 -3.6123
Car -1 -1 -4.9940 427.3257 181.4624 470.2106 205.2042 1.3789 1.5649 4.1062 -10.2800 1.9494 45.6618 -5.2146 -3.7368
Car -1 -1 -4.5250 733.9196 174.5015 765.3329 195.9548 1.5050 1.5858 3.8347 10.2612 1.6305 53.0123 -4.3352 -4.1208
Car -1 -1 -5.0986 869.8812 166.1765 932.8289 200.4276 1.7408 1.7117 4.0484 15.5014 1.4011 38.7024 -4.7206 -4.1505
Car -1 -1 -7.7868 617.9095 202.0149 1241.0000 374.0000 1.4347 1.5139 3.6280 1.5383 1.6214 2.6803 -7.3131 -4.2423
Car -1 -1 -4.3903 408.7054 178.4043 439.7184 194.0803 1.4415 1.6723 4.1941 -18.0060 1.9964 70.0236 -4.6414 -4.7538
Car -1 -1 -8.2443 1073.1672 169.4223 1204.4080 227.1349 1.4321 1.5672 3.7497 14.3572 1.3466 19.9074 -7.6268 -4.9456
Car -1 -1 -4.4902 697.5646 174.4357 722.9896 190.8039 1.4642 1.5508 3.7642 9.3123 1.6151 66.9702 -4.3530 -4.9460
Car -1 -1 -8.3012 867.8497 146.7104 916.2410 178.4813 2.2231 1.6367 4.1584 20.4734 0.3935 52.6249 -7.9321 -4.9743
Car -1 -1 -8.0708 783.4929 174.2905 817.2886 196.1224 1.4955 1.5440 3.7948 13.5412 1.6018 51.6053 -7.8160 -4.9784
Car -1 -1 -8.6480 999.7844 174.7984 1174.5447 231.1432 1.3759 1.6726 3.9487 12.8842 1.4348 19.8764 -8.0800 -5.1396
Car -1 -1 -4.6000 570.7543 177.8348 612.7590 206.9397 1.3693 1.6914 4.1308 -0.9125 1.6377 36.8058 -4.6252 -5.4136
Car -1 -1 -4.7754 642.6676 178.1255 664.9926 198.6547 1.5797 1.5572 3.8355 3.4931 2.0203 58.4281 -4.7165 -5.7145
Car -1 -1 -4.5005 576.0287 177.1763 619.5974 203.6289 1.3942 1.6439 4.1139 -0.6722 1.6520 40.9176 -4.5173 -5.7695
Car -1 -1 -7.7499 412.0177 176.8808 492.8274 243.3322 1.6490 1.7949 3.9413 -4.3481 1.7729 20.2082 -7.9598 -5.7941
Car -1 -1 -4.7216 587.2290 175.6530 624.1573 208.9902 1.4223 1.5935 3.9597 -0.2635 1.5582 33.1128 -4.7300 -5.8867
Car -1 -1 -4.4067 600.1971 175.6167 651.9108 204.2670 1.4323 1.6246 4.0703 0.8818 1.5885 38.6816 -4.3846 -5.8867
Car -1 -1 -4.7838 611.1786 177.9666 651.3034 211.1672 1.5044 1.6571 4.2772 0.9474 1.7714 35.5394 -4.7580 -6.0186
Car -1 -1 -6.0817 562.5484 175.1151 614.5860 194.6864 1.5943 1.5448 4.1105 -1.7972 1.7859 60.1444 -6.1118 -6.2208
