Car -1 -1 -7.8676 585.5873 176.8965 630.6202 219.6757 1.5343 1.6382 3.6671 -0.1505 1.7017 28.0774 -7.8735 7.2061
Car -1 -1 -4.2020 78.8377 193.8882 247.9370 262.6547 1.3860 1.6884 4.2503 -10.9451 1.9733 18.0069 -4.7419 6.6144
Car -1 -1 -7.1188 650.7059 172.6677 713.5690 200.0544 1.5052 1.6076 3.5848 4.1343 1.4946 41.4554 -7.0205 5.3172
Car -1 -1 -4.3851 382.2839 185.0226 431.5216 213.1343 1.4106 1.5245 3.5973 -11.1342 2.1097 39.6338 -4.6576 4.7130
Car -1 -1 -4.4620 409.7625 179.7469 454.6378 208.5066 1.6747 1.7159 4.2936 -11.1072 2.1268 45.2041 -4.7020 4.2999
Car -1 -1 -7.1685 634.8442 174.9553 690.0818 197.8563 1.4588 1.5941 3.8778 3.5105 1.6048 48.2768 -7.0968 1.9098
Car -1 -1 -7.4253 315.0804 171.4802 357.4117 192.8141 1.6844 1.6285 4.2324 -22.4018 1.5756 59.1350 -7.7862 0.2211
Car -1 -1 -7.5426 258.4677 185.6585 316.0949 218.7538 1.6831 1.7583 4.1535 -18.0760 2.4403 40.5235 -7.9601 -0.4765
Car -1 -1 -7.8120 847.6024 175.8717 880.7911 203.5462 1.4091 1.5572 3.7661 13.8130 1.5814 39.2211 -7.4761 -1.5169
Car -1 -1 -8.0716 892.3604 175.6462 949.0828 209.6096 1.3963 1.5409 3.5803 13.6098 1.5267 31.8763 -7.6719 -1.7183
Car -1 -1 -4.6991 618.7481 175.5975 643.4576 197.4259 1.4342 1.6412 3.9070 1.4503 1.6312 49.8931 -4.6706 -2.6641
Car -1 -1 -4.8664 0.0000 176.1702 18.2432 209.9445 1.5455 1.6278 3.6528 -30.3401 1.7152 35.1783 -5.5745 -2.8452
Car -1 -1 -4.6815 403.6588 174.4220 422.0221 189.5885 1.4486 1.6341 3.8509 -19.5037 1.6079 71.4052 -4.9474 -2.9452
Car -1 -1 -3.2115 900.9209 172.2397 1064.9657 225.3457 1.4244 1.5979 4.0801 10.5740 1.4076 20.8721 -2.7487 -3.1856
Car -1 -1 -7.9895 1007.0068 174.2267 1086.6724 223.8623 1.3714 1.5346 3.8944 13.2426 1.4172 22.1442 -7.4568 -3.2337
Car -1 -1 -4.3431 646.6718 174.0097 695.1500 199.9926 1.5606 1.7153 4.0625 3.8755 1.6371 45.7364 -4.2596 -3.5467
Car -1 -1 -8.0120 951.3549 172.7089 1017.4130 214.2895 1.4209 1.5581 3.7981 13.7154 1.4156 26.7022 -7.5423 -3.6245
Car -1 -1 -4.7103 101.7142 179.2021 129.2450 199.5659 1.5746 1.8187 4.4499 -40.8619 2.1195 59.6105 -5.3093 -3.8990
Car -1 -1 -4.4441 768.0122 172.4512 800.5113 192.4233 1.5618 1.5951 3.8859 14.1342 1.5300 58.5101 -4.2086 -3.9468
Car -1 -1 -5.3568 496.6798 181.6140 544.9317 204.1596 1.5101 1.5830 3.5898 -6.4341 2.1586 51.6001 -5.4807 -4.0076
Car -1 -1 -7.9428 845.8191 172.8312 890.1597 205.9516 1.5044 1.6408 4.0957 12.3923 1.5031 34.9605 -7.6052 -4.2458
Car -1 -1 -7.8692 743.4066 172.1301 760.8855 187.5041 1.4688 1.6197 3.8427 13.9378 1.3994 70.9691 -7.6764 -4.2777
Car -1 -1 -7.1462 788.2385 170.7908 907.6942 225.2209 1.4721 1.5076 3.3386 6.9055 1.4160 21.0299 -6.8336 -4.3314
Car -1 -1 -4.7726 4.0166 173.8681 51.5301 207.0704 1.5739 1.6514 3.5465 -29.2639 1.6271 36.1853 -5.4492 -4.4378
Car -1 -1 -8.2453 720.9481 172.5278 750.5685 188.2313 1.5020 1.5835 3.6702 12.3186 1.4705 70.9765 -8.0745 -4.4420
Car -1 -1 -7.6478 416.1330 172.2869 443.2810 189.2065 1.6259 1.7599 4.3373 -17.8526 1.5711 71.5381 -7.8918 -4.6176
Car -1 -1 -4.5767 452.3187 181.2166 502.4039 219.5551 1.5119 1.6233 3.8699 -5.7253 1.8970 31.2822 -4.7568 -4.6400
Car -1 -1 -7.9071 584.9031 178.3836 617.9640 205.6642 1.4307 1.6495 3.7728 -0.5608 1.7562 40.5645 -7.9214 -4.6737
Car -1 -1 -8.0407 600.6686 177.7927 635.7631 202.6002 1.4422 1.4703 3.9015 0.4320 1.7627 44.8148 -8.0317 -4.8109
Car -1 -1 -5.6001 0.0000 172.1053 16.8199 221.5005 1.5995 1.5849 3.7149 -22.5461 1.5750 24.2678 -6.3433 -4.9216
Car -1 -1 -4.4084 628.3431 177.7202 656.9292 196.1711 1.5771 1.5399 3.6578 2.9327 2.0265 64.7008 -4.3637 -4.9326
Car -1 -1 -5.1304 563.0063 175.8564 606.6752 202.9744 1.6974 1.5712 3.5282 -1.7277 1.9029 47.5218 -5.1671 -5.0830
Car -1 -1 -4.8161 444.0673 182.5280 470.5731 202.3111 1.4272 1.6135 4.0172 -11.9765 2.2110 56.3231 -5.0250 -5.1822
Car -1 -1 -5.4412 450.9562 179.6522 530.6657 207.3028 1.4648 1.6999 4.8795 -6.9384 1.8760 41.4906 -5.6063 -5.4542
Car -1 -1 -4.6137 505.6898 178.6273 531.7582 197.8155 1.4071 1.6186 4.1273 -7.1058 1.8735 56.2495 -4.7392 -5.5953
Car -1 -1 -4.5316 25.0123 172.0687 83.0673 206.0672 1.4795 1.5365 3.3088 -25.5671 1.4451 33.2223 -5.1838 -5.6177
Car -1 -1 -5.0543 458.5257 178.6558 502.4562 203.4819 1.5450 1.6339 3.9804 -8.6944 1.9480 48.0324 -5.2328 -5.6557
Car -1 -1 -4.9167 484.4232 178.6115 516.0880 200.2660 1.5939 1.6601 4.0352 -8.6486 2.0614 56.4491 -5.0685 -5.8388
Car -1 -1 -6.9164 0.0000 0.0000 1241.0000 374.0000 1.5602 1.5933 3.8084 -2.1011 1.6889 1.0026 -7.9390 -5.8867
Car -1 -1 -7.5642 151.8588 0.0000 1241.0000 374.0000 1.5533 1.5919 3.8070 -0.4936 1.6453 1.0036 -7.9391 -5.8867
Car -1 -1 -2.0828 58.8875 177.9652 119.0877 200.9936 1.7456 1.8896 4.5614 -41.4208 2.1642 57.3191 -2.7066 -5.9712
Car -1 -1 -7.6762 1241.0000 147.3897 1241.0000 374.0000 1.4203 1.5755 4.1706 7.0918 1.3201 4.3742 -6.6878 -6.0829
Car -1 -1 -4.6498 424.0277 180.3714 450.4813 202.7180 1.4730 1.5801 3.7891 -12.1824 2.0239 50.9078 -4.8838 -7.0887
Car -1 -1 -2.1029 112.2612 183.5644 172.0420 211.1922 1.5556 1.6154 3.1797 -28.0305 2.2175 43.1753 -2.6762 -7.3545
Car -1 -1 -4.3683 40.7018 174.8307 110.7813 209.0861 1.4352 1.4265 3.4612 -23.8741 1.5285 32.3078 -5.0009 -7.8292
