Car -1 -1 -7.8588 568.9758 185.1958 637.1502 252.5028 1.5819 1.6682 3.6917 -0.2551 1.9470 19.5014 -7.8728 7.6204
Car -1 -1 -4.5307 406.3780 188.1469 448.4766 214.2705 1.4608 1.7944 4.3600 -11.4056 2.4658 45.1964 -4.7769 3.2971
Car -1 -1 -5.9900 156.6006 177.7571 261.3990 213.2747 1.6175 1.7483 4.0452 -19.1159 1.8603 34.4890 -6.4931 -1.5160
Car -1 -1 -5.1486 874.6533 181.9020 951.3821 218.2248 1.4612 1.6388 3.8459 13.2793 1.8862 31.9603 -4.7586 -1.8972
Car -1 -1 -4.3621 733.2209 178.8244 764.6729 196.8257 1.6432 1.6690 4.1176 13.3962 2.2363 69.5162 -4.1729 -1.9997
Car -1 -1 -4.4650 361.2835 185.3064 392.6854 205.9898 1.6064 1.6115 3.8192 -19.4730 2.6814 60.3520 -4.7761 -2.0003
Car -1 -1 -7.6778 552.1730 181.2637 577.8462 199.9282 1.6185 1.6972 3.9507 -4.1339 2.4171 66.4845 -7.7401 -2.0293
Car -1 -1 -4.3147 290.0319 185.0565 349.2259 216.2918 1.7640 1.8131 4.4597 -17.9525 2.5585 44.7487 -4.6945 -2.1502
Car -1 -1 -6.0722 357.7681 179.1935 403.6017 199.3559 1.8102 1.6381 3.7606 -21.0938 2.4021 66.4029 -6.3790 -2.2929
Car -1 -1 -4.9710 759.0208 181.3001 791.8247 201.4760 1.4870 1.5839 3.7971 12.9335 2.1732 56.7184 -4.7484 -2.4194
Car -1 -1 -5.1370 713.5442 181.1512 764.3820 209.4520 1.4986 1.5427 3.4951 7.2732 1.9937 41.1959 -4.9640 -2.5653
Car -1 -1 -5.1011 621.8334 182.3133 652.0268 198.2619 1.4287 1.6118 3.6635 2.5253 2.3593 69.0049 -5.0652 -2.5863
Car -1 -1 -7.2525 100.3805 160.8262 158.2736 192.3114 2.1928 1.7845 3.5340 -34.6234 1.3548 52.0330 -7.8374 -2.6202
Car -1 -1 -4.7733 412.2094 191.9738 443.0918 219.0761 1.3846 1.5074 3.3840 -10.5038 2.5274 41.2993 -5.0213 -2.6354
Car -1 -1 -4.9006 467.1441 185.4786 493.2204 202.9555 1.4958 1.6417 4.1329 -12.1390 2.7099 67.1881 -5.0791 -2.6906
Car -1 -1 -4.9124 505.2723 186.8195 546.5223 214.6677 1.4554 1.6428 3.8192 -4.9600 2.3053 41.8568 -5.0302 -2.7615
Car -1 -1 -3.8643 161.8094 190.8511 361.9449 288.1115 1.5318 1.5877 3.1813 -6.5521 1.9199 13.7965 -4.3008 -2.8750
Car -1 -1 -5.0118 794.0072 182.5589 840.5079 207.7466 1.4734 1.6896 4.1039 13.0781 2.1180 45.8763 -4.7363 -2.9775
Car -1 -1 -5.1543 826.1993 178.6568 890.9325 210.2547 1.5760 1.6683 4.1510 13.2872 1.9062 38.9375 -4.8282 -3.0337
Car -1 -1 -4.0272 323.4808 184.3638 373.3233 205.9874 1.5864 1.6395 3.8684 -20.7345 2.5329 57.2624 -4.3734 -3.4927
Car -1 -1 -4.9317 414.2148 179.1775 440.0113 197.6337 1.7015 1.6303 3.8322 -17.7913 2.3330 70.0202 -5.1800 -4.1914
Car -1 -1 -2.1608 49.3444 169.4690 113.1702 196.9449 1.7566 1.6686 3.6125 -34.8590 1.5399 47.5342 -2.7910 -4.2740
Car -1 -1 -7.3744 339.3293 184.2346 383.8210 206.6183 1.6227 1.6505 3.9620 -19.4264 2.5465 56.5070 -7.7044 -4.5426
Car -1 -1 -5.2235 650.7045 180.3511 685.3328 196.7208 1.4776 1.6270 3.8480 5.5050 2.2173 69.1299 -5.1448 -4.6172
Car -1 -1 -4.1788 449.7945 191.5829 494.2583 214.8720 1.6295 1.7180 3.7361 -10.6586 3.1315 55.8289 -4.3671 -4.7365
Car -1 -1 -2.9393 736.4699 178.4511 805.7889 202.7372 1.5727 1.6949 4.3589 10.9391 1.9666 49.1537 -2.7220 -4.8071
Car -1 -1 -4.7766 357.4879 184.8868 386.3436 210.8540 1.5890 1.5919 3.5965 -15.8789 2.4210 47.9397 -5.0952 -4.9184
Car -1 -1 -2.4063 241.1991 191.1219 354.5956 237.4208 1.6281 1.6359 3.9508 -12.1028 2.3700 27.9004 -2.8126 -5.0334
Car -1 -1 -3.0781 515.2398 183.4099 562.0865 200.0845 1.4468 1.5587 4.0799 -6.3755 2.4031 64.5340 -3.1766 -5.1135
Car -1 -1 -4.1045 597.0870 177.8966 640.3832 196.4608 1.6261 1.7579 4.4967 0.8271 2.1091 66.8148 -4.0926 -5.3314
Car -1 -1 -4.3330 762.0057 181.6277 810.6315 207.2264 1.4704 1.6768 3.7386 10.9559 2.0397 44.8331 -4.0954 -5.3315
Car -1 -1 -7.9997 843.8061 182.2307 893.1272 217.2672 1.4207 1.5279 3.7311 11.4575 1.8657 32.2919 -7.6622 -5.4828
Car -1 -1 -4.9509 429.6050 191.2311 463.1594 214.5597 1.4816 1.5168 3.4839 -11.5592 2.8212 50.7121 -5.1744 -5.5876
Car -1 -1 -4.9777 574.3849 182.6478 610.3592 204.4825 1.5077 1.6740 4.0677 -1.3904 2.2697 53.9734 -5.0039 -5.6900
Car -1 -1 -5.9697 274.9745 172.5176 342.2836 200.3137 1.7970 1.5873 3.7922 -19.8664 1.7749 47.5898 -6.3634 -5.7581
Car -1 -1 -3.8398 417.9879 184.6272 470.7743 206.0394 1.7921 1.7247 4.6372 -14.9768 2.8969 65.3628 -4.0645 -5.8237
Car -1 -1 -4.8886 577.3298 181.1532 613.7903 206.8730 1.5377 1.6585 4.0875 -1.0148 2.0995 46.7026 -4.9107 -5.8613
Car -1 -1 -5.0110 579.6930 180.3206 610.0463 198.0266 1.4933 1.6142 4.0020 -1.4165 2.1861 64.8235 -5.0332 -5.8867
Car -1 -1 -4.6563 481.8400 190.2415 509.1060 212.9432 1.3899 1.6183 4.5253 -7.9366 2.6526 50.0808 -4.8132 -5.9299
Car -1 -1 -4.5430 116.3510 185.6041 186.2076 224.0749 1.3343 1.6440 4.2290 -18.2428 1.8830 28.7973 -5.1037 -5.9376
Car -1 -1 -4.7809 638.7566 181.6271 659.4309 197.4005 1.4466 1.7241 4.3312 3.7848 2.3333 70.7732 -4.7281 -6.1095
Car -1 -1 -7.1735 1221.0520 175.0320 1241.0000 362.0923 1.4723 1.6230 4.2312 8.2667 1.4943 6.5321 -6.2936 -6.1980
Car -1 -1 -7.6323 680.9583 169.9111 709.5936 192.4713 2.1011 1.8083 4.4763 8.2431 1.8267 69.6090 -7.5153 -6.4108
