Car -1 -1 -7.8801 585.1314 175.5748 630.9887 219.3911 1.5666 1.6568 3.6814 -0.1762 1.6785 27.8961 -7.8870 7.8113
Car -1 -1 -4.2226 105.4862 190.7116 262.4965 256.5029 1.4252 1.7239 4.2339 -10.9977 1.9466 18.9361 -4.7430 7.2592
Car -1 -1 -7.1287 648.5010 171.7097 710.1224 199.3481 1.5530 1.6584 3.5628 4.0594 1.4884 42.3651 -7.0343 4.8696
Car -1 -1 -4.4662 414.1218 180.2082 456.6974 205.0780 1.4759 1.6529 4.2934 -11.1619 1.9690 46.2497 -4.7021 4.1772
Car -1 -1 -4.3720 385.4926 181.8117 435.7920 209.9524 1.4601 1.6026 3.6132 -11.1612 1.9854 40.4803 -4.6398 3.9371
Car -1 -1 -4.7782 634.3094 171.8253 661.7651 196.0752 1.6058 1.5999 4.4408 2.5629 1.5374 50.0132 -4.7277 -0.5034
Car -1 -1 -7.6967 649.0527 171.9169 685.2484 197.6916 1.5924 1.7401 3.9709 3.7095 1.5342 46.7106 -7.6184 -0.7758
Car -1 -1 -8.0738 921.9904 175.4623 986.7460 213.6993 1.3635 1.5284 3.3594 13.1330 1.4702 27.7813 -7.6367 -1.2065
Car -1 -1 -4.8845 837.6594 170.3591 886.2661 202.1608 1.4756 1.5797 3.9861 12.3110 1.3596 35.5724 -4.5543 -2.4919
Car -1 -1 -4.5083 318.3499 169.4707 349.7052 190.3485 1.6758 1.6662 3.9496 -22.9280 1.4039 59.9976 -4.8721 -2.6014
Car -1 -1 -7.7637 894.7262 175.4020 941.6863 210.0270 1.3581 1.5129 3.8006 13.0846 1.4732 30.6333 -7.3640 -3.0445
Car -1 -1 -4.7884 110.3468 178.9147 139.4247 198.3819 1.5345 1.7133 4.1502 -40.6443 2.0596 60.3819 -5.3790 -3.2630
Car -1 -1 -4.4597 739.9106 168.5909 769.4917 187.2178 1.7366 1.7508 4.4397 13.9814 1.3388 69.6491 -4.2627 -3.3234
Car -1 -1 -8.8954 895.2087 172.9796 1049.3619 222.6071 1.4057 1.6013 4.0466 11.1544 1.4097 22.5755 -8.4421 -3.3881
Car -1 -1 -7.4622 137.8382 172.0497 197.2772 200.7591 1.5471 1.6187 3.5601 -24.9569 1.5034 40.7656 -8.0088 -3.8269
Car -1 -1 -4.5813 631.5855 172.7599 659.9492 195.3629 1.6093 1.5969 3.9839 2.6571 1.6023 53.4767 -4.5323 -3.8980
Car -1 -1 -8.1510 825.7417 169.6702 876.0285 198.4640 1.5370 1.6247 3.7610 13.3881 1.3668 40.4124 -7.8336 -3.9878
Car -1 -1 -4.1995 329.3120 171.1176 372.7270 191.0100 1.5937 1.6307 4.0156 -21.4787 1.4543 59.9241 -4.5424 -4.2088
Car -1 -1 -2.8786 249.8338 189.0782 441.4163 266.2275 1.4574 1.5225 3.4334 -5.3943 1.8123 14.9016 -3.2209 -4.2270
Car -1 -1 -6.1727 518.9492 177.4495 586.2584 202.9805 1.5976 1.6903 4.1536 -3.6875 1.8986 46.3876 -6.2521 -4.4536
Car -1 -1 -4.7349 503.8760 177.9723 531.9944 204.4208 1.5197 1.6183 4.0796 -5.7403 1.8497 44.4241 -4.8631 -4.5013
Car -1 -1 -4.4956 699.2862 172.2822 728.5823 191.5592 1.5214 1.5845 3.8582 8.5080 1.4760 59.0309 -4.3535 -4.5149
Car -1 -1 -4.8903 458.3154 180.5335 485.1179 199.7518 1.5378 1.5863 3.8310 -11.8321 2.2137 61.4636 -5.0800 -4.6021
Car -1 -1 -4.6465 626.7296 178.3302 646.9830 196.6399 1.5020 1.5248 3.3628 2.3052 1.9854 61.9855 -4.6100 -4.6431
Car -1 -1 -8.5152 717.0759 171.3119 756.9194 188.5727 1.5398 1.6235 3.7872 11.6336 1.4020 66.4215 -8.3429 -4.6448
Car -1 -1 -7.4616 754.6657 171.5017 789.5302 188.5271 1.4632 1.6261 3.9879 14.4082 1.3467 64.1116 -7.2418 -4.6974
Car -1 -1 -4.6203 441.0768 180.0192 467.0562 198.9978 1.5338 1.7755 4.7297 -13.5127 2.1797 62.6199 -4.8323 -4.7581
Car -1 -1 -8.2616 856.1043 172.5676 910.2001 197.3837 1.3835 1.5855 3.7417 15.8461 1.3673 42.1350 -7.9045 -4.7804
Car -1 -1 -4.8070 442.2863 182.4391 469.6983 205.2176 1.5627 1.6009 4.1663 -11.5040 2.3041 53.6038 -5.0178 -4.9135
Car -1 -1 -5.1686 538.8277 174.4731 573.9636 195.9790 1.7241 1.5344 3.4813 -4.5116 1.8628 60.0204 -5.2437 -4.9648
Car -1 -1 -4.7691 467.6568 178.7100 496.0621 201.6227 1.4118 1.6055 4.4337 -8.5960 1.8201 47.9992 -4.9458 -5.0930
Car -1 -1 -5.2479 674.2614 170.4445 714.6863 191.9759 1.6969 1.5817 3.7441 6.8301 1.5067 58.8949 -5.1333 -5.5021
Car -1 -1 -1.9779 69.0826 178.2174 120.2481 199.0812 1.5972 1.7342 4.4592 -41.5431 2.0429 58.1080 -2.5965 -5.6081
Car -1 -1 -2.0783 72.4678 175.8158 123.6522 199.5006 1.6141 1.6130 3.1714 -36.1728 1.8287 50.9408 -2.6935 -5.7018
Car -1 -1 -4.9196 465.9596 180.6926 494.3875 198.6017 1.4775 1.6486 4.1495 -11.5192 2.1937 63.7147 -5.0981 -5.7870
Car -1 -1 -4.7341 498.5363 178.0692 521.9081 199.4505 1.4937 1.6258 4.0666 -7.4702 1.8962 53.5872 -4.8724 -5.8608
Car -1 -1 -7.1457 51.1617 0.0000 1241.0000 374.0000 1.5529 1.5930 3.8069 -1.2980 1.6510 1.0027 -7.9392 -5.8867
Car -1 -1 -4.2191 156.4473 180.6565 243.8602 217.3708 1.4952 1.6313 4.1357 -18.2924 1.8672 32.3513 -4.7304 -6.0169
Car -1 -1 -7.1506 1095.6971 184.8563 1241.0000 374.0000 1.3421 1.5903 4.1030 4.9150 1.4149 3.5129 -6.2395 -6.1821
Car -1 -1 -4.7121 407.3842 176.9700 432.6782 201.5369 1.6355 1.6622 4.3571 -13.4887 1.9401 51.1310 -4.9690 -6.9805
