Car -1 -1 -7.8784 568.1827 185.6897 653.6463 268.9042 1.5740 1.6885 3.6650 -0.0910 1.8928 16.0790 -7.8852 7.3465
Car -1 -1 -5.7810 0.0000 202.2864 29.7796 245.3832 1.4768 1.5821 3.9431 -24.9615 2.6521 27.6034 -6.5114 0.9209
Car -1 -1 -4.9879 944.6790 179.4663 1008.3052 219.5366 1.5063 1.5369 2.9383 14.7343 1.7884 29.2333 -4.5256 -0.0812
Car -1 -1 -4.3108 286.3616 187.2467 343.8232 220.1287 1.8199 1.7221 4.2103 -17.8981 2.7377 43.9076 -4.6962 -0.2534
Car -1 -1 -4.2724 264.7326 187.2476 321.4162 218.0735 1.5899 1.6601 3.2939 -17.7385 2.4297 40.4446 -4.6837 -0.6300
Car -1 -1 -5.9632 310.7981 173.8911 370.7001 197.7597 1.7040 1.6413 3.7565 -19.5755 1.7804 52.4764 -6.3188 -0.6627
Car -1 -1 -7.5546 412.9815 188.6304 483.3964 233.0506 1.5884 1.7001 3.9147 -6.5135 2.2720 29.2563 -7.7724 -0.7211
Car -1 -1 -4.0702 692.0304 181.5469 738.8651 203.7608 1.5757 1.6436 3.6548 7.9619 2.2548 54.5202 -3.9264 -1.6516
Car -1 -1 -9.2842 1175.4692 182.2632 1241.0000 226.0722 1.5107 1.6697 4.1227 24.5869 1.9016 27.8905 -8.5674 -1.9921
Car -1 -1 -8.2054 852.5453 183.3443 913.3211 215.7564 1.4306 1.6131 3.4939 13.0226 1.9607 34.7303 -7.8500 -2.1158
Car -1 -1 -8.1027 815.1541 184.3698 859.7728 211.6323 1.4462 1.5791 3.7233 13.0760 2.1430 41.7809 -7.8019 -2.6547
Car -1 -1 -8.0351 289.4356 194.6463 350.4425 232.2363 1.3757 1.7104 4.2754 -12.6808 2.3889 31.2949 -8.4176 -2.7643
Car -1 -1 -4.3120 428.9227 189.8054 474.7315 216.0855 1.6656 1.6639 4.1381 -11.0945 2.9088 50.7399 -4.5267 -2.8604
Car -1 -1 -4.9887 782.8724 184.4829 824.8828 208.5659 1.4951 1.7138 3.9381 12.9948 2.3116 48.6940 -4.7300 -3.0922
Car -1 -1 -7.7067 223.8472 177.6674 269.9055 213.3944 1.8823 1.7187 4.2487 -20.5565 2.1702 40.9176 -8.1699 -3.5829
Car -1 -1 -7.2784 344.9850 193.0319 427.6733 229.1061 1.3930 1.6205 4.0107 -9.9945 2.3595 32.4197 -7.5757 -3.6839
Car -1 -1 -5.1000 538.7469 184.0009 570.4836 201.3319 1.5862 1.6861 4.1080 -5.5085 2.7186 71.1016 -5.1774 -3.7814
Car -1 -1 -7.9014 189.2935 170.0693 212.2940 189.1429 1.6202 1.5924 3.4600 -35.8700 1.3833 63.1775 -8.4162 -3.9345
Car -1 -1 -7.2356 1131.1948 154.4763 1219.5188 183.6854 1.4967 1.6567 4.0643 29.9985 0.5547 38.3512 -6.5756 -4.0887
Car -1 -1 -7.9040 206.7818 197.4016 255.4911 237.1023 1.3767 1.5791 3.3227 -15.3686 2.4294 29.1183 -8.3863 -4.1831
Car -1 -1 -8.0013 758.4394 182.9204 786.8167 203.3729 1.5062 1.6256 3.8874 12.8030 2.3303 57.0988 -7.7823 -4.2450
Car -1 -1 -4.3481 324.5150 188.0423 375.3351 216.4468 1.7782 1.8428 4.4099 -17.8943 2.8723 49.7703 -4.6919 -4.3264
Car -1 -1 -7.9708 1132.0015 178.7774 1195.9612 220.2167 1.6023 1.6421 4.2972 23.5162 1.8736 30.8163 -7.3241 -4.4057
Car -1 -1 -4.5468 560.1722 184.3351 583.6078 201.9355 1.6224 1.6824 3.9748 -3.7529 2.7892 71.2792 -4.5997 -4.4241
Car -1 -1 -8.2443 626.3170 185.6297 669.1087 209.7392 1.5712 1.6538 3.9624 2.6105 2.5196 51.4364 -8.1945 -4.5348
Car -1 -1 -3.9188 1.8111 181.0849 107.4241 222.4384 1.7241 1.6380 3.7200 -25.1775 2.1205 32.8191 -4.5694 -4.5404
Car -1 -1 -4.6542 508.5631 187.7052 539.3794 216.0030 1.5072 1.5854 3.5637 -5.0257 2.4125 42.1733 -4.7727 -4.6224
Car -1 -1 -4.4734 715.5517 182.1108 781.3673 224.3838 1.4618 1.6475 3.8554 5.3858 1.8472 27.9652 -4.2857 -4.7964
Car -1 -1 -8.7137 951.3888 155.5820 1016.0983 177.7173 1.4128 1.7302 3.5497 24.7822 0.3101 48.0213 -8.2398 -4.8214
Car -1 -1 -5.3052 700.7351 182.3999 746.2720 202.3820 1.4735 1.5994 4.0202 8.9605 2.2616 57.4305 -5.1517 -4.8433
Car -1 -1 -4.6279 479.4891 191.6131 505.6906 212.2657 1.5972 1.8733 4.1625 -10.0493 3.2606 61.8470 -4.7889 -5.0307
Car -1 -1 -4.5803 862.8486 185.1008 897.4116 210.6095 1.3986 1.4872 3.6879 16.2574 2.1692 43.4379 -4.2249 -5.0662
Car -1 -1 -8.5878 598.7870 187.6980 688.7454 224.1813 1.4767 1.6705 4.3008 1.4405 2.2039 33.1743 -8.5456 -5.0846
Car -1 -1 -8.1683 824.7337 183.3105 882.9942 216.5320 1.4635 1.5621 3.7487 11.6606 1.9954 34.8465 -7.8485 -5.2414
Car -1 -1 -5.7105 703.9200 181.0686 762.5355 203.5139 1.5281 1.6552 3.9293 8.9028 2.1472 52.4746 -5.5439 -5.2476
Car -1 -1 -4.8404 747.8555 182.6490 771.9578 200.6339 1.4478 1.5640 3.6607 12.8298 2.3151 62.0211 -4.6378 -5.2551
Car -1 -1 -4.9494 769.8054 183.6781 810.1940 208.6861 1.5010 1.7239 3.6012 11.5591 2.2279 46.6725 -4.7086 -5.2967
Car -1 -1 -6.9630 812.0310 170.9932 877.3770 197.7082 1.9669 1.6920 4.7013 17.7854 1.8296 54.7572 -6.6509 -5.3888
Car -1 -1 -4.9504 791.8377 184.0255 836.0953 210.5699 1.4151 1.5903 3.9126 11.8084 2.0976 42.1163 -4.6795 -5.6077
Car -1 -1 -7.6823 410.9145 187.1897 519.7659 283.6669 1.4536 1.3565 3.3496 -2.5453 1.7463 13.0596 -7.8720 -5.6181
Car -1 -1 -6.8898 1241.0000 161.8657 1241.0000 374.0000 1.5713 1.6804 3.7743 8.3963 1.4936 6.4251 -5.9945 -5.6297
Car -1 -1 -4.5617 584.4147 181.2896 624.9819 211.7783 1.5460 1.6510 4.0977 -0.2774 2.0375 39.9199 -4.5692 -5.8519
Car -1 -1 -4.5908 588.9460 180.2052 621.7628 205.7083 1.4977 1.6106 3.9500 -0.2855 1.9830 45.6115 -4.5975 -5.8867
Car -1 -1 -8.6710 1141.7549 237.0641 1241.0000 374.0000 1.5126 1.9223 4.3271 6.3021 2.1727 5.2274 -7.8216 -5.8881
Car -1 -1 -4.8595 586.3052 182.1372 617.8831 206.5219 1.6018 1.6545 4.0411 -0.6321 2.2869 51.1435 -4.8723 -5.8918
Car -1 -1 -8.0891 1020.5532 172.8100 1073.8766 203.4994 1.4630 1.5145 3.4286 21.8622 1.4606 36.2588 -7.5504 -6.0391
Car -1 -1 -4.6220 361.8199 188.9108 392.9586 217.2523 1.8112 1.7449 3.5904 -16.1904 2.9724 50.2534 -4.9325 -6.3477
