Car -1 -1 -7.8711 568.1477 183.3722 656.9617 269.5353 1.5669 1.6728 3.6280 -0.0429 1.8178 15.3995 -7.8750 6.7200
Car -1 -1 -5.7613 0.0000 197.4462 45.4000 239.1661 1.5032 1.5567 3.7487 -24.8681 2.5104 28.4409 -6.4752 1.5048
Car -1 -1 -7.5242 734.5324 185.0743 801.6693 221.1549 1.3943 1.6656 3.9927 6.9124 1.9632 31.4715 -7.3106 -0.8180
Car -1 -1 -8.1515 788.6567 183.1199 829.9670 207.4440 1.4882 1.6075 3.6661 13.0554 2.1911 47.5695 -7.8858 -0.9699
Car -1 -1 -6.1558 0.0000 188.8226 95.8800 223.5274 1.4271 1.6505 4.0902 -26.1711 2.1970 33.0450 -6.8218 -1.4718
Car -1 -1 -5.2069 238.5111 193.0012 324.1981 231.2614 1.4368 1.6064 4.0682 -14.1686 2.3525 30.9350 -5.6335 -1.4883
Car -1 -1 -8.8577 925.9160 179.3492 1030.6484 219.2623 1.5316 1.6709 3.5725 15.3360 1.8217 30.2887 -8.3934 -1.5560
Car -1 -1 -4.0759 288.1674 187.5360 353.9415 220.1273 1.8417 1.7980 3.9453 -17.9131 2.7972 44.8356 -4.4543 -1.7753
Car -1 -1 -4.9555 769.3959 183.1941 807.1086 207.3889 1.4823 1.5787 3.6038 11.6679 2.1894 47.5544 -4.7169 -2.2682
Car -1 -1 -7.9482 811.3978 182.5356 845.8506 209.8882 1.5605 1.6615 3.9674 13.4786 2.1892 44.7651 -7.6582 -2.6134
Car -1 -1 -7.3941 701.1961 185.9274 774.0646 222.0030 1.4372 1.6513 3.9210 5.7286 2.0599 32.3138 -7.2209 -2.6751
Car -1 -1 -6.0178 313.8111 174.2267 375.1096 198.3186 1.7448 1.6275 3.9657 -19.6214 1.8479 53.3489 -6.3689 -2.7142
Car -1 -1 -4.5398 292.4939 191.6297 346.2508 228.3954 1.4252 1.5948 3.6384 -12.8190 2.3055 31.8995 -4.9194 -3.0997
Car -1 -1 -3.6476 731.6560 183.6883 806.9858 208.0587 1.4406 1.6600 4.3663 9.9678 2.1424 45.3381 -3.4331 -3.2128
Car -1 -1 -4.4506 366.1465 184.5163 398.4870 205.6453 1.6074 1.5852 3.8172 -18.5921 2.5917 58.9740 -4.7551 -3.2240
Car -1 -1 -4.6541 704.2552 182.0600 727.0726 202.7871 1.4871 1.5450 3.1549 8.0449 2.2100 54.9807 -4.5100 -3.3834
Car -1 -1 -8.7530 967.6529 151.7426 1039.1071 179.7668 1.7425 1.7747 3.7979 25.4989 0.4295 46.9584 -8.2582 -3.5798
Car -1 -1 -3.7625 492.2914 188.0829 553.2877 212.6280 1.5139 1.6825 3.8322 -5.9013 2.5838 48.7924 -3.8827 -3.6109
Car -1 -1 -4.6823 836.3939 183.6651 868.2674 211.9297 1.4426 1.5934 3.8369 13.5951 2.0801 40.4902 -4.3611 -3.7604
Car -1 -1 -7.6358 432.3522 186.1714 488.1782 225.9538 1.5810 1.6238 3.8127 -6.5848 2.2045 31.8781 -7.8385 -3.8293
Car -1 -1 -4.1990 218.6050 176.5499 273.9664 201.3620 1.5147 1.5437 3.7421 -23.4143 1.7624 46.5216 -4.6632 -3.8577
Car -1 -1 -4.9024 759.7837 180.4585 789.1394 201.3124 1.5729 1.5898 3.8027 13.0975 2.2016 57.7520 -4.6810 -4.0386
Car -1 -1 -4.9666 468.3258 189.7529 507.7877 214.0107 1.4865 1.6740 4.1674 -8.4548 2.7001 49.5864 -5.1351 -4.3682
Car -1 -1 -8.1272 187.9031 166.4607 222.1525 188.1439 1.8677 1.6990 3.7790 -36.0106 1.3167 64.0876 -8.6375 -5.1676
Car -1 -1 -1.9930 15.8698 165.7293 79.5356 197.3200 2.0341 1.8462 4.0979 -37.6307 1.5751 48.2373 -2.6529 -5.3194
Car -1 -1 -2.8597 0.0000 134.8885 253.4829 374.0000 1.4913 1.8570 4.9496 -4.6770 1.4209 3.5080 -3.7503 -5.5217
Car -1 -1 -4.4288 553.5735 182.7863 582.5278 202.7255 1.6537 1.5424 3.8728 -3.7069 2.5621 63.9541 -4.4869 -5.5784
Car -1 -1 -7.1637 129.2208 170.1913 181.3887 194.2142 1.7320 1.5496 3.2834 -33.8459 1.5397 53.7498 -7.7236 -5.6636
Car -1 -1 -4.7472 414.5719 181.6926 439.3216 205.0045 1.6398 1.6734 3.8895 -13.8706 2.3322 54.4492 -4.9958 -5.7990
Car -1 -1 -8.1282 1198.9797 166.2837 1241.0000 341.3155 1.5083 1.7503 4.2657 8.5217 1.4514 8.5107 -7.3597 -5.8609
Car -1 -1 -4.4724 576.9604 180.9659 620.8107 208.7581 1.5287 1.6780 4.2024 -0.6451 2.0395 43.2268 -4.4878 -5.8763
Car -1 -1 -6.9717 0.0000 0.0000 1241.0000 374.0000 1.5014 1.6033 3.8479 -2.0875 1.5822 1.3700 -7.8745 -5.8867
Car -1 -1 -7.5640 151.5266 0.0000 1241.0000 374.0000 1.5553 1.5936 3.8083 -0.4940 1.6485 1.0035 -7.9392 -5.8867
Car -1 -1 -4.6161 585.9540 180.5613 623.2717 210.6171 1.4815 1.6247 4.0433 -0.2774 1.9171 38.7216 -4.6238 -5.8897
Car -1 -1 -7.4041 1241.0000 167.1801 1241.0000 374.0000 1.3823 1.5659 4.1862 7.4256 1.3501 5.2148 -6.4720 -6.0595
Car -1 -1 -4.4946 535.7923 182.7071 561.7914 201.2958 1.5267 1.5262 3.6073 -5.3504 2.4146 63.1521 -4.5793 -6.1883
