Car -1 -1 -4.3053 53.8970 170.2426 229.5074 256.7170 1.6675 1.6928 4.2714 -10.2632 1.6168 16.1524 -4.8642 6.8190
Car -1 -1 -7.8681 563.3781 174.1065 662.1149 267.7941 1.5485 1.6412 3.6587 -0.0415 1.5754 13.8194 -7.8722 6.8187
Car -1 -1 -7.3001 768.5795 160.6472 1008.8115 284.7986 1.5989 1.6702 3.9164 4.3391 1.4414 11.1482 -6.9386 6.7572
Car -1 -1 -7.5217 871.3516 177.9158 1174.6633 351.7989 1.3836 1.7209 3.7785 4.5092 1.4510 7.7518 -7.0119 6.5952
Car -1 -1 -4.0460 0.0000 180.6484 112.1789 304.0273 1.4654 1.5802 3.9230 -9.5933 1.6036 10.8186 -4.7592 5.7329
Car -1 -1 -7.3942 749.1245 176.8102 908.4072 253.7109 1.3580 1.5702 3.9601 4.5739 1.4504 14.9287 -7.1032 2.7719
Car -1 -1 -7.9160 1187.6036 175.6378 1241.0000 374.0000 1.4523 1.5998 3.7138 4.4511 1.4759 4.2449 -7.1414 2.3732
Car -1 -1 -8.6426 668.5464 177.7311 786.7323 228.3775 1.4580 1.5835 3.6711 3.6346 1.6269 23.0937 -8.4892 0.1685
Car -1 -1 -4.7052 476.8268 177.0247 495.9138 194.5406 1.4787 1.6180 4.0243 -10.9792 1.8607 64.0350 -4.8746 0.0749
Car -1 -1 -8.4327 1013.2477 172.9538 1100.0717 204.8226 1.4244 1.5762 3.9604 21.0538 1.4291 34.2670 -7.8859 -0.0988
Car -1 -1 -7.3676 676.4350 175.3252 727.0875 200.3516 1.5054 1.5932 3.8236 5.8324 1.6690 45.8246 -7.2423 -0.3324
Car -1 -1 -4.6664 604.0287 174.6965 621.3864 190.0866 1.4706 1.5499 3.6914 0.2706 1.6571 71.2799 -4.6629 -0.7480
Car -1 -1 -7.8396 697.8373 178.1185 732.1682 208.8259 1.3963 1.5819 3.6886 5.1325 1.6686 35.4200 -7.6974 -1.0414
Car -1 -1 -7.5683 722.5434 177.2931 775.5379 207.7887 1.4191 1.5931 3.8861 7.0009 1.6549 36.2780 -7.3797 -1.8702
Car -1 -1 -4.4832 490.6051 179.5294 520.7745 198.7631 1.4485 1.5677 3.7824 -8.3224 1.9995 57.6442 -4.6263 -2.5802
Car -1 -1 -7.4282 202.1657 167.2370 262.0139 203.0512 2.2476 1.8267 4.4097 -24.8357 1.8948 47.5333 -7.9076 -3.0710
Car -1 -1 -4.5204 467.3539 178.5267 502.0050 200.3929 1.4298 1.6173 4.1662 -8.7300 1.8420 50.3679 -4.6915 -3.4545
Car -1 -1 -4.7804 477.5554 180.6268 500.9613 199.7589 1.4230 1.5697 3.9552 -9.6742 2.0646 57.4814 -4.9468 -3.5685
Car -1 -1 -4.9480 714.2195 175.5693 745.9693 194.7846 1.4049 1.6182 3.4538 9.0956 1.6184 55.0388 -4.7855 -3.7340
Car -1 -1 -7.6387 753.0192 176.3119 800.9146 207.7315 1.4568 1.5418 3.8904 8.3386 1.6391 36.0031 -7.4134 -3.7972
Car -1 -1 -7.8344 407.4858 182.4368 434.2257 206.2782 1.3691 1.5403 3.7722 -11.8116 1.9941 45.0686 -8.0897 -3.8866
Car -1 -1 -4.9831 730.6265 170.9362 756.7777 186.6315 1.5030 1.6109 3.6264 13.1014 1.3191 70.9741 -4.8016 -4.2520
Car -1 -1 -4.9923 440.5486 178.9130 480.6992 202.2413 1.4936 1.6117 4.1527 -10.3327 1.9281 49.5598 -5.1972 -4.3346
Car -1 -1 -2.4412 114.1710 176.1501 232.8289 222.3400 1.6704 1.6431 3.6552 -16.5503 1.8001 27.3532 -2.9813 -4.6409
Car -1 -1 -3.6710 1066.1366 158.4335 1209.8792 200.5636 1.4307 1.6892 3.7688 18.5261 0.9407 25.5184 -3.0486 -4.7184
Car -1 -1 -8.2633 950.9807 166.3042 1044.9211 208.4976 1.4563 1.6144 3.9606 14.3059 1.2299 26.9385 -7.7799 -4.7650
Car -1 -1 -7.8558 755.3315 178.0884 815.3441 227.6408 1.3835 1.6786 3.8413 5.4279 1.5624 22.6420 -7.6241 -4.8053
Car -1 -1 -8.4674 1082.6251 189.8790 1241.0000 311.6998 1.3995 1.6983 4.0175 9.1622 1.7057 10.9291 -7.7837 -4.9902
Car -1 -1 -4.5475 229.8738 186.3131 275.1997 215.7148 1.4541 1.6016 3.9575 -19.6666 2.2350 39.7553 -5.0045 -5.2578
Car -1 -1 -4.8082 573.1500 176.6847 614.0247 205.7634 1.3406 1.6373 4.1115 -0.9133 1.5426 35.9679 -4.8339 -5.3863
Car -1 -1 -4.8067 568.7309 176.7826 604.8274 201.8864 1.3272 1.6672 3.9563 -1.3987 1.5607 40.8636 -4.8412 -5.4485
Car -1 -1 -4.3745 13.7023 192.1792 130.3548 247.3510 1.2979 1.5442 3.4022 -14.9035 1.8861 20.1227 -5.0058 -5.6191
Car -1 -1 -4.8838 607.6230 176.6844 649.1982 203.5039 1.3653 1.5806 4.1286 0.9145 1.5861 39.5057 -4.8613 -5.8683
Car -1 -1 -5.1358 622.1398 177.6456 662.0155 199.3790 1.6113 1.5535 4.1499 2.4473 2.0022 56.6865 -5.0934 -5.9405
