Car -1 -1 -7.1600 681.3778 179.3145 774.7221 222.4270 1.5207 1.6473 3.5742 4.5363 1.7852 27.7837 -7.0005 6.9988
Car -1 -1 -4.2689 265.8973 189.1660 355.5581 234.0213 1.4279 1.6006 3.5995 -10.7834 2.0604 26.1496 -4.6569 6.4463
Car -1 -1 -7.8905 590.8106 180.6345 634.9271 222.3514 1.5888 1.6871 3.7405 0.0196 1.9334 30.0879 -7.8906 6.3228
Car -1 -1 -4.3690 327.7320 184.2868 402.8040 225.4187 1.6098 1.7344 4.3845 -10.6740 2.1464 31.6772 -4.6919 6.0270
Car -1 -1 -7.2713 649.5115 179.9254 713.0096 211.8210 1.5627 1.6311 3.5973 3.7638 1.9546 38.1092 -7.1742 2.7694
Car -1 -1 -7.1185 656.4238 181.3270 740.1674 214.8715 1.4689 1.6071 4.1647 4.2325 1.8976 34.5634 -6.9983 2.5504
Car -1 -1 -7.1431 675.5609 179.4841 764.4600 218.3745 1.5492 1.6259 3.9623 4.7712 1.8541 31.3023 -6.9939 2.2969
Car -1 -1 -7.4749 288.2425 170.7304 347.9666 201.2874 1.7394 1.8151 4.3943 -17.4497 1.6182 43.2707 -7.8563 2.1401
Car -1 -1 -5.0412 792.8481 179.8804 834.0397 202.5323 1.5264 1.6989 3.7905 14.5130 2.0492 51.7671 -4.7698 -0.6210
Car -1 -1 -2.6512 787.2730 179.9644 834.3732 199.3393 1.7723 1.7123 4.0376 19.2958 2.4766 69.4889 -2.3819 -0.7057
Car -1 -1 -3.9375 637.4640 179.7591 682.3054 198.0521 1.5199 1.6338 3.9460 4.3762 2.1439 63.3218 -3.8693 -1.0713
Car -1 -1 -5.2604 838.3176 182.0202 888.9490 205.4930 1.6051 1.7447 3.8589 18.5507 2.3048 53.0277 -4.9261 -1.2597
Car -1 -1 -8.5511 805.7084 180.9168 847.1432 197.8837 1.5525 1.6425 4.0492 21.0175 2.3619 70.2807 -8.2621 -1.7429
Car -1 -1 -7.4029 229.4610 172.4169 280.9688 195.9219 1.4124 1.6059 3.2887 -22.1047 1.3858 45.0040 -7.8573 -2.8767
Car -1 -1 -8.5865 641.6022 179.2124 700.2422 208.5070 1.6877 1.6584 3.5123 3.6684 2.0945 44.2929 -8.5049 -3.0026
Car -1 -1 -5.0186 771.6214 181.2036 801.4766 198.5644 1.5899 1.6446 4.1279 17.1230 2.4267 70.2279 -4.7809 -3.9404
Car -1 -1 -5.0159 844.3199 184.9332 896.8814 213.4348 1.4103 1.5956 3.8523 14.0899 2.1009 39.3140 -4.6747 -4.0252
Car -1 -1 -5.1516 632.8511 181.3207 673.0016 202.0990 1.6178 1.6858 4.2761 3.5187 2.3527 60.3516 -5.0942 -4.1945
Car -1 -1 -5.2503 785.2734 181.3070 833.3644 204.1882 1.6056 1.6687 4.0004 14.9342 2.2675 54.3724 -4.9841 -4.2374
Car -1 -1 -4.0014 601.5662 175.5635 673.9853 206.8678 1.7453 1.8378 4.4594 1.6652 1.9145 42.8782 -3.9634 -4.4569
Car -1 -1 -3.6046 839.0757 180.0507 948.8633 217.5804 1.3679 1.5619 3.5906 10.7749 1.6524 27.6104 -3.2367 -4.4973
Car -1 -1 -4.3324 556.2068 182.6161 591.1703 202.7477 1.5316 1.5503 3.8149 -2.9549 2.3566 58.9443 -4.3827 -4.5557
Car -1 -1 -7.7137 961.0786 185.2598 1024.3768 227.3548 1.4179 1.6105 4.0825 14.6925 1.9302 27.6862 -7.2309 -4.5913
Car -1 -1 -4.8017 815.7834 184.8046 846.4916 208.2673 1.4031 1.5682 3.8848 14.4220 2.2204 47.3083 -4.5081 -4.6470
Car -1 -1 -2.7037 190.1576 174.0146 265.7124 198.7151 1.5349 1.6462 3.9143 -24.2567 1.6098 45.8351 -3.1882 -4.6753
Car -1 -1 -4.3939 544.3385 179.3293 576.5161 199.6568 1.6888 1.7479 3.6878 -4.3322 2.2738 63.2224 -4.4625 -4.8553
Car -1 -1 -4.7269 630.7106 182.4216 655.3380 207.1273 1.5874 1.6295 3.6178 2.2075 2.2692 49.6113 -4.6832 -4.9919
Car -1 -1 -5.7569 564.2401 177.0688 607.9985 197.4977 1.7464 1.6388 3.5252 -2.1407 2.1283 63.8778 -5.7907 -5.1788
Car -1 -1 -4.4766 807.4853 179.7488 838.5536 199.3746 1.5701 1.6025 4.2408 18.1730 2.1792 61.5338 -4.1911 -5.2685
Car -1 -1 -8.0015 926.1337 186.0163 988.8699 227.2664 1.4343 1.6538 3.8310 13.5832 1.9914 28.4837 -7.5612 -5.4923
Car -1 -1 -4.8429 589.9077 182.3873 637.4929 219.0206 1.6044 1.7761 3.9616 0.0763 2.0908 34.7603 -4.8415 -5.5967
Car -1 -1 -7.7805 340.4149 170.3138 363.1947 189.8804 1.7146 1.6820 3.4986 -23.3009 1.4917 65.1372 -8.1229 -5.6428
Car -1 -1 -4.5827 575.3679 184.8680 604.0821 207.5020 1.5353 1.6200 3.9594 -1.4863 2.4545 53.1726 -4.6110 -5.8476
Car -1 -1 -4.9682 687.8472 177.9566 736.9788 208.9967 1.5437 1.6314 3.9930 5.3828 1.8315 38.6476 -4.8314 -5.9194
Car -1 -1 -4.8550 774.7043 183.1421 799.3264 201.5120 1.4209 1.5017 3.3448 14.5394 2.2936 59.4904 -4.6169 -6.1527
Car -1 -1 -7.4888 317.8749 164.3135 354.7646 185.9494 1.7438 1.6590 3.6849 -22.7362 1.0551 59.9989 -7.8497 -6.2790
