Car -1 -1 -7.4845 804.6238 167.9061 1038.6302 307.2710 1.5393 1.6436 4.0319 4.3981 1.4843 9.9864 -7.0813 7.8961
Car -1 -1 -4.2516 205.2454 185.1215 324.2420 239.9584 1.4524 1.6336 4.0390 -10.4393 1.8618 22.0595 -4.6893 7.7765
Car -1 -1 -4.0898 0.0000 180.8620 198.7092 276.0544 1.6749 1.6415 4.0942 -10.6714 1.8650 15.1011 -4.6969 6.9826
Car -1 -1 -7.1821 690.4890 170.3850 790.8550 215.5011 1.6027 1.7224 3.9057 4.9924 1.5147 27.5695 -7.0054 6.6486
Car -1 -1 -7.8770 583.0687 173.6683 694.0866 279.2486 1.5867 1.6729 3.5051 0.3844 1.6026 12.6275 -7.8485 6.4474
Car -1 -1 -7.1630 672.5952 173.5633 735.9642 203.1801 1.5069 1.4731 3.4890 5.0238 1.5462 38.5241 -7.0348 4.7045
Car -1 -1 -4.2021 293.6702 176.3547 360.3820 209.7848 1.6110 1.5659 3.7356 -14.5242 1.8004 37.1390 -4.5727 4.4691
Car -1 -1 -4.4678 428.4493 173.7927 468.9389 204.1333 1.7886 1.5583 3.8329 -9.9504 1.8488 44.5909 -4.6865 3.9056
Car -1 -1 -4.3569 388.1204 179.1624 448.5002 210.3862 1.5221 1.7104 4.2704 -10.1220 1.8758 38.2756 -4.6142 3.4813
Car -1 -1 -4.3830 468.6599 175.9433 508.8543 198.6158 1.6406 1.7230 4.3152 -9.2318 1.8860 55.1000 -4.5486 3.4237
Car -1 -1 -7.1190 658.1205 174.8452 721.1313 199.4966 1.4617 1.6006 4.0653 4.9695 1.5911 45.0476 -7.0103 2.3578
Car -1 -1 -7.3948 373.0636 178.6636 421.0062 202.7034 1.4767 1.5551 3.6327 -13.9020 1.8717 47.1740 -7.6802 1.3162
Car -1 -1 -4.3592 518.8397 175.9239 550.5960 193.1825 1.5419 1.6567 4.0386 -7.0141 1.8376 67.3942 -4.4629 1.3064
Car -1 -1 -4.5737 450.7492 177.1109 479.4666 197.9083 1.5427 1.6365 4.2386 -11.3448 1.8889 56.5718 -4.7710 -0.2909
Car -1 -1 -7.7712 618.4794 166.1026 641.2728 185.0578 1.5937 1.6728 3.8060 1.7303 1.0258 62.6491 -7.7440 -1.8335
Car -1 -1 -8.0162 582.7328 177.6152 655.2839 233.0268 1.4869 1.5752 3.6820 0.1359 1.6422 21.6363 -8.0109 -2.0527
Car -1 -1 -8.0745 589.0855 176.2849 647.6706 216.8157 1.4771 1.5868 3.4083 0.2246 1.6208 28.4397 -8.0674 -2.4786
Car -1 -1 -7.7859 763.0591 172.4497 782.6568 188.0683 1.4455 1.5888 3.5448 15.5069 1.4078 68.7039 -7.5651 -3.0719
Car -1 -1 -7.7615 535.6107 173.0368 567.5972 198.6935 1.5196 1.6267 3.8644 -3.6103 1.5311 44.7042 -7.8420 -3.1057
Car -1 -1 -4.3803 493.7305 178.6100 522.4986 194.9983 1.4450 1.5368 3.6508 -9.4383 1.9941 66.9218 -4.5202 -3.5238
Car -1 -1 -4.3817 781.2640 173.3484 840.4636 205.8105 1.5438 1.6478 4.1249 10.1854 1.5701 36.5487 -4.1124 -3.5366
Car -1 -1 -4.7027 556.5191 181.0629 577.4009 201.3958 1.4663 1.5469 3.5619 -3.3122 2.1161 55.3200 -4.7627 -4.1480
Car -1 -1 -6.2586 551.5310 172.7680 626.8290 198.4708 1.5230 1.6771 4.4622 -1.2735 1.5176 43.6028 -6.2881 -4.2669
Car -1 -1 -2.0099 146.8023 180.4814 216.6363 211.0461 1.4305 1.5790 3.7623 -21.6270 1.8324 36.3353 -2.5438 -4.2994
Car -1 -1 -7.3767 195.6291 180.8262 262.1754 210.6032 1.4270 1.4987 3.7343 -19.7334 1.8611 37.4504 -7.8590 -4.3624
Car -1 -1 -3.9294 0.0000 177.2465 86.0904 263.4014 1.7175 1.7542 4.2176 -14.7326 1.8325 16.7698 -4.6424 -4.7801
Car -1 -1 -4.4862 496.6342 178.1708 541.5428 207.9407 1.5007 1.5897 3.8512 -4.9055 1.8031 39.0831 -4.6107 -4.9801
Car -1 -1 -7.9396 607.4538 170.2613 635.3696 194.4897 1.7474 1.7415 4.0963 0.7889 1.5602 54.1451 -7.9255 -5.4051
Car -1 -1 -8.1736 824.3544 168.0002 866.9726 200.3452 2.5328 1.8797 4.7953 19.1424 2.1524 58.9051 -7.8613 -5.5301
