Car -1 -1 -7.2019 696.1860 176.9176 803.0995 227.5856 1.5118 1.6215 3.5451 4.5629 1.6545 23.6017 -7.0139 6.5850
Car -1 -1 -7.8943 592.3280 179.4986 635.8886 220.6825 1.5849 1.6617 3.7375 0.0733 1.8809 30.2789 -7.8926 6.1431
Car -1 -1 -4.2076 199.1284 188.5296 310.4734 242.4360 1.4316 1.5339 3.4847 -10.7380 1.9475 21.9798 -4.6576 6.0042
Car -1 -1 -4.3432 282.6852 181.3640 374.9470 229.0978 1.6283 1.8234 4.3404 -10.6475 1.9787 27.5615 -4.7091 5.9946
Car -1 -1 -7.2491 666.7472 180.3336 755.7141 217.7267 1.4296 1.6286 4.2070 4.3007 1.7675 30.5256 -7.1111 3.8512
Car -1 -1 -7.1409 686.4041 177.8255 787.9817 222.0674 1.5206 1.6354 3.8547 4.7676 1.7196 27.0696 -6.9691 2.9080
Car -1 -1 -7.2325 655.4765 176.4369 734.0563 212.9066 1.5982 1.6632 4.0135 4.0113 1.7773 34.0672 -7.1169 1.6565
Car -1 -1 -2.5708 21.9547 178.7930 109.9301 204.8513 1.4510 1.5716 3.7983 -31.2866 1.8001 41.5184 -3.2136 -0.6509
Car -1 -1 -7.6235 633.0479 179.2160 659.7059 196.6717 1.5108 1.6148 3.7922 3.3343 2.1103 65.9847 -7.5736 -0.9379
Car -1 -1 -6.6156 649.5880 175.2913 719.1136 206.2403 1.6965 1.7002 3.5673 4.1661 1.8389 40.9854 -6.5156 -1.4156
Car -1 -1 -7.3739 198.0519 170.6159 261.2823 200.1052 1.6155 1.5806 3.9121 -21.8179 1.4926 41.4840 -7.8556 -2.2504
Car -1 -1 -4.6851 801.9507 179.0806 821.5869 197.2989 1.5476 1.6007 4.0791 18.1693 2.1268 64.9715 -4.4141 -2.5977
Car -1 -1 -4.6045 633.1255 180.4910 661.8967 204.2831 1.5160 1.5759 3.6726 2.5570 2.0565 49.1563 -4.5533 -2.6193
Car -1 -1 -4.7606 824.1750 175.7029 843.3599 192.8568 1.5791 1.5606 3.8917 21.4096 1.8602 69.1885 -4.4621 -2.9154
Car -1 -1 -8.3862 843.2263 177.3545 900.5773 202.0481 1.6290 1.7327 4.5138 18.3424 1.9606 50.8440 -8.0423 -2.9201
Car -1 -1 -5.0212 826.9349 179.4379 864.4722 201.2582 1.5458 1.5837 3.8086 17.6180 2.0572 54.1733 -4.7088 -3.4949
Car -1 -1 -4.2481 790.6821 179.7996 835.8631 200.7925 1.5019 1.6259 4.1855 15.5273 2.0523 55.1053 -3.9753 -3.8057
Car -1 -1 -4.5675 619.7073 177.5949 656.1088 205.6946 1.6582 1.6930 4.3676 1.7819 1.9730 45.6560 -4.5293 -4.3173
Car -1 -1 -4.1562 641.8301 180.4274 699.2219 206.0153 1.5774 1.8327 4.2768 4.0470 2.1055 48.0817 -4.0732 -4.3643
Car -1 -1 -8.2201 836.4395 181.5088 896.1631 210.2853 1.5111 1.6757 4.6373 14.6601 2.0384 41.6414 -7.8843 -4.4173
Car -1 -1 -4.3829 639.6017 178.4695 673.0809 198.3024 1.5456 1.5746 3.9289 3.8337 2.0252 59.5464 -4.3194 -4.6161
Car -1 -1 -4.1100 0.0000 179.4301 41.1441 243.0739 1.6510 1.8571 4.4947 -19.5232 1.8685 21.5502 -4.8400 -4.9961
Car -1 -1 -2.7363 265.0211 159.3128 329.3506 189.0155 2.2132 1.8352 4.0811 -23.6953 1.2039 54.6841 -3.1436 -5.2825
Car -1 -1 -7.5228 873.3241 181.8876 920.1226 205.9531 1.4736 1.6509 4.0987 19.0148 2.0987 47.8502 -7.1471 -5.2847
Car -1 -1 -4.4704 564.0156 180.4606 590.9995 198.4728 1.5284 1.5467 3.8789 -2.9174 2.2351 65.0123 -4.5155 -5.3213
Car -1 -1 -4.6982 488.3251 186.5774 512.9144 208.2581 1.3665 1.6327 4.3385 -7.6691 2.3715 50.5982 -4.8483 -5.5538
Car -1 -1 -4.6304 508.4905 183.4046 537.8031 205.6006 1.4271 1.6980 4.2855 -6.0818 2.1990 50.6320 -4.7498 -5.8791
Car -1 -1 -4.5105 515.6677 180.9564 544.6317 200.6041 1.5590 1.6486 4.1143 -6.7500 2.2690 61.1276 -4.6204 -5.8860
Car -1 -1 -4.7012 765.9464 177.0217 785.4021 194.9009 1.5386 1.6636 4.1019 14.9888 1.9282 65.3028 -4.4769 -5.8867
Car -1 -1 -5.0108 865.9506 175.2103 894.9846 192.2696 1.5430 1.5160 3.7119 25.3121 1.7699 67.6836 -4.6547 -5.9591
Car -1 -1 -4.5539 607.1486 177.4106 634.9258 197.1845 1.5431 1.6480 4.2387 0.9228 1.9331 59.5647 -4.5389 -6.1533
Car -1 -1 -6.6106 0.0000 120.0307 137.4907 374.0000 1.5482 1.6872 3.9248 -4.5250 1.4790 3.0677 -7.5449 -6.2949
Car -1 -1 -7.7534 139.5353 181.1810 314.4121 367.8916 1.7131 1.4460 2.7811 -4.2828 1.8267 8.3157 -8.2168 -7.8318
