Car -1 -1 -4.3169 189.9527 188.6035 354.0448 277.0254 1.4278 1.5663 3.7342 -6.4959 1.7789 14.2110 -4.7391 7.6902
Car -1 -1 -7.5190 874.3263 173.3851 1130.7534 332.3325 1.4665 1.6126 3.4802 4.6422 1.4737 8.4440 -7.0317 6.9104
Car -1 -1 -7.8818 589.4045 174.1661 634.3143 217.2084 1.5548 1.6259 3.6319 -0.0286 1.6088 28.0146 -7.8835 6.4230
Car -1 -1 -7.3400 777.2512 173.4877 995.5569 279.5045 1.4803 1.5446 4.2134 4.6723 1.4923 12.0409 -6.9789 6.4036
Car -1 -1 -7.1652 690.4957 171.9685 818.0624 222.7898 1.4650 1.5978 4.2810 4.5711 1.4391 22.7741 -6.9702 6.1357
Car -1 -1 -4.4694 426.3131 173.4429 468.3415 200.1205 1.7554 1.7470 4.7395 -11.2297 1.7979 49.9728 -4.6896 5.0318
Car -1 -1 -7.2132 660.4781 176.3836 750.4907 212.3866 1.3505 1.5919 3.9605 3.9040 1.5038 29.4270 -7.0832 3.7444
Car -1 -1 -7.6975 1033.3597 132.2050 1241.0000 374.0000 1.6058 1.6447 3.9492 4.3205 1.4524 4.6102 -6.9764 3.3074
Car -1 -1 -4.5208 401.2343 174.2938 431.7844 195.1206 1.6040 1.6731 3.7752 -15.4800 1.7228 57.7786 -4.7817 2.5917
Car -1 -1 -4.6101 473.7491 177.9935 507.4455 202.2859 1.4461 1.6966 4.2326 -7.6009 1.7891 46.0310 -4.7732 2.5794
Car -1 -1 -6.9518 1146.4633 158.7732 1241.0000 193.8516 1.6773 1.6414 3.9791 28.8453 1.0037 35.3439 -6.2715 1.8355
Car -1 -1 -7.1797 642.7000 164.3987 705.7533 197.2300 1.8969 1.7206 3.9458 3.8917 1.4081 43.7093 -7.0919 -0.3036
Car -1 -1 -4.4765 450.4829 175.5275 483.2979 196.4111 1.5504 1.6221 3.9560 -11.1092 1.7654 56.0928 -4.6715 -0.9711
Car -1 -1 -4.5211 366.5585 172.7390 393.3633 193.1211 1.8854 1.6920 4.0749 -21.9362 1.8744 68.8653 -4.8286 -1.7486
Car -1 -1 -5.4628 632.9241 174.4987 689.7540 197.4047 1.5045 1.6165 3.9893 3.4668 1.6223 49.7462 -5.3941 -2.5693
Car -1 -1 -4.3442 630.6100 171.5933 662.7888 188.8240 1.6143 1.7106 4.2210 3.5697 1.4958 69.8732 -4.2937 -2.6238
Car -1 -1 -2.5921 22.1660 163.0743 114.9189 194.2346 1.7913 1.7153 4.0795 -31.8751 1.2288 42.5171 -3.2325 -3.4675
Car -1 -1 -7.4398 92.9826 164.5958 156.5706 197.4566 1.8954 1.6997 4.0651 -29.3735 1.4188 43.7672 -8.0282 -3.8385
Car -1 -1 -3.6903 422.2911 177.2372 498.7133 204.3449 1.5136 1.6651 4.2086 -8.9001 1.7869 42.9942 -3.8936 -4.0624
Car -1 -1 -4.7442 778.8516 181.8424 819.3085 218.7617 1.4611 1.5679 3.6254 8.1416 1.8767 31.4400 -4.4937 -4.8462
Car -1 -1 -8.5219 783.6015 181.2385 866.7058 218.0260 1.4948 1.5796 3.7236 9.4954 1.8929 32.2621 -8.2388 -4.8634
Car -1 -1 -7.7748 262.0514 183.7341 320.9048 228.7439 1.3477 1.5446 3.2872 -10.6936 1.7408 24.2835 -8.1860 -5.0090
Car -1 -1 -4.7943 307.3462 161.2808 330.3574 181.7148 1.8793 1.7142 3.8862 -27.6744 0.8146 68.4801 -5.1771 -5.1135
Car -1 -1 -8.8453 0.0000 0.0000 1241.0000 374.0000 1.4698 1.4805 3.2464 1.9099 1.3882 0.7237 -7.7643 -5.1907
Car -1 -1 -7.6389 959.2228 171.1769 1020.6918 204.7482 1.4724 1.7514 3.9642 17.7604 1.3985 33.7282 -7.1581 -5.6171
Car -1 -1 -4.4467 234.5841 180.9303 368.2776 248.5759 1.4345 1.8967 4.7610 -7.6787 1.6676 18.3736 -4.8379 -5.8133
Car -1 -1 -4.5396 271.6911 177.0012 314.0003 203.7899 1.5098 1.6547 4.0630 -19.0953 1.7720 43.5062 -4.9512 -5.8430
Car -1 -1 -4.6922 287.2764 179.2653 323.8092 209.5095 1.4448 1.6669 4.4354 -15.9468 1.8018 37.8421 -5.0888 -5.9186
Car -1 -1 -4.6669 265.9206 181.3029 316.7467 220.3989 1.4212 1.6942 4.3976 -13.0353 1.7951 29.6032 -5.0787 -5.9736
Car -1 -1 -8.2423 655.9940 164.6452 697.2435 188.8797 1.8354 1.7105 4.3604 5.1814 1.2134 56.9825 -8.1524 -6.1484
Car -1 -1 -4.7224 245.4138 189.9459 317.0361 245.6418 1.3434 1.7409 4.5718 -9.7755 1.9064 21.3403 -5.1477 -6.1584
