Car -1 -1 -7.8636 585.5157 176.3327 666.4052 252.5555 1.5496 1.6637 3.6808 0.2864 1.6386 16.6825 -7.8477 7.3888
Car -1 -1 -7.2914 714.1475 171.7116 868.6642 244.8199 1.5369 1.6341 4.1142 4.3574 1.5126 17.1817 -7.0479 5.2250
Car -1 -1 -4.3517 307.5532 184.5596 387.4422 226.4655 1.5126 1.7218 4.0076 -10.5531 2.0185 29.1880 -4.6962 4.9032
Car -1 -1 -7.1940 672.1412 174.7809 752.2048 208.9746 1.5409 1.6915 4.0572 4.9267 1.6389 34.7643 -7.0549 3.8781
Car -1 -1 -3.7937 1112.7222 184.9041 1241.0000 225.3575 1.3533 1.5204 4.3342 20.3684 1.7907 25.4115 -3.1242 3.2924
Car -1 -1 -4.2288 200.2905 182.3699 319.9658 242.7190 1.6613 1.7365 3.8564 -10.7741 1.9829 22.4429 -4.6722 3.1907
Car -1 -1 -7.1840 658.0266 174.7827 716.9807 200.3321 1.5427 1.6041 3.9789 4.9257 1.6703 45.8485 -7.0781 2.9717
Car -1 -1 -7.2010 647.9120 174.8782 699.6298 197.1958 1.5453 1.6310 4.0269 4.6317 1.6977 52.3672 -7.1137 1.7848
Car -1 -1 -4.4711 427.5269 180.2767 470.5645 205.6101 1.4715 1.6894 4.1421 -10.0622 1.9580 45.2267 -4.6891 1.7253
Car -1 -1 -4.4066 485.3470 177.8212 518.8873 196.2795 1.5060 1.6644 4.2414 -9.2924 1.9499 62.2928 -4.5544 0.4570
Car -1 -1 -4.5530 402.6618 179.3582 431.9686 199.4246 1.4219 1.5364 3.8948 -14.5288 1.9306 54.4502 -4.8129 -1.2997
Car -1 -1 -7.9335 597.3760 177.9458 636.3441 210.4544 1.4814 1.6090 3.6888 0.2477 1.7442 35.3742 -7.9272 -1.6961
Car -1 -1 -7.7275 606.9120 166.0548 633.1577 188.0073 1.8888 1.7940 4.4945 0.9114 1.3035 64.4307 -7.7137 -1.9293
Car -1 -1 -5.9201 0.0000 183.8304 117.9699 231.0558 1.3631 1.6044 3.6090 -17.9192 1.7283 22.7276 -6.5822 -2.3743
Car -1 -1 -8.0500 589.3854 176.5373 645.2961 215.6333 1.5023 1.6247 3.6962 0.1977 1.6655 30.0649 -8.0441 -3.3259
Car -1 -1 -8.1007 940.2227 168.4836 1033.5214 221.2715 1.5378 1.6689 4.0743 11.9243 1.4101 23.1902 -7.6313 -3.5287
Car -1 -1 -3.1215 510.4908 179.9909 568.3333 203.4333 1.5967 1.6754 3.9825 -4.9724 2.1081 50.7384 -3.2191 -3.7146
Car -1 -1 -7.0388 244.7170 158.0930 310.8360 188.5620 2.0998 1.7479 4.3019 -23.9181 1.0822 52.0460 -7.4678 -4.0727
Car -1 -1 -4.9098 790.8105 155.0431 819.0381 175.9867 1.8058 1.6741 3.9485 17.2912 0.2698 64.2369 -4.6481 -4.0790
Car -1 -1 -4.8922 326.0194 179.0145 379.3625 217.1017 1.6531 1.6858 4.0188 -12.2782 1.9630 34.1775 -5.2350 -4.0894
Car -1 -1 -7.9133 601.5975 170.7840 625.6701 191.4623 1.6302 1.7204 4.0839 0.2376 1.4667 58.9698 -7.9096 -5.2423
