Car -1 -1 -7.8517 584.9905 173.1838 660.5038 244.6921 1.5476 1.6371 3.6633 0.2515 1.5562 17.4770 -7.8385 6.7735
Car -1 -1 -7.3209 702.0615 167.6606 841.9207 235.1876 1.5691 1.6677 4.2095 4.2802 1.4481 18.8726 -7.1019 5.1012
Car -1 -1 -3.7610 1082.9987 180.3495 1230.5215 219.4100 1.4020 1.6304 4.2699 20.3911 1.6920 27.0854 -3.1213 4.2573
Car -1 -1 -4.1115 49.0049 176.1500 235.8554 255.9239 1.6574 1.6222 4.2214 -11.0006 1.7460 17.3108 -4.6709 3.9537
Car -1 -1 -7.1987 665.9710 170.7894 744.7847 204.9326 1.6248 1.7955 4.1455 4.8221 1.5263 36.4377 -7.0686 2.8811
Car -1 -1 -4.4486 428.8210 177.8337 472.0686 202.3747 1.4941 1.7172 4.1616 -10.3452 1.8322 46.9077 -4.6649 1.9797
Car -1 -1 -7.1503 656.0408 172.0654 716.0048 196.4744 1.5343 1.6298 4.1354 4.9929 1.4844 47.3723 -7.0463 1.9162
Car -1 -1 -7.8042 1142.9000 161.8178 1241.0000 374.0000 1.5050 1.7001 4.1643 5.0463 1.4616 4.8517 -7.0295 1.4053
Car -1 -1 -4.3502 323.0464 180.4014 396.8024 219.0705 1.4936 1.6305 4.0393 -10.5861 1.8359 30.7123 -4.6798 1.3026
Car -1 -1 -7.2095 646.3592 172.0764 696.6570 192.4736 1.4645 1.6132 4.0858 4.5972 1.4084 53.8681 -7.1251 0.7312
Car -1 -1 -4.3571 484.4603 175.2839 518.2923 193.5195 1.5376 1.6613 3.9916 -9.5455 1.7584 63.5289 -4.5060 0.5192
Car -1 -1 -2.5383 99.4314 158.5375 182.8414 187.6209 1.4934 1.5955 3.3650 -24.6222 0.7579 37.8976 -3.1113 -1.3746
Car -1 -1 -4.5614 468.2546 174.3703 498.8274 196.6918 1.5773 1.6426 3.9833 -9.3232 1.6932 53.2691 -4.7342 -2.1100
Car -1 -1 -4.4598 360.2866 179.1106 423.4629 219.1788 1.5490 1.5961 4.0337 -9.1977 1.8315 30.5776 -4.7500 -2.7815
Car -1 -1 -4.6452 409.9106 172.9579 435.6305 194.0799 1.5787 1.6628 4.1085 -14.5520 1.5868 56.1217 -4.8981 -2.8356
Car -1 -1 -4.4165 484.9006 177.4655 536.4615 208.3296 1.5174 1.6190 3.9513 -5.2285 1.7744 38.1749 -4.5521 -3.5908
Car -1 -1 -4.1326 654.3802 177.2299 702.2299 202.0856 1.4286 1.4040 3.1305 4.1291 1.7035 43.7170 -4.0395 -4.5504
Car -1 -1 -7.1699 346.0716 161.6067 398.2863 187.7601 2.2189 1.8356 4.6767 -20.9611 1.2643 63.7279 -7.4867 -4.8087
Car -1 -1 -5.3702 524.6391 177.9907 592.3361 207.3767 1.4799 1.5940 3.8998 -2.8668 1.7715 39.0141 -5.4435 -5.2196
Car -1 -1 -3.9797 425.4717 178.9315 476.1416 200.7384 1.4320 1.5800 3.3999 -11.0888 1.8710 50.2901 -4.1960 -5.3625
Car -1 -1 -7.8527 641.5389 171.5615 663.9875 192.9994 1.5665 1.6389 4.1333 3.2194 1.4718 54.8360 -7.7947 -5.6827
Car -1 -1 -7.9420 28.4535 163.0658 76.1509 201.2255 1.7761 1.5490 3.6175 -27.4586 1.3202 35.4384 -8.5976 -5.9277
