Car -1 -1 -4.2628 202.0799 173.8520 329.8376 235.9016 1.7821 1.8497 4.5985 -10.8648 1.8170 23.1097 -4.6982 7.5975
Car -1 -1 -7.4792 840.0981 158.2097 1061.5393 293.9214 1.5779 1.6156 3.7357 4.9003 1.4073 10.2634 -7.0456 7.1751
Car -1 -1 -7.8537 588.0500 172.0259 654.3449 233.7441 1.5581 1.6743 3.6726 0.2531 1.5369 20.0615 -7.8421 6.7373
Car -1 -1 -4.3505 304.4185 177.3645 382.6147 220.8642 1.6206 1.6441 4.0470 -10.7698 1.8164 29.3361 -4.6998 6.5752
Car -1 -1 -7.6933 955.5678 168.7222 1241.0000 374.0000 1.4651 1.6399 3.5214 4.3648 1.4399 6.2035 -7.1029 5.1199
Car -1 -1 -7.2237 678.7987 168.6338 790.5374 218.6496 1.5533 1.6340 4.0922 4.2371 1.4219 24.4201 -7.0545 4.4723
Car -1 -1 -4.5458 372.9682 179.2791 420.8354 211.1942 1.4725 1.6342 4.1821 -10.6997 1.8151 36.3373 -4.8305 2.0705
Car -1 -1 -7.0989 659.3974 169.7729 727.6406 197.4282 1.5354 1.7265 3.9258 4.8522 1.3641 41.9861 -6.9851 1.7237
Car -1 -1 -7.1945 651.4304 172.4856 703.0427 193.4851 1.4817 1.6247 4.0643 4.9375 1.4554 52.9491 -7.1024 1.0062
Car -1 -1 -3.5511 1003.4966 178.1887 1114.1211 211.0928 1.4192 1.6098 3.9187 20.1146 1.6674 32.5376 -3.0019 0.4135
Car -1 -1 -7.8237 596.9764 173.9015 630.3797 204.5686 1.4719 1.5905 3.3610 0.1842 1.5270 36.4543 -7.8192 -0.3916
Car -1 -1 -5.1731 857.0587 160.1361 910.5807 191.6113 2.0644 1.8559 3.9338 18.6366 1.2300 49.3754 -4.8144 -1.5218
Car -1 -1 -2.0291 205.1024 173.1874 265.8466 200.1150 1.4858 1.6104 3.7723 -21.6623 1.5056 41.6242 -2.5066 -2.1644
Car -1 -1 -4.5792 499.4300 173.8780 521.3780 189.6613 1.4620 1.5758 3.9158 -9.5213 1.5625 69.0499 -4.7160 -2.4125
Car -1 -1 -8.1613 374.1009 180.8267 427.5376 209.4996 1.4379 1.6139 4.2170 -11.5690 1.8996 39.6082 -8.4440 -2.7665
Car -1 -1 -2.8073 359.0153 160.0105 429.3418 183.4372 1.6062 1.7473 4.3800 -15.0813 0.7253 50.4413 -3.0966 -2.8689
Car -1 -1 -6.0801 477.6407 176.6208 540.5324 199.4919 1.6019 1.7024 4.2194 -7.2505 1.8774 51.8457 -6.2187 -3.1555
Car -1 -1 -7.9703 1233.1908 179.0586 1241.0000 358.0244 1.4093 1.6352 4.0765 8.0343 1.4954 7.9423 -7.1980 -3.1873
Car -1 -1 -8.2299 1153.7145 183.3322 1241.0000 254.2895 1.5293 1.6426 3.8763 15.4707 1.8248 18.2683 -7.5357 -3.2119
Car -1 -1 -7.8146 606.5532 169.3554 625.2267 186.8297 1.6549 1.6692 3.9549 0.5801 1.3232 70.3463 -7.8066 -3.9682
Car -1 -1 -4.6491 1082.9144 188.3600 1241.0000 342.4449 1.4078 1.5520 3.6303 6.9497 1.6382 8.8521 -4.0004 -4.0405
Car -1 -1 -4.2492 645.3712 170.4221 685.3802 190.4912 1.5965 1.6577 4.0585 4.5821 1.4027 59.5643 -4.1732 -4.3791
Car -1 -1 -5.0430 1100.2397 184.5622 1234.6871 252.2199 1.4717 1.4903 3.8899 14.0443 1.8053 18.4944 -4.4018 -4.6108
Car -1 -1 -4.6288 632.9464 175.0162 654.3331 190.5480 1.4496 1.7234 4.4008 3.2877 1.6668 70.2733 -4.5826 -4.8665
Car -1 -1 -7.6618 561.0469 168.8908 590.0936 191.0258 1.7484 1.6488 3.9745 -2.8079 1.4350 59.0776 -7.7094 -5.2547
Car -1 -1 -8.9036 1241.0000 174.8846 1241.0000 374.0000 1.4171 1.5838 3.7931 5.4673 1.4296 2.6273 -7.8239 -5.4043
Car -1 -1 -9.1933 0.0000 0.0000 1241.0000 374.0000 1.5158 1.5936 3.7989 3.9151 1.4451 0.9933 -7.9400 -5.8867
Car -1 -1 -7.2934 655.1177 169.4092 710.6072 199.0070 1.8333 1.7312 3.9838 4.7322 1.6197 46.7976 -7.1937 -6.0042
Car -1 -1 -5.7206 327.5864 179.9277 394.2130 208.8322 1.5746 1.5092 3.2761 -14.1614 1.9867 40.9599 -6.0518 -6.1587
Car -1 -1 -7.9729 269.3638 168.6131 324.6156 215.1733 1.9365 1.7903 4.0983 -14.0751 1.7598 32.2310 -8.3819 -6.2580
Car -1 -1 -7.7374 228.3580 174.5457 259.3815 198.0031 1.4791 1.4617 3.1296 -24.0823 1.5942 47.4668 -8.2049 -7.4159
