Car -1 -1 -7.8376 593.9933 176.5330 637.3790 217.5871 1.5494 1.6591 3.7500 0.2146 1.7090 29.4640 -7.8310 7.1724
Car -1 -1 -7.4845 804.1700 177.2266 1039.4221 312.0021 1.4373 1.5850 4.1082 4.3493 1.5089 9.8493 -7.0805 6.7408
Car -1 -1 -7.4133 739.9358 167.8390 920.5224 270.1978 1.6169 1.6745 4.0193 4.1679 1.5374 13.4504 -7.1199 6.6988
Car -1 -1 -7.6297 961.7430 164.2059 1241.0000 374.0000 1.5274 1.6803 4.0179 4.8484 1.4720 6.5684 -7.0157 5.5592
Car -1 -1 -7.1982 698.4818 169.2518 833.5627 233.0963 1.6429 1.6435 4.0269 4.4462 1.5499 20.4976 -6.9882 4.9228
Car -1 -1 -7.2552 716.7286 177.5257 864.8619 247.4463 1.4356 1.5624 3.6875 4.2414 1.5562 16.8685 -7.0138 3.6164
Car -1 -1 -7.0830 658.7290 174.2607 734.7948 204.4882 1.5237 1.6519 4.0845 4.6223 1.6022 38.4794 -6.9649 3.4108
Car -1 -1 -4.6108 497.6806 178.8347 527.4658 203.2767 1.5442 1.6174 3.6404 -6.5210 1.9599 48.3344 -4.7446 3.0605
Car -1 -1 -7.1298 681.6634 174.8663 790.4472 216.9438 1.4897 1.6498 4.3626 4.8563 1.5724 27.7451 -6.9590 2.9414
Car -1 -1 -4.5148 475.7500 175.4981 506.2632 195.6071 1.7513 1.8820 4.5773 -10.8205 2.0005 65.7678 -4.6775 2.6855
Car -1 -1 -7.1011 647.4132 175.9156 710.1422 200.2708 1.4420 1.6060 4.0028 4.2988 1.6414 45.1313 -7.0072 2.2293
Car -1 -1 -6.7667 987.0337 163.4881 1071.9557 188.5494 1.7349 1.8378 4.8937 29.5392 1.0862 50.9639 -6.2441 0.0269
Car -1 -1 -4.1517 1113.7532 162.6566 1179.6273 187.7899 1.5164 1.6396 3.5973 33.3983 0.9009 44.9545 -3.5160 -0.5249
Car -1 -1 -4.5289 869.8273 174.2884 904.5363 198.0971 1.4892 1.5240 3.4642 18.1377 1.5866 47.2336 -4.1648 -0.8469
Car -1 -1 -7.2460 1029.4524 170.2263 1094.9237 194.4791 1.4242 1.5890 3.6291 27.4261 1.2696 43.8200 -6.6901 -1.9253
Car -1 -1 -5.5969 633.3093 168.9576 681.8027 190.9512 1.7224 1.6988 3.6662 3.7999 1.4169 58.3766 -5.5325 -2.2616
Car -1 -1 -5.4798 894.1749 175.9180 1010.8389 218.1184 1.4634 1.6547 4.0476 12.8864 1.5893 27.5219 -5.0464 -3.0007
Car -1 -1 -5.1203 996.4484 172.2218 1052.7386 196.5152 1.4372 1.6846 3.6677 25.5174 1.3995 44.5999 -4.6038 -3.3482
Car -1 -1 -4.6725 1095.2390 165.0920 1132.9108 193.7439 1.5839 1.6538 4.0158 29.3258 1.1545 41.9881 -4.0664 -3.3719
Car -1 -1 -8.5238 1190.6276 170.4931 1241.0000 249.4293 1.4465 1.5625 3.7365 14.3175 1.4029 15.1450 -7.7765 -3.4834
Car -1 -1 -4.4313 117.1508 182.3137 185.0928 218.9454 1.4915 1.5644 3.8470 -20.6209 1.9445 32.5105 -4.9931 -3.5985
Car -1 -1 -4.5811 485.8208 178.9104 521.0986 207.2929 1.6403 1.6539 3.9192 -6.5594 2.0302 44.5128 -4.7270 -3.9529
Car -1 -1 -7.0046 923.1133 174.2457 1014.0491 204.3142 1.5339 1.6585 4.3072 18.9797 1.6101 38.2990 -6.5479 -4.2647
Car -1 -1 -1.9845 0.0000 187.4119 81.0892 225.6463 1.5687 1.6118 3.7821 -25.7266 2.2549 32.4240 -2.6513 -4.4318
Car -1 -1 -7.7980 1009.1967 178.6346 1055.8171 212.6236 1.3599 1.5670 3.8826 18.5107 1.6293 31.6190 -7.2729 -4.5163
Car -1 -1 -4.4078 516.7568 180.1962 555.7721 203.0342 1.5537 1.5941 4.4206 -5.3826 2.1155 52.9094 -4.5091 -4.5313
Car -1 -1 -4.7780 973.0399 177.9775 1028.0397 219.2081 1.4157 1.5547 3.7671 14.6624 1.6238 27.3168 -4.2903 -4.5616
Car -1 -1 -4.8864 475.9660 179.8931 501.2635 197.3327 1.3869 1.5173 3.4961 -10.2810 1.9985 60.8182 -5.0535 -4.8691
Car -1 -1 -4.7838 573.2853 180.6335 598.6445 203.2022 1.4348 1.4430 4.0118 -1.7103 1.9891 49.3701 -4.8187 -4.9000
Car -1 -1 -6.5484 572.6532 179.3116 651.0172 206.0731 1.4521 1.6131 4.1880 0.0550 1.8316 41.1163 -6.5476 -4.9393
Car -1 -1 -5.3152 895.4355 179.8121 1040.7993 243.3448 1.4223 1.5454 3.5644 8.9396 1.6180 18.4465 -4.8708 -5.1865
Car -1 -1 -4.6080 443.1868 179.7825 474.0067 202.3370 1.3631 1.5470 4.0802 -9.8526 1.8344 47.0094 -4.8138 -5.6333
Car -1 -1 -5.9695 0.0000 0.0000 1241.0000 374.0000 1.5050 1.6078 4.0200 5.3962 1.4707 1.6938 -4.7517 -5.7792
Car -1 -1 -4.9249 424.7985 178.0065 452.2917 196.7350 1.6178 1.6025 4.1168 -15.6725 2.1027 65.7412 -5.1584 -5.7859
Car -1 -1 -9.1931 0.0000 0.0000 1241.0000 374.0000 1.5194 1.5923 3.7992 3.9151 1.4630 0.9937 -7.9399 -5.8867
Car -1 -1 -8.0249 555.6196 175.9755 582.1378 196.4430 1.6676 1.6365 3.7331 -3.5540 1.9416 61.4009 -8.0828 -5.9395
Car -1 -1 -3.9361 635.3251 179.4164 681.7194 200.4149 1.5497 1.6354 3.4760 3.7637 2.0759 56.1202 -3.8699 -6.2663
Car -1 -1 -5.1999 887.0609 177.9576 953.1757 207.0317 1.4350 1.4237 4.1934 16.4243 1.7224 38.5195 -4.8000 -7.6149
