Car -1 -1 -4.4019 301.3552 188.3435 407.5977 251.5812 1.3977 1.5342 3.6347 -6.5311 1.8378 18.6802 -4.7344 7.3535
Car -1 -1 -7.1318 683.1575 174.2473 798.9354 221.5391 1.4912 1.5709 4.1408 4.5050 1.5424 24.7663 -6.9546 7.3191
Car -1 -1 -7.5280 895.7380 151.4977 1241.0000 374.0000 1.6687 1.6603 3.7309 4.3061 1.5274 6.5922 -6.9705 7.0130
Car -1 -1 -7.8751 590.9263 176.4091 636.0622 219.2717 1.5534 1.6564 3.6477 0.0459 1.7015 28.2943 -7.8742 6.6443
Car -1 -1 -7.3304 751.4766 175.3105 939.2424 265.1521 1.4957 1.6136 4.2228 4.6644 1.5504 14.1372 -7.0187 5.9667
Car -1 -1 -7.4233 817.3451 176.2025 1026.9874 296.7337 1.4492 1.5621 3.3453 4.5567 1.5055 10.4757 -7.0241 5.1588
Car -1 -1 -4.4822 432.3535 175.2794 473.3347 200.9919 1.7553 1.8808 4.6150 -11.2955 1.9377 52.0193 -4.6953 4.5845
Car -1 -1 -7.2325 658.0370 177.3933 740.3257 211.5867 1.3736 1.5598 3.9516 3.9026 1.5839 31.4940 -7.1109 3.1807
Car -1 -1 -4.6359 487.3392 179.8641 516.6450 202.4197 1.4772 1.7233 4.1902 -7.5831 1.9907 50.7419 -4.7839 2.2312
Car -1 -1 -4.5682 410.6714 176.6084 436.4052 196.8989 1.6093 1.5594 3.6290 -15.4493 1.9301 59.8140 -4.8202 1.5272
Car -1 -1 -4.4020 457.0427 176.8646 491.9029 197.9503 1.6191 1.6028 4.0703 -10.9364 1.9548 58.3301 -4.5869 1.1150
Car -1 -1 -6.9354 1117.0901 163.5010 1217.9888 198.5585 1.7796 1.6581 3.9556 28.8456 1.3045 37.4562 -6.2832 0.3688
Car -1 -1 -7.3282 64.2730 166.2337 134.6564 196.1087 1.7975 1.6700 4.3477 -32.2264 1.3989 45.6512 -7.9402 -0.8880
Car -1 -1 -5.3632 1143.9164 171.7186 1241.0000 208.3636 1.5063 1.6643 3.7708 25.5109 1.4593 31.5641 -4.6884 -1.0243
Car -1 -1 -8.3152 1117.5941 191.4550 1241.0000 258.6277 1.4158 1.5451 3.9298 14.7442 1.9445 18.4409 -7.6492 -1.2335
Car -1 -1 -5.6790 635.6564 169.0643 700.1313 199.3707 1.8026 1.6579 3.6932 3.5303 1.5769 44.7229 -5.6012 -2.1535
Car -1 -1 -4.3211 641.9119 177.1827 709.1566 210.6240 1.4243 1.6324 4.2199 3.0761 1.6389 33.5618 -4.2310 -2.6935
Car -1 -1 -4.8291 506.7146 180.8517 538.5480 202.5997 1.4348 1.7455 4.5184 -6.3433 2.0350 51.7715 -4.9509 -3.2955
Car -1 -1 -6.7543 633.7360 174.9996 691.9747 196.7220 1.5439 1.6501 3.9584 3.8615 1.7061 53.1150 -6.6825 -3.4412
Car -1 -1 -4.2635 351.8023 173.8352 390.2575 193.5735 1.7413 1.7667 4.0193 -21.8204 1.8335 65.9688 -4.5820 -3.5964
Car -1 -1 -4.7781 1115.2238 181.3563 1189.3079 231.2572 1.4333 1.6280 4.1298 17.6117 1.7374 23.6463 -4.1444 -3.8568
Car -1 -1 -4.8144 218.2417 178.1383 248.0294 199.2712 1.5060 1.6073 3.9234 -28.5406 1.9204 54.5407 -5.2947 -3.8965
Car -1 -1 -4.5972 635.1197 174.9940 655.9794 190.2384 1.4502 1.6173 3.9726 3.5216 1.6676 71.3180 -4.5484 -4.3313
Car -1 -1 -4.6019 481.4340 177.1604 503.2971 194.1195 1.4660 1.5383 3.8619 -10.6452 1.8675 65.3410 -4.7631 -4.3460
Car -1 -1 -4.7300 508.0696 180.3204 535.3008 206.8981 1.5601 1.6288 3.6967 -5.6224 2.0496 45.3894 -4.8530 -4.4347
Car -1 -1 -4.7822 1117.5735 175.5839 1169.8854 209.5415 1.4067 1.6069 3.4787 23.6298 1.5350 32.0953 -4.1523 -4.5214
Car -1 -1 -3.8600 446.2602 178.9671 507.0007 204.2723 1.5524 1.6358 3.7604 -8.7179 1.9688 47.2038 -4.0420 -4.5636
Car -1 -1 -4.3396 238.3321 178.6925 279.6842 199.2719 1.4828 1.5489 3.8206 -26.7597 1.9440 55.0673 -4.7903 -4.5777
Car -1 -1 -4.7171 313.7125 183.3765 339.5804 206.6573 1.4047 1.5271 4.0035 -18.7354 2.1300 47.6129 -5.0904 -4.7567
Car -1 -1 -4.7892 318.2916 183.1092 344.1083 204.2256 1.4359 1.4905 3.6723 -20.5181 2.2164 52.9621 -5.1574 -5.0245
Car -1 -1 -4.2504 417.4608 180.2954 466.0963 203.8389 1.4194 1.5212 3.8393 -10.8963 1.9233 46.8370 -4.4781 -5.4453
Car -1 -1 -4.4284 330.8507 180.7878 386.4207 208.2911 1.3451 1.6627 4.3381 -13.4595 1.7954 38.7687 -4.7608 -5.6119
Car -1 -1 -4.8558 347.1066 180.1814 384.2827 203.3459 1.3711 1.6451 4.5034 -15.8515 1.8681 46.5922 -5.1823 -5.6789
Car -1 -1 -5.8165 1241.0000 173.0629 1241.0000 374.0000 1.4345 1.4988 3.5067 4.1655 1.4353 1.8068 -4.7131 -5.7198
Car -1 -1 -2.7673 0.0000 175.3221 66.7799 374.0000 1.5627 1.5671 3.7140 -5.3099 1.5809 3.7724 -3.6866 -5.7577
Car -1 -1 -7.2022 0.0000 151.7716 64.6794 225.3678 2.5749 1.8629 4.7539 -23.5938 1.8370 27.6651 -7.9037 -6.0119
Car -1 -1 -7.9882 318.3385 172.2087 342.3081 189.8508 1.6719 1.6195 4.3692 -27.4418 1.6104 70.6828 -8.3575 -6.1806
Car -1 -1 -8.2424 690.0688 175.9451 758.3734 209.7077 1.5413 1.7489 4.5001 5.5282 1.7045 35.7691 -8.0909 -6.6281
Car -1 -1 -4.5757 327.7490 184.0108 408.4068 235.0676 1.3966 1.8200 4.6977 -7.7191 1.7947 23.2917 -4.8928 -6.7446
Car -1 -1 -7.8192 148.5345 176.3362 339.9386 369.9669 1.7216 1.6145 3.6548 -4.2020 1.7719 8.4850 -8.2674 -7.0297
