Car -1 -1 -7.8652 586.1633 176.2710 664.5863 250.8061 1.5435 1.6429 3.7416 0.2761 1.6325 16.9876 -7.8502 7.1380
Car -1 -1 -7.3107 710.4323 171.4879 856.9662 241.8630 1.5285 1.6424 4.0531 4.2961 1.4986 17.6925 -7.0771 5.0501
Car -1 -1 -4.4439 427.4861 179.7864 471.4845 205.1938 1.5000 1.6777 4.1923 -10.1828 1.9613 45.9008 -4.6614 4.0079
Car -1 -1 -7.1818 670.1316 172.3628 750.2336 208.1283 1.6494 1.7032 4.1015 4.9061 1.6265 35.3074 -7.0454 3.7139
Car -1 -1 -4.3562 312.6960 183.6905 389.5963 225.3104 1.5408 1.7044 3.9403 -10.6048 2.0167 29.7280 -4.6964 3.5754
Car -1 -1 -3.7768 1102.8721 182.5335 1241.0000 224.5018 1.4383 1.6343 4.4907 20.5443 1.7987 26.0114 -3.1143 3.3413
Car -1 -1 -7.0711 647.2384 175.0623 698.9554 196.7328 1.5179 1.6029 3.7300 4.6020 1.6845 52.7253 -6.9849 2.1354
Car -1 -1 -7.1528 657.2339 174.8168 713.0316 199.6446 1.5209 1.6007 3.6322 4.8164 1.6516 46.3256 -7.0503 1.9120
Car -1 -1 -4.2025 204.7960 184.1101 325.7934 241.4365 1.5933 1.6560 4.1279 -10.8707 1.9849 23.0046 -4.6399 1.5600
Car -1 -1 -7.9228 594.5775 177.0411 638.9623 215.1095 1.4820 1.6031 3.7044 0.1864 1.6692 30.4068 -7.9174 0.4906
Car -1 -1 -7.9162 606.6683 160.2589 629.7067 181.2994 1.8192 1.7859 4.3998 0.6763 0.7299 64.6294 -7.9060 -1.3465
Car -1 -1 -4.5179 486.2778 176.2515 514.9717 194.2940 1.4990 1.6830 4.2584 -9.5208 1.8052 62.9253 -4.6677 -1.4043
Car -1 -1 -4.5833 405.6020 177.6738 435.0727 199.3300 1.5667 1.6643 4.1388 -14.5249 1.9503 55.3169 -4.8392 -2.7416
Car -1 -1 -7.9229 551.9202 172.7862 578.6671 197.0989 1.6965 1.6615 3.9948 -3.3138 1.6915 52.4371 -7.9861 -2.8831
Car -1 -1 -4.4400 451.8157 178.3875 488.2387 200.9769 1.5327 1.6499 3.6232 -10.0252 1.9436 51.7467 -4.6308 -2.8897
Car -1 -1 -8.6695 644.2328 178.2186 717.3865 206.6169 1.4577 1.5882 4.0163 3.8217 1.7687 39.8367 -8.5751 -3.6987
Car -1 -1 -4.5672 476.2021 175.9916 505.3823 197.4955 1.5145 1.6032 3.7202 -8.7874 1.7538 53.2378 -4.7304 -3.8494
Car -1 -1 -7.9767 767.7484 165.3919 841.2256 221.9708 1.6601 1.7495 4.2580 6.1449 1.4408 23.3951 -7.7235 -4.4577
Car -1 -1 -7.9980 601.5370 168.7142 628.4212 189.7315 1.6693 1.6778 3.7758 0.3505 1.3402 59.2947 -7.9925 -4.5759
Car -1 -1 -2.3551 347.5575 180.3662 409.9600 205.0825 1.5181 1.6110 3.8537 -15.0682 2.0226 46.8895 -2.6648 -4.8222
Car -1 -1 -4.6110 500.2967 180.3727 531.4183 203.4451 1.5044 1.7215 4.5718 -6.6174 2.0582 50.8612 -4.7401 -4.8346
Car -1 -1 -4.9775 461.1228 178.7253 510.1830 206.1033 1.6016 1.8398 4.9453 -8.0189 1.9968 45.9674 -5.1497 -5.1168
Car -1 -1 -4.4157 260.6082 181.3646 353.3370 241.5684 1.6988 1.6695 3.7372 -9.5188 1.9908 22.8469 -4.8068 -5.5225
Car -1 -1 -4.4443 585.2404 176.3289 628.5333 200.3886 1.3620 1.5882 4.1203 -0.1705 1.5827 43.6772 -4.4486 -5.7748
Car -1 -1 -4.5746 600.3586 174.3079 637.5015 200.8286 1.4398 1.6093 3.9651 0.5239 1.5273 41.4816 -4.5625 -5.8369
Car -1 -1 -4.9308 977.5098 177.0865 1060.9008 224.6040 1.4613 1.6377 3.8803 13.8140 1.6179 24.6541 -4.4256 -5.8867
Car -1 -1 -4.8530 598.7181 179.3988 644.3835 209.4153 1.3898 1.6895 4.5543 0.4815 1.7448 36.8063 -4.8406 -5.8907
Car -1 -1 -8.4670 647.5458 157.8400 696.1956 187.2363 2.3554 1.7092 4.5895 5.0868 1.1521 60.2269 -8.3835 -6.7202
Car -1 -1 -2.4007 339.6129 161.6271 392.3109 184.8301 2.0325 1.8262 4.4194 -21.9858 1.0488 64.9318 -2.7261 -8.0766
