Car -1 -1 -7.8398 592.1799 175.2424 636.2020 217.1739 1.5608 1.6528 3.7572 0.1460 1.6626 28.9666 -7.8355 7.6124
Car -1 -1 -7.6113 875.8344 156.9973 1188.5682 374.0000 1.6388 1.7099 3.8896 4.1379 1.5313 6.8705 -7.0888 7.4351
Car -1 -1 -7.2894 738.8267 164.5633 924.1498 261.9073 1.6410 1.6430 3.8778 4.3435 1.5010 14.0534 -6.9964 6.5298
Car -1 -1 -7.4367 786.5247 175.7429 1004.7154 298.8729 1.4613 1.5834 3.7866 4.2365 1.5108 10.5481 -7.0652 5.8465
Car -1 -1 -4.5141 447.7120 181.4768 496.2527 214.7823 1.4650 1.5980 3.6016 -6.5772 1.8985 34.4851 -4.7017 5.3905
Car -1 -1 -7.1959 702.5715 173.7210 834.3185 229.2209 1.4905 1.5940 4.1893 4.7169 1.5183 21.3969 -6.9825 4.8087
Car -1 -1 -7.1013 667.2025 173.4979 759.4064 209.3604 1.4922 1.6738 4.1492 4.5869 1.5222 32.0455 -6.9610 4.6763
Car -1 -1 -7.1576 650.9244 175.7258 721.2396 204.0277 1.4260 1.5815 3.9608 4.0814 1.5875 38.6969 -7.0538 2.7016
Car -1 -1 -4.4915 456.7748 173.3932 492.8239 195.8771 1.7793 1.9492 4.6681 -11.1328 1.8253 59.5823 -4.6757 2.0892
Car -1 -1 -4.5102 435.6779 175.8666 461.4965 193.1450 1.5461 1.6110 3.8184 -15.0101 1.8342 67.1566 -4.7296 1.6603
Car -1 -1 -7.3494 729.6710 176.4687 861.7361 241.5708 1.4342 1.6050 3.7182 4.6585 1.5336 18.0119 -7.1011 0.6244
Car -1 -1 -6.8167 1038.0762 160.9648 1131.0986 189.2052 1.7083 1.7278 4.5634 29.2444 0.9888 44.6090 -6.2396 0.3902
Car -1 -1 -4.6069 520.7905 177.7221 542.6459 194.4482 1.4989 1.6324 3.9957 -7.3490 1.9697 67.8251 -4.7148 -0.1510
Car -1 -1 -7.3491 1091.3622 179.5868 1201.1428 224.8281 1.4449 1.5334 3.5510 18.4739 1.6905 24.9150 -6.7172 -1.4584
Car -1 -1 -6.4077 1060.5980 186.4372 1241.0000 252.8828 1.4439 1.6378 3.9379 13.5819 1.8149 18.0445 -5.7709 -1.6248
Car -1 -1 -8.4728 1169.6030 164.6363 1241.0000 194.0823 1.5291 1.6271 3.1864 32.2768 1.1020 39.1122 -7.7867 -1.7358
Car -1 -1 -8.2355 1031.0382 179.0552 1127.2379 222.0894 1.3969 1.5739 3.7973 16.7317 1.6374 26.0109 -7.6695 -2.5307
Car -1 -1 -7.1081 636.9400 170.5698 693.4410 196.7403 1.8482 1.7637 4.1960 4.0572 1.6866 53.0306 -7.0325 -3.3372
Car -1 -1 -8.7519 943.6358 183.1526 1127.0673 248.0826 1.4945 1.6555 4.1219 11.2612 1.8047 19.5337 -8.2362 -3.3972
Car -1 -1 -7.5448 1218.1260 165.9850 1241.0000 195.7992 1.4318 1.5470 3.5305 32.1946 1.1016 36.2204 -6.8223 -3.6124
Car -1 -1 -7.4657 377.6769 176.0901 409.6503 192.2904 1.5268 1.6779 3.8315 -21.2021 1.8529 70.7863 -7.7559 -4.1164
Car -1 -1 -7.9247 1205.3127 163.1414 1241.0000 191.8132 1.5867 1.6362 4.0956 35.8836 1.0489 42.0652 -7.2220 -4.1678
Car -1 -1 -7.7938 551.6686 174.3403 570.8339 190.8444 1.5586 1.6349 3.9644 -4.7549 1.7076 70.4860 -7.8613 -4.5282
Car -1 -1 -5.1230 405.3862 183.1605 454.6715 208.9516 1.4411 1.4812 3.8786 -11.0211 2.0962 43.8952 -5.3680 -4.5999
Car -1 -1 -5.7074 1217.8275 200.7268 1241.0000 374.0000 1.3842 1.3769 3.0895 4.3285 1.5528 2.7974 -4.7578 -4.6011
Car -1 -1 -5.0554 418.6976 183.1241 461.4688 206.2200 1.4755 1.5658 4.2255 -11.9048 2.2217 50.2493 -5.2873 -5.8711
Car -1 -1 -5.3123 1162.4351 166.7737 1241.0000 196.6992 1.4710 1.5178 4.0372 30.8811 1.1718 37.5427 -4.6280 -5.9778
Car -1 -1 -4.5083 1190.9736 163.9633 1241.0000 197.9293 1.5532 1.6472 3.7149 29.5363 1.1463 34.7910 -3.8088 -6.1545
Car -1 -1 -8.0768 1177.7673 149.8282 1230.6322 185.9110 2.2919 1.5972 5.2625 39.8443 0.8291 48.5431 -7.3925 -6.7845
