Car -1 -1 -7.8908 581.3096 175.6696 732.0855 316.4384 1.5827 1.7109 3.5571 0.4886 1.6283 9.9704 -7.8448 7.6417
Car -1 -1 -7.2239 719.1953 171.4128 846.7651 231.1096 1.6037 1.7142 3.8778 5.1105 1.5647 21.2962 -6.9922 7.5727
Car -1 -1 -4.1201 31.9379 194.0771 226.3464 274.0020 1.4108 1.5604 3.9536 -10.3099 1.9335 15.7875 -4.6912 6.8755
Car -1 -1 -4.4342 403.2442 183.9929 471.5160 226.4731 1.4667 1.6429 3.4812 -6.5729 1.9203 27.6211 -4.6662 5.9573
Car -1 -1 -4.1521 232.5521 180.5398 309.8055 219.0094 1.5119 1.4851 3.2246 -14.3911 1.8569 30.7259 -4.5871 5.5648
Car -1 -1 -7.2405 689.3365 175.3699 761.2209 213.0140 1.5745 1.4703 3.4145 5.1294 1.6924 32.1490 -7.0843 4.8918
Car -1 -1 -4.3767 455.5401 178.5671 500.7411 203.8809 1.5952 1.6533 4.3849 -8.8862 1.9994 48.7978 -4.5563 3.8157
Car -1 -1 -4.3295 352.6391 184.9680 423.8112 220.9291 1.4139 1.5798 4.1073 -9.7527 1.9848 31.9083 -4.6243 3.3641
Car -1 -1 -7.1730 669.6714 176.9542 737.0971 204.9812 1.4143 1.6167 3.7268 5.0200 1.6453 38.8303 -7.0459 3.3554
Car -1 -1 -7.9089 600.0381 179.9085 646.7881 220.6372 1.4575 1.6182 3.6720 0.4235 1.7525 28.3354 -7.8948 2.5285
Car -1 -1 -2.4024 0.0000 181.8913 90.3177 222.9270 1.4608 1.6714 4.5281 -22.3561 1.8115 27.0625 -3.0881 1.6903
Car -1 -1 -4.4314 514.7875 178.7516 547.0592 197.6717 1.5166 1.6682 4.0548 -6.7028 2.0350 61.3126 -4.5403 1.2932
Car -1 -1 -7.8320 614.5380 177.8211 644.4485 206.8700 1.5258 1.5998 3.7921 1.0950 1.8176 40.4935 -7.8057 0.5230
Car -1 -1 -4.4211 337.3106 181.0305 384.2016 208.2179 1.4342 1.4909 3.8134 -14.1921 1.9222 41.1594 -4.7515 0.1990
Car -1 -1 -4.4750 532.4344 180.6870 564.7463 200.7721 1.4419 1.5812 4.0087 -4.7133 2.0673 55.5374 -4.5597 0.0893
Car -1 -1 -4.3506 586.3589 176.2810 615.6326 192.1302 1.4874 1.5943 3.9008 -0.8700 1.8330 70.7307 -4.3632 -0.3384
Car -1 -1 -5.0314 628.1447 176.2590 657.5416 192.5160 1.4540 1.5842 3.9474 3.0188 1.7824 67.5350 -4.9872 -1.2383
Car -1 -1 -2.5373 357.2284 167.0873 411.2805 187.4140 1.5848 1.7150 3.8251 -18.0525 1.1349 57.6440 -2.8397 -1.8277
Car -1 -1 -2.3145 380.9911 160.7014 435.4399 183.1830 1.8266 1.7917 4.5563 -16.9853 0.8389 60.5867 -2.5868 -2.0582
Car -1 -1 -4.6292 65.6710 182.4332 121.8054 221.2475 1.4655 1.5776 4.0660 -21.7512 1.8981 30.4560 -5.2454 -2.5488
Car -1 -1 -8.2648 522.5089 175.6941 581.4883 208.6333 1.6396 1.6774 3.9687 -3.1832 1.7991 38.4313 -8.3474 -2.5665
Car -1 -1 -4.0403 211.4916 181.5313 287.3911 209.6254 1.4944 1.6450 4.2767 -20.9441 2.0269 42.0414 -4.5002 -2.7557
Car -1 -1 -4.4250 401.1302 177.9883 452.3134 209.0932 1.5434 1.6174 3.8250 -9.7230 1.8301 38.3877 -4.6718 -2.8947
Car -1 -1 -4.9600 795.5189 174.1280 826.0927 191.6654 1.4843 1.6323 4.0593 17.5809 1.5996 63.4120 -4.6911 -3.6308
Car -1 -1 -7.5185 1182.5336 161.6964 1241.0000 374.0000 1.4220 1.5002 3.7749 4.7893 1.3887 3.4554 -6.6125 -4.8007
Car -1 -1 -4.6582 119.2779 179.8705 176.0363 220.1005 1.3936 1.6120 4.1189 -17.8682 1.6864 27.9494 -5.2229 -5.9794
