Car -1 -1 -7.2384 713.1274 169.7435 835.1716 223.7711 1.5369 1.7021 4.0355 5.1333 1.4481 22.5092 -7.0176 7.4735
Car -1 -1 -7.8991 571.7275 171.0238 747.2336 335.7719 1.5757 1.6790 3.7520 0.4130 1.5579 8.7779 -7.8553 7.1451
Car -1 -1 -4.1440 71.4630 187.9466 252.7434 262.1686 1.4580 1.6849 4.0623 -10.3915 1.8576 17.0629 -4.6844 6.9445
Car -1 -1 -7.1886 684.3534 171.7853 754.0561 207.2357 1.5549 1.5081 3.2384 5.0265 1.5077 33.3075 -7.0406 5.5574
Car -1 -1 -4.1319 246.1083 176.5366 321.1970 213.4236 1.5278 1.4992 3.2262 -14.4111 1.6992 31.9375 -4.5529 5.2299
Car -1 -1 -4.4410 407.4098 173.5404 455.4188 206.6407 1.7216 1.5885 3.8023 -9.7600 1.7607 39.5318 -4.6818 4.4075
Car -1 -1 -4.3048 455.1600 175.3339 501.8700 199.0381 1.5515 1.6496 4.1971 -9.0693 1.7305 49.9248 -4.4839 4.1415
Car -1 -1 -4.3575 357.7045 178.7911 431.1987 213.9555 1.4716 1.7528 4.6037 -9.8903 1.7651 33.3486 -4.6440 3.8653
Car -1 -1 -7.6891 1009.7471 153.9106 1241.0000 374.0000 1.5529 1.6591 3.9538 4.3176 1.4747 4.8850 -6.9953 3.4163
Car -1 -1 -7.1591 668.2693 173.6900 731.5477 199.5005 1.3606 1.5113 3.6211 4.9692 1.4086 39.9405 -7.0366 3.3085
Car -1 -1 -4.2965 515.9124 174.6047 551.0540 192.3553 1.4732 1.6027 3.8501 -6.5995 1.6292 62.3692 -4.4018 1.4003
Car -1 -1 -3.8403 0.0000 183.9209 42.6362 329.3517 1.6368 1.6288 3.8721 -10.6920 1.8271 10.4246 -4.6256 1.2463
Car -1 -1 -7.8021 577.9822 174.3681 596.0815 190.1180 1.4838 1.5735 3.6922 -2.2308 1.6347 70.1960 -7.8341 -1.2583
Car -1 -1 -5.7235 89.9192 181.0757 195.6293 216.1854 1.4377 1.5554 3.4866 -19.8753 1.7965 30.7165 -6.2940 -1.3084
Car -1 -1 -8.0328 575.6697 179.6916 673.1982 251.5081 1.4784 1.6293 3.9015 0.1740 1.6616 17.3059 -8.0239 -1.4446
Car -1 -1 -4.3823 216.3891 176.1183 268.2311 202.7553 1.4442 1.6095 3.4589 -21.0645 1.6394 41.3921 -4.8507 -2.2689
Car -1 -1 -7.8858 604.9995 175.5039 655.1340 221.7942 1.4696 1.5961 3.7192 0.5837 1.5679 24.9871 -7.8634 -2.2994
Car -1 -1 -6.6487 797.6318 171.2608 844.4558 188.7545 1.5146 1.6554 3.5963 18.5120 1.3764 63.4456 -6.3663 -3.5332
Car -1 -1 -7.7886 626.5184 167.7446 650.4310 188.3854 1.6420 1.7127 4.0662 2.3547 1.2352 59.5093 -7.7496 -3.8535
Car -1 -1 -6.2549 524.4857 176.3579 594.1442 205.8574 1.5282 1.6436 3.6292 -2.7162 1.7192 38.4903 -6.3253 -3.8795
Car -1 -1 -2.7794 351.9380 176.8306 446.6938 207.0707 1.6659 1.7423 4.8801 -11.9908 1.8979 41.0901 -3.0620 -4.1516
Car -1 -1 -4.5918 180.8400 186.0366 250.9091 238.1245 1.4003 1.4815 3.3033 -12.0435 1.8371 22.1201 -5.0856 -4.2594
Car -1 -1 -2.7921 397.4757 176.7726 465.8051 199.2860 1.5293 1.6798 4.3250 -12.4741 1.8088 50.4515 -3.0336 -5.1845
