Car -1 -1 -4.0976 2.7853 196.0606 215.5128 281.3890 1.4361 1.6338 4.0362 -10.3733 1.9932 15.2918 -4.6859 8.1548
Car -1 -1 -7.8698 591.1036 178.8497 702.5108 286.4772 1.5669 1.6553 3.6596 0.5349 1.6863 12.5599 -7.8295 6.7316
Car -1 -1 -4.3170 264.9113 191.2017 387.1875 260.7767 1.4700 1.5527 3.6027 -6.9962 1.9746 18.0306 -4.6828 6.6876
Car -1 -1 -7.2532 719.9896 173.7862 850.9537 235.3226 1.5968 1.7451 3.9431 5.0583 1.6258 20.7515 -7.0181 6.6645
Car -1 -1 -4.4309 396.8268 178.1454 449.0442 215.4447 1.8235 1.6145 3.9418 -9.7775 2.1153 37.8341 -4.6826 6.3152
Car -1 -1 -4.1342 223.3411 182.6988 305.4026 222.8869 1.5411 1.5825 3.2352 -14.4330 1.9764 30.2169 -4.5767 4.9774
Car -1 -1 -7.1839 688.2239 178.1007 767.2610 215.6716 1.5278 1.5322 3.5766 5.1502 1.7702 31.6079 -7.0244 4.1662
Car -1 -1 -4.5200 510.2805 181.4548 549.7463 206.8308 1.5250 1.8124 4.0173 -5.1739 2.1078 46.8448 -4.6299 3.8846
Car -1 -1 -4.3636 349.5811 183.5866 422.2426 223.9992 1.5837 1.6192 4.4456 -9.7900 2.0891 31.7379 -4.6609 3.7276
Car -1 -1 -7.0702 669.4464 179.9528 744.0161 208.2563 1.3894 1.5941 3.9448 5.1083 1.7827 38.1739 -6.9387 2.4455
Car -1 -1 -4.3568 453.1249 181.1408 499.8792 208.0536 1.6706 1.7241 4.2074 -8.9210 2.2514 48.3770 -4.5386 2.3924
Car -1 -1 -3.9968 197.8966 182.2110 278.6939 211.8042 1.4978 1.5618 4.2983 -20.6569 2.0487 40.2315 -4.4687 0.8917
Car -1 -1 -7.8820 605.4089 181.4243 643.6144 216.1901 1.4486 1.6198 3.6555 0.5695 1.8598 32.8070 -7.8655 0.6036
Car -1 -1 -4.1454 568.7975 178.9554 608.1945 196.8355 1.4739 1.5891 3.9082 -1.8661 2.0238 62.9855 -4.1753 0.5385
Car -1 -1 -2.4063 0.0000 184.7193 77.2476 226.8903 1.4683 1.6277 3.9702 -22.1883 1.9191 26.5286 -3.0980 0.0529
Car -1 -1 -4.3218 484.6106 183.4984 518.0714 201.6136 1.4055 1.5480 3.4758 -9.0347 2.3188 60.0560 -4.4709 -1.7452
Car -1 -1 -4.9758 607.3513 177.8134 651.3015 206.3234 1.6320 1.6606 4.1532 1.0957 1.9514 44.2884 -4.9517 -2.7272
Car -1 -1 -6.2345 814.5703 178.4197 862.4304 194.7838 1.4308 1.5844 4.0738 20.7285 1.9471 65.5204 -5.9298 -3.6065
Car -1 -1 -2.8612 0.0000 183.5485 42.1302 232.1810 1.5292 1.5853 3.1800 -21.6774 1.9154 24.6880 -3.5765 -3.7040
Car -1 -1 -3.4814 800.2751 175.9855 849.5231 194.9101 1.5915 1.6064 3.7236 18.3804 1.8636 61.8758 -3.1944 -3.7935
Car -1 -1 -7.7914 784.7766 172.3113 804.6099 188.9060 1.5825 1.6601 3.7849 18.1413 1.5304 70.8630 -7.5421 -4.1419
Car -1 -1 -4.5882 658.4774 180.3294 681.3833 199.8161 1.5487 1.5518 2.9782 4.9954 2.1888 60.2005 -4.5063 -4.2918
Car -1 -1 -3.9771 539.9425 177.1022 588.2412 197.8083 1.6353 1.7341 4.0586 -3.8071 2.0007 59.9861 -4.0406 -4.4132
Car -1 -1 -4.9616 835.7961 175.9797 863.2338 191.4383 1.4692 1.6592 3.8841 23.6372 1.7868 71.3771 -4.6434 -4.5624
Car -1 -1 -7.9842 535.7264 180.8292 576.1469 210.8472 1.4483 1.6162 3.9316 -2.9364 1.8913 38.0129 -8.0613 -4.7098
Car -1 -1 -4.5040 609.6512 177.2046 654.3043 206.8671 1.5599 1.7815 3.7170 1.2471 1.8162 40.5512 -4.4741 -4.8180
Car -1 -1 -4.8670 428.9404 185.2236 457.7144 207.8087 1.4259 1.4418 3.1401 -11.4136 2.2981 49.1687 -5.0943 -4.8837
Car -1 -1 -4.8206 488.2232 185.5212 511.9377 204.6600 1.4036 1.5354 2.8644 -8.6684 2.4246 56.5925 -4.9724 -5.0713
Car -1 -1 -5.1425 569.7867 180.6082 608.6583 202.9469 1.6032 1.5790 3.6688 -1.6518 2.2172 55.1624 -5.1728 -5.1367
Car -1 -1 -2.3597 133.1542 187.4312 237.2108 221.9122 1.5097 1.6154 4.3654 -20.0664 2.2239 34.0408 -2.8891 -5.6561
Car -1 -1 -4.4704 442.6959 179.6290 476.9552 204.1477 1.6396 1.5460 3.6525 -10.6300 2.1368 51.1296 -4.6748 -5.7129
Car -1 -1 -6.2552 634.1583 180.5102 706.9624 206.7869 1.4961 1.7358 4.2193 3.5681 1.9617 42.8138 -6.1732 -5.7401
Car -1 -1 -4.7632 521.5361 180.1115 544.1408 199.1607 1.4230 1.5859 4.0571 -6.2214 2.0239 57.6490 -4.8706 -5.7694
