Car -1 -1 -7.8565 595.5211 180.2916 691.1082 272.9427 1.5884 1.6806 3.6634 0.5967 1.7570 14.5296 -7.8175 7.6067
Car -1 -1 -4.1226 0.0000 199.9436 238.5176 330.2343 1.4549 1.5453 3.4753 -7.1455 1.9150 10.5222 -4.7078 7.3719
Car -1 -1 -7.2773 725.7429 175.0514 858.3326 240.6451 1.6202 1.7308 3.8596 5.0340 1.6865 19.9025 -7.0338 7.0660
Car -1 -1 -4.1329 209.6214 184.9520 295.4818 226.8296 1.5419 1.5508 3.3270 -14.4782 2.0626 29.3228 -4.5882 6.2256
Car -1 -1 -4.3432 332.8319 188.1800 416.6770 227.6076 1.4530 1.8435 4.6221 -9.9503 2.1568 30.7877 -4.6538 5.5996
Car -1 -1 -7.1914 689.6618 179.2522 768.5947 219.3565 1.5840 1.5174 3.4654 5.0734 1.8721 30.7860 -7.0303 5.2536
Car -1 -1 -4.4768 483.1653 184.5696 530.6666 214.0425 1.4932 1.7150 4.1254 -5.7424 2.1833 40.3862 -4.6176 5.1255
Car -1 -1 -4.4545 391.6104 180.1846 443.8503 219.1187 1.8484 1.6215 3.9812 -9.8257 2.2441 36.9951 -4.7128 3.9968
Car -1 -1 -7.1598 667.5917 181.3916 742.4130 212.1132 1.4640 1.6269 4.0731 4.9346 1.9305 37.4664 -7.0305 3.4370
Car -1 -1 -4.3125 448.4146 183.5892 497.8743 208.7436 1.5056 1.6872 4.1882 -8.9428 2.2423 47.3108 -4.4987 3.0258
Car -1 -1 -4.0914 0.0000 197.3963 196.3656 286.2212 1.3800 1.6151 4.2653 -10.4234 1.9466 14.5296 -4.7052 2.7064
Car -1 -1 -4.2811 320.3979 185.3661 380.2765 215.8624 1.5226 1.6236 3.8681 -14.2348 2.2448 39.6634 -4.6240 0.6026
Car -1 -1 -1.8121 0.0000 187.5180 57.0901 234.8446 1.5254 1.6179 3.9873 -21.8172 2.0957 26.2368 -2.5009 -0.4940
Car -1 -1 -4.4438 422.8006 184.4358 464.9933 209.9570 1.5828 1.6900 4.3689 -11.2457 2.4044 48.9826 -4.6687 -0.8539
Car -1 -1 -7.9385 782.3462 172.3335 802.9046 189.1743 1.5731 1.5964 3.7446 17.5111 1.5242 69.3744 -7.6926 -1.3562
Car -1 -1 -4.9242 525.8112 178.9854 575.2127 213.0820 1.6099 1.6636 4.2717 -3.1660 1.9449 37.1752 -5.0091 -1.4355
Car -1 -1 -4.4907 552.0607 181.4555 582.5357 202.1113 1.5240 1.5750 3.9633 -3.3653 2.2287 57.0537 -4.5498 -1.6716
Car -1 -1 -3.8706 190.7676 183.3543 278.7788 213.0416 1.4721 1.6527 4.2777 -20.5765 2.0828 39.6940 -4.3464 -1.8404
Car -1 -1 -4.6015 618.0894 176.5890 648.9088 202.7843 1.6181 1.6066 3.7897 1.5390 1.8720 47.1263 -4.5695 -2.3755
Car -1 -1 -7.9321 602.9354 182.1904 640.8000 214.0897 1.4541 1.5836 3.7669 0.5031 1.9440 35.9516 -7.9188 -2.5569
Car -1 -1 -4.0442 365.3997 169.1821 413.8751 191.8477 1.7082 1.7683 3.6054 -17.2005 1.4311 56.3785 -4.3393 -2.8160
Car -1 -1 -4.6195 186.4154 189.0652 230.5942 222.3006 1.4991 1.6022 3.8377 -20.3711 2.3690 36.6523 -5.1240 -3.9016
Car -1 -1 -4.7737 519.8671 181.7614 542.3054 200.9511 1.4919 1.6110 4.0335 -6.6373 2.2609 60.1919 -4.8835 -3.9969
Car -1 -1 -4.5152 638.8749 178.9261 665.6106 197.4269 1.5183 1.5915 3.8868 3.6758 2.0628 62.6618 -4.4573 -4.3340
Car -1 -1 -5.1743 524.2208 181.2431 567.9520 201.9197 1.5138 1.6538 4.3862 -5.1195 2.2029 56.9952 -5.2639 -4.4944
Car -1 -1 -5.3975 380.6407 167.6958 426.5684 189.0457 1.6869 1.5852 3.7404 -16.8391 1.2791 58.7295 -5.6758 -4.4982
Car -1 -1 -4.3555 635.2888 175.5395 675.8878 202.1365 1.6413 1.5208 3.4537 2.9586 1.8221 46.7930 -4.2933 -4.7282
Car -1 -1 -4.5921 502.8271 180.6931 531.5772 201.9278 1.5439 1.6977 4.5410 -7.2384 2.1813 56.4187 -4.7195 -4.8281
Car -1 -1 -4.7985 845.2651 185.7556 877.2201 210.5561 1.4297 1.5635 4.0322 15.9266 2.2898 45.9736 -4.4675 -4.9461
Car -1 -1 -4.6419 503.4844 179.8315 529.9592 202.0759 1.4918 1.6095 3.8940 -6.6682 2.0099 51.6265 -4.7701 -5.8867
Car -1 -1 -4.4615 76.5336 182.9398 160.7915 228.1519 1.4950 1.6313 4.0560 -18.3157 1.9029 27.0172 -5.0529 -5.8867
