Car -1 -1 -4.1412 0.0000 196.6248 267.5210 335.2581 1.5131 1.6565 4.1739 -6.9528 1.9336 10.6834 -4.7072 7.8162
Car -1 -1 -7.8581 597.7236 180.8567 664.6255 245.7035 1.5709 1.6637 3.6470 0.5121 1.8103 19.7734 -7.8335 7.7230
Car -1 -1 -7.4282 792.4562 173.0299 995.1346 285.5353 1.5922 1.7319 3.9557 4.8597 1.5954 12.2208 -7.0589 7.4125
Car -1 -1 -7.2588 707.1152 178.8081 807.9284 230.4230 1.4997 1.4897 3.4553 4.7242 1.7045 23.1090 -7.0604 6.9913
Car -1 -1 -4.4490 426.0968 182.8400 493.4405 228.2616 1.6249 1.6410 3.9739 -5.9382 2.0505 28.7392 -4.6516 6.5051
Car -1 -1 -7.1736 673.7037 180.7158 763.5265 219.6377 1.4585 1.6314 3.8013 4.4676 1.8023 29.6875 -7.0263 5.9895
Car -1 -1 -4.2595 219.0836 190.6009 341.1278 246.8380 1.4961 1.6855 4.5379 -10.3470 2.1165 22.9398 -4.6793 5.6593
Car -1 -1 -4.3688 314.3020 179.1834 389.5107 229.5960 1.8598 1.6002 3.9750 -10.3532 2.1323 29.1087 -4.7081 5.4881
Car -1 -1 -3.9999 40.2785 187.4189 175.7801 244.7806 1.5022 1.5108 3.3038 -14.8603 1.9708 21.4998 -4.5991 4.8690
Car -1 -1 -4.4545 514.1239 181.1369 556.5189 208.3274 1.5734 1.6617 4.0551 -4.6558 2.1162 45.1823 -4.5571 3.9884
Car -1 -1 -4.2853 401.8303 184.9452 459.9778 214.9578 1.4771 1.5585 3.9897 -9.7228 2.1709 39.3122 -4.5266 1.9078
Car -1 -1 -4.4429 485.5467 183.7030 522.5546 206.1991 1.4953 1.6695 3.8530 -7.6079 2.3060 51.9195 -4.5881 1.5789
Car -1 -1 -4.5074 573.6638 179.6184 601.2520 197.3970 1.5043 1.6842 4.0893 -2.0130 2.1323 64.8554 -4.5388 1.1049
Car -1 -1 -4.6172 624.6561 172.0767 651.5801 196.6793 1.8597 1.7315 4.1583 2.2190 1.8006 56.7164 -4.5787 0.1155
Car -1 -1 -7.8440 604.5789 179.8506 634.0007 208.3872 1.5968 1.6873 3.9981 0.5389 2.0367 43.3805 -7.8323 0.0121
Car -1 -1 -5.1447 795.7983 179.8042 867.2313 217.5620 1.4678 1.6120 3.3462 9.2345 1.7780 30.4700 -4.8537 -1.3750
Car -1 -1 -2.5465 344.4975 179.8724 417.3220 208.5854 1.5783 1.5734 3.7665 -13.2282 1.9950 41.5821 -2.8531 -1.4951
Car -1 -1 -3.7299 794.5184 177.1623 847.9796 199.5043 1.5826 1.6499 3.4238 15.4526 1.9061 52.9158 -3.4477 -2.9554
Car -1 -1 -4.8111 775.6827 176.7320 828.9088 214.8523 1.4182 1.6737 4.0835 7.7190 1.5876 29.4263 -4.5576 -3.1312
Car -1 -1 -7.6689 187.6596 187.8432 251.2457 229.8723 1.4716 1.5643 3.6308 -15.4564 2.1070 28.6333 -8.1603 -3.4430
Car -1 -1 -4.5480 580.1719 185.2685 608.9654 205.9645 1.5234 1.6638 4.0879 -1.2255 2.5548 57.8214 -4.5697 -4.0025
Car -1 -1 -3.7372 74.3631 181.7257 192.1456 220.2408 1.5310 1.6164 4.1541 -21.0129 1.9507 31.9357 -4.3155 -4.5926
Car -1 -1 -4.8871 752.0320 178.2725 804.0851 213.3422 1.4658 1.6156 3.9727 7.5260 1.7271 32.8062 -4.6641 -4.7124
Car -1 -1 -4.4987 160.0267 197.7873 343.2653 326.2432 1.4359 1.6247 3.8597 -5.2208 1.8844 10.9274 -4.9357 -4.7358
Car -1 -1 -4.5830 137.2220 184.0784 190.6757 221.7259 1.5073 1.6041 3.0442 -19.5325 2.0258 31.6295 -5.1326 -5.3320
Car -1 -1 -4.9324 589.6523 177.2583 625.9341 201.4908 1.5794 1.6636 4.0298 -0.2292 1.8972 49.9582 -4.9374 -5.7507
Car -1 -1 -4.8276 899.5658 176.0980 976.4024 230.5825 1.4715 1.6378 3.8629 9.7598 1.5787 21.8227 -4.4126 -5.8867
