Car -1 -1 -7.2342 708.0413 168.8415 825.7565 222.4568 1.5848 1.7434 3.9665 5.0772 1.4659 23.3091 -7.0230 7.4956
Car -1 -1 -4.1745 99.8841 188.0281 267.1915 259.3365 1.4700 1.6349 4.1453 -10.3628 1.8890 17.8498 -4.6944 6.9720
Car -1 -1 -7.8695 575.0855 173.5037 731.3733 323.1759 1.5896 1.6663 3.5523 0.4532 1.5994 9.4784 -7.8248 6.4359
Car -1 -1 -4.3751 366.7580 181.0569 434.6566 215.1177 1.4487 1.6410 4.6243 -9.8490 1.8637 34.1788 -4.6541 4.6445
Car -1 -1 -7.6972 957.7155 160.3759 1241.0000 374.0000 1.5323 1.6431 4.1772 4.3468 1.4673 5.8126 -7.0798 4.6337
Car -1 -1 -4.1516 255.1906 178.8863 327.1586 213.9103 1.4724 1.4770 3.2360 -14.3864 1.7592 32.6308 -4.5642 4.5906
Car -1 -1 -7.2267 682.9787 172.5053 751.3378 207.4832 1.5720 1.4932 3.4036 5.0662 1.5561 34.1684 -7.0813 4.4552
Car -1 -1 -4.4090 459.6020 175.4529 502.4838 200.1089 1.6429 1.7674 4.2969 -9.0496 1.8337 50.7954 -4.5848 4.3034
Car -1 -1 -4.4557 411.7711 175.1703 457.7040 208.0880 1.7368 1.5484 3.9112 -9.7690 1.8722 40.3176 -4.6923 4.2436
Car -1 -1 -3.9893 0.0000 182.8952 78.1645 328.4220 1.7200 1.7031 4.3128 -10.5638 1.9033 11.0095 -4.7420 4.0762
Car -1 -1 -7.1401 666.2699 173.4569 732.5305 198.8235 1.3653 1.5503 3.8953 5.0522 1.4007 40.8052 -7.0182 2.6091
Car -1 -1 -7.4968 517.4604 178.1265 550.2217 195.4895 1.4372 1.5813 3.9139 -6.6441 1.9132 63.0883 -7.6017 1.3153
Car -1 -1 -7.9189 600.0089 177.2347 653.7075 223.6366 1.4506 1.5897 3.5823 0.4655 1.6115 24.7278 -7.9010 -0.3169
Car -1 -1 -8.0282 631.1755 167.4809 655.7802 186.0728 1.7228 1.6644 4.0606 3.1481 1.2246 68.9821 -7.9830 -0.7383
Car -1 -1 -4.6030 66.3961 180.6347 127.0567 220.0195 1.4848 1.6427 3.7591 -21.3349 1.8305 30.0508 -5.2164 -0.7982
Car -1 -1 -8.0217 579.6911 179.5681 673.7703 250.5510 1.4736 1.6007 3.9012 0.2348 1.6544 17.4178 -8.0094 -1.1982
Car -1 -1 -4.4129 349.5736 180.6526 397.0435 207.4059 1.4845 1.5863 4.0053 -14.1496 1.9732 43.2269 -4.7277 -1.4222
Car -1 -1 -4.8526 433.9594 178.1422 465.0747 200.4738 1.5131 1.6339 4.1025 -11.6624 1.9111 52.1401 -5.0719 -1.5567
Car -1 -1 -7.6933 113.2816 181.2867 168.2988 217.3480 1.4427 1.5200 3.1055 -20.3967 1.8295 31.4006 -8.2657 -2.3753
Car -1 -1 -6.7009 797.0671 172.1975 845.2514 189.0129 1.4717 1.6404 3.7743 18.7518 1.4140 64.2176 -6.4184 -2.4089
Car -1 -1 -7.8956 1240.5057 180.0069 1241.0000 251.1278 1.4537 1.5916 3.7418 15.9744 1.6420 17.0814 -7.1527 -2.6149
Car -1 -1 -7.4113 0.0000 185.6080 99.1211 227.5598 1.3751 1.5168 3.7734 -20.8355 1.8853 26.8739 -8.0662 -2.7824
Car -1 -1 -4.8867 615.8438 174.3340 644.4930 193.9169 1.4786 1.6290 3.6871 1.5240 1.5987 56.7183 -4.8603 -3.1352
Car -1 -1 -3.9988 243.5761 173.4041 314.8834 199.1420 1.4905 1.6219 4.1742 -20.1690 1.5255 44.1106 -4.4256 -3.6107
Car -1 -1 -3.4254 818.1538 174.6183 929.2212 211.8733 1.4736 1.6334 3.9713 10.6874 1.5479 29.5616 -3.0821 -3.7851
Car -1 -1 -8.1802 1131.5049 178.4531 1241.0000 237.5512 1.3412 1.5378 3.6079 15.0030 1.5012 18.7030 -7.5122 -4.0990
Car -1 -1 -2.9634 609.7728 175.4529 677.4487 203.4221 1.6571 1.6500 3.9140 2.0420 1.8205 44.2179 -2.9181 -4.6638
Car -1 -1 -3.9370 458.7274 172.2957 500.7714 190.0900 1.5843 1.5544 3.8432 -11.9503 1.5343 66.2656 -4.1150 -5.5477
Car -1 -1 -4.5188 182.3283 191.5304 268.2341 242.4317 1.3405 1.6621 3.6890 -11.9145 1.9740 22.4786 -5.0017 -5.8261
Car -1 -1 -4.9593 490.1527 179.5619 524.4205 201.3136 1.5625 1.6547 4.0674 -7.9490 2.0974 55.3796 -5.1016 -6.0592
