Car -1 -1 -4.1127 20.1896 195.3683 221.9870 278.6482 1.4477 1.6528 3.9080 -10.3387 1.9950 15.5797 -4.6910 8.0171
Car -1 -1 -7.8750 588.8999 177.6499 713.7115 297.2500 1.5651 1.6598 3.5521 0.5330 1.6524 11.3810 -7.8308 7.3483
Car -1 -1 -4.3837 340.3923 189.0827 429.7654 242.7792 1.4392 1.5739 3.4642 -6.8498 1.9767 22.1567 -4.6807 7.1975
Car -1 -1 -7.2581 720.2334 173.1044 849.3554 234.3685 1.6205 1.7246 4.0075 5.1238 1.6282 21.0901 -7.0237 7.1340
Car -1 -1 -4.1648 228.5113 182.0062 306.1653 221.0470 1.5178 1.5052 3.2190 -14.4569 1.9260 30.5220 -4.6041 4.9684
Car -1 -1 -7.2144 689.1306 177.3619 763.2961 215.0306 1.5547 1.4826 3.4444 5.1345 1.7647 31.9285 -7.0571 4.8105
Car -1 -1 -4.4433 399.5928 178.8523 450.8832 214.2446 1.7404 1.6276 3.9650 -9.7398 2.0739 38.1570 -4.6920 4.3967
Car -1 -1 -4.4811 524.0048 181.2173 559.0669 203.4209 1.4467 1.6051 3.8591 -4.7847 2.0559 50.5570 -4.5754 3.1060
Car -1 -1 -4.3585 454.2831 183.9737 500.6730 208.2422 1.4867 1.6938 4.2620 -8.8784 2.2685 48.5048 -4.5390 2.8756
Car -1 -1 -7.0676 669.5748 176.3423 744.6263 205.3748 1.4576 1.6120 4.0075 5.1761 1.6525 38.5276 -6.9355 2.5800
Car -1 -1 -2.4762 0.0000 183.1277 87.7051 224.8660 1.4768 1.6951 4.3780 -22.3136 1.8719 26.8693 -3.1645 1.9598
Car -1 -1 -7.8600 604.1221 181.5471 644.0260 218.2584 1.4294 1.6022 3.6704 0.5401 1.8225 30.8098 -7.8433 1.7806
Car -1 -1 -4.4508 334.2924 182.5657 381.0753 211.3412 1.4970 1.5793 3.7251 -14.2228 2.0708 40.7432 -4.7850 1.7527
Car -1 -1 -7.7639 369.3834 184.2468 412.5754 219.0528 1.4708 1.6057 3.6110 -10.2082 2.0328 33.6831 -8.0564 0.1958
Car -1 -1 -4.1554 205.0808 181.1689 274.6017 209.3263 1.4562 1.5488 4.0941 -20.8038 1.9487 40.6647 -4.6259 -0.0154
Car -1 -1 -4.2805 484.1471 184.0283 518.3366 201.5124 1.3594 1.5542 3.3787 -9.0795 2.3213 60.2894 -4.4298 -0.9566
Car -1 -1 -4.7442 434.1491 184.6636 459.1444 207.6572 1.4528 1.5559 3.8742 -11.3323 2.3013 49.7865 -4.9673 -1.3002
Car -1 -1 -4.6752 576.5404 182.4800 594.8676 198.6940 1.3965 1.5501 3.3617 -2.2172 2.2968 65.8257 -4.7092 -1.4622
Car -1 -1 -4.4275 515.5604 179.2201 546.8884 197.8595 1.4877 1.5861 3.9741 -6.6581 2.0452 61.1177 -4.5359 -2.7523
Car -1 -1 -6.1521 808.5781 179.5748 859.1191 195.8686 1.4142 1.6091 4.2139 20.3122 2.0395 65.5608 -5.8533 -3.2850
Car -1 -1 -5.1168 599.1241 177.8261 651.9012 207.1979 1.6042 1.6410 4.0006 0.8166 1.9102 42.3011 -5.0982 -3.5001
Car -1 -1 -2.6947 353.9141 165.4385 410.1323 186.3884 1.6317 1.6898 3.9126 -18.1131 1.0538 57.3102 -2.9997 -3.6766
Car -1 -1 -3.4961 799.6395 177.0409 848.8684 195.9184 1.5885 1.6067 3.7317 18.3794 1.9536 62.0551 -3.2098 -3.7934
Car -1 -1 -5.1727 766.1165 175.8236 796.7480 190.9216 1.4343 1.5447 3.4855 16.8546 1.7345 71.1536 -4.9414 -3.8939
Car -1 -1 -8.3435 793.9049 172.1213 829.1100 188.1802 1.5479 1.6947 3.9653 19.9544 1.4770 71.6696 -8.0733 -3.9832
Car -1 -1 -7.8398 641.3268 176.5013 657.6271 192.0128 1.4612 1.5480 3.5994 3.8681 1.8275 70.6854 -7.7858 -4.1156
Car -1 -1 -5.2934 776.3351 173.6300 814.4396 188.5967 1.4290 1.7899 3.9019 18.2468 1.5076 71.2497 -5.0440 -4.1251
Car -1 -1 -4.5106 634.2354 176.7495 673.0413 205.2785 1.5749 1.5704 3.6926 2.5682 1.8140 42.3606 -4.4510 -4.1897
Car -1 -1 -4.6343 839.1002 175.6221 860.1636 191.7315 1.5216 1.6696 3.9979 23.6043 1.8022 71.0629 -4.3152 -4.8144
Car -1 -1 -7.7792 871.8325 182.9151 911.0809 213.3638 1.5186 1.7157 4.2996 15.5391 2.1058 39.8231 -7.4102 -4.9319
Car -1 -1 -4.7789 494.6312 179.7226 523.8831 205.2379 1.6014 1.6687 4.3281 -6.8863 2.0875 48.8063 -4.9187 -5.2342
Car -1 -1 -2.3157 143.1242 187.0915 244.3604 220.3121 1.4419 1.5970 4.3620 -19.6188 2.1394 33.9482 -2.8366 -5.4432
Car -1 -1 -8.0403 537.6361 177.0192 579.2422 208.2929 1.5499 1.5642 3.5029 -2.8086 1.7808 38.1571 -8.1138 -5.4487
Car -1 -1 -3.9547 259.9368 177.8017 334.1699 202.6510 1.4342 1.7151 4.3498 -19.4245 1.7579 44.9127 -4.3610 -5.6184
Car -1 -1 -4.5080 262.4275 180.1189 310.7586 209.8441 1.4827 1.6113 3.9720 -17.5087 1.8977 39.1353 -4.9264 -5.8867
Car -1 -1 -4.3771 91.9472 180.3143 181.6042 223.0954 1.4568 1.6051 4.0042 -17.9161 1.7624 27.4501 -4.9511 -5.8867
Car -1 -1 -4.2991 627.5809 177.9309 661.2314 196.6549 1.6659 1.6897 3.9872 3.2321 2.1560 67.5297 -4.2519 -6.7088
