Car -1 -1 -7.2662 718.0743 169.8449 843.0163 228.7562 1.5988 1.7457 3.9500 5.1115 1.5169 21.5707 -7.0372 8.2428
Car -1 -1 -4.1271 40.5245 191.0169 232.9055 269.2076 1.4277 1.6262 3.9825 -10.3601 1.8836 16.1157 -4.6912 7.2762
Car -1 -1 -7.9016 569.5744 171.6007 767.7687 363.7685 1.5912 1.6416 3.4820 0.4352 1.5805 7.7194 -7.8493 6.3229
Car -1 -1 -4.3627 351.2811 180.4427 426.4315 217.5744 1.4991 1.7506 4.5898 -9.8640 1.8644 32.4266 -4.6562 6.0763
Car -1 -1 -4.1278 234.5427 178.2639 313.4870 216.5517 1.5275 1.5047 3.2905 -14.4044 1.7728 31.0187 -4.5596 5.9931
Car -1 -1 -4.4290 402.5887 174.1819 452.7862 209.2954 1.7750 1.5806 3.8656 -9.7215 1.8493 38.5839 -4.6746 4.8465
Car -1 -1 -7.1558 688.0446 173.3402 764.0196 209.9258 1.5559 1.5137 3.4484 5.2026 1.5786 32.4320 -6.9987 3.3501
Car -1 -1 -7.1885 668.2991 173.9087 738.9938 201.8197 1.4326 1.6047 4.1320 5.0934 1.4925 39.2074 -7.0607 2.9921
Car -1 -1 -4.4623 459.9302 177.5125 500.0678 201.8560 1.5548 1.6970 4.2054 -8.8164 1.8852 49.0689 -4.6395 2.5832
Car -1 -1 -7.9252 1151.8320 164.0087 1241.0000 374.0000 1.5815 1.7017 4.0154 4.1822 1.5569 4.0790 -7.1634 2.2463
Car -1 -1 -4.5047 526.6024 176.1132 560.1019 198.1591 1.5291 1.6486 4.0093 -4.8585 1.7765 52.7505 -4.5965 1.4518
Car -1 -1 -4.4370 338.4985 179.5330 384.2844 206.4785 1.4382 1.5328 3.6745 -14.2133 1.8377 41.3168 -4.7667 1.2064
Car -1 -1 -2.0193 0.0000 180.8974 97.9770 221.2617 1.4436 1.6266 4.0739 -22.0391 1.7747 28.0922 -2.6800 0.8978
Car -1 -1 -7.9370 594.2475 179.5468 667.9785 243.3546 1.4453 1.5668 3.7411 0.4024 1.6359 18.6614 -7.9167 -0.8869
Car -1 -1 -7.8123 607.9563 176.9128 651.5381 216.4382 1.4649 1.6045 3.7025 0.8043 1.6386 29.0336 -7.7856 -1.1587
Car -1 -1 -7.0126 213.4902 181.4690 287.5355 210.0050 1.4713 1.5940 3.5387 -20.0523 1.9754 40.3106 -7.4718 -2.0023
Car -1 -1 -4.2576 514.6466 176.2977 552.4135 194.6253 1.4869 1.6061 4.0053 -6.5009 1.7904 61.5046 -4.3628 -2.3446
Car -1 -1 -5.0199 435.8476 178.1365 473.0929 200.3085 1.4851 1.5605 3.6157 -11.1017 1.8741 51.2187 -5.2327 -2.4288
Car -1 -1 -7.6161 635.6238 174.3399 661.5562 190.6329 1.4414 1.5635 3.6433 3.5441 1.5814 66.1620 -7.5632 -2.4365
Car -1 -1 -4.7269 525.9769 177.3943 552.2675 200.8579 1.4995 1.7054 4.0319 -4.8791 1.8209 49.0227 -4.8260 -3.6825
Car -1 -1 -8.1889 793.7049 172.9426 826.8182 190.4047 1.4892 1.6309 3.8296 17.5633 1.4969 63.5179 -7.9206 -4.1762
Car -1 -1 -4.2882 486.7289 180.7286 523.0247 197.7749 1.3492 1.6241 3.7878 -8.8780 2.0373 61.0407 -4.4324 -4.2403
Car -1 -1 -5.0056 607.3563 175.0081 645.5246 197.1364 1.5808 1.7572 4.0611 1.1596 1.7487 54.1639 -4.9847 -4.3783
Car -1 -1 -8.2551 852.0926 167.3212 901.8871 199.1234 2.2179 1.7827 4.4743 19.3576 1.8317 52.5991 -7.9047 -4.4656
Car -1 -1 -2.6606 112.8728 185.8109 236.3545 238.3710 1.4816 1.5108 2.7792 -13.0000 1.8837 21.5809 -3.1976 -4.5265
Car -1 -1 -5.1154 491.1056 177.2791 538.3223 201.2920 1.5484 1.6842 4.2419 -6.6291 1.8662 49.6110 -5.2479 -4.8248
