Car -1 -1 -7.8956 575.3260 174.1274 751.6390 343.9039 1.5903 1.6589 3.6352 0.4594 1.6084 8.6101 -7.8459 7.0090
Car -1 -1 -4.1144 30.7595 193.1163 231.9818 274.1985 1.4394 1.6131 4.1426 -10.3477 1.9459 15.9504 -4.6826 6.7693
Car -1 -1 -7.2483 719.4209 172.3603 844.8340 230.7536 1.5766 1.7080 3.9111 5.1210 1.5630 21.4259 -7.0175 6.5832
Car -1 -1 -4.4668 451.0357 181.1911 502.6363 215.6850 1.5032 1.5886 3.5246 -6.2790 1.9182 34.1292 -4.6478 5.6907
Car -1 -1 -4.4356 402.0965 176.8287 452.0977 212.5460 1.7895 1.5965 3.8362 -9.7384 2.0121 38.5237 -4.6820 5.5653
Car -1 -1 -4.1057 232.1600 180.8468 312.6474 219.4322 1.5198 1.5534 3.2195 -14.3976 1.8803 30.8521 -4.5393 5.2362
Car -1 -1 -7.1856 689.5391 175.0420 763.2578 212.0300 1.5564 1.4260 3.4522 5.1941 1.6591 32.2564 -7.0280 5.1810
Car -1 -1 -4.3570 351.1425 183.6740 425.8692 220.6416 1.4649 1.7028 4.5653 -9.8386 1.9837 32.2875 -4.6509 4.8707
Car -1 -1 -7.1273 670.1958 176.8332 741.2075 203.6658 1.3554 1.5963 3.9212 5.1537 1.5800 38.8931 -6.9970 3.1452
Car -1 -1 -4.4545 553.3107 176.3423 584.8887 196.4138 1.6189 1.6887 4.0747 -3.4491 1.9245 61.1137 -4.5110 2.7220
Car -1 -1 -7.9177 1167.4025 172.9330 1241.0000 374.0000 1.5151 1.6697 4.0629 4.1852 1.5155 3.9454 -7.1400 1.8414
Car -1 -1 -4.3817 514.8729 177.5302 549.9494 196.1999 1.5038 1.6833 4.2558 -6.5933 1.9168 61.5126 -4.4884 1.6043
Car -1 -1 -7.8715 601.5597 179.8297 650.4092 224.9093 1.4330 1.5912 3.6663 0.4732 1.6953 25.3364 -7.8538 0.7206
Car -1 -1 -7.6845 22.6657 182.0194 94.3302 224.4680 1.4676 1.5971 3.5409 -21.1387 1.8441 27.7229 -8.3315 0.2598
Car -1 -1 -4.0690 210.7423 179.2703 282.9915 208.1109 1.5179 1.5764 4.0050 -20.5935 1.9013 41.0270 -4.5318 -0.3378
Car -1 -1 -4.4903 342.9337 180.7890 385.9513 208.8984 1.4891 1.5163 3.8576 -14.0489 1.9654 41.3471 -4.8162 -1.6254
Car -1 -1 -4.8768 631.7868 176.7600 656.9782 193.4799 1.3998 1.5972 3.8230 2.9628 1.7531 63.3297 -4.8306 -1.8415
Car -1 -1 -4.8443 431.4405 180.6588 460.8150 203.1679 1.4586 1.5225 3.6162 -11.4333 2.0211 50.0743 -5.0680 -1.9572
Car -1 -1 -7.8380 613.2971 178.4044 645.8995 208.3367 1.4367 1.5966 3.5997 0.9943 1.7362 37.1428 -7.8120 -2.5635
Car -1 -1 -4.2677 529.0369 176.6721 572.1500 195.9921 1.5433 1.7760 4.7419 -5.0043 1.8801 61.1697 -4.3493 -2.7100
Car -1 -1 -8.0912 531.4680 174.5496 580.6989 207.2839 1.6382 1.6980 4.0912 -2.9765 1.7337 38.5473 -8.1683 -2.9312
Car -1 -1 -4.8402 810.6425 172.9800 836.0980 192.1131 1.6275 1.6531 3.8885 18.7039 1.6386 63.4509 -4.5551 -3.0233
Car -1 -1 -4.8913 843.3488 181.6669 881.0093 206.0590 1.4136 1.5405 3.9464 15.7712 1.9928 45.3778 -4.5593 -4.2607
Car -1 -1 -4.7634 426.5408 183.7357 458.1659 209.5501 1.4507 1.6835 4.7148 -10.5702 2.1690 45.1525 -4.9925 -4.4696
Car -1 -1 -4.7538 457.9384 179.0535 486.6446 205.1687 1.7214 1.8133 4.0407 -9.7553 2.1760 50.7673 -4.9431 -4.5242
Car -1 -1 -7.9795 793.3095 174.1285 818.5912 191.8581 1.4996 1.6337 4.1062 17.1796 1.6152 63.4839 -7.7167 -4.7990
Car -1 -1 -2.8081 108.6387 191.0081 230.6467 241.6326 1.3954 1.4953 2.7851 -13.1687 1.9652 21.6383 -3.3497 -5.1872
Car -1 -1 -4.7187 129.6270 180.2787 183.8586 222.0972 1.4391 1.6595 4.2300 -17.5348 1.7484 27.8538 -5.2765 -5.9176
