Car -1 -1 -7.2777 729.0270 175.7525 868.3362 243.7827 1.6075 1.7202 3.9475 5.0342 1.6922 19.1856 -7.0256 7.7901
Car -1 -1 -7.8770 598.2015 180.9478 685.2269 264.6234 1.5689 1.6741 3.5713 0.5775 1.7646 15.6720 -7.8420 7.5295
Car -1 -1 -4.0626 0.0000 199.8826 171.3205 298.3654 1.4498 1.5968 3.9976 -10.4275 2.0389 13.7293 -4.7030 7.4338
Car -1 -1 -4.0897 197.3917 185.6177 286.0377 227.4048 1.4932 1.5198 3.2269 -14.5213 2.0280 28.5399 -4.5570 6.4854
Car -1 -1 -4.4693 460.8961 185.7643 515.2464 220.4682 1.5614 1.7755 3.9403 -6.0537 2.2418 36.0089 -4.6352 5.6013
Car -1 -1 -4.3378 326.1630 187.6340 409.8212 229.2923 1.5043 1.7491 4.5258 -9.9781 2.1658 30.0008 -4.6568 5.4926
Car -1 -1 -7.2205 691.1390 180.5099 769.6941 220.9590 1.5500 1.4978 3.4189 5.0047 1.8868 30.0354 -7.0577 5.2560
Car -1 -1 -4.4315 385.9494 182.4307 440.6422 220.6218 1.7583 1.5847 4.0604 -9.8561 2.2667 36.2871 -4.6954 4.4164
Car -1 -1 -7.1479 669.1938 182.1066 743.5812 212.9443 1.4363 1.6214 3.8764 4.8916 1.9303 36.6473 -7.0168 4.2991
Car -1 -1 -4.4895 541.7975 183.5063 574.7341 205.7123 1.5147 1.5977 3.9312 -3.8068 2.3312 53.2608 -4.5611 2.1472
Car -1 -1 -4.2349 178.7791 185.8882 247.4792 214.9919 1.3998 1.5458 3.9854 -21.1259 2.1315 38.5119 -4.7340 0.8995
Car -1 -1 -4.3166 317.0450 186.0695 374.3326 215.7880 1.4518 1.5372 3.8364 -14.2275 2.2005 38.9381 -4.6651 0.4871
Car -1 -1 -4.6682 511.5736 183.8729 533.6157 204.0607 1.5328 1.6193 3.9497 -7.1462 2.4651 59.0328 -4.7886 -0.1599
Car -1 -1 -4.4820 455.4781 185.9633 494.1379 210.1147 1.4199 1.6082 3.8709 -8.7010 2.3008 46.5296 -4.6663 -1.7052
Car -1 -1 -4.6848 0.0000 185.5812 13.2897 236.6810 1.5768 1.6380 4.0324 -22.1169 2.0609 25.3817 -5.3964 -2.1636
Car -1 -1 -4.3205 583.7317 181.9176 620.5126 197.2989 1.3731 1.8203 4.9659 -0.7353 2.2874 70.1701 -4.3314 -3.2030
Car -1 -1 -4.7506 614.3769 178.6444 641.4157 204.8587 1.6478 1.6510 3.6121 1.1235 2.0472 47.9780 -4.7279 -3.2071
Car -1 -1 -4.3450 636.0970 178.7544 669.0898 196.3356 1.4843 1.6155 4.0130 3.8206 2.0294 64.5290 -4.2866 -3.2636
Car -1 -1 -7.7759 0.0000 187.2085 63.4840 234.6342 1.4960 1.6056 3.9639 -20.9699 2.0570 26.1192 -8.4476 -3.2863
Car -1 -1 -4.3111 424.1487 185.5629 467.5081 208.8799 1.4468 1.5383 3.7013 -11.0992 2.3416 48.8618 -4.5337 -3.3075
Car -1 -1 -4.8171 783.3184 170.4754 805.9380 188.3954 1.6483 1.6526 4.0827 17.4760 1.4292 68.5077 -4.5686 -3.7391
Car -1 -1 -5.0030 594.2584 183.1678 646.4605 215.4503 1.4930 1.5432 4.1210 0.4272 2.0524 36.9637 -4.9922 -3.8102
Car -1 -1 -4.7168 279.5384 189.1566 319.1136 225.2008 1.4100 1.5308 3.7968 -13.8721 2.1817 32.1223 -5.1218 -4.0093
Car -1 -1 -7.8090 843.0672 183.6120 865.3494 202.6792 1.4863 1.6168 3.5865 20.4476 2.4163 60.4260 -7.4847 -4.2522
Car -1 -1 -4.5816 647.7831 182.6781 676.4115 207.3111 1.7924 1.7441 3.8297 4.0629 2.5850 56.1884 -4.5104 -4.2787
Car -1 -1 -7.8049 536.8439 183.1195 572.7666 215.7756 1.4925 1.6083 3.9391 -2.7611 2.0358 36.2188 -7.8810 -4.5143
Car -1 -1 -7.4553 628.0983 178.4221 669.1047 203.5455 1.5963 1.5782 3.3557 2.5965 1.9848 48.5221 -7.4027 -4.6470
Car -1 -1 -8.2167 687.8420 177.6868 735.1263 203.3302 1.4865 1.5923 3.9474 6.1980 1.7998 44.7208 -8.0804 -5.8257
Car -1 -1 -4.5132 231.4719 182.0254 282.5568 212.9305 1.4622 1.6216 3.9824 -18.3254 1.9661 37.5329 -4.9649 -5.8867
Car -1 -1 -4.0491 262.4117 181.4160 337.9347 212.1372 1.5271 1.6547 3.9982 -16.7832 2.0174 39.2059 -4.4514 -5.8867
Car -1 -1 -3.8435 231.5889 181.5412 308.7640 209.2212 1.4721 1.5525 3.9871 -19.6672 2.0014 41.8498 -4.2806 -5.8921
Car -1 -1 -6.0300 104.4376 175.5312 198.6697 212.6977 1.8976 1.6447 3.9484 -24.3613 2.0450 38.4230 -6.5921 -6.3824
Car -1 -1 -4.3582 567.6644 175.5932 602.7092 197.1833 1.9025 1.8602 4.2820 -2.2660 2.1635 66.4957 -4.3926 -7.2143
