Car -1 -1 -7.5799 880.6280 168.5720 1185.4536 374.0000 1.5351 1.6531 4.1023 4.4292 1.5032 7.3502 -7.0559 8.0052
Car -1 -1 -7.2210 700.6018 170.1355 811.6656 221.0492 1.6191 1.7627 3.9677 5.0562 1.5324 24.9351 -7.0238 7.1331
Car -1 -1 -4.2002 145.0457 187.2548 289.9275 250.7175 1.4418 1.5874 4.0983 -10.4002 1.8700 19.4001 -4.6869 5.6201
Car -1 -1 -7.8748 581.1204 175.2989 711.8370 300.2511 1.5631 1.6496 3.6762 0.4326 1.6062 10.9500 -7.8378 5.4349
Car -1 -1 -4.0003 0.0000 181.7822 131.0387 304.0643 1.7132 1.6413 4.2252 -10.6354 1.8945 12.5477 -4.6931 4.8761
Car -1 -1 -4.1569 270.7483 177.8457 339.9870 212.7334 1.5495 1.4605 3.3959 -14.4694 1.7992 34.3514 -4.5532 4.7746
Car -1 -1 -7.2198 677.7546 173.8968 747.0547 206.6326 1.5365 1.5304 3.6780 5.0832 1.5907 35.8351 -7.0805 4.6704
Car -1 -1 -4.3783 375.6324 181.4164 439.6084 213.2988 1.4254 1.6720 4.4699 -9.9761 1.8766 35.7678 -4.6488 4.5725
Car -1 -1 -4.4545 417.9301 175.3786 461.9484 207.5603 1.7703 1.5501 3.8825 -9.8680 1.9237 41.9614 -4.6845 3.6151
Car -1 -1 -4.4081 463.2930 175.7727 504.6732 199.7410 1.6451 1.7352 4.3400 -9.1131 1.8657 52.3408 -4.5800 2.4737
Car -1 -1 -7.1441 661.7510 173.3929 727.9338 198.8651 1.4281 1.6035 4.0810 4.9987 1.4610 42.5093 -7.0283 1.8733
Car -1 -1 -4.4019 519.4293 176.4359 550.4993 193.4641 1.4576 1.6161 4.0528 -6.7241 1.7898 64.8176 -4.5051 0.9784
Car -1 -1 -7.8813 600.4444 177.7695 649.7520 223.5476 1.4802 1.6225 3.6570 0.4282 1.6666 25.5633 -7.8655 -0.3852
Car -1 -1 -4.4491 357.7594 179.2710 401.6837 204.8617 1.4799 1.5898 4.0756 -14.2807 1.8967 44.8347 -4.7561 -0.9782
Car -1 -1 -5.5596 83.5980 183.4102 180.9702 217.6512 1.4766 1.6238 3.4983 -21.7312 1.9718 32.8156 -6.1410 -1.6119
Car -1 -1 -4.3776 799.1739 176.4664 829.9952 192.9495 1.5429 1.6792 4.0216 20.0244 1.9067 70.6023 -4.1027 -1.9246
Car -1 -1 -4.8574 438.6097 178.9164 468.8269 201.1394 1.5509 1.6221 4.0911 -11.7065 2.0207 53.7546 -5.0712 -1.9818
Car -1 -1 -3.7317 762.4199 172.5170 809.5710 189.8898 1.5390 1.6826 3.8698 15.9199 1.5088 65.3751 -3.4942 -2.4635
Car -1 -1 -5.1294 574.0253 178.4790 699.2056 246.8247 1.4968 1.6138 4.1321 0.4883 1.6571 18.3842 -5.1042 -3.0693
Car -1 -1 -7.9571 624.2548 168.4170 647.6243 188.1890 1.7530 1.7180 4.1040 2.3215 1.3593 66.0764 -7.9225 -3.2429
Car -1 -1 -7.9321 611.8360 167.6382 637.4993 189.2235 1.5952 1.6729 3.6907 1.0621 1.2094 55.2145 -7.9133 -3.5268
Car -1 -1 -4.4710 255.1894 175.4259 297.6566 200.3450 1.4729 1.5552 3.7229 -20.7950 1.6402 45.0309 -4.9016 -4.0226
Car -1 -1 -2.6669 171.1954 180.5638 298.8241 227.2294 1.5793 1.6120 3.6723 -13.2235 1.8600 25.4916 -3.1415 -4.3493
Car -1 -1 -7.6464 585.4415 178.8078 663.1990 231.9919 1.4171 1.6089 3.6716 0.4670 1.6116 21.6369 -7.6259 -4.6369
Car -1 -1 -4.7765 617.3066 173.5385 650.8416 200.5742 1.5078 1.6978 4.1130 1.3323 1.5497 42.4288 -4.7458 -4.9656
Car -1 -1 -5.0267 516.8326 174.6004 551.3282 193.3693 1.5300 1.7511 4.0465 -6.5243 1.6837 61.4335 -5.1324 -5.1756
Car -1 -1 -4.5352 199.1438 180.0849 254.6368 213.7952 1.4334 1.5840 4.1186 -17.9183 1.7942 33.8280 -5.0193 -5.8078
Car -1 -1 -4.7053 620.5054 173.9594 652.6612 202.9305 1.4223 1.5858 3.9074 1.3535 1.4826 37.5611 -4.6700 -5.8867
