Car -1 -1 -7.2604 718.3748 169.6087 844.4247 228.3686 1.5898 1.7240 3.9965 5.1244 1.5017 21.5117 -7.0303 8.0449
Car -1 -1 -4.1194 34.9557 191.0008 231.8184 270.3258 1.4355 1.6308 4.0421 -10.3702 1.8898 16.0328 -4.6863 7.6653
Car -1 -1 -7.9061 569.9282 173.5170 770.6680 366.7007 1.5832 1.6486 3.5189 0.4379 1.5916 7.6855 -7.8533 6.5611
Car -1 -1 -4.3622 349.9316 180.1320 426.6855 217.8082 1.5206 1.7900 4.6720 -9.8833 1.8714 32.4244 -4.6562 5.7858
Car -1 -1 -4.1591 234.4623 177.4547 311.5948 216.4084 1.5603 1.5268 3.2298 -14.4386 1.7685 30.9969 -4.5920 5.3944
Car -1 -1 -4.4473 403.1064 173.5700 453.0810 209.6004 1.8233 1.5860 4.0442 -9.7083 1.8633 38.6308 -4.6923 5.0547
Car -1 -1 -7.1932 687.9739 173.2148 761.4535 211.0156 1.6033 1.5218 3.3492 5.1290 1.6200 32.3375 -7.0378 3.9419
Car -1 -1 -7.1836 668.3790 175.2912 735.9689 202.8591 1.4043 1.5821 3.8441 4.9805 1.5422 39.0020 -7.0580 3.2642
Car -1 -1 -4.4347 457.9312 178.2293 499.8236 202.9384 1.5689 1.6821 4.3057 -8.8785 1.9503 49.0081 -4.6134 2.8290
Car -1 -1 -7.9589 591.9262 178.6795 666.0656 239.0024 1.4480 1.6043 3.6799 0.3749 1.6212 19.5900 -7.9410 1.8669
Car -1 -1 -7.8974 1152.3970 165.2027 1241.0000 374.0000 1.5007 1.6542 4.0217 4.1557 1.4802 3.9509 -7.1238 1.5131
Car -1 -1 -4.5014 519.9659 178.2473 554.2239 200.1275 1.4333 1.5814 3.9777 -5.0737 1.8248 50.3475 -4.6018 1.4333
Car -1 -1 -4.3048 338.1490 178.5548 392.3114 206.5617 1.4967 1.5380 3.8402 -13.9916 1.8386 41.3406 -4.6296 1.2641
Car -1 -1 -2.0545 0.0000 180.7872 98.3442 221.0582 1.4364 1.6474 4.3074 -22.1190 1.7621 28.0161 -2.7183 0.1960
Car -1 -1 -7.8901 607.1269 177.3021 649.5259 214.9771 1.4543 1.6227 3.5199 0.6679 1.6501 30.0421 -7.8687 -0.0858
Car -1 -1 -4.3068 638.2001 171.3934 671.1999 188.0624 1.5149 1.6322 4.0445 4.2092 1.3819 67.7488 -4.2453 -1.3632
Car -1 -1 -7.9000 442.5147 179.0373 467.6806 201.4777 1.4990 1.5758 3.7491 -11.0767 1.9558 51.3211 -8.1119 -2.2594
Car -1 -1 -3.4396 796.6183 173.2387 847.5605 190.8195 1.5013 1.6190 3.9289 18.3171 1.5348 62.4910 -3.1561 -2.4156
Car -1 -1 -4.3716 487.0665 179.7061 520.4304 198.1351 1.4597 1.5310 4.0121 -8.9423 2.0573 60.8413 -4.5173 -3.1172
Car -1 -1 -6.9170 208.9939 179.6659 296.8587 208.0301 1.4682 1.6423 4.3079 -20.1049 1.8742 40.7387 -7.3732 -3.8588
Car -1 -1 -5.0829 826.0659 169.9938 855.0956 183.9481 1.3544 1.5797 3.5154 22.9035 1.0765 71.8347 -4.7756 -4.0618
Car -1 -1 -6.5142 1188.6832 172.5500 1241.0000 367.7969 1.4335 1.5705 3.0728 7.4506 1.4309 6.7950 -5.7046 -4.2693
Car -1 -1 -7.7686 308.7243 182.8102 350.6649 214.0672 1.3525 1.5451 3.8294 -13.4163 1.8577 34.5832 -8.1364 -4.3546
Car -1 -1 -6.1433 541.1161 176.5078 617.3209 206.3061 1.4979 1.5580 3.7737 -1.6061 1.6921 37.4621 -6.1864 -4.6485
Car -1 -1 -4.8704 828.9100 178.2109 863.5469 202.5648 1.5616 1.6406 3.8701 16.0272 1.9417 49.2010 -4.5577 -5.2528
Car -1 -1 -4.7011 126.1192 178.6492 182.9873 221.4465 1.4367 1.6852 4.2795 -17.0966 1.6723 27.1016 -5.2597 -5.9910
