Car -1 -1 -4.1235 31.8648 192.7195 232.7392 273.0344 1.4350 1.6705 4.1078 -10.3541 1.9319 15.9881 -4.6909 7.2299
Car -1 -1 -7.2492 718.4703 171.5817 843.4228 230.3377 1.5873 1.7077 3.8962 5.0877 1.5527 21.4343 -7.0199 7.0440
Car -1 -1 -7.8989 570.5375 174.1595 761.0008 357.7885 1.5944 1.6608 3.4719 0.4375 1.6118 8.0305 -7.8482 6.4479
Car -1 -1 -4.5180 470.3946 180.6693 516.3140 211.4407 1.4983 1.7197 3.5774 -6.1061 1.9280 37.8750 -4.6772 5.6681
Car -1 -1 -7.2307 687.4844 175.5156 759.6603 212.8159 1.5656 1.4943 3.3920 5.0705 1.6907 32.2657 -7.0768 5.2514
Car -1 -1 -4.1042 232.1134 180.6405 312.1398 218.8304 1.5028 1.5215 3.2216 -14.3911 1.8536 30.8122 -4.5382 5.0194
Car -1 -1 -4.3620 352.3917 183.6195 424.4656 220.6799 1.4744 1.6737 4.3516 -9.8284 1.9878 32.2132 -4.6563 4.7997
Car -1 -1 -4.4334 401.8905 175.8788 452.8304 211.9601 1.8123 1.6230 3.9001 -9.7286 1.9819 38.5495 -4.6794 4.5000
Car -1 -1 -7.1974 668.7795 176.2948 736.8616 204.9302 1.4511 1.6269 3.8711 5.0133 1.6459 38.9764 -7.0709 3.1698
Car -1 -1 -7.8740 1139.3505 177.6160 1241.0000 374.0000 1.5485 1.6699 4.0327 4.1907 1.5880 3.9817 -7.1000 1.4650
Car -1 -1 -4.4361 514.4883 177.2283 547.4520 196.4969 1.5568 1.7178 4.1844 -6.7174 1.9428 61.5054 -4.5448 1.2188
Car -1 -1 -2.2524 0.0000 182.1595 96.2753 222.3436 1.4324 1.6484 4.2316 -22.1622 1.8038 27.5627 -2.9250 1.0033
Car -1 -1 -4.3454 455.0020 179.3808 499.6270 202.7690 1.4755 1.6174 4.0744 -8.9621 1.9367 48.8711 -4.5262 0.9701
Car -1 -1 -7.9458 596.6179 179.6811 655.6774 228.6182 1.4322 1.5657 3.8026 0.4056 1.6738 23.6165 -7.9296 0.6243
Car -1 -1 -4.6520 562.1854 176.1655 583.3353 193.2662 1.4543 1.6363 4.1464 -3.3086 1.7585 64.2492 -4.7036 -0.2798
Car -1 -1 -5.3345 505.9559 175.9713 578.3550 207.6829 1.5821 1.6620 4.2845 -3.7199 1.7578 38.5822 -5.4305 -0.6154
Car -1 -1 -4.2562 205.5472 179.9443 268.3962 208.6519 1.5134 1.5744 3.9818 -21.1629 1.9360 41.0319 -4.7300 -1.1465
Car -1 -1 -4.2069 635.3102 173.3975 675.6769 192.8530 1.6083 1.6278 4.2120 3.9213 1.6564 61.9840 -4.1444 -2.1461
Car -1 -1 -5.3686 869.1560 165.2072 929.2191 196.5927 2.0215 1.7810 3.8200 19.3619 1.5287 48.5552 -4.9916 -2.1535
Car -1 -1 -4.8843 623.1343 175.2262 649.3524 193.0489 1.4614 1.6054 3.8061 2.1870 1.6705 61.6909 -4.8494 -3.2724
Car -1 -1 -3.5001 795.1400 174.2608 847.1549 192.7689 1.5712 1.6498 3.9891 18.2045 1.6944 62.3737 -3.2177 -3.4547
Car -1 -1 -7.7739 608.1595 177.6746 647.3636 209.7182 1.4638 1.6313 3.8910 0.8859 1.7148 35.5887 -7.7498 -3.4968
Car -1 -1 -4.7324 343.2518 181.5135 374.6613 212.2318 1.6131 1.6162 4.0949 -14.4531 2.1353 41.3317 -5.0671 -3.5395
Car -1 -1 -2.4783 147.6174 180.8352 239.0092 209.2182 1.4692 1.6475 4.1581 -22.5764 1.9135 39.0843 -2.9994 -3.8246
Car -1 -1 -8.2681 851.9974 163.6505 901.3987 197.9753 2.3889 1.7672 4.3086 19.2749 1.7480 52.4227 -7.9180 -4.0950
Car -1 -1 -4.5291 853.0979 181.3499 894.4480 207.3177 1.4802 1.6696 4.3178 16.4238 2.0356 44.9088 -4.1811 -4.1880
Car -1 -1 -5.0106 608.1022 177.6007 677.0833 213.1263 1.4238 1.7186 4.7646 1.3085 1.6513 32.1142 -4.9709 -4.3174
Car -1 -1 -6.4191 513.9337 179.4406 565.1082 203.0769 1.5875 1.6085 3.3613 -4.9574 2.0570 50.2870 -6.5173 -4.7323
Car -1 -1 -8.7273 670.5034 165.9198 732.2643 192.6353 1.6215 1.6034 3.7142 5.7187 1.2003 45.6984 -8.6039 -4.7477
Car -1 -1 -5.0206 419.6201 178.7086 461.1543 203.0473 1.5824 1.6422 4.0921 -11.8556 2.0066 50.1366 -5.2520 -4.8653
Car -1 -1 -7.8880 619.8813 180.6709 693.1201 244.1922 1.3387 1.5830 3.1378 0.9863 1.5418 17.1823 -7.8326 -5.3607
Car -1 -1 -4.7211 130.4697 179.6485 184.6599 221.4040 1.4406 1.6592 4.2627 -17.5181 1.7238 27.8674 -5.2782 -5.9067
