Car -1 -1 -4.1150 33.5263 190.8002 230.5422 270.2241 1.4371 1.6509 3.9720 -10.3655 1.8841 15.9729 -4.6834 7.6682
Car -1 -1 -7.2567 718.2264 169.0736 844.5717 228.5085 1.6052 1.7216 3.9868 5.1136 1.5028 21.4693 -7.0266 7.4542
Car -1 -1 -7.8991 567.7749 173.5643 769.4908 364.8873 1.5627 1.6520 3.4878 0.4342 1.5717 7.6566 -7.8464 6.4838
Car -1 -1 -4.3596 349.8427 180.0567 425.8851 217.7965 1.5207 1.7717 4.5682 -9.8677 1.8661 32.2956 -4.6543 5.2811
Car -1 -1 -4.1484 234.0781 177.6523 311.7046 216.1408 1.5368 1.5363 3.1973 -14.4071 1.7533 30.9149 -4.5815 5.1927
Car -1 -1 -4.4324 402.9454 173.3213 453.3881 209.4610 1.8308 1.5936 3.9080 -9.6948 1.8568 38.5842 -4.6773 5.0328
Car -1 -1 -7.2005 688.6785 173.0790 763.2183 210.0202 1.5668 1.5054 3.4722 5.1924 1.5772 32.3667 -7.0434 4.1945
Car -1 -1 -4.5307 512.0047 178.6295 547.3970 201.4944 1.4204 1.6603 3.8667 -5.3085 1.8188 47.8158 -4.6411 3.5943
Car -1 -1 -4.4036 457.4563 176.7688 501.3304 201.7208 1.5911 1.6528 4.4721 -8.8491 1.8696 49.0631 -4.5815 3.4498
Car -1 -1 -7.9359 594.5591 178.0621 663.6147 236.3835 1.4513 1.6036 3.7166 0.3982 1.6106 20.2013 -7.9174 2.7913
Car -1 -1 -7.1357 669.3913 173.6546 743.6229 201.0783 1.4044 1.6201 4.2052 5.2267 1.4497 39.0639 -7.0041 2.5753
Car -1 -1 -7.8872 1143.1632 174.1958 1241.0000 374.0000 1.5631 1.6869 4.0189 4.1883 1.5740 3.9899 -7.1145 1.8336
Car -1 -1 -7.8576 36.9621 181.2781 92.4939 222.9316 1.4733 1.6526 4.2551 -21.6429 1.8326 28.6045 -8.5010 1.5762
Car -1 -1 -4.7301 214.5806 187.2514 246.8160 214.3446 1.3386 1.5084 3.7189 -20.9668 2.1714 39.7600 -5.2129 1.1168
Car -1 -1 -4.3961 337.8277 178.7558 385.4245 205.8810 1.4479 1.4978 3.6622 -14.1438 1.7993 41.1571 -4.7254 1.0277
Car -1 -1 -6.6490 800.1487 173.1699 856.2277 191.0376 1.5210 1.7185 4.3177 18.8406 1.5485 62.4738 -6.3577 -1.3683
Car -1 -1 -8.0576 595.5078 176.9144 649.9311 214.0673 1.4804 1.6015 3.8028 0.4424 1.6671 31.2100 -8.0442 -1.4127
Car -1 -1 -7.9308 637.4832 173.5130 656.4258 189.2933 1.4671 1.5478 3.3652 3.4882 1.5313 68.9245 -7.8808 -2.4671
Car -1 -1 -4.6819 435.5254 178.3132 461.4332 201.9254 1.5414 1.6350 4.2778 -11.2728 1.9394 50.3980 -4.9012 -2.6450
Car -1 -1 -7.7559 501.6044 166.1155 525.3696 186.7214 1.8471 1.7757 4.2374 -8.9244 1.2427 66.8246 -7.8884 -3.9653
Car -1 -1 -3.9009 229.2269 178.1108 303.4171 203.8085 1.4014 1.5359 3.9566 -20.1224 1.7250 42.3391 -4.3424 -4.9780
Car -1 -1 -7.8359 834.3332 186.2525 879.4911 225.1096 1.3507 1.5823 3.6768 9.7092 1.9158 28.4553 -7.5109 -4.9988
Car -1 -1 -7.4572 591.0948 182.3790 726.3902 255.9999 1.3863 1.6876 3.8059 1.1662 1.6274 16.2041 -7.3877 -5.2075
Car -1 -1 -4.7182 123.0315 180.0691 178.7165 222.3313 1.3924 1.6261 4.2160 -17.0530 1.6817 26.7426 -5.2816 -5.8697
