Car -1 -1 -7.8791 569.9219 172.9252 755.4827 354.4124 1.5872 1.6261 3.4419 0.4473 1.5878 8.0534 -7.8274 6.9618
Car -1 -1 -7.2480 715.1915 168.6581 839.5355 226.6560 1.6023 1.7379 3.9643 5.0938 1.4861 21.9126 -7.0231 6.5687
Car -1 -1 -4.1321 51.8944 191.6530 241.6518 267.8459 1.4106 1.6146 4.1088 -10.3497 1.8931 16.4563 -4.6866 6.2896
Car -1 -1 -4.3675 353.4257 180.3829 427.8279 216.8958 1.4905 1.7568 4.6440 -9.8959 1.8571 32.7950 -4.6588 4.6969
Car -1 -1 -4.2141 240.2920 179.1830 312.9378 215.7401 1.4734 1.4704 3.2788 -14.4490 1.7629 31.3512 -4.6430 4.6076
Car -1 -1 -7.1527 687.8239 172.5029 758.7087 208.0010 1.5299 1.4301 3.2317 5.1161 1.5144 32.6966 -6.9994 4.4300
Car -1 -1 -4.4274 404.7715 175.2142 453.9361 208.9370 1.7147 1.5616 3.8000 -9.7112 1.8479 38.8890 -4.6709 4.4138
Car -1 -1 -7.2130 668.9197 174.5370 732.2526 201.0799 1.3718 1.5720 3.6349 4.9397 1.4677 39.3811 -7.0896 3.4230
Car -1 -1 -4.3878 456.8002 175.7393 500.2480 200.3786 1.5916 1.6624 4.2190 -8.9619 1.7974 49.3321 -4.5670 2.9406
Car -1 -1 -7.9147 1109.6162 150.8090 1241.0000 374.0000 1.5854 1.7005 4.1413 4.2553 1.5121 4.5458 -7.1947 1.8248
Car -1 -1 -4.3633 515.7305 175.7789 550.3112 193.7653 1.4681 1.6421 4.1006 -6.5741 1.7272 61.7937 -4.4692 1.3959
Car -1 -1 -4.3697 339.3323 178.9258 389.8509 205.7703 1.4473 1.5653 3.8241 -14.1521 1.8141 41.6968 -4.6953 1.3494
Car -1 -1 -7.8475 44.9339 182.1129 96.6405 221.6592 1.4273 1.5724 3.4943 -21.5230 1.8205 28.7930 -8.4852 0.8139
Car -1 -1 -4.5747 554.9786 174.7876 580.5562 193.3318 1.5187 1.6448 4.0247 -3.5953 1.6890 61.5939 -4.6331 -0.7508
Car -1 -1 -7.9300 593.8077 178.4016 674.1343 247.6063 1.4619 1.6217 3.8500 0.4261 1.6115 17.5226 -7.9070 -0.8390
Car -1 -1 -4.5113 214.6399 181.9456 262.2415 211.0556 1.4487 1.5744 3.7416 -20.1478 1.9675 39.1800 -4.9838 -1.5392
Car -1 -1 -7.7399 604.4597 175.7747 658.7075 219.1072 1.4664 1.5886 3.7624 0.8173 1.5820 26.6596 -7.7103 -1.6446
Car -1 -1 -3.5056 795.1367 172.6878 844.2578 190.4768 1.5294 1.7083 3.7579 18.2741 1.5148 63.0412 -3.2250 -3.1555
Car -1 -1 -4.6193 633.5721 172.5308 656.2079 190.0342 1.4690 1.6071 3.9374 3.0329 1.4416 62.6195 -4.5714 -3.2140
Car -1 -1 -4.0465 72.7701 179.0389 180.8193 216.1985 1.4648 1.6289 4.2181 -20.8745 1.7517 31.3337 -4.6305 -3.3635
Car -1 -1 -4.4568 652.8655 176.6043 687.7214 197.9423 1.4760 1.5877 3.9975 4.4225 1.7613 52.8133 -4.3741 -3.5396
Car -1 -1 -4.0288 231.6303 172.4460 306.7655 200.5199 1.5720 1.6512 4.3303 -20.1071 1.5488 42.7033 -4.4667 -3.6146
Car -1 -1 -2.1981 0.0000 190.1287 26.9416 304.8520 1.5710 1.6469 4.0325 -11.7452 1.8690 11.3379 -2.9893 -3.8110
Car -1 -1 -4.7890 433.5638 179.9482 460.7097 201.7027 1.4251 1.5700 3.7831 -11.4901 1.9427 50.6351 -5.0114 -3.9498
Car -1 -1 -6.4393 484.5773 175.4192 540.8583 199.8210 1.7708 1.7265 3.9569 -7.3264 1.9676 54.0477 -6.5737 -4.5237
Car -1 -1 -5.1222 562.0861 180.0198 599.3370 200.7561 1.4732 1.4934 3.6124 -2.2771 2.0342 54.5614 -5.1642 -4.8769
Car -1 -1 -4.8272 833.8729 179.6953 866.4350 204.0438 1.5176 1.6034 3.9933 15.9889 1.9952 48.2799 -4.5097 -5.0222
Car -1 -1 -8.2946 848.0936 168.9276 898.0733 196.6880 1.9636 1.7649 4.3539 19.3280 1.6856 53.2884 -7.9488 -5.3406
