Car -1 -1 -7.2535 720.7918 172.6936 847.7951 232.8698 1.6105 1.7333 3.9247 5.1484 1.6059 21.2704 -7.0199 7.5805
Car -1 -1 -4.4089 374.3492 186.0088 452.0712 234.4845 1.4898 1.6096 3.4960 -6.7514 1.9763 24.9207 -4.6713 7.3694
Car -1 -1 -4.1340 27.7203 195.1224 227.3119 275.9939 1.4122 1.6092 4.0978 -10.3253 1.9625 15.7853 -4.7059 6.9935
Car -1 -1 -7.8827 585.5068 177.4141 720.2630 306.4063 1.5584 1.6529 3.5828 0.4954 1.6368 10.6483 -7.8390 6.9694
Car -1 -1 -4.1240 231.4537 181.2385 310.2006 219.9616 1.5133 1.4646 3.2503 -14.3739 1.8892 30.6593 -4.5594 5.3691
Car -1 -1 -7.2409 689.0010 176.4213 761.5083 213.3869 1.5370 1.4848 3.4324 5.1190 1.7040 32.0881 -7.0847 5.1509
Car -1 -1 -7.1416 669.3512 177.7202 737.7989 206.5328 1.4474 1.6081 3.7146 5.0116 1.7205 38.7059 -7.0143 3.4536
Car -1 -1 -4.3609 454.0903 180.1841 500.8312 205.1272 1.5599 1.7210 4.3210 -8.9205 2.0778 48.7362 -4.5414 3.1435
Car -1 -1 -7.7457 601.7139 180.6201 650.4775 219.8916 1.4659 1.6194 3.6444 0.6737 1.8048 29.6008 -7.7239 3.0929
Car -1 -1 -4.3757 346.4827 184.9243 418.2773 222.4967 1.4722 1.6558 4.4097 -10.0100 2.0435 31.9387 -4.6775 2.2083
Car -1 -1 -4.5520 529.8693 179.2520 561.1034 201.5305 1.5357 1.6580 4.0795 -4.7289 2.0243 53.0348 -4.6410 1.5732
Car -1 -1 -4.2162 514.9127 179.5988 554.4415 198.2376 1.4809 1.6154 4.0052 -6.3558 2.0715 61.0500 -4.3199 1.1029
Car -1 -1 -4.4527 335.8233 181.9795 381.9658 210.3830 1.4883 1.5685 3.7069 -14.2233 2.0299 40.9382 -4.7854 0.9828
Car -1 -1 -2.3018 0.0000 182.6062 91.5041 224.7025 1.4918 1.6576 4.2871 -22.2302 1.8757 27.2680 -2.9811 0.8905
Car -1 -1 -4.3300 206.4480 180.9512 267.4792 210.1886 1.5173 1.6476 4.0794 -20.9990 1.9975 40.7171 -4.8037 0.3969
Car -1 -1 -8.0566 608.0616 179.3620 648.3069 207.2593 1.4824 1.5853 3.6369 0.9547 1.8708 41.1718 -8.0342 -1.6465
Car -1 -1 -6.5513 803.0973 177.0963 856.1442 195.7509 1.5769 1.6682 4.0818 18.8998 1.9480 62.2792 -6.2584 -1.9834
Car -1 -1 -4.9294 634.4340 176.0858 659.5084 191.7800 1.4416 1.5797 3.9613 3.4952 1.7607 69.2199 -4.8795 -2.0013
Car -1 -1 -2.5736 353.1128 167.4406 411.5834 187.8833 1.5953 1.6938 4.2076 -18.2124 1.1726 57.6732 -2.8783 -2.8281
Car -1 -1 -7.5019 966.6828 200.6602 1241.0000 374.0000 1.5060 1.6597 3.6637 3.8377 1.7188 3.9423 -6.7677 -2.9787
Car -1 -1 -7.5524 413.4331 182.5586 461.8138 213.1523 1.5749 1.5901 3.7206 -9.5970 2.1419 40.2667 -7.7854 -3.2583
Car -1 -1 -4.4816 581.7451 177.3374 607.9485 193.8548 1.5035 1.6363 3.9919 -1.4358 1.9448 68.9522 -4.5027 -3.3056
Car -1 -1 -5.4519 815.6290 178.0685 859.0125 193.6860 1.4373 1.6396 4.1604 22.0279 1.9599 70.1268 -5.1491 -3.6236
Car -1 -1 -6.2115 141.5411 178.1991 230.3533 209.3616 1.6616 1.7217 4.2086 -23.8843 1.9758 40.7543 -6.7389 -4.6288
Car -1 -1 -2.4066 380.4739 164.8663 435.8258 187.8387 1.8629 1.7784 4.3970 -16.8980 1.2148 60.2878 -2.6789 -5.1935
Car -1 -1 -8.0960 531.0697 176.1447 579.5548 208.0799 1.5891 1.6445 4.0700 -3.0163 1.7745 38.5448 -8.1741 -5.5453
