Car -1 -1 -7.2387 715.4556 168.6464 837.9367 225.9168 1.6010 1.7170 3.9230 5.1187 1.4831 22.1202 -7.0148 7.6794
Car -1 -1 -4.1292 61.2896 191.7168 241.9353 265.7396 1.3950 1.5805 3.9077 -10.3469 1.8800 16.5846 -4.6801 6.8974
Car -1 -1 -7.8828 570.1509 170.2175 754.0419 347.5058 1.6046 1.6668 3.4907 0.4504 1.5805 8.2938 -7.8322 6.8710
Car -1 -1 -4.3760 355.2054 180.7321 427.8692 216.6630 1.4763 1.7739 4.5142 -9.9063 1.8608 32.9476 -4.6663 5.3311
Car -1 -1 -4.4624 406.7031 173.5535 454.3916 209.2891 1.8418 1.5803 3.9729 -9.7365 1.8814 39.2577 -4.7044 5.1413
Car -1 -1 -7.2078 686.6354 172.4366 756.2664 207.8275 1.5315 1.4432 3.3040 5.0695 1.5131 32.8933 -7.0567 4.4008
Car -1 -1 -4.3794 457.4640 175.7964 501.3195 200.4856 1.6025 1.6504 4.3026 -8.9533 1.8137 49.6212 -4.5573 3.9933
Car -1 -1 -7.1927 666.0927 173.2342 734.8695 201.4041 1.4692 1.6564 3.9889 4.9776 1.4909 39.6822 -7.0693 2.9534
Car -1 -1 -4.1956 240.6572 179.4029 315.3929 215.7957 1.4745 1.5275 3.3110 -14.4854 1.7763 31.5684 -4.6229 2.8459
Car -1 -1 -7.7630 1056.3186 150.6990 1241.0000 374.0000 1.5593 1.6579 3.9750 4.3033 1.4796 4.5536 -7.0382 2.2205
Car -1 -1 -7.8383 602.5027 176.9973 651.1740 222.0337 1.4856 1.6299 3.6025 0.5826 1.6449 25.9681 -7.8168 1.8217
Car -1 -1 -4.3850 340.9543 179.1894 389.9164 205.6219 1.4316 1.5513 3.7891 -14.1690 1.8157 41.8841 -4.7097 1.4384
Car -1 -1 -4.5017 565.3350 174.6046 591.5874 191.6236 1.4807 1.5928 3.9046 -2.8421 1.6437 65.2568 -4.5454 1.3768
Car -1 -1 -4.3948 220.6621 177.3288 274.6748 205.3632 1.5199 1.6642 3.8675 -20.9513 1.7914 41.8004 -4.8571 -0.2767
Car -1 -1 -2.1909 0.0000 182.7086 105.8698 222.6553 1.4523 1.5998 3.7701 -21.9305 1.8549 28.1905 -2.8476 -0.4269
Car -1 -1 -7.9679 587.4098 178.8788 674.2880 249.5479 1.4695 1.6210 3.8108 0.3392 1.6303 17.3147 -7.9496 -0.7748
Car -1 -1 -4.6960 437.7673 179.3462 461.6441 200.7595 1.4114 1.5806 4.0779 -11.3299 1.8896 51.0208 -4.9137 -1.0664
Car -1 -1 -4.4694 518.1823 176.4338 548.4707 193.8811 1.4306 1.6330 4.2186 -6.5994 1.7501 62.2672 -4.5748 -1.1413
Car -1 -1 -6.3099 95.3241 181.3473 200.3933 217.9314 1.4445 1.5607 3.7187 -19.8169 1.8284 30.9569 -6.8756 -1.7183
Car -1 -1 -4.8957 822.6538 176.0636 848.8285 192.2449 1.3689 1.5453 3.7121 19.8833 1.6607 63.7394 -4.5950 -2.8017
Car -1 -1 -5.6082 790.4359 174.6228 837.3601 192.0467 1.4682 1.5678 3.8068 17.8028 1.6277 63.2078 -5.3352 -3.0118
Car -1 -1 -8.2514 615.5021 172.9545 649.6863 190.7775 1.4488 1.5885 3.6217 1.8408 1.4572 60.6506 -8.2215 -3.0488
Car -1 -1 -4.2198 224.5008 180.6965 289.3500 209.1522 1.4594 1.5550 3.9339 -19.5743 1.9167 40.1024 -4.6715 -3.8382
Car -1 -1 -2.0375 0.0000 183.4104 28.3015 301.2210 1.6413 1.6719 4.1662 -11.8876 1.8345 11.7708 -2.8165 -3.9430
Car -1 -1 -8.0376 538.9800 174.3352 580.7123 204.9372 1.5734 1.6122 3.6811 -2.8137 1.6578 39.2741 -8.1091 -4.2375
Car -1 -1 -4.9404 655.5532 174.8176 681.0950 191.1743 1.5232 1.6302 3.8222 5.5821 1.7180 69.6871 -4.8611 -4.5809
Car -1 -1 -4.8911 830.0209 178.7861 865.8940 202.7457 1.5273 1.6333 3.8978 16.0920 1.9470 49.0460 -4.5763 -4.9748
Car -1 -1 -2.5104 122.5255 185.1842 239.6710 235.4666 1.4882 1.5393 2.8031 -13.4938 1.8914 22.7048 -3.0418 -5.2570
