Car -1 -1 -4.1290 58.4221 191.5796 242.9206 266.4808 1.4022 1.5817 4.0226 -10.3414 1.8846 16.5616 -4.6803 6.7741
Car -1 -1 -7.9050 573.5894 171.7295 754.2265 349.7087 1.6015 1.6265 3.4153 0.4219 1.5911 8.2029 -7.8572 5.8576
Car -1 -1 -7.2505 714.9103 167.9921 838.5220 226.2476 1.6202 1.7610 3.9445 5.1050 1.4847 22.0502 -7.0266 5.7476
Car -1 -1 -4.4607 406.7171 173.8190 454.6316 208.7913 1.7944 1.5915 3.9119 -9.6895 1.8490 39.0932 -4.7025 5.6317
Car -1 -1 -4.3727 355.7770 180.5208 427.7966 216.7831 1.4873 1.7324 4.4811 -9.8642 1.8602 32.8396 -4.6627 5.1130
Car -1 -1 -7.2213 687.0570 172.1827 755.5754 208.0833 1.5529 1.4349 3.2688 5.0606 1.5236 32.8748 -7.0704 4.4279
Car -1 -1 -7.1605 667.8770 175.0392 732.7640 202.2029 1.4086 1.5526 3.6556 4.9406 1.5335 39.5260 -7.0376 3.5764
Car -1 -1 -4.1862 238.7983 178.8007 317.8005 215.3236 1.4766 1.5634 3.5560 -14.4862 1.7521 31.6196 -4.6129 3.2148
Car -1 -1 -4.3462 456.0963 176.0204 502.0813 200.5040 1.5840 1.7059 4.2145 -8.9497 1.8107 49.4874 -4.5246 2.8777
Car -1 -1 -7.8332 1073.9209 153.4030 1241.0000 374.0000 1.5886 1.6615 3.8886 4.2019 1.5203 4.5210 -7.1170 2.3900
Car -1 -1 -4.3299 340.3642 178.9124 392.8228 205.9060 1.4584 1.5457 3.8695 -14.0853 1.8261 41.8482 -4.6530 1.5942
Car -1 -1 -4.2836 516.4912 175.7567 553.0461 193.4398 1.4487 1.6007 4.0122 -6.4448 1.7064 61.9781 -4.3871 0.1841
Car -1 -1 -3.8648 213.5241 175.5090 294.9618 203.4161 1.5021 1.6445 4.1466 -20.4042 1.6627 41.4917 -4.3196 -0.0671
Car -1 -1 -4.9096 78.1290 181.2063 144.4449 217.8735 1.4383 1.6065 4.0276 -21.6352 1.8219 31.1844 -5.5123 -0.0717
Car -1 -1 -4.5627 561.0656 174.0149 586.3638 192.3296 1.5672 1.6618 4.0475 -3.2129 1.6734 64.1035 -4.6129 -0.1780
Car -1 -1 -1.8368 26.4289 181.2402 105.4362 221.7531 1.4652 1.5835 3.7302 -21.6372 1.8178 28.5979 -2.4802 -0.6113
Car -1 -1 -7.9667 587.5280 180.0124 677.4476 251.6763 1.4526 1.6501 3.9291 0.3630 1.6418 17.0639 -7.9468 -1.2342
Car -1 -1 -4.9062 623.9698 172.8882 650.4904 190.2801 1.4227 1.5568 3.6588 2.2446 1.4254 60.9593 -4.8699 -1.4308
Car -1 -1 -4.7392 830.8697 174.9942 851.0881 192.9430 1.5229 1.5935 3.4536 20.2939 1.7167 63.5499 -4.4318 -1.7206
Car -1 -1 -7.9100 602.0461 177.4735 653.0237 221.7651 1.4631 1.6174 3.7523 0.5238 1.6423 26.1363 -7.8909 -1.8920
Car -1 -1 -4.8005 434.1899 177.9220 463.2631 201.0736 1.5325 1.6378 4.2034 -11.4650 1.9062 50.9974 -5.0209 -2.3979
Car -1 -1 -8.0067 539.3915 174.6765 579.8085 204.7504 1.5398 1.6328 3.7240 -2.8208 1.6435 39.1813 -8.0785 -2.4140
Car -1 -1 -4.5808 808.3704 174.7413 834.8247 193.1434 1.5560 1.7423 3.9499 18.6577 1.7277 63.6103 -4.2971 -4.6098
Car -1 -1 -2.1484 0.0000 187.8059 27.7658 305.9177 1.6158 1.7002 4.0409 -11.7684 1.8781 11.4289 -2.9368 -4.6689
Car -1 -1 -2.7229 118.1770 183.1547 239.9659 234.3861 1.5050 1.5047 2.8950 -13.3940 1.8385 22.4744 -3.2555 -4.9215
Car -1 -1 -4.6992 662.6873 174.4843 679.3391 191.3658 1.5687 1.5503 3.5600 5.8557 1.7291 69.2521 -4.6156 -5.1897
