Car -1 -1 -7.8908 765.5419 172.2058 816.1845 217.3009 1.5666 1.6773 3.7757 6.6723 1.5437 27.0832 -7.6523 7.4464
Car -1 -1 -5.0151 522.5417 175.3616 560.3067 198.6772 1.5580 1.5627 3.8446 -4.8916 1.7412 50.7362 -5.1111 -2.1416
Car -1 -1 -8.2032 926.8071 170.5336 966.1016 190.9246 1.6596 1.6819 4.1207 28.2917 1.4705 60.8502 -7.7701 -2.5272
Car -1 -1 -8.0037 446.6602 168.5729 474.7316 188.6694 1.5921 1.6887 3.9319 -12.3264 1.2526 59.2983 -8.2080 -2.8443
Car -1 -1 -4.0258 1123.9175 168.9953 1210.4724 196.9363 1.5161 1.6870 4.0121 31.1637 1.3064 40.4319 -3.3729 -3.0697
Car -1 -1 -7.8708 965.0469 172.9846 1008.7678 210.3640 1.4615 1.5332 3.6296 15.6684 1.4671 30.1928 -7.3965 -3.7144
Car -1 -1 -7.2913 947.8889 165.1143 995.4001 185.2761 1.5663 1.6392 3.7834 28.9199 0.9647 57.7348 -6.8291 -3.7526
Car -1 -1 -4.9297 986.5704 160.7886 1020.8361 180.5904 1.5140 1.6429 3.5419 31.0803 0.5912 57.0947 -4.4335 -4.0221
Car -1 -1 -3.2141 564.7368 175.0257 628.3766 198.7355 1.4512 1.6157 3.8873 -0.9065 1.5903 45.3267 -3.2344 -4.0834
Car -1 -1 -4.7045 386.2260 178.2570 423.1883 207.4875 1.3944 1.7485 4.1753 -10.6827 1.6916 37.4934 -4.9806 -4.2603
Car -1 -1 -5.2861 1033.5573 164.9567 1087.4303 186.4611 1.5729 1.6707 3.7754 34.0395 0.9949 54.6776 -4.7318 -4.6448
Car -1 -1 -4.7033 674.8411 180.3779 691.1871 197.1872 1.5788 1.5668 3.5577 7.2072 2.3412 71.2839 -4.6034 -4.7099
Car -1 -1 -5.3341 616.0937 176.1766 670.6785 200.4819 1.4004 1.5849 3.4846 1.9610 1.6114 43.9839 -5.2903 -4.8868
Car -1 -1 -7.2409 410.2167 177.9177 474.3896 207.0909 1.4404 1.5808 3.5035 -8.8609 1.7217 38.2118 -7.4677 -4.9447
Car -1 -1 -4.4915 479.1669 179.6470 523.5796 206.4266 1.3710 1.5580 4.2213 -6.0265 1.7695 40.1988 -4.6398 -4.9794
Car -1 -1 -5.9811 407.2071 176.6668 493.3343 206.4028 1.4455 1.5754 3.9372 -8.0326 1.6419 36.2709 -6.1979 -5.0349
Car -1 -1 -5.2478 1219.2378 163.1603 1241.0000 221.5600 1.5464 1.8782 4.7793 20.7608 1.2895 21.6444 -4.4903 -5.0590
Car -1 -1 -8.0475 761.5933 175.5047 807.3417 205.5159 1.5594 1.7266 3.8488 9.5220 1.7124 39.7930 -7.8148 -5.1053
Car -1 -1 -5.2734 764.8610 174.5075 846.1740 207.6039 1.4146 1.6574 4.1301 8.8787 1.4956 33.2789 -5.0153 -5.2272
Car -1 -1 -2.5223 0.0000 178.3946 184.7539 295.4387 1.5302 1.6858 4.0844 -8.8011 1.6180 10.5009 -3.2075 -5.2956
Car -1 -1 -5.3514 856.0162 173.3029 917.5222 196.0966 1.4470 1.6050 4.2448 18.3612 1.4781 48.1555 -4.9895 -5.3067
Car -1 -1 -2.1944 0.0000 179.7899 62.5257 372.7809 1.5689 1.9008 4.8939 -8.5308 1.6483 7.1170 -3.0512 -5.3484
Car -1 -1 -5.0076 1233.5562 163.3602 1241.0000 215.9508 1.6215 1.7890 4.3930 23.1147 1.3285 24.6136 -4.2598 -5.4602
Car -1 -1 -4.9134 846.0541 174.6140 880.6235 194.6781 1.4300 1.6230 4.1829 18.8745 1.5667 53.9885 -4.5791 -5.5151
Car -1 -1 -2.3203 423.5300 174.2147 478.3350 197.2657 1.5957 1.7075 3.8202 -11.4969 1.6967 51.9467 -2.5373 -5.5320
Car -1 -1 -4.2525 358.9131 176.5749 423.3401 203.1705 1.3589 1.6107 4.3986 -12.0247 1.5758 39.8151 -4.5443 -5.5799
Car -1 -1 -2.2796 0.0000 189.1203 69.6288 374.0000 1.3916 1.6081 4.2007 -6.1607 1.5130 4.4920 -3.1918 -5.6014
Car -1 -1 -5.2800 865.8687 173.5979 932.5974 200.8069 1.4272 1.5950 3.8579 15.9174 1.4702 40.0035 -4.9042 -5.7670
Car -1 -1 -5.2550 1239.1814 163.2054 1241.0000 230.5498 1.3998 1.6998 4.5821 17.5469 1.1990 17.4247 -4.4747 -5.8108
Car -1 -1 -4.5427 356.7512 177.0875 398.3662 203.2943 1.4183 1.6156 4.1667 -13.4810 1.6768 41.9285 -4.8522 -5.8366
Car -1 -1 -5.1526 893.2817 173.0984 954.5415 199.3142 1.3892 1.5742 3.9748 17.4060 1.4032 40.2858 -4.7478 -5.8649
Car -1 -1 -4.8754 1241.0000 166.6266 1241.0000 191.2722 1.4414 1.6405 4.0481 41.4535 1.0769 44.3405 -4.1271 -5.8867
Car -1 -1 -4.0099 149.0968 182.1178 287.8399 235.6778 1.4409 1.6285 3.8555 -11.9196 1.7518 22.1797 -4.4983 -5.8867
Car -1 -1 -4.9320 1241.0000 166.8111 1241.0000 195.3068 1.4772 1.6424 3.9972 41.4680 1.1637 39.5241 -4.1265 -5.8867
Car -1 -1 -4.7816 1156.6509 167.9462 1190.0918 188.8344 1.4788 1.6535 4.0138 41.4664 1.1310 53.2092 -4.1224 -5.8867
Car -1 -1 -4.7648 1130.2361 171.2253 1160.1487 191.0583 1.4813 1.6419 3.9937 41.4728 1.3594 56.0098 -4.1302 -5.8867
Car -1 -1 -4.7108 830.2471 175.6695 850.7839 193.6162 1.4723 1.6297 4.0203 19.7886 1.7225 62.0352 -4.4038 -5.8867
Car -1 -1 -4.8315 1204.2631 168.1910 1241.0000 190.5832 1.4479 1.6345 3.9897 41.4637 1.1461 48.7696 -4.1301 -5.8867
Car -1 -1 -4.7353 1106.1536 171.2700 1132.6366 190.5584 1.5159 1.6572 4.0105 41.4720 1.3911 58.8359 -4.1239 -5.8867
Car -1 -1 -4.9220 757.6014 174.7788 797.2190 198.8336 1.4026 1.5758 3.9215 10.2031 1.5259 44.3598 -4.6977 -5.8867
Car -1 -1 -3.6687 0.0000 185.1513 3.5500 374.0000 1.4932 1.6027 3.9547 -4.6700 1.5700 2.5321 -4.6976 -5.8867
Car -1 -1 -4.9988 817.9561 175.2078 855.4597 195.3173 1.4150 1.5800 3.9266 16.6372 1.5947 53.2085 -4.6977 -5.8867
Car -1 -1 -4.9608 1241.0000 165.3413 1241.0000 196.4529 1.5086 1.6548 4.0094 41.4668 1.1440 37.1136 -4.1242 -5.8867
Car -1 -1 -3.4687 0.0000 190.8416 0.0000 374.0000 1.5032 1.6059 3.9557 -7.8853 1.6156 2.5305 -4.6968 -5.8867
Car -1 -1 -4.9013 1241.0000 166.7595 1241.0000 192.9440 1.4453 1.6328 3.9933 41.4226 1.1086 41.9404 -4.1258 -5.8867
Car -1 -1 -7.0750 1241.0000 185.5289 1241.0000 374.0000 1.4225 1.5730 3.7440 7.9389 1.5459 6.0685 -6.1805 -5.8887
Car -1 -1 -5.4532 953.4747 165.7183 1007.6203 185.1987 1.4266 1.4571 3.8220 28.0903 0.9037 54.8742 -4.9824 -5.8893
Car -1 -1 -4.4906 807.9733 183.1120 832.8257 201.5407 1.6545 1.5113 3.6957 20.1127 2.6629 68.9686 -4.2085 -5.9175
Car -1 -1 -7.2802 1241.0000 155.9447 1241.0000 269.8435 1.4666 1.6398 4.4939 12.3270 1.2486 10.4207 -6.4252 -5.9755
Car -1 -1 -7.3419 1241.0000 166.3027 1241.0000 252.4721 1.4653 1.6788 4.3319 14.4107 1.3536 13.6310 -6.5397 -6.0525
Car -1 -1 -5.3284 775.5265 179.9782 816.3890 198.1806 1.6404 1.8406 3.9261 17.6894 2.3415 68.8800 -5.0785 -6.1170
Car -1 -1 -7.3548 1241.0000 165.6221 1241.0000 264.1859 1.4639 1.6608 4.3189 13.1693 1.3562 12.0646 -6.5381 -6.1258
Car -1 -1 -7.2562 1214.1802 168.8188 1241.0000 302.8044 1.4390 1.6760 4.3461 10.0911 1.3954 8.8839 -6.4239 -6.2471
Car -1 -1 -8.0303 969.8328 164.5750 1014.5213 195.3998 1.9875 1.9108 4.4215 25.8045 1.4534 48.9191 -7.5477 -6.6954
