Car -1 -1 -7.8862 743.7303 172.4461 784.2700 209.7076 1.6285 1.7003 3.8426 7.0668 1.6104 33.5736 -7.6810 6.1879
Car -1 -1 -4.2971 539.9666 178.1545 586.8384 201.5381 1.4749 1.7469 3.8451 -3.1203 1.8468 48.5691 -4.3614 -1.5610
Car -1 -1 -4.6928 1125.7004 165.4905 1165.0408 194.9323 1.5203 1.6531 4.1375 29.2238 1.1398 39.4029 -4.0584 -2.2368
Car -1 -1 -4.7770 901.5221 170.5468 927.5293 190.7922 1.5902 1.6730 4.2298 24.8118 1.4087 58.9477 -4.3806 -2.8088
Car -1 -1 -6.1485 917.1760 164.2908 983.6685 185.9617 1.6235 1.8027 4.4707 26.3836 0.9817 56.0246 -5.7106 -3.2231
Car -1 -1 -2.1252 375.0667 182.3873 428.4810 204.0941 1.3309 1.5509 3.9527 -13.8579 1.9874 47.8093 -2.4062 -3.4172
Car -1 -1 -2.0745 306.6386 179.0642 356.3498 199.9588 1.4874 1.6753 4.2261 -21.1114 1.9739 54.5553 -2.4424 -3.4879
Car -1 -1 -8.3071 323.3217 179.0577 366.3657 199.5360 1.5106 1.6160 3.8861 -20.7482 2.0111 56.3220 -8.6588 -3.7367
Car -1 -1 -5.0836 984.5857 160.9127 1031.0149 180.9582 1.4556 1.6737 4.1350 29.9769 0.5882 54.5510 -4.5835 -4.2607
Car -1 -1 -4.5295 1223.3380 166.5730 1241.0000 201.9674 1.4801 1.7316 4.3349 29.0133 1.2172 32.1853 -3.8006 -4.2831
Car -1 -1 -4.7839 394.6319 179.5829 428.6948 209.0578 1.4981 1.5331 3.8231 -10.9788 1.8869 39.6693 -5.0526 -4.4117
Car -1 -1 -3.9471 558.1910 179.5296 606.6221 202.4191 1.5433 1.5710 3.3486 -1.9740 2.0354 51.4554 -3.9857 -4.5252
Car -1 -1 -4.5220 629.8147 179.5651 662.4395 202.3693 1.6125 1.6419 4.5990 2.7652 2.1452 54.8780 -4.4724 -4.6081
Car -1 -1 -4.8345 812.3630 174.8981 847.6161 201.2275 1.6030 1.6734 4.0177 14.0553 1.7401 46.3804 -4.5425 -4.6378
Car -1 -1 -3.8890 1078.0406 170.0505 1133.6788 188.0685 1.4917 1.7622 3.6455 41.7870 1.2593 60.8754 -3.2899 -4.6841
Car -1 -1 -5.2244 926.2476 163.9162 978.1620 185.5775 1.5664 1.8027 3.9625 25.6164 0.9198 54.2183 -4.7853 -4.7050
Car -1 -1 -4.3121 286.7528 180.9123 355.5146 217.2122 1.4754 1.5497 3.5657 -12.7399 1.8517 31.9254 -4.6892 -4.8033
Car -1 -1 -4.6612 1069.0500 169.9405 1096.1545 188.6139 1.5629 1.7590 4.3928 41.0574 1.3187 62.6840 -4.0837 -4.9889
Car -1 -1 -5.2613 727.3019 177.5641 785.8533 201.8249 1.4061 1.6894 4.0529 9.0139 1.7130 44.8644 -5.0648 -5.0681
Car -1 -1 -5.1158 1208.1770 160.9917 1241.0000 232.4962 1.5896 1.8988 4.5689 17.4672 1.3256 18.5116 -4.3676 -5.1166
Car -1 -1 -3.3869 954.2821 166.0685 1034.3927 192.8620 1.7929 1.6790 4.5906 26.3354 1.3385 49.6424 -2.9019 -5.2296
Car -1 -1 -4.9245 1236.0675 160.6642 1241.0000 221.4281 1.5610 1.8501 4.7519 19.9701 1.2476 21.0498 -4.1726 -5.3048
Car -1 -1 -4.4694 290.2148 181.3323 344.4452 212.8952 1.4806 1.6214 4.1924 -15.0509 1.9433 37.2114 -4.8516 -5.3279
Car -1 -1 -2.2118 368.1531 170.9702 424.9936 194.5826 1.7282 1.7411 4.5987 -16.2899 1.5900 54.8843 -2.4993 -5.4354
Car -1 -1 -4.5886 1195.2101 166.8843 1241.0000 200.7711 1.4774 1.4454 3.1193 27.9649 1.2169 33.0500 -3.8909 -5.5013
Car -1 -1 -4.4025 280.3721 177.8923 342.0313 207.6844 1.5095 1.7443 4.8392 -16.4467 1.8050 39.8801 -4.7915 -5.5513
Car -1 -1 -4.4345 501.9572 179.7301 548.5640 208.3945 1.4636 1.5940 3.7046 -4.6498 1.8606 39.7371 -4.5507 -5.6925
Car -1 -1 -4.1365 452.3296 179.2605 517.6603 208.0676 1.4187 1.5429 3.9429 -6.6564 1.7799 38.5921 -4.3066 -5.7266
Car -1 -1 -4.7303 739.8347 178.0718 769.7658 206.9935 1.5429 1.5939 4.0750 8.2294 1.8576 41.4124 -4.5360 -5.7483
Car -1 -1 -5.1235 740.8375 176.2441 791.6483 198.6808 1.3721 1.6185 4.3648 10.1002 1.6039 47.1190 -4.9140 -5.7996
Car -1 -1 -5.0999 695.5389 177.3007 740.7440 201.6350 1.5027 1.6021 3.8078 7.0102 1.8067 47.3412 -4.9542 -5.8065
Car -1 -1 -4.7777 820.5612 174.3932 847.0447 194.2077 1.4412 1.6421 4.2523 17.0175 1.5632 55.0897 -4.4800 -5.8662
Car -1 -1 -4.8327 726.7269 177.0322 757.3456 199.2872 1.4448 1.6004 3.8956 8.9990 1.7432 49.5819 -4.6547 -5.8867
Car -1 -1 -4.9101 1241.0000 165.2278 1241.0000 192.5195 1.4758 1.6445 4.0059 41.4664 1.0631 41.1385 -4.1244 -5.8867
Car -1 -1 -4.8827 1241.0000 166.2429 1241.0000 191.7218 1.4630 1.6397 4.0014 41.4671 1.0831 43.5509 -4.1254 -5.8867
Car -1 -1 -4.7399 1109.3356 169.6127 1136.2135 188.6496 1.4855 1.6490 4.0176 41.4603 1.2323 58.4328 -4.1254 -5.8867
Car -1 -1 -4.8424 701.7349 177.7478 732.1855 199.8408 1.4557 1.5942 3.9416 7.3982 1.8107 50.4011 -4.6979 -5.8867
Car -1 -1 -3.5048 0.0000 189.0497 0.0000 374.0000 1.4922 1.6032 3.9536 -7.0821 1.5933 2.5308 -4.6975 -5.8867
Car -1 -1 -4.3267 243.2623 179.8595 315.0197 213.8824 1.4268 1.6238 3.9202 -15.1073 1.7669 33.0704 -4.7525 -5.8867
Car -1 -1 -4.8392 1218.7153 169.1976 1241.0000 192.8926 1.4925 1.6487 4.0022 41.4695 1.2619 47.5706 -4.1255 -5.8867
Car -1 -1 -4.6899 1057.2681 171.1473 1079.7050 187.7127 1.4500 1.6341 3.9964 41.4725 1.3003 65.2722 -4.1262 -5.8867
Car -1 -1 -4.4848 798.6535 177.4447 828.9807 194.3880 1.3980 1.6251 4.3206 17.8197 1.8134 63.0558 -4.2110 -5.9013
Car -1 -1 -5.1183 986.0442 169.1876 1041.0229 195.7419 1.5795 1.5935 3.8126 24.9986 1.3612 44.8954 -4.6133 -6.0068
Car -1 -1 -6.3457 333.7261 181.0039 439.0355 215.8653 1.4939 1.8108 4.5400 -10.3761 1.8889 33.3440 -6.6455 -6.0299
Car -1 -1 -7.4597 1241.0000 169.7482 1241.0000 374.0000 1.4159 1.5804 4.0325 7.8310 1.3968 5.6505 -6.5386 -6.0899
Car -1 -1 -7.3584 1241.0000 166.4385 1241.0000 294.5989 1.4229 1.5926 4.2206 10.9478 1.3513 9.2520 -6.5051 -6.1062
Car -1 -1 -4.2718 282.2655 179.9244 358.9758 214.7509 1.5158 1.7107 4.3343 -13.7743 1.8755 34.5219 -4.6491 -6.1872
Car -1 -1 -5.4924 0.0000 190.3539 0.0000 330.8880 1.4090 1.7091 3.8670 -9.9334 1.6369 8.4436 -6.3429 -6.4054
Car -1 -1 -4.9175 850.8499 175.9171 882.8458 197.3172 1.5583 1.5446 3.8126 19.5427 1.8004 55.1035 -4.5787 -6.6486
