Car -1 -1 -4.0634 155.0276 182.4921 439.3572 301.1993 1.4737 1.6949 4.7275 -4.7966 1.6654 11.8686 -4.4404 7.9308
Car -1 -1 -7.9129 818.1373 172.5283 889.7094 234.4982 1.5807 1.6571 3.7569 6.7570 1.5721 20.4318 -7.5985 7.2110
Car -1 -1 -7.5563 589.5084 177.0547 644.8890 209.1719 1.4402 1.5906 3.9970 0.3729 1.6565 35.0611 -7.5463 1.8260
Car -1 -1 -5.5465 814.2901 175.2941 944.6011 224.2119 1.4783 1.6478 4.0043 8.8556 1.5671 24.1755 -5.1999 -1.6158
Car -1 -1 -7.2929 1205.9563 164.6795 1241.0000 192.3563 1.6284 1.7182 4.0954 38.5963 1.1471 43.8643 -6.5748 -3.4066
Car -1 -1 -4.9134 693.0462 176.2737 724.7313 196.8832 1.4705 1.6343 3.6988 7.3342 1.7352 54.0136 -4.7796 -3.6865
Car -1 -1 -7.4453 560.8150 177.1700 605.7535 201.8417 1.4953 1.5889 3.5997 -1.7080 1.7842 46.3834 -7.4823 -3.9304
Car -1 -1 -5.0799 726.9756 176.4140 776.1636 200.2257 1.4377 1.6834 4.2388 9.0171 1.6776 46.4665 -4.8898 -4.1885
Car -1 -1 -8.1620 1186.7161 180.6235 1241.0000 213.4399 1.4972 1.6122 3.3609 30.0622 1.9010 35.6614 -7.4661 -4.2086
Car -1 -1 -2.4803 0.0000 177.9880 78.4333 279.8362 1.4571 1.6225 4.0528 -11.1577 1.5454 11.4346 -3.2418 -4.3685
Car -1 -1 -8.0522 566.6890 166.1083 591.9927 183.0976 1.5681 1.6536 3.9689 -2.9705 0.9452 68.7205 -8.0955 -4.3899
Car -1 -1 -5.3143 798.0803 174.5698 854.4810 200.5380 1.6015 1.6455 3.7774 13.9403 1.7174 46.8193 -5.0271 -4.4288
Car -1 -1 -6.6548 559.3092 177.6942 629.9465 201.7433 1.4252 1.6179 4.0870 -0.9897 1.7364 44.9083 -6.6772 -4.5977
Car -1 -1 -5.4460 714.7545 172.6642 772.7897 194.5071 1.4905 1.7004 4.1807 9.4563 1.4772 51.4598 -5.2657 -4.7166
Car -1 -1 -4.8623 544.3231 178.4388 575.8538 202.2816 1.4441 1.5194 3.4436 -3.2774 1.8173 46.4119 -4.9329 -4.8022
Car -1 -1 -5.4949 906.1991 173.6048 976.7437 199.8503 1.5679 1.5736 4.1277 20.7590 1.6172 45.4391 -5.0692 -4.8241
Car -1 -1 -4.4951 1115.0806 169.9025 1153.5219 186.4574 1.2745 1.6651 4.0021 41.7756 1.0470 57.5023 -3.8695 -4.8888
Car -1 -1 -5.4768 927.2544 173.3919 1008.0208 205.9654 1.4314 1.4660 3.3207 16.5226 1.4575 33.5718 -5.0232 -4.9165
Car -1 -1 -8.4768 761.2035 174.3688 817.6878 198.4587 1.4858 1.5537 3.9238 11.5647 1.5883 46.8765 -8.2368 -5.0547
Car -1 -1 -4.9360 809.1817 173.7792 863.4187 205.6853 1.5781 1.8003 4.2723 11.8005 1.6294 38.0124 -4.6377 -5.3463
Car -1 -1 -5.0062 811.4093 172.2770 882.7141 210.4498 1.6147 1.8264 4.4857 10.6154 1.5900 32.7775 -4.6961 -5.4022
Car -1 -1 -4.7426 1241.0000 162.1393 1241.0000 237.2842 1.6732 1.9151 4.8676 17.5334 1.4344 18.5280 -3.9930 -5.4085
Car -1 -1 -6.8228 1241.0000 171.7946 1241.0000 327.6615 1.4268 1.6059 3.8827 9.9014 1.4168 7.9992 -5.9497 -5.4260
Car -1 -1 -5.2194 843.6079 174.3644 918.7783 206.6495 1.4897 1.6034 4.2425 13.2826 1.5688 35.7205 -4.8666 -5.4832
Car -1 -1 -8.4499 875.6253 170.0883 946.4054 200.2451 1.4140 1.5271 3.4806 14.7740 1.2840 35.6920 -8.0607 -5.5186
Car -1 -1 -5.1684 1241.0000 167.1962 1241.0000 215.2042 1.3477 1.5678 3.9607 21.9970 1.1886 22.3812 -4.3985 -5.5474
Car -1 -1 -4.4803 320.8690 182.3203 442.8168 263.2794 1.5092 1.6000 4.4138 -4.9940 1.7514 16.2299 -4.7749 -5.5615
Car -1 -1 -4.1077 343.7073 177.3392 466.6226 227.8300 1.4214 1.6155 4.2651 -6.4275 1.5782 22.9964 -4.3778 -5.6940
Car -1 -1 -5.2112 1236.1458 169.7699 1241.0000 211.9895 1.4539 1.5785 4.0275 25.5062 1.3474 26.9953 -4.4598 -5.7482
Car -1 -1 -4.5795 854.5571 173.7300 884.8510 193.2953 1.4521 1.6721 4.2690 20.1732 1.5226 56.0366 -4.2359 -5.8150
Car -1 -1 -4.9719 877.5068 174.6162 922.9658 198.6255 1.4224 1.5986 4.2123 18.0996 1.5380 45.2533 -4.5940 -5.8241
Car -1 -1 -5.1695 810.7523 174.7160 861.9465 197.7143 1.4597 1.6204 4.0805 15.0474 1.5895 48.2844 -4.8695 -5.8360
Car -1 -1 -4.6718 1040.8656 171.5378 1063.3378 187.7616 1.4742 1.6465 4.0040 41.4717 1.3543 67.6876 -4.1243 -5.8867
Car -1 -1 -5.1519 942.9420 173.5725 987.5375 192.2961 1.3989 1.5768 3.9190 27.4975 1.4564 56.0314 -4.6980 -5.8867
Car -1 -1 -4.7870 1156.8352 168.7426 1190.1013 188.7897 1.4195 1.6239 3.9880 41.4693 1.1281 53.2029 -4.1278 -5.8867
Car -1 -1 -4.8313 1204.4968 167.9324 1241.0000 189.2202 1.3760 1.6217 4.0263 41.4696 1.0576 48.7647 -4.1297 -5.8867
Car -1 -1 -4.9440 1241.0000 166.5768 1241.0000 195.1386 1.4490 1.6314 3.9874 41.4681 1.1302 38.7178 -4.1282 -5.8867
Car -1 -1 -4.9124 1241.0000 165.7283 1241.0000 192.3328 1.4388 1.6296 3.9896 41.4643 1.0532 41.1352 -4.1267 -5.8867
Car -1 -1 -4.8318 1241.0000 167.3786 1241.0000 192.2341 1.4654 1.6690 4.0808 41.4041 1.1423 44.6823 -4.0880 -5.8867
Car -1 -1 -4.8102 1177.4520 168.3618 1214.1471 189.0584 1.4075 1.6219 3.9889 41.4685 1.1017 51.1816 -4.1322 -5.8867
Car -1 -1 -4.8461 929.1288 175.1915 953.8832 190.5415 1.3994 1.6013 4.0472 31.4653 1.6284 68.6106 -4.4180 -5.8867
Car -1 -1 -8.6426 1241.0000 164.0143 1241.0000 221.7029 1.4046 1.5745 3.9793 19.9506 1.1891 19.5585 -7.8550 -5.9776
Car -1 -1 -3.6970 199.4492 183.6541 400.4941 249.1131 1.3761 1.6016 4.4822 -7.6874 1.6826 18.2122 -4.0916 -6.0429
Car -1 -1 -7.1552 1201.9581 168.5349 1241.0000 339.1389 1.4190 1.6554 4.2740 8.3679 1.3828 6.8465 -6.2913 -6.0730
Car -1 -1 -6.6251 0.0000 177.0347 150.6826 374.0000 1.5580 1.6529 3.7580 -4.5448 1.5890 3.3503 -7.5223 -6.2755
Car -1 -1 -5.2866 1026.0306 167.9685 1072.4398 186.5189 1.4616 1.5747 3.4780 35.5989 1.0764 58.6127 -4.7432 -6.3515
Car -1 -1 -5.4057 584.1226 178.2536 627.8737 201.5045 1.7036 1.5685 3.3729 -0.3599 2.1321 55.4972 -5.4126 -6.6031
