Car -1 -1 -7.5042 831.8193 175.9311 1032.4001 304.5500 1.4826 1.4963 3.5107 4.5974 1.5334 10.1890 -7.0920 7.5975
Car -1 -1 -7.8751 593.4936 177.5421 660.5560 242.5688 1.5925 1.6677 3.7018 0.3650 1.7329 19.7920 -7.8579 6.8494
Car -1 -1 -7.2809 719.0980 177.4285 867.0051 250.8105 1.4889 1.6193 3.6289 4.2516 1.6061 16.7003 -7.0367 6.5738
Car -1 -1 -4.1702 75.2354 181.3850 319.7688 304.5366 1.6704 1.6384 4.0796 -6.6637 1.8383 12.1522 -4.6630 6.3400
Car -1 -1 -4.2363 289.3839 181.0043 387.4298 231.1823 1.6416 1.6511 4.1026 -9.8653 1.9641 26.4362 -4.5906 5.9594
Car -1 -1 -4.1610 32.4174 176.0987 224.8120 270.4502 1.8298 1.6663 4.0649 -10.5758 1.9115 16.1829 -4.7326 5.1203
Car -1 -1 -4.4283 430.1766 181.6090 506.3951 223.4538 1.4783 1.7809 4.5105 -5.5856 1.8556 28.7934 -4.6187 4.9612
Car -1 -1 -4.0042 0.0000 199.0651 52.7775 344.2754 1.4531 1.6498 4.2561 -10.2815 1.9020 10.1866 -4.7811 3.4245
Car -1 -1 -4.0096 0.0000 189.2715 128.6426 252.3441 1.4041 1.5880 3.6046 -14.6853 1.8748 18.8582 -4.6645 2.9703
Car -1 -1 -4.3962 565.8519 175.0155 603.5547 197.5918 1.5953 1.6535 3.9392 -1.8622 1.7617 53.5143 -4.4312 2.6615
Car -1 -1 -7.7775 665.9395 174.4591 687.0319 191.8829 1.4762 1.5974 3.2922 5.8227 1.6204 63.2109 -7.6864 1.6377
Car -1 -1 -3.7043 834.6279 179.7380 916.1609 207.8779 1.4861 1.6322 3.9794 14.6253 1.8783 39.9225 -3.3561 -1.7438
Car -1 -1 -3.1614 925.9419 177.3991 1003.6142 206.8998 1.5595 1.6587 3.8082 19.6477 1.8220 40.1711 -2.7099 -1.9630
Car -1 -1 -5.0136 434.6319 179.1422 494.5422 212.2749 1.5091 1.6915 4.4326 -7.3806 1.8440 36.1068 -5.2143 -2.3100
Car -1 -1 -8.0504 842.4600 176.5353 867.6811 192.4871 1.4947 1.6406 3.6465 23.8612 1.8634 70.4072 -7.7252 -2.3589
Car -1 -1 -4.5379 638.2322 176.9767 675.5956 203.4348 1.5935 1.6938 4.2357 3.0324 1.8714 46.4192 -4.4736 -2.8366
Car -1 -1 -8.2124 862.7613 179.6091 982.1503 243.3495 1.6000 1.6851 4.3364 8.7646 1.8147 20.7736 -7.8190 -3.4062
Car -1 -1 -7.9192 355.9214 183.2535 390.6944 210.9654 1.3813 1.5670 3.7487 -13.0371 1.9799 39.5204 -8.2362 -3.7038
Car -1 -1 -5.1473 941.9981 164.0253 994.2417 186.0311 1.5181 1.6919 4.3191 25.6766 0.9087 51.9533 -4.6907 -3.7140
Car -1 -1 -4.6186 581.3327 175.8579 611.1381 200.5174 1.6409 1.7058 4.2774 -0.9565 1.8610 50.7443 -4.6378 -3.7874
Car -1 -1 -4.9218 629.2441 179.0570 668.9537 204.7643 1.4306 1.5530 4.0841 2.2599 1.8212 43.3259 -4.8705 -4.1001
Car -1 -1 -4.4234 714.7222 173.7102 752.5262 196.5047 1.5972 1.6411 4.0904 9.0757 1.6623 52.9197 -4.2549 -4.4929
Car -1 -1 -6.8100 432.4829 179.5414 507.1369 208.6348 1.4579 1.5203 3.6696 -7.5353 1.8332 38.7538 -7.0012 -4.5130
Car -1 -1 -4.5706 890.3193 171.7942 931.2722 200.3717 1.5536 1.6241 4.0531 17.2532 1.4957 41.3841 -4.1785 -4.5448
Car -1 -1 -4.5295 627.8378 179.2637 672.3292 208.4497 1.4553 1.6366 4.5160 2.2131 1.8263 39.4129 -4.4744 -4.8206
Car -1 -1 -8.3324 595.5338 174.3662 651.2118 199.6081 1.5321 1.7901 4.3033 0.7672 1.6339 46.3985 -8.3164 -4.8905
Car -1 -1 -7.8329 268.2008 189.6497 310.3665 227.7427 1.3389 1.4611 3.5842 -12.8805 2.0587 29.0020 -8.2478 -5.0175
Car -1 -1 -2.1938 142.8024 160.6510 221.9192 198.7861 1.6931 1.5778 3.2116 -19.8355 1.1510 33.4041 -2.7263 -5.0305
Car -1 -1 -8.0273 804.5034 189.0688 879.3929 246.0220 1.5423 1.5359 4.0789 7.1925 2.1035 22.8666 -7.7272 -5.2854
Car -1 -1 -7.4441 402.4637 183.4570 450.9092 207.8638 1.3789 1.5152 3.7686 -11.2744 2.0612 44.4685 -7.6914 -5.4877
Car -1 -1 -4.7303 543.8601 177.3578 562.1658 195.2893 1.4919 1.5202 3.7322 -5.0168 1.8965 62.9335 -4.8098 -5.7276
Car -1 -1 -4.8924 307.3803 180.6328 350.7323 212.5876 1.4942 1.4601 3.3733 -14.2617 1.9064 36.4438 -5.2633 -5.8549
Car -1 -1 -4.6673 607.8151 175.4481 630.6382 195.2808 1.3674 1.4820 3.9190 0.6684 1.5622 52.2686 -4.6549 -5.8725
