Car -1 -1 -7.9070 747.6902 172.4765 792.3468 212.4775 1.6125 1.6590 3.6994 6.7810 1.5970 31.0442 -7.6945 6.0897
Car -1 -1 -4.7728 906.7510 170.5742 932.1685 190.4778 1.5832 1.6694 4.1317 25.5053 1.4016 59.6198 -4.3706 -2.1944
Car -1 -1 -4.4579 1123.9030 163.8625 1184.2656 194.2965 1.6034 1.6778 4.2176 30.1407 1.1294 39.9845 -3.8157 -2.2691
Car -1 -1 -7.8306 403.5840 172.9037 426.3608 193.2488 1.5231 1.6200 3.6585 -15.1320 1.5268 55.9948 -8.0936 -2.3392
Car -1 -1 -4.9783 394.4340 178.8227 475.9521 231.2934 1.5258 1.6240 3.8247 -5.8177 1.7371 23.5179 -5.2187 -3.0627
Car -1 -1 -2.2565 318.1289 180.3944 373.9933 201.7287 1.5571 1.6952 4.3363 -20.4524 2.1591 55.7946 -2.6066 -3.0997
Car -1 -1 -4.3050 551.0010 176.8237 595.8461 200.2347 1.5217 1.7388 3.7548 -2.5041 1.8060 49.6628 -4.3556 -3.4296
Car -1 -1 -3.3859 539.0154 181.8114 607.4592 207.3922 1.4357 1.6147 3.7696 -2.2244 1.9824 42.7435 -3.4381 -3.4819
Car -1 -1 -2.4639 507.6917 182.3333 569.0375 204.5720 1.4071 1.6330 3.9990 -4.9088 2.0731 48.9430 -2.5638 -3.8665
Car -1 -1 -5.0375 374.9308 174.3136 414.7387 197.0379 1.5962 1.6124 3.9932 -15.8806 1.7074 53.0465 -5.3273 -4.1885
Car -1 -1 -4.8246 1222.8174 166.6702 1241.0000 202.7638 1.5218 1.7916 4.5281 29.2534 1.2608 32.7901 -4.1008 -4.1985
Car -1 -1 -6.2686 855.4717 173.1326 924.7197 200.4854 1.5543 1.6039 3.7324 16.4253 1.5710 42.4691 -5.9023 -4.2824
Car -1 -1 -4.5071 817.0053 176.6590 854.3007 200.3631 1.4612 1.5730 3.9247 14.7775 1.7211 47.2482 -4.2062 -4.2862
Car -1 -1 -6.6210 956.4500 167.2357 1028.2853 192.7552 1.7434 1.7206 4.0964 26.6427 1.3593 50.4424 -6.1377 -4.4956
Car -1 -1 -4.4249 553.1696 182.3217 597.2881 208.5029 1.3600 1.6012 3.3366 -1.9502 1.9162 40.6014 -4.4731 -4.5087
Car -1 -1 -4.8153 747.3562 174.8547 793.9221 209.8619 1.6401 1.8327 4.2726 7.9659 1.7465 36.2824 -4.6014 -4.5418
Car -1 -1 -4.4394 927.4788 169.0167 964.7805 189.1036 1.5147 1.7148 3.7041 26.2558 1.2250 56.3731 -4.0058 -4.6101
Car -1 -1 -4.6522 670.0233 180.6259 699.5560 206.4330 1.4884 1.6041 3.8650 4.6532 1.9934 44.8769 -4.5501 -4.6865
Car -1 -1 -4.3447 321.2434 182.0174 382.9588 214.2379 1.3711 1.5450 3.4696 -11.9273 1.8180 33.4578 -4.6850 -4.7250
Car -1 -1 -5.2778 586.5095 180.0197 646.1012 207.3236 1.4512 1.5909 3.8742 0.2754 1.8835 41.4960 -5.2718 -4.8176
Car -1 -1 -3.5308 1093.1763 172.5587 1241.0000 235.4217 1.4405 1.4569 3.2390 13.9061 1.4334 17.6670 -2.8724 -4.8384
Car -1 -1 -4.8926 748.9031 177.3503 792.5097 205.0043 1.5957 1.8501 4.4190 9.8317 1.8873 44.6031 -4.6775 -5.1157
Car -1 -1 -4.5938 317.0081 181.0629 357.8906 213.0943 1.5278 1.5406 3.8146 -14.1446 1.9772 37.4945 -4.9526 -5.1462
Car -1 -1 -5.5085 432.9205 182.1852 491.1776 204.3364 1.3191 1.5669 3.5510 -9.4685 1.9340 45.9508 -5.7110 -5.1538
Car -1 -1 -5.3691 683.2066 178.1704 737.8166 206.0548 1.6318 1.5927 3.4266 6.1681 1.9756 44.8245 -5.2338 -5.1830
Car -1 -1 -4.6938 1238.6769 162.7219 1241.0000 237.4590 1.6407 1.8587 4.7101 17.1779 1.4180 18.1806 -3.9451 -5.2424
Car -1 -1 -4.6869 1192.1746 165.7239 1240.6903 200.6012 1.4646 1.5831 3.8244 27.1008 1.1649 32.2586 -3.9929 -5.2946
Car -1 -1 -7.1976 391.2765 171.6345 448.7715 195.3515 1.6064 1.7064 4.2413 -13.4352 1.5235 51.1554 -7.4534 -5.4361
Car -1 -1 -5.1770 861.8317 172.1621 907.9100 191.2165 1.4289 1.6260 4.2253 21.3535 1.3767 56.2951 -4.8164 -5.4944
Car -1 -1 -5.3685 1241.0000 167.5297 1241.0000 221.4928 1.3385 1.5523 3.9690 19.9711 1.2061 19.9606 -4.5904 -5.5384
Car -1 -1 -8.5623 951.4586 158.4549 1003.8504 186.3965 2.0782 1.6652 3.5739 28.2461 1.0069 55.5990 -8.0946 -5.5983
Car -1 -1 -4.4452 494.1007 180.1969 541.0977 208.9478 1.4497 1.5798 3.8796 -5.0312 1.8715 39.4502 -4.5717 -5.6821
Car -1 -1 -2.4669 0.0000 184.7783 20.3191 372.8871 1.4776 1.7152 4.5755 -9.0304 1.6171 7.1460 -3.3498 -5.7245
Car -1 -1 -4.8263 315.8394 179.3365 353.5910 204.5144 1.4011 1.6541 4.2942 -16.7163 1.8132 43.6168 -5.1905 -5.7664
Car -1 -1 -5.0095 722.3287 176.3255 765.2931 201.7747 1.5560 1.6352 3.9604 8.5788 1.7905 46.7407 -4.8296 -5.7952
Car -1 -1 -4.5356 348.7061 177.3002 382.2554 198.4561 1.4331 1.5859 4.1047 -17.5776 1.7660 51.9263 -4.8607 -5.8060
Car -1 -1 -4.6613 827.6741 174.0596 852.7736 193.5805 1.4676 1.6774 4.2445 18.1288 1.5661 56.8108 -4.3542 -5.8301
Car -1 -1 -5.1317 872.3679 172.4501 934.5518 201.0971 1.4433 1.5919 3.8986 15.4683 1.4226 38.3308 -4.7512 -5.8336
Car -1 -1 -4.6560 746.4601 176.6099 773.9189 197.8834 1.3529 1.6045 3.9500 10.1472 1.6174 48.7491 -4.4524 -5.8366
Car -1 -1 -8.0808 994.6140 161.7678 1030.9274 183.3196 1.6730 1.6455 4.1876 32.4335 0.8121 58.2511 -7.5750 -5.8483
Car -1 -1 -4.9010 1241.0000 164.7297 1241.0000 190.3927 1.4305 1.6311 3.9978 41.4654 0.9773 42.3365 -4.1296 -5.8867
Car -1 -1 -4.8556 1239.1338 166.3134 1241.0000 190.2402 1.4540 1.6373 4.0015 41.4669 1.0562 45.9660 -4.1250 -5.8867
Car -1 -1 -4.8510 707.9385 177.7673 739.1904 200.1314 1.4609 1.5963 3.9448 7.7934 1.8145 49.9897 -4.6977 -5.8867
Car -1 -1 -4.8310 1209.0382 168.2227 1241.0000 191.1258 1.4683 1.6416 4.0004 41.4684 1.1711 48.3771 -4.1255 -5.8867
Car -1 -1 -4.3802 283.0346 179.5710 348.1190 212.1581 1.4182 1.6349 4.0131 -13.9414 1.7562 34.2911 -4.7639 -5.8867
Car -1 -1 -5.0230 742.1332 176.3250 796.0643 202.9746 1.4142 1.6471 4.6676 8.9902 1.6242 41.3192 -4.8106 -5.9128
Car -1 -1 -4.4340 362.2254 181.1332 413.4406 213.6305 1.4937 1.4927 3.6269 -11.0360 1.9265 35.9220 -4.7304 -5.9148
Car -1 -1 -7.3824 468.7183 158.2927 509.8737 182.3356 1.7768 1.6049 3.7037 -9.2410 0.7004 55.3301 -7.5473 -5.9992
Car -1 -1 -4.5404 304.2625 179.9808 350.6838 209.2978 1.4826 1.6698 4.2931 -15.5730 1.8984 39.8614 -4.9109 -6.0107
Car -1 -1 -7.4260 1241.0000 165.4172 1241.0000 295.9771 1.4286 1.5921 4.1934 10.9425 1.3470 9.2578 -6.5732 -6.1509
Car -1 -1 -7.1943 1228.3969 170.6773 1241.0000 272.0395 1.4452 1.6199 4.2306 12.3271 1.4139 11.2954 -6.3785 -6.2197
Car -1 -1 -4.8892 791.5663 172.9591 829.7693 202.8048 1.9045 1.6723 4.5727 13.3692 1.9116 48.4127 -4.6218 -6.4715
