Car -1 -1 -4.1559 295.5946 182.1676 487.4179 266.4821 1.4865 1.7388 4.7160 -4.5618 1.7223 15.7812 -4.4335 8.2432
Car -1 -1 -7.8959 799.9365 170.6147 871.5749 235.6140 1.5744 1.6462 3.6909 5.9421 1.5198 19.4681 -7.6046 6.7982
Car -1 -1 -6.6994 1153.6830 161.0386 1241.0000 199.9370 1.5434 1.5604 3.6141 24.9266 1.0743 29.8696 -6.0089 3.9377
Car -1 -1 -7.6638 606.5633 176.4245 650.1364 204.8352 1.4287 1.6178 4.0616 1.0077 1.6320 38.9825 -7.6386 0.7664
Car -1 -1 -2.8681 685.6078 176.4217 739.4791 196.8126 1.5671 1.6519 3.9552 8.1496 1.8590 57.5442 -2.7285 -2.2083
Car -1 -1 -7.9003 1018.1924 166.5730 1040.7748 183.2543 1.5072 1.6363 3.7245 39.0284 0.9394 67.2222 -7.3764 -2.5149
Car -1 -1 -7.6375 574.2802 167.9823 600.6678 186.0217 1.6881 1.6998 4.1450 -2.1616 1.2319 69.7138 -7.6687 -2.6278
Car -1 -1 -4.4000 1048.5601 163.8082 1090.2308 183.3377 1.6508 1.7497 4.6221 40.2007 0.8859 63.1408 -3.8353 -3.0357
Car -1 -1 -4.6623 861.7451 172.5099 909.2890 212.0816 1.4309 1.5648 3.5705 10.7057 1.4182 28.0404 -4.3016 -3.3181
Car -1 -1 -5.4923 878.2379 169.9345 932.3987 191.8885 1.6895 1.5963 4.0769 23.5368 1.4645 57.7165 -5.1071 -3.4616
Car -1 -1 -7.6721 412.7207 183.9762 489.8784 234.5475 1.3687 1.5989 4.3014 -4.9157 1.7512 22.6581 -7.8839 -4.4672
Car -1 -1 -4.3673 767.5169 171.4873 832.6573 206.2332 1.5434 1.6926 4.1541 9.0357 1.4824 34.2431 -4.1118 -4.6505
Car -1 -1 -7.0356 138.7788 181.5355 319.7092 253.3432 1.4682 1.6482 3.6778 -8.9712 1.6996 17.2477 -7.5093 -4.6893
Car -1 -1 -5.2572 723.0450 176.7841 769.6412 198.2244 1.5500 1.6742 3.9670 10.3332 1.8615 55.1014 -5.0732 -4.7261
Car -1 -1 -4.3297 545.4594 176.0090 591.6260 202.7066 1.6192 1.6658 3.7867 -2.6457 1.8304 46.3081 -4.3869 -4.9758
Car -1 -1 -4.5861 754.8588 178.7231 778.6365 198.4890 1.6017 1.5582 3.5069 13.3627 2.1174 61.5185 -4.3736 -5.1184
Car -1 -1 -5.0094 651.1421 169.6110 681.6919 190.5821 1.7693 1.5582 3.9665 4.8633 1.4954 62.9792 -4.9330 -5.1487
Car -1 -1 -4.8637 580.6843 175.8382 613.7012 202.0540 1.6309 1.5825 3.9622 -0.9170 1.8355 47.4489 -4.8833 -5.1953
Car -1 -1 -5.1065 783.4319 172.4866 840.4550 199.7932 1.5238 1.7780 4.0857 11.7554 1.5030 42.4016 -4.8382 -5.2812
Car -1 -1 -6.8213 1028.6598 166.3304 1086.4260 184.3993 1.6231 1.7753 4.1495 40.7135 1.0368 65.7338 -6.2690 -5.2969
Car -1 -1 -2.0213 0.0000 183.5641 9.2198 281.3624 1.4272 1.6350 4.1081 -12.5800 1.6308 12.2920 -2.8074 -5.3354
Car -1 -1 -3.7633 388.0826 181.4433 510.2218 225.0611 1.4319 1.5675 4.2881 -5.8939 1.7739 26.6392 -3.9794 -5.3396
Car -1 -1 -5.5880 669.1305 175.9072 718.3100 192.8804 1.4150 1.7571 4.0833 7.2547 1.6900 62.9842 -5.4742 -5.3495
Car -1 -1 -4.8101 787.6901 176.2880 812.4778 194.1815 1.4427 1.6204 4.1858 16.0637 1.7442 61.2132 -4.5550 -5.3505
Car -1 -1 -5.5850 868.7175 169.8425 932.1589 191.8709 1.6064 1.6560 4.4537 22.0294 1.3865 54.9703 -5.2059 -5.4157
Car -1 -1 -2.3127 0.0000 196.6929 0.0000 327.9837 1.4557 1.5499 3.9689 -10.6659 1.7834 9.1113 -3.1619 -5.4272
Car -1 -1 -8.3980 1229.5416 167.9270 1241.0000 224.4985 1.4605 1.7997 4.0079 20.0871 1.3330 20.7787 -7.6369 -5.4689
Car -1 -1 -2.1099 0.0000 192.0851 0.0000 369.8271 1.5236 1.6771 4.2897 -9.4166 1.7570 7.6015 -2.9842 -5.5461
Car -1 -1 -4.6136 615.3090 175.5358 642.3146 195.2058 1.3881 1.6082 4.1805 1.4073 1.5954 53.6859 -4.5879 -5.6060
Car -1 -1 -4.6317 830.5414 168.1792 869.7615 200.9404 1.6787 1.6886 4.4492 13.1057 1.4389 39.3502 -4.3128 -5.6959
Car -1 -1 -5.1623 780.8432 170.1874 845.0200 200.2675 1.5064 1.6555 4.0693 10.6463 1.3726 38.2846 -4.8934 -5.7741
Car -1 -1 -5.1507 802.1379 171.0019 857.9388 196.4552 1.4478 1.6164 4.0364 13.0520 1.3421 43.1550 -4.8592 -5.8071
Car -1 -1 -6.9446 1060.3535 164.4597 1115.9927 185.3463 1.7489 1.8282 3.5858 40.6819 1.0457 61.4687 -6.3624 -5.8578
Car -1 -1 -4.8053 666.6229 174.5784 700.6044 199.4572 1.3327 1.5348 4.0547 4.0944 1.4352 40.9652 -4.7068 -5.8805
Car -1 -1 -4.6616 1033.3625 166.9818 1056.7322 183.0740 1.4749 1.6889 4.3530 41.2468 0.9364 68.4068 -4.1211 -5.8867
Car -1 -1 -4.7916 1161.0040 166.7199 1195.0958 186.8605 1.4146 1.6308 4.0170 41.4908 0.9835 52.8034 -4.1285 -5.8867
Car -1 -1 -4.3096 548.5050 176.2097 589.4142 196.1162 1.4610 1.6445 4.2295 -3.1642 1.7317 55.9903 -4.3662 -5.8867
Car -1 -1 -4.0501 1184.6863 111.7216 1241.0000 374.0000 1.5390 1.6274 3.9817 5.0259 1.3665 3.0043 -3.0604 -5.8867
Car -1 -1 -4.7688 1141.2966 166.4502 1172.1849 185.9088 1.4213 1.6311 4.0048 41.4659 0.9532 54.8205 -4.1240 -5.8867
Car -1 -1 -4.7241 1109.6718 163.0549 1135.9095 181.4306 1.4334 1.6692 4.0461 41.4543 0.6687 58.4215 -4.1095 -5.8867
Car -1 -1 -3.5142 0.0000 193.0175 0.0000 374.0000 1.4984 1.6023 3.9547 -7.8862 1.6357 2.9353 -4.6977 -5.8867
Car -1 -1 -6.8390 0.0000 0.0000 1241.0000 374.0000 1.5387 1.5884 3.8034 -2.5164 1.6156 0.9970 -7.9397 -5.8867
Car -1 -1 -7.5651 151.8807 0.0000 1241.0000 374.0000 1.5372 1.5861 3.8020 -0.4937 1.5910 1.0059 -7.9392 -5.8867
Car -1 -1 -3.5479 0.0000 189.6581 0.0000 374.0000 1.4962 1.6026 3.9549 -6.2774 1.6012 2.5317 -4.6975 -5.8867
Car -1 -1 -4.7811 658.3019 176.6758 685.3738 198.3628 1.4106 1.5773 3.9229 4.1819 1.6835 49.5996 -4.6979 -5.8867
Car -1 -1 -4.8110 1185.3312 165.8320 1223.3739 186.8601 1.4054 1.6406 4.0562 41.4003 0.9358 50.3662 -4.1260 -5.8867
Car -1 -1 -4.5789 533.7801 175.9087 567.2057 200.1407 1.5050 1.6571 4.1304 -3.8997 1.7145 47.4498 -4.6609 -5.9104
Car -1 -1 -7.2017 1225.5107 174.9228 1241.0000 371.8829 1.3989 1.6183 4.0815 7.7729 1.4183 6.0125 -6.3130 -5.9583
Car -1 -1 -5.1951 916.7538 174.0860 966.7838 195.3954 1.4496 1.5792 3.9228 23.4987 1.5403 51.3169 -4.7681 -5.9704
Car -1 -1 -8.4898 1234.8757 159.1064 1241.0000 214.8987 1.5266 1.7296 4.3926 21.5864 1.1501 22.0342 -7.7215 -5.9985
Car -1 -1 -7.1454 1208.1003 171.3265 1241.0000 319.9229 1.4009 1.6509 4.2969 9.1058 1.3862 7.6471 -6.2922 -6.0503
Car -1 -1 -8.4076 1241.0000 165.1095 1241.0000 236.0405 1.6093 1.6671 3.9885 18.4666 1.4333 18.4996 -7.6313 -6.1130
Car -1 -1 -6.8928 296.0036 180.8551 428.6488 232.0447 1.3564 1.6358 3.4296 -7.3702 1.6160 21.5683 -7.2187 -6.1463
Car -1 -1 -8.0393 765.7311 171.5305 803.4321 196.2618 1.4235 1.5157 3.8127 10.4317 1.3470 43.4705 -7.8057 -6.4821
Car -1 -1 -5.4861 0.0000 189.8003 12.2023 313.9794 1.6151 1.7927 4.3678 -11.7925 1.8863 10.6045 -6.3119 -6.6179
Car -1 -1 -5.0934 617.3356 168.8086 642.5229 184.9409 1.5703 1.5528 2.8570 1.9474 1.1762 71.8440 -5.0666 -6.6419
Car -1 -1 -7.6687 635.3588 167.2899 657.0677 185.8463 1.7856 1.5652 3.2803 3.5764 1.2499 71.2083 -7.6190 -7.9560
