Car -1 -1 -8.3074 894.0686 181.2409 1038.9952 254.2925 1.3988 1.5174 3.3021 7.6190 1.6021 15.8587 -7.8675 7.6736
Car -1 -1 -8.0893 725.7789 180.6621 828.3264 252.0119 1.4123 1.4917 3.2734 3.6058 1.6063 16.2971 -7.8763 7.2101
Car -1 -1 -4.8014 166.2824 175.8088 198.1903 197.4352 1.5138 1.6667 4.1655 -31.6422 1.7406 53.2781 -5.3353 -2.7022
Car -1 -1 -4.9562 785.4169 177.9830 833.1538 206.4391 1.4288 1.5500 3.9797 10.6548 1.7196 38.9563 -4.6916 -3.3712
Car -1 -1 -4.1817 19.7880 173.8845 87.9049 199.6301 1.6813 1.7913 4.2480 -38.0920 1.7549 49.5138 -4.8350 -3.5828
Car -1 -1 -4.5944 0.0000 179.2907 15.5966 203.1742 1.4969 1.6083 3.8238 -41.1648 1.9462 48.3599 -5.2970 -3.6915
Car -1 -1 -6.9809 178.0909 175.7981 230.7769 197.1221 1.7360 1.7090 3.6591 -34.4350 1.9941 61.3104 -7.4910 -4.1769
Car -1 -1 -5.8637 492.3140 177.5868 546.5214 196.9079 1.5851 1.6934 4.2500 -7.7157 1.9964 61.3204 -5.9887 -4.2835
Car -1 -1 -5.6772 235.0428 170.8589 283.1863 188.2899 1.5891 1.6167 3.7633 -32.5223 1.4069 66.8677 -6.1285 -4.3797
Car -1 -1 -5.3239 658.4594 179.1064 704.0905 201.1366 1.5339 1.6441 3.4828 5.1954 2.0117 53.2502 -5.2277 -4.4269
Car -1 -1 -4.7072 149.3038 175.0466 171.8433 193.7782 1.5629 1.6210 3.9086 -39.1070 1.7597 62.7809 -5.2626 -4.4450
Car -1 -1 -8.7333 1119.7977 176.3011 1231.6083 213.9332 1.6124 1.6886 3.8709 25.9887 1.7814 33.3692 -8.0763 -4.5452
Car -1 -1 -7.8388 712.0106 175.1223 738.0381 199.7086 1.5154 1.6019 3.6866 7.4466 1.6684 46.7869 -7.6824 -4.6036
Car -1 -1 -4.8889 646.1458 179.4335 674.6191 198.9373 1.4287 1.5982 3.5356 3.8453 1.9553 55.9422 -4.8210 -4.6495
Car -1 -1 -4.4713 811.5027 174.6354 864.0536 203.4690 1.4246 1.6755 4.3494 12.0811 1.5244 38.2281 -4.1678 -4.6816
Car -1 -1 -4.8164 882.2211 175.4936 927.5113 209.3181 1.5698 1.6714 3.8464 14.5612 1.7084 35.8895 -4.4343 -4.7318
Car -1 -1 -2.3426 324.2862 175.7286 390.2782 202.6740 1.6714 1.5894 4.1539 -16.4160 1.8639 46.7454 -2.6788 -4.7390
Car -1 -1 -3.3515 746.3016 175.2321 839.0928 204.3916 1.4444 1.6706 4.3296 9.2189 1.5684 36.7958 -3.1083 -4.8159
Car -1 -1 -4.4042 434.0392 174.9587 469.6406 197.3423 1.8280 1.7519 4.2732 -13.4655 2.0136 61.5486 -4.6190 -4.8611
Car -1 -1 -4.6677 737.4924 175.1063 766.9951 199.6873 1.4712 1.6710 3.7263 8.9803 1.6194 45.5596 -4.4748 -4.9293
Car -1 -1 -4.9664 110.3371 176.5311 149.3509 195.6525 1.5499 1.7488 4.2721 -40.8778 1.8728 61.3591 -5.5522 -5.0692
Car -1 -1 -4.8677 740.9565 174.3279 782.6472 200.3268 1.3584 1.6344 4.0661 8.3187 1.4440 40.0036 -4.6645 -5.1502
Car -1 -1 -7.8248 759.1119 172.4962 806.6864 213.0952 1.4640 1.6825 3.2866 6.6577 1.4508 27.8229 -7.5928 -5.1777
Car -1 -1 -4.7803 743.3613 180.1981 791.7566 216.4005 1.4107 1.7268 4.5193 6.7415 1.7543 31.4316 -4.5716 -5.2514
Car -1 -1 -4.4109 541.5451 176.3936 586.5114 200.4707 1.3384 1.5549 3.9767 -2.7115 1.5587 42.8481 -4.4741 -5.2892
Car -1 -1 -4.7848 532.9843 176.8998 554.7755 195.7038 1.5621 1.6198 3.6746 -5.7968 1.9243 62.7207 -4.8770 -5.3692
Car -1 -1 -4.4963 0.0000 177.5605 43.5613 202.2113 1.5409 1.6699 3.7613 -39.1816 1.8667 47.9422 -5.1789 -5.3796
Car -1 -1 -5.2613 715.2781 175.6499 787.3447 204.6563 1.3588 1.6695 4.0849 7.0143 1.5082 36.4313 -5.0730 -5.4366
Car -1 -1 -8.0978 930.9387 180.7708 992.9192 218.8848 1.3722 1.4436 3.1783 13.7273 1.7020 28.3860 -7.6519 -5.4769
Car -1 -1 -7.8844 911.0278 180.5363 985.6813 241.0821 1.4288 1.6718 3.6262 9.0044 1.6577 19.5291 -7.4588 -5.6890
Car -1 -1 -4.7146 513.7883 177.3264 536.2244 197.8206 1.3266 1.4714 3.7438 -5.8680 1.6452 49.5030 -4.8323 -5.6953
Car -1 -1 -5.5001 1082.2061 174.6415 1210.5874 220.2104 1.5988 1.6431 3.8848 20.2572 1.6718 27.5241 -4.8712 -5.6999
Car -1 -1 -4.8721 319.7543 176.6320 352.4602 199.9322 1.6240 1.5869 4.3516 -20.3004 1.9148 53.3119 -5.2346 -5.7011
Car -1 -1 -4.8427 114.0323 178.2441 155.1539 205.9235 1.5913 1.6127 3.9530 -29.2465 1.9370 44.2929 -5.4237 -5.7210
Car -1 -1 -5.3286 1241.0000 172.5262 1241.0000 221.7018 1.4601 1.6206 4.0951 23.0575 1.4500 23.5697 -4.5608 -5.7525
Car -1 -1 -2.2978 0.0000 174.8389 14.5318 203.6475 1.7781 1.9413 4.6717 -40.9536 1.9076 45.9460 -3.0231 -5.7761
Car -1 -1 -4.3885 427.5595 177.3155 468.4367 197.7480 1.3095 1.5353 3.9647 -11.0230 1.6261 49.1907 -4.6081 -5.7843
Car -1 -1 -5.0335 167.2767 168.8627 211.6518 196.6162 1.7361 1.5372 3.2668 -27.3214 1.4861 46.7925 -5.5597 -5.7939
Car -1 -1 -5.5969 1016.3699 172.0342 1137.7437 213.1693 1.5011 1.6141 3.8475 18.2134 1.4709 28.4108 -5.0319 -5.7963
Car -1 -1 -7.8401 359.3629 178.2933 428.0563 241.3672 1.5798 1.7064 4.3749 -6.2400 1.7540 20.8118 -8.1285 -5.8263
Car -1 -1 -4.5885 624.0306 174.6423 651.5220 194.8029 1.4914 1.6458 4.0308 2.1583 1.6349 55.8756 -4.5505 -5.8442
Car -1 -1 -4.9113 760.2965 174.6384 799.9758 198.4745 1.4099 1.5934 4.2362 10.5506 1.5266 45.1406 -4.6835 -5.8523
Car -1 -1 -4.8625 687.1426 174.3095 716.3372 193.7413 1.4223 1.6078 4.1120 6.9490 1.5376 55.2014 -4.7383 -5.8621
Car -1 -1 -4.5899 518.6863 176.6336 544.1791 194.4378 1.3535 1.5611 3.9004 -6.2698 1.6655 57.6467 -4.6981 -5.8867
Car -1 -1 -4.7816 660.4968 176.2798 683.2261 194.0916 1.3855 1.5710 3.9132 4.9883 1.6740 58.8502 -4.6979 -5.8867
Car -1 -1 -3.5047 0.0000 188.9186 0.0000 374.0000 1.4914 1.6026 3.9531 -7.0820 1.5917 2.5308 -4.6975 -5.8867
Car -1 -1 -4.6234 9.9222 177.5872 46.3805 198.9806 1.4214 1.6449 4.0578 -41.1306 1.7700 51.0339 -5.2994 -5.8867
Car -1 -1 -4.6746 96.8110 177.0381 123.9463 196.6846 1.5455 1.6904 4.1464 -41.4612 1.9053 59.8999 -5.2782 -5.8867
Car -1 -1 -7.5344 1241.0000 170.0924 1241.0000 293.2479 1.4452 1.6006 4.1469 11.7416 1.4125 10.0137 -6.6845 -5.9947
Car -1 -1 -7.6557 332.9251 180.2665 435.6221 255.6400 1.5801 1.6137 3.9414 -5.4017 1.7812 17.5659 -7.9504 -6.1178
Car -1 -1 -5.0269 917.2514 175.9207 983.0283 208.5874 1.4253 1.6003 4.0561 15.8840 1.5784 33.9864 -4.5934 -6.1478
Car -1 -1 -7.4496 1241.0000 175.1793 1241.0000 272.6657 1.4311 1.5751 3.9930 13.3286 1.4743 12.0750 -6.6273 -6.1750
Car -1 -1 -5.2281 0.0000 181.1281 5.1812 277.3869 1.6184 1.8342 4.4311 -14.2956 1.7937 13.8450 -6.0199 -6.3424
Car -1 -1 -5.4846 0.0000 176.3967 3.8421 319.1361 1.6425 1.8379 4.6672 -11.1135 1.6935 9.4023 -6.3390 -6.3608
Car -1 -1 -5.2341 0.0000 180.0450 5.6580 256.3074 1.4880 1.8121 4.5442 -15.9712 1.6601 15.8309 -6.0155 -6.3901
Car -1 -1 -5.4386 0.0000 187.4646 20.3516 303.4336 1.5699 1.7966 4.3788 -11.9185 1.8113 10.9742 -6.2530 -6.4961
Car -1 -1 -5.3301 377.2175 175.0885 423.6361 196.7580 1.6909 1.8314 3.6668 -17.0435 1.8776 58.5410 -5.6125 -7.0980
Car -1 -1 -4.9216 1241.0000 213.9073 1241.0000 374.0000 1.6418 1.8885 3.8616 5.4324 2.0111 4.3872 -4.0640 -7.4687
