Car -1 -1 -8.8796 859.7776 176.2916 955.4670 207.8533 1.5031 1.6589 4.3015 15.1686 1.6900 37.0673 -8.4944 2.8513
Car -1 -1 -4.5675 112.0424 171.6507 156.6821 201.1531 1.6406 1.6665 3.5828 -27.7277 1.5734 42.1000 -5.1472 -2.8980
Car -1 -1 -5.0237 157.1662 175.4108 202.4743 197.1523 1.5272 1.6556 4.2313 -31.7602 1.7225 53.1803 -5.5600 -3.0202
Car -1 -1 -7.5595 911.3326 175.7746 983.5544 220.7650 1.4858 1.5719 2.8693 11.9678 1.5957 25.6307 -7.1275 -3.0267
Car -1 -1 -7.9623 376.4075 177.5788 407.2862 201.1047 1.4630 1.5684 3.6131 -14.4625 1.7874 47.6290 -8.2558 -3.2716
Car -1 -1 -4.8341 586.4845 174.1030 616.4373 198.1697 1.6276 1.6346 4.0416 -0.6753 1.7194 51.1272 -4.8477 -3.4003
Car -1 -1 -2.7153 329.7408 177.3954 394.2199 201.5304 1.4934 1.5867 3.5469 -15.8077 1.7885 45.9690 -3.0450 -3.4219
Car -1 -1 -4.2803 120.9157 176.9552 166.6833 196.8998 1.6158 1.8462 3.7833 -39.5562 1.9752 61.2810 -4.8517 -3.7825
Car -1 -1 -4.4966 0.0000 179.7371 31.0631 201.7847 1.4014 1.5775 3.2700 -40.6032 1.8840 48.8096 -5.1879 -3.7954
Car -1 -1 -5.4561 693.9197 171.1492 735.7098 187.7723 1.5090 1.6050 3.9707 9.7636 1.3540 67.5919 -5.3136 -3.9870
Car -1 -1 -4.6840 810.1037 175.0763 844.3079 204.8711 1.4850 1.6433 4.4627 11.6532 1.6112 38.6924 -4.3940 -4.1848
Car -1 -1 -4.6128 652.7781 180.4394 677.0649 200.7460 1.4810 1.5426 3.4569 4.2481 2.0870 55.8318 -4.5377 -4.3905
Car -1 -1 -4.5060 483.6357 175.1285 518.6492 198.5045 1.6552 1.7534 4.1844 -8.0734 1.8308 53.6458 -4.6550 -4.4002
Car -1 -1 -3.3904 755.6788 176.5579 829.0994 205.0007 1.4446 1.5702 3.4292 9.4379 1.6416 37.6476 -3.1471 -4.4965
Car -1 -1 -5.4113 655.8746 177.6951 708.8441 199.9598 1.5480 1.6787 4.0369 5.2653 1.9192 53.2346 -5.3137 -4.5248
Car -1 -1 -8.8377 1115.9502 175.0865 1230.8358 212.4252 1.6077 1.6164 3.9581 25.9536 1.7175 33.4566 -8.1825 -4.6124
Car -1 -1 -4.7006 128.6408 175.0637 157.8435 197.4824 1.5182 1.6918 4.3790 -33.3785 1.6830 51.6202 -5.2724 -4.6293
Car -1 -1 -5.5613 862.9103 175.1346 950.5767 209.5196 1.5118 1.6029 3.6644 13.8577 1.6252 33.9847 -5.1776 -4.7092
Car -1 -1 -4.9047 642.1661 179.2234 665.4875 196.2959 1.4560 1.4869 3.2196 3.8704 2.0400 64.4934 -4.8454 -4.7694
Car -1 -1 -3.8492 379.2236 169.4573 428.7444 192.9042 1.8851 1.6721 3.7847 -17.1329 1.6117 60.0497 -4.1262 -4.7698
Car -1 -1 -5.1041 130.0667 174.6075 189.0979 199.1896 1.4904 1.7627 4.0936 -28.7247 1.6064 45.9290 -5.6606 -4.9894
Car -1 -1 -4.6411 376.2136 169.7006 395.0295 187.6511 1.6974 1.4899 3.6567 -21.8170 1.3989 70.1770 -4.9417 -5.0175
Car -1 -1 -4.7090 348.2229 181.4652 423.0504 250.7472 1.5203 1.6486 4.3036 -5.8428 1.7706 18.7027 -5.0084 -5.1406
Car -1 -1 -4.5866 539.3141 176.7165 573.6625 202.1792 1.4098 1.5601 3.7327 -3.1397 1.6468 42.4316 -4.6605 -5.3662
Car -1 -1 -6.4333 583.1764 173.9811 640.4654 195.4575 1.6928 1.7734 4.4034 0.0984 1.7853 58.2025 -6.4321 -5.3663
Car -1 -1 -5.7201 238.6705 171.2877 286.1698 188.3120 1.5542 1.5977 3.6837 -32.2177 1.4109 66.8759 -6.1676 -5.5186
Car -1 -1 -4.7994 551.3610 174.2230 579.6329 195.6586 1.4052 1.5777 4.2251 -3.1412 1.5035 49.7885 -4.8624 -5.5485
Car -1 -1 -7.7903 0.0000 174.7874 2.8577 203.3938 1.7618 1.8278 4.2956 -40.9172 1.8935 47.0056 -8.5039 -5.5944
Car -1 -1 -2.1653 89.3855 176.1421 142.0448 194.7411 1.4931 1.6564 4.0034 -41.1033 1.7730 59.9654 -2.7642 -5.6222
Car -1 -1 -4.8073 575.0690 177.7885 596.1772 195.8091 1.5057 1.4946 3.7763 -2.1892 1.9520 63.3339 -4.8421 -5.6968
Car -1 -1 -4.8318 320.3190 176.1281 350.1731 199.3808 1.6307 1.5915 4.0610 -20.3860 1.8825 53.3809 -5.1953 -5.7544
Car -1 -1 -4.4815 134.5326 169.2518 183.7487 196.8737 1.7748 1.7297 4.9794 -30.5582 1.5430 48.9964 -5.0369 -5.7586
Car -1 -1 -5.3570 1058.8638 173.2906 1170.2610 215.7598 1.5381 1.6174 3.7227 19.4408 1.5560 28.0666 -4.7565 -5.7619
Car -1 -1 -5.4860 722.3494 170.3580 776.2495 193.8857 1.6941 1.5899 4.0397 10.3643 1.5141 54.0760 -5.2980 -5.8106
Car -1 -1 -4.5567 527.5851 176.5122 558.1824 196.9639 1.3246 1.4999 3.9162 -4.5912 1.5851 49.4488 -4.6491 -5.8299
Car -1 -1 -5.5902 1004.1423 171.1815 1124.9854 212.7827 1.5325 1.6295 3.9151 17.8994 1.4706 28.6949 -5.0374 -5.8332
Car -1 -1 -4.9549 685.7041 174.5920 719.7604 194.0395 1.3992 1.5870 4.1543 6.9229 1.5352 54.4529 -4.8294 -5.8409
Car -1 -1 -7.7974 360.3408 180.3298 426.0369 238.6757 1.5585 1.6757 3.9450 -6.5412 1.8073 21.9265 -8.0845 -5.8675
Car -1 -1 -3.5048 0.0000 188.3340 0.0000 374.0000 1.4903 1.6026 3.9529 -7.0822 1.5870 2.5308 -4.6975 -5.8867
Car -1 -1 -5.3580 1241.0000 172.6767 1241.0000 220.9072 1.4572 1.6090 4.0598 23.4390 1.4515 23.9130 -4.5891 -5.8867
Car -1 -1 -4.6850 123.6570 176.1480 148.3942 194.3887 1.5176 1.6866 4.2227 -41.4215 1.8155 63.0790 -5.2642 -5.8867
Car -1 -1 -4.5206 633.2524 176.9287 669.8192 201.3745 1.3710 1.4875 3.8259 2.4924 1.6261 43.1836 -4.4638 -5.8870
Car -1 -1 -7.8649 179.3652 175.4516 208.2666 199.3949 1.4745 1.5723 4.0847 -27.1937 1.6514 47.0611 -8.3866 -5.9680
Car -1 -1 -4.6953 532.4866 177.8523 551.4874 195.6323 1.4784 1.5899 3.6148 -5.9287 1.9267 62.9045 -4.7893 -5.9963
Car -1 -1 -4.7730 666.1636 177.1974 695.0180 202.2031 1.4093 1.4855 3.6887 4.1515 1.6802 43.1824 -4.6783 -6.0224
Car -1 -1 -7.4506 1241.0000 174.5078 1241.0000 271.1071 1.4120 1.5894 4.1172 13.3328 1.4426 12.0373 -6.6266 -6.0977
Car -1 -1 -7.4972 1241.0000 173.4392 1241.0000 299.6723 1.4933 1.6166 4.1645 11.7465 1.5024 10.0488 -6.6488 -6.1557
Car -1 -1 -5.4728 0.0000 177.3932 4.4538 319.5106 1.6392 1.8363 4.6523 -11.0862 1.7045 9.4041 -6.3260 -6.3411
Car -1 -1 -5.4170 0.0000 191.6375 11.9159 308.8945 1.5710 1.7779 4.3448 -12.0157 1.8822 10.9764 -6.2354 -6.4561
Car -1 -1 -4.7475 326.0385 178.6728 346.8409 197.3848 1.5171 1.5202 4.7316 -23.7533 2.0410 62.5162 -5.1094 -6.7244
Car -1 -1 -5.0420 868.4377 178.2986 930.0431 208.8033 1.5846 1.7827 4.6769 16.1791 1.9094 40.7065 -4.6667 -6.8361
