Car -1 -1 -8.4512 919.0233 189.7679 1241.0000 374.0000 1.4028 1.4814 3.2069 3.8762 1.5758 5.7648 -7.8836 6.4275
Car -1 -1 -8.1091 668.1352 173.1592 697.1400 191.9485 1.5722 1.6842 3.3783 6.2098 1.5989 62.2316 -8.0105 2.1200
Car -1 -1 -2.7050 319.6224 176.7283 388.6080 201.0369 1.5092 1.6319 3.8248 -16.3570 1.7618 46.1115 -3.0444 -2.4184
Car -1 -1 -2.5621 235.1908 169.5891 284.4510 186.8028 1.5689 1.6121 3.8510 -32.4268 1.2710 66.8097 -3.0125 -2.5485
Car -1 -1 -4.3634 132.1157 176.8860 170.1976 194.2330 1.4228 1.6073 3.6523 -39.4274 1.7801 62.0431 -4.9278 -2.7209
Car -1 -1 -7.8815 379.5545 177.1098 406.7635 200.4522 1.4373 1.6017 3.4882 -14.1937 1.7256 47.0299 -8.1734 -3.2253
Car -1 -1 -4.8546 797.7610 174.7991 840.1457 204.1832 1.4973 1.6234 4.1211 11.2516 1.6085 39.2030 -4.5775 -3.4641
Car -1 -1 -5.7823 0.0000 177.5677 68.8714 201.8446 1.5682 1.6701 3.8064 -38.7797 1.8903 48.2074 -6.4572 -3.4816
Car -1 -1 -4.6842 122.7115 176.8243 147.1568 195.1381 1.5082 1.6500 4.0460 -41.1456 1.8638 62.5116 -5.2645 -3.5305
Car -1 -1 -4.5232 0.0000 179.0648 17.6601 202.9446 1.4949 1.6024 3.9036 -41.1819 1.9288 48.3508 -5.2261 -3.9019
Car -1 -1 -8.8930 0.0000 0.0000 1241.0000 374.0000 1.4868 1.5006 3.5175 3.4942 1.4812 1.6364 -7.8276 -4.1847
Car -1 -1 -8.6399 1121.6256 175.5462 1228.4362 213.1714 1.6167 1.6130 3.8554 25.9069 1.7482 33.3071 -7.9836 -4.4528
Car -1 -1 -3.0420 751.9572 175.1630 831.4677 205.1315 1.4867 1.6365 3.8607 9.3949 1.6108 37.4346 -2.7984 -4.4556
Car -1 -1 -7.8485 591.3043 176.7097 623.4491 206.7379 1.5396 1.6704 3.8928 -0.1745 1.7605 39.4417 -7.8534 -4.5469
Car -1 -1 -6.6831 816.6920 176.9300 900.8603 207.0575 1.4991 1.6603 3.7421 12.7210 1.7140 37.1270 -6.3559 -4.6647
Car -1 -1 -4.7379 148.4841 175.3198 178.6085 196.0240 1.4191 1.7491 4.6028 -32.5045 1.6062 52.4347 -5.2907 -4.8486
Car -1 -1 -4.8525 759.9053 175.3296 791.9094 200.1764 1.5652 1.5332 3.8282 10.9177 1.7357 47.8150 -4.6298 -5.0242
Car -1 -1 -4.9493 676.9477 173.2787 709.4319 193.2699 1.5706 1.7532 3.9088 6.7143 1.6061 58.8212 -4.8366 -5.0569
Car -1 -1 -8.3311 862.2404 175.0287 933.3868 210.0679 1.7018 1.7375 4.0574 14.7896 1.8206 37.4138 -7.9579 -5.0575
Car -1 -1 -4.3826 553.9500 178.0434 596.8987 203.2888 1.4204 1.4995 3.5771 -2.0664 1.7455 43.3149 -4.4305 -5.1829
Car -1 -1 -2.1476 87.8955 174.5928 150.7454 195.0797 1.6538 2.0245 4.8801 -41.1303 1.8037 60.4435 -2.7433 -5.2887
Car -1 -1 -5.4292 1152.5638 182.4041 1241.0000 374.0000 1.3411 1.4320 3.2521 5.9951 1.4370 5.5904 -4.6352 -5.3242
Car -1 -1 -5.6014 15.8282 177.0223 94.0770 198.3036 1.4619 1.8107 4.1713 -39.1461 1.7613 50.9075 -6.2545 -5.3932
Car -1 -1 -4.0728 382.4329 171.9876 425.7777 194.2643 1.8074 1.6183 3.6837 -17.2604 1.7368 60.5500 -4.3496 -5.4415
Car -1 -1 -5.9415 0.0000 0.0000 1241.0000 374.0000 1.4429 1.6262 4.0182 5.0338 1.3546 1.9180 -4.7847 -5.4545
Car -1 -1 -5.2033 699.1760 171.1688 737.9453 190.0065 1.5051 1.5115 3.8889 8.9197 1.3702 59.7359 -5.0561 -5.4660
Car -1 -1 -6.5598 581.5995 173.1650 640.0900 194.4943 1.6818 1.8196 4.4049 0.0308 1.7074 58.4139 -6.5597 -5.4696
Car -1 -1 -7.9326 365.3083 179.9570 423.7634 228.3739 1.4925 1.6190 4.1951 -7.6246 1.7620 25.1507 -8.2245 -5.5057
Car -1 -1 -1.9765 0.0000 174.7834 10.7222 203.4113 1.7543 1.9892 4.5980 -40.9628 1.8829 46.3543 -2.6975 -5.5712
Car -1 -1 -4.7934 532.6968 176.6448 554.0834 195.2209 1.5435 1.5528 3.6827 -5.8365 1.8828 62.6947 -4.8862 -5.5774
Car -1 -1 -4.7071 759.0416 174.6224 779.8262 195.1974 1.4751 1.4686 3.6116 11.9016 1.6118 53.9818 -4.4916 -5.5867
Car -1 -1 -8.1022 1014.2089 181.9265 1241.0000 329.2337 1.3677 1.5757 3.8211 6.2535 1.5067 9.0176 -7.5117 -5.6141
Car -1 -1 -4.4681 134.4621 169.1165 183.4173 197.0858 1.8003 1.6923 4.8229 -30.5761 1.5594 48.9980 -5.0237 -5.6477
Car -1 -1 -2.2361 0.0000 180.0547 30.3927 374.0000 1.4044 1.5629 4.0898 -5.9863 1.4527 4.0074 -3.1857 -5.6731
Car -1 -1 -7.8385 359.0034 178.4913 429.9163 242.0041 1.5963 1.7669 4.0123 -6.1809 1.7746 20.6895 -8.1258 -5.6953
Car -1 -1 -5.5276 1081.7446 174.0942 1209.3759 219.6850 1.6076 1.6332 3.8215 20.2743 1.6581 27.5814 -4.8993 -5.6973
Car -1 -1 -8.6540 0.0000 0.0000 1241.0000 374.0000 1.4600 1.5566 3.7115 1.9281 1.4186 1.3906 -7.8030 -5.7170
Car -1 -1 -4.8992 687.0517 175.3429 718.2785 194.8715 1.4019 1.5844 4.1430 6.9208 1.5968 54.4544 -4.7738 -5.7415
Car -1 -1 -5.6191 1029.6670 174.8488 1156.9963 218.1875 1.5462 1.6457 3.9201 18.6097 1.6294 28.0584 -5.0388 -5.7500
Car -1 -1 -4.8529 544.6078 175.3610 575.7966 196.3333 1.3753 1.5790 4.1958 -3.5275 1.5566 50.0629 -4.9232 -5.7856
Car -1 -1 -4.5548 490.7074 177.8956 522.4954 199.1022 1.3607 1.5508 3.9136 -7.0402 1.7180 49.2025 -4.6965 -5.8181
Car -1 -1 -7.2523 0.0000 178.0675 0.0000 244.7174 1.3786 1.5844 3.7592 -17.3554 1.5171 17.2266 -8.0337 -5.8445
Car -1 -1 -4.7894 543.0494 174.0712 570.4407 197.4468 1.6827 1.7179 4.4575 -4.0920 1.7783 54.5172 -4.8644 -5.8565
Car -1 -1 -4.5011 531.9282 178.2352 569.4152 203.6659 1.4017 1.4883 3.5357 -3.4796 1.7314 42.4004 -4.5829 -5.8842
Car -1 -1 -5.3474 1241.0000 172.6448 1241.0000 220.8074 1.4554 1.6065 4.0493 23.4430 1.4488 23.9182 -4.5785 -5.8867
Car -1 -1 -4.5887 34.5976 177.2784 70.7279 197.8006 1.4458 1.6439 4.0335 -41.6220 1.7893 53.9165 -5.2438 -5.8867
Car -1 -1 -4.4663 406.2526 177.1611 445.5323 198.5340 1.3364 1.5654 4.1559 -12.2323 1.6352 48.0327 -4.7146 -5.9184
Car -1 -1 -7.0269 955.6030 165.4289 1241.0000 266.7335 1.5256 1.6917 4.5269 8.3161 1.4134 12.0430 -6.4345 -5.9549
Car -1 -1 -4.3716 162.7030 175.2982 207.8951 196.4823 1.4821 1.5814 4.1046 -31.2428 1.6691 53.1440 -4.9010 -5.9991
Car -1 -1 -4.5623 514.5342 176.7919 545.0093 197.8078 1.3605 1.5108 3.8921 -5.4870 1.6407 49.4238 -4.6727 -6.0032
Car -1 -1 -4.9304 318.3199 176.5410 352.0453 199.8518 1.6383 1.5337 3.8587 -20.3917 1.9212 53.3880 -5.2939 -6.3006
Car -1 -1 -5.1888 0.0000 182.3678 9.0657 268.7747 1.5659 1.8669 4.6014 -15.1916 1.7847 15.0222 -5.9709 -6.3400
Car -1 -1 -5.5207 0.0000 179.0147 8.9294 324.9333 1.6552 1.8501 4.6669 -11.0788 1.7449 9.4113 -6.3732 -6.3646
Car -1 -1 -5.2441 0.0000 180.8378 1.2544 300.0628 1.5556 1.7940 4.4242 -11.9833 1.6916 10.9570 -6.0620 -6.4827
Car -1 -1 -7.9307 180.0176 167.9855 216.9419 195.3845 1.7066 1.7952 4.0154 -26.9307 1.4030 47.1081 -8.4478 -6.9621
