Car -1 -1 -2.9251 990.5604 177.2226 1112.9786 216.1596 1.5816 1.7300 4.3518 19.4205 1.7873 31.9094 -2.3830 5.1047
Car -1 -1 -4.6473 589.5416 175.9114 616.5642 198.9322 1.5488 1.6603 4.0334 -0.4866 1.7740 51.1500 -4.6572 -1.1024
Car -1 -1 -5.7576 0.0000 178.7660 67.9998 202.3610 1.5272 1.6292 3.6983 -38.8510 1.9317 48.3243 -6.4322 -2.5244
Car -1 -1 -4.6434 117.1576 178.8677 143.7021 198.4508 1.5948 1.6435 3.7064 -41.2065 2.1282 62.0165 -5.2280 -2.9562
Car -1 -1 -2.5658 237.1297 169.9601 286.3091 186.2539 1.4872 1.5622 3.8821 -32.2847 1.2227 66.8778 -3.0141 -3.6163
Car -1 -1 -4.8059 168.6259 176.3606 201.6278 197.6942 1.4911 1.7107 4.3544 -31.5288 1.7616 53.4442 -5.3369 -3.6880
Car -1 -1 -4.8855 0.0000 178.3352 14.4261 203.2111 1.5334 1.7009 3.9375 -40.5821 1.9064 47.2276 -5.5927 -3.8518
Car -1 -1 -6.6802 1073.4248 178.2343 1174.1953 211.7428 1.5492 1.6227 3.6250 24.7408 1.8180 34.9163 -6.0682 -3.9312
Car -1 -1 -4.7676 809.9636 175.7770 845.3795 204.9621 1.4622 1.5768 4.0888 11.6003 1.6277 38.7569 -4.4793 -4.0080
Car -1 -1 -4.6262 173.3116 176.1751 206.3523 200.8795 1.5051 1.5289 3.5706 -27.0212 1.7274 46.4206 -5.1511 -4.1061
Car -1 -1 -4.6156 133.1398 181.4552 160.3521 199.7873 1.4610 1.6022 3.5852 -39.3470 2.2148 61.3036 -5.1845 -4.2348
Car -1 -1 -6.1702 494.4374 177.2049 545.1292 195.9881 1.5617 1.6624 4.1088 -7.6520 1.9358 61.2411 -6.2944 -4.2857
Car -1 -1 -4.7683 353.5897 177.0165 384.9143 201.2130 1.4767 1.6969 4.4676 -15.8361 1.7628 47.2473 -5.0903 -4.2872
Car -1 -1 -4.5970 650.2794 178.6084 671.7621 196.2708 1.4912 1.4989 3.6429 4.5343 2.0175 64.1022 -4.5271 -4.5396
Car -1 -1 -4.9187 136.9561 171.7436 187.0571 200.3277 1.7307 1.8938 4.1772 -28.5342 1.6632 45.8541 -5.4729 -4.6815
Car -1 -1 -3.2286 752.9765 175.0277 828.6741 204.1938 1.4733 1.6034 3.7024 9.3486 1.5898 37.6845 -2.9878 -4.7564
Car -1 -1 -7.4821 547.7921 176.9996 598.9165 202.0950 1.4027 1.6418 4.2335 -2.1753 1.6645 43.3479 -7.5324 -4.8704
Car -1 -1 -5.6056 1086.3942 179.7672 1211.1184 221.0517 1.3932 1.4798 3.5781 19.9161 1.6692 26.9121 -4.9742 -5.0461
Car -1 -1 -4.8292 761.3107 175.7850 791.8058 199.8037 1.5004 1.5141 3.7625 10.8906 1.7010 47.5006 -4.6056 -5.1861
Car -1 -1 -7.9517 840.1187 174.0948 877.7737 203.1523 1.4352 1.5136 3.4014 12.8940 1.5028 37.6234 -7.6244 -5.2045
Car -1 -1 -4.2170 382.9201 170.8114 422.4984 194.0049 1.8646 1.7445 3.4084 -17.1819 1.7001 59.8584 -4.4956 -5.2248
Car -1 -1 -6.6783 582.8658 172.2911 643.1876 193.0997 1.6336 1.7545 4.5514 0.2205 1.5891 58.3236 -6.6749 -5.2461
Car -1 -1 -7.6367 375.2281 170.4539 401.0291 187.9411 1.6668 1.6404 3.7769 -21.7304 1.4377 70.7199 -7.9340 -5.3066
Car -1 -1 -5.2429 1137.5149 178.4696 1241.0000 222.6829 1.4369 1.6807 4.3708 21.3770 1.6591 26.3135 -4.5666 -5.3492
Car -1 -1 -1.9438 0.0000 181.4251 0.0000 260.6316 1.4496 1.6676 4.2035 -15.0811 1.6490 15.1826 -2.7171 -5.4598
Car -1 -1 -5.4939 173.5029 174.6215 226.4211 192.9892 1.5290 1.6309 3.9400 -35.0415 1.6829 61.6352 -6.0092 -5.5057
Car -1 -1 -5.5533 18.4084 177.0623 95.4201 199.7106 1.5624 1.7987 4.2197 -39.2618 1.8670 51.2304 -6.2048 -5.5097
Car -1 -1 -4.4490 443.3157 177.4100 483.3964 199.0243 1.3779 1.6057 4.3099 -9.9584 1.7017 49.1274 -4.6483 -5.5465
Car -1 -1 -4.4308 487.0941 177.4711 529.6750 202.8380 1.3852 1.5237 3.5538 -5.8955 1.6653 41.9480 -4.5700 -5.6398
Car -1 -1 -4.5452 0.0000 177.9894 36.4415 199.5334 1.4086 1.6694 3.9758 -41.4818 1.7818 50.3366 -5.2320 -5.6980
Car -1 -1 -4.8957 544.2467 176.1974 576.9911 197.2405 1.3691 1.5353 4.0397 -3.4783 1.6094 49.7749 -4.9655 -5.7066
Car -1 -1 -7.8648 362.1907 178.3041 430.1336 240.8724 1.5762 1.7011 4.4014 -6.2694 1.7518 20.9403 -8.1528 -5.7142
Car -1 -1 -4.5985 509.7187 177.6220 538.7333 198.1460 1.3182 1.5335 3.8878 -5.8408 1.6558 49.1926 -4.7165 -5.7299
Car -1 -1 -4.6743 96.8593 180.4237 124.0337 199.3957 1.4714 1.6902 4.2770 -41.5381 2.1245 60.0208 -5.2778 -5.7366
Car -1 -1 -4.8616 319.7186 176.2450 352.6546 199.8685 1.6470 1.6307 4.4573 -20.2986 1.9083 53.3189 -5.2240 -5.7397
Car -1 -1 -7.7018 331.5612 177.4123 434.0744 258.4787 1.6597 1.6869 4.1571 -5.3111 1.7818 17.1954 -7.9977 -5.7504
Car -1 -1 -5.4593 1222.3236 171.8070 1241.0000 218.6464 1.4488 1.6270 4.0234 23.1170 1.4161 24.3344 -4.7058 -5.8267
Car -1 -1 -4.5629 24.5956 178.2798 63.2642 199.3348 1.4539 1.6466 4.0507 -41.6374 1.8692 53.1090 -5.2255 -5.8867
Car -1 -1 -4.5895 518.6691 176.4712 544.1957 194.2907 1.3556 1.5624 3.9005 -6.2698 1.6541 57.6466 -4.6977 -5.8867
Car -1 -1 -3.5142 0.0000 190.9411 0.0000 374.0000 1.4933 1.6019 3.9531 -7.8867 1.6164 2.9349 -4.6977 -5.8867
Car -1 -1 -4.7634 646.2262 176.3639 671.6153 197.3170 1.3989 1.5752 3.9187 3.3788 1.6554 50.8048 -4.6978 -5.8867
Car -1 -1 -3.7070 0.0000 183.6612 65.8160 374.0000 1.4925 1.6038 3.9565 -4.2769 1.5598 2.5241 -4.6977 -5.8867
Car -1 -1 -4.5406 0.0000 178.3619 0.0000 206.0014 1.6033 1.7064 4.2494 -41.3527 1.9637 45.0002 -5.2809 -5.8867
Car -1 -1 -5.9535 0.0000 0.0000 1241.0000 374.0000 1.5036 1.6060 3.9581 6.1748 1.4858 1.7171 -4.6976 -5.8867
Car -1 -1 -3.5479 0.0000 187.4090 0.0000 374.0000 1.4911 1.6019 3.9532 -6.2779 1.5820 2.5315 -4.6975 -5.8867
Car -1 -1 -7.2255 0.0000 177.3380 0.0000 244.1597 1.3879 1.6029 3.8108 -17.3584 1.5074 17.2606 -8.0060 -5.8896
Car -1 -1 -4.4050 420.1194 176.5560 461.7061 197.2118 1.3128 1.5561 4.1292 -11.3964 1.5735 48.7387 -4.6338 -5.8903
Car -1 -1 -4.5409 525.4677 177.8512 561.4750 203.1615 1.3946 1.5015 3.6837 -3.9016 1.7011 42.4019 -4.6325 -5.9932
Car -1 -1 -7.5895 1241.0000 164.6856 1241.0000 316.6324 1.4458 1.5826 4.1328 10.6966 1.3677 8.4307 -6.7033 -6.0299
Car -1 -1 -7.5291 1241.0000 168.6483 1241.0000 283.1862 1.4684 1.6116 4.2259 12.5071 1.4142 10.8185 -6.6852 -6.0326
Car -1 -1 -7.9216 366.8087 179.6293 425.6244 230.4438 1.5267 1.6394 3.7579 -7.2985 1.7735 24.2706 -8.2112 -6.0755
Car -1 -1 -4.7661 1227.3284 172.7043 1241.0000 319.4338 1.7970 1.7916 4.5891 10.7150 1.7949 11.1711 -4.0154 -6.2071
Car -1 -1 -5.4747 0.0000 177.9985 0.0000 319.6070 1.6320 1.8181 4.5833 -11.1393 1.7060 9.4048 -6.3302 -6.3663
Car -1 -1 -5.4169 0.0000 187.7912 17.5481 305.1204 1.5779 1.7952 4.3481 -11.9225 1.8255 10.9681 -6.2318 -6.5197
Car -1 -1 -4.7353 721.0468 170.0267 736.4327 187.2501 1.6454 1.4074 3.1155 11.5772 1.3750 70.5723 -4.5737 -7.1462
Car -1 -1 -4.9116 1241.0000 186.0510 1241.0000 374.0000 1.6894 1.9796 4.3604 5.4194 1.8114 4.3607 -4.0520 -7.2881
