Car -1 -1 -8.0282 679.1392 177.6654 738.6497 223.2062 1.4691 1.5011 3.2716 3.3543 1.6486 25.2955 -7.8986 7.7911
Car -1 -1 -8.4356 888.3318 199.4871 1241.0000 374.0000 1.3773 1.5200 3.4280 3.3068 1.6239 4.9597 -7.8757 6.7629
Car -1 -1 -8.4634 959.2073 181.1614 1233.6199 290.8311 1.4554 1.6051 4.1588 7.6591 1.6179 12.0162 -7.9077 6.3869
Car -1 -1 -8.2090 799.5712 178.6687 881.6194 224.7136 1.3748 1.4781 3.3108 7.4237 1.5789 23.6650 -7.9092 5.8610
Car -1 -1 -3.3241 1146.9529 184.9190 1241.0000 218.4926 1.4337 1.5642 3.7595 27.3725 2.0206 33.5341 -2.6443 -1.8414
Car -1 -1 -2.6075 319.8389 176.0883 389.3255 200.9713 1.5391 1.6347 3.8988 -16.3388 1.7509 46.1176 -2.9464 -2.3696
Car -1 -1 -4.6829 116.6004 179.0128 141.4230 198.7797 1.6086 1.6598 3.7846 -41.3442 2.1553 62.0373 -5.2689 -2.8596
Car -1 -1 -7.9358 378.5593 176.8117 408.5035 200.2666 1.4631 1.5900 3.8312 -14.3996 1.7363 47.7838 -8.2272 -3.2250
Car -1 -1 -2.5627 234.6079 170.9589 285.2633 188.0627 1.5607 1.6664 3.9623 -32.4674 1.3874 66.9180 -3.0130 -3.4710
Car -1 -1 -4.8465 1075.7472 176.0043 1185.6510 244.5234 1.5087 1.6624 4.1048 12.9840 1.5979 18.2954 -4.2374 -3.6065
Car -1 -1 -7.2955 1095.9280 175.8095 1241.0000 249.0704 1.5148 1.6085 4.0877 13.2892 1.5879 16.4800 -6.6261 -3.9114
Car -1 -1 -4.9217 0.0000 178.2542 11.7753 204.9025 1.6297 1.8310 4.0279 -40.6393 1.9947 46.8629 -5.6334 -3.9260
Car -1 -1 -4.6298 653.2322 179.3329 678.6909 199.9521 1.5026 1.6519 3.9873 4.3479 2.0241 56.0020 -4.5532 -4.0187
Car -1 -1 -5.1235 787.9869 176.0803 853.4560 207.0463 1.4261 1.6068 4.0643 10.3262 1.5954 35.7928 -4.8452 -4.0490
Car -1 -1 -4.6589 587.3796 176.6290 621.5482 206.4723 1.5192 1.6482 4.1668 -0.2919 1.7360 39.3850 -4.6668 -4.2205
Car -1 -1 -4.4939 648.1650 178.7853 674.5510 197.1761 1.5571 1.5740 3.7747 4.5927 2.1033 64.4374 -4.4235 -4.3232
Car -1 -1 -5.4866 810.4225 179.8553 906.9117 211.4451 1.3956 1.6719 4.6741 12.0562 1.7631 35.4380 -5.1617 -4.3841
Car -1 -1 -4.5886 128.9958 181.4282 156.8405 201.0818 1.5544 1.5360 3.5364 -39.2652 2.2980 60.6747 -5.1611 -4.4498
Car -1 -1 -3.2413 1163.1853 186.8608 1241.0000 226.7772 1.5070 1.6386 4.0964 25.8666 2.1316 30.3605 -2.5410 -4.5788
Car -1 -1 -4.9051 1171.4890 178.0390 1241.0000 223.8730 1.4558 1.5089 3.8392 21.0915 1.6529 25.4288 -4.2188 -4.6022
Car -1 -1 -4.6222 676.6907 174.9752 708.8111 201.6499 1.5816 1.6563 3.9648 5.1919 1.7205 45.2267 -4.5091 -4.9203
Car -1 -1 -4.4504 0.0000 178.0155 36.7401 199.5659 1.3688 1.5909 3.7885 -40.4284 1.7328 48.8679 -5.1390 -4.9395
Car -1 -1 -9.2834 0.0000 0.0000 1241.0000 374.0000 1.4808 1.4729 3.5599 3.8867 1.5098 0.8682 -8.0031 -4.9966
Car -1 -1 -4.8764 166.6775 174.0009 201.1536 194.4723 1.4453 1.5442 4.1098 -31.4987 1.5330 53.2464 -5.4085 -5.0202
Car -1 -1 -7.9153 1023.5117 175.5144 1103.5101 236.2901 1.4457 1.5457 3.5673 11.9550 1.5236 19.2716 -7.3674 -5.0424
Car -1 -1 -5.0653 675.1993 175.7571 728.2173 202.0137 1.3791 1.6479 4.0306 5.0479 1.5505 40.5227 -4.9427 -5.1208
Car -1 -1 -8.1914 870.7437 175.8958 931.3879 210.5089 1.6700 1.6914 3.8547 14.8504 1.8344 37.1155 -7.8140 -5.2459
Car -1 -1 -5.0244 705.6122 175.0050 749.6279 199.6312 1.4542 1.5379 4.0293 7.2574 1.5945 45.0834 -4.8663 -5.2513
Car -1 -1 -2.0182 0.0000 181.7315 0.0000 254.7898 1.4261 1.6517 4.1243 -15.8819 1.6400 15.9233 -2.7939 -5.3562
Car -1 -1 -3.2301 501.1669 175.1605 560.2844 199.7334 1.7665 1.6056 4.2142 -5.9008 1.9405 53.2996 -3.3402 -5.5238
Car -1 -1 -4.7819 692.5688 175.1739 718.0793 194.3472 1.4073 1.6472 4.2647 7.2874 1.5930 55.6653 -4.6527 -5.6925
Car -1 -1 -5.2083 1004.8025 172.7274 1110.2126 213.2256 1.4121 1.6380 4.0051 16.6751 1.4074 27.1998 -4.6635 -5.7667
Car -1 -1 -7.7618 345.4173 182.1567 427.7271 250.1654 1.5051 1.6421 4.2299 -5.7496 1.7762 18.8160 -8.0551 -5.8006
Car -1 -1 -5.2859 785.1523 175.2034 850.8219 201.6017 1.4258 1.6721 4.0836 11.8651 1.5680 41.5589 -5.0101 -5.8060
Car -1 -1 -5.7438 1077.3417 173.2508 1241.0000 276.5394 1.4181 1.5387 4.0366 10.2374 1.4257 12.0825 -5.0533 -5.8068
Car -1 -1 -4.7418 813.4765 174.6752 843.6404 199.4564 1.3996 1.5942 3.9498 12.9981 1.5136 43.1753 -4.4516 -5.8425
Car -1 -1 -4.8206 1084.9370 174.0981 1158.6129 219.6994 1.4880 1.6769 4.1498 18.2031 1.5362 25.8894 -4.2135 -5.8643
Car -1 -1 -4.4870 132.4930 173.4292 173.9408 193.7205 1.3925 1.6376 4.0841 -32.7838 1.4352 51.8370 -5.0488 -5.8739
Car -1 -1 -5.6038 1136.9615 168.8506 1241.0000 374.0000 1.4753 1.6037 3.9579 6.1829 1.4565 5.3561 -4.7742 -5.8867
Car -1 -1 -5.0526 1074.8395 175.0741 1154.4523 210.6364 1.4378 1.6271 3.8591 21.8774 1.5408 31.5051 -4.4504 -5.8867
Car -1 -1 -5.0207 670.9136 173.8655 735.7042 204.9330 1.4719 1.8378 5.0014 4.6404 1.5272 36.9837 -4.8973 -5.9041
Car -1 -1 -5.3487 724.5328 171.4304 771.6237 192.4191 1.5065 1.4907 3.7748 10.2236 1.4040 53.8119 -5.1623 -5.9309
Car -1 -1 -5.1730 747.3903 173.5719 808.4148 201.5090 1.3723 1.6322 3.6287 8.6201 1.4112 37.4980 -4.9491 -6.0362
Car -1 -1 -7.0836 990.2771 170.1038 1148.1741 222.1100 1.4440 1.5715 4.0466 13.4662 1.3673 21.2829 -6.5261 -6.0694
Car -1 -1 -1.7216 0.0000 177.3843 0.0000 203.7446 1.5647 1.6624 4.1998 -41.1519 1.8623 45.4816 -2.4542 -6.0897
Car -1 -1 -4.7029 672.8566 175.5033 695.2510 194.4868 1.3857 1.6471 4.0634 5.6686 1.5965 55.3682 -4.6018 -6.2964
Car -1 -1 -5.3587 0.0000 186.2656 11.3262 328.1911 1.5999 1.8373 4.5060 -10.8209 1.7959 9.4516 -6.1974 -6.5014
Car -1 -1 -5.3157 0.0000 185.8042 6.5964 306.5773 1.5869 1.7855 4.3117 -11.9419 1.8048 10.9462 -6.1324 -6.5910
