Car -1 -1 -8.3803 714.4944 174.2117 768.9258 198.0715 1.5451 1.7034 4.3301 8.9043 1.6420 49.3154 -8.2031 5.2339
Car -1 -1 -2.6913 319.4027 176.3745 387.6535 200.8169 1.5172 1.6453 3.7701 -16.3940 1.7468 46.1071 -3.0314 -2.6430
Car -1 -1 -2.5655 234.9059 170.4353 284.8558 187.6645 1.5730 1.6623 3.8940 -32.4846 1.3519 66.9429 -3.0159 -3.1952
Car -1 -1 -7.8049 378.2865 177.0768 406.4950 200.1591 1.4230 1.5914 3.4330 -14.1780 1.7088 47.0202 -8.0966 -3.2708
Car -1 -1 -4.8890 796.4507 175.1872 841.4373 204.2614 1.4776 1.6219 4.1380 11.2331 1.6108 39.1533 -4.6120 -3.5718
Car -1 -1 -4.5167 0.0000 178.7435 28.0218 201.1962 1.4264 1.5982 3.1935 -40.5787 1.8371 48.5609 -5.2102 -3.6727
Car -1 -1 -4.9701 701.6575 175.3236 738.0287 197.1758 1.5114 1.6233 4.0567 7.9113 1.6979 52.4849 -4.8218 -3.9315
Car -1 -1 -4.6163 590.4029 175.0522 622.6149 201.1190 1.5843 1.7053 3.8272 -0.2166 1.7307 46.1711 -4.6215 -3.9990
Car -1 -1 -4.1171 115.3603 176.9550 165.7992 196.9641 1.6173 1.8372 3.6481 -39.5946 1.9737 60.9188 -4.6916 -4.1743
Car -1 -1 -5.4163 746.6781 174.7708 806.7540 199.6133 1.4900 1.6304 3.7889 10.4592 1.6164 45.6498 -5.1929 -4.1841
Car -1 -1 -3.0505 752.7026 174.8345 831.6646 205.3225 1.5130 1.6334 3.8390 9.4094 1.6192 37.3915 -2.8063 -4.3783
Car -1 -1 -3.2777 0.0000 173.8705 60.2633 206.8529 1.6484 1.6513 4.0060 -31.8188 1.7048 38.2199 -3.9686 -4.4237
Car -1 -1 -4.3760 682.3450 174.1564 723.6389 198.0487 1.5668 1.6282 3.8968 6.4070 1.6599 49.6537 -4.2488 -4.4510
Car -1 -1 -4.3303 146.7499 174.9632 186.5840 192.6034 1.4742 1.6492 3.8071 -38.5499 1.6633 62.7928 -4.8792 -4.5043
Car -1 -1 -4.7246 662.5175 179.3430 683.0142 198.8646 1.4386 1.5358 3.1781 4.8117 1.9558 55.9035 -4.6396 -4.5044
Car -1 -1 -4.8049 166.3517 174.3611 198.7439 195.6265 1.4992 1.6899 4.1272 -31.6579 1.6149 53.3439 -5.3385 -4.5262
Car -1 -1 -8.6399 1125.5461 175.1437 1237.3401 212.5965 1.5952 1.6159 4.0454 26.0223 1.7066 33.0968 -7.9784 -4.5810
Car -1 -1 -4.4951 752.7797 173.7979 785.7711 196.9068 1.6335 1.5702 3.9595 11.7702 1.7057 53.3028 -4.2793 -4.6412
Car -1 -1 -4.8447 618.9615 176.2509 652.4777 202.7134 1.5019 1.5114 3.8455 1.4704 1.7155 43.4494 -4.8116 -4.7240
Car -1 -1 -4.8787 642.4113 179.0760 665.3029 196.2648 1.4669 1.4984 3.3971 3.8799 2.0391 64.6251 -4.8194 -4.7498
Car -1 -1 -7.9151 589.3443 175.8741 624.8000 207.2178 1.5942 1.6609 4.2329 -0.2481 1.7674 39.2845 -7.9220 -4.8486
Car -1 -1 -4.4926 124.2772 173.6147 166.8437 195.1530 1.4714 1.6503 4.3582 -33.2962 1.5282 51.7872 -5.0618 -4.8983
Car -1 -1 -6.7595 814.0174 175.8665 898.3032 206.9154 1.5533 1.6570 3.8008 12.6953 1.7138 37.4183 -6.4353 -5.0120
Car -1 -1 -1.7426 0.0000 176.8632 8.4650 204.8387 1.7171 1.8531 4.5168 -41.0003 1.9902 47.0489 -2.4567 -5.1127
Car -1 -1 -4.6829 644.7814 175.7510 671.1611 196.7464 1.4254 1.7694 4.3751 3.4564 1.6424 51.8708 -4.6172 -5.1338
Car -1 -1 -5.0928 272.5901 173.5048 324.2437 200.4724 1.7553 1.8271 4.1384 -21.2963 1.8013 49.1745 -5.4998 -5.1444
Car -1 -1 -4.3430 551.5265 177.0698 597.0503 203.5257 1.4933 1.5275 3.6175 -2.1326 1.7575 43.3084 -4.3923 -5.1653
Car -1 -1 -5.5435 23.0007 177.8676 97.1581 198.3306 1.4114 1.7048 4.1284 -39.1045 1.7749 51.3122 -6.1923 -5.1936
Car -1 -1 -1.9777 0.0000 180.1328 2.5205 269.8123 1.5561 1.7139 4.1609 -14.3967 1.7165 14.3540 -2.7553 -5.2671
Car -1 -1 -8.0713 879.4672 176.2926 931.5956 210.2147 1.6040 1.6473 3.7593 14.8424 1.7872 36.5104 -7.6885 -5.3145
Car -1 -1 -3.1419 510.2184 173.7938 573.0151 199.0936 1.8375 1.6983 4.5664 -5.0958 1.9083 53.5458 -3.2367 -5.4863
Car -1 -1 -4.6279 532.7051 178.6385 553.6506 195.8741 1.4307 1.5176 3.6780 -5.8294 1.9501 62.9787 -4.7202 -5.5112
Car -1 -1 -4.6171 122.3121 175.9401 151.4944 194.5831 1.5478 1.7268 4.2444 -41.2455 1.8264 62.9392 -5.1954 -5.5877
Car -1 -1 -5.5900 1108.4633 173.2193 1240.4213 218.3597 1.5716 1.6125 3.7278 21.0434 1.5861 27.1500 -4.9363 -5.6550
Car -1 -1 -2.1905 0.0000 186.2470 21.5068 374.0000 1.4032 1.5695 4.0885 -6.0308 1.4923 4.0311 -3.1410 -5.6553
Car -1 -1 -4.9843 623.4819 176.9577 658.3666 196.0206 1.3746 1.6006 4.1495 2.2921 1.7006 55.1792 -4.9434 -5.6682
Car -1 -1 -7.8726 362.5336 178.2041 432.7405 241.9077 1.6212 1.7734 3.9722 -6.2243 1.7917 20.8858 -8.1593 -5.7188
Car -1 -1 -4.5876 570.1080 175.3234 597.3357 198.0030 1.6249 1.5205 4.3945 -1.9717 1.8187 54.4430 -4.6240 -5.7208
Car -1 -1 -5.3356 1241.0000 172.5122 1241.0000 221.3570 1.4497 1.6215 4.1012 23.0811 1.4393 23.5621 -4.5671 -5.7313
Car -1 -1 -5.3678 1057.8745 172.9123 1170.9841 215.8734 1.5571 1.6286 3.7664 19.4439 1.5593 28.0828 -4.7675 -5.7364
Car -1 -1 -4.5705 514.9680 177.3012 544.6907 198.2589 1.3517 1.4911 3.8433 -5.4714 1.6673 49.3056 -4.6808 -5.7930
Car -1 -1 -7.9418 362.2383 179.1920 426.1829 230.9620 1.5618 1.7154 4.2215 -7.4779 1.7976 24.6033 -8.2344 -5.7951
Car -1 -1 -4.8415 544.8830 176.2440 575.6868 197.4655 1.3813 1.5797 4.2911 -3.5147 1.6263 49.9471 -4.9117 -5.7962
Car -1 -1 -5.6091 1002.6426 171.3077 1124.6742 211.2529 1.4716 1.6037 3.9654 17.8776 1.4144 28.7196 -5.0572 -5.8416
Car -1 -1 -4.5737 29.4728 177.4157 66.9121 198.0061 1.4382 1.6407 4.0374 -41.6400 1.7898 53.5129 -5.2326 -5.8867
Car -1 -1 -4.5955 523.1395 176.7429 548.5834 194.8279 1.3642 1.5644 3.9052 -5.8739 1.6829 57.2346 -4.6976 -5.8867
Car -1 -1 -4.8431 703.6578 174.7903 730.8079 193.2403 1.3618 1.5644 3.9035 8.2027 1.5161 55.6316 -4.6979 -5.8867
Car -1 -1 -4.5462 489.8259 177.5542 522.4316 199.2151 1.3917 1.5744 3.9160 -7.0700 1.7247 49.1927 -4.6886 -5.8867
Car -1 -1 -4.8339 622.1785 175.4495 651.7268 196.2819 1.3707 1.5695 3.9541 1.7979 1.5577 50.0200 -4.7986 -5.8867
Car -1 -1 -5.9030 1241.0000 168.9833 1241.0000 374.0000 1.5096 1.6060 3.9588 7.3907 1.5064 2.5286 -4.6973 -5.8867
Car -1 -1 -4.2722 251.0177 178.3911 309.4325 203.7238 1.3740 1.5669 3.9086 -19.1350 1.7108 41.9588 -4.6979 -5.8867
Car -1 -1 -4.7108 98.5408 176.4871 124.1238 196.2385 1.5579 1.6980 4.1547 -41.4154 1.8703 59.9116 -5.3137 -5.8867
Car -1 -1 -4.1459 0.0000 182.9570 0.0000 374.0000 1.4738 1.6313 4.2381 -8.6735 1.5908 6.1105 -5.0820 -5.9524
Car -1 -1 -4.5645 137.1594 167.8662 179.4035 196.5879 1.8419 1.6965 5.0064 -30.5732 1.5218 48.9067 -5.1209 -5.9942
Car -1 -1 -7.5080 1241.0000 169.9256 1241.0000 283.0802 1.4581 1.6091 4.2094 12.5472 1.4201 10.8249 -6.6627 -6.0155
Car -1 -1 -7.3113 1241.0000 177.8614 1241.0000 271.7444 1.4344 1.6459 4.2550 13.3988 1.5291 12.4208 -6.5002 -6.0712
Car -1 -1 -4.7524 325.3882 176.6446 349.3367 199.8032 1.6321 1.5120 3.8268 -20.2997 1.9241 53.5811 -5.1131 -6.1827
Car -1 -1 -5.2320 0.0000 181.4475 8.6763 256.0500 1.4868 1.7985 4.3049 -16.0735 1.6964 16.1685 -6.0063 -6.1828
Car -1 -1 -7.7224 399.0541 174.5214 430.9028 199.4553 1.5827 1.5756 3.6621 -12.9579 1.6978 47.9766 -7.9852 -6.2655
Car -1 -1 -5.5067 0.0000 189.3512 12.8990 329.4994 1.6571 1.7930 4.3467 -11.1242 1.9041 9.7947 -6.3420 -6.4868
Car -1 -1 -8.2036 165.2094 171.0004 216.2702 201.1778 1.8859 1.6344 3.9188 -27.3516 1.7698 46.9755 -8.7286 -7.0245
Car -1 -1 -7.6197 807.2701 165.0865 846.5961 195.8356 1.9954 1.6859 3.9825 14.7259 1.4911 48.9688 -7.3296 -7.6213
