Car -1 -1 -8.2772 850.2244 180.6477 966.7513 241.1599 1.3872 1.5190 3.3232 7.5420 1.6068 18.6712 -7.8995 8.4744
Car -1 -1 -8.0424 704.8072 179.4902 785.8533 239.6379 1.4524 1.5205 3.3192 3.5073 1.6465 19.4616 -7.8675 6.5278
Car -1 -1 -8.6281 1112.8379 187.7410 1241.0000 358.3641 1.3673 1.5994 3.8406 7.7382 1.5734 8.0629 -7.8819 3.8682
Car -1 -1 -2.7447 115.0862 177.5672 168.5405 195.6298 1.5081 1.7088 3.4616 -40.2040 1.9202 61.9876 -3.3182 -2.3677
Car -1 -1 -5.0200 157.1121 175.5280 203.0583 197.9831 1.5746 1.6836 4.3148 -31.7234 1.7789 53.1493 -5.5561 -2.6081
Car -1 -1 -7.9418 922.4849 175.9535 959.0219 203.2931 1.4410 1.5360 3.5396 18.4284 1.6224 40.3897 -7.5169 -2.6429
Car -1 -1 -7.6693 713.0075 180.7168 763.7613 214.0610 1.3273 1.5417 3.7492 5.6505 1.6946 31.7038 -7.4951 -2.8039
Car -1 -1 -8.6377 0.0000 0.0000 1241.0000 374.0000 1.4534 1.5418 3.4505 2.6558 1.5537 1.3405 -7.6199 -2.9774
Car -1 -1 -9.3657 0.0000 0.0000 1241.0000 374.0000 1.4836 1.5948 3.8678 4.1137 1.5271 1.8651 -8.2788 -3.2392
Car -1 -1 -8.0000 0.0000 0.0000 1241.0000 374.0000 1.4856 1.5511 3.6922 1.4702 1.5465 1.8669 -7.4062 -3.2462
Car -1 -1 -2.5010 234.7168 169.2718 283.9865 185.7329 1.5010 1.6356 3.9129 -32.5502 1.1741 66.9662 -2.9520 -3.5800
Car -1 -1 -4.1339 18.0933 173.1938 89.9525 199.5163 1.7203 1.7865 4.3884 -38.0373 1.7443 49.4684 -4.7869 -4.0982
Car -1 -1 -4.8986 791.4586 177.2780 835.7175 205.6624 1.4248 1.5753 3.9284 10.8679 1.6753 38.8730 -4.6284 -4.1128
Car -1 -1 -4.6279 155.9077 175.5898 181.4470 193.5962 1.5307 1.6071 3.8948 -39.1789 1.7814 64.0784 -5.1750 -4.2115
Car -1 -1 -7.3716 377.0724 174.8925 421.3188 197.0534 1.7707 1.7179 4.3778 -17.6090 1.9475 60.3927 -7.6544 -4.3889
Car -1 -1 -8.6506 1120.3643 176.2301 1231.3262 213.3046 1.5912 1.6585 4.0203 26.0527 1.7574 33.4581 -7.9937 -4.4888
Car -1 -1 -5.4784 1097.9860 174.4310 1241.0000 222.4105 1.5097 1.6471 3.9361 19.0928 1.5683 24.8897 -4.8301 -4.7023
Car -1 -1 -5.0594 0.0000 177.3858 35.8976 203.1733 1.6024 1.8616 4.3491 -39.8652 1.9117 47.4001 -5.7560 -4.7275
Car -1 -1 -4.7070 324.0302 176.7688 348.7303 197.4551 1.4438 1.6493 4.2924 -20.3092 1.7463 53.5274 -5.0683 -4.7335
Car -1 -1 -8.4665 875.7957 176.2195 945.3946 203.5846 1.4487 1.6455 3.9562 16.8875 1.6487 40.8277 -8.0772 -4.8163
Car -1 -1 -4.5708 699.0694 174.0732 736.6948 200.1183 1.5343 1.7399 4.2960 6.7449 1.6140 45.0272 -4.4235 -4.9076
Car -1 -1 -4.5018 739.1592 176.2805 782.7234 204.8300 1.4140 1.5473 3.5875 7.9840 1.6042 38.1596 -4.2976 -4.9940
Car -1 -1 -7.8423 1115.0459 180.3601 1241.0000 284.2786 1.5267 1.6850 4.5571 10.3973 1.6883 13.2467 -7.1882 -5.0387
Car -1 -1 -3.1348 500.6736 173.9597 556.4788 197.5735 1.7117 1.6548 4.0438 -6.0463 1.7949 53.4353 -3.2473 -5.0897
Car -1 -1 -6.2313 808.0497 173.5769 905.1064 203.5216 1.4307 1.7840 4.5079 12.3237 1.4683 36.2120 -5.9061 -5.0979
Car -1 -1 -4.4546 154.4779 177.2740 197.4328 202.2616 1.5086 1.5229 3.4192 -27.6939 1.8019 46.0724 -4.9934 -5.1529
Car -1 -1 -5.1044 692.4397 175.8593 749.6290 202.4314 1.3981 1.7126 4.1609 6.1527 1.5765 40.6918 -4.9559 -5.2607
Car -1 -1 -4.5799 570.4972 175.1459 596.7262 198.5422 1.6913 1.4711 4.0055 -1.9917 1.8710 54.6266 -4.6166 -5.4551
Car -1 -1 -5.3661 163.9131 170.9853 223.7709 190.2942 1.6125 1.8253 4.9556 -35.8177 1.4561 62.0509 -5.8880 -5.5571
Car -1 -1 -5.0973 705.8222 175.3647 753.6211 198.2597 1.4257 1.6985 4.0540 7.8006 1.5984 47.5693 -4.9362 -5.5987
Car -1 -1 -4.6693 770.7590 176.4748 803.1534 204.8875 1.4456 1.5632 3.6269 9.6023 1.6517 39.1697 -4.4311 -5.5990
Car -1 -1 -2.2719 0.0000 185.5754 0.0000 313.6118 1.5008 1.7144 4.5776 -11.2163 1.6844 9.5327 -3.1243 -5.6178
Car -1 -1 -4.5692 539.7609 178.6397 573.9617 202.7867 1.3345 1.4974 3.7862 -3.1408 1.6926 42.7483 -4.6425 -5.7298
Car -1 -1 -5.6264 1107.3312 169.9589 1241.0000 214.0652 1.5277 1.6317 3.8915 21.0607 1.4271 27.0813 -4.9710 -5.7365
Car -1 -1 -5.6466 1030.1407 173.7570 1160.8488 216.7760 1.5330 1.6397 3.9995 18.6258 1.5704 27.9632 -5.0642 -5.7485
Car -1 -1 -7.8746 362.5399 178.1832 432.1606 241.0984 1.5811 1.7402 4.3753 -6.2406 1.7524 20.8794 -8.1621 -5.7772
Car -1 -1 -8.3321 1181.1149 167.7195 1241.0000 281.2503 1.4195 1.5908 3.8928 10.6360 1.3550 11.1099 -7.5820 -5.7931
Car -1 -1 -8.1224 852.4314 175.9472 934.7025 223.4728 1.4788 1.6745 3.6241 9.5055 1.5919 24.5801 -7.7580 -5.7980
Car -1 -1 -5.0812 703.2133 176.1767 768.4987 207.6678 1.4782 1.7575 4.4781 6.2771 1.6580 36.7383 -4.9138 -5.8417
Car -1 -1 -4.6324 13.9855 177.6971 49.5452 199.3175 1.4472 1.6499 4.0538 -41.1696 1.8063 51.4000 -5.3054 -5.8867
Car -1 -1 -5.0724 837.3455 173.8203 896.9262 202.6304 1.4280 1.6078 4.0482 13.3998 1.4812 37.9423 -4.7357 -5.8867
Car -1 -1 -4.5115 0.0000 177.2274 0.0000 203.9300 1.5707 1.6949 4.2355 -41.3854 1.8594 45.4342 -5.2475 -5.8867
Car -1 -1 -4.8948 737.7360 175.4623 775.2560 199.5074 1.4119 1.5810 3.9243 9.0036 1.5806 44.7699 -4.6980 -5.8867
Car -1 -1 -7.7056 884.5556 176.0675 965.6514 233.2608 1.5665 1.7753 3.5416 9.5986 1.6728 21.9574 -7.2990 -5.9056
Car -1 -1 -4.6941 533.4580 178.5876 552.0605 196.4605 1.4804 1.5494 3.7820 -5.8656 1.9959 62.9564 -4.7870 -5.9245
Car -1 -1 -5.2030 892.6279 173.5627 966.9807 203.7581 1.4119 1.6108 4.1289 15.7951 1.4490 35.9592 -4.7925 -5.9625
Car -1 -1 -5.8960 805.5114 176.9018 869.3958 201.2547 1.5005 1.5984 3.6168 14.6991 1.7727 46.8104 -5.5939 -6.0190
Car -1 -1 -7.7976 710.0184 174.9974 778.2371 234.6846 1.6497 1.8511 4.4544 4.2254 1.7233 22.4964 -7.6151 -6.0657
Car -1 -1 -7.6922 332.3382 177.3923 433.8147 257.0853 1.6537 1.6584 4.1080 -5.3613 1.7761 17.3630 -7.9880 -6.0682
