Car -1 -1 -8.0046 671.8878 177.4178 724.4982 218.7349 1.4761 1.5264 3.2183 3.2919 1.6619 27.7741 -7.8885 7.6638
Car -1 -1 -8.3292 828.9162 196.3331 1241.0000 374.0000 1.3193 1.5233 3.6016 3.2533 1.5884 6.4572 -7.8818 7.4480
Car -1 -1 -8.1852 782.8986 177.9945 856.7852 220.6822 1.4022 1.5148 3.3278 7.3783 1.5979 25.8147 -7.9104 6.3613
Car -1 -1 -8.4197 917.8902 180.7941 1141.0955 273.3007 1.4468 1.6535 4.1146 7.6350 1.6210 13.7558 -7.9228 5.2719
Car -1 -1 -2.5814 234.1195 170.7452 284.7165 187.0458 1.4894 1.6448 3.9558 -32.5354 1.2964 66.9613 -3.0323 -3.0213
Car -1 -1 -7.5946 858.2654 179.5020 1094.6929 332.9872 1.4416 1.6634 4.1117 4.7014 1.5440 9.0490 -7.1296 -3.2419
Car -1 -1 -4.4957 714.0342 175.0131 742.5763 193.7138 1.5022 1.5614 3.9294 9.9355 1.6895 60.5642 -4.3342 -3.2845
Car -1 -1 -4.1621 20.8572 174.0546 88.9103 200.5469 1.7312 1.7512 4.2134 -38.0384 1.8170 49.5346 -4.8145 -3.4772
Car -1 -1 -3.3588 1069.0724 177.9008 1168.6326 211.3111 1.5372 1.6352 3.6845 24.6087 1.7926 35.0947 -2.7517 -3.6521
Car -1 -1 -4.5734 0.0000 180.3849 28.3210 203.3889 1.4533 1.5839 3.2306 -40.4381 1.9784 48.5480 -5.2654 -3.7596
Car -1 -1 -4.6886 168.2698 176.0666 195.7867 196.8834 1.4543 1.6438 4.0924 -31.5837 1.7009 53.2687 -5.2218 -3.8731
Car -1 -1 -4.9448 0.0000 177.6966 9.5718 205.3074 1.6920 1.9004 4.2264 -40.9671 2.0201 46.9236 -5.6598 -4.2391
Car -1 -1 -8.8450 1186.4692 178.2069 1241.0000 374.0000 1.4809 1.4838 3.3082 3.4741 1.5069 1.8703 -7.8322 -4.2984
Car -1 -1 -7.7942 963.6485 175.7921 1060.3254 248.9283 1.4233 1.7058 4.1652 9.1932 1.4990 16.4373 -7.2924 -4.3481
Car -1 -1 -4.7006 148.2675 175.3196 170.8630 193.6100 1.5233 1.6159 3.9162 -39.1633 1.7445 62.7488 -5.2569 -4.4075
Car -1 -1 -4.9603 26.9062 173.2742 93.9326 206.4367 1.4963 1.6015 4.0967 -26.3563 1.5172 34.5091 -5.6089 -4.4624
Car -1 -1 -4.7843 884.6232 175.6478 927.5117 209.3764 1.5580 1.6651 3.9623 14.5960 1.7047 35.8248 -4.4007 -4.5825
Car -1 -1 -4.6421 127.9800 174.2239 159.7507 196.0843 1.4831 1.6083 4.1343 -33.2066 1.5847 51.4284 -5.2133 -4.6449
Car -1 -1 -4.8042 762.6958 174.6620 792.2643 200.8835 1.6558 1.5637 3.6552 11.0094 1.7799 47.7419 -4.5793 -4.7435
Car -1 -1 -8.4938 1137.7480 175.8926 1233.7225 212.8817 1.5868 1.6248 3.5435 26.2023 1.7332 33.0399 -7.8281 -4.7454
Car -1 -1 -4.6065 560.0687 176.7484 592.5020 202.5383 1.4713 1.5922 3.5317 -2.0306 1.7157 43.5205 -4.6533 -4.8307
Car -1 -1 -5.5536 174.6074 174.4200 226.8512 191.7631 1.4526 1.6303 3.7710 -35.0929 1.5892 61.8503 -6.0680 -4.9179
Car -1 -1 -4.9480 668.5211 174.8416 712.5606 200.3609 1.5251 1.7998 4.3235 5.0087 1.6570 45.7327 -4.8401 -4.9247
Car -1 -1 -4.8367 780.7321 174.5615 824.2759 205.6384 1.5735 1.7429 4.2046 10.2930 1.6706 38.9723 -4.5808 -5.1607
Car -1 -1 -5.0166 105.0491 176.2171 147.2932 195.4390 1.5527 1.7746 4.2677 -40.9632 1.8463 61.0234 -5.6059 -5.1714
Car -1 -1 -4.6512 788.2755 175.0437 830.4185 207.1042 1.4557 1.7448 4.3006 9.7895 1.5698 35.3944 -4.3840 -5.2698
Car -1 -1 -5.0656 657.4897 174.2981 692.7639 191.3492 1.4096 1.6319 4.3228 5.5569 1.5387 62.3385 -4.9774 -5.2869
Car -1 -1 -7.8665 726.2360 173.9465 751.2999 197.9066 1.4750 1.5294 3.7730 8.2473 1.5483 46.5854 -7.6928 -5.3525
Car -1 -1 -7.9317 681.7444 178.6444 717.7349 207.9505 1.4403 1.5758 3.9392 4.6690 1.7631 38.2537 -7.8117 -5.3914
Car -1 -1 -4.8701 687.9064 174.5624 726.1561 197.5042 1.4177 1.7749 4.5337 6.2572 1.5346 47.2194 -4.7396 -5.4902
Car -1 -1 -4.8208 114.5776 177.5124 154.3182 204.6763 1.5576 1.6059 4.0612 -29.1720 1.8559 44.1641 -5.4020 -5.5032
Car -1 -1 -7.7401 589.0306 173.6365 622.2063 201.0655 1.6835 1.7536 3.3697 -0.2779 1.7352 46.1552 -7.7465 -5.5114
Car -1 -1 -5.9353 0.0000 0.0000 1241.0000 374.0000 1.4810 1.6092 3.8682 4.9764 1.3984 1.9210 -4.7834 -5.6490
Car -1 -1 -4.6713 496.5432 179.1198 515.7132 197.1165 1.4879 1.5098 3.4505 -9.0259 2.0477 62.6974 -4.8141 -5.6602
Car -1 -1 -4.7465 535.0719 177.2465 553.9662 195.3047 1.4990 1.5063 3.7132 -5.7434 1.8926 62.7723 -4.8378 -5.6647
Car -1 -1 -5.0989 766.3456 174.0929 820.3409 201.1578 1.4962 1.6358 4.0584 10.6174 1.5720 42.2061 -4.8545 -5.6735
Car -1 -1 -8.1584 967.3164 174.8654 1069.0311 224.3796 1.3500 1.5753 3.7899 12.1693 1.4162 21.8491 -7.6563 -5.7334
Car -1 -1 -5.1174 816.7487 176.5900 883.8909 208.7969 1.5293 1.7310 4.1800 12.1643 1.7313 36.9210 -4.8020 -5.7371
Car -1 -1 -7.8343 358.7401 179.1954 427.3968 241.3663 1.5520 1.7065 4.4172 -6.2545 1.7556 20.8486 -8.1228 -5.7423
Car -1 -1 -4.6673 511.6906 177.3937 536.3992 198.3284 1.3518 1.5085 3.9103 -5.8903 1.6753 49.4649 -4.7856 -5.7990
Car -1 -1 -5.5200 0.0000 0.0000 1241.0000 374.0000 1.4382 1.5312 3.5135 2.1265 1.5553 1.5350 -4.6618 -5.8188
Car -1 -1 -4.4413 427.2672 177.4906 465.7861 198.2288 1.3187 1.5373 3.9484 -11.0343 1.6448 48.7882 -4.6629 -5.8434
Car -1 -1 -4.3760 528.0655 178.2004 571.8797 203.5556 1.3965 1.4840 3.5401 -3.5208 1.7248 42.4417 -4.4587 -5.8503
Car -1 -1 -4.6620 681.8243 173.5116 704.1812 191.2040 1.4201 1.6497 4.2687 6.9446 1.4769 60.3236 -4.5483 -5.8547
Car -1 -1 -4.8642 687.0503 175.3786 716.3682 194.8298 1.4181 1.6089 4.1315 6.9501 1.6183 55.2314 -4.7400 -5.8643
Car -1 -1 -4.7649 689.0356 174.0322 709.6071 190.0393 1.3532 1.5808 3.8606 7.7804 1.4594 63.2678 -4.6435 -5.8867
Car -1 -1 -4.5888 518.0115 176.7641 543.7779 194.8189 1.3620 1.5642 3.9034 -6.2683 1.6825 57.2428 -4.6978 -5.8867
Car -1 -1 -3.5047 0.0000 188.9644 0.0000 374.0000 1.4918 1.6029 3.9533 -7.0821 1.5924 2.5307 -4.6975 -5.8867
Car -1 -1 -4.6705 125.7467 175.9465 151.0323 193.9001 1.5055 1.6829 4.2034 -41.4975 1.7870 63.5130 -5.2475 -5.8867
Car -1 -1 -4.6237 9.9371 177.7013 46.3696 199.1031 1.4213 1.6445 4.0566 -41.1303 1.7783 51.0336 -5.2996 -5.8867
Car -1 -1 -5.0729 799.5706 176.0961 856.1098 203.5995 1.4486 1.6281 4.2829 12.1737 1.6411 40.7152 -4.7848 -5.9694
Car -1 -1 -7.8969 146.9366 168.6837 184.1692 198.3474 1.7978 1.8438 4.3075 -28.4202 1.5447 46.0304 -8.4476 -5.9745
Car -1 -1 -5.0905 165.8600 170.0704 213.5213 197.5379 1.7167 1.5951 3.2166 -27.2590 1.5424 46.7164 -5.6164 -6.1904
Car -1 -1 -4.9383 1029.5184 175.4672 1114.4214 220.7399 1.5122 1.7296 4.0508 16.8241 1.6160 26.5507 -4.3789 -6.2401
Car -1 -1 -4.7338 326.7681 176.0965 349.4611 199.3969 1.6463 1.4965 3.7977 -20.2458 1.8960 53.5889 -5.0936 -6.2528
Car -1 -1 -4.9211 989.7974 172.8561 1068.3191 220.5353 1.6229 1.7280 3.7646 15.2998 1.6227 26.6150 -4.4046 -6.2914
Car -1 -1 -7.6460 329.3799 179.9295 435.6652 256.7650 1.6059 1.6323 4.0723 -5.4352 1.7984 17.5675 -7.9425 -6.2945
Car -1 -1 -5.2461 0.0000 179.2297 9.6166 257.0714 1.5228 1.8229 4.5954 -15.9182 1.6752 15.8211 -6.0261 -6.4274
Car -1 -1 -5.6182 0.0000 193.5707 6.8098 345.2101 1.6197 1.7464 4.0326 -10.6345 1.9198 9.2500 -6.4587 -6.5432
Car -1 -1 -8.2241 782.9893 173.4037 826.1985 195.8270 1.4614 1.5820 3.7310 13.1467 1.5000 49.0623 -7.9642 -6.6350
Car -1 -1 -5.3295 377.1848 175.1605 423.9194 196.7184 1.6808 1.8435 3.6932 -17.0297 1.8736 58.5278 -5.6117 -7.0116
