Car -1 -1 -8.2956 833.4252 186.3936 1113.7341 348.8152 1.4232 1.5044 3.2311 3.7796 1.6080 8.2293 -7.8797 8.1361
Car -1 -1 -8.5601 1132.0927 188.8040 1241.0000 357.2032 1.3661 1.5519 3.4909 7.6948 1.5812 7.9669 -7.8111 3.3776
Car -1 -1 -8.0688 659.1189 173.6468 686.1743 190.0388 1.4566 1.6506 4.0385 5.7104 1.5316 66.4278 -7.9838 1.1936
Car -1 -1 -2.5417 235.1330 169.9603 285.5557 187.2842 1.5798 1.6730 3.9565 -32.4324 1.3156 66.9208 -2.9916 -2.2254
Car -1 -1 -2.2467 324.7263 176.3007 388.4055 201.3976 1.5412 1.6453 4.1516 -16.4186 1.7720 46.5982 -2.5840 -2.4658
Car -1 -1 -4.6812 116.6740 179.1433 141.5506 198.8689 1.6046 1.6576 3.7802 -41.3374 2.1629 62.0403 -5.2671 -2.8355
Car -1 -1 -7.8896 379.8087 177.6285 407.0757 200.7660 1.4228 1.5800 3.4017 -14.1661 1.7458 47.0023 -8.1810 -3.2870
Car -1 -1 -8.0424 672.0251 171.8385 699.4792 188.0504 1.4662 1.8248 3.9891 7.0106 1.3741 67.3226 -7.9394 -3.4394
Car -1 -1 -4.8614 797.7336 175.8120 840.6417 204.4070 1.4424 1.5978 4.2333 11.2185 1.6112 39.0533 -4.5841 -3.5922
Car -1 -1 -4.7041 589.9048 176.5132 621.8886 206.3281 1.5246 1.6574 3.9961 -0.2490 1.7342 39.3873 -4.7109 -3.6579
Car -1 -1 -4.5827 587.3386 175.4351 620.7964 201.4562 1.5597 1.6381 3.8293 -0.3678 1.7298 45.6447 -4.5912 -4.2534
Car -1 -1 -2.8652 759.7186 175.3153 828.7623 205.4715 1.5018 1.6669 3.1620 9.5817 1.6352 37.6905 -2.6186 -4.3331
Car -1 -1 -4.5890 129.0216 181.4674 156.8106 201.0927 1.5521 1.5346 3.5280 -39.2657 2.2991 60.6749 -5.1616 -4.4559
Car -1 -1 -8.7464 1117.0719 175.4876 1231.1239 213.2336 1.6175 1.6142 4.0197 25.9007 1.7468 33.3614 -8.0909 -4.4836
Car -1 -1 -4.9290 642.8192 179.7075 672.4373 200.2495 1.4979 1.5340 3.6243 3.6205 2.0457 55.7940 -4.8650 -4.8412
Car -1 -1 -7.7152 868.3641 175.9943 1015.6151 291.1104 1.4566 1.6197 3.5393 5.1899 1.5133 11.1640 -7.2909 -4.8875
Car -1 -1 -2.2923 372.9597 170.5258 425.0215 193.0136 1.7681 1.7566 4.1461 -17.1720 1.5848 58.5833 -2.5764 -4.9301
Car -1 -1 -8.2627 866.7695 175.2594 931.2935 209.7932 1.6765 1.6687 3.8823 14.8051 1.8070 37.2713 -7.8878 -4.9428
Car -1 -1 -6.6348 809.0695 176.9503 902.1713 206.7412 1.4717 1.6897 4.1660 12.4359 1.6854 36.7971 -6.3118 -5.0117
Car -1 -1 -4.7138 147.2503 174.4593 176.7393 194.9809 1.4121 1.7533 4.5014 -32.5534 1.5337 52.3954 -5.2677 -5.0548
Car -1 -1 -4.8982 0.0000 176.9692 16.7406 202.1429 1.5400 1.8861 4.2903 -40.3563 1.8190 46.8980 -5.6061 -5.0681
Car -1 -1 -6.6932 581.2671 173.3174 638.4427 193.9650 1.6230 1.7717 4.2810 -0.0365 1.6613 58.4580 -6.6942 -5.1309
Car -1 -1 -7.9141 366.7261 179.8269 423.6988 227.8113 1.4817 1.6461 4.3068 -7.6332 1.7477 25.2545 -8.2052 -5.2607
Car -1 -1 -7.7797 892.0739 177.2870 983.6505 249.7064 1.3530 1.5734 3.5230 7.1285 1.4606 15.6393 -7.3597 -5.3224
Car -1 -1 -3.9945 162.5405 172.0089 219.7633 194.6675 1.6006 1.5526 3.7394 -30.7016 1.5406 52.9525 -4.5179 -5.3780
Car -1 -1 -5.1890 726.6129 173.4963 770.5615 193.4008 1.4971 1.6932 4.0802 10.7928 1.5491 56.6070 -5.0019 -5.4852
Car -1 -1 -3.0966 534.4013 174.1704 599.6594 199.0144 1.8167 1.8231 4.7806 -3.1916 1.9163 53.8079 -3.1560 -5.5243
Car -1 -1 -5.6902 722.5707 172.0252 777.8469 193.8248 1.5760 1.5534 3.8532 10.4476 1.5158 54.0743 -5.5007 -5.6051
Car -1 -1 -4.7273 679.7502 175.9214 702.4034 195.4774 1.3582 1.5777 4.1191 5.8815 1.5919 52.9049 -4.6176 -5.6163
Car -1 -1 -4.7600 532.5038 178.3927 553.3647 196.7090 1.5129 1.6254 3.7366 -5.8813 2.0093 62.7483 -4.8535 -5.6410
Car -1 -1 -2.2546 0.0000 179.1243 33.4493 374.0000 1.3992 1.5554 4.0970 -5.9745 1.4415 4.0010 -3.2040 -5.6941
Car -1 -1 -4.6391 60.3828 176.3355 94.7323 197.9642 1.4759 1.6854 4.2391 -38.4974 1.7383 52.2009 -5.2723 -5.7189
Car -1 -1 -5.4890 1045.0217 173.5255 1164.0156 216.7646 1.5559 1.6231 3.7638 19.0221 1.5835 28.0248 -4.8979 -5.7434
Car -1 -1 -7.8612 914.7424 175.0671 992.8350 238.9767 1.4346 1.6300 4.0322 8.7115 1.4977 18.5193 -7.4282 -5.7706
Car -1 -1 -5.6303 1105.8296 170.7407 1241.0000 215.5912 1.5593 1.6293 3.8632 21.0471 1.4855 27.1626 -4.9767 -5.8040
Car -1 -1 -7.8859 501.2020 177.5610 529.6625 202.1627 1.6133 1.8267 4.7209 -6.7248 1.9602 50.7430 -8.0174 -5.8724
Car -1 -1 -4.5059 0.0000 178.1806 0.0000 204.6096 1.5488 1.6839 4.1922 -41.4954 1.9003 45.4177 -5.2433 -5.8867
Car -1 -1 -4.7687 651.2112 176.1810 673.4525 194.0342 1.3794 1.5703 3.9111 4.1824 1.6577 58.4486 -4.6980 -5.8867
Car -1 -1 -4.5449 0.0000 178.2967 30.4258 200.0745 1.4050 1.6432 4.1225 -41.5095 1.7972 49.8430 -5.2368 -5.8867
Car -1 -1 -4.8364 694.1439 176.0201 723.2740 196.7069 1.4056 1.5790 3.9254 6.9883 1.6403 51.5976 -4.7029 -5.8867
Car -1 -1 -4.6559 96.1131 180.0112 124.1814 199.6803 1.5307 1.6758 4.2614 -41.5801 2.1484 60.0474 -5.2597 -5.9107
Car -1 -1 -4.5986 140.5018 167.0944 179.5121 196.1021 1.8651 1.6974 4.8310 -30.4848 1.4945 48.9392 -5.1535 -5.9183
Car -1 -1 -7.7870 347.0063 182.3451 426.1963 250.9353 1.5101 1.6597 4.3411 -5.7525 1.7877 18.8239 -8.0802 -5.9206
Car -1 -1 -7.6061 919.4797 174.2605 1085.7333 271.2431 1.4936 1.7276 4.2773 7.3177 1.5235 13.3367 -7.1142 -5.9526
Car -1 -1 -4.7073 537.0140 178.2939 564.3242 203.3116 1.3701 1.5253 3.8461 -3.5100 1.7040 42.3503 -4.7899 -5.9928
Car -1 -1 -4.8038 323.1673 178.5144 349.9291 199.3790 1.4553 1.5151 3.7878 -20.3175 1.8904 53.4653 -5.1656 -6.0666
Car -1 -1 -4.6574 685.3387 174.3877 708.4838 192.8405 1.3830 1.5811 4.2173 6.8284 1.5078 56.6595 -4.5384 -6.1472
Car -1 -1 -4.6544 908.6128 172.1629 979.5981 227.3941 1.4752 1.6991 4.3972 10.0345 1.4564 21.6121 -4.2254 -6.3380
Car -1 -1 -5.1998 0.0000 179.6093 7.2925 257.1490 1.5015 1.8239 4.6193 -15.8812 1.6638 15.8059 -5.9791 -6.3976
Car -1 -1 -5.4733 0.0000 191.5176 8.9484 330.0328 1.5691 1.7714 4.2251 -10.7403 1.8358 9.3754 -6.3123 -6.4678
Car -1 -1 -5.2411 0.0000 181.1271 0.0000 299.8666 1.5487 1.7772 4.3799 -12.0167 1.6894 10.9488 -6.0607 -6.4779
Car -1 -1 -4.1962 305.8161 175.6157 362.7532 198.6712 1.4851 1.6451 4.4637 -18.8138 1.6826 49.3661 -4.5588 -6.4828
Car -1 -1 -5.2769 0.0000 180.3564 8.0785 273.7681 1.5348 1.8393 4.5472 -14.0433 1.6886 13.4472 -6.0741 -6.4937
Car -1 -1 -5.4983 627.5791 177.7371 664.1422 194.0172 1.3975 1.3943 3.2245 3.1693 1.8456 64.5950 -5.4499 -6.9214
