Car -1 -1 -8.2546 789.0253 181.6861 1077.0385 343.3614 1.4735 1.6063 4.0318 3.5056 1.6064 8.8425 -7.8896 7.8180
Car -1 -1 -8.0405 672.6083 181.3688 747.0465 232.1169 1.3334 1.5367 3.4450 2.8133 1.6054 21.3141 -7.9118 7.5199
Car -1 -1 -8.1295 740.2566 176.2787 801.2056 211.5177 1.4700 1.6070 4.1119 7.1376 1.6345 32.6107 -7.9164 6.8403
Car -1 -1 -7.9391 633.9214 177.1646 660.1385 197.2155 1.3396 1.5375 3.5533 2.5434 1.6534 50.7838 -7.8898 1.9653
Car -1 -1 -4.1692 693.3784 176.8105 748.5197 201.8627 1.5149 1.6644 4.0289 7.1351 1.7803 46.3696 -4.0180 -1.3344
Car -1 -1 -4.6767 128.9359 178.2213 152.5197 195.1326 1.3842 1.5739 3.5750 -40.4623 1.8612 62.2251 -5.2515 -2.9205
Car -1 -1 -5.0061 156.3943 175.6381 200.2801 196.6094 1.4649 1.6465 4.1100 -31.7140 1.6764 52.9216 -5.5439 -3.0012
Car -1 -1 -2.5709 234.4689 170.5805 284.8696 187.2294 1.5202 1.6551 3.9379 -32.5028 1.3123 66.9408 -3.0216 -3.0330
Car -1 -1 -2.8648 591.2291 178.0170 692.8652 215.4897 1.5184 1.6305 4.0789 1.3449 1.7503 31.0401 -2.8226 -3.0542
Car -1 -1 -4.3687 871.3943 179.6615 923.8324 206.7368 1.4590 1.6186 3.9001 16.6936 1.8727 41.8862 -3.9924 -3.2820
Car -1 -1 -7.9723 675.5385 180.5899 721.8361 214.7925 1.3631 1.5603 3.6622 3.7598 1.7193 31.4163 -7.8549 -3.7759
Car -1 -1 -4.6352 0.0000 179.1860 12.8172 202.7496 1.4712 1.6308 3.8902 -41.1490 1.9120 48.2065 -5.3391 -3.7879
Car -1 -1 -4.2486 23.0855 172.6367 86.3812 198.5458 1.6950 1.7268 4.2134 -37.9779 1.6805 49.4358 -4.9012 -4.0214
Car -1 -1 -4.7497 797.9238 176.4255 831.5571 204.9539 1.4427 1.5845 4.1810 11.0504 1.6477 39.2600 -4.4777 -4.0852
Car -1 -1 -5.3078 327.0636 175.6441 388.8075 202.3074 1.6620 1.6823 4.3380 -16.6036 1.8524 47.3568 -5.6436 -4.1708
Car -1 -1 -4.9768 692.8018 175.9536 752.7978 207.2339 1.4448 1.8152 4.5796 5.5253 1.6101 36.1772 -4.8269 -4.1871
Car -1 -1 -4.6224 146.6360 175.4934 173.8306 194.4627 1.5770 1.6431 4.0794 -39.1196 1.8144 62.7857 -5.1779 -4.3270
Car -1 -1 -4.5672 704.5430 173.6941 741.9297 201.8455 1.5852 1.6052 4.3051 6.7689 1.6377 43.0594 -4.4127 -4.3811
Car -1 -1 -4.9628 718.1843 170.9721 752.0182 194.6333 1.7339 1.5965 3.9505 9.4467 1.5957 54.9077 -4.7937 -4.4306
Car -1 -1 -2.9401 750.9798 174.6891 829.4753 204.5660 1.4894 1.5383 3.7442 9.3593 1.5886 37.6500 -2.6988 -4.6900
Car -1 -1 -5.5687 168.1534 171.0547 229.6362 188.3633 1.4539 1.7386 4.5638 -35.2817 1.3025 61.9108 -6.0850 -4.8080
Car -1 -1 -4.2043 534.7908 175.8741 595.3350 201.1537 1.4046 1.6632 4.4156 -2.6456 1.5942 43.0031 -4.2658 -5.0032
Car -1 -1 -4.5524 133.9950 173.9059 171.5294 194.9150 1.4395 1.6277 4.1820 -32.8637 1.5181 51.9041 -5.1147 -5.0580
Car -1 -1 -4.2790 666.1107 175.2023 718.3890 201.8083 1.5302 1.6823 3.9137 5.0226 1.6798 43.9781 -4.1665 -5.2178
Car -1 -1 -4.8208 832.1415 172.9270 896.5142 218.7463 1.5911 1.8124 4.2620 9.4899 1.5938 27.3406 -4.4906 -5.2553
Car -1 -1 -2.0119 95.4771 176.7364 146.3440 194.8122 1.4581 1.9074 4.3003 -41.3465 1.7961 60.9459 -2.6061 -5.3138
Car -1 -1 -3.8539 249.1647 174.5817 332.5964 204.4713 1.6152 1.5929 4.4328 -18.3421 1.7201 41.6056 -4.2670 -5.3912
Car -1 -1 -4.7029 497.1176 179.2610 515.2726 197.4624 1.5011 1.5169 3.5046 -9.0183 2.0733 62.6383 -4.8457 -5.4446
Car -1 -1 -5.1287 653.9068 174.1246 701.9365 198.6792 1.6990 1.7357 4.6771 4.8642 1.7959 52.6767 -5.0376 -5.4532
Car -1 -1 -4.6168 571.8239 175.8336 597.1959 198.6756 1.6404 1.5184 4.2868 -1.9199 1.8745 54.5730 -4.6522 -5.4562
Car -1 -1 -4.9905 694.4496 175.2469 730.4898 194.6838 1.3910 1.5931 4.1685 7.6402 1.5781 54.3458 -4.8519 -5.5366
Car -1 -1 -4.9035 821.6486 173.5359 905.2424 226.8413 1.5941 1.7703 4.3722 8.2229 1.6186 23.9223 -4.5768 -5.5506
Car -1 -1 -4.8449 757.7444 175.1079 793.6052 198.5178 1.4021 1.6230 4.5478 10.4705 1.5528 46.0017 -4.6229 -5.5857
Car -1 -1 -4.8699 320.3936 177.6864 352.7247 200.0335 1.5485 1.5810 4.2571 -20.2263 1.9196 53.2075 -5.2318 -5.6022
Car -1 -1 -7.7850 348.0562 181.8342 423.1015 249.8990 1.4810 1.5330 3.8786 -5.6373 1.7342 18.3054 -8.0802 -5.6182
Car -1 -1 -4.5075 738.1933 174.7988 783.0845 201.7943 1.4630 1.6556 4.6155 8.7670 1.5822 41.9013 -4.3031 -5.6666
Car -1 -1 -4.5732 701.7865 174.0455 749.6146 211.7556 1.5972 1.6338 3.8553 5.2663 1.6544 32.7734 -4.4158 -5.6684
Car -1 -1 -4.9351 542.5437 176.4888 578.7036 198.0672 1.3998 1.5703 4.3181 -3.4908 1.6623 49.8736 -5.0050 -5.6839
Car -1 -1 -7.1428 803.8878 175.7764 878.6047 204.8277 1.4431 1.5530 3.9297 12.1183 1.6030 37.8738 -6.8359 -5.7187
Car -1 -1 -6.2330 322.5840 183.0956 563.0315 294.0947 1.3897 1.5454 3.0841 -2.3410 1.5493 10.2447 -6.4531 -5.8155
Car -1 -1 -2.4047 371.5482 173.7307 427.0200 196.8120 1.8139 1.8436 4.1652 -17.1362 1.8869 58.5769 -2.6883 -5.8424
Car -1 -1 -3.4704 0.0000 176.9798 30.5172 204.1168 1.6286 1.6271 3.7109 -39.5120 1.9024 45.9255 -4.1781 -5.8585
Car -1 -1 -4.8304 674.5809 174.2630 707.9931 200.0872 1.6287 1.6954 4.3035 5.3139 1.7262 47.9013 -4.7210 -5.8744
Car -1 -1 -3.5047 0.0000 189.1917 0.0000 374.0000 1.4922 1.6030 3.9534 -7.0821 1.5943 2.5306 -4.6975 -5.8867
Car -1 -1 -4.6443 11.7372 177.1912 46.7319 198.7440 1.4349 1.6477 4.0529 -41.0536 1.7542 51.0305 -5.3194 -5.8867
Car -1 -1 -7.9012 364.2827 179.6181 426.9628 237.9973 1.5586 1.6281 3.9207 -6.6163 1.7832 21.8736 -8.1921 -6.0009
Car -1 -1 -4.6986 548.1882 172.0285 570.8519 195.9444 1.7326 1.6396 4.4510 -3.8146 1.6725 54.5410 -4.7685 -6.0048
Car -1 -1 -8.2139 838.4394 172.8908 944.8887 226.7965 1.3934 1.5492 3.7821 7.8313 1.3943 20.5458 -7.8550 -6.0058
Car -1 -1 -4.5585 884.1794 173.5517 940.1445 211.9112 1.4560 1.5304 4.0466 12.3995 1.4864 29.5911 -4.1656 -6.0483
Car -1 -1 -8.5691 827.4238 155.2012 1010.1390 244.6633 1.8071 1.6807 3.9402 6.8979 1.4502 16.7107 -8.1844 -6.0544
Car -1 -1 -5.1447 519.3524 176.6573 554.1082 194.9616 1.5170 1.5375 3.8290 -6.4196 1.8579 62.6847 -5.2467 -6.1366
Car -1 -1 -5.3327 0.0000 186.1025 1.4208 327.3571 1.5863 1.8105 4.4365 -10.8922 1.7806 9.4575 -6.1744 -6.5015
Car -1 -1 -5.3695 0.0000 190.8447 14.1234 309.8304 1.5703 1.7794 4.2939 -11.8807 1.8705 10.9542 -6.1832 -6.5908
Car -1 -1 -7.3634 146.6765 167.8087 216.0803 198.1196 1.8754 1.6736 5.1351 -27.9721 1.5629 47.2423 -7.8957 -8.3003
