Car -1 -1 -8.1266 729.5656 186.8071 883.4387 283.4974 1.3378 1.5609 3.5240 3.1058 1.6096 12.2847 -7.8857 7.9972
Car -1 -1 -7.9829 650.5381 176.9354 687.6553 207.2124 1.4782 1.4904 3.3133 2.9803 1.6989 37.3764 -7.9045 5.4453
Car -1 -1 -8.2364 820.1224 179.5263 928.7859 233.3605 1.3793 1.6032 3.8310 7.4762 1.5905 20.9188 -7.8983 4.6518
Car -1 -1 -8.1052 735.7855 177.3265 785.6057 209.4337 1.4193 1.4955 3.3778 7.0236 1.6410 34.1001 -7.9043 3.9801
Car -1 -1 -8.8245 1122.7969 197.9625 1241.0000 374.0000 1.4310 1.5786 3.8530 3.6124 1.5725 2.1413 -7.8480 1.3920
Car -1 -1 -5.4200 1125.1746 177.5480 1227.0918 212.8422 1.5215 1.6277 3.8106 26.1630 1.7522 33.5655 -4.7626 -1.8753
Car -1 -1 -2.3350 315.9041 175.5615 387.4043 200.9075 1.5610 1.6954 4.5132 -16.7247 1.7421 46.5818 -2.6782 -2.7635
Car -1 -1 -2.5670 234.3401 170.5684 285.2477 187.6378 1.5576 1.6725 3.9793 -32.4804 1.3488 66.9186 -3.0174 -2.8747
Car -1 -1 -5.9267 0.0000 177.0627 68.8855 201.2518 1.5572 1.6495 3.7514 -38.8035 1.8467 48.2974 -6.6010 -3.4310
Car -1 -1 -8.6305 1142.5717 175.5415 1241.0000 254.8910 1.4622 1.6210 3.6909 13.5026 1.5260 15.3181 -7.9180 -3.5952
Car -1 -1 -6.6551 579.8495 177.3212 660.3932 206.6147 1.4817 1.6327 3.9641 0.4963 1.7283 38.4046 -6.6429 -3.6766
Car -1 -1 -7.8983 379.7134 176.8081 407.7827 200.2183 1.4612 1.6089 3.9600 -14.4176 1.7350 47.8913 -8.1895 -3.8697
Car -1 -1 -8.8829 1173.6553 179.2281 1241.0000 215.7789 1.4770 1.5869 3.8746 27.5427 1.7777 31.9755 -8.1768 -4.0361
Car -1 -1 -7.9157 810.0310 215.7582 1241.0000 374.0000 1.4065 1.5528 3.2475 1.8028 1.6434 2.2005 -7.2933 -4.2100
Car -1 -1 -7.0812 1148.7155 164.5219 1241.0000 228.1158 1.5959 1.6307 3.8999 16.6953 1.3865 19.0892 -6.3705 -4.2572
Car -1 -1 -4.5501 0.0000 178.2304 17.0127 201.9432 1.4816 1.6626 4.1069 -41.1503 1.8573 48.2645 -5.2535 -4.2726
Car -1 -1 -7.6288 45.5011 171.0439 101.5914 201.0810 1.6140 1.6827 4.0494 -30.4067 1.5164 40.9621 -8.2644 -4.3983
Car -1 -1 -4.6470 730.0135 174.2286 768.3651 206.3310 1.5964 1.7300 4.4211 7.4275 1.6738 38.4391 -4.4580 -4.4325
Car -1 -1 -4.6120 150.1663 175.7657 176.1041 193.5110 1.4795 1.5537 3.6843 -38.8861 1.7407 62.8076 -5.1647 -4.6217
Car -1 -1 -4.8615 748.0378 179.4685 799.1518 214.4599 1.3191 1.5223 3.5301 6.6254 1.6077 29.6987 -4.6446 -4.6852
Car -1 -1 -7.6908 872.5407 180.8740 909.0280 206.2503 1.4137 1.4996 3.5161 16.8396 1.9157 43.2910 -7.3226 -4.7369
Car -1 -1 -2.3809 99.4157 174.7028 163.2605 194.9392 1.6693 1.9797 4.3428 -40.5488 1.8291 61.1256 -2.9648 -4.8264
Car -1 -1 -8.0549 1160.5498 170.4240 1219.0977 206.1319 1.6770 1.6146 3.2925 28.5898 1.5626 35.7201 -7.3843 -4.9799
Car -1 -1 -5.1922 719.1461 176.5734 768.3395 200.9984 1.5159 1.5409 3.9152 8.7188 1.7714 47.5185 -5.0123 -5.0354
Car -1 -1 -7.9994 758.5118 176.5868 840.7258 236.8130 1.3883 1.5527 3.2288 4.7214 1.4925 18.5243 -7.7543 -5.3070
Car -1 -1 -6.6094 581.2468 172.9079 639.9172 194.3952 1.6931 1.8148 4.4009 0.0144 1.6973 58.4271 -6.6096 -5.3645
Car -1 -1 -4.7387 772.5830 175.6797 824.9709 219.1983 1.4091 1.6730 4.2505 6.6514 1.5191 25.9129 -4.4907 -5.6039
Car -1 -1 -4.8334 166.9147 174.2373 197.4264 194.3617 1.4287 1.5064 3.7432 -31.7340 1.5345 53.4333 -5.3673 -5.6554
Car -1 -1 -5.5369 16.7701 176.5520 94.4052 197.4236 1.4288 1.8303 4.2278 -39.0990 1.6950 50.8947 -6.1896 -5.6785
Car -1 -1 -4.6227 138.0858 173.5076 171.5260 193.9614 1.4075 1.6666 4.1530 -32.7988 1.4564 52.0237 -5.1831 -5.7313
Car -1 -1 -8.3434 1241.0000 169.4580 1241.0000 284.4187 1.4307 1.5934 3.8449 11.8517 1.3882 11.0549 -7.5368 -5.7627
Car -1 -1 -4.9851 744.3774 176.6530 787.7357 199.5595 1.3946 1.6230 4.3616 10.0451 1.6529 46.8944 -4.7758 -5.7828
Car -1 -1 -4.6584 809.4683 174.3323 866.2354 221.7326 1.4709 1.6548 3.9488 7.8023 1.5255 24.6621 -4.3560 -5.7967
Car -1 -1 -5.6370 1096.2999 170.1325 1236.6823 215.5216 1.5698 1.6686 3.9525 20.6808 1.4754 27.0844 -4.9904 -5.8040
Car -1 -1 -5.6057 1015.6563 172.0802 1139.9944 213.5290 1.5085 1.6258 3.9437 18.2237 1.4801 28.3892 -5.0401 -5.8361
Car -1 -1 -7.7819 355.0200 178.9644 425.6881 240.9926 1.5508 1.6167 4.3748 -6.2696 1.7462 20.8049 -8.0716 -5.8418
Car -1 -1 -7.7931 500.0085 177.7853 529.5875 202.4768 1.6266 1.7919 4.5281 -6.6839 1.9893 50.7818 -7.9237 -5.9429
Car -1 -1 -5.1333 775.0292 173.4786 845.8526 211.5736 1.4670 1.5295 3.3994 8.1143 1.4940 29.6436 -4.8691 -5.9862
Car -1 -1 -4.6468 0.0000 177.4947 0.0000 204.1242 1.5694 1.6889 4.3612 -41.3765 1.8764 45.5370 -5.3816 -5.9967
Car -1 -1 -7.7765 834.2159 175.7516 886.2383 216.3721 1.3939 1.5747 3.7395 9.3953 1.5105 27.0773 -7.4464 -6.1379
Car -1 -1 -5.0960 835.7977 177.8196 910.9457 214.4323 1.5248 1.8101 3.9782 11.7643 1.7630 32.6236 -4.7534 -6.1724
Car -1 -1 -5.5667 115.2792 181.6033 204.5857 206.9749 1.4007 1.5861 4.4403 -26.0582 1.9206 41.7594 -6.1220 -6.5195
Car -1 -1 -5.6146 0.0000 190.9860 6.7575 347.1257 1.6747 1.7621 4.0628 -10.6479 1.9372 9.2395 -6.4562 -6.5769
Car -1 -1 -7.9726 168.7719 168.9839 209.7423 200.0331 1.9439 1.8187 4.4611 -27.7682 1.7013 47.5031 -8.4993 -7.9060
