Car -1 -1 -8.3484 710.3325 175.8295 757.0541 199.9899 1.5862 1.6582 3.6078 8.4641 1.7995 49.8309 -8.1815 2.7408
Car -1 -1 -2.5565 238.0894 171.9086 284.0453 189.3208 1.6069 1.6021 3.5916 -32.7060 1.5193 67.6239 -3.0056 -1.2595
Car -1 -1 -4.6396 525.3126 179.1695 548.6058 199.5581 1.5011 1.5346 3.8288 -5.6915 2.0102 56.2581 -4.7404 -3.2708
Car -1 -1 -7.7361 259.1007 170.6090 282.8311 186.5037 1.5245 1.6709 3.9185 -33.4984 1.3089 71.3266 -8.1739 -3.2942
Car -1 -1 -6.8864 559.1300 178.4960 648.5165 214.8570 1.4666 1.5911 3.6169 -0.2870 1.7245 31.3196 -6.8961 -3.8954
Car -1 -1 -7.8550 590.8292 177.8118 626.6364 211.7075 1.4992 1.6132 4.0228 -0.1088 1.7500 34.5190 -7.8587 -3.9342
Car -1 -1 -5.4004 655.3203 177.6930 702.4888 200.0109 1.6264 1.6413 3.6753 5.2298 2.0111 55.4238 -5.3073 -4.3236
Car -1 -1 -4.6412 793.9214 174.7026 830.0834 204.4578 1.4673 1.5823 3.5934 10.5741 1.5688 37.7817 -4.3708 -4.3954
Car -1 -1 -5.4522 142.4470 177.1323 199.6822 199.2959 1.6493 1.6869 3.7401 -33.8071 1.9862 55.5452 -5.9970 -4.4360
Car -1 -1 -4.2429 60.5025 176.7754 109.7079 198.9938 1.5492 1.5385 3.3858 -38.3310 1.8452 52.7339 -4.8692 -4.4471
Car -1 -1 -5.0971 222.4132 178.2953 294.0608 215.9322 1.5251 1.5793 3.6097 -15.4557 1.7763 31.5514 -5.5496 -4.5308
Car -1 -1 -5.2339 828.7452 176.3432 876.6665 199.5433 1.4417 1.5865 3.1675 15.7513 1.6773 47.0637 -4.9132 -4.5557
Car -1 -1 -4.6651 574.4625 178.3019 597.3124 197.4672 1.4344 1.6308 3.7397 -1.9012 1.8783 56.9525 -4.6988 -4.5892
Car -1 -1 -3.7072 74.5720 175.2524 155.5991 198.0830 1.5865 1.7310 4.7331 -36.4069 1.7714 53.1844 -4.3053 -4.6172
Car -1 -1 -3.1195 102.8447 177.2936 192.4249 205.4418 1.6483 1.6424 4.6065 -28.6090 1.9350 44.7449 -3.6859 -4.6817
Car -1 -1 -4.3863 754.7307 176.6322 793.9733 199.7625 1.5252 1.4982 3.9206 11.4645 1.7992 50.3163 -4.1640 -4.8231
Car -1 -1 -5.2789 1103.4741 175.1061 1237.9800 223.2948 1.5316 1.7363 4.1380 19.3884 1.6168 25.2647 -4.6304 -4.8402
Car -1 -1 -7.5600 49.5356 175.9689 104.2818 204.1942 1.5005 1.5735 3.3242 -29.9570 1.6833 40.5900 -8.1928 -4.9179
Car -1 -1 -4.3056 550.5493 177.9881 598.9633 202.6179 1.4025 1.5755 3.7987 -2.1340 1.7299 43.9980 -4.3542 -5.0050
Car -1 -1 -5.1705 1197.9343 180.9024 1241.0000 230.2382 1.3713 1.5430 3.8293 20.4220 1.6479 22.7746 -4.4464 -5.0843
Car -1 -1 -4.5876 448.8592 176.4091 479.1636 196.7339 1.4455 1.6867 4.5558 -11.0002 1.7251 54.4670 -4.7862 -5.1335
Car -1 -1 -5.4448 1116.8214 174.0895 1236.9647 210.8789 1.5654 1.7724 4.4915 25.8325 1.6259 33.1630 -4.7877 -5.2530
Car -1 -1 -4.9898 729.1008 179.2251 767.0515 203.0887 1.4065 1.4425 3.4262 8.5804 1.8213 45.2442 -4.8041 -5.3254
Car -1 -1 -4.8234 761.1374 175.3273 798.9691 204.6153 1.4619 1.5520 3.5061 8.9059 1.5987 38.1566 -4.5962 -5.3478
Car -1 -1 -4.0219 260.7439 174.1104 444.8875 254.6018 1.5725 1.6590 4.1399 -5.6863 1.6046 16.3952 -4.3513 -5.3753
Car -1 -1 -1.9344 0.0000 183.0338 0.0000 274.6124 1.6277 1.7340 4.2093 -14.9432 1.8605 14.8562 -2.7138 -5.3881
Car -1 -1 -4.8907 629.6625 177.2847 665.1575 200.7688 1.3517 1.5122 3.8067 2.2158 1.6354 44.2645 -4.8415 -5.4534
Car -1 -1 -4.8538 547.3552 176.6623 577.3002 197.0388 1.3840 1.5768 4.1541 -3.5063 1.6698 52.0227 -4.9212 -5.5125
Car -1 -1 -4.7778 625.4180 175.8603 650.4681 194.6561 1.3834 1.6495 4.4061 2.1046 1.6259 56.0430 -4.7409 -5.6064
Car -1 -1 -4.4401 512.3669 178.5478 553.5948 203.4251 1.4092 1.5604 3.6411 -4.6501 1.7687 43.6773 -4.5460 -5.6089
Car -1 -1 -2.1558 0.0000 187.2439 13.0637 374.0000 1.4268 1.5657 3.9748 -6.0327 1.5251 4.0798 -3.1012 -5.6281
Car -1 -1 -5.1127 1092.2568 174.4042 1184.2937 216.6054 1.5453 1.6499 3.5560 20.6834 1.6103 28.4782 -4.4898 -5.6811
Car -1 -1 -4.8217 714.3669 177.7426 747.2484 201.4072 1.3682 1.5602 4.0262 7.3885 1.6841 44.6162 -4.6591 -5.7054
Car -1 -1 -4.4114 712.2856 175.5195 751.2560 196.2186 1.4936 1.6838 4.4858 9.3076 1.7055 55.0602 -4.2452 -5.7613
Car -1 -1 -4.7728 386.0457 173.6234 411.2911 197.9393 1.9292 1.7845 3.4563 -17.4161 1.9941 59.2952 -5.0576 -5.7714
Car -1 -1 -5.6116 999.4377 173.3316 1117.8895 213.0242 1.4746 1.5885 3.8773 17.8303 1.4949 28.9502 -5.0645 -5.8036
Car -1 -1 -4.4954 485.4228 178.3905 524.7485 202.8508 1.3673 1.5218 3.9325 -6.2743 1.7144 43.2622 -4.6390 -5.8314
Car -1 -1 -7.8675 358.3603 178.3836 428.4077 243.1343 1.6577 1.7771 3.9658 -6.3697 1.8349 20.9991 -8.1591 -5.8626
Car -1 -1 -4.7568 671.3330 177.3075 699.2520 201.5273 1.4036 1.5296 3.8846 4.5729 1.6903 44.5255 -4.6556 -5.8693
Car -1 -1 -4.4899 433.5555 179.1924 468.7402 200.5210 1.3967 1.5675 3.9439 -11.0800 1.8566 50.4028 -4.7056 -5.8742
Car -1 -1 -4.8272 692.4167 175.2234 718.3893 193.5195 1.3683 1.5664 3.9063 7.3990 1.5598 56.4361 -4.6979 -5.8867
Car -1 -1 -4.7536 639.7180 176.2661 663.7772 196.4619 1.3930 1.5746 3.9172 2.9691 1.6499 52.4052 -4.6978 -5.8867
Car -1 -1 -4.5918 518.4331 177.8673 547.2958 198.8435 1.4040 1.5778 3.9212 -5.4664 1.7732 51.2088 -4.6980 -5.8867
Car -1 -1 -4.6125 64.2306 177.9646 96.4191 197.4299 1.4419 1.6401 4.0261 -41.6245 1.8587 56.7299 -5.2434 -5.8867
Car -1 -1 -4.5996 526.7607 176.9928 550.9807 194.3636 1.3662 1.5646 3.9063 -5.8733 1.7193 59.6484 -4.6977 -5.8867
Car -1 -1 -4.5360 23.4980 177.9102 64.2447 199.0667 1.4603 1.6542 4.1070 -41.5961 1.8472 53.0561 -5.1986 -5.8867
Car -1 -1 -4.5137 612.1206 175.3125 640.9680 193.7287 1.4246 1.5911 3.9578 1.3496 1.6308 58.4842 -4.4911 -5.8867
Car -1 -1 -7.5649 152.0841 0.0000 1241.0000 374.0000 1.5359 1.5860 3.8015 -0.4938 1.5861 1.0056 -7.9392 -5.8867
Car -1 -1 -5.9534 0.0000 0.0000 1241.0000 374.0000 1.5026 1.6053 3.9576 6.1748 1.4833 1.7173 -4.6976 -5.8867
Car -1 -1 -8.6431 0.0000 0.0000 1048.4165 374.0000 1.5354 1.5856 3.8013 1.1143 1.5682 1.0056 -7.9392 -5.8867
Car -1 -1 -5.2606 1024.9680 172.2813 1123.5444 209.5638 1.4414 1.5883 3.9375 19.0440 1.4190 29.8763 -4.6979 -5.8867
Car -1 -1 -4.5758 0.0000 179.2094 39.8888 201.8175 1.4806 1.6630 4.1028 -41.4342 1.9458 50.6670 -5.2588 -5.8867
Car -1 -1 -8.4672 1241.0000 164.1833 1241.0000 303.6938 1.4318 1.5896 3.9026 11.4545 1.3425 9.4924 -7.6038 -5.9498
Car -1 -1 -4.3597 0.0000 180.1958 0.0000 245.1682 1.4041 1.6005 4.1229 -18.7330 1.6124 18.2975 -5.1496 -5.9854
Car -1 -1 -7.3884 1241.0000 175.9161 1241.0000 274.7930 1.4569 1.6154 4.1349 13.2775 1.5136 12.0717 -6.5680 -6.2106
Car -1 -1 -5.2245 0.0000 183.0009 10.0953 295.0663 1.5679 1.8246 4.5154 -12.5490 1.7540 11.8082 -6.0290 -6.4227
Car -1 -1 -4.9247 1241.0000 195.3332 1241.0000 374.0000 1.6974 1.9524 4.0871 5.4225 1.9022 4.3638 -4.0653 -7.4027
