Car -1 -1 -8.3949 719.0134 176.4739 764.3522 199.5399 1.4784 1.4532 3.4090 8.8100 1.7317 48.6805 -8.2174 4.6209
Car -1 -1 -2.5037 234.0636 169.8537 286.0066 186.7359 1.5532 1.7141 4.1837 -32.8009 1.2769 67.6176 -2.9539 -1.5189
Car -1 -1 -7.3868 905.8367 174.8448 961.3929 200.2190 1.4851 1.5750 3.8130 19.8702 1.6121 44.3299 -6.9683 -2.3294
Car -1 -1 -5.2421 0.0000 179.7603 49.7425 203.5914 1.5027 1.5752 3.6197 -39.0943 1.9717 47.6616 -5.9264 -2.7199
Car -1 -1 -4.3325 25.6520 174.1721 87.0327 199.7035 1.6551 1.7880 4.4923 -37.8571 1.7495 49.4277 -4.9836 -3.4365
Car -1 -1 -8.6060 854.2542 176.2090 952.2009 219.7567 1.4692 1.5566 3.1743 10.5922 1.5998 26.3766 -8.2285 -3.5085
Car -1 -1 -4.8161 747.3680 174.3630 778.3442 199.6785 1.6745 1.6895 3.9228 10.5187 1.7831 50.0080 -4.6104 -3.5354
Car -1 -1 -4.8195 0.0000 176.9057 6.6907 202.1977 1.5668 1.7274 4.0642 -41.0767 1.8437 47.3625 -5.5313 -3.7905
Car -1 -1 -4.6442 0.0000 174.7289 50.1114 207.3237 1.4457 1.6527 3.9871 -27.8673 1.5401 34.3520 -5.3220 -4.0475
Car -1 -1 -4.6045 587.8405 175.0936 621.8164 201.7718 1.6432 1.7473 4.5235 -0.3206 1.7966 47.1732 -4.6117 -4.1833
Car -1 -1 -5.2907 746.0173 173.9684 804.9596 200.5464 1.5911 1.6941 4.0202 10.3496 1.6645 45.5572 -5.0691 -4.3181
Car -1 -1 -2.2702 0.0000 174.9137 56.1892 197.8842 1.5299 1.7037 4.2089 -40.5972 1.6744 49.5051 -2.9546 -4.3498
Car -1 -1 -2.9879 236.1383 171.6438 290.7295 189.1897 1.5272 1.6955 4.1689 -30.8136 1.4216 64.2162 -3.4339 -4.3998
Car -1 -1 -4.5192 786.6015 174.9845 828.9678 204.7836 1.4768 1.5163 3.4830 10.3930 1.5940 37.9258 -4.2541 -4.4348
Car -1 -1 -5.0106 649.5881 175.9505 682.6603 196.8762 1.5795 1.5479 3.8157 4.3750 1.8329 57.0945 -4.9350 -4.5121
Car -1 -1 -5.8041 1112.1456 178.3873 1214.7430 211.3750 1.4461 1.6429 3.4934 26.1109 1.7230 34.2086 -5.1567 -4.5197
Car -1 -1 -4.7795 26.8506 176.4897 66.2901 201.6418 1.7000 1.9294 4.7091 -40.5584 1.9731 51.8617 -5.4408 -4.5997
Car -1 -1 -5.2088 101.4186 176.2857 160.9487 198.2832 1.6167 1.8402 4.6267 -36.8852 1.8895 55.5232 -5.7931 -4.6340
Car -1 -1 -4.4217 339.8836 175.6562 390.6890 206.5201 1.6555 1.6444 4.0515 -13.9136 1.8229 41.1281 -4.7462 -4.6768
Car -1 -1 -5.4344 735.0266 174.9817 805.3629 204.4820 1.4600 1.6095 3.6264 8.3331 1.5775 37.9708 -5.2204 -4.7674
Car -1 -1 -4.5242 409.5685 179.2063 444.7196 204.6268 1.5515 1.5868 3.4433 -11.8218 1.9777 46.6851 -4.7712 -4.8110
Car -1 -1 -4.1633 0.0000 175.5898 21.5215 214.2140 1.6103 1.6745 4.6637 -29.2594 1.7438 32.8687 -4.8868 -4.9144
Car -1 -1 -7.5279 260.0227 171.0448 291.6441 186.4391 1.4795 1.6691 3.9174 -33.0335 1.3054 71.3828 -7.9601 -4.9698
Car -1 -1 -4.6836 328.2437 175.4981 354.5410 201.8412 1.7455 1.6007 4.2046 -18.7927 1.9385 50.5071 -5.0384 -4.9796
Car -1 -1 -4.8592 446.0617 176.8181 475.7616 196.9159 1.4333 1.6079 4.1339 -11.3345 1.7449 54.5497 -5.0634 -5.0710
Car -1 -1 -4.7065 349.2880 177.1494 372.9779 197.8644 1.3961 1.5432 3.7157 -17.7665 1.7142 51.4693 -5.0376 -5.1165
Car -1 -1 -5.0433 667.8427 176.6685 706.8579 196.0684 1.4156 1.6552 4.3974 5.9112 1.7231 55.8954 -4.9389 -5.3693
Car -1 -1 -5.2418 150.9830 177.2322 201.5049 199.4170 1.6421 1.6684 3.7730 -33.5137 1.9896 55.6918 -5.7816 -5.4665
Car -1 -1 -4.5464 541.4850 178.0216 577.1708 202.3357 1.3894 1.5743 3.7516 -3.0810 1.7181 43.9998 -4.6164 -5.4728
Car -1 -1 -4.4626 505.7309 179.1850 546.4835 203.7435 1.3813 1.5584 3.7833 -5.0529 1.7808 43.5823 -4.5777 -5.6160
Car -1 -1 -4.8479 547.3447 176.8781 577.2561 197.1812 1.3755 1.5897 4.1991 -3.5060 1.6775 51.9799 -4.9153 -5.6165
Car -1 -1 -7.7615 342.9186 179.5689 431.4697 254.7411 1.6115 1.7145 4.1515 -5.4946 1.7999 18.0664 -8.0533 -5.6294
Car -1 -1 -4.9237 620.7927 176.3066 654.1519 194.9902 1.3669 1.6721 4.4957 2.0571 1.6459 56.0186 -4.8876 -5.6354
Car -1 -1 -5.2278 1011.2693 174.5472 1105.4342 211.3851 1.4383 1.5668 4.0153 18.7072 1.5140 30.3892 -4.6807 -5.7298
Car -1 -1 -4.7530 678.5970 177.0284 706.8104 200.8091 1.3795 1.5587 3.9955 5.0397 1.6492 44.6220 -4.6418 -5.7785
Car -1 -1 -4.7433 655.6775 177.3340 679.4149 197.0474 1.3744 1.6121 4.1202 4.1910 1.7183 53.3510 -4.6658 -5.7801
Car -1 -1 -4.3193 0.0000 180.7035 0.0000 257.8151 1.4086 1.5963 4.1399 -16.6929 1.6048 15.8483 -5.1222 -5.8365
Car -1 -1 -4.6118 526.4194 177.6306 553.7084 197.3515 1.3292 1.5523 3.9710 -4.9929 1.6835 51.5831 -4.7082 -5.8626
Car -1 -1 -5.5662 983.6355 172.4560 1094.7191 213.0195 1.5521 1.6153 3.7813 17.4794 1.5366 29.6589 -5.0384 -5.8688
Car -1 -1 -4.8180 198.6387 174.0994 228.1750 195.0497 1.5841 1.6067 4.2828 -31.4050 1.6861 57.0383 -5.3195 -5.8692
Car -1 -1 -4.9524 1069.5350 174.5762 1147.7869 213.2476 1.4508 1.6698 4.0998 20.2095 1.5262 29.4796 -4.3564 -5.8813
Car -1 -1 -4.7543 640.0256 176.1410 664.2972 196.4301 1.3892 1.5740 3.9149 2.9756 1.6348 52.0097 -4.6979 -5.8867
Car -1 -1 -4.8319 695.2408 176.9978 722.7024 196.9249 1.4258 1.5838 3.9299 7.3989 1.7494 54.4254 -4.6980 -5.8867
Car -1 -1 -7.1470 52.2740 0.0000 1241.0000 374.0000 1.5359 1.5858 3.8014 -1.2977 1.5955 1.0057 -7.9392 -5.8867
Car -1 -1 -4.5474 0.0000 178.4131 0.0000 205.9166 1.5966 1.7047 4.2217 -41.3670 1.9604 45.0243 -5.2877 -5.8867
Car -1 -1 -4.6174 68.3099 177.9480 100.0227 197.4738 1.4574 1.6477 4.0327 -41.6172 1.8756 57.1338 -5.2449 -5.8867
Car -1 -1 -4.5927 521.2040 177.2960 545.9461 194.8720 1.3713 1.5669 3.9078 -6.2690 1.7479 59.2553 -4.6980 -5.8867
Car -1 -1 -3.5047 0.0000 189.1678 0.0000 374.0000 1.4923 1.6030 3.9535 -7.0820 1.5941 2.5307 -4.6975 -5.8867
Car -1 -1 -8.1635 0.0000 0.0000 852.8998 374.0000 1.5358 1.5859 3.8015 0.3102 1.5779 1.0056 -7.9392 -5.8867
Car -1 -1 -4.5050 465.5832 178.3156 505.3455 202.6250 1.3565 1.5405 4.0796 -7.4470 1.6994 43.2605 -4.6748 -5.9278
Car -1 -1 -4.3470 0.0000 179.8296 0.0000 244.7340 1.4046 1.5952 4.0907 -18.7330 1.6022 18.2785 -5.1374 -5.9608
Car -1 -1 -7.5045 1241.0000 166.5589 1241.0000 303.6636 1.4735 1.6057 4.1657 11.3875 1.4055 9.2175 -6.6299 -5.9700
Car -1 -1 -4.9651 611.4932 175.1701 648.2194 195.8030 1.4221 1.6697 4.1695 1.3663 1.5973 52.4494 -4.9396 -5.9711
Car -1 -1 -7.4869 1241.0000 169.9389 1241.0000 272.9431 1.4480 1.6036 4.2070 13.3878 1.4067 11.6366 -6.6444 -5.9939
Car -1 -1 -7.8671 363.2839 179.3770 429.6039 241.1590 1.6400 1.7536 4.2017 -6.5481 1.8581 21.8979 -8.1549 -6.0020
Car -1 -1 -4.8318 387.6119 177.8220 421.2483 203.7636 1.5640 1.6300 3.8554 -13.2866 1.8976 46.3967 -5.1096 -6.0337
Car -1 -1 -4.9947 694.7750 175.9170 736.4035 199.4234 1.3937 1.5315 3.9753 6.5550 1.5949 45.3953 -4.8526 -6.0412
Car -1 -1 -8.4676 375.1388 173.8792 418.3134 197.8904 1.8824 1.7785 3.2983 -17.3081 1.9675 58.4331 -8.7546 -6.0561
Car -1 -1 -4.8322 1215.9866 171.3925 1241.0000 324.4659 1.7986 1.8660 4.7184 10.5434 1.7811 10.9317 -4.0790 -6.1323
Car -1 -1 -5.3328 0.0000 191.3999 12.4031 314.4915 1.6144 1.7609 4.2571 -11.8585 1.9264 10.9814 -6.1444 -6.6312
