Car -1 -1 -8.0931 710.3819 176.0903 758.9236 204.1534 1.4391 1.6355 4.3322 6.7558 1.6270 39.7337 -7.9264 6.6226
Car -1 -1 -8.7495 801.0164 175.8089 868.5798 204.1676 1.5221 1.4072 3.5591 12.6808 1.6973 40.9826 -8.4519 6.5881
Car -1 -1 -7.9364 644.5712 178.0546 675.9404 202.7508 1.3351 1.5170 3.3042 2.8091 1.6450 41.3728 -7.8695 4.5914
Car -1 -1 -7.9057 629.6774 171.7475 655.2086 195.1196 1.6088 1.6144 3.9365 2.2566 1.5323 51.6411 -7.8627 2.4404
Car -1 -1 -2.8170 328.8118 176.9786 393.4202 201.2166 1.5088 1.5953 3.5718 -15.8642 1.7760 45.9981 -3.1477 -3.0446
Car -1 -1 -7.9786 376.7385 177.9352 408.0627 201.7347 1.4582 1.5424 3.3375 -14.1829 1.8006 46.8303 -8.2714 -3.0850
Car -1 -1 -4.7656 800.9619 177.2396 836.2060 206.9395 1.4799 1.5900 3.8286 11.0697 1.7266 38.5988 -4.4889 -3.7168
Car -1 -1 -2.5333 236.0327 171.2590 285.4766 187.6172 1.4927 1.6378 3.8941 -32.4127 1.3468 66.9558 -2.9828 -3.7876
Car -1 -1 -4.8622 164.7529 177.0081 200.6079 199.3236 1.5577 1.6784 4.1784 -31.6319 1.8767 53.3154 -5.3957 -3.8802
Car -1 -1 -4.5972 0.0000 179.1811 21.8823 202.6353 1.4798 1.6058 3.9699 -41.0611 1.9254 48.7547 -5.2945 -3.9014
Car -1 -1 -5.6877 361.9884 173.7210 409.9121 195.2774 1.7495 1.7462 3.4148 -18.6450 1.8229 59.9990 -5.9881 -3.9195
Car -1 -1 -3.6809 123.8191 177.0459 176.2144 195.7375 1.5441 1.7888 3.3816 -39.7497 1.9173 62.3774 -4.2465 -4.0236
Car -1 -1 -7.8539 961.3154 170.0966 1057.7412 255.0720 1.6549 1.6892 3.8670 8.8355 1.6009 16.1550 -7.3618 -4.0272
Car -1 -1 -4.7803 702.7103 175.2643 733.2791 200.6260 1.4354 1.5339 3.9291 6.3933 1.5863 43.2394 -4.6349 -4.2999
Car -1 -1 -4.4655 745.8425 174.5183 782.2375 196.6340 1.5142 1.6320 4.0268 11.0851 1.6386 51.8952 -4.2566 -4.4443
Car -1 -1 -4.6721 837.6589 177.1407 867.8182 203.5345 1.4762 1.5652 3.8786 14.5043 1.7445 43.1248 -4.3502 -4.4947
Car -1 -1 -8.8693 1113.0341 173.8196 1230.3688 212.2149 1.6635 1.6398 4.0408 25.9466 1.7110 33.5505 -8.2157 -4.6358
Car -1 -1 -4.0967 17.8079 174.5932 87.0079 200.2845 1.6725 1.6837 4.0918 -38.0534 1.7961 49.3294 -4.7513 -5.2282
Car -1 -1 -4.5984 539.5839 176.6093 573.1544 202.2113 1.4206 1.5628 3.6843 -3.1499 1.6510 42.4569 -4.6725 -5.3660
Car -1 -1 -1.9914 0.0000 184.4559 3.1935 264.6549 1.4712 1.6678 4.1680 -15.1081 1.7405 15.2257 -2.7641 -5.4459
Car -1 -1 -4.7725 742.8567 173.7427 767.2552 193.1547 1.4113 1.5622 4.0586 10.9456 1.4810 54.7664 -4.5766 -5.4859
Car -1 -1 -4.7357 553.3871 174.4690 577.4950 195.6694 1.3926 1.5582 4.1683 -3.1449 1.5088 49.8677 -4.7987 -5.5315
Car -1 -1 -6.9496 804.8143 177.2402 901.4711 206.4366 1.4144 1.7071 4.6438 12.4343 1.6488 37.0202 -6.6284 -5.5415
Car -1 -1 -6.6817 582.1400 173.3739 638.5095 195.3147 1.7230 1.7582 4.2072 0.0000 1.7659 58.3662 -6.6821 -5.5539
Car -1 -1 -4.6656 535.9065 175.8936 557.2924 196.1656 1.6938 1.6800 3.8162 -5.5140 1.9663 62.8096 -4.7532 -5.6111
Car -1 -1 -2.2294 0.0000 180.6510 31.1128 374.0000 1.4016 1.5610 4.1186 -5.9883 1.4538 4.0041 -3.1795 -5.7121
Car -1 -1 -5.6175 1118.8312 172.5210 1241.0000 218.0661 1.5771 1.6160 3.8370 21.4441 1.5653 27.0403 -4.9527 -5.7229
Car -1 -1 -4.6107 1004.3948 171.0882 1057.3365 205.8605 1.6978 1.9294 4.8385 22.0348 1.6113 37.7560 -4.0861 -5.7321
Car -1 -1 -5.3376 1241.0000 172.9496 1241.0000 221.8067 1.4512 1.6218 4.0764 23.0718 1.4543 23.5729 -4.5694 -5.7377
Car -1 -1 -4.5725 528.0207 176.7168 557.8517 197.0731 1.3182 1.5092 3.8913 -4.5891 1.5932 49.4539 -4.6649 -5.7497
Car -1 -1 -4.5190 0.0000 176.0662 0.0000 203.3078 1.6384 1.7616 4.3572 -41.3329 1.8544 46.2664 -5.2454 -5.7886
Car -1 -1 -5.4572 1029.6755 172.2969 1149.3041 214.0138 1.5187 1.6328 3.9784 18.6540 1.4981 28.3657 -4.8806 -5.7928
Car -1 -1 -4.7992 321.5241 175.9474 349.9172 199.2461 1.6327 1.6114 4.1195 -20.3407 1.8706 53.3539 -5.1620 -5.7971
Car -1 -1 -7.8072 358.1213 181.1037 422.5121 239.9536 1.5269 1.6300 4.0952 -6.5027 1.7976 21.5168 -8.0978 -5.7976
Car -1 -1 -4.8518 963.9180 177.8605 1034.8729 221.5808 1.4579 1.7280 4.0865 14.2991 1.6588 26.7825 -4.3665 -5.8225
Car -1 -1 -4.2445 734.2819 174.7186 784.2245 199.7977 1.6146 1.6555 4.0830 10.1163 1.7460 48.8798 -4.0421 -5.8372
Car -1 -1 -4.4322 714.5162 174.2259 751.6002 194.8858 1.4842 1.6594 4.2211 9.2884 1.5917 54.3986 -4.2644 -5.8555
Car -1 -1 -4.7371 922.6167 173.5188 990.3383 228.5081 1.4485 1.6412 4.3083 10.1064 1.4700 21.3641 -4.3010 -5.8678
Car -1 -1 -5.3297 859.8105 172.7787 941.6747 205.4318 1.4745 1.6574 3.9431 13.8414 1.4708 34.6936 -4.9534 -5.8817
Car -1 -1 -4.5952 522.6352 176.4845 548.2223 194.5350 1.3531 1.5610 3.9004 -5.8675 1.6487 56.8400 -4.6979 -5.8867
Car -1 -1 -4.6748 14.0982 177.1582 46.7954 198.6011 1.4286 1.6442 4.0333 -40.9716 1.7453 51.0302 -5.3489 -5.8867
Car -1 -1 -4.5714 502.3187 177.4970 533.4905 199.1858 1.3943 1.5740 3.9167 -6.2694 1.7232 49.1968 -4.6978 -5.8867
Car -1 -1 -4.5892 34.6333 177.2551 70.7243 197.7619 1.4448 1.6437 4.0336 -41.6209 1.7865 53.9165 -5.2444 -5.8867
Car -1 -1 -4.7044 139.3101 176.1700 162.1020 193.6915 1.5054 1.6871 4.2485 -41.4270 1.8146 65.0933 -5.2695 -5.8867
Car -1 -1 -7.5261 1241.0000 168.7927 1241.0000 282.4290 1.4597 1.6057 4.1972 12.5171 1.4072 10.8228 -6.6819 -6.0416
Car -1 -1 -7.8764 369.6103 177.8828 422.4625 226.8795 1.6158 1.7198 3.7409 -7.8692 1.8128 26.2585 -8.1653 -6.0815
Car -1 -1 -7.7579 344.3773 181.8029 427.1518 253.4710 1.4913 1.5302 4.0536 -5.4251 1.7369 17.6860 -8.0520 -6.1773
Car -1 -1 -5.4723 0.0000 189.9064 16.0550 326.6895 1.6304 1.8153 4.3839 -11.0769 1.8842 9.7951 -6.3054 -6.4106
Car -1 -1 -5.4393 888.5168 168.8495 995.6328 209.1387 1.5271 1.6325 4.1342 13.4345 1.3750 29.5652 -5.0170 -6.6431
Car -1 -1 -5.3887 934.8784 171.4595 1027.0431 208.4828 1.7109 1.7175 4.2951 18.1510 1.6462 35.6222 -4.9212 -6.8859
Car -1 -1 -4.9449 1241.0000 182.4220 1241.0000 374.0000 1.5504 1.9030 4.3892 5.3879 1.6374 4.2501 -4.0759 -7.1396
Car -1 -1 -8.0158 176.9948 171.6086 215.6243 198.0673 1.6593 1.5891 3.9155 -27.1631 1.5809 47.2708 -8.5351 -7.3175
