Car -1 -1 -8.4033 920.3753 180.9781 1155.6886 277.2420 1.4232 1.6162 4.2803 7.4399 1.5961 13.2100 -7.9006 8.6299
Car -1 -1 -8.1313 742.4544 182.6998 882.2177 273.6119 1.4108 1.5500 3.3679 3.5057 1.6148 13.2690 -7.8794 7.8624
Car -1 -1 -8.0269 681.3773 172.4316 755.2146 230.7209 1.6650 1.5905 4.0036 3.2483 1.6527 22.6377 -7.8869 7.2733
Car -1 -1 -8.7732 816.9620 175.9401 888.1523 204.6532 1.4978 1.4525 3.5815 13.3336 1.6764 39.9329 -8.4536 5.6042
Car -1 -1 -7.9370 634.4827 175.0054 664.9905 199.1378 1.4888 1.6299 4.2013 2.5120 1.6350 47.0168 -7.8844 4.7563
Car -1 -1 -4.8808 612.3580 173.8337 640.0179 193.4232 1.5456 1.6070 4.0512 1.2675 1.6287 59.2633 -4.8599 -0.1172
Car -1 -1 -4.5035 135.2995 176.6100 167.5357 194.5998 1.4831 1.6059 3.7430 -39.6173 1.8181 62.3679 -5.0677 -2.2010
Car -1 -1 -2.5271 235.2858 169.7708 284.9538 186.4461 1.5212 1.6444 3.9172 -32.4701 1.2396 66.9522 -2.9773 -2.9287
Car -1 -1 -4.7524 118.4817 177.3898 143.0476 195.3507 1.4686 1.6150 3.6768 -41.1888 1.8701 61.9513 -5.3374 -3.0534
Car -1 -1 -4.6653 593.5006 175.1578 618.0410 197.1356 1.4846 1.5663 3.6959 -0.2992 1.6532 51.0128 -4.6715 -3.0945
Car -1 -1 -4.6958 323.7964 176.7846 348.7970 197.5458 1.4486 1.6589 4.3459 -20.3028 1.7527 53.5508 -5.0568 -4.0643
Car -1 -1 -4.5825 0.0000 179.0704 18.6332 202.2929 1.4523 1.5956 3.9689 -40.9801 1.8867 48.3500 -5.2830 -4.0695
Car -1 -1 -6.1110 695.3162 178.1080 775.8990 204.7853 1.4361 1.6755 4.2835 7.0942 1.7449 40.9427 -5.9412 -4.1668
Car -1 -1 -7.6023 948.5446 180.1531 1076.4166 253.9769 1.4044 1.6380 3.6761 8.9438 1.5852 16.0035 -7.1011 -4.1895
Car -1 -1 -7.5470 911.9063 176.4841 988.3396 220.0782 1.4366 1.5496 3.3517 12.1671 1.5751 25.8298 -7.1117 -4.2980
Car -1 -1 -7.9505 686.4684 177.1303 728.6990 209.9437 1.4512 1.6116 3.8437 4.5497 1.6661 34.3665 -7.8205 -4.3647
Car -1 -1 -5.0174 881.5718 175.2132 944.1346 208.6700 1.5626 1.7416 3.9889 15.0026 1.6869 36.0519 -4.6264 -4.3660
Car -1 -1 -4.7597 701.9389 177.5679 753.6997 218.0892 1.3596 1.6768 4.2022 4.2679 1.5493 26.8958 -4.6046 -4.4539
Car -1 -1 -7.8384 681.4291 175.3006 705.2051 198.0594 1.5192 1.5947 3.9769 5.8476 1.6978 50.6859 -7.7246 -4.4756
Car -1 -1 -7.8918 755.7967 180.7394 799.9208 218.5328 1.4436 1.6432 4.1166 7.0184 1.8019 30.6412 -7.6694 -4.5090
Car -1 -1 -4.7288 864.3516 177.2596 934.2657 245.7940 1.5652 1.5292 3.6943 7.3907 1.6915 18.7331 -4.3591 -4.5782
Car -1 -1 -8.6715 1122.8379 175.1809 1231.8839 212.4739 1.6038 1.6306 3.8810 26.0310 1.7175 33.3297 -8.0131 -4.6462
Car -1 -1 -3.8148 300.7315 175.0491 376.8372 203.7614 1.6653 1.7223 4.2383 -16.6721 1.8071 44.4537 -4.1720 -4.7032
Car -1 -1 -4.8930 372.6418 173.8487 401.7645 194.2619 1.6380 1.6946 3.6164 -18.6036 1.7233 60.0870 -5.1923 -4.7284
Car -1 -1 -4.5373 174.1752 176.7649 209.9629 200.8046 1.4754 1.4517 3.2548 -27.0039 1.7375 46.6389 -5.0599 -4.7824
Car -1 -1 -5.0220 682.0552 179.0851 741.3359 205.1481 1.2872 1.7769 4.9005 5.4264 1.6496 39.4294 -4.8867 -4.8314
Car -1 -1 -6.2360 745.6433 178.4762 829.5918 206.5052 1.4436 1.7314 4.3362 9.6104 1.7599 39.1822 -5.9977 -5.0572
Car -1 -1 -8.0234 778.7001 174.4908 877.1932 240.6017 1.4812 1.7539 3.4927 5.2876 1.5261 18.0883 -7.7441 -5.1087
Car -1 -1 -4.6014 171.2814 175.2667 201.9414 196.4559 1.4933 1.5370 3.8188 -31.3062 1.6784 53.3761 -5.1299 -5.1576
Car -1 -1 -1.7170 71.9073 169.4505 119.1223 200.1034 1.6769 1.6536 3.9822 -29.6441 1.4904 41.4829 -2.3346 -5.3320
Car -1 -1 -4.4365 535.2266 176.8591 578.2338 200.9203 1.3267 1.5228 3.9069 -3.1243 1.5740 42.5394 -4.5098 -5.4030
Car -1 -1 -5.0690 686.8878 176.2020 766.9084 213.2918 1.4231 1.7840 4.7323 4.8010 1.5765 30.6332 -4.9155 -5.4978
Car -1 -1 -7.3600 745.2209 174.7213 866.1545 235.5078 1.5733 1.6760 4.0172 5.6759 1.6321 20.8363 -7.0983 -5.5905
Car -1 -1 -4.7763 986.0004 172.3880 1037.6178 208.0323 1.3550 1.5587 4.1167 16.3741 1.3370 29.6235 -4.2759 -5.6156
Car -1 -1 -6.2319 744.1417 176.3486 844.0274 211.7587 1.6085 1.7546 4.5295 8.7764 1.7829 34.5743 -5.9859 -5.6468
Car -1 -1 -4.2790 468.0469 178.4040 519.6595 204.1141 1.3843 1.5085 3.7552 -6.6967 1.7205 41.7302 -4.4375 -5.6831
Car -1 -1 -1.8825 0.0000 172.9574 3.7740 202.3213 1.8059 1.9051 4.6515 -41.1926 1.8126 46.3965 -2.6059 -5.7731
Car -1 -1 -7.6344 768.9373 176.0682 838.3970 221.8565 1.4448 1.6013 3.5390 6.7155 1.5644 24.9789 -7.3754 -5.8177
Car -1 -1 -2.1397 83.4033 175.9106 142.0141 196.0832 1.6176 1.8833 4.5296 -41.4738 1.8795 60.1380 -2.7415 -5.8661
Car -1 -1 -4.8684 745.7368 173.5815 805.3726 214.0461 1.4239 1.5975 3.8962 6.1718 1.4533 27.4558 -4.6501 -5.8867
Car -1 -1 -4.6187 4.1138 177.4275 41.2975 198.8839 1.4159 1.6431 4.0739 -41.2289 1.7505 50.6827 -5.2991 -5.8867
Car -1 -1 -5.0354 778.1142 173.6213 835.8064 203.3840 1.4105 1.5975 3.9955 9.8031 1.4510 36.3437 -4.7744 -5.8867
Car -1 -1 -7.9085 363.0110 177.8727 435.8322 241.7988 1.5992 1.7621 4.2911 -6.1869 1.7592 20.7311 -8.1956 -5.9027
Car -1 -1 -7.0326 952.7753 175.7454 1071.6217 218.1423 1.5103 1.5479 3.8996 15.0378 1.6235 27.0996 -6.5311 -5.9625
Car -1 -1 -5.1089 831.8276 178.9523 884.4677 204.3271 1.4229 1.5401 4.0539 14.8644 1.8081 43.5332 -4.7824 -5.9859
Car -1 -1 -2.3565 253.3568 177.3424 325.1585 204.3582 1.5287 1.5597 3.9391 -19.0346 1.8032 42.7410 -2.7735 -5.9928
Car -1 -1 -4.6648 783.1369 174.7332 834.5073 217.5752 1.5068 1.7218 4.5866 7.7492 1.5859 28.0382 -4.3984 -6.0152
Car -1 -1 -4.8967 526.4912 176.5163 552.5985 195.2835 1.5570 1.5656 3.9099 -6.1836 1.8860 62.7751 -4.9949 -6.0512
Car -1 -1 -7.6542 330.7480 177.8490 436.5745 257.6679 1.6688 1.6421 4.0322 -5.3667 1.8036 17.4314 -7.9493 -6.0915
Car -1 -1 -5.5305 0.0000 187.8246 16.6967 311.7457 1.6551 1.8287 4.2971 -12.0073 1.9038 10.9473 -6.3498 -6.5574
Car -1 -1 -7.8862 696.2018 162.7114 722.3878 194.2880 1.8171 1.4317 3.6313 5.9028 1.2331 43.4004 -7.7523 -6.6450
