Car -1 -1 -8.3602 900.8122 180.5970 1106.8770 267.3679 1.4064 1.6318 4.2382 7.4126 1.5818 14.2246 -7.8890 8.5658
Car -1 -1 -8.1122 734.2957 183.1618 859.4360 264.5954 1.3753 1.5345 3.3970 3.5137 1.6043 14.3361 -7.8776 7.0844
Car -1 -1 -8.0275 676.7979 171.9332 748.2092 227.7953 1.6805 1.6174 4.0689 3.2304 1.6525 23.7714 -7.8948 6.9972
Car -1 -1 -8.7496 816.5463 175.7730 884.3178 204.0827 1.4836 1.3956 3.4421 13.2449 1.6525 40.0104 -8.4326 5.6714
Car -1 -1 -7.9731 630.7459 174.6964 662.4498 197.8754 1.4775 1.6339 4.1468 2.3811 1.6064 48.4577 -7.9247 3.7024
Car -1 -1 -7.9897 614.6613 174.1428 639.8422 192.8945 1.5149 1.6050 3.8046 1.3910 1.6262 60.5428 -7.9672 -0.0920
Car -1 -1 -4.6478 591.4201 176.1124 617.0591 198.0948 1.4786 1.5780 3.7422 -0.4059 1.7173 51.0131 -4.6562 -2.8231
Car -1 -1 -2.4983 237.2021 169.4499 284.2529 185.8812 1.4983 1.5970 3.7151 -32.4089 1.1876 66.9361 -2.9478 -3.6647
Car -1 -1 -4.5640 0.0000 179.2859 23.0565 202.5927 1.4648 1.6543 4.1815 -41.1312 1.9191 48.7854 -5.2620 -3.8428
Car -1 -1 -4.7989 855.2734 175.0653 896.2018 208.2512 1.5715 1.6342 3.2318 13.2331 1.6875 36.1761 -4.4513 -3.8490
Car -1 -1 -7.6516 931.3435 177.9660 1037.8474 246.1742 1.4204 1.6231 3.3579 8.8942 1.5543 17.1168 -7.1800 -3.8848
Car -1 -1 -4.6154 129.0072 174.8603 162.6003 196.8365 1.4994 1.6312 4.1180 -33.3286 1.6494 51.8377 -5.1846 -4.2269
Car -1 -1 -5.1110 156.3999 175.4794 206.8327 196.8605 1.4957 1.7195 4.1119 -31.4310 1.6946 52.8582 -5.6454 -4.2906
Car -1 -1 -8.7444 1115.8279 176.2811 1228.8700 213.5758 1.6007 1.6202 3.9983 25.9250 1.7696 33.4936 -8.0903 -4.4501
Car -1 -1 -7.9640 746.5991 180.2179 785.2254 208.3087 1.3766 1.5580 4.1080 8.2438 1.7918 38.5924 -7.7556 -4.5583
Car -1 -1 -7.9991 686.9189 160.5911 723.3019 192.9008 1.9009 1.6546 3.9483 5.7734 1.1791 44.4394 -7.8711 -4.5738
Car -1 -1 -4.6093 152.8389 177.3590 190.1951 201.8992 1.4666 1.6389 3.8525 -27.9236 1.7665 45.9822 -5.1526 -4.5977
Car -1 -1 -1.9483 174.0409 171.8392 222.6507 195.0991 1.6998 1.6671 4.5027 -31.3118 1.6253 54.7875 -2.4656 -4.6515
Car -1 -1 -4.5847 176.9521 173.8535 214.0080 200.2789 1.6277 1.6002 3.7983 -26.7862 1.6948 46.6592 -5.1036 -5.0349
Car -1 -1 -2.8890 152.9244 182.3209 269.7170 228.5228 1.4480 1.4494 3.1567 -13.3014 1.7788 24.1467 -3.3881 -5.1522
Car -1 -1 -4.4890 740.4930 180.3711 782.6768 206.7089 1.4047 1.5835 3.8462 8.7751 1.8609 41.7458 -4.2837 -5.1874
Car -1 -1 -4.2523 536.4844 175.4005 591.8502 200.2793 1.3886 1.5979 4.1869 -2.7033 1.5479 42.9712 -4.3151 -5.3326
Car -1 -1 -4.7346 697.6597 176.0541 738.5870 209.1715 1.3512 1.6811 4.1655 4.6952 1.5026 32.0273 -4.5909 -5.3565
Car -1 -1 -4.7927 380.7406 170.1112 405.3657 191.4355 1.7209 1.6986 3.3762 -18.1206 1.4993 60.1104 -5.0845 -5.4066
Car -1 -1 -8.2171 750.1037 177.8532 838.8862 226.3125 1.5126 1.6659 3.9147 6.2291 1.6996 24.9878 -7.9762 -5.4071
Car -1 -1 -4.6284 800.1297 174.9443 842.0765 205.4873 1.4218 1.6845 4.1744 10.5836 1.5328 36.1476 -4.3462 -5.4704
Car -1 -1 -4.7266 696.8297 176.1939 732.9504 205.4326 1.3338 1.6603 4.1384 5.0877 1.5081 35.5637 -4.5862 -5.4723
Car -1 -1 -4.8206 688.0309 181.1418 729.9130 205.6399 1.2446 1.8125 4.7933 5.4766 1.7397 40.7098 -4.6884 -5.4788
Car -1 -1 -4.9386 687.2341 175.3494 752.9181 212.6933 1.3599 1.6522 4.2306 4.2472 1.4665 28.7417 -4.7939 -5.4912
Car -1 -1 -4.7627 533.1836 178.5460 552.4918 196.6204 1.4892 1.4760 3.8071 -5.8831 1.9991 62.6917 -4.8562 -5.5235
Car -1 -1 -8.2003 719.7993 179.6019 832.3911 242.2354 1.4697 1.7146 3.7991 4.2678 1.6691 19.3582 -7.9873 -5.5626
Car -1 -1 -4.4217 565.2293 174.3453 602.7326 198.2642 1.7297 1.5893 4.6489 -1.9563 1.8480 54.9347 -4.4575 -5.6415
Car -1 -1 -4.9197 543.4091 176.3556 577.6710 197.5780 1.3811 1.5399 4.1190 -3.4922 1.6334 49.8701 -4.9896 -5.6944
Car -1 -1 -4.4647 501.8443 178.4607 542.5688 204.2717 1.4062 1.5075 3.6470 -5.1037 1.7474 42.0426 -4.5851 -5.7364
Car -1 -1 -7.8895 363.8792 177.5918 433.7812 241.1667 1.6000 1.7473 4.2199 -6.2013 1.7511 20.7768 -8.1766 -5.8048
Car -1 -1 -4.7220 702.9406 174.5192 726.3073 194.3645 1.4050 1.6526 4.2592 7.7249 1.5337 53.6741 -4.5802 -5.8080
Car -1 -1 -4.5172 0.0000 177.2775 0.0000 203.8026 1.5632 1.6722 4.1582 -41.4881 1.8553 45.4737 -5.2540 -5.8407
Car -1 -1 -4.2314 114.8905 166.9674 182.5239 195.9960 1.8575 1.7454 4.9481 -31.0542 1.4805 48.7092 -4.7966 -5.8420
Car -1 -1 -4.8479 762.2848 175.0265 809.7715 207.8087 1.4362 1.6287 3.9431 8.1672 1.5442 33.9227 -4.6141 -5.8563
Car -1 -1 -4.8648 746.8171 174.1650 798.5979 209.0040 1.4171 1.6073 3.9043 6.9885 1.4777 31.4995 -4.6489 -5.8867
Car -1 -1 -4.8893 726.1214 173.9050 782.9191 211.1460 1.4140 1.5843 3.9251 5.7832 1.4596 29.4820 -4.6980 -5.8867
Car -1 -1 -4.5955 523.1569 176.3647 548.5637 194.2761 1.3530 1.5621 3.9002 -5.8740 1.6407 57.2340 -4.6977 -5.8867
Car -1 -1 -5.5665 174.5967 170.8447 227.8870 191.3862 1.7187 1.6657 3.7993 -34.8878 1.5503 61.5687 -6.0804 -5.9371
Car -1 -1 -4.8813 968.0004 173.1678 1036.0973 215.7246 1.4871 1.6529 3.5333 14.6307 1.4995 27.1788 -4.3925 -6.1345
Car -1 -1 -5.6601 0.0000 195.7142 0.0000 346.3308 1.5844 1.7076 3.9282 -10.7075 1.9168 9.2381 -6.5046 -6.6314
Car -1 -1 -4.5150 295.3216 173.9341 331.2963 198.9729 1.6419 1.5172 4.0598 -20.3882 1.7191 49.6351 -4.9032 -6.7136
