Car -1 -1 -8.0915 725.4673 180.8706 838.8544 258.2376 1.4301 1.5645 3.3061 3.4813 1.6188 15.3507 -7.8735 9.1835
Car -1 -1 -8.3177 883.3044 180.1032 1068.5818 260.9906 1.4214 1.6525 4.3201 7.4040 1.5961 15.2455 -7.8739 7.6568
Car -1 -1 -8.0324 673.4987 171.9249 740.1452 225.6516 1.6986 1.5641 3.9678 3.1958 1.6689 24.8337 -7.9067 6.6124
Car -1 -1 -8.7546 812.5179 175.9044 881.4205 204.2727 1.4939 1.3632 3.5722 13.1326 1.6717 40.2623 -8.4419 6.3199
Car -1 -1 -7.9356 630.2969 174.6163 659.5530 197.4951 1.5095 1.6781 4.2236 2.3501 1.6367 50.0756 -7.8894 3.1711
Car -1 -1 -4.9989 605.4279 173.7899 636.5177 192.3400 1.5360 1.6294 3.9068 0.8837 1.6190 62.0598 -4.9851 -0.4650
Car -1 -1 -2.5360 238.0300 170.4423 284.4969 186.6806 1.4813 1.5549 3.6415 -32.3271 1.2610 66.8730 -2.9849 -2.7967
Car -1 -1 -7.9498 376.9756 177.5470 407.1655 201.0913 1.4647 1.5690 3.6061 -14.4501 1.7871 47.6380 -8.2430 -3.2863
Car -1 -1 -4.7824 869.1207 175.9858 911.0729 209.2316 1.5606 1.6743 4.0128 14.0432 1.7279 36.4405 -4.4177 -3.3933
Car -1 -1 -2.7113 329.9345 177.5994 394.0073 201.7233 1.4923 1.5868 3.5211 -15.8127 1.8008 45.9806 -3.0411 -3.4148
Car -1 -1 -7.5550 908.1121 178.7084 1015.8956 239.8654 1.3930 1.6230 3.2340 9.0247 1.5569 18.5056 -7.1081 -3.7689
Car -1 -1 -4.1819 117.4214 176.8344 166.7702 196.9380 1.6274 1.8437 3.7799 -39.5816 1.9748 61.1006 -4.7549 -3.9015
Car -1 -1 -5.5162 805.3799 177.7126 886.2969 209.3575 1.4842 1.6229 3.8334 11.8340 1.7440 36.5511 -5.2059 -3.9373
Car -1 -1 -7.5255 885.4120 177.3102 943.2773 207.9897 1.4994 1.6611 3.8246 15.9502 1.7450 37.8233 -7.1297 -4.3523
Car -1 -1 -8.6296 1122.3441 174.9406 1229.1116 212.4532 1.6161 1.6389 3.8493 25.9462 1.7180 33.3167 -7.9726 -4.5413
Car -1 -1 -8.3772 672.5772 175.8699 721.2914 201.3417 1.5227 1.5428 3.4062 5.3985 1.7202 45.4450 -8.2602 -4.7781
Car -1 -1 -4.3315 481.1783 177.1315 525.1031 199.1677 1.5465 1.7416 4.3762 -7.9492 1.8794 53.8732 -4.4777 -4.8280
Car -1 -1 -4.9655 0.0000 176.8883 25.7975 202.4547 1.5750 1.9466 4.4605 -40.2265 1.8502 47.1882 -5.6687 -4.8588
Car -1 -1 -3.1862 515.5168 175.8593 573.9075 197.9531 1.5967 1.6636 4.2446 -4.8973 1.8241 53.5579 -3.2774 -4.9248
Car -1 -1 -4.6798 172.1778 175.5267 200.7242 197.4306 1.5386 1.6825 4.1594 -31.3649 1.7446 53.4565 -5.2084 -4.9628
Car -1 -1 -3.8834 380.0674 169.6517 430.3517 193.6943 1.9358 1.6613 3.9528 -17.0720 1.6777 60.2130 -4.1588 -4.9864
Car -1 -1 -4.5842 777.8932 175.7229 821.8391 208.2947 1.5151 1.6116 4.2845 9.5510 1.6680 36.2533 -4.3291 -5.1107
Car -1 -1 -4.5649 566.8847 176.2700 597.6574 200.0421 1.7026 1.6731 4.6340 -2.0860 1.9729 54.7606 -4.6032 -5.1859
Car -1 -1 -4.8410 683.7747 175.3961 727.4778 204.3214 1.3497 1.6474 3.9750 4.6717 1.4833 36.0067 -4.7135 -5.1898
Car -1 -1 -5.1773 726.7711 179.5573 821.3076 225.0038 1.4192 1.5816 3.9904 5.5887 1.6736 25.2884 -4.9629 -5.2123
Car -1 -1 -4.9161 113.0031 177.8398 157.7664 204.0319 1.5148 1.5416 3.9394 -29.2719 1.8348 44.4075 -5.4963 -5.2658
Car -1 -1 -4.9395 170.4625 170.6623 209.1814 196.0126 1.5863 1.4631 3.3376 -27.3463 1.4489 46.8689 -5.4653 -5.2938
Car -1 -1 -4.8026 684.6365 175.0999 722.2155 201.2691 1.3629 1.6822 4.1781 5.0940 1.4939 40.0583 -4.6775 -5.3955
Car -1 -1 -4.7982 735.3254 173.2634 781.4390 209.7169 1.5322 1.6641 4.1208 6.5760 1.5516 32.5156 -4.6009 -5.7195
Car -1 -1 -4.8152 320.8355 175.8267 350.1028 199.1647 1.6367 1.6024 4.1924 -20.3787 1.8656 53.4023 -5.1784 -5.7225
Car -1 -1 -4.5774 539.3891 177.9821 573.8365 203.9332 1.4355 1.5312 3.8214 -3.1467 1.7522 42.6396 -4.6510 -5.7480
Car -1 -1 -7.8523 360.2953 177.9936 428.7823 242.1354 1.5924 1.6859 4.4641 -6.2056 1.7563 20.6739 -8.1410 -5.8714
Car -1 -1 -4.8105 752.8868 174.0769 792.1804 202.7707 1.4426 1.6327 4.1502 8.6014 1.5114 38.6166 -4.5934 -5.8842
Car -1 -1 -4.9684 687.7574 178.7452 747.8726 216.6936 1.5495 1.6552 4.0810 4.6946 1.8298 32.2417 -4.8257 -5.8862
Car -1 -1 -4.8646 712.8674 174.7930 756.7576 204.6782 1.4117 1.5812 3.9248 6.1815 1.5143 36.3135 -4.6978 -5.8867
Car -1 -1 -4.8213 740.9370 174.0135 783.1029 204.5888 1.4132 1.5989 3.8740 7.3815 1.4732 35.5052 -4.6184 -5.8867
Car -1 -1 -4.6032 0.0000 177.3741 0.0000 204.2097 1.5793 1.7032 4.2687 -41.3465 1.8776 45.4423 -5.3386 -5.8867
Car -1 -1 -4.7700 548.2469 177.0220 574.0933 197.9018 1.3786 1.5673 4.1220 -3.4932 1.6833 50.6408 -4.8389 -5.9425
Car -1 -1 -4.5023 747.3754 175.8252 787.3985 200.6723 1.3825 1.5280 3.9931 9.3397 1.5672 42.7912 -4.2893 -6.0494
Car -1 -1 -4.7427 533.0285 177.3059 552.2006 196.0366 1.5560 1.5430 3.8419 -5.9215 1.9561 62.8930 -4.8366 -6.0991
Car -1 -1 -5.9300 552.3077 172.8672 607.9835 195.6117 1.7913 1.6884 4.1659 -2.4312 1.7921 58.2710 -5.9719 -6.5016
Car -1 -1 -8.2020 772.2709 165.4511 816.0432 195.2931 1.9569 1.6413 3.9447 12.5092 1.4712 49.3604 -7.9556 -7.7674
