Car -1 -1 -8.7004 786.0841 176.1305 851.4510 203.2215 1.4857 1.3942 3.6298 12.0444 1.6845 41.9347 -8.4230 5.9085
Car -1 -1 -2.5270 235.1639 170.1106 285.5938 187.2460 1.5618 1.6677 3.9764 -32.4262 1.3114 66.9120 -2.9769 -2.1603
Car -1 -1 -5.0090 793.6464 176.5041 844.2100 205.7483 1.4747 1.5529 3.7863 11.1216 1.6801 38.7687 -4.7321 -2.7481
Car -1 -1 -8.3305 329.3791 175.6045 387.6549 201.0024 1.5613 1.6900 4.5396 -16.4539 1.7485 47.0025 -8.6658 -2.7901
Car -1 -1 -5.9303 0.0000 177.4077 69.6027 201.7362 1.5644 1.6557 3.8126 -38.7966 1.8778 48.3052 -6.6044 -3.2443
Car -1 -1 -4.9265 357.1385 176.0813 396.7643 200.5803 1.5450 1.6624 4.2379 -15.6861 1.7710 48.3441 -5.2389 -3.2924
Car -1 -1 -4.6737 591.9337 175.6399 620.8964 201.3647 1.5618 1.7100 3.8382 -0.2255 1.7473 46.1733 -4.6791 -3.6074
Car -1 -1 -3.9937 114.0698 177.4052 166.6584 196.9324 1.5732 1.8148 3.5743 -39.6127 1.9691 60.9134 -4.5685 -3.8968
Car -1 -1 -8.0831 687.6483 171.1731 727.5251 200.9306 1.8249 1.7635 3.5007 6.1521 1.7215 46.0777 -7.9517 -4.0018
Car -1 -1 -6.8461 309.2219 177.6426 381.7983 202.7068 1.5969 1.6921 4.4146 -17.9682 1.9374 49.0986 -7.1954 -4.1274
Car -1 -1 -7.6049 375.9359 175.0946 417.2642 199.9081 1.5552 1.6988 3.9060 -14.0437 1.7088 47.5639 -7.8908 -4.1498
Car -1 -1 -4.5499 0.0000 178.4662 16.8916 202.3337 1.4888 1.6738 4.1307 -41.1509 1.8808 48.2437 -5.2535 -4.1923
Car -1 -1 -8.0762 838.8271 175.4733 887.5888 206.2698 1.5010 1.5709 3.7981 13.0457 1.6439 37.4768 -7.7441 -4.2375
Car -1 -1 -2.7538 746.6033 174.9852 831.2768 205.9089 1.5238 1.6591 3.9528 9.2664 1.6401 37.6380 -2.5147 -4.2461
Car -1 -1 -2.8365 456.1175 175.5077 512.3127 198.8202 1.6498 1.5740 3.7137 -9.1307 1.8457 52.3223 -3.0088 -4.3189
Car -1 -1 -7.8674 591.8235 176.6138 623.7490 206.9310 1.5502 1.6552 3.9537 -0.1908 1.7655 39.3801 -7.8727 -4.3211
Car -1 -1 -4.4865 647.2614 178.9443 674.1317 197.2906 1.5499 1.5847 3.7982 4.5288 2.1101 64.3611 -4.4170 -4.3254
Car -1 -1 -9.0006 1114.4611 176.3537 1222.1461 212.2214 1.5613 1.5652 3.6664 26.0046 1.7345 33.7810 -8.3491 -4.4936
Car -1 -1 -7.3639 16.2789 171.1754 94.1302 201.0705 1.5961 1.6765 4.2400 -31.2492 1.5061 40.7489 -8.0151 -4.5714
Car -1 -1 -5.5266 166.3430 171.4071 227.8018 188.6602 1.4467 1.7655 4.6314 -35.4387 1.3250 61.9051 -6.0448 -4.6459
Car -1 -1 -4.8090 618.7910 176.4459 649.8419 202.1018 1.4610 1.5078 3.7445 1.3927 1.6870 43.5424 -4.7777 -4.6564
Car -1 -1 -4.5093 754.2354 172.1790 783.4977 195.8354 1.6982 1.4777 3.3902 11.8073 1.6494 53.6448 -4.2942 -4.6982
Car -1 -1 -4.7486 764.1426 174.4105 791.4554 201.4427 1.7072 1.6130 3.7543 11.0441 1.8143 47.7941 -4.5233 -4.7657
Car -1 -1 -4.3696 736.9805 175.0090 783.7419 199.9805 1.4692 1.6230 3.9525 9.3687 1.6094 44.9272 -4.1658 -4.8997
Car -1 -1 -8.2570 865.9529 175.0034 930.8665 209.6537 1.6873 1.6931 3.9379 14.8125 1.8042 37.3747 -7.8829 -5.1302
Car -1 -1 -4.8847 139.7029 173.9043 180.0366 195.0628 1.4613 1.7515 4.4240 -32.6790 1.5403 52.2867 -5.4411 -5.1339
Car -1 -1 -4.7534 500.7836 174.7067 528.3519 198.5301 1.5812 1.7262 4.5494 -6.7705 1.7171 50.6518 -4.8860 -5.1363
Car -1 -1 -5.4232 21.6811 176.9901 94.3846 198.1967 1.4491 1.8115 4.1763 -39.1294 1.7495 51.1398 -6.0740 -5.3227
Car -1 -1 -6.5815 580.9453 173.1240 638.2279 195.0748 1.7229 1.7707 4.2844 -0.0684 1.7449 58.1474 -6.5831 -5.3415
Car -1 -1 -2.9346 682.7701 174.2629 735.6249 195.1182 1.6781 1.6196 4.0881 8.1849 1.7972 59.7011 -2.7994 -5.4132
Car -1 -1 -4.5009 543.4492 176.2951 583.0147 200.1514 1.3217 1.5428 3.9307 -2.7488 1.5345 42.6251 -4.5653 -5.4226
Car -1 -1 -4.6584 123.8055 176.0594 150.8972 194.8251 1.5549 1.7371 4.3474 -41.1793 1.8443 62.8938 -5.2363 -5.4655
Car -1 -1 -4.5637 168.0298 173.3351 201.4542 194.1350 1.4767 1.5679 3.8813 -31.4627 1.5134 53.4150 -5.0940 -5.5157
Car -1 -1 -5.5989 1108.1121 173.6113 1239.2712 218.5910 1.5660 1.6119 3.6919 21.0336 1.5963 27.1691 -4.9457 -5.6056
Car -1 -1 -4.5470 514.3260 177.2335 545.8035 197.7299 1.3122 1.5066 3.8912 -5.4220 1.6215 49.0253 -4.6569 -5.6291
Car -1 -1 -5.2260 1241.0000 172.0902 1241.0000 220.6010 1.4183 1.5794 3.9729 22.7559 1.3957 23.2175 -4.4572 -5.6521
Car -1 -1 -4.9541 663.0858 174.3626 693.2610 191.0069 1.3796 1.6242 4.2308 5.8323 1.5144 62.4192 -4.8617 -5.6607
Car -1 -1 -5.3553 723.8073 172.0144 772.5223 192.4516 1.4578 1.4951 3.9142 10.1771 1.3976 53.5534 -5.1689 -5.6751
Car -1 -1 -2.2656 0.0000 178.4644 36.4422 374.0000 1.4044 1.5573 4.1081 -5.9693 1.4424 4.0031 -3.2144 -5.6757
Car -1 -1 -4.8597 544.8012 176.6740 576.3932 197.9767 1.3831 1.5706 4.1995 -3.4868 1.6585 49.8607 -4.9295 -5.7008
Car -1 -1 -4.9407 690.4172 175.3739 724.2220 195.0542 1.4201 1.6237 4.2001 7.3139 1.6187 54.7880 -4.8091 -5.7115
Car -1 -1 -5.3733 1057.8469 173.1453 1171.1090 215.8905 1.5484 1.6215 3.7677 19.4524 1.5602 28.0921 -4.7730 -5.7498
Car -1 -1 -5.6355 1006.4796 173.2577 1129.2650 213.8345 1.4773 1.5950 3.8988 17.8580 1.4941 28.4176 -5.0795 -5.8219
Car -1 -1 -7.2127 0.0000 177.6319 0.0000 244.4453 1.3863 1.5897 3.7637 -17.3465 1.5132 17.2281 -7.9938 -5.8529
Car -1 -1 -7.8545 362.2838 179.4172 429.3300 241.5637 1.5493 1.6668 4.2867 -6.2020 1.7588 20.7641 -8.1418 -5.8812
Car -1 -1 -1.8891 0.0000 175.6189 0.0000 203.2405 1.6661 1.8256 4.6465 -41.0443 1.8491 45.8698 -2.6162 -5.8831
Car -1 -1 -4.8004 688.8694 173.7245 711.1095 189.9747 1.3669 1.5804 3.8649 7.7858 1.4448 62.8597 -4.6780 -5.8867
Car -1 -1 -4.5887 518.0025 176.6079 543.7816 194.6387 1.3610 1.5646 3.9026 -6.2685 1.6687 57.2424 -4.6976 -5.8867
Car -1 -1 -4.5833 29.9691 177.2321 66.7279 197.7324 1.4331 1.6386 4.0307 -41.6291 1.7706 53.5123 -5.2422 -5.8867
Car -1 -1 -5.9534 0.0000 0.0000 1241.0000 374.0000 1.5044 1.6061 3.9584 6.1748 1.4890 1.7172 -4.6976 -5.8867
Car -1 -1 -4.8067 97.0663 176.5005 127.4858 196.3474 1.5676 1.6998 4.1560 -41.3779 1.8809 59.9154 -5.4092 -5.8867
Car -1 -1 -4.4727 405.8881 177.0550 444.7924 198.6863 1.3513 1.5629 4.1461 -12.2516 1.6424 47.9623 -4.7218 -5.8976
Car -1 -1 -7.4841 1241.0000 165.0253 1241.0000 295.0217 1.4721 1.6079 4.2156 11.7696 1.3831 9.6148 -6.6135 -5.9569
Car -1 -1 -4.8122 323.8736 177.5315 350.4530 199.6288 1.5563 1.4882 3.6886 -20.3369 1.9166 53.6404 -5.1733 -6.1305
Car -1 -1 -7.4009 1241.0000 176.0278 1241.0000 273.1373 1.4331 1.5861 4.0390 13.3087 1.4919 12.0849 -6.5798 -6.1710
Car -1 -1 -8.5882 1241.0000 167.2457 1241.0000 237.6462 1.5785 1.6132 3.9686 18.7355 1.4525 18.2053 -7.7968 -6.1947
Car -1 -1 -5.1770 0.0000 182.2078 8.8721 269.4052 1.5761 1.8623 4.6086 -15.1586 1.7913 15.0059 -5.9586 -6.3789
Car -1 -1 -5.2453 0.0000 181.7570 5.9341 306.2408 1.5719 1.8368 4.5551 -11.7731 1.7207 10.6973 -6.0660 -6.4115
Car -1 -1 -4.9042 268.2160 175.3922 299.3128 193.6482 1.4337 1.6954 3.4507 -26.7638 1.6480 59.0923 -5.3280 -6.9528
Car -1 -1 -7.8972 177.8543 165.9288 212.9231 195.2225 1.8244 1.8147 4.1305 -27.1679 1.3928 47.1682 -8.4175 -7.2061
Car -1 -1 -4.9108 1241.0000 182.4093 1241.0000 374.0000 1.6721 1.9861 4.3466 5.4196 1.7604 4.3623 -4.0512 -7.2854
