Car -1 -1 -8.2690 703.7823 175.6052 748.9798 198.4314 1.5329 1.6918 3.9717 8.1587 1.7356 51.1052 -8.1121 3.0977
Car -1 -1 -5.7494 238.8892 171.3069 286.8259 187.6863 1.5147 1.6083 3.7584 -32.5652 1.3713 67.6877 -6.1964 -1.4225
Car -1 -1 -4.8768 369.8301 177.0193 397.3030 195.6959 1.4769 1.5829 3.7732 -18.8830 1.8348 60.0096 -5.1807 -3.2260
Car -1 -1 -4.7956 410.4969 179.7191 435.8913 200.0972 1.4626 1.5827 3.5606 -14.3028 2.0045 55.0379 -5.0490 -3.9079
Car -1 -1 -4.4483 352.6819 177.5944 387.0469 197.2381 1.4885 1.6600 3.8198 -19.1409 1.8793 57.5714 -4.7682 -3.9435
Car -1 -1 -7.1584 248.2717 168.3914 294.8368 186.9128 1.7645 1.8278 4.2850 -33.2834 1.3390 71.0437 -7.5952 -3.9734
Car -1 -1 -4.8331 517.6956 178.1410 545.0551 199.3048 1.5727 1.6796 3.8664 -6.2412 2.0033 56.7283 -4.9426 -4.4203
Car -1 -1 -4.3841 796.8400 175.7254 857.0637 205.8860 1.4436 1.7101 4.2245 11.1893 1.6001 37.1745 -4.0944 -4.6265
Car -1 -1 -5.3944 1119.5607 176.7825 1230.2808 213.2787 1.5476 1.6946 4.2442 25.7921 1.7398 33.2018 -4.7386 -4.6972
Car -1 -1 -4.2289 548.1556 177.4135 599.6610 202.3538 1.4459 1.6104 3.7806 -2.2184 1.7406 44.6340 -4.2787 -4.7645
Car -1 -1 -4.7163 591.4785 176.3200 618.7053 201.6825 1.5349 1.6695 4.1430 -0.3610 1.7671 46.3159 -4.7245 -4.7670
Car -1 -1 -5.5264 126.8170 174.5590 195.4453 198.0408 1.7539 1.8419 4.4235 -34.4933 1.8878 55.4360 -6.0811 -4.8651
Car -1 -1 -5.3326 655.5788 178.3900 702.4718 199.3401 1.5060 1.6080 3.8642 5.1956 1.9439 55.0390 -5.2394 -4.9923
Car -1 -1 -4.9161 447.8083 177.1555 480.9130 197.0080 1.4305 1.6453 4.3066 -11.2274 1.7736 55.2946 -5.1159 -5.0104
Car -1 -1 -4.7476 787.9215 177.8934 821.8599 207.1375 1.4362 1.5774 4.0904 10.2695 1.7189 38.3527 -4.4884 -5.1574
Car -1 -1 -4.3310 383.5249 175.8299 425.4257 194.8492 1.4179 1.6264 4.4622 -16.1497 1.6615 56.8178 -4.6070 -5.2425
Car -1 -1 -5.3055 1181.7750 181.2845 1241.0000 229.0180 1.5795 1.7103 3.8988 23.2915 1.9142 26.6328 -4.5929 -5.3131
Car -1 -1 -4.4838 452.2239 179.3947 492.5887 205.2020 1.4502 1.5408 3.9327 -8.2870 1.8628 43.5536 -4.6711 -5.5478
Car -1 -1 -4.8565 547.7474 176.6508 577.6784 196.7496 1.3759 1.5851 4.1302 -3.5030 1.6628 52.4043 -4.9233 -5.5567
Car -1 -1 -4.5130 521.7435 179.0758 558.3030 202.8629 1.3545 1.5266 3.6453 -4.2555 1.7497 43.9676 -4.6093 -5.5730
Car -1 -1 -2.1653 0.0000 188.0379 9.3204 374.0000 1.4310 1.5661 3.9703 -6.0655 1.5342 4.0778 -3.1134 -5.5894
Car -1 -1 -4.9246 620.7949 176.2788 654.2035 194.9741 1.3678 1.6717 4.4972 2.0590 1.6446 56.0156 -4.8884 -5.6380
Car -1 -1 -4.4297 485.8601 179.0512 527.8341 203.9595 1.4047 1.5434 3.6842 -6.2168 1.7954 43.5856 -4.5710 -5.6508
Car -1 -1 -5.2974 1064.1552 174.8614 1170.0593 216.9128 1.5407 1.6148 3.7155 19.8386 1.6248 28.4865 -4.6943 -5.6775
Car -1 -1 -7.9330 211.6862 180.1780 260.7553 219.6815 1.4070 1.4357 3.5447 -14.7346 1.7129 28.2827 -8.4097 -5.6812
Car -1 -1 -4.8471 726.4947 176.6208 759.4584 200.0530 1.3734 1.4997 3.8404 8.1899 1.6175 44.8691 -4.6681 -5.7020
Car -1 -1 -7.2642 0.0000 178.0751 7.8040 246.4442 1.4585 1.7376 4.1207 -17.3151 1.6036 17.9039 -8.0255 -5.7328
Car -1 -1 -4.8023 700.6798 176.7010 731.7864 200.2215 1.3956 1.5630 4.1715 6.6384 1.6499 45.6320 -4.6592 -5.7451
Car -1 -1 -4.5740 719.9187 174.6020 748.0819 194.2390 1.4767 1.6514 4.0331 9.7699 1.6193 56.8193 -4.4049 -5.7508
Car -1 -1 -5.5851 1011.0744 171.8627 1132.5170 212.8829 1.5149 1.6139 3.9528 18.2350 1.4780 28.7757 -5.0253 -5.8090
Car -1 -1 -4.6623 704.8947 174.6521 729.6890 194.5933 1.4409 1.6609 4.1651 8.1434 1.5825 54.7400 -4.5158 -5.8337
Car -1 -1 -4.7263 645.3957 176.5983 668.2715 196.3146 1.3737 1.6151 4.2528 3.3929 1.6610 53.2569 -4.6634 -5.8843
Car -1 -1 -4.8210 616.2856 175.6785 645.0871 196.0316 1.3814 1.6114 4.1631 1.4117 1.5919 51.7060 -4.7942 -5.8850
Car -1 -1 -8.5251 1241.0000 164.5044 1241.0000 374.0000 1.4433 1.5831 3.8653 9.0954 1.3903 6.6230 -7.6049 -5.8854
Car -1 -1 -5.9878 0.0000 0.0000 1241.0000 374.0000 1.5075 1.6059 3.9580 6.9789 1.4952 1.7167 -4.6975 -5.8867
Car -1 -1 -4.5999 524.8839 178.1130 553.1061 199.0907 1.4141 1.5793 3.9263 -5.0706 1.8043 51.6024 -4.6977 -5.8867
Car -1 -1 -8.9126 0.0000 0.0000 1241.0000 374.0000 1.5344 1.5850 3.8008 1.9183 1.5571 1.0056 -7.9392 -5.8867
Car -1 -1 -4.8177 685.8311 176.2102 710.8725 194.5108 1.3937 1.5728 3.9171 6.9972 1.6707 57.6427 -4.6979 -5.8867
Car -1 -1 -4.5727 25.2625 178.0564 63.6058 199.4064 1.4737 1.6582 4.0868 -41.5563 1.8716 53.0528 -5.2349 -5.8867
Car -1 -1 -4.2972 277.9800 178.4736 331.2644 202.4206 1.3764 1.5679 3.9099 -18.7394 1.7369 44.3634 -4.6950 -5.8867
Car -1 -1 -4.8345 698.0707 175.5470 723.1669 193.0219 1.3728 1.5668 3.9084 8.2028 1.6010 59.2539 -4.6980 -5.8867
Car -1 -1 -7.8473 0.0000 0.0000 1110.6416 374.0000 1.5346 1.5880 3.8033 -0.1045 1.5722 0.9972 -7.9398 -5.8867
Car -1 -1 -4.5965 59.4107 178.2767 93.1253 198.0757 1.4527 1.6490 4.0661 -41.6289 1.8920 56.3081 -5.2310 -5.8867
Car -1 -1 -4.6006 527.4213 177.4036 551.4643 194.7979 1.3757 1.5670 3.9098 -5.8661 1.7664 60.0585 -4.6979 -5.8867
Car -1 -1 -7.7980 349.7318 179.8390 418.2101 244.9533 1.6419 1.6381 4.4962 -6.5410 1.8687 21.0833 -8.0959 -5.9552
Car -1 -1 -7.5074 1241.0000 163.9650 1241.0000 301.0034 1.4711 1.6122 4.2290 11.4368 1.3754 9.2245 -6.6311 -5.9949
Car -1 -1 -7.5058 1241.0000 171.7497 1241.0000 276.0061 1.4603 1.6022 4.1835 13.3415 1.4445 11.6289 -6.6648 -6.0491
Car -1 -1 -4.5728 120.7031 176.4100 153.9001 197.0298 1.5453 1.6489 3.9760 -37.2964 1.8363 56.9637 -5.1505 -6.0625
Car -1 -1 -8.6330 747.2489 167.4232 810.5665 193.1724 1.6715 1.8384 4.0952 11.3981 1.3187 49.0641 -8.4063 -6.0698
Car -1 -1 -4.8119 676.1595 176.6399 707.0913 200.1617 1.3808 1.5146 3.9916 5.0136 1.6272 45.0049 -4.7021 -6.0775
Car -1 -1 -4.7108 1233.2488 173.3407 1241.0000 325.6977 1.8000 1.7236 4.1304 10.3944 1.8083 10.6274 -3.9510 -6.2458
Car -1 -1 -5.2614 719.0815 173.8563 761.9716 192.9178 1.5377 1.7412 3.9299 10.8888 1.6245 60.5801 -5.0847 -6.3433
Car -1 -1 -4.8683 1241.0000 235.5167 1241.0000 374.0000 1.6118 1.9033 3.6123 5.4445 2.1704 4.4400 -4.0154 -7.5028
