Car -1 -1 -8.1186 686.7592 180.0912 721.8960 202.0730 1.5856 1.7566 3.6858 7.1560 2.1592 55.2734 -7.9910 2.8236
Car -1 -1 -7.5175 473.4470 182.0232 502.4680 197.2659 1.4031 1.6343 3.8450 -11.9750 2.3296 70.8958 -7.6846 -1.1874
Car -1 -1 -4.8546 0.0000 178.7258 41.9279 211.7927 1.6656 1.7207 4.2491 -32.3798 2.0007 39.1481 -5.5424 -2.3611
Car -1 -1 -4.5192 295.0370 177.0860 325.6722 197.8433 1.7166 1.6663 4.3038 -26.0855 2.0984 62.8723 -4.9112 -2.9375
Car -1 -1 -2.7939 341.9629 182.5580 407.9816 207.9685 1.5638 1.6775 3.6484 -14.9796 2.1941 45.9918 -3.1074 -3.3000
Car -1 -1 -7.7531 711.1876 178.2966 739.0779 201.0147 1.6490 1.7012 4.4384 8.9241 2.0880 55.8696 -7.5960 -3.4072
Car -1 -1 -5.8516 231.7085 172.5863 282.8463 188.7303 1.4860 1.6380 3.9630 -32.8778 1.4610 67.2749 -6.3048 -3.5928
Car -1 -1 -4.7000 789.2585 182.0542 823.3752 213.0237 1.4691 1.6252 3.6628 10.1446 1.9708 37.3889 -4.4376 -3.9176
Car -1 -1 -4.6333 522.3260 184.0253 543.8816 203.8755 1.5307 1.4912 3.5786 -6.3381 2.4793 59.4833 -4.7395 -4.1266
Car -1 -1 -5.3483 648.2446 185.0618 691.4025 206.0438 1.5833 1.7076 3.5705 4.8090 2.6095 58.7044 -5.2675 -4.1766
Car -1 -1 -4.8192 456.2946 181.5330 478.6506 196.0822 1.3417 1.7427 4.0700 -14.1423 2.2264 71.3688 -5.0144 -4.2756
Car -1 -1 -4.2743 489.4813 181.4275 518.1379 196.6385 1.4201 1.4845 3.4396 -10.4869 2.2894 71.3230 -4.4201 -4.6193
Car -1 -1 -4.7768 481.3556 184.0172 504.0957 203.0962 1.4375 1.5893 3.6038 -9.5696 2.3732 58.5621 -4.9385 -4.7242
Car -1 -1 -4.6499 0.0000 181.8081 19.3804 204.9090 1.3805 1.7848 4.6693 -40.1224 1.9982 47.3911 -5.3498 -4.7356
Car -1 -1 -5.1951 379.5494 181.7666 420.0297 201.4828 1.5119 1.5708 3.8482 -17.2404 2.2643 59.0061 -5.4785 -4.9975
Car -1 -1 -4.6250 41.0441 180.7088 97.6159 218.1899 1.5183 1.6468 4.3392 -24.2784 1.8962 32.4630 -5.2633 -5.0848
Car -1 -1 -4.6459 314.8138 184.2181 409.6555 269.7802 1.6433 1.7661 4.4638 -5.6892 1.9463 16.8730 -4.9670 -5.1329
Car -1 -1 -7.5366 551.4263 182.4234 593.4645 208.4817 1.5405 1.5703 3.8451 -2.3922 2.1807 46.2318 -7.5886 -5.1980
Car -1 -1 -4.2892 412.5146 180.5544 456.9081 203.8645 1.6743 1.6457 4.4523 -13.5001 2.2935 55.7121 -4.5262 -5.2422
Car -1 -1 -4.7316 436.6303 181.4550 454.6758 197.0058 1.3834 1.5955 3.9731 -15.6792 2.2267 68.6528 -4.9557 -5.3057
Car -1 -1 -4.7215 852.8978 180.8023 892.7496 216.6059 1.5996 1.7448 4.6389 12.9604 2.0211 35.8141 -4.3775 -5.5209
Car -1 -1 -4.8333 655.8888 182.0921 681.4182 200.0738 1.4247 1.6789 4.0343 4.9254 2.2358 61.3256 -4.7540 -5.6019
Car -1 -1 -4.9509 604.9955 177.6721 638.0089 197.4631 1.4097 1.5855 4.0080 0.8003 1.7879 54.5609 -4.9368 -5.6534
Car -1 -1 -5.0187 564.3953 179.4480 601.6286 201.1656 1.5651 1.6630 4.2328 -2.1539 2.0942 55.6513 -5.0577 -5.6980
Car -1 -1 -1.8017 0.0000 179.6497 0.0000 207.0413 1.6337 1.6992 3.9580 -40.8145 2.0819 45.7801 -2.5270 -5.7511
Car -1 -1 -4.3168 551.4036 181.0313 585.3573 197.6513 1.4614 1.6744 4.2861 -3.9023 2.2578 68.0055 -4.3743 -5.8141
Car -1 -1 -4.7666 688.2930 177.9281 711.1898 197.5455 1.5482 1.6657 4.0351 7.4145 1.9850 60.0827 -4.6448 -5.8405
Car -1 -1 -4.7109 633.8819 179.4619 656.9707 201.5355 1.5216 1.6288 3.8821 2.5660 2.0239 52.9009 -4.6632 -5.8486
Car -1 -1 -4.6799 534.8786 183.0972 563.2635 210.2067 1.5862 1.6683 3.8819 -3.8541 2.2628 45.6976 -4.7641 -5.8649
Car -1 -1 -4.2597 394.2323 180.0439 436.6465 199.6389 1.4708 1.6610 4.0970 -15.5896 2.0692 57.9177 -4.5218 -5.8686
Car -1 -1 -4.8542 652.0771 179.2041 681.8069 200.1842 1.4630 1.6424 4.0010 4.1611 1.9526 53.6066 -4.7776 -5.8867
Car -1 -1 -4.6116 56.2920 180.3529 89.2388 200.7539 1.4756 1.6448 4.0204 -41.6126 2.0788 55.9164 -5.2493 -5.8867
Car -1 -1 -4.1752 348.8302 181.0129 403.8428 204.9541 1.4820 1.6422 4.0861 -15.6124 2.0527 48.3219 -4.4864 -5.8867
Car -1 -1 -7.1455 50.9102 0.0000 1241.0000 374.0000 1.5535 1.5938 3.8072 -1.2982 1.6520 1.0023 -7.9392 -5.8867
Car -1 -1 -4.5018 0.0000 181.5575 0.0000 209.3952 1.5551 1.6674 4.0596 -41.5325 2.1096 43.8300 -5.2574 -5.8867
Car -1 -1 -4.6939 385.3568 179.8419 408.2440 200.4167 1.4715 1.6033 3.9624 -16.2956 2.0260 55.1674 -4.9801 -5.8867
Car -1 -1 -8.6435 0.0000 0.0000 1049.1737 374.0000 1.5535 1.5937 3.8075 1.1137 1.6255 1.0025 -7.9392 -5.8867
Car -1 -1 -4.8514 549.0662 179.2525 578.6459 200.7331 1.4800 1.6188 4.0696 -3.4665 1.9702 53.1545 -4.9167 -5.8916
Car -1 -1 -4.3621 332.7510 178.1946 373.3331 202.5852 1.6618 1.5933 3.6259 -18.4189 2.0582 51.7771 -4.7026 -6.0508
Car -1 -1 -5.2714 211.4221 175.3398 256.4796 196.9333 1.7465 1.6837 3.6180 -31.5007 1.9599 60.3813 -5.7506 -6.7633
