Car -1 -1 -8.2790 838.7472 180.3542 978.9761 244.5181 1.3979 1.6379 4.2432 7.3622 1.6112 18.3849 -7.9043 8.5584
Car -1 -1 -8.0519 705.3935 180.0609 791.3727 241.7627 1.4148 1.5195 3.3197 3.4204 1.6171 18.6101 -7.8737 7.7435
Car -1 -1 -8.7407 804.9206 175.0818 873.3394 202.9137 1.4858 1.3786 3.6145 12.8368 1.6170 40.7095 -8.4377 6.0630
Car -1 -1 -8.0124 662.9141 171.9896 720.6091 217.4661 1.6503 1.5976 4.0708 3.0774 1.6186 28.2572 -7.9056 5.8171
Car -1 -1 -7.9412 625.2336 175.1491 651.1439 195.7912 1.4932 1.6237 3.8083 2.0696 1.6726 54.5674 -7.9039 1.2005
Car -1 -1 -7.8758 611.6140 175.0172 629.5765 190.9012 1.4109 1.5685 3.5823 0.9308 1.6149 66.3759 -7.8622 -1.3670
Car -1 -1 -4.5302 134.0637 176.4936 165.3376 194.3952 1.4728 1.6185 3.7381 -39.6758 1.7966 62.2247 -5.0960 -2.5580
Car -1 -1 -2.5329 234.9823 169.9733 284.0174 186.5991 1.5168 1.6336 3.8512 -32.5206 1.2537 66.9381 -2.9837 -2.6119
Car -1 -1 -7.9592 923.4513 177.4295 962.6501 206.0249 1.4937 1.5825 3.7909 18.5516 1.7625 40.3928 -7.5318 -3.0702
Car -1 -1 -4.7463 115.1197 177.6931 139.6805 195.6619 1.4594 1.6245 3.6323 -41.2425 1.8853 61.5996 -5.3345 -3.2144
Car -1 -1 -5.2564 770.8354 175.3894 839.9251 204.8011 1.4898 1.6405 4.2577 10.4934 1.6353 39.2137 -4.9973 -3.6492
Car -1 -1 -4.9612 854.3467 176.4292 902.9558 205.3044 1.3640 1.4795 3.4077 13.4130 1.5523 36.2920 -4.6103 -4.1464
Car -1 -1 -7.9860 859.9271 179.4936 930.3835 229.9100 1.3970 1.5700 3.2593 8.6489 1.6175 22.2260 -7.6199 -4.3499
Car -1 -1 -8.8903 1115.0778 176.1956 1228.2488 213.3909 1.6009 1.6096 3.8621 25.9367 1.7656 33.5232 -8.2364 -4.5993
Car -1 -1 -5.0859 0.0000 177.0544 35.7800 202.8299 1.6024 1.8703 4.3690 -39.8869 1.8885 47.3315 -5.7835 -4.6255
Car -1 -1 -4.4897 380.6304 171.2056 409.9886 192.2762 1.7058 1.6388 3.3791 -17.8879 1.5720 60.1515 -4.7778 -4.8254
Car -1 -1 -4.8925 707.8082 178.2834 761.5937 214.8810 1.4603 1.5927 3.9979 5.3094 1.7114 31.3984 -4.7271 -4.8482
Car -1 -1 -4.5214 172.4012 179.1510 212.6133 203.3926 1.4577 1.6232 3.3070 -26.6949 1.8763 46.1652 -5.0434 -4.8735
Car -1 -1 -4.4308 750.8306 177.1004 800.5223 205.8793 1.4220 1.5823 3.8119 8.8015 1.6592 38.3076 -4.2071 -4.8832
Car -1 -1 -4.5084 895.5083 179.7440 946.2637 209.4658 1.4406 1.6762 4.1302 16.4438 1.8254 38.1554 -4.1048 -4.8863
Car -1 -1 -4.4693 133.0752 175.7885 176.5111 197.6416 1.4862 1.6950 4.1102 -32.6959 1.7059 51.8829 -5.0295 -5.0573
Car -1 -1 -1.6603 75.9962 171.0661 119.5507 201.7447 1.6819 1.6902 4.1980 -29.6731 1.5835 41.7021 -2.2759 -5.1827
Car -1 -1 -4.6663 500.2719 174.5071 528.4192 197.4380 1.5298 1.7570 4.5607 -6.7226 1.6513 50.8201 -4.7975 -5.2386
Car -1 -1 -5.6288 164.8553 172.0504 226.8955 189.2638 1.4432 1.7458 4.4596 -35.3894 1.3755 61.6592 -6.1481 -5.2535
Car -1 -1 -3.1857 503.9961 174.1417 570.8103 199.1264 1.8012 1.6506 4.8414 -5.4145 1.8982 53.3056 -3.2869 -5.2622
Car -1 -1 -4.5998 712.7965 176.9411 735.8477 195.7893 1.5058 1.5137 3.6408 9.5773 1.8590 60.4491 -4.4438 -5.3141
Car -1 -1 -4.8979 673.9159 175.6170 717.4813 201.3617 1.3387 1.6532 4.1345 4.6640 1.5000 40.0947 -4.7834 -5.4079
Car -1 -1 -4.9599 526.5952 177.2088 554.4548 195.6242 1.5239 1.5489 3.6812 -6.0844 1.9138 62.6467 -5.0566 -5.4344
Car -1 -1 -4.4236 534.5173 177.1481 578.5223 201.4409 1.3394 1.5237 3.9782 -3.1418 1.6054 42.6329 -4.4971 -5.5405
Car -1 -1 -4.9986 666.5289 175.5463 721.9135 205.6795 1.4332 1.7218 4.0375 4.1896 1.5783 36.8375 -4.8867 -5.7315
Car -1 -1 -5.5009 1044.7028 173.5952 1166.0171 217.5548 1.5764 1.6432 3.8099 19.0155 1.6070 27.9726 -4.9092 -5.7476
Car -1 -1 -7.8894 366.4704 178.7398 427.3523 237.5086 1.5691 1.6150 3.8497 -6.5416 1.7634 21.7640 -8.1785 -5.8319
Car -1 -1 -4.4967 569.8560 174.7643 601.8907 198.5893 1.7247 1.5390 4.3665 -1.8194 1.8758 54.8867 -4.5301 -5.8357
Car -1 -1 -4.7171 875.8374 176.5065 916.8265 209.2139 1.3792 1.6488 4.2604 13.1077 1.5586 33.2190 -4.3448 -5.8466
Car -1 -1 -7.6728 329.6707 176.1441 435.5579 254.4314 1.6319 1.6968 4.0123 -5.3521 1.7200 17.3063 -7.9691 -5.8664
Car -1 -1 -4.9421 316.6362 177.1165 353.6866 200.6285 1.6341 1.6123 4.3149 -20.3275 1.9613 53.1980 -5.3057 -5.8669
Car -1 -1 -4.4680 718.4843 173.9823 769.9607 203.6440 1.4238 1.6479 4.1592 6.9060 1.4849 37.0394 -4.2856 -5.8689
Car -1 -1 -4.8531 705.9329 174.4606 745.6559 201.7131 1.3950 1.5769 3.9173 6.1881 1.4862 39.1358 -4.6979 -5.8867
Car -1 -1 -4.7764 715.0137 174.5187 747.4655 200.1896 1.4111 1.5989 3.8904 6.9648 1.5122 41.9374 -4.6134 -5.8867
Car -1 -1 -4.5635 0.0000 178.1135 34.9771 199.6392 1.4020 1.6407 4.1164 -41.4706 1.7840 50.2527 -5.2509 -5.8867
Car -1 -1 -4.5217 0.0000 177.0748 0.0000 203.8297 1.5749 1.6959 4.2389 -41.3770 1.8536 45.4360 -5.2576 -5.8867
Car -1 -1 -2.1369 122.5394 174.2213 190.6604 199.5142 1.5262 1.5679 4.3005 -28.5404 1.6149 45.3476 -2.6961 -6.0878
Car -1 -1 -5.6209 837.6415 175.7020 915.7781 200.9976 1.3793 1.5316 4.2083 15.4237 1.5535 42.0265 -5.2718 -6.2613
Car -1 -1 -5.4214 0.0000 186.3923 20.9570 304.9541 1.6009 1.8154 4.3798 -11.9086 1.8257 10.9858 -6.2349 -6.4475
Car -1 -1 -5.6308 0.0000 191.6967 5.1790 347.9562 1.6710 1.7503 4.0147 -10.6540 1.9446 9.2508 -6.4721 -6.6279
Car -1 -1 -4.5033 620.3181 174.9205 653.3492 196.4737 1.4663 1.6316 3.6662 1.9185 1.6190 51.4419 -4.4667 -6.7037
Car -1 -1 -4.9094 1241.0000 196.3088 1241.0000 374.0000 1.6764 1.9506 4.0640 5.4528 1.8924 4.4497 -4.0563 -7.4495
