Car -1 -1 -8.7317 800.6598 175.8309 867.2117 203.6853 1.4958 1.3657 3.5524 12.6374 1.6723 41.0033 -8.4352 6.4261
Car -1 -1 -8.1036 706.6209 175.7412 753.4464 202.6502 1.4270 1.6260 4.1410 6.6951 1.5988 40.8570 -7.9428 6.0261
Car -1 -1 -7.9806 640.8248 177.2107 674.6358 201.2503 1.3409 1.5546 3.5136 2.7488 1.6093 42.7022 -7.9172 4.9719
Car -1 -1 -7.9301 626.8204 171.6546 653.0046 195.0059 1.6508 1.6156 3.9711 2.1329 1.5657 53.0229 -7.8906 2.7818
Car -1 -1 -2.5068 236.6762 169.9547 286.4812 186.2453 1.4843 1.6505 3.9529 -32.3214 1.2199 66.9214 -2.9553 -2.7811
Car -1 -1 -8.3883 328.5158 175.7272 389.9631 201.1242 1.5660 1.7022 4.5614 -16.4352 1.7617 47.0936 -8.7226 -2.8844
Car -1 -1 -7.9507 377.6580 178.0609 407.9819 201.9036 1.4614 1.5668 3.3837 -14.1778 1.8131 46.9029 -8.2430 -3.0121
Car -1 -1 -4.2192 19.1372 172.2458 86.9429 199.6153 1.7794 1.7553 4.4551 -37.9389 1.7396 49.2504 -4.8731 -3.8175
Car -1 -1 -4.9129 796.4800 176.8836 839.7915 206.2636 1.4799 1.5286 3.6001 11.0710 1.7061 38.7058 -4.6368 -3.8187
Car -1 -1 -4.1231 119.0968 177.3663 168.6566 196.0663 1.5152 1.8013 3.6536 -39.4963 1.9091 61.1963 -4.6945 -4.0192
Car -1 -1 -7.0063 306.2105 176.0514 368.2740 201.2286 1.6219 1.6941 3.7690 -18.5257 1.8481 49.0658 -7.3658 -4.1553
Car -1 -1 -5.0330 0.0000 177.3054 25.0537 202.5279 1.5526 1.9061 4.2545 -40.2240 1.8542 47.0101 -5.7381 -4.3318
Car -1 -1 -4.7042 588.4744 172.3991 613.7050 197.4505 1.7013 1.7136 4.2618 -0.6477 1.6701 51.1369 -4.7172 -4.4032
Car -1 -1 -4.7277 126.5242 174.0462 155.7821 197.0618 1.5625 1.6896 4.4445 -33.5499 1.6512 51.5419 -5.3025 -4.5351
Car -1 -1 -8.7400 1114.4849 174.3922 1227.5552 213.7438 1.7055 1.6213 4.0247 25.9325 1.7814 33.5843 -8.0872 -4.7885
Car -1 -1 -3.9153 379.0735 170.7021 429.4677 194.1877 1.8884 1.6697 4.0187 -17.1370 1.7151 60.1766 -4.1919 -4.8121
Car -1 -1 -5.0791 130.6304 174.1489 187.8989 198.2875 1.4641 1.7530 4.0651 -28.7251 1.5496 45.8951 -5.6359 -4.8713
Car -1 -1 -8.7191 756.4775 174.9493 830.2688 205.3109 1.5026 1.6027 3.5601 9.5393 1.6179 37.8866 -8.4747 -4.8843
Car -1 -1 -4.7287 377.0423 169.7525 393.9970 187.9712 1.7152 1.5076 3.7813 -21.8031 1.4229 69.9594 -5.0300 -5.0709
Car -1 -1 -4.6538 533.0339 178.8857 552.4477 196.6273 1.4704 1.4720 3.7705 -5.8715 2.0128 63.0091 -4.7467 -5.1391
Car -1 -1 -4.7696 179.6240 172.9700 209.2228 196.7492 1.4884 1.4879 3.2756 -27.0999 1.4960 46.9593 -5.2907 -5.2620
Car -1 -1 -6.6414 581.5203 172.8214 639.5526 195.0418 1.7513 1.7807 4.3540 0.0142 1.7484 58.4641 -6.6415 -5.3195
Car -1 -1 -4.5046 536.6436 176.6493 575.4028 202.1037 1.4113 1.5532 3.6770 -3.1698 1.6447 42.5057 -4.5791 -5.3877
Car -1 -1 -7.8433 353.2538 183.4067 423.0126 250.9454 1.4748 1.5361 3.8644 -5.6947 1.7749 18.4726 -8.1389 -5.4730
Car -1 -1 -4.8215 878.3756 175.1288 939.1734 214.5190 1.3494 1.6304 4.2516 11.1416 1.4422 27.2476 -4.4376 -5.5593
Car -1 -1 -4.9773 722.8959 174.9843 760.6801 196.3093 1.4449 1.5670 4.3136 9.3300 1.6033 51.5476 -4.7996 -5.5672
Car -1 -1 -4.8647 549.5134 174.0873 582.0639 195.2686 1.3807 1.6059 4.1754 -3.1073 1.4688 49.5032 -4.9274 -5.5852
Car -1 -1 -2.1232 89.2492 176.0922 140.5290 194.7982 1.4993 1.6539 4.0197 -41.1651 1.7752 59.9505 -2.7230 -5.6849
Car -1 -1 -4.6864 169.4528 171.6895 198.1200 191.5830 1.4043 1.7041 4.1714 -31.3941 1.3218 53.1721 -5.2177 -5.6868
Car -1 -1 -4.5381 566.3429 172.9626 597.4747 196.3110 1.6971 1.6140 4.4667 -2.1163 1.7054 54.7879 -4.5769 -5.6980
Car -1 -1 -4.7518 117.6051 176.3426 151.9200 203.8076 1.5923 1.6117 4.1657 -29.4029 1.8178 44.5440 -5.3326 -5.7037
Car -1 -1 -4.4714 747.2790 174.5054 786.6628 201.4878 1.7108 1.6841 3.9378 10.4806 1.8256 48.1503 -4.2588 -5.7244
Car -1 -1 -6.8336 809.9747 177.4512 900.0857 206.2271 1.4097 1.5800 4.1654 12.5008 1.6529 36.9827 -6.5105 -5.7549
Car -1 -1 -5.3806 1057.7782 172.9277 1172.4066 215.8358 1.5518 1.6256 3.7988 19.4459 1.5546 28.0522 -4.7798 -5.7640
Car -1 -1 -4.6859 709.4183 174.6186 733.1364 194.5278 1.3883 1.6161 4.1377 8.1566 1.5227 52.8808 -4.5341 -5.7642
Car -1 -1 -5.6541 1005.8739 172.9540 1128.8066 213.3730 1.4757 1.6006 3.8865 17.8642 1.4797 28.4562 -5.0985 -5.8284
Car -1 -1 -7.8413 898.0604 176.9346 957.6206 227.9713 1.4218 1.5671 3.7902 9.8505 1.5602 22.4788 -7.4337 -5.8463
Car -1 -1 -4.6144 0.0000 178.1678 0.0000 204.6387 1.5675 1.7070 4.2348 -41.3468 1.9210 45.8277 -5.3457 -5.8867
Car -1 -1 -4.5812 0.0000 178.2832 35.5989 199.7573 1.3990 1.6347 4.0667 -41.3799 1.7931 50.2569 -5.2676 -5.8867
Car -1 -1 -4.8864 916.7934 173.9369 982.2784 214.1080 1.4314 1.6162 3.8479 12.9842 1.4760 27.8875 -4.4551 -5.8867
Car -1 -1 -5.0970 893.4166 175.2472 956.0383 205.7481 1.4897 1.5992 3.9545 16.2513 1.6205 37.5457 -4.6917 -5.8867
Car -1 -1 -7.9420 364.2498 178.8893 429.3567 230.5780 1.5587 1.7532 4.2007 -7.3793 1.7830 24.5659 -8.2313 -5.9172
Car -1 -1 -8.0391 854.9939 176.1714 907.7725 209.6320 1.4006 1.6226 3.2299 12.0329 1.5566 32.2733 -7.6857 -6.0672
Car -1 -1 -7.4117 1241.0000 174.9136 1241.0000 271.0125 1.4185 1.5799 4.0419 13.3180 1.4565 12.0714 -6.5897 -6.1230
Car -1 -1 -7.4462 1241.0000 174.1178 1241.0000 302.3698 1.5273 1.6289 4.1509 11.6936 1.5471 10.0405 -6.5997 -6.2036
Car -1 -1 -6.5840 0.0000 174.0777 70.1709 374.0000 1.5448 1.6506 3.7311 -4.9749 1.5534 3.2318 -7.5404 -6.2933
Car -1 -1 -4.8563 966.9868 178.4814 1019.6226 209.9969 1.5140 1.7919 4.4737 20.0232 1.8283 37.9306 -4.3742 -6.3695
Car -1 -1 -5.4170 867.2498 174.4369 939.8994 202.1022 1.4857 1.6136 4.0081 16.6242 1.5805 41.1529 -5.0359 -6.3733
Car -1 -1 -5.2216 0.0000 179.5411 7.7247 255.6892 1.4819 1.8185 4.5917 -15.9110 1.6422 15.8188 -6.0015 -6.4080
Car -1 -1 -5.2741 922.2382 173.0671 1000.6368 206.4025 1.5994 1.7088 3.9851 17.7440 1.6105 36.7218 -4.8275 -6.4282
Car -1 -1 -5.3265 0.0000 186.2489 0.0000 322.9886 1.5348 1.7969 4.4070 -10.9884 1.7312 9.4578 -6.1725 -6.5247
Car -1 -1 -5.6521 934.6361 166.4005 1049.7369 207.6239 1.5795 1.5859 4.0313 15.6268 1.3319 29.8038 -5.1735 -6.9316
Car -1 -1 -5.6388 816.5582 175.5627 890.9960 201.1717 1.4783 1.6139 4.1942 14.8656 1.6525 44.2968 -5.3174 -6.9994
