Car -1 -1 -8.1413 668.7168 183.9267 701.5466 204.1558 1.5072 1.6392 3.6602 5.9590 2.4246 57.8455 -8.0397 3.3509
Car -1 -1 -4.5906 460.1400 183.0705 484.3360 202.1119 1.6265 1.6948 4.0292 -12.5729 2.5888 65.9180 -4.7787 -0.3631
Car -1 -1 -3.0288 448.4834 178.1338 489.1589 198.1398 1.8467 1.7364 3.5981 -13.3258 2.3525 68.1458 -3.2215 -2.5138
Car -1 -1 -7.9973 244.8599 187.8929 299.2164 226.9612 1.4765 1.6056 3.5287 -14.4430 2.1552 30.6594 -8.4345 -3.4180
Car -1 -1 -4.1564 0.0000 186.6181 39.3623 214.5920 1.6081 1.7215 4.1354 -38.5154 2.5225 45.7800 -4.8531 -3.5649
Car -1 -1 -4.7017 177.2290 183.8908 199.7291 203.3032 1.4947 1.5668 3.7158 -34.9499 2.4403 59.8350 -5.2286 -3.6090
Car -1 -1 -5.5056 223.1672 174.7702 271.0164 191.1051 1.5020 1.6807 4.0095 -34.2637 1.6863 68.0946 -5.9704 -3.8475
Car -1 -1 -4.7757 439.7769 182.3888 459.5101 200.5917 1.5704 1.5477 3.4298 -14.7234 2.4677 66.0627 -4.9945 -3.9800
Car -1 -1 -4.3360 633.9372 183.9603 677.0458 205.1632 1.5273 1.7828 4.7743 3.6307 2.4461 57.1735 -4.2735 -4.2626
Car -1 -1 -4.6623 76.5975 185.7754 115.1448 213.3151 1.4553 1.6219 4.4454 -30.3356 2.2595 42.6094 -5.2782 -4.3294
Car -1 -1 -4.4427 80.3943 182.6273 125.0507 203.9342 1.5674 1.8565 4.1756 -40.3443 2.3761 57.4464 -5.0530 -4.6393
Car -1 -1 -7.8743 214.7320 186.3866 259.6643 227.0856 1.5095 1.5696 3.3375 -15.4791 2.1031 29.8264 -8.3497 -4.7994
Car -1 -1 -4.6309 486.1157 183.2654 509.2643 203.2743 1.7380 1.8014 4.0022 -10.3986 2.7325 66.8812 -4.7849 -4.9124
Car -1 -1 -4.7283 639.8787 184.4360 663.2932 208.1170 1.6300 1.6641 3.9114 3.0273 2.5219 53.5951 -4.6727 -5.0564
Car -1 -1 -4.5903 122.5990 181.4557 153.5365 201.0826 1.4634 1.5834 4.1091 -37.8594 2.1796 57.9141 -5.1674 -5.0887
Car -1 -1 -3.8242 0.0000 184.2692 19.0082 224.3899 1.4240 1.6437 3.8249 -26.1617 1.9108 28.7731 -4.5575 -5.1832
Car -1 -1 -2.9287 303.1622 182.5278 380.5668 210.7877 1.6883 1.6364 4.2733 -16.6891 2.3059 44.9764 -3.2825 -5.1923
Car -1 -1 -4.0143 144.4095 181.5749 207.6340 205.1052 1.5657 1.5828 4.1591 -31.1043 2.2178 51.8040 -4.5530 -5.2057
Car -1 -1 -8.1935 670.1541 174.9681 696.3007 190.8342 1.5010 1.5059 3.3573 7.1148 1.7127 70.5522 -8.0938 -5.2643
Car -1 -1 -4.5352 100.3306 180.3306 139.7343 204.3065 1.5680 1.6230 3.8619 -34.3269 2.1136 50.5887 -5.1291 -5.2711
Car -1 -1 -4.8011 60.7196 183.1039 115.1848 219.3249 1.4718 1.6586 3.8230 -23.5420 1.9605 32.4324 -5.4252 -5.3159
Car -1 -1 -4.1688 49.2384 182.4848 112.6900 209.7833 1.7532 1.8394 3.7565 -36.3608 2.4418 49.6650 -4.7984 -5.4229
Car -1 -1 -4.3415 0.0000 184.8806 16.4853 235.6609 1.5870 1.7896 5.0318 -23.9775 2.0727 26.4848 -5.0723 -5.5325
Car -1 -1 -4.8221 638.4971 180.9200 664.1898 201.0330 1.5690 1.6713 4.2944 3.3886 2.2665 60.2332 -4.7666 -5.5417
Car -1 -1 -4.7916 677.1667 179.8604 708.7343 205.6904 1.4628 1.5828 4.0606 4.9818 1.9100 44.0316 -4.6802 -5.6512
Car -1 -1 -4.4553 523.6999 183.4794 560.5849 206.9618 1.4974 1.5836 3.9910 -4.6874 2.2643 50.0054 -4.5488 -5.6519
Car -1 -1 -4.7988 566.3662 180.5605 593.0710 206.8385 1.7539 1.5931 3.3757 -2.1995 2.3171 50.9777 -4.8422 -5.6627
Car -1 -1 -4.6987 652.5104 181.3820 679.2800 207.3766 1.4596 1.5504 3.9247 3.3846 2.0017 43.8672 -4.6228 -5.6714
Car -1 -1 -3.8680 133.4167 181.1668 202.3116 203.0069 1.4875 1.7042 4.2740 -32.5310 2.1262 53.1798 -4.4149 -5.7451
Car -1 -1 -4.5650 56.0971 183.6830 92.9707 205.7617 1.5764 1.6993 4.1304 -41.4702 2.4487 55.9197 -5.2010 -5.8127
Car -1 -1 -4.7282 291.9165 187.2681 381.0037 271.1278 1.6323 1.7458 4.0056 -6.5010 2.0148 16.9788 -5.0893 -5.8238
Car -1 -1 -4.0771 307.9077 181.2026 357.0121 199.8762 1.3880 1.5799 4.0306 -22.1663 2.0804 57.7103 -4.4425 -5.8479
Car -1 -1 -4.2383 181.6965 180.5949 231.0102 200.3248 1.4285 1.6362 4.1117 -31.2600 2.0508 55.9560 -4.7460 -5.8483
Car -1 -1 -5.5480 1005.9077 174.5673 1127.8839 219.0977 1.5843 1.6386 3.8740 17.4960 1.6552 27.9194 -4.9934 -5.8586
Car -1 -1 -4.5577 501.5382 180.9842 534.1762 204.8638 1.5178 1.6196 3.9519 -6.2735 2.0946 49.2196 -4.6843 -5.8692
Car -1 -1 -4.7198 629.7309 179.5472 654.0508 202.7171 1.5051 1.6181 3.9408 2.1596 1.9874 50.0231 -4.6774 -5.8702
Car -1 -1 -5.0525 593.7028 180.3040 634.2026 202.7974 1.4957 1.6399 4.0194 0.2063 2.0503 51.5815 -5.0490 -5.8773
Car -1 -1 -4.4036 602.9798 182.0946 639.6218 204.1350 1.5982 1.7076 4.0754 0.8973 2.3480 56.3702 -4.3883 -5.8844
Car -1 -1 -4.5607 0.0000 185.0849 5.6023 208.6402 1.4179 1.6357 4.0974 -41.5385 2.2655 47.8547 -5.2729 -5.8867
Car -1 -1 -8.4656 0.0000 0.0000 1035.2898 374.0000 1.5102 1.6044 3.8508 1.1292 1.5799 1.3703 -7.8744 -5.8867
Car -1 -1 -9.1540 0.0000 0.0000 1241.0000 374.0000 1.4996 1.6002 3.8465 5.5491 1.4994 1.3684 -7.8743 -5.8867
Car -1 -1 -9.0455 0.0000 0.0000 1241.0000 374.0000 1.5059 1.6026 3.8492 3.9415 1.5359 1.3686 -7.8743 -5.8867
Car -1 -1 -4.2565 235.5556 182.4314 297.3194 210.4797 1.4695 1.5979 3.9484 -19.5438 2.0417 41.1437 -4.6977 -5.8867
Car -1 -1 -7.0087 0.0000 0.0000 1241.0000 374.0000 1.5599 1.5953 3.8098 -1.7118 1.6791 0.9956 -7.9397 -5.8867
Car -1 -1 -4.5939 30.3204 184.5404 66.6044 207.0936 1.5355 1.6528 4.0115 -41.6054 2.4363 53.4915 -5.2527 -5.8867
Car -1 -1 -4.5020 0.0000 187.0860 0.0000 213.4567 1.4778 1.6543 4.0637 -41.4435 2.4070 44.9495 -5.2440 -5.8867
Car -1 -1 -4.6671 118.8202 182.9304 144.0538 201.4454 1.4954 1.6438 4.0089 -41.6056 2.4013 62.7500 -5.2509 -5.8867
Car -1 -1 -4.5662 0.0000 183.1828 37.6334 206.2302 1.4892 1.6412 4.0098 -41.6089 2.2450 50.6824 -5.2512 -5.8867
Car -1 -1 -6.7021 0.0000 0.0000 1241.0000 374.0000 1.5611 1.5920 3.8078 -3.7084 1.7136 1.0027 -7.9388 -5.8867
Car -1 -1 -4.1273 116.5268 182.7006 172.1277 203.2485 1.4281 1.5854 3.9317 -34.8168 2.1919 54.0185 -4.6977 -5.8867
Car -1 -1 -5.9347 1241.0000 179.1788 1241.0000 374.0000 1.5278 1.6130 3.9665 6.9848 1.5636 2.1247 -4.6975 -5.8867
Car -1 -1 -4.6954 673.0231 179.9185 691.9807 197.5825 1.5166 1.6552 3.9655 6.6011 2.1795 65.6687 -4.5961 -5.8867
Car -1 -1 -3.4691 0.0000 199.1191 0.0000 374.0000 1.5118 1.6067 3.9594 -7.8848 1.6761 2.5300 -4.6972 -5.8867
Car -1 -1 -5.7266 1145.6426 178.1881 1241.0000 228.3699 1.5559 1.6346 3.9973 21.1224 1.7563 24.9839 -5.0310 -5.8902
Car -1 -1 -4.7572 695.8105 181.0048 718.6859 202.6743 1.7198 1.7201 4.2393 8.1749 2.4343 61.0956 -4.6253 -5.9564
Car -1 -1 -4.9077 739.8435 185.8507 771.1259 205.8408 1.3831 1.5746 3.8895 10.8970 2.3977 54.3971 -4.7116 -6.0098
Car -1 -1 -4.1795 198.7294 178.3826 252.6609 200.5193 1.5570 1.5929 4.3055 -28.7279 1.9875 54.0307 -4.6663 -6.3519
Car -1 -1 -5.0302 578.5338 182.0969 614.8174 203.5916 1.5370 1.6122 4.0243 -1.0964 2.2769 55.6217 -5.0504 -6.5265
