Car -1 -1 -8.2110 668.0802 183.2744 705.9286 203.8178 1.5153 1.6969 4.0147 6.0709 2.3774 57.5633 -8.1070 1.8493
Car -1 -1 -4.7254 465.7625 182.1703 485.1530 199.5251 1.4756 1.6844 4.2074 -12.3483 2.3558 65.9689 -4.9101 -2.5186
Car -1 -1 -5.6641 223.5397 174.1882 272.8276 189.7636 1.4304 1.6092 3.9203 -33.8767 1.5570 67.5489 -6.1276 -2.7890
Car -1 -1 -4.6383 355.2867 180.2804 377.4020 197.9131 1.5951 1.6855 4.6467 -23.5538 2.3386 69.8037 -4.9628 -2.8665
Car -1 -1 -3.7774 274.3148 185.8318 347.4889 212.3846 1.4167 1.6063 3.7623 -17.5944 2.2173 42.5030 -4.1680 -3.2913
Car -1 -1 -4.7689 579.8704 185.7333 608.1642 211.2918 1.4099 1.4982 3.5023 -1.0307 2.2171 43.4297 -4.7931 -3.4872
Car -1 -1 -3.7893 213.9571 183.1801 309.2698 215.2777 1.5796 1.7059 4.5986 -19.0059 2.1796 39.5099 -4.2354 -4.2963
Car -1 -1 -7.8614 287.4227 170.5200 310.2930 193.1762 1.9198 1.7904 4.3914 -27.4213 1.7217 63.5096 -8.2677 -4.3435
Car -1 -1 -4.7892 437.3442 181.3243 458.6268 196.9168 1.3697 1.6707 3.5561 -15.1851 2.1839 67.4383 -5.0102 -4.3605
Car -1 -1 -4.8115 199.0965 186.0027 237.8687 214.5567 1.3967 1.5005 3.5050 -21.1680 2.1392 38.8893 -5.3074 -4.4811
Car -1 -1 -4.5241 784.3754 184.4130 828.9146 213.6842 1.3507 1.5345 3.7453 10.0615 1.9741 36.9106 -4.2606 -4.7131
Car -1 -1 -4.7492 86.0406 185.4805 122.9895 213.5876 1.4748 1.6125 4.1846 -29.4573 2.2464 41.9523 -5.3586 -4.7524
Car -1 -1 -4.6741 651.6058 181.5283 673.8054 200.6871 1.4437 1.6446 3.8542 4.2522 2.1671 58.1933 -4.6020 -4.7803
Car -1 -1 -4.1320 44.5953 183.5143 139.1553 218.6416 1.5190 1.6700 4.1452 -24.7339 2.0606 34.5790 -4.7495 -4.8750
Car -1 -1 -4.1061 59.5769 182.2894 119.5905 207.3403 1.7828 1.7264 3.9997 -39.5285 2.5265 54.8812 -4.7282 -4.8965
Car -1 -1 -7.6434 224.3130 185.9397 283.3578 224.3779 1.4537 1.5577 3.3046 -14.9270 2.0354 30.2999 -8.0980 -4.9576
Car -1 -1 -4.4933 25.8169 177.8756 74.3528 206.9398 1.7578 1.6191 4.0766 -36.1088 2.0969 46.5832 -5.1501 -4.9599
Car -1 -1 -8.0670 672.6482 177.0922 697.8276 193.2686 1.5300 1.6773 3.9254 7.3898 1.9608 71.3578 -7.9646 -4.9905
Car -1 -1 -5.2464 157.6032 180.2881 201.8586 202.4459 1.7027 1.5512 3.3790 -34.5807 2.3147 57.9384 -5.7826 -5.0937
Car -1 -1 -2.9772 304.1918 182.2431 369.3876 209.0049 1.5793 1.5920 3.5466 -16.8326 2.1727 44.4961 -3.3372 -5.1132
Car -1 -1 -4.9869 693.2579 180.4507 729.7071 200.7877 1.5411 1.7918 4.4310 8.1809 2.1835 58.7250 -4.8496 -5.1674
Car -1 -1 -4.4186 50.7104 180.9342 101.5637 204.3628 1.4064 1.5666 3.9728 -34.6742 1.9555 46.9200 -5.0525 -5.2300
Car -1 -1 -7.3924 252.0644 187.4769 324.7335 225.0592 1.4491 1.4688 3.4156 -13.7383 2.1106 30.9147 -7.8078 -5.2803
Car -1 -1 -4.3966 255.8303 180.4637 296.4523 200.3540 1.3880 1.5778 4.0507 -24.9856 1.9801 54.0640 -4.8279 -5.4923
Car -1 -1 -4.1931 0.0000 182.3317 53.1608 206.6343 1.4320 1.5440 3.9267 -37.7133 2.0655 46.1882 -4.8751 -5.5105
Car -1 -1 -4.6204 413.1299 184.7626 438.1754 203.7915 1.5029 1.7057 4.1777 -15.8094 2.5610 61.9322 -4.8697 -5.5573
Car -1 -1 -7.6477 542.8389 181.4331 576.6838 206.1339 1.5596 1.5910 3.5342 -3.3853 2.1605 48.7078 -7.7172 -5.5930
Car -1 -1 -4.6359 397.9375 182.1227 429.0391 208.2244 1.5390 1.6062 4.2313 -12.6107 2.1628 46.3552 -4.9004 -5.6123
Car -1 -1 -4.7485 660.4604 180.9167 689.0510 208.1238 1.5047 1.5483 3.7006 3.7778 2.0050 42.9114 -4.6618 -5.6399
Car -1 -1 -4.6361 492.9254 183.3660 516.0568 201.6661 1.4696 1.6737 4.1305 -9.1286 2.4107 62.4949 -4.7810 -5.7002
Car -1 -1 -4.4960 510.5304 181.5069 546.7788 205.5378 1.4827 1.5713 4.0435 -5.4091 2.0845 48.1180 -4.6078 -5.7507
Car -1 -1 -7.5875 0.0000 191.5174 32.0090 220.0127 1.3432 1.4320 3.2076 -31.9252 2.3730 38.0683 -8.2820 -5.7825
Car -1 -1 -4.1836 356.6935 182.4806 406.5621 204.0378 1.4542 1.6061 4.1480 -16.6904 2.1883 52.8399 -4.4885 -5.7843
Car -1 -1 -5.0318 593.3463 179.9059 636.3726 203.9051 1.5344 1.7172 4.2219 0.2513 2.0424 49.7402 -5.0273 -5.7850
Car -1 -1 -4.5051 433.5860 183.2878 471.7390 208.0061 1.4849 1.5966 4.2690 -10.2891 2.1994 47.2916 -4.7186 -5.7865
Car -1 -1 -4.7019 77.4462 182.5127 104.2423 202.2991 1.4522 1.6772 4.2753 -41.2620 2.2497 57.3666 -5.3234 -5.7893
Car -1 -1 -4.3794 172.1515 181.2530 218.6109 201.9816 1.4067 1.6452 4.2850 -30.4438 2.0503 53.0543 -4.8984 -5.8138
Car -1 -1 -4.6630 566.2321 179.3954 593.2485 206.6266 1.7452 1.6534 3.7897 -2.0541 2.2068 49.0555 -4.7052 -5.8243
Car -1 -1 -4.8861 455.6716 185.5337 482.0274 204.3623 1.4962 1.5995 3.7494 -12.2025 2.6233 62.1168 -5.0797 -5.8347
Car -1 -1 -4.0522 89.5156 180.6616 158.1893 203.7268 1.4313 1.6321 4.1068 -32.4858 1.9766 48.3074 -4.6418 -5.8429
Car -1 -1 -4.3118 239.5236 182.1580 288.5887 205.3207 1.4876 1.6417 3.9701 -23.9276 2.1579 49.9831 -4.7565 -5.8455
Car -1 -1 -4.6627 44.7545 184.2242 77.2155 206.8216 1.5515 1.7142 4.3905 -41.1782 2.4407 54.1477 -5.3107 -5.8467
Car -1 -1 -5.4262 1025.1692 174.5559 1144.6078 218.4467 1.5370 1.6208 3.8981 17.8837 1.6063 27.4694 -4.8544 -5.8557
Car -1 -1 -4.6611 112.2504 182.3759 138.1735 200.8939 1.4784 1.6385 4.0069 -41.6070 2.3239 61.9470 -5.2507 -5.8867
Car -1 -1 -4.1084 93.6696 181.4480 155.0032 203.0694 1.3924 1.5760 3.9160 -33.6054 2.0112 50.0026 -4.6979 -5.8867
Car -1 -1 -4.5449 0.0000 186.5966 0.0000 212.3654 1.4349 1.6415 4.0683 -41.2924 2.3255 44.6259 -5.2887 -5.8867
Car -1 -1 -4.4597 0.0000 184.6004 0.0000 214.4874 1.5403 1.6578 4.0210 -41.6103 2.2429 41.0288 -5.2490 -5.8867
Car -1 -1 -4.4478 410.4226 180.8677 439.7040 197.8838 1.4490 1.5911 3.9384 -16.7163 2.1958 65.2873 -4.6978 -5.8867
Car -1 -1 -6.7244 0.0000 0.0000 1241.0000 374.0000 1.5081 1.6021 3.8489 -3.6944 1.6292 1.3711 -7.8744 -5.8867
Car -1 -1 -4.4234 390.7054 181.0444 421.3116 198.1639 1.4476 1.5911 3.9385 -18.3256 2.2063 64.8865 -4.6979 -5.8867
Car -1 -1 -5.8847 1241.0000 178.7888 1241.0000 374.0000 1.5271 1.6141 3.9670 6.9793 1.5639 2.5207 -4.6976 -5.8867
Car -1 -1 -3.5045 0.0000 197.1376 0.0000 374.0000 1.5120 1.6086 3.9602 -7.0816 1.6639 2.5295 -4.6974 -5.8867
Car -1 -1 -7.0763 66.9182 0.0000 1241.0000 374.0000 1.5058 1.6036 3.8498 -1.6861 1.5921 1.3693 -7.8744 -5.8867
Car -1 -1 -4.5845 12.3190 183.4650 50.9827 206.8931 1.5513 1.6602 4.0333 -41.5591 2.3456 51.8824 -5.2575 -5.8867
Car -1 -1 -8.1634 0.0000 0.0000 854.2233 374.0000 1.5682 1.5957 3.8111 0.3111 1.6901 1.0018 -7.9390 -5.8867
Car -1 -1 -8.8246 0.0000 0.0000 1241.0000 374.0000 1.5108 1.6063 3.8514 2.3334 1.5660 1.3674 -7.8744 -5.8867
Car -1 -1 -4.5416 0.0000 181.9892 10.2568 205.9113 1.4751 1.6387 4.0130 -41.6116 2.1131 48.2718 -5.2504 -5.8867
Car -1 -1 -4.6074 508.7584 180.2306 531.7443 197.9977 1.4692 1.5992 3.9298 -7.8641 2.1361 63.2880 -4.7309 -5.8867
Car -1 -1 -4.5670 664.4362 179.9424 690.5747 198.9074 1.5101 1.6485 4.0108 5.7324 2.1320 61.1965 -4.4745 -5.8867
Car -1 -1 -4.2700 266.8058 181.7449 313.2157 202.8331 1.4480 1.5944 3.9327 -23.5637 2.1278 53.2075 -4.6853 -5.8867
Car -1 -1 -4.3672 277.9832 183.1484 320.3487 205.3049 1.4617 1.5834 3.7632 -22.0809 2.2210 51.3160 -4.7720 -6.1686
Car -1 -1 -4.3167 492.9607 181.4677 524.1824 197.6482 1.4115 1.5196 3.8310 -9.4268 2.2374 67.1652 -4.4560 -6.5759
Car -1 -1 -7.8351 311.4114 186.7341 385.2808 258.2485 1.6728 1.7339 4.0561 -7.2142 2.0981 19.9293 -8.1788 -6.7213
Car -1 -1 -4.8552 278.8644 179.9498 305.9469 200.5285 1.5746 1.5018 3.6912 -25.8104 2.1692 58.5284 -5.2691 -7.1191
