Car -1 -1 -8.0688 704.3821 174.6525 748.8632 202.0711 1.5054 1.6775 4.2395 6.6987 1.6153 42.0643 -7.9125 6.5415
Car -1 -1 -8.7358 800.0121 175.4903 864.2079 202.7754 1.4716 1.3113 3.4344 12.5530 1.6278 41.0536 -8.4415 4.9413
Car -1 -1 -7.9967 638.1648 175.5795 671.3560 200.8737 1.4660 1.5509 3.3119 2.6517 1.6380 43.9026 -7.9372 3.4637
Car -1 -1 -7.8708 627.9285 172.0757 651.5818 194.6722 1.6390 1.7042 3.9462 2.1788 1.5823 54.3283 -7.8313 0.8845
Car -1 -1 -6.7791 542.5403 179.0568 642.0045 216.2693 1.4801 1.5664 4.0004 -0.7814 1.7602 30.9336 -6.8047 -2.9390
Car -1 -1 -7.8850 618.0571 173.8150 645.8181 199.4016 1.5678 1.6473 4.1061 1.3382 1.6321 46.4222 -7.8568 -2.9452
Car -1 -1 -4.1551 21.3907 174.8048 87.7117 199.1779 1.5920 1.6970 4.0935 -38.1072 1.7315 49.5869 -4.8079 -3.1300
Car -1 -1 -7.9616 376.4937 177.4730 407.3176 200.9492 1.4608 1.5673 3.6198 -14.4636 1.7781 47.6456 -8.2550 -3.2290
Car -1 -1 -2.7157 329.6875 177.4252 394.0014 201.5307 1.4923 1.5876 3.5374 -15.8241 1.7894 45.9916 -3.0456 -3.3293
Car -1 -1 -2.5380 236.9138 169.9191 284.5113 186.5690 1.5186 1.5825 3.7341 -32.3799 1.2506 66.8782 -2.9876 -3.3462
Car -1 -1 -5.1140 786.8807 176.5235 843.8292 205.0947 1.4464 1.5795 3.8196 11.0010 1.6548 39.0365 -4.8417 -3.7535
Car -1 -1 -4.5921 0.0000 179.4158 22.2198 202.9171 1.4793 1.6309 4.1082 -41.1075 1.9425 48.7949 -5.2896 -3.8046
Car -1 -1 -4.8460 166.7324 174.9368 200.5492 196.1299 1.4896 1.6092 4.1939 -31.5412 1.6493 53.2821 -5.3785 -4.2133
Car -1 -1 -4.7580 378.3956 171.3611 401.4869 192.1048 1.6736 1.6861 3.3931 -18.3745 1.5529 60.0943 -5.0537 -4.4253
Car -1 -1 -8.8175 1117.0245 176.7449 1229.5542 213.3293 1.5654 1.6016 3.8782 25.9153 1.7566 33.4097 -8.1624 -4.6614
Car -1 -1 -8.0264 872.3502 181.8740 955.9806 239.3195 1.4273 1.5626 3.4719 8.4312 1.7050 20.3744 -7.6398 -4.7695
Car -1 -1 -4.3912 125.8205 174.2524 175.0759 195.3566 1.4417 1.6665 4.4425 -33.0443 1.5467 51.9610 -4.9555 -4.8681
Car -1 -1 -5.1950 727.6061 171.9498 773.1819 194.3338 1.5803 1.5864 4.0444 10.2495 1.5162 53.1058 -5.0058 -5.0264
Car -1 -1 -8.5015 765.1724 174.0662 833.9515 204.0896 1.4908 1.6688 3.5776 9.8700 1.5576 37.9583 -8.2494 -5.0842
Car -1 -1 -4.5770 374.1005 170.2024 395.6678 188.4739 1.7238 1.4916 3.8589 -21.8594 1.4733 70.0984 -4.8784 -5.0950
Car -1 -1 -7.0614 808.9291 176.2519 890.6927 205.2038 1.4212 1.5917 4.0905 12.4094 1.6048 37.4218 -6.7440 -5.3806
Car -1 -1 -7.8536 360.6735 178.5339 430.3347 241.3370 1.5881 1.7480 4.0115 -6.2211 1.7687 20.8092 -8.1412 -5.4737
Car -1 -1 -8.0615 873.3305 179.0090 947.5031 225.2952 1.3756 1.5281 3.5536 9.7768 1.5947 23.8286 -7.6771 -5.5569
Car -1 -1 -4.7765 713.2031 174.3314 739.0897 194.2498 1.3900 1.5954 4.1514 8.4328 1.5022 52.8116 -4.6194 -5.5643
Car -1 -1 -4.9918 726.3715 178.2854 762.9987 200.3854 1.4028 1.4650 3.6488 8.9980 1.7827 48.6153 -4.8103 -5.6398
Car -1 -1 -4.7870 839.8085 172.0026 893.1108 215.7077 1.6411 1.6858 4.4957 10.3466 1.6088 29.4821 -4.4531 -5.6538
Car -1 -1 -2.2769 0.0000 177.9350 38.8811 374.0000 1.4052 1.5578 4.1290 -5.9662 1.4398 3.9966 -3.2261 -5.6643
Car -1 -1 -4.9726 855.8357 173.2802 917.4882 205.8203 1.4024 1.6402 4.0484 12.6168 1.4230 33.2474 -4.6132 -5.7324
Car -1 -1 -4.8831 543.6246 175.9951 576.1813 196.8578 1.3652 1.5685 4.1194 -3.5482 1.5923 50.0607 -4.9539 -5.7389
Car -1 -1 -5.5498 1018.3690 171.7312 1138.2015 213.2948 1.5144 1.6077 3.8495 18.2245 1.4732 28.3592 -4.9837 -5.8051
Car -1 -1 -4.8238 688.9855 175.6775 717.3423 196.1256 1.3913 1.5744 3.9156 6.5942 1.6007 51.6078 -4.6979 -5.8867
Car -1 -1 -4.5888 518.0129 176.5295 543.7665 194.4949 1.3564 1.5633 3.9009 -6.2687 1.6577 57.2423 -4.6977 -5.8867
Car -1 -1 -5.1104 895.9899 174.5787 960.2411 205.3178 1.4882 1.6010 3.9458 16.2456 1.5814 37.1373 -4.7013 -5.8867
Car -1 -1 -5.3522 1241.0000 172.0106 1241.0000 219.9312 1.4491 1.6042 4.0249 23.4453 1.4233 23.9187 -4.5833 -5.8867
Car -1 -1 -4.6879 0.0000 176.4336 0.0000 203.2871 1.6143 1.7851 4.5219 -41.2906 1.8551 46.2938 -5.4135 -5.8903
Car -1 -1 -4.0927 111.7377 167.7186 186.4564 196.7016 1.8555 1.7179 4.8929 -31.0063 1.5264 48.6833 -4.6575 -5.9320
Car -1 -1 -4.7068 878.1849 171.6154 927.1630 212.4737 1.4169 1.5924 4.0206 10.9689 1.3737 27.1845 -4.3275 -5.9418
Car -1 -1 -4.5235 520.0140 176.3614 552.5040 197.6518 1.3798 1.5093 3.9022 -5.0417 1.6295 49.4321 -4.6249 -6.0449
Car -1 -1 -4.4036 646.5965 174.0841 684.2109 194.5336 1.3811 1.5355 3.9391 3.9327 1.4715 51.0986 -4.3276 -6.0520
Car -1 -1 -4.9198 895.8273 172.9855 961.9241 210.7740 1.3922 1.5867 3.9852 12.5457 1.3975 28.7075 -4.5120 -6.0915
Car -1 -1 -4.8285 322.5962 176.5281 351.0974 199.7315 1.6356 1.5469 3.8181 -20.3327 1.9185 53.5614 -5.1899 -6.1340
Car -1 -1 -7.3747 1241.0000 174.6608 1241.0000 271.7211 1.4365 1.6077 4.1281 13.2380 1.4697 12.0567 -6.5552 -6.1527
Car -1 -1 -7.4320 1241.0000 173.5493 1241.0000 302.0976 1.5355 1.6571 4.2461 11.6900 1.5463 10.0592 -6.5866 -6.2434
Car -1 -1 -4.9566 524.4806 176.1336 554.2976 195.8454 1.6363 1.6803 3.9060 -6.1943 1.9307 62.7238 -5.0550 -6.3913
Car -1 -1 -4.8255 904.0117 177.1700 955.0241 211.2751 1.4486 1.6988 3.8710 14.6202 1.6599 33.2775 -4.4152 -6.4806
Car -1 -1 -5.6344 0.0000 193.9286 0.0000 347.1164 1.6273 1.7256 3.9617 -10.7100 1.9327 9.2356 -6.4792 -6.5240
Car -1 -1 -5.2500 0.0000 182.8658 7.1975 304.2274 1.5724 1.7958 4.4097 -11.8637 1.7425 10.9272 -6.0642 -6.6015
Car -1 -1 -8.0449 168.3602 168.7464 212.1865 196.3435 1.7263 1.7214 4.1952 -27.5684 1.4690 47.2816 -8.5705 -6.8228
Car -1 -1 -5.6742 808.3401 171.8831 882.4654 196.0106 1.4308 1.6208 4.2154 14.5711 1.3729 44.9555 -5.3630 -7.2676
