Car -1 -1 -4.2883 175.1568 179.1990 256.7639 218.4341 1.8899 1.9615 4.7906 -20.6571 2.2454 38.0091 -4.7835 -0.0186
Car -1 -1 -7.3600 292.3019 180.7372 484.9427 294.7578 1.5417 1.5250 3.4840 -3.4935 1.6916 11.8780 -7.6409 -1.8934
Car -1 -1 -4.3272 263.8231 184.2664 309.3802 210.5393 1.5890 1.6099 3.1749 -20.8934 2.3521 46.6541 -4.7464 -2.3572
Car -1 -1 -4.6904 291.8745 183.2471 310.7377 199.1461 1.4539 1.6154 3.9065 -30.3066 2.5047 70.8588 -5.0935 -2.3642
Car -1 -1 -7.5866 83.1735 178.6964 128.7330 203.2118 1.5573 1.6226 3.6016 -34.0186 1.9676 48.7398 -8.1936 -2.6039
Car -1 -1 -7.9101 586.4682 175.6451 609.8872 198.2991 1.6344 1.5725 3.2160 -0.9410 1.8499 54.1258 -7.9279 -2.6655
Car -1 -1 -4.7294 584.1075 177.4245 605.0377 197.4617 1.5269 1.6046 3.8462 -1.2907 1.9053 57.8285 -4.7521 -3.1144
Car -1 -1 -4.6177 145.1252 171.4211 180.6717 197.5906 1.8506 1.8128 4.4981 -33.0847 1.7489 53.4410 -5.1700 -3.6954
Car -1 -1 -7.5762 146.2513 176.0805 183.5818 195.3762 1.5913 1.7163 3.9793 -38.4418 1.8795 62.3701 -8.1269 -3.8219
Car -1 -1 -4.5459 468.7152 180.7637 502.5388 204.3284 1.5143 1.6425 4.1041 -8.5678 2.0824 49.8007 -4.7158 -4.0128
Car -1 -1 -4.5846 1002.1588 176.4534 1070.8417 222.0477 1.5671 1.7369 4.2387 16.1803 1.7143 27.3577 -4.0557 -4.4987
Car -1 -1 -6.4385 852.6690 178.5932 1014.2661 242.3443 1.5184 1.6438 3.5833 8.1711 1.6763 18.6501 -6.0320 -4.5329
Car -1 -1 -4.8762 581.6804 177.9548 603.0258 192.5463 1.3645 1.5168 3.6220 -1.7732 1.8778 70.7363 -4.9015 -4.6169
Car -1 -1 -5.1773 1218.2609 167.4286 1241.0000 208.5678 1.5829 1.6946 4.4613 27.5869 1.3739 30.1391 -4.4412 -4.8554
Car -1 -1 -4.2474 261.6817 186.9097 310.8385 208.9173 1.5344 1.6345 4.4133 -24.8170 2.6573 55.4125 -4.6670 -4.8675
Car -1 -1 -4.8901 496.6864 179.8014 528.8300 203.5851 1.5486 1.5589 3.8401 -6.8396 2.0521 50.2545 -5.0251 -4.9166
Car -1 -1 -4.6062 338.4221 183.1689 363.9703 204.7193 1.6703 1.5853 3.9993 -21.5417 2.5595 60.0918 -4.9493 -4.9978
Car -1 -1 -4.7654 263.0595 187.7004 298.5625 215.8290 1.3893 1.5856 3.8492 -18.2739 2.2526 39.8988 -5.1927 -5.0355
Car -1 -1 -5.0166 1013.3245 162.9773 1065.1244 191.8095 1.5918 1.5387 3.6472 24.7507 1.0462 41.7858 -4.4851 -5.0944
Car -1 -1 -4.9222 1172.3484 171.7310 1241.0000 221.3609 1.6724 1.6286 3.9499 22.0341 1.6343 26.4418 -4.2333 -5.1707
Car -1 -1 -5.0937 502.9216 177.6146 538.4961 196.0390 1.4276 1.5623 3.8553 -7.3645 1.8304 59.0386 -5.2176 -5.1899
Car -1 -1 -3.8794 227.0822 184.8317 299.1667 212.8140 1.6516 1.7375 4.1029 -22.4170 2.4639 46.7230 -4.3248 -5.2559
Car -1 -1 -5.3162 1208.1539 170.9194 1241.0000 215.3109 1.6285 1.6968 4.0837 26.0176 1.5573 28.6042 -4.5836 -5.3101
Car -1 -1 -4.7083 367.7278 185.2689 388.0959 203.6786 1.4381 1.5986 3.9637 -19.7517 2.5303 61.3673 -5.0188 -5.3196
Car -1 -1 -5.1833 1214.7369 171.3582 1241.0000 222.7714 1.6501 1.6275 4.0022 23.2192 1.6018 25.3029 -4.4469 -5.3620
Car -1 -1 -4.7328 442.0736 185.8171 459.8568 202.8686 1.5065 1.5753 3.4749 -15.1303 2.7699 68.4693 -4.9498 -5.4110
Car -1 -1 -5.0082 1046.2715 177.0593 1128.6410 222.4200 1.5877 1.6485 3.4757 18.0469 1.7588 27.5049 -4.4330 -5.4187
Car -1 -1 -4.4730 545.3384 179.7784 581.9235 202.3447 1.4536 1.5813 4.2074 -3.1985 1.9547 50.0426 -4.5370 -5.4398
Car -1 -1 -4.8219 544.3222 177.4995 566.0611 193.0227 1.3980 1.6096 4.1313 -5.2492 1.8525 68.4638 -4.8985 -5.5220
Car -1 -1 -7.9560 538.8746 177.7216 564.3444 199.5653 1.5182 1.5054 3.4930 -4.3330 1.8868 52.8300 -8.0378 -5.6002
Car -1 -1 -4.5616 515.6504 180.9666 546.1379 201.9574 1.3502 1.5035 4.1274 -5.4841 1.9370 50.1245 -4.6705 -5.6016
Car -1 -1 -4.7965 1178.6028 168.9832 1240.4042 214.7794 1.7161 1.5544 4.0152 24.0720 1.5708 29.1335 -4.1113 -5.6478
Car -1 -1 -5.0530 1241.0000 167.6711 1241.0000 374.0000 1.3734 1.6782 4.3456 5.4971 1.3582 4.3699 -4.1864 -5.6610
Car -1 -1 -5.2176 1241.0000 169.4282 1241.0000 212.9359 1.4185 1.5985 3.9957 24.6922 1.3065 25.6593 -4.4574 -5.7232
Car -1 -1 -4.4267 411.7943 181.3827 451.2560 206.1309 1.5966 1.6436 3.7805 -12.2997 2.2077 49.8014 -4.6680 -5.7299
Car -1 -1 -4.6091 378.9790 181.6106 408.8771 205.3094 1.5432 1.6169 3.8254 -15.1160 2.1806 50.5134 -4.8987 -5.7463
Car -1 -1 -4.9256 456.7768 181.3968 484.4539 198.6822 1.5178 1.6584 4.4362 -13.2009 2.3513 68.0592 -5.1168 -5.7725
Car -1 -1 -5.0944 616.2721 176.0492 666.7144 199.5715 1.4540 1.7264 4.6125 1.9845 1.6760 47.7319 -5.0535 -5.7751
Car -1 -1 -4.6784 400.7440 186.5070 423.0209 206.7068 1.4999 1.6088 3.4474 -15.9119 2.6315 57.9580 -4.9456 -5.7874
Car -1 -1 -4.5055 181.7077 185.8946 229.5070 215.0612 1.5534 1.7050 3.7351 -23.6687 2.3542 42.2864 -5.0133 -5.8581
Car -1 -1 -4.3768 365.1696 183.0860 403.8410 203.2165 1.4865 1.6720 4.1316 -17.9433 2.3314 57.5031 -4.6783 -5.8608
Car -1 -1 -4.6752 518.2134 178.2183 539.3303 195.8829 1.4455 1.6645 4.2009 -7.0296 1.9260 62.5102 -4.7870 -5.8846
Car -1 -1 -4.4389 398.8022 180.7679 437.0355 202.9319 1.4562 1.5941 3.9412 -13.5040 2.0349 50.8045 -4.6978 -5.8867
Car -1 -1 -4.4604 0.0000 184.0700 0.0000 213.3536 1.5113 1.6494 4.0141 -41.6110 2.1822 41.0290 -5.2497 -5.8867
Car -1 -1 -4.3392 439.4043 179.3897 475.8356 198.0327 1.4687 1.6312 4.0234 -12.7442 2.0351 60.4467 -4.5465 -5.8867
Car -1 -1 -7.1462 51.5816 0.0000 1241.0000 374.0000 1.5486 1.5909 3.8056 -1.2978 1.6371 1.0039 -7.9392 -5.8867
Car -1 -1 -4.6183 541.4745 178.4318 563.5176 195.2890 1.4109 1.5793 3.9249 -5.0677 1.9180 63.6699 -4.6977 -5.8867
Car -1 -1 -4.6826 532.5010 178.2505 553.7431 196.4289 1.4014 1.6100 3.9657 -5.4520 1.8565 58.8600 -4.7749 -5.8867
Car -1 -1 -6.7850 0.0000 0.0000 1241.0000 374.0000 1.5537 1.5910 3.8064 -2.9051 1.6756 1.0036 -7.9390 -5.8867
Car -1 -1 -4.4511 409.4811 182.8295 438.4065 199.8320 1.5011 1.6588 4.0263 -17.5391 2.4701 68.0936 -4.7026 -5.8867
Car -1 -1 -7.0749 1230.1699 180.5995 1241.0000 370.6476 1.4324 1.5327 3.8333 8.1209 1.5112 6.4421 -6.1972 -5.9988
Car -1 -1 -7.2144 1224.2197 171.9500 1241.0000 246.2490 1.4483 1.6662 4.3974 15.6189 1.4304 15.2012 -6.4255 -6.0688
Car -1 -1 -4.7590 290.5568 181.6566 326.9837 210.8534 1.6620 1.8791 5.1046 -19.0429 2.2488 45.4158 -5.1542 -6.1231
Car -1 -1 -7.3711 1241.0000 170.4852 1241.0000 257.5730 1.4833 1.6494 4.3640 14.8031 1.4427 13.6739 -6.5571 -6.1989
Car -1 -1 -7.3090 1241.0000 175.6795 1241.0000 313.5584 1.5345 1.6787 4.3611 10.8298 1.5754 9.2972 -6.4636 -6.2208
Car -1 -1 -4.6202 84.7485 184.3396 119.3205 208.6865 1.3933 1.4302 3.6082 -31.6867 2.1403 45.0255 -5.2308 -6.2494
