Car -1 -1 -7.6818 761.0004 174.3482 821.1280 213.7235 1.5368 1.8288 3.9240 7.6668 1.6041 30.4891 -7.4382 0.4184
Car -1 -1 -7.9825 1097.4536 165.7773 1128.8610 184.5802 1.4556 1.5914 3.6989 40.2812 0.9075 57.8652 -7.3769 -0.4516
Car -1 -1 -4.5494 33.3334 178.0982 72.3595 201.5980 1.6385 1.6814 3.7935 -41.1304 2.0406 53.2998 -5.2043 -2.7116
Car -1 -1 -2.3990 560.2542 172.2435 609.0978 192.2971 1.5864 1.6572 3.8917 -2.1174 1.5378 58.9746 -2.4350 -3.0703
Car -1 -1 -5.2696 1188.9191 166.9667 1241.0000 197.1524 1.6173 1.7204 3.8786 34.8292 1.3016 40.7032 -4.5656 -3.4463
Car -1 -1 -2.1349 33.7512 177.0164 102.0577 202.4358 1.5901 1.6473 4.0771 -35.4338 1.8702 47.1212 -2.7771 -3.6061
Car -1 -1 -6.9467 1218.9070 151.4092 1241.0000 303.3629 1.5279 1.6406 4.0543 9.8970 1.3120 8.4332 -6.0989 -3.9343
Car -1 -1 -4.7578 522.2244 177.1326 539.6205 193.8146 1.5646 1.5334 3.3081 -7.7449 1.9917 70.3254 -4.8675 -3.9538
Car -1 -1 -4.0577 487.6041 175.2544 532.5969 193.2609 1.6054 1.7275 4.5868 -9.3036 1.8374 67.3970 -4.1947 -4.0790
Car -1 -1 -4.6389 330.9219 181.8475 367.4678 211.4067 1.5284 1.6445 4.0549 -14.7315 2.0638 40.8052 -4.9836 -4.2149
Car -1 -1 -4.5798 787.4454 170.4193 835.6931 208.6937 1.6735 1.6637 4.0439 9.4340 1.5668 33.7350 -4.3098 -4.2532
Car -1 -1 -5.0161 1172.3173 164.8606 1239.9664 196.2860 1.5061 1.5749 3.7514 30.1153 1.1227 36.6135 -4.3319 -4.4112
Car -1 -1 -4.1772 442.2042 175.0070 493.4005 199.9952 1.7539 1.6837 4.4511 -10.4958 1.9202 53.4343 -4.3705 -4.5659
Car -1 -1 -6.5322 474.6956 177.4867 535.0394 202.7592 1.5180 1.5540 3.4667 -6.6269 1.8170 45.2293 -6.6773 -4.6503
Car -1 -1 -3.5800 560.3047 178.0438 658.9510 219.2882 1.5910 1.6781 3.7091 -0.0571 1.8160 29.7734 -3.5826 -4.8052
Car -1 -1 -5.3591 1066.7877 163.3417 1114.3206 183.8041 1.6015 1.5949 3.1632 38.6189 0.8567 58.1008 -4.7749 -4.8533
Car -1 -1 -4.2300 0.0000 185.7139 10.0425 224.4774 1.5208 1.6364 4.1790 -28.7937 2.1307 32.0110 -4.9585 -4.9322
Car -1 -1 -6.8320 1210.2709 163.4037 1241.0000 195.9106 1.4851 1.7000 4.7353 31.6874 1.0530 34.2519 -6.0899 -5.0893
Car -1 -1 -6.8387 1013.0005 161.9911 1098.4701 192.1380 1.8025 1.7644 4.1309 27.1174 1.1527 44.0368 -6.2900 -5.1919
Car -1 -1 -6.7581 1241.0000 162.2911 1241.0000 362.5126 1.5777 1.6295 3.9098 9.2378 1.4942 7.2162 -5.8704 -5.1935
Car -1 -1 -2.9480 376.5234 186.0921 519.4167 250.0592 1.4270 1.5548 3.0882 -3.8440 1.7581 17.2464 -3.1648 -5.2106
Car -1 -1 -4.9984 834.8739 176.2414 866.0475 194.7526 1.5018 1.5057 3.7199 20.3003 1.7972 61.1107 -4.6794 -5.2522
Car -1 -1 -4.2712 0.0000 185.7513 9.2129 232.3307 1.6321 1.6547 4.1454 -26.0207 2.1852 28.7358 -5.0025 -5.2758
Car -1 -1 -4.8857 799.9153 173.2934 840.2111 201.0770 1.5852 1.5942 4.2937 12.5544 1.6128 43.4578 -4.6067 -5.3801
Car -1 -1 -4.8527 1151.2556 168.3921 1185.5258 188.0526 1.4059 1.5168 3.5307 41.3347 1.0866 53.5083 -4.1978 -5.3833
Car -1 -1 -4.5803 406.5347 177.3569 437.8758 202.0454 1.5341 1.5202 3.6919 -12.3439 1.8420 47.4604 -4.8337 -5.3866
Car -1 -1 -7.8673 204.3501 182.3609 258.6455 231.8161 1.4748 1.5131 4.0477 -12.9021 1.8253 24.4807 -8.3481 -5.4001
Car -1 -1 -4.6417 769.8525 175.2051 805.3843 201.9756 1.3973 1.6408 4.3022 9.9432 1.5361 40.3649 -4.4023 -5.4671
Car -1 -1 -4.6195 769.2725 174.1590 802.3233 197.5676 1.3939 1.6383 4.3743 11.1076 1.4803 45.5608 -4.3822 -5.5060
Car -1 -1 -4.7786 409.7811 179.6485 442.1117 204.4109 1.3717 1.6017 4.3751 -11.1921 1.8037 43.5758 -5.0289 -5.5103
Car -1 -1 -4.6896 1113.6250 167.5793 1147.6605 193.9467 1.5551 1.6318 3.9862 32.2004 1.2437 44.6375 -4.0680 -5.6179
Car -1 -1 -5.0286 840.5881 171.1301 887.1571 192.9937 1.3983 1.6235 4.4542 16.9198 1.2877 48.3864 -4.6943 -5.6602
Car -1 -1 -4.8253 1008.8015 167.0304 1037.7783 187.4196 1.5358 1.5340 3.7865 32.2326 1.0969 56.3930 -4.3085 -5.7200
Car -1 -1 -4.9135 296.9734 178.1272 341.2780 209.5045 1.6626 1.5722 3.9868 -16.6172 1.9776 41.0346 -5.2963 -5.7489
Car -1 -1 -4.4592 364.3839 179.4736 411.0096 204.0923 1.3371 1.6248 4.1632 -13.0437 1.7456 42.4404 -4.7560 -5.7948
Car -1 -1 -4.3642 0.0000 186.0681 4.2145 250.8196 1.3895 1.5964 4.1775 -17.4920 1.7713 18.6302 -5.1110 -5.8005
Car -1 -1 -4.6224 0.0000 180.2268 3.4783 203.7018 1.4269 1.6508 4.1371 -41.1393 1.9328 47.3775 -5.3348 -5.8103
Car -1 -1 -4.6528 1046.3405 167.4244 1078.7185 193.1497 1.6324 1.5995 3.9636 30.0131 1.2876 47.8658 -4.0957 -5.8286
Car -1 -1 -5.1594 1052.4012 167.7307 1097.6049 187.5335 1.5356 1.5803 3.7301 37.2252 1.1380 57.8980 -4.5905 -5.8422
Car -1 -1 -4.3249 0.0000 185.2121 0.0000 221.0616 1.4419 1.6535 4.1718 -30.3555 2.0419 32.8099 -5.0675 -5.8859
Car -1 -1 -4.5347 0.0000 181.1312 0.0000 206.9086 1.4811 1.6523 4.0603 -41.4300 2.0217 45.0001 -5.2759 -5.8867
Car -1 -1 -4.9570 784.7668 174.3016 822.9094 195.8005 1.3872 1.5756 3.9143 13.0230 1.4888 48.7906 -4.6981 -5.8867
Car -1 -1 -4.9417 1241.0000 167.6153 1241.0000 196.4292 1.4774 1.6395 3.9902 41.4695 1.2085 39.1133 -4.1310 -5.8867
Car -1 -1 -5.1375 927.7501 171.5689 977.6717 192.4880 1.3577 1.5643 3.9026 23.0738 1.2740 48.7902 -4.6984 -5.8867
Car -1 -1 -4.8923 1241.0000 168.4231 1241.0000 195.0696 1.5001 1.6510 4.0022 41.4688 1.2503 42.7424 -4.1256 -5.8867
Car -1 -1 -4.4908 0.0000 182.1877 0.0000 209.6018 1.4978 1.6488 4.0302 -41.5892 2.0820 43.0372 -5.2561 -5.8867
Car -1 -1 -4.4340 0.0000 183.6764 0.0000 225.1296 1.4567 1.6315 4.1011 -27.5325 1.9197 28.6966 -5.1941 -5.8867
Car -1 -1 -4.9848 807.9568 174.7861 842.6550 193.5189 1.3930 1.5738 3.9166 16.6445 1.5480 56.0317 -4.6979 -5.8867
Car -1 -1 -7.1459 51.5721 0.0000 1241.0000 374.0000 1.5579 1.5928 3.8080 -1.2972 1.6715 1.0029 -7.9390 -5.8867
Car -1 -1 -4.9895 809.2330 174.5529 849.8042 196.4812 1.4014 1.5763 3.9196 14.6338 1.5197 48.3895 -4.6978 -5.8867
Car -1 -1 -6.7849 0.0000 0.0000 1241.0000 374.0000 1.5634 1.5921 3.8087 -2.9042 1.7129 1.0030 -7.9388 -5.8867
Car -1 -1 -3.4937 0.0000 201.5740 0.0000 374.0000 1.5229 1.6120 3.9649 -6.2785 1.6867 2.1289 -4.6977 -5.8867
Car -1 -1 -4.3584 0.0000 182.1429 2.7194 239.0051 1.4684 1.6166 3.9883 -19.9376 1.7724 21.4874 -5.1002 -5.8867
Car -1 -1 -4.6145 0.0000 178.4314 29.5184 201.4293 1.4905 1.6297 4.0019 -41.4368 1.8922 49.9023 -5.3050 -5.9061
Car -1 -1 -4.4931 826.5657 174.8007 861.3211 195.5482 1.4578 1.6196 3.9835 17.2588 1.6068 53.2248 -4.1816 -5.9232
Car -1 -1 -5.0186 472.9643 175.6950 511.1724 199.9380 1.7498 1.7287 4.0131 -9.0177 1.9737 54.7702 -5.1814 -5.9669
Car -1 -1 -4.2853 0.0000 186.5490 0.0000 237.2580 1.4305 1.6533 4.3304 -23.1306 1.9282 23.9225 -5.0484 -6.0317
Car -1 -1 -1.9896 0.0000 198.2455 0.0000 348.6332 1.5918 1.6684 3.9107 -10.4476 1.9780 9.5526 -2.8057 -6.0319
Car -1 -1 -7.2747 1108.4791 203.3768 1241.0000 374.0000 1.3422 1.6142 3.9949 4.8853 1.5334 3.5464 -6.3711 -6.0982
Car -1 -1 -7.5337 1241.0000 171.2803 1241.0000 374.0000 1.4137 1.5541 4.1035 8.0072 1.4042 5.6196 -6.5995 -6.1515
Car -1 -1 -4.5841 4.8657 180.1300 47.0987 205.9297 1.5982 1.6745 4.0454 -38.8840 2.1045 48.0778 -5.2616 -6.2287
Car -1 -1 -6.5175 1115.7089 165.5292 1173.4591 186.3253 1.5657 1.6082 3.2946 41.1869 1.0139 55.7033 -5.8836 -6.4763
Car -1 -1 -7.8386 1093.5336 168.3802 1241.0000 374.0000 1.7243 1.6205 3.8090 5.5171 1.6959 6.5158 -7.1590 -7.2414
Car -1 -1 -7.9491 994.7930 165.9520 1019.1945 186.7164 1.7767 1.5382 3.6274 34.9952 1.1858 63.7067 -7.4489 -7.3809
