Car -1 -1 -4.9685 643.5577 184.4077 675.0428 203.9386 1.5133 1.6645 4.0154 4.0726 2.5166 60.5523 -4.9022 1.2716
Car -1 -1 -3.0234 417.8609 178.3591 464.2934 200.3458 1.8277 1.6440 3.6864 -14.3924 2.3045 61.5111 -3.2527 -1.6346
Car -1 -1 -4.6737 433.6395 185.9546 456.7399 206.4421 1.5520 1.7041 3.8136 -13.5354 2.6650 59.2864 -4.8976 -1.7073
Car -1 -1 -4.6036 167.1520 184.2878 229.1651 232.1317 1.6341 1.6482 3.8144 -15.7747 2.1059 27.7141 -5.1172 -3.0581
Car -1 -1 -4.8780 659.7313 184.3356 689.5221 204.9313 1.6227 1.8550 4.1519 5.4318 2.6332 61.3801 -4.7907 -3.2519
Car -1 -1 -4.2783 244.6885 188.5227 305.3892 217.7094 1.4369 1.5847 3.7102 -18.2385 2.3319 39.3732 -4.7099 -3.7799
Car -1 -1 -3.8790 179.4949 187.9536 270.8206 220.2172 1.4729 1.6475 4.1142 -19.7908 2.2980 37.2279 -4.3649 -3.8751
Car -1 -1 -4.2329 1.6298 188.4919 59.7937 211.0110 1.4300 1.6070 3.7961 -40.6044 2.5709 50.6376 -4.9063 -4.2518
Car -1 -1 -4.5632 41.8840 186.7476 77.9911 210.0208 1.5093 1.5369 3.3394 -38.7234 2.5227 50.8144 -5.2120 -4.3794
Car -1 -1 -4.3338 204.7956 177.9399 244.8504 200.1702 1.7323 1.5598 3.9086 -31.5619 2.1634 59.1804 -4.8221 -4.4035
Car -1 -1 -4.8046 245.4214 179.9903 270.4430 202.0399 1.7385 1.5566 3.5038 -29.3324 2.3507 60.0234 -5.2576 -4.4170
Car -1 -1 -6.6845 1183.4930 177.9775 1241.0000 213.9996 1.5403 1.6267 3.6589 28.3961 1.7807 32.5662 -5.9723 -4.4585
Car -1 -1 -2.0731 0.0000 188.6607 42.4791 227.6003 1.4641 1.6281 4.4576 -25.9399 2.1532 29.9271 -2.7830 -4.5531
Car -1 -1 -4.8583 494.8036 188.0244 519.2349 207.1954 1.4355 1.4663 3.5997 -8.4756 2.7168 59.0219 -5.0008 -4.6785
Car -1 -1 -4.0355 1031.8170 173.5242 1105.1606 206.1635 1.4699 1.5840 2.6571 21.3729 1.5020 33.7258 -3.4749 -4.6845
Car -1 -1 -7.4493 38.0308 190.4012 157.5506 246.5376 1.4261 1.5668 3.6596 -15.1500 1.9961 21.4999 -8.0575 -4.7200
Car -1 -1 -2.1226 9.7093 185.8562 86.0611 214.5674 1.5346 1.6202 3.9630 -32.2405 2.3055 41.3411 -2.7820 -4.7242
Car -1 -1 -4.5815 41.8118 188.0158 76.8477 208.9307 1.3959 1.5747 3.6676 -40.4420 2.5513 53.0148 -5.2309 -4.8444
Car -1 -1 -4.8140 628.5804 184.1704 655.2120 205.5815 1.6620 1.7955 4.2963 2.6120 2.6456 60.5303 -4.7716 -4.8814
Car -1 -1 -8.3156 906.6482 170.2575 969.1547 196.8089 1.5229 1.6756 4.3047 19.6724 1.3736 43.5685 -7.8943 -4.9183
Car -1 -1 -4.3042 146.3502 182.0593 191.3559 201.1474 1.4327 1.5676 4.1983 -35.6956 2.2060 58.4519 -4.8506 -4.9794
Car -1 -1 -3.7918 175.8231 184.8054 247.7889 210.2126 1.4797 1.5482 3.8746 -25.3845 2.2770 46.0671 -4.2933 -5.1076
Car -1 -1 -5.0745 540.5861 184.6155 574.0061 203.0520 1.5851 1.7171 4.2167 -4.9663 2.7175 67.2109 -5.1484 -5.2735
Car -1 -1 -4.6679 45.7544 184.8990 100.9031 222.8673 1.4278 1.6827 4.2058 -22.8336 1.9779 30.7546 -5.3025 -5.4641
Car -1 -1 -4.9049 671.8527 188.2756 704.0900 209.8297 1.4227 1.5738 4.1159 5.6289 2.5956 52.7754 -4.7998 -5.5041
Car -1 -1 -4.8621 396.0034 183.9741 422.3536 203.2021 1.4822 1.5530 3.8713 -16.7828 2.4404 60.1129 -5.1336 -5.5158
Car -1 -1 -4.8565 557.7010 188.3596 579.9479 206.6568 1.6015 1.6129 3.4593 -3.9335 3.1057 68.1554 -4.9145 -5.6009
Car -1 -1 -7.4790 0.0000 186.5905 57.6367 221.4802 1.4177 1.5933 3.7385 -26.9954 2.0830 32.9353 -8.1618 -5.6407
Car -1 -1 -4.1515 110.3271 182.6934 166.6588 206.0357 1.5907 1.5621 4.0012 -34.5073 2.3390 52.8803 -4.7276 -5.6432
Car -1 -1 -4.6338 473.5450 185.0168 497.4061 206.6008 1.6549 1.6382 3.9901 -10.2958 2.6958 59.7061 -4.8042 -5.7184
Car -1 -1 -4.4753 81.4808 188.4844 145.0910 222.7639 1.4301 1.6058 3.8336 -23.4050 2.2128 34.0716 -5.0737 -5.7421
Car -1 -1 -4.3197 234.5148 184.0315 282.3561 208.8986 1.6779 1.7305 3.9981 -25.5777 2.5237 52.5722 -4.7708 -5.7823
Car -1 -1 -4.9311 204.0239 186.0679 256.7466 215.7535 1.5850 1.8232 4.6119 -22.6838 2.4146 42.9656 -5.4146 -5.7942
Car -1 -1 -2.5840 373.2929 187.2744 432.7090 210.1350 1.7137 1.6532 4.3080 -16.4362 2.8848 57.2259 -2.8629 -5.8081
Car -1 -1 -4.6235 0.0000 188.5924 20.0104 213.9662 1.5578 1.7358 4.1841 -41.6253 2.6801 49.2532 -5.3226 -5.8588
Car -1 -1 -4.4010 0.0000 186.3903 0.0000 227.9103 1.3996 1.6391 4.2409 -26.3686 1.9684 28.0682 -5.1505 -5.8776
Car -1 -1 -5.8847 1241.0000 179.0948 1241.0000 374.0000 1.5265 1.6130 3.9657 6.9793 1.5652 2.5206 -4.6976 -5.8867
Car -1 -1 -9.0792 0.0000 0.0000 1241.0000 374.0000 1.5031 1.6011 3.8474 4.3451 1.5260 1.3702 -7.8744 -5.8867
Car -1 -1 -8.4287 0.0000 0.0000 949.0934 374.0000 1.5668 1.5956 3.8118 0.7003 1.6793 0.9957 -7.9397 -5.8867
Car -1 -1 -5.6697 0.0000 0.0000 1241.0000 374.0000 1.5320 1.6149 3.9711 2.9592 1.6112 1.7181 -4.6976 -5.8867
Car -1 -1 -4.0971 150.3360 183.9599 210.3621 206.4076 1.4657 1.6522 3.9963 -30.4430 2.2853 51.2072 -4.6314 -5.8867
Car -1 -1 -4.6874 143.5089 180.9003 166.1126 198.1576 1.4787 1.6432 4.0178 -41.6091 2.2381 65.9748 -5.2484 -5.8867
Car -1 -1 -4.6723 125.2945 181.1182 149.7023 198.8011 1.4562 1.6342 4.0096 -41.6091 2.2084 63.5591 -5.2502 -5.8867
Car -1 -1 -4.6236 68.4576 184.0135 99.8648 204.9292 1.5270 1.6531 4.0157 -41.6052 2.4433 57.1158 -5.2511 -5.8867
Car -1 -1 -4.6523 101.9753 181.2040 129.0979 199.9152 1.4700 1.6395 4.0128 -41.6095 2.1974 60.7401 -5.2510 -5.8867
Car -1 -1 -4.4892 131.9986 181.5538 168.2743 201.0255 1.4652 1.6162 4.0435 -37.2022 2.1955 58.4155 -5.0544 -5.8867
Car -1 -1 -4.7663 371.2238 184.9860 403.7432 212.9718 1.5589 1.6965 3.6186 -13.6080 2.3303 43.9083 -5.0656 -5.8887
Car -1 -1 -7.1249 400.4946 0.0000 1241.0000 374.0000 1.4727 1.5312 3.7599 -0.8456 1.5765 1.4716 -7.5795 -6.0070
Car -1 -1 -4.7897 558.3393 182.9635 585.8595 209.4228 1.8016 1.6844 4.3301 -2.8583 2.5770 53.1091 -4.8438 -6.0097
Car -1 -1 -4.2727 196.4993 183.4308 245.7497 203.8307 1.3917 1.6049 4.1292 -28.7971 2.2067 53.5100 -4.7645 -6.0525
Car -1 -1 -4.0167 0.0000 177.0691 0.0000 374.0000 1.5873 1.5889 4.0287 -4.8807 1.6155 2.7187 -5.0367 -6.2763
Car -1 -1 -4.3889 97.7830 185.1373 139.4848 207.5315 1.5874 1.6045 3.4826 -37.5077 2.5576 55.1160 -4.9844 -6.2953
Car -1 -1 -2.8635 458.0170 187.9002 517.5980 209.4303 1.6313 1.6650 4.3711 -9.6954 2.8468 57.2330 -3.0310 -6.3047
Car -1 -1 -5.7983 923.6155 334.2780 1241.0000 374.0000 1.1778 1.7826 3.4208 4.6018 2.9513 6.0006 -5.1710 -8.7308
