Car -1 -1 -8.0186 651.2164 179.9879 676.3810 197.5903 1.4737 1.6464 3.5787 4.7017 2.1222 63.7692 -7.9458 2.5432
Car -1 -1 -4.6522 414.1108 181.0959 444.2285 207.6355 1.6207 1.6812 4.0903 -11.9101 2.1885 47.5709 -4.8966 -1.2613
Car -1 -1 -7.8982 1118.6801 175.2821 1174.5618 216.8455 1.5179 1.5750 3.9624 21.2047 1.6212 28.6803 -7.2669 -3.5269
Car -1 -1 -4.6673 837.1418 176.9805 885.4417 218.3058 1.5713 1.7336 4.2985 10.5357 1.7571 30.2154 -4.3354 -4.0063
Car -1 -1 -4.6603 572.3167 180.6893 601.1791 207.0452 1.5613 1.6363 3.9136 -1.4741 2.0807 45.8878 -4.6927 -4.2936
Car -1 -1 -4.2171 0.0000 190.6350 11.3391 218.6674 1.4745 1.5985 3.6742 -37.2369 2.5680 42.4178 -4.9346 -4.4136
Car -1 -1 -4.2354 217.7493 185.9019 289.0623 220.1981 1.5304 1.6372 3.6571 -17.4702 2.2045 35.4484 -4.6906 -4.4215
Car -1 -1 -5.0263 706.2111 177.5729 739.6080 197.5766 1.5701 1.6175 3.8143 9.2596 1.9728 59.5966 -4.8733 -4.4338
Car -1 -1 -5.1600 8.1602 186.5412 74.8361 214.6182 1.5431 1.6240 3.8016 -33.7276 2.3836 42.7544 -5.8250 -4.5620
Car -1 -1 -6.0824 834.0670 179.5904 921.9525 208.6414 1.4461 1.6118 4.1631 14.2440 1.8220 38.5184 -5.7312 -4.5658
Car -1 -1 -4.7970 104.4186 182.5524 138.0983 207.4765 1.6717 1.6715 4.2517 -35.4626 2.4033 52.2705 -5.3909 -4.8975
Car -1 -1 -7.6596 796.6456 179.2957 838.9922 208.8126 1.4693 1.5154 3.6707 11.1631 1.8327 38.7601 -7.3817 -4.9215
Car -1 -1 -7.2671 379.2598 178.7392 416.4872 197.2818 1.7387 1.6625 3.8517 -20.8704 2.3350 71.0654 -7.5520 -4.9356
Car -1 -1 -4.5566 546.1388 181.0590 578.8158 207.3893 1.5440 1.5190 3.5301 -2.9783 2.0794 45.2760 -4.6224 -5.0769
Car -1 -1 -4.4546 0.0000 184.4382 35.1233 214.8977 1.6406 1.6311 4.1422 -35.7506 2.3627 42.7745 -5.1479 -5.1133
Car -1 -1 -8.0999 306.1690 179.7338 357.4831 213.5364 1.7036 1.6791 4.0376 -15.2565 2.0990 39.3664 -8.4677 -5.1189
Car -1 -1 -4.9804 656.7458 178.3223 689.1978 197.6243 1.5208 1.6741 4.0571 5.1882 1.9931 60.2129 -4.8953 -5.1375
Car -1 -1 -4.6809 636.1425 178.5820 656.7057 199.8498 1.5499 1.4713 3.4657 2.7885 2.0030 55.3303 -4.6313 -5.1415
Car -1 -1 -7.7514 640.8290 178.5366 663.0928 196.9384 1.4414 1.4857 3.5118 3.4600 1.9243 59.5112 -7.6940 -5.1660
Car -1 -1 -4.5747 125.4196 180.3753 161.4763 201.5327 1.4778 1.6854 4.4236 -35.1708 2.0696 54.4393 -5.1462 -5.1987
Car -1 -1 -4.2898 8.2091 183.7751 63.8867 206.3871 1.4683 1.6535 3.7983 -40.4183 2.2690 50.8714 -4.9588 -5.3703
Car -1 -1 -4.1960 61.3087 181.9033 122.5712 209.3789 1.8355 1.6460 4.3397 -37.2148 2.5145 51.9218 -4.8156 -5.4032
Car -1 -1 -4.5087 615.6724 179.4675 643.9344 197.3704 1.4868 1.6897 4.1878 1.7641 2.0918 63.8041 -4.4816 -5.5383
Car -1 -1 -8.0084 572.0772 182.5420 636.3344 236.7193 1.6130 1.6261 3.2362 -0.3040 1.9559 23.8320 -8.0219 -5.5804
Car -1 -1 -4.5792 404.2086 183.0243 431.2540 202.4257 1.4797 1.6283 4.0171 -15.7944 2.3451 59.3225 -4.8386 -5.6157
Car -1 -1 -4.4380 167.4028 182.5525 229.4194 217.6877 1.5323 1.6283 3.6973 -19.6663 2.0232 34.5540 -4.9523 -5.7256
Car -1 -1 -4.6224 596.7193 179.0806 619.8041 196.5682 1.3793 1.5771 4.1124 -0.1394 1.9196 60.5337 -4.6251 -5.7279
Car -1 -1 -4.4680 516.2255 181.8930 554.4863 208.1718 1.5310 1.5857 3.4857 -4.6613 2.1191 45.1371 -4.5709 -5.7288
Car -1 -1 -4.5341 152.0040 179.5715 190.7995 202.4357 1.5918 1.7761 4.0251 -32.6250 2.1121 53.7202 -5.0779 -5.7372
Car -1 -1 -4.7727 533.3282 180.3266 558.8223 201.1964 1.4257 1.6094 4.2180 -4.7668 1.9980 53.0768 -4.8623 -5.7704
Car -1 -1 -4.2986 41.4381 182.8804 101.8228 209.7741 1.5656 1.6412 3.8503 -33.9706 2.2275 45.5978 -4.9362 -5.7756
Car -1 -1 -4.9289 360.0299 182.8623 400.5150 207.0627 1.4188 1.6199 4.1559 -14.8236 2.0917 46.3294 -5.2373 -5.7848
Car -1 -1 -4.5044 0.0000 186.0812 27.7721 210.3331 1.5095 1.6557 4.0578 -41.4885 2.4560 49.4681 -5.1998 -5.7964
Car -1 -1 -4.8015 662.0447 178.3431 688.8797 199.7502 1.5685 1.6982 4.1907 5.0173 2.0105 56.0385 -4.7132 -5.7979
Car -1 -1 -4.3489 447.4553 183.1628 494.4012 210.9897 1.6125 1.6017 3.9509 -8.7337 2.2911 45.4388 -4.5382 -5.8029
Car -1 -1 -4.9744 576.7870 178.8958 610.4391 198.6186 1.4764 1.6693 4.1100 -1.3750 1.9766 57.5703 -4.9986 -5.8153
Car -1 -1 -4.7492 541.4293 179.0901 561.6089 196.7809 1.4348 1.5785 3.9801 -5.0796 1.9886 62.0481 -4.8310 -5.8352
Car -1 -1 -5.3447 746.4986 176.8645 807.7101 200.8500 1.4561 1.6130 4.3346 10.7540 1.7293 46.8850 -5.1210 -5.8532
Car -1 -1 -4.0301 198.8102 182.3050 280.2406 213.5717 1.4777 1.6162 3.9694 -19.1867 1.9960 37.4861 -4.5006 -5.8604
Car -1 -1 -4.5390 436.9895 182.9320 466.8039 202.3983 1.4496 1.6438 4.1962 -12.7063 2.2901 58.0670 -4.7539 -5.8625
Car -1 -1 -4.3651 596.1692 178.9409 635.3118 199.3699 1.4930 1.6998 4.3051 0.4679 1.9882 56.4230 -4.3573 -5.8829
Car -1 -1 -4.4614 0.0000 185.5751 0.0000 215.3531 1.5288 1.6532 4.0135 -41.6088 2.2897 41.0256 -5.2507 -5.8867
Car -1 -1 -4.0595 107.7688 182.1620 174.7697 205.9957 1.4510 1.6333 3.9518 -30.8365 2.0904 47.5530 -4.6324 -5.8867
Car -1 -1 -4.6101 52.2842 182.2542 85.4951 202.9218 1.4730 1.6363 4.0091 -41.6090 2.2238 55.5111 -5.2512 -5.8867
Car -1 -1 -4.5168 0.0000 185.6028 0.0000 212.3974 1.5469 1.6587 4.0181 -41.6067 2.3947 45.8513 -5.2510 -5.8867
Car -1 -1 -4.6359 83.9681 181.6310 113.2322 200.9506 1.4632 1.6355 4.0080 -41.6094 2.2034 58.7311 -5.2503 -5.8867
Car -1 -1 -4.7272 622.0925 179.1028 642.3823 198.0039 1.4657 1.5987 3.9454 1.7722 1.9958 59.2500 -4.6979 -5.8867
Car -1 -1 -4.5853 516.1759 179.4886 540.2820 197.0880 1.4391 1.5895 3.9351 -7.0711 2.0314 62.4708 -4.6980 -5.8867
Car -1 -1 -7.5639 152.0088 0.0000 1241.0000 374.0000 1.5604 1.5938 3.8088 -0.4933 1.6712 1.0025 -7.9390 -5.8867
Car -1 -1 -6.9162 0.0000 0.0000 1241.0000 374.0000 1.5631 1.5943 3.8092 -2.1010 1.6990 1.0021 -7.9389 -5.8867
Car -1 -1 -4.4732 429.8336 181.4939 459.3265 199.6779 1.4768 1.5990 3.9467 -14.3057 2.2483 62.4694 -4.6978 -5.8867
Car -1 -1 -4.7710 651.4672 178.7442 677.6556 200.9730 1.4713 1.5989 3.9490 3.7738 1.9018 50.7948 -4.6977 -5.8867
Car -1 -1 -4.4903 0.0000 186.6241 0.0000 215.4554 1.5673 1.6681 4.0237 -41.6059 2.4370 43.4352 -5.2513 -5.8867
Car -1 -1 -6.7244 0.0000 0.0000 1241.0000 374.0000 1.5055 1.6023 3.8488 -3.6947 1.6171 1.3713 -7.8744 -5.8867
Car -1 -1 -8.6435 0.0000 0.0000 1049.1055 374.0000 1.5501 1.5912 3.8058 1.1142 1.6179 1.0031 -7.9391 -5.8867
Car -1 -1 -4.5562 491.5452 180.8886 522.1285 202.8065 1.4872 1.6037 3.9554 -7.4812 2.0926 52.4051 -4.6977 -5.8867
Car -1 -1 -4.4213 596.2380 179.9098 625.1683 196.5183 1.4847 1.6328 4.1449 0.0817 2.1770 68.6064 -4.4205 -5.8867
Car -1 -1 -4.4637 681.6544 175.0865 711.8607 194.8713 1.5665 1.5502 4.0074 7.1935 1.7578 59.7630 -4.3449 -5.9087
Car -1 -1 -4.9668 661.0167 179.0390 697.0385 199.8555 1.4093 1.5745 4.2449 4.9329 1.8772 52.3917 -4.8739 -5.9336
Car -1 -1 -5.4304 703.5639 175.5791 752.0144 197.4012 1.4790 1.4123 3.5364 8.2967 1.6793 51.2434 -5.2712 -6.0632
Car -1 -1 -4.5807 480.4093 183.5104 513.6221 211.2576 1.6115 1.5731 3.8162 -7.0851 2.3088 45.3093 -4.7354 -6.0798
Car -1 -1 -7.3715 1241.0000 175.0307 1241.0000 293.8439 1.4911 1.6341 4.2513 11.8231 1.5263 10.4304 -6.5379 -6.2026
Car -1 -1 -4.7662 154.6975 183.8196 186.3407 208.3490 1.4931 1.5887 3.8582 -29.1636 2.2500 47.7853 -5.3119 -6.5339
