Car -1 -1 -5.7406 418.1638 172.4271 467.0466 190.4460 1.5950 1.7090 4.0023 -15.1652 1.5569 65.2999 -5.9682 -1.6636
Car -1 -1 -5.2190 134.7521 170.8878 230.8991 210.6540 1.5879 1.6917 4.1948 -18.1839 1.5090 30.6032 -5.7515 -1.7684
Car -1 -1 -2.3468 477.3631 171.2274 523.4181 189.9417 1.5556 1.6520 3.8834 -9.4292 1.4201 61.8035 -2.4978 -2.2321
Car -1 -1 -4.6877 622.9907 169.7380 644.5905 189.1578 1.5315 1.6707 3.8789 1.9437 1.2855 58.8866 -4.6552 -2.4004
Car -1 -1 -4.9801 694.1049 158.5683 727.3295 183.3754 2.0498 1.8108 4.0068 8.5486 0.8691 61.7255 -4.8433 -2.6032
Car -1 -1 -8.3323 611.7386 173.4459 646.8124 193.2345 1.8372 1.6685 4.0885 1.7963 1.8956 69.3246 -8.3069 -2.9047
Car -1 -1 -7.5537 337.4847 172.3228 367.5196 188.4640 1.5301 1.6817 3.8904 -25.0934 1.4794 70.3762 -7.8952 -3.0787
Car -1 -1 -4.7209 411.2571 174.4325 430.1033 191.4447 1.5095 1.6325 3.6622 -17.4508 1.6588 66.3728 -4.9773 -3.7462
Car -1 -1 -4.3484 614.9258 165.4576 648.7362 184.7340 1.6483 1.7108 3.9147 1.9429 1.0156 63.8342 -4.3184 -4.1694
Car -1 -1 -4.6341 101.5317 171.5400 163.4073 216.6444 1.6860 1.7482 4.2072 -19.2964 1.6366 29.2363 -5.2135 -4.2117
Car -1 -1 -7.6115 518.3514 164.4591 552.2944 186.8121 1.6478 1.6793 3.9858 -5.7060 1.0286 55.2793 -7.7142 -4.2199
Car -1 -1 -2.7695 680.1163 170.0134 759.9839 200.2849 1.6015 1.6472 4.0430 6.0308 1.4510 39.8938 -2.6210 -4.2817
Car -1 -1 -5.2776 624.2802 161.6059 681.8425 188.7223 1.7067 1.7619 4.3012 2.7571 0.9984 47.7206 -5.2206 -4.3358
Car -1 -1 -4.3596 357.3379 175.9327 389.0233 192.8462 1.6088 1.7862 3.7468 -23.3573 1.9206 71.2308 -4.6756 -4.4127
Car -1 -1 -4.8621 599.0162 166.4046 626.4990 185.0723 1.5171 1.6803 4.3649 0.1691 0.9927 60.9220 -4.8596 -4.4607
Car -1 -1 -4.2432 0.0000 166.8974 50.1196 211.3481 1.6505 1.7421 3.7724 -24.4097 1.4290 28.8255 -4.9413 -4.4832
Car -1 -1 -7.5043 526.8433 168.6749 558.9031 189.0245 1.8509 1.6953 4.1140 -6.2919 1.4705 67.8317 -7.5968 -4.5162
Car -1 -1 -7.4271 284.3465 162.3499 326.8517 185.6183 1.8540 1.7471 3.9505 -25.0670 1.0168 59.4925 -7.8245 -4.5971
Car -1 -1 -6.7634 716.7415 158.7572 774.4761 180.5705 1.5852 1.5998 3.9353 10.0695 0.5605 53.7739 -6.5795 -4.6368
Car -1 -1 -7.3529 170.5813 163.8902 259.9860 205.2787 1.7626 1.8153 4.0771 -17.8434 1.3805 32.7708 -7.8483 -4.7333
Car -1 -1 -7.6509 503.5263 165.3773 541.3970 191.0444 1.6116 1.7238 3.8452 -5.7224 1.1418 47.2915 -7.7709 -4.9046
Car -1 -1 -4.8578 436.2281 168.5039 462.4849 185.8032 1.4468 1.6532 4.0222 -13.9722 1.0827 62.5194 -5.0769 -5.0461
Car -1 -1 -4.2300 626.1844 160.0046 673.5547 183.7570 1.6554 1.6541 4.2719 2.9198 0.7596 52.5466 -4.1751 -5.0746
Car -1 -1 -4.2777 440.0235 171.8164 480.3893 193.8929 1.6079 1.5889 3.6677 -11.3021 1.5320 54.5180 -4.4815 -5.3118
Car -1 -1 -4.8402 677.6280 161.5804 714.8915 188.3395 1.5087 1.6256 4.4971 5.0396 0.8728 42.9386 -4.7244 -5.3676
Car -1 -1 -4.5280 363.8850 170.4019 399.5093 190.8797 1.5484 1.8489 4.7004 -18.0037 1.3627 57.0038 -4.8329 -5.4709
Car -1 -1 -2.0666 0.0000 188.5932 0.0000 374.0000 1.4978 1.6162 4.1786 -7.3042 1.6428 5.5032 -2.9681 -5.5974
Car -1 -1 -2.5626 0.0000 173.4178 58.0670 374.0000 1.4761 1.6191 4.2277 -5.9753 1.4801 4.0212 -3.5098 -5.6237
Car -1 -1 -7.8007 469.9497 166.9228 491.2376 186.7686 1.6827 1.6164 4.2641 -11.3602 1.1795 63.3929 -7.9776 -5.6765
Car -1 -1 -5.2958 1241.0000 155.2599 1241.0000 374.0000 1.3937 1.5892 4.0903 7.8165 1.3159 5.3723 -4.3525 -5.7996
Car -1 -1 -4.3231 0.0000 175.4286 0.0000 256.5865 1.4215 1.6379 4.1343 -15.8690 1.4827 15.0008 -5.1277 -5.8150
Car -1 -1 -4.7969 0.0000 168.4656 68.7184 210.0499 1.4878 1.7339 4.4678 -22.4658 1.3305 28.0350 -5.4679 -5.8713
Car -1 -1 -5.9157 1241.0000 0.0000 1241.0000 374.0000 1.4972 1.6030 3.9567 6.5851 1.4626 2.1306 -4.6978 -5.8867
Car -1 -1 -4.9568 0.0000 0.0000 1241.0000 374.0000 1.5011 1.6049 3.9594 0.5468 1.5327 1.7193 -4.6976 -5.8867
Car -1 -1 -3.4784 0.0000 0.0000 1241.0000 374.0000 1.4950 1.6013 3.9535 -5.4732 1.5841 1.7266 -4.6973 -5.8867
Car -1 -1 -4.2060 264.9615 0.0000 1241.0000 374.0000 1.4944 1.6040 3.9577 -1.0612 1.5236 1.7196 -4.6977 -5.8867
Car -1 -1 -3.7556 0.0000 178.2019 132.0485 374.0000 1.4796 1.5984 3.9502 -3.8662 1.5128 2.5335 -4.6977 -5.8867
Car -1 -1 -5.5148 0.0000 0.0000 1206.1443 374.0000 1.5011 1.6044 3.9592 2.1548 1.5168 1.7192 -4.6976 -5.8867
Car -1 -1 -5.9091 1241.0000 172.8884 1241.0000 374.0000 1.5142 1.6071 3.9603 8.5934 1.5142 2.9303 -4.6975 -5.8867
Car -1 -1 -4.2825 0.0000 177.7760 0.0000 242.9901 1.3490 1.5774 4.1533 -17.9384 1.4832 17.4827 -5.0732 -5.8936
Car -1 -1 -4.5818 697.0527 163.7080 738.8310 197.1490 1.6176 1.6817 3.4198 5.5032 1.1749 36.7778 -4.4348 -5.9278
Car -1 -1 -8.5881 1241.0000 157.3486 1241.0000 345.4847 1.4357 1.5870 3.9634 9.8856 1.3171 7.5904 -7.6909 -5.9842
Car -1 -1 -5.0763 587.1216 163.5063 626.7269 183.1811 1.4463 1.6536 4.1640 -0.3091 0.7589 55.2824 -5.0821 -6.2271
Car -1 -1 -5.2452 0.0000 175.2009 18.2370 286.9474 1.5944 1.8764 4.6220 -12.5104 1.6372 11.8061 -6.0482 -6.4537
Car -1 -1 -5.4555 0.0000 183.7446 24.5044 308.6356 1.5877 1.8329 4.4496 -11.3465 1.7563 10.2621 -6.2780 -6.5126
Car -1 -1 -5.5442 0.0000 181.7442 33.9889 354.0149 1.6731 1.8183 4.3968 -9.6526 1.7886 8.2651 -6.3908 -6.5548
Car -1 -1 -4.9769 1241.0000 178.6683 1241.0000 374.0000 1.5116 1.8326 4.2491 5.4083 1.5642 4.3030 -4.1116 -6.5885
