Car -1 -1 -4.3462 244.7710 179.8934 311.7250 213.5316 1.6631 1.8352 4.3259 -17.7821 2.0631 38.8147 -4.7735 -1.2804
Car -1 -1 -2.3055 67.3627 177.5632 151.9103 209.8958 1.5471 1.6218 3.3899 -25.0159 1.7898 36.0494 -2.9088 -3.6678
Car -1 -1 -5.6698 115.7697 179.7206 223.0905 218.4021 1.5314 1.6264 3.4901 -18.2062 1.8239 29.8291 -6.2141 -3.7963
Car -1 -1 -4.4797 89.6828 161.2914 141.1962 186.2500 1.4968 1.7822 4.0547 -31.1315 0.8031 45.4842 -5.0773 -4.0786
Car -1 -1 -4.4468 517.3789 179.6505 555.4813 202.2337 1.4698 1.6434 4.0424 -5.1182 1.9640 50.3705 -4.5479 -4.1061
Car -1 -1 -7.6455 121.8768 169.1524 164.4785 192.8108 1.5348 1.6535 3.8630 -31.6134 1.2944 48.9087 -8.2170 -4.1531
Car -1 -1 -4.7941 549.6781 180.0267 576.2975 202.7260 1.4959 1.5712 3.5651 -3.3597 2.0175 50.6176 -4.8605 -4.1644
Car -1 -1 -5.7959 428.4312 184.0764 479.8737 205.5584 1.5368 1.6257 3.4109 -11.7169 2.3983 54.1647 -6.0084 -4.2079
Car -1 -1 -4.5845 375.9273 183.6779 412.6027 211.0143 1.5457 1.6760 3.9400 -13.2940 2.2444 44.5223 -4.8735 -4.2475
Car -1 -1 -5.0411 681.2045 170.8480 708.2758 188.9383 1.7322 1.7046 3.1610 8.2723 1.5398 70.8152 -4.9256 -4.3565
Car -1 -1 -4.6990 494.8167 178.5281 512.9074 198.5279 1.6893 1.5399 3.8248 -9.4236 2.2086 64.0761 -4.8448 -4.6603
Car -1 -1 -7.9363 178.8614 176.9185 227.2456 216.4770 1.6965 1.6282 4.1531 -19.0155 1.8975 33.5665 -8.4486 -4.9501
Car -1 -1 -5.2253 619.9499 177.0415 664.6183 199.9449 1.5759 1.5278 3.8873 2.2754 1.8923 52.4866 -5.1827 -4.9530
Car -1 -1 -7.6247 219.5404 179.5962 274.0557 212.5640 1.6233 1.6686 4.3111 -19.4595 2.0065 38.7536 -8.0876 -4.9560
Car -1 -1 -2.6778 599.5504 176.9638 666.8376 203.4474 1.7213 1.6830 4.2843 1.5365 2.0112 49.1980 -2.6473 -5.0003
Car -1 -1 -4.9985 360.4014 179.9626 394.5531 201.8111 1.6484 1.5971 3.7892 -18.6688 2.2371 57.7656 -5.3101 -5.0266
Car -1 -1 -4.7719 349.3420 178.4238 373.0364 199.1341 1.5349 1.5373 3.7232 -19.5590 1.9868 56.5718 -5.1036 -5.2661
Car -1 -1 -4.7523 614.6867 179.3385 636.2325 198.3060 1.4800 1.6117 4.2330 1.2263 2.0372 59.8920 -4.7324 -5.2928
Car -1 -1 -4.5172 474.8288 178.5176 503.3737 198.0845 1.6469 1.6890 4.3772 -10.7412 2.1680 64.2228 -4.6826 -5.3264
Car -1 -1 -4.9022 563.7631 178.0413 593.2231 195.8151 1.3796 1.6429 4.2996 -2.6678 1.8243 59.6177 -4.9471 -5.3590
Car -1 -1 -5.1231 494.1310 178.4198 553.0406 207.4643 1.6443 1.8062 4.8362 -5.4149 2.0059 44.3658 -5.2444 -5.3754
Car -1 -1 -5.6760 24.5889 165.8826 112.5999 193.0994 1.5596 1.5805 3.9200 -31.6497 1.1598 42.2009 -6.3166 -5.4746
Car -1 -1 -4.5542 503.8833 179.6720 530.1006 196.6976 1.4049 1.6409 4.2186 -8.1554 2.0236 63.3796 -4.6820 -5.4888
Car -1 -1 -4.7079 570.9843 177.5186 591.1052 195.2442 1.4614 1.6907 4.3369 -2.5379 1.8816 62.8415 -4.7485 -5.4891
Car -1 -1 -4.1262 585.3572 177.0477 634.8559 200.1895 1.6707 1.7427 4.2177 0.0234 2.0039 55.1420 -4.1263 -5.5433
Car -1 -1 -4.8606 665.4578 175.2018 689.7356 193.3337 1.7214 1.7813 4.1597 6.6153 1.9596 71.1767 -4.7687 -5.5633
Car -1 -1 -3.6509 654.0394 178.3974 703.8016 193.6202 1.3629 1.7242 4.3440 6.4274 1.8938 67.4771 -3.5568 -5.6174
Car -1 -1 -4.6036 548.2012 179.4351 568.2108 194.3460 1.3827 1.5505 3.7946 -5.0563 2.0433 70.5334 -4.6753 -5.6187
Car -1 -1 -4.4135 473.4559 180.8766 514.5908 204.5567 1.5035 1.5949 4.2960 -7.9416 2.0792 49.5667 -4.5720 -5.6617
Car -1 -1 -4.6132 646.0300 178.5295 673.5002 199.8991 1.4967 1.6680 3.8720 3.7060 1.9346 53.6699 -4.5451 -5.6919
Car -1 -1 -4.6264 592.6558 179.8163 619.8198 201.2855 1.4296 1.5964 4.1141 -0.2620 1.9470 51.5336 -4.6319 -5.7010
Car -1 -1 -4.9508 510.7423 178.4821 539.2137 194.2228 1.3936 1.6513 4.4607 -8.0641 1.9419 67.9587 -5.0688 -5.7070
Car -1 -1 -4.4914 361.1355 182.1908 397.2983 203.6022 1.4387 1.6413 4.1008 -16.7506 2.1444 52.4416 -4.7994 -5.7445
Car -1 -1 -4.6409 599.2246 178.6951 622.0377 196.8328 1.4678 1.6512 4.5266 0.0650 1.9898 62.1991 -4.6403 -5.7601
Car -1 -1 -4.6338 525.9503 178.4975 551.7471 199.8981 1.4972 1.6030 3.9064 -5.2686 1.9306 53.4861 -4.7319 -5.7653
Car -1 -1 -4.5632 304.4913 176.6387 338.4932 203.7334 1.7111 1.5666 3.7124 -19.2223 1.9736 48.1087 -4.9417 -5.8047
Car -1 -1 -4.5889 569.3619 179.7298 598.7006 201.0323 1.3990 1.5608 4.2709 -1.8246 1.9056 50.9972 -4.6249 -5.8062
Car -1 -1 -4.3431 391.8412 181.3682 433.7779 202.6001 1.5141 1.6701 4.2932 -15.1253 2.1945 55.4593 -4.6085 -5.8642
Car -1 -1 -4.3599 0.0000 184.7816 18.4788 272.0097 1.6581 1.7811 4.6503 -15.8632 1.9781 16.8850 -5.1063 -5.8675
Car -1 -1 -4.5499 490.8467 178.5596 519.5101 197.6926 1.4384 1.6249 4.0687 -8.3424 1.9091 57.5146 -4.6937 -5.8723
Car -1 -1 -8.1633 0.0000 0.0000 854.1572 374.0000 1.5646 1.5957 3.8101 0.3106 1.6760 1.0014 -7.9390 -5.8867
Car -1 -1 -4.4843 434.4322 180.5183 471.1802 203.5041 1.4616 1.5955 3.9452 -10.6983 2.0049 49.1879 -4.6977 -5.8867
Car -1 -1 -5.9099 0.0000 0.0000 1241.0000 374.0000 1.5290 1.6138 3.9665 5.3712 1.5826 1.7161 -4.6976 -5.8867
Car -1 -1 -4.5011 589.0293 177.5513 615.4553 194.1178 1.4243 1.6152 3.8798 -0.6922 1.8623 65.2657 -4.5120 -5.8867
Car -1 -1 -8.8247 0.0000 0.0000 1241.0000 374.0000 1.5101 1.6066 3.8511 2.3332 1.5630 1.3671 -7.8744 -5.8867
Car -1 -1 -7.2110 155.9801 0.0000 1241.0000 374.0000 1.5026 1.6022 3.8485 -1.2829 1.5790 1.3712 -7.8745 -5.8867
Car -1 -1 -6.7849 0.0000 0.0000 1241.0000 374.0000 1.5550 1.5919 3.8069 -2.9052 1.6789 1.0032 -7.9390 -5.8867
Car -1 -1 -3.5476 0.0000 194.5519 0.0000 374.0000 1.5086 1.6071 3.9589 -6.2775 1.6442 2.5299 -4.6974 -5.8867
Car -1 -1 -4.6737 582.4462 177.6803 603.0432 195.3161 1.4032 1.5782 3.9203 -1.4433 1.8204 60.4582 -4.6978 -5.8867
Car -1 -1 -9.0457 0.0000 0.0000 1241.0000 374.0000 1.5065 1.6037 3.8494 3.9413 1.5370 1.3679 -7.8743 -5.8867
Car -1 -1 -4.4001 369.1287 179.6819 405.9328 199.1351 1.4092 1.5799 3.9239 -17.1293 1.9539 55.6254 -4.6977 -5.8867
Car -1 -1 -4.8969 649.2371 178.6189 678.3354 196.6952 1.3339 1.5436 4.1118 4.1621 1.8039 56.7328 -4.8245 -5.8878
Car -1 -1 -4.3229 0.0000 181.2288 0.0000 255.8537 1.4433 1.6058 4.0527 -17.5110 1.6612 16.6224 -5.1263 -5.9238
Car -1 -1 -4.0922 0.0000 181.8720 6.7746 243.4326 1.4465 1.7300 4.8333 -19.5565 1.7301 20.2053 -4.8547 -6.1765
Car -1 -1 -4.1129 311.6620 176.3063 356.2445 196.8932 1.4823 1.4356 3.4630 -20.8043 1.7513 54.4255 -4.4766 -6.9010
