Car -1 -1 -7.9887 638.2618 181.9600 662.1699 199.9814 1.4492 1.5779 3.4899 3.3836 2.2496 61.6458 -7.9346 1.6821
Car -1 -1 -7.6068 410.3633 181.7466 446.7444 203.2642 1.5171 1.7217 4.0831 -13.7088 2.2150 54.6043 -7.8520 -1.7451
Car -1 -1 -4.1432 182.6497 174.6118 227.4647 192.4769 1.5227 1.6101 3.8985 -35.8180 1.6829 63.8852 -4.6526 -3.1535
Car -1 -1 -4.4516 553.5601 185.3144 592.7297 208.8580 1.4065 1.5947 4.0175 -2.4101 2.2631 47.4899 -4.5026 -3.4916
Car -1 -1 -4.8803 438.8683 183.9757 467.4026 203.9363 1.5316 1.6914 3.8275 -13.0519 2.4850 59.7847 -5.0947 -3.8076
Car -1 -1 -4.1719 781.0359 184.0258 860.7337 219.8598 1.4856 1.6745 4.0570 9.6895 2.0294 33.1507 -3.8905 -3.9226
Car -1 -1 -4.4863 145.4992 183.9027 209.3015 218.3673 1.5160 1.7817 4.1892 -21.1993 2.0934 35.4581 -5.0220 -4.3967
Car -1 -1 -6.1759 462.5034 185.5379 515.2252 204.5183 1.5063 1.6407 4.1333 -9.9736 2.5677 59.4576 -6.3418 -4.4085
Car -1 -1 -7.9860 50.9927 185.8207 116.5039 231.2334 1.5208 1.5291 3.6192 -19.8118 2.0397 27.0522 -8.6136 -4.4547
Car -1 -1 -4.7639 539.9313 181.0885 566.1769 206.3023 1.5364 1.5188 3.5187 -3.7739 2.0937 47.0140 -4.8441 -4.6648
Car -1 -1 -4.6878 380.1608 186.0329 397.5085 201.7202 1.3993 1.5090 3.3098 -21.2019 2.6953 69.1752 -4.9845 -4.7301
Car -1 -1 -7.0579 786.1324 181.5681 850.4449 207.7036 1.4846 1.5577 3.7063 12.5590 2.0298 43.5986 -6.7798 -4.8587
Car -1 -1 -1.9248 292.4048 182.0702 348.8819 213.7652 1.7055 1.7224 4.1822 -16.9951 2.2714 42.1932 -2.3058 -4.9467
Car -1 -1 -4.7706 11.8136 180.5201 47.5414 207.7243 1.6744 1.6069 4.1523 -38.3931 2.2027 47.6636 -5.4461 -4.9754
Car -1 -1 -4.6776 38.7944 183.5312 72.9365 209.3504 1.6125 1.6914 3.8436 -37.4763 2.3650 48.8190 -5.3299 -5.2460
Car -1 -1 -4.1673 444.6657 180.8703 490.6441 201.5747 1.4536 1.5680 3.9784 -10.7196 2.0819 54.4484 -4.3612 -5.3521
Car -1 -1 -4.5763 30.1216 186.2300 95.1297 227.1264 1.5133 1.6523 3.7166 -22.7489 2.1076 30.0496 -5.2202 -5.3611
Car -1 -1 -4.1963 107.9482 180.0939 172.0708 202.8981 1.3940 1.6269 4.3160 -31.0091 1.8944 47.7051 -4.7703 -5.4699
Car -1 -1 -5.3332 731.6320 178.7911 802.7735 214.7632 1.5633 1.5745 3.3831 7.2698 1.8567 33.8374 -5.1240 -5.4925
Car -1 -1 -4.5064 505.6642 183.3820 542.2214 208.0355 1.4577 1.5819 3.8284 -5.5128 2.1623 46.3280 -4.6247 -5.5935
Car -1 -1 -5.0053 71.5511 183.1633 125.3375 209.3846 1.4258 1.5653 3.7593 -30.1200 2.0568 42.4040 -5.6201 -5.6626
Car -1 -1 -4.4649 439.7455 183.1869 479.4408 208.2802 1.4576 1.5283 3.9672 -9.4830 2.1389 45.5847 -4.6693 -5.6736
Car -1 -1 -4.0692 50.7998 180.8448 121.3440 205.3520 1.5546 1.6781 4.2558 -35.7351 2.1242 49.3113 -4.6939 -5.6855
Car -1 -1 -4.8684 671.6750 180.7630 705.9008 204.9246 1.4408 1.5575 4.1203 4.9955 1.9732 46.4965 -4.7626 -5.7051
Car -1 -1 -5.6557 1143.0000 172.6330 1241.0000 226.9672 1.5685 1.6649 3.9843 19.4871 1.5618 22.9645 -4.9587 -5.7101
Car -1 -1 -4.0930 263.0804 181.2741 316.5399 201.8268 1.4043 1.5928 3.9572 -23.5356 2.0483 53.1180 -4.5085 -5.7160
Car -1 -1 -4.6792 618.2729 181.2931 645.0372 206.1325 1.4652 1.5783 4.1126 1.3865 2.0286 46.0917 -4.6498 -5.7175
Car -1 -1 -4.4943 474.4613 183.6845 511.2484 208.2037 1.4347 1.5086 3.8789 -7.4458 2.1538 45.9482 -4.6545 -5.7294
Car -1 -1 -4.8172 592.4621 181.4481 623.2515 206.8799 1.5090 1.5505 4.0569 -0.2127 2.0856 46.3345 -4.8223 -5.7815
Car -1 -1 -4.9173 510.2088 181.2697 543.2109 201.9881 1.4361 1.6333 4.1859 -6.3114 2.0928 54.0807 -5.0334 -5.7942
Car -1 -1 -4.7622 649.1278 180.6690 677.6014 207.4148 1.6202 1.6432 3.7008 3.3811 2.1456 46.6692 -4.6909 -5.7988
Car -1 -1 -4.5264 0.0000 184.7308 15.8611 208.3503 1.4502 1.6346 4.0171 -41.5452 2.2855 48.6131 -5.2310 -5.8065
Car -1 -1 -4.4180 353.0768 182.4300 391.8965 204.2737 1.4944 1.6090 4.0522 -17.4863 2.2273 53.1983 -4.7344 -5.8332
Car -1 -1 -4.6572 386.2421 183.1655 410.0374 203.5114 1.5617 1.6704 3.9489 -17.5018 2.4439 59.6374 -4.9418 -5.8607
Car -1 -1 -4.6143 585.0590 180.8912 610.3362 199.7610 1.4576 1.6983 4.1155 -1.0082 2.1454 59.6592 -4.6316 -5.8794
Car -1 -1 -4.8011 562.9653 179.5544 586.6414 198.6855 1.5181 1.6375 4.0178 -3.0232 2.1023 60.8324 -4.8510 -5.8847
Car -1 -1 -4.6187 64.4961 180.1413 96.3105 200.0833 1.4650 1.6406 4.0193 -41.6126 2.0592 56.7211 -5.2496 -5.8867
Car -1 -1 -4.6392 91.1878 179.1245 119.8477 197.9160 1.4573 1.6422 4.0261 -41.6142 1.9932 59.5430 -5.2473 -5.8867
Car -1 -1 -4.4115 246.7345 180.9907 301.2992 209.8972 1.4851 1.6416 4.0159 -18.7463 1.9634 40.3483 -4.8442 -5.8867
Car -1 -1 -4.5413 480.0289 181.0348 511.4718 202.9887 1.4888 1.6057 3.9557 -8.2851 2.1053 52.4044 -4.6977 -5.8867
Car -1 -1 -4.7371 628.3185 179.4806 651.1966 200.5849 1.4851 1.6043 3.9543 2.1669 1.9991 54.0123 -4.6977 -5.8867
Car -1 -1 -7.5627 153.8073 0.0000 1241.0000 374.0000 1.5595 1.5953 3.8097 -0.4939 1.6629 1.0028 -7.9381 -5.8867
Car -1 -1 -4.5040 0.0000 184.4636 0.0000 212.0788 1.5269 1.6517 4.0137 -41.5743 2.2666 43.8420 -5.2600 -5.8867
Car -1 -1 -4.5117 457.0526 181.0349 490.1101 202.8831 1.4815 1.6027 3.9530 -9.8932 2.0980 52.4051 -4.6977 -5.8867
Car -1 -1 -9.0642 0.0000 0.0000 1241.0000 374.0000 1.5501 1.5919 3.8064 2.7219 1.5978 1.0032 -7.9392 -5.8867
Car -1 -1 -4.5929 30.3884 182.1771 66.5444 203.7736 1.4818 1.6418 4.0107 -41.6096 2.2004 53.4970 -5.2517 -5.8867
Car -1 -1 -4.5374 0.0000 186.3111 0.0000 212.0842 1.4917 1.6508 4.1100 -41.5272 2.3942 46.2225 -5.2666 -5.8867
Car -1 -1 -4.5717 1.8415 183.1208 41.8757 205.9724 1.4890 1.6427 4.0094 -41.6084 2.2460 51.0805 -5.2529 -5.8867
Car -1 -1 -7.9783 657.8913 177.2919 682.4742 196.4930 1.7326 1.7767 4.4363 5.6481 2.1669 68.4049 -7.8967 -5.9718
Car -1 -1 -4.3827 96.6576 183.4354 171.0208 223.3580 1.7294 1.7412 4.0628 -22.7595 2.2685 34.5963 -4.9613 -6.0950
Car -1 -1 -5.5062 665.9960 178.0701 711.7931 198.2368 1.4674 1.4297 3.4757 5.9820 1.8793 55.2278 -5.3993 -6.4585
Car -1 -1 -4.2637 359.3587 179.5190 391.6057 198.3120 1.7679 1.6153 3.6118 -23.0973 2.4421 71.1210 -4.5769 -6.5322
Car -1 -1 -4.4699 549.4501 181.4826 573.3298 201.0573 1.7480 1.4493 3.4884 -4.5689 2.5817 67.9012 -4.5373 -6.9173
