Car -1 -1 -7.6371 436.6648 183.3380 478.1611 208.7436 1.4647 1.7543 3.8252 -9.5185 2.1477 45.1052 -7.8444 -0.8673
Car -1 -1 -7.9539 684.6734 179.0977 706.1700 196.0473 1.4411 1.5527 3.5476 7.5807 2.0140 64.4501 -7.8378 -1.8062
Car -1 -1 -4.4415 83.4103 191.1065 121.9661 212.1014 1.5302 1.6106 3.6657 -40.7939 3.0491 58.0581 -5.0520 -3.1481
Car -1 -1 -4.9939 382.7837 178.2053 411.0628 195.9333 1.6514 1.6169 3.9554 -20.8868 2.1901 70.5823 -5.2809 -3.2775
Car -1 -1 -5.1129 597.1037 178.8328 637.9355 203.0283 1.6872 1.5767 4.0274 0.4844 2.1485 53.5444 -5.1044 -3.3272
Car -1 -1 -4.6827 891.2787 175.7894 941.4781 219.2602 1.5268 1.6642 4.0952 11.8230 1.6488 27.8488 -4.2856 -4.1143
Car -1 -1 -4.4474 231.8259 178.6842 265.2209 197.8119 1.5651 1.6258 3.8429 -31.2018 2.0849 62.3277 -4.9100 -4.1336
Car -1 -1 -7.5219 571.9752 179.5724 614.1926 201.8106 1.5278 1.6990 4.6903 -1.2275 2.0495 53.5680 -7.5452 -4.2539
Car -1 -1 -4.7571 218.4045 180.7736 241.6633 199.5552 1.5062 1.5911 3.8338 -32.5134 2.2052 61.6565 -5.2408 -4.2967
Car -1 -1 -4.1365 0.0000 190.3313 68.4779 220.5062 1.5856 1.6043 3.9748 -33.9682 2.6609 42.3507 -4.8095 -4.3907
Car -1 -1 -3.9639 0.0000 194.7592 32.9326 223.7493 1.4457 1.6063 4.1073 -35.4997 2.7599 41.2156 -4.6719 -4.4641
Car -1 -1 -4.7382 139.5590 187.1392 167.9426 211.6502 1.5719 1.5915 4.0298 -32.2146 2.6204 50.8583 -5.3007 -4.4768
Car -1 -1 -4.8172 592.4309 175.7704 624.3304 204.6203 1.7153 1.5978 3.8615 -0.1767 1.9063 45.3119 -4.8216 -4.6932
Car -1 -1 -7.6924 222.4798 178.8582 254.0184 203.6044 1.7742 1.5842 3.4227 -28.0733 2.2431 54.5113 -8.1662 -4.7284
Car -1 -1 -5.0721 598.3732 180.1840 629.7853 198.6954 1.5607 1.5167 3.9406 0.3082 2.2383 64.6174 -5.0678 -4.8370
Car -1 -1 -4.1369 414.9988 182.0650 451.0776 198.8945 1.5436 1.6146 3.8012 -17.2699 2.4695 70.4936 -4.3766 -4.8518
Car -1 -1 -5.3217 656.8782 179.1417 698.8698 200.1730 1.4968 1.4561 3.4005 5.0454 1.9856 54.2897 -5.2300 -5.1393
Car -1 -1 -5.1306 0.0000 187.1921 35.6189 214.1408 1.6799 1.4995 3.4142 -39.9819 2.6605 47.9303 -5.8232 -5.2193
Car -1 -1 -4.2864 25.5771 186.7059 82.5507 212.5202 1.5864 1.5281 3.9908 -37.4941 2.5622 48.7292 -4.9398 -5.3210
Car -1 -1 -4.7109 180.3910 182.0271 206.2101 202.2595 1.4747 1.7009 3.7581 -32.6467 2.2188 56.5049 -5.2329 -5.3360
Car -1 -1 -5.0290 687.1215 178.0847 721.6128 196.6794 1.4839 1.7234 3.9796 7.8955 1.9404 60.8878 -4.9011 -5.3461
Car -1 -1 -4.3323 140.7614 193.9872 226.0351 231.2029 1.3910 1.7144 4.4101 -18.7650 2.3925 31.8968 -4.8607 -5.4576
Car -1 -1 -4.9084 703.8307 177.5970 739.1849 202.0098 1.6190 1.6180 4.4535 7.7954 1.9687 50.9895 -4.7581 -5.4729
Car -1 -1 -5.1785 691.0017 177.7131 737.0780 199.5230 1.5566 1.7214 4.2648 7.8197 1.9409 54.8164 -5.0380 -5.5376
Car -1 -1 -4.5938 56.9713 187.9592 93.0882 211.1657 1.6350 1.7638 4.1689 -41.4982 2.8542 56.0087 -5.2293 -5.5585
Car -1 -1 -4.4172 553.7231 184.2103 585.3188 203.8382 1.5170 1.5847 3.8434 -3.3658 2.4965 60.1979 -4.4733 -5.6011
Car -1 -1 -4.3741 151.6493 184.6016 194.0698 203.7086 1.4174 1.6213 4.2415 -35.4164 2.4064 58.5230 -4.9165 -5.6500
Car -1 -1 -4.1556 86.5592 186.7598 149.6465 213.6549 1.7202 1.6345 4.2736 -34.4028 2.7360 50.5567 -4.7509 -5.6561
Car -1 -1 -4.7454 635.7737 178.3366 655.9515 195.1513 1.3858 1.6122 4.1692 3.0748 1.8796 62.9311 -4.6973 -5.6648
Car -1 -1 -4.7780 449.2239 184.1871 471.1089 202.3770 1.5031 1.6529 3.9823 -13.4280 2.5484 64.4301 -4.9830 -5.6655
Car -1 -1 -4.1665 209.2492 185.6102 288.5760 218.3773 1.4320 1.6112 3.9959 -17.5488 2.0904 35.1965 -4.6263 -5.6787
Car -1 -1 -4.3221 138.8490 183.7981 186.3021 203.9059 1.4206 1.6450 4.1431 -34.3858 2.2954 55.5220 -4.8747 -5.7115
Car -1 -1 -4.6969 561.5883 182.0752 587.4751 206.8422 1.4560 1.5702 3.6293 -2.2503 2.0623 45.6274 -4.7464 -5.7245
Car -1 -1 -5.4126 750.8677 178.5937 820.5438 206.2603 1.4371 1.5708 4.0182 9.7599 1.7762 40.5188 -5.1784 -5.7386
Car -1 -1 -4.5814 616.6841 178.3012 645.9653 199.5677 1.5528 1.7428 4.2031 1.6673 1.9922 56.0308 -4.5523 -5.7590
Car -1 -1 -4.5850 572.0462 178.5677 596.2072 196.1966 1.4726 1.6360 4.0282 -2.2751 1.9932 63.7001 -4.6210 -5.7694
Car -1 -1 -4.3597 59.9942 185.6414 118.5826 215.6953 1.6855 1.6681 3.8985 -31.9593 2.5085 44.3548 -4.9814 -5.7811
Car -1 -1 -4.5326 0.0000 188.4533 34.5872 213.5458 1.5765 1.6819 4.0801 -41.5900 2.7100 50.2488 -5.2215 -5.7825
Car -1 -1 -4.7183 541.0316 179.7679 563.9423 201.9229 1.5208 1.6081 3.7287 -4.2400 2.0435 52.6578 -4.7987 -5.8233
Car -1 -1 -4.6560 518.3552 181.0560 543.3412 203.5836 1.5610 1.6250 3.8609 -5.8537 2.1902 53.4030 -4.7651 -5.8505
Car -1 -1 -4.4816 0.0000 191.6455 0.0000 218.4503 1.5221 1.6780 4.1183 -41.5556 2.7847 46.2808 -5.2105 -5.8525
Car -1 -1 -4.7675 681.6059 178.5977 707.4118 199.9741 1.3937 1.5491 4.1153 5.8190 1.8103 50.2719 -4.6534 -5.8771
Car -1 -1 -4.4486 0.0000 185.3013 0.0000 215.8163 1.5193 1.6500 4.0092 -41.6096 2.2428 39.8154 -5.2527 -5.8867
Car -1 -1 -4.4482 650.5686 177.8512 679.9243 195.2069 1.4708 1.6280 4.0280 4.9540 1.9327 64.5652 -4.3724 -5.8867
Car -1 -1 -4.7978 685.0283 177.1255 709.0473 195.6804 1.4289 1.5956 3.8903 6.9904 1.7862 58.4410 -4.6797 -5.8867
Car -1 -1 -6.9163 0.0000 0.0000 1241.0000 374.0000 1.5626 1.5934 3.8089 -2.1008 1.6985 1.0025 -7.9389 -5.8867
Car -1 -1 -4.4965 0.0000 185.6660 0.0000 213.6779 1.5422 1.6564 4.0136 -41.6073 2.3584 43.8363 -5.2529 -5.8867
Car -1 -1 -4.6614 108.7204 185.1761 135.2147 205.0335 1.5608 1.6632 4.0213 -41.6060 2.6481 61.5350 -5.2541 -5.8867
Car -1 -1 -8.1633 0.0000 0.0000 853.6749 374.0000 1.5536 1.5922 3.8069 0.3103 1.6382 1.0030 -7.9391 -5.8867
Car -1 -1 -4.6181 560.1577 179.7062 587.1428 200.5274 1.4493 1.6411 3.9057 -2.6899 1.9761 53.5188 -4.6685 -5.8867
Car -1 -1 -4.7676 650.5152 179.0621 672.7881 198.0670 1.4742 1.5997 3.9487 4.1849 2.0007 59.2507 -4.6979 -5.8867
Car -1 -1 -4.5653 499.5948 180.7176 527.6666 201.0531 1.4799 1.6001 3.9496 -7.4735 2.1119 56.0320 -4.6977 -5.8867
Car -1 -1 -4.6782 131.4346 183.8209 155.4090 202.2773 1.5261 1.6545 4.0111 -41.6032 2.5366 64.3569 -5.2504 -5.8867
Car -1 -1 -4.5889 25.6359 185.0347 62.8046 208.0586 1.5528 1.6618 4.0213 -41.6046 2.4851 53.0910 -5.2513 -5.8867
Car -1 -1 -4.2626 508.9391 180.7039 548.3268 199.8561 1.4858 1.6500 4.0660 -6.7428 2.1617 59.9646 -4.3745 -5.8867
Car -1 -1 -4.0336 304.3199 183.2128 362.3933 206.5099 1.4905 1.6644 3.9405 -19.2094 2.2414 50.1892 -4.3977 -5.9203
Car -1 -1 -7.3559 1241.0000 157.6663 1241.0000 277.0315 1.4467 1.6336 4.4799 12.0362 1.2624 10.0116 -6.4935 -6.0387
Car -1 -1 -4.2702 666.1642 179.6726 702.0870 197.7738 1.4361 1.5725 3.7179 6.2450 2.0287 60.7461 -4.1687 -6.1455
Car -1 -1 -4.9325 171.6994 186.2746 208.2236 208.9220 1.5066 1.5568 3.4612 -30.2813 2.5057 51.9323 -5.4584 -6.3031
Car -1 -1 -4.4106 575.5504 182.6383 609.5623 203.0468 1.5620 1.6729 4.0692 -1.4237 2.3983 59.5078 -4.4349 -6.3077
Car -1 -1 -4.9584 755.8727 176.1957 794.9085 198.9250 1.5388 1.7036 4.3450 11.7584 1.7880 51.6847 -4.7364 -6.4468
Car -1 -1 -8.2726 710.4469 174.3122 747.7936 197.9371 1.9638 1.7569 3.8611 10.2230 2.0937 62.3264 -8.1112 -6.7909
