Car -1 -1 -7.8376 646.3378 175.0038 670.4637 199.7700 1.5970 1.5656 3.7096 3.2658 1.7478 48.7730 -7.7716 1.0906
Car -1 -1 -4.2396 272.7173 182.0754 336.9652 211.6126 1.5688 1.7534 4.0734 -17.5975 2.1286 41.7288 -4.6367 0.4962
Car -1 -1 -7.6880 188.1449 176.5682 254.0076 218.7792 1.8034 1.9706 4.5383 -18.1079 1.9894 33.7257 -8.1777 -2.2557
Car -1 -1 -8.3098 528.7122 179.9469 563.7454 197.7492 1.6374 1.7247 4.2082 -6.2743 2.3513 70.4021 -8.3987 -2.5289
Car -1 -1 -4.8377 729.3815 176.4728 760.0528 199.9447 1.5976 1.6510 4.1247 9.6085 1.8680 51.8658 -4.6560 -3.0035
Car -1 -1 -8.1703 1029.0978 166.4771 1105.9410 207.6114 1.7538 1.7096 4.2282 20.7754 1.4816 33.0200 -7.6131 -4.1544
Car -1 -1 -7.6260 163.8754 171.3095 201.8841 192.1768 1.5054 1.6329 3.7894 -32.0031 1.3937 54.1053 -8.1582 -4.3077
Car -1 -1 -7.5561 158.9743 174.6816 198.1904 195.1818 1.6565 1.7364 3.9967 -36.3404 1.8158 60.8344 -8.0928 -4.3377
Car -1 -1 -4.4307 309.5398 181.9694 351.1711 207.2711 1.6132 1.5824 4.1250 -19.2154 2.2670 49.6553 -4.7984 -4.3845
Car -1 -1 -4.5185 485.5050 181.2938 523.2697 205.7004 1.4752 1.6700 4.1826 -6.8908 2.0521 47.2156 -4.6630 -4.3889
Car -1 -1 -4.2657 321.7742 182.8963 380.3976 210.8009 1.4833 1.6158 4.0413 -15.0130 2.0960 41.9542 -4.6077 -4.4744
Car -1 -1 -4.6434 503.0272 183.6109 533.0002 209.0855 1.3602 1.4866 3.5095 -5.3330 2.0104 41.8370 -4.7699 -4.5871
Car -1 -1 -4.4738 515.7069 180.2813 554.0415 204.0613 1.5287 1.6897 4.2292 -5.1821 2.0655 49.9725 -4.5771 -4.6788
Car -1 -1 -4.9471 665.2036 178.6796 690.5453 194.1189 1.4440 1.5931 4.0049 6.6423 2.0351 71.1587 -4.8548 -4.7539
Car -1 -1 -5.0666 625.7668 176.2002 666.6922 202.8375 1.8224 1.6599 3.9867 2.5366 2.0735 52.0561 -5.0187 -4.7889
Car -1 -1 -4.8360 667.0504 174.8069 692.1131 194.8137 1.6128 1.5931 4.1067 5.7881 1.7823 60.6464 -4.7417 -4.8814
Car -1 -1 -4.9224 401.7709 183.6052 434.2365 205.1618 1.5737 1.6793 3.9970 -15.2244 2.4548 56.9932 -5.1827 -4.9049
Car -1 -1 -4.0755 359.1763 185.4710 404.9881 205.7791 1.4399 1.4972 3.6301 -17.5294 2.4452 55.5527 -4.3802 -4.9454
Car -1 -1 -4.0611 118.5302 172.4574 177.4369 193.5207 1.6190 1.7673 4.2116 -36.8483 1.5882 57.6334 -4.6281 -5.0435
Car -1 -1 -4.5435 610.2399 176.5067 639.2634 194.8371 1.4395 1.6796 4.5229 1.2424 1.7549 59.9895 -4.5233 -5.0449
Car -1 -1 -4.7901 682.3094 177.9241 700.8799 193.2421 1.4570 1.5635 3.3837 8.0432 1.9711 71.4845 -4.6789 -5.0865
Car -1 -1 -4.5438 317.1274 181.7986 350.2520 204.5161 1.6156 1.6465 4.4908 -21.2412 2.3330 55.5356 -4.9078 -5.0947
Car -1 -1 -4.9510 671.1488 181.0794 705.1973 202.1198 1.4102 1.5419 3.9405 5.5620 2.0263 52.0210 -4.8456 -5.2495
Car -1 -1 -5.0812 552.2777 177.9007 597.2504 199.4985 1.3784 1.6472 4.2437 -2.4936 1.7394 49.3838 -5.1318 -5.2665
Car -1 -1 -4.8513 685.7055 178.4650 718.3116 201.1952 1.4428 1.6332 4.0357 6.1492 1.8380 48.8317 -4.7272 -5.3769
Car -1 -1 -2.6193 399.6353 182.8340 465.0957 203.9282 1.5168 1.6964 4.5851 -13.4894 2.2933 54.7089 -2.8603 -5.3924
Car -1 -1 -4.9472 560.8784 176.5475 591.4345 194.6501 1.4007 1.5746 4.1001 -2.8265 1.7132 58.9122 -4.9953 -5.4448
Car -1 -1 -4.3442 592.5272 178.5187 629.9761 197.0188 1.4717 1.6795 4.4874 0.1279 1.9712 61.2633 -4.3425 -5.4756
Car -1 -1 -4.6270 398.3149 180.9966 421.5919 198.5306 1.4562 1.6460 4.1381 -17.7699 2.2043 64.1374 -4.8966 -5.4876
Car -1 -1 -4.8623 565.4558 177.8185 590.5378 194.6243 1.3966 1.6096 4.0341 -2.8654 1.8469 63.3588 -4.9077 -5.5289
Car -1 -1 -4.6767 597.8235 178.7941 622.8741 199.7424 1.3802 1.6211 4.2637 0.0300 1.8169 50.9231 -4.6766 -5.5572
Car -1 -1 -4.7128 496.4421 179.0772 517.3608 197.5598 1.4014 1.6154 4.1322 -8.3613 1.9228 58.3247 -4.8549 -5.5808
Car -1 -1 -3.6187 203.9812 185.5102 387.3851 261.0897 1.4072 1.4527 3.3916 -6.8267 1.7150 15.7966 -4.0210 -5.6109
Car -1 -1 -4.3696 277.4773 182.6474 323.0176 204.9821 1.4378 1.6188 4.1509 -21.6139 2.1508 50.4302 -4.7729 -5.6962
Car -1 -1 -4.4110 468.4744 180.3464 509.3821 202.6327 1.4286 1.5826 4.3259 -8.3665 1.9711 50.0164 -4.5763 -5.7654
Car -1 -1 -4.5701 575.0895 179.2853 605.3818 200.4888 1.3962 1.5637 4.1988 -1.3863 1.8699 51.0070 -4.5975 -5.7758
Car -1 -1 -5.0974 635.0094 177.7132 676.0511 198.4571 1.5140 1.7058 4.2318 3.4568 1.9062 56.0054 -5.0365 -5.8234
Car -1 -1 -4.4599 345.1590 179.4406 378.9188 197.2661 1.4616 1.6981 4.6135 -21.7130 2.0605 63.2750 -4.7895 -5.8673
Car -1 -1 -4.4449 591.0173 177.9914 621.5988 195.3497 1.4528 1.6599 4.2118 -0.3119 1.9240 63.9686 -4.4502 -5.8830
Car -1 -1 -4.6737 582.4335 178.0135 603.0657 195.8074 1.4141 1.5809 3.9246 -1.4428 1.8602 60.4585 -4.6978 -5.8867
Car -1 -1 -4.5134 460.3402 179.5093 489.2081 197.9117 1.4244 1.5845 3.9293 -11.0919 1.9889 59.2539 -4.6980 -5.8867
Car -1 -1 -7.3171 149.1464 0.0000 1241.0000 374.0000 1.5506 1.5939 3.8091 -0.9080 1.6324 0.9965 -7.9398 -5.8867
Car -1 -1 -6.8227 0.0000 0.0000 1241.0000 374.0000 1.4958 1.5998 3.8457 -2.8911 1.5741 1.3716 -7.8745 -5.8867
Car -1 -1 -4.4772 432.3670 181.5962 462.8302 200.5811 1.4799 1.5973 3.9468 -13.5015 2.2313 60.0567 -4.6977 -5.8867
Car -1 -1 -4.4876 437.3811 180.3974 473.3140 202.9338 1.4580 1.5942 3.9438 -10.6981 2.0011 49.9927 -4.6977 -5.8867
Car -1 -1 -4.5082 180.7377 181.2690 231.8401 210.0316 1.5081 1.7371 4.1837 -23.1252 2.0170 41.4076 -5.0150 -5.8898
Car -1 -1 -4.9826 508.7979 180.4603 537.0505 196.5428 1.4244 1.6203 4.0609 -8.2769 2.1657 68.1607 -5.1034 -6.0563
Car -1 -1 -4.4162 367.0056 178.4189 398.4762 200.6826 1.8525 1.6630 3.4762 -19.7194 2.3488 62.6530 -4.7202 -6.2111
Car -1 -1 -4.7641 447.2775 181.6356 471.2460 203.1510 1.5482 1.6025 4.1572 -11.7449 2.2557 55.9419 -4.9705 -6.2540
