Car -1 -1 -8.0724 642.6903 185.0729 671.6161 203.8995 1.4689 1.6614 3.7015 3.9137 2.5312 60.7916 -8.0089 1.7670
Car -1 -1 -7.6436 426.8546 185.1781 458.7530 203.7965 1.3914 1.7532 3.8315 -13.5179 2.4217 58.4065 -7.8704 -0.1577
Car -1 -1 -7.8765 663.6904 165.8095 683.1406 187.2417 2.0048 1.7677 4.2032 6.0726 1.3455 69.6468 -7.7902 -1.7959
Car -1 -1 -7.8095 0.0000 187.4287 44.3089 253.9035 1.5328 1.6352 4.0106 -16.5331 1.9717 19.6473 -8.5025 -2.2006
Car -1 -1 -7.3344 176.1505 184.8313 221.6037 203.5363 1.4395 1.5906 3.8135 -34.0856 2.4649 59.8819 -7.8502 -2.6137
Car -1 -1 -3.0401 414.6880 177.7780 461.8832 200.1519 1.8251 1.7320 3.6898 -14.3734 2.2448 60.4416 -3.2730 -3.1653
Car -1 -1 -8.7683 935.5775 181.8589 1068.8563 239.4345 1.4548 1.6169 2.9291 10.9588 1.7301 20.4209 -8.2824 -4.0621
Car -1 -1 -4.8292 538.6967 184.6015 572.8054 211.4431 1.5245 1.6372 4.2335 -3.4761 2.2960 45.1706 -4.9061 -4.2232
Car -1 -1 -4.4264 0.0000 190.5240 49.0686 219.9124 1.4517 1.5378 3.4292 -32.4704 2.4715 39.7786 -5.1078 -4.2783
Car -1 -1 -4.4131 903.4911 171.6741 955.0603 201.6844 1.6549 1.6630 3.9174 18.4996 1.5896 41.8147 -3.9996 -4.3296
Car -1 -1 -4.4956 773.2082 185.0006 824.8174 218.4984 1.4190 1.5951 3.7708 8.9355 2.0269 34.0880 -4.2420 -4.4394
Car -1 -1 -4.6631 616.2675 186.3200 637.9255 205.8626 1.4265 1.5389 3.8052 1.3585 2.5323 57.3127 -4.6400 -4.4736
Car -1 -1 -4.2191 175.7731 179.9756 218.7042 199.4216 1.6260 1.6838 3.8051 -36.3851 2.2730 63.6632 -4.7367 -4.5038
Car -1 -1 -2.5669 0.0000 189.0957 29.8038 260.0467 1.5629 1.6680 4.0394 -17.0186 1.9863 17.6320 -3.3271 -4.5866
Car -1 -1 -5.0077 0.0000 188.3898 33.8778 225.9292 1.3420 1.5266 4.0963 -24.9584 2.0034 28.9865 -5.7141 -4.6242
Car -1 -1 -4.7423 205.0283 181.0213 229.1634 201.5460 1.5753 1.6232 4.0459 -32.3123 2.2700 59.2502 -5.2399 -4.7075
Car -1 -1 -5.3493 668.3069 182.5190 709.3213 201.9589 1.6146 1.6218 3.8879 6.9418 2.5008 64.0923 -5.2424 -4.7226
Car -1 -1 -4.4504 0.0000 184.1143 22.4876 212.6016 1.7177 1.8602 4.2266 -40.6391 2.4969 47.6396 -5.1541 -4.8028
Car -1 -1 -7.1780 1238.8304 181.1534 1241.0000 281.0786 1.5798 1.5835 3.3419 13.1389 1.7344 12.5161 -6.3806 -4.8786
Car -1 -1 -8.9852 1098.7906 190.5147 1241.0000 239.7970 1.4045 1.5677 3.7829 18.7152 2.0432 24.0655 -8.3308 -4.9407
Car -1 -1 -4.8698 182.5331 186.7761 240.8747 226.3860 1.5427 1.6498 3.8851 -17.5146 2.1910 31.5758 -5.3730 -5.1505
Car -1 -1 -4.3780 169.9982 185.7088 242.8226 221.6832 1.6543 1.7984 4.8540 -20.9111 2.3683 37.5444 -4.8835 -5.1836
Car -1 -1 -4.4680 154.8749 181.8941 194.6518 205.8150 1.6280 1.5891 3.9012 -31.8156 2.3154 52.7903 -5.0083 -5.2090
Car -1 -1 -4.5498 622.4651 181.9802 649.0245 200.2383 1.4534 1.6385 4.0682 2.2124 2.2613 61.7456 -4.5146 -5.2238
Car -1 -1 -4.4712 56.8516 180.6926 99.2165 206.1785 1.6839 1.5588 3.7103 -37.5150 2.2586 50.9218 -5.1038 -5.2261
Car -1 -1 -4.7395 231.2226 187.4192 267.3517 219.4075 1.5646 1.6545 3.5431 -19.5755 2.3914 39.0215 -5.2021 -5.2905
Car -1 -1 -3.1044 453.3606 186.0721 512.1914 208.6947 1.6468 1.7256 4.3527 -9.6851 2.6755 55.0194 -3.2783 -5.4612
Car -1 -1 -4.7017 618.9214 180.1213 644.8002 204.5807 1.4236 1.5491 3.9220 1.3510 1.8983 45.1689 -4.6725 -5.5625
Car -1 -1 -4.6390 102.7082 182.9314 134.9624 205.4557 1.5269 1.6649 3.9412 -36.0170 2.2956 52.9361 -5.2343 -5.5765
Car -1 -1 -4.6956 650.8996 181.1066 676.9446 205.7162 1.4372 1.5701 4.0699 3.4062 1.9829 45.6419 -4.6221 -5.6718
Car -1 -1 -4.8092 389.7931 182.9605 415.6545 202.6839 1.4598 1.5973 4.1775 -16.6983 2.3023 57.9313 -5.0890 -5.7046
Car -1 -1 -4.5196 250.2648 183.0455 296.0072 212.6417 1.5703 1.6654 3.9887 -19.5262 2.1919 41.8903 -4.9536 -5.7318
Car -1 -1 -4.6137 503.5883 184.6515 537.7216 212.6658 1.5726 1.6948 3.9365 -5.4573 2.3270 44.1676 -4.7365 -5.7566
Car -1 -1 -4.5355 550.5521 181.4915 575.8401 201.6576 1.6419 1.5780 3.5439 -4.0283 2.4081 62.1807 -4.6003 -5.7996
Car -1 -1 -4.6610 358.9073 183.9554 383.5420 205.4920 1.5368 1.5989 4.2434 -18.5446 2.4339 56.0707 -4.9793 -5.8321
Car -1 -1 -3.9658 132.0012 181.6869 192.9079 201.9996 1.4363 1.5697 4.1166 -34.1139 2.1369 55.0800 -4.5184 -5.8532
Car -1 -1 -4.6363 407.2535 179.8312 439.3972 206.1122 1.4994 1.6106 4.0429 -11.4816 1.9493 44.4271 -4.8881 -5.8649
Car -1 -1 -4.5945 30.3783 183.1725 66.4610 205.0206 1.4937 1.6429 4.0123 -41.6120 2.2890 53.4955 -5.2533 -5.8867
Car -1 -1 -4.6299 76.3587 182.9382 106.6122 202.9606 1.4881 1.6411 4.0070 -41.6071 2.3273 57.9235 -5.2508 -5.8867
Car -1 -1 -4.6650 118.7415 180.7785 144.1177 198.9529 1.4794 1.6454 4.0218 -41.6100 2.1919 62.7561 -5.2488 -5.8867
Car -1 -1 -9.1569 0.0000 0.0000 1241.0000 374.0000 1.5635 1.5921 3.8085 3.5277 1.6462 1.0019 -7.9388 -5.8867
Car -1 -1 -4.8605 587.2010 180.2457 617.4604 202.0139 1.4643 1.6078 3.9509 -0.6216 2.0183 52.0270 -4.8728 -5.8867
Car -1 -1 -5.8402 1241.0000 179.3264 1241.0000 374.0000 1.5252 1.6131 3.9670 6.1753 1.5655 2.5214 -4.6976 -5.8867
Car -1 -1 -8.7318 0.0000 0.0000 1210.3115 374.0000 1.5084 1.6030 3.8502 1.9334 1.5667 1.3709 -7.8744 -5.8867
Car -1 -1 -8.1637 0.0000 0.0000 854.2517 374.0000 1.5702 1.5940 3.8110 0.3119 1.7014 1.0025 -7.9388 -5.8867
Car -1 -1 -4.4968 0.0000 186.2832 0.0000 214.2253 1.5776 1.6748 4.0899 -41.5413 2.4562 45.0307 -5.2391 -5.8867
Car -1 -1 -4.6474 98.4352 181.0471 126.0858 199.8984 1.4718 1.6402 4.0156 -41.6101 2.1810 60.3421 -5.2492 -5.8867
Car -1 -1 -4.5625 0.0000 185.3182 38.4258 207.6160 1.4213 1.6406 4.1105 -41.5213 2.3332 50.6218 -5.2470 -5.8867
Car -1 -1 -5.8755 1241.0000 180.5760 1241.0000 374.0000 1.5332 1.6136 3.9670 7.7898 1.5856 2.9295 -4.6974 -5.8867
Car -1 -1 -4.5487 487.9933 180.8183 514.8051 199.6054 1.4784 1.5997 3.9509 -9.0874 2.1673 60.4507 -4.6977 -5.8867
Car -1 -1 -4.3117 0.0000 185.8393 0.0000 227.3724 1.3676 1.5765 4.0696 -25.6459 1.8980 27.3051 -5.0610 -5.9875
Car -1 -1 -5.4151 665.0806 181.9727 713.0135 200.7076 1.4609 1.5759 4.3286 6.5768 2.2556 60.6711 -5.3081 -6.0803
Car -1 -1 -4.6455 468.9984 183.0056 491.3504 201.9125 1.4297 1.5298 4.0369 -10.5910 2.2875 58.8966 -4.8230 -6.5918
Car -1 -1 -4.4102 35.8148 181.5502 85.1397 205.6924 1.5927 1.7008 3.8842 -38.9843 2.2355 51.2418 -5.0582 -6.6628
Car -1 -1 -4.8408 507.8653 189.8484 534.4261 211.5033 1.5402 1.5817 3.8635 -7.0324 2.9224 56.6319 -4.9643 -6.9756
