Car -1 -1 -8.0776 863.0702 170.8283 893.0906 187.4489 1.4160 1.6408 3.9036 23.5319 1.2431 63.5133 -7.7245 0.7800
Car -1 -1 -4.4707 610.4735 179.6718 653.2124 204.5042 1.3122 1.5572 3.9361 1.2660 1.7229 41.3884 -4.4409 -1.8484
Car -1 -1 -5.0788 577.3844 176.6953 632.8289 205.9926 1.5840 1.7419 4.4388 -0.3885 1.8202 42.0214 -5.0885 -2.8458
Car -1 -1 -5.4551 394.1565 168.7126 446.3153 188.0134 1.5495 1.6734 4.3598 -15.7725 1.2167 59.8090 -5.7121 -2.8985
Car -1 -1 -4.7865 792.0046 168.3524 822.2366 195.6963 1.6706 1.5909 3.4600 12.4752 1.3952 45.9306 -4.5233 -3.8490
Car -1 -1 -4.6188 216.1451 178.7890 255.8145 208.1729 1.6131 1.6921 4.2406 -22.1677 1.9838 42.8162 -5.0942 -4.0780
Car -1 -1 -4.5320 320.4070 170.3674 344.7896 187.8356 1.6794 1.6219 3.6312 -27.3994 1.4401 71.3040 -4.8978 -4.2745
Car -1 -1 -5.5669 781.0775 170.4613 837.9243 192.6164 1.6347 1.7147 4.0788 15.2445 1.4579 55.4116 -5.3001 -4.3322
Car -1 -1 -4.4978 52.9284 183.8101 113.1062 219.9693 1.5652 1.5785 3.5734 -25.0623 2.1165 34.3702 -5.1243 -4.3737
Car -1 -1 -4.9503 927.6912 164.4832 965.6287 186.7841 1.5926 1.6270 4.0811 24.9644 0.9945 53.6889 -4.5173 -4.4039
Car -1 -1 -5.1082 559.6174 172.8145 590.9229 190.6850 1.6682 1.6395 3.8727 -3.3932 1.6643 69.4575 -5.1571 -4.4349
Car -1 -1 -7.7199 378.9736 180.6917 425.7840 217.3190 1.5386 1.5756 3.7132 -9.5014 1.9189 33.0940 -7.9978 -4.5445
Car -1 -1 -4.8582 1238.4669 163.7574 1241.0000 239.0555 1.4903 1.6733 4.1439 15.6909 1.3100 16.4602 -4.1059 -4.5977
Car -1 -1 -4.7525 305.7946 177.0689 334.0725 202.4054 1.6824 1.6839 4.2619 -20.5496 1.9932 50.9618 -5.1342 -4.6440
Car -1 -1 -4.8560 726.6037 176.8340 751.3312 195.1643 1.4764 1.5257 3.7161 10.8125 1.8219 60.8134 -4.6813 -4.6934
Car -1 -1 -4.4381 230.7683 175.0814 274.9942 203.3591 1.8672 1.6792 4.1904 -24.8119 2.0287 50.2043 -4.8952 -4.8404
Car -1 -1 -4.6234 412.0512 178.1010 455.8652 216.3695 1.6501 1.6590 3.6357 -8.1713 1.9078 33.5596 -4.8608 -4.8625
Car -1 -1 -4.6386 196.4676 178.3457 235.3154 209.9278 1.8010 1.7845 4.0216 -24.0699 2.1532 44.1113 -5.1358 -4.9180
Car -1 -1 -4.2717 0.0000 184.1254 4.6767 226.2499 1.6345 1.6678 4.0588 -28.3895 2.1580 31.3489 -5.0035 -4.9517
Car -1 -1 -4.7185 640.5759 179.0697 664.8105 201.5875 1.4250 1.5679 3.7690 2.8290 1.8603 48.6446 -4.6613 -4.9929
Car -1 -1 -4.5299 0.0000 180.7730 10.1589 207.7534 1.6662 1.7833 3.6392 -41.2766 2.2123 47.7667 -5.2399 -5.0048
Car -1 -1 -4.6759 247.0470 178.8478 280.7219 205.9098 1.5034 1.6652 4.1029 -20.7439 1.8810 43.2774 -5.1207 -5.1168
Car -1 -1 -4.2026 252.9880 176.9930 309.4731 204.0035 1.7722 1.6616 4.3550 -22.8533 2.0730 50.2665 -4.6276 -5.2092
Car -1 -1 -4.8003 659.0345 174.7226 686.5398 195.5522 1.4283 1.5843 4.4149 4.4597 1.5686 52.0820 -4.7157 -5.2174
Car -1 -1 -8.3251 828.3251 173.0563 903.5466 205.6522 1.4341 1.6322 4.0873 11.8863 1.4439 33.9080 -7.9911 -5.2995
Car -1 -1 -5.5404 373.6401 171.8699 430.0970 193.1465 1.6617 1.7469 4.3265 -16.7928 1.5845 58.0990 -5.8208 -5.3061
Car -1 -1 -4.1519 0.0000 184.8095 17.5338 231.5804 1.6650 1.6293 4.0318 -25.9802 2.1786 28.8947 -4.8797 -5.3641
Car -1 -1 -5.0269 220.4117 172.1541 254.8403 189.9624 1.4815 1.5796 3.6319 -31.9699 1.4230 61.8667 -5.5023 -5.5039
Car -1 -1 -4.3971 277.9554 179.4762 324.2578 202.8997 1.3815 1.5493 3.9313 -19.5446 1.8194 45.7256 -4.7992 -5.5100
Car -1 -1 -4.6852 599.9847 176.0659 626.7858 199.2761 1.4953 1.7179 4.2421 0.2377 1.7237 49.2262 -4.6809 -5.5721
Car -1 -1 -4.9397 714.2411 174.2834 746.9429 193.4884 1.3870 1.5751 3.9364 9.0238 1.4985 54.4243 -4.7767 -5.7305
Car -1 -1 -5.2142 685.2964 173.6281 729.2502 193.7082 1.4766 1.6235 3.9729 7.3888 1.5380 55.3697 -5.0826 -5.7515
Car -1 -1 -4.0464 0.0000 183.6207 8.2766 215.5556 1.3502 1.5416 3.7877 -30.4544 1.8825 33.7540 -4.7766 -5.7533
Car -1 -1 -4.8265 638.9236 176.1395 666.4655 195.5686 1.3284 1.5397 3.8761 3.0092 1.5738 51.9798 -4.7694 -5.7596
Car -1 -1 -4.9537 716.7388 174.9469 753.1555 196.1126 1.3294 1.4995 3.7689 8.1696 1.4728 47.6340 -4.7853 -5.7801
Car -1 -1 -4.9299 692.5681 174.7214 729.2187 197.1082 1.4161 1.5882 3.9493 6.6325 1.5453 48.0129 -4.7938 -5.8371
Car -1 -1 -7.3856 0.0000 181.8719 0.0000 250.3253 1.4512 1.6091 3.7852 -18.1188 1.7000 17.8849 -8.1701 -5.8372
Car -1 -1 -4.8012 858.4635 169.5356 886.7647 192.5972 1.6514 1.6476 3.6391 19.4544 1.4135 53.6383 -4.4553 -5.8539
Car -1 -1 -6.7850 0.0000 0.0000 1241.0000 374.0000 1.5568 1.5912 3.8071 -2.9048 1.6877 1.0034 -7.9390 -5.8867
Car -1 -1 -4.0286 1057.7363 142.8995 1241.0000 374.0000 1.5370 1.6115 3.8922 4.2420 1.4488 2.9748 -3.1152 -5.8867
Car -1 -1 -4.7816 660.4867 176.6450 683.2518 194.6277 1.3969 1.5737 3.9179 4.9889 1.7162 58.8507 -4.6978 -5.8867
Car -1 -1 -4.7321 624.2729 176.2671 647.8284 197.0681 1.3893 1.5712 3.9148 1.7711 1.6386 50.8061 -4.6978 -5.8867
Car -1 -1 -4.8728 693.7939 175.3601 721.3057 193.3377 1.3833 1.5819 3.8905 7.7824 1.5913 58.0323 -4.7405 -5.8867
Car -1 -1 -4.8635 735.1683 173.6889 763.7447 192.1605 1.3588 1.5693 3.8840 10.6066 1.4247 55.2268 -4.6751 -5.8867
Car -1 -1 -3.5046 0.0000 197.9517 0.0000 374.0000 1.5140 1.6085 3.9610 -7.0813 1.6710 2.5301 -4.6974 -5.8867
Car -1 -1 -4.5737 20.6818 177.7375 58.9331 198.9162 1.4547 1.6442 4.0203 -41.6223 1.8257 52.7042 -5.2398 -5.8867
Car -1 -1 -7.3172 149.4391 0.0000 1241.0000 374.0000 1.5444 1.5903 3.8059 -0.9082 1.6161 0.9969 -7.9397 -5.8867
Car -1 -1 -3.7069 0.0000 193.4830 66.8588 374.0000 1.5168 1.6103 3.9649 -4.2766 1.6457 2.5236 -4.6976 -5.8867
Car -1 -1 -4.6037 51.9350 178.8169 85.8585 199.2646 1.4767 1.6536 4.0318 -41.6159 1.9531 55.5229 -5.2447 -5.8867
Car -1 -1 -4.9191 600.3575 175.4689 638.9702 199.0177 1.3973 1.5899 4.2360 0.5242 1.5702 45.5422 -4.9081 -5.8887
Car -1 -1 -8.4969 1241.0000 138.7586 1241.0000 374.0000 1.3864 1.5745 3.8439 8.2349 1.2091 5.8117 -7.5643 -5.8906
Car -1 -1 -4.2642 0.0000 184.9411 0.0000 233.5986 1.4584 1.6660 4.3319 -23.9207 1.9173 25.0938 -5.0204 -5.9550
Car -1 -1 -6.9683 0.0000 181.1961 104.0246 216.1461 1.5145 1.6236 3.9976 -26.6555 1.9368 34.4160 -7.6237 -5.9848
Car -1 -1 -7.2365 1231.9576 166.5031 1241.0000 250.7648 1.4115 1.6436 4.3844 14.0560 1.3048 13.2248 -6.4320 -6.0402
Car -1 -1 -7.3178 1241.0000 168.3246 1241.0000 306.1082 1.4002 1.5737 4.2682 10.2887 1.3539 8.4684 -6.4529 -6.0626
Car -1 -1 -5.0829 617.6121 179.7943 653.8714 199.9471 1.4900 1.5742 3.8084 1.9611 2.0560 56.8211 -5.0490 -6.0664
Car -1 -1 -4.9091 360.4886 172.4425 392.2982 193.5984 1.6888 1.7541 4.0228 -19.4099 1.6556 59.7814 -5.2220 -6.1405
Car -1 -1 -7.3401 1241.0000 165.7064 1241.0000 285.9690 1.4565 1.6295 4.3063 11.3280 1.3697 10.0128 -6.5079 -6.1416
Car -1 -1 -4.6972 445.9058 180.6949 482.5669 215.8093 1.5350 1.6217 3.6405 -6.9470 1.9289 34.3438 -4.8958 -6.1709
Car -1 -1 -4.2079 0.0000 186.4816 0.0000 246.6390 1.3865 1.5763 4.1920 -20.0257 1.8037 19.8733 -4.9904 -6.2417
Car -1 -1 -7.6734 1208.1484 174.2016 1241.0000 374.0000 1.3697 1.6866 4.4953 5.9437 1.3818 4.7896 -6.8107 -6.8368
