Car -1 -1 -7.4474 93.9690 177.0568 184.5493 221.5411 1.6286 1.7101 3.6268 -18.6543 1.8068 28.7100 -8.0196 -1.8813
Car -1 -1 -7.6661 217.2772 176.5622 272.4765 213.1657 1.6613 1.6904 3.9564 -17.8292 1.8535 35.3142 -8.1308 -2.6849
Car -1 -1 -4.8526 622.3588 177.3060 649.3312 198.0797 1.5480 1.5758 3.9242 1.9675 1.9099 56.6724 -4.8185 -2.8948
Car -1 -1 -6.8737 690.8577 176.7364 758.1390 202.2148 1.5306 1.6543 3.9275 7.1744 1.7831 45.4051 -6.7185 -2.9561
Car -1 -1 -6.2382 625.0958 177.5927 670.0318 196.3228 1.5879 1.6877 3.8302 3.2614 2.0062 62.7128 -6.1869 -3.5401
Car -1 -1 -4.4303 515.0883 176.1168 553.7803 198.9097 1.5537 1.6816 4.1643 -5.4267 1.7986 52.0133 -4.5341 -3.7610
Car -1 -1 -4.5537 693.2164 167.8431 719.0027 190.5248 2.0487 1.7753 4.0384 8.9814 1.5958 67.3600 -4.4221 -3.9225
Car -1 -1 -4.6380 741.0453 170.4730 770.3744 200.5252 1.8904 1.6240 3.7294 9.5713 1.7403 47.4015 -4.4405 -4.0545
Car -1 -1 -4.5353 492.1482 178.3197 523.7014 198.4300 1.4945 1.7111 4.4795 -8.0604 1.9441 57.1246 -4.6752 -4.3185
Car -1 -1 -5.1526 543.2715 175.7532 593.0890 198.1264 1.5165 1.7631 4.6502 -3.1006 1.7350 52.0079 -5.2123 -4.4030
Car -1 -1 -4.7498 390.2694 177.8253 413.1091 200.0140 1.6831 1.6097 3.9699 -16.7477 2.0960 57.8273 -5.0308 -4.5316
Car -1 -1 -7.6036 600.9755 178.1322 640.0804 201.9389 1.4280 1.6074 3.8459 0.6857 1.7813 46.2631 -7.5894 -4.5434
Car -1 -1 -7.7369 313.0253 181.7767 354.6320 212.1618 1.4906 1.5923 4.4244 -14.9402 2.0029 39.1095 -8.0999 -4.6153
Car -1 -1 -3.8387 278.7370 179.7160 351.6655 206.2445 1.5371 1.5532 4.2104 -18.4190 1.9877 45.1819 -4.2240 -4.6478
Car -1 -1 -3.2241 655.0469 171.4405 701.0812 189.6487 1.6553 1.7678 4.0887 6.2224 1.5265 66.4976 -3.1316 -4.7977
Car -1 -1 -4.7162 679.9211 170.2046 696.7142 187.1230 1.6283 1.6086 3.4569 7.7040 1.3730 71.2461 -4.6092 -4.8269
Car -1 -1 -4.8817 469.8824 174.8864 500.8795 198.5034 1.7619 1.6774 4.3703 -9.8366 1.9276 56.5722 -5.0534 -4.8356
Car -1 -1 -4.8335 545.9770 176.9174 579.7049 200.7180 1.3816 1.6245 3.7997 -2.9895 1.6438 44.5918 -4.9005 -4.8993
Car -1 -1 -5.0134 401.2808 178.8734 434.9695 199.3089 1.5801 1.5936 3.8486 -15.7576 2.0895 59.0517 -5.2733 -5.0017
Car -1 -1 -2.3082 0.0000 182.0117 20.2457 234.7202 1.4717 1.7753 4.2553 -20.4534 1.7585 21.5689 -3.0610 -5.0302
Car -1 -1 -7.4576 338.6363 179.9858 397.9549 210.0062 1.5964 1.8447 3.9318 -13.8157 2.0251 41.3645 -7.7784 -5.2346
Car -1 -1 -4.9641 388.6568 177.6656 416.7650 194.4451 1.4308 1.5287 3.7776 -18.6340 1.8754 64.6987 -5.2437 -5.2542
Car -1 -1 -2.2824 0.0000 190.4660 0.0000 302.8246 1.4313 1.5335 3.8742 -11.3816 1.7027 10.2910 -3.1051 -5.3911
Car -1 -1 -4.7435 339.3960 179.1725 368.9845 202.7843 1.3784 1.6305 4.2512 -16.2418 1.7975 45.6175 -5.0840 -5.5604
Car -1 -1 -4.5728 341.6090 178.1215 373.9883 199.3450 1.4151 1.6386 3.9076 -17.8862 1.8039 51.2164 -4.9075 -5.5846
Car -1 -1 -4.0854 0.0000 182.0036 30.1714 250.0053 1.5416 1.7403 4.6191 -18.1541 1.8177 19.3985 -4.8309 -5.6372
Car -1 -1 -4.6090 573.8372 176.2220 600.1996 194.8896 1.3448 1.5844 4.1812 -1.7400 1.6107 54.8932 -4.6409 -5.6858
Car -1 -1 -4.5368 569.3060 178.2294 604.3531 201.9769 1.3773 1.5272 3.8492 -1.4290 1.7255 44.7722 -4.5690 -5.7166
Car -1 -1 -3.9745 145.9826 179.9783 245.7856 218.7130 1.6773 1.6255 4.3299 -19.6383 2.0391 34.3780 -4.4904 -5.7267
Car -1 -1 -4.4030 387.0605 180.2079 431.7569 204.4838 1.3879 1.5227 3.9411 -12.3358 1.8612 44.4627 -4.6725 -5.8101
Car -1 -1 -4.6746 359.5227 179.6813 383.2572 198.5488 1.3853 1.6140 4.2955 -18.8131 1.9452 56.9202 -4.9928 -5.8185
Car -1 -1 -4.5917 586.3397 177.4498 614.8397 198.2822 1.4191 1.6038 3.8766 -0.6729 1.7632 52.0527 -4.6050 -5.8215
Car -1 -1 -7.4806 0.0000 180.1005 0.0000 266.0301 1.4062 1.6014 3.9068 -14.9168 1.5705 14.2735 -8.2786 -5.8251
Car -1 -1 -4.4099 191.4709 183.7046 246.9955 213.1071 1.3830 1.5218 3.5510 -20.1244 1.9708 37.2203 -4.9028 -5.8561
Car -1 -1 -4.7977 567.6479 176.2464 591.1634 193.8188 1.4005 1.6192 4.0940 -2.6204 1.6945 60.4636 -4.8412 -5.8634
Car -1 -1 -4.4076 425.9008 179.2514 470.5532 203.2021 1.3621 1.5254 4.0415 -9.8899 1.7723 44.2230 -4.6267 -5.8764
Car -1 -1 -7.5635 152.1501 0.0000 1241.0000 374.0000 1.5662 1.5956 3.8103 -0.4932 1.6916 1.0014 -7.9390 -5.8867
Car -1 -1 -8.9572 0.0000 0.0000 1241.0000 374.0000 1.5096 1.6059 3.8508 3.1373 1.5538 1.3673 -7.8744 -5.8867
Car -1 -1 -6.9162 0.0000 0.0000 1241.0000 374.0000 1.5631 1.5939 3.8090 -2.1009 1.6998 1.0021 -7.9389 -5.8867
Car -1 -1 -8.4657 0.0000 0.0000 1035.4598 374.0000 1.5113 1.6059 3.8513 1.1289 1.5821 1.3694 -7.8744 -5.8867
Car -1 -1 -4.3130 435.0011 177.8902 474.0659 196.7168 1.4196 1.6239 3.9976 -12.4006 1.8365 57.6551 -4.5242 -5.8867
Car -1 -1 -4.4886 438.7912 178.6630 472.9750 199.3508 1.4031 1.5778 3.9208 -11.0941 1.8374 52.0138 -4.6980 -5.8867
Car -1 -1 -3.8054 0.0000 191.1367 195.9830 374.0000 1.5156 1.6118 3.9648 -3.4726 1.6297 2.5229 -4.6977 -5.8867
Car -1 -1 -4.5685 583.7377 175.8114 609.7419 193.2980 1.3891 1.6209 3.9246 -1.0959 1.6433 60.0575 -4.5870 -5.8867
Car -1 -1 -9.1079 0.0000 0.0000 1241.0000 374.0000 1.5052 1.6020 3.8487 4.7455 1.5263 1.3686 -7.8743 -5.8867
Car -1 -1 -3.5479 0.0000 190.7643 0.0000 374.0000 1.4999 1.6049 3.9564 -6.2778 1.6118 2.5309 -4.6975 -5.8867
Car -1 -1 -5.9534 0.0000 0.0000 1241.0000 374.0000 1.5239 1.6119 3.9644 6.1751 1.5580 1.7161 -4.6976 -5.8867
Car -1 -1 -4.5758 243.4446 179.6147 280.5288 202.7186 1.3993 1.6269 4.1742 -22.7623 1.8626 47.2433 -5.0228 -5.8911
Car -1 -1 -4.3978 355.2785 179.9363 401.8197 204.7879 1.4335 1.5921 3.9762 -14.3253 1.8920 44.7491 -4.7062 -5.8998
