Car -1 -1 -5.7544 304.9290 183.3161 360.8421 203.4047 1.3767 1.4784 3.4530 -19.7959 2.1379 51.5090 -6.1199 1.4277
Car -1 -1 -4.7431 187.6010 186.0317 232.6764 224.3564 1.5190 1.6430 4.1726 -18.0043 2.1497 32.3341 -5.2479 -2.2180
Car -1 -1 -8.1398 441.3398 174.3546 475.5837 196.0942 1.7379 1.7618 3.8979 -12.6808 1.8671 60.1108 -8.3472 -2.4529
Car -1 -1 -4.9591 722.8036 173.1889 759.4280 196.8462 1.6525 1.6737 4.0472 9.4672 1.6776 52.5378 -4.7822 -2.5429
Car -1 -1 -4.4660 145.2024 184.0069 202.0249 215.5653 1.5255 1.6217 4.2007 -23.3623 2.1583 38.7105 -5.0062 -2.7101
Car -1 -1 -7.3369 321.1911 168.0227 372.8146 199.5480 2.5459 1.8681 4.9861 -22.1348 2.1554 60.8844 -7.6845 -3.1319
Car -1 -1 -5.8894 617.5339 177.6909 682.9087 200.6632 1.4719 1.6846 4.0567 2.6688 1.8080 48.5571 -5.8353 -3.7511
Car -1 -1 -7.2630 219.1145 165.6101 278.6089 197.7268 2.1073 1.7374 3.9421 -24.6863 1.6317 49.4100 -7.7244 -3.7630
Car -1 -1 -4.5400 309.1772 181.3608 348.6939 211.5151 1.6611 1.5777 3.6376 -16.6464 2.1879 42.7776 -4.9094 -3.9351
Car -1 -1 -8.0396 1161.8113 129.7976 1238.8542 169.9999 1.5416 1.7541 4.0012 24.5112 -0.1282 30.1545 -7.3615 -4.0258
Car -1 -1 -4.7548 740.6616 172.7593 762.5023 191.9662 1.5539 1.6203 3.8925 11.7995 1.5459 60.4197 -4.5632 -4.1206
Car -1 -1 -8.0468 410.4402 175.7036 442.4644 197.3491 1.5966 1.6549 4.0802 -14.3062 1.8262 55.9986 -8.2961 -4.1516
Car -1 -1 -4.8688 768.7114 175.8710 791.9092 191.1661 1.4571 1.6474 3.8574 16.8270 1.7640 71.5031 -4.6389 -4.2644
Car -1 -1 -2.9003 412.9336 181.0988 489.1408 207.5085 1.4874 1.6385 4.0639 -9.2605 1.9776 42.0521 -3.1161 -4.3745
Car -1 -1 -2.5217 443.2178 177.3378 495.2689 196.4682 1.5761 1.6731 4.1849 -12.0912 1.9702 61.8362 -2.7143 -4.3855
Car -1 -1 -5.3416 708.7389 175.2238 746.4902 191.5453 1.5449 1.7283 3.8483 11.5226 1.7848 71.0165 -5.1817 -4.5061
Car -1 -1 -4.8104 191.5315 183.8087 250.2320 228.3117 1.6047 1.6909 4.3500 -15.9616 2.0856 29.4149 -5.3041 -4.5165
Car -1 -1 -7.8322 668.8351 177.5329 694.8359 201.1550 1.5092 1.6773 4.0356 4.8839 1.8405 49.0341 -7.7340 -4.5347
Car -1 -1 -2.7380 451.3649 175.2854 503.4678 194.3360 1.6625 1.7722 4.2356 -11.8857 1.8845 64.6383 -2.9194 -4.5679
Car -1 -1 -7.4717 962.9604 149.7280 1013.7842 174.9275 1.7299 1.7632 4.2646 27.0473 0.1420 51.5882 -6.9911 -4.6689
Car -1 -1 -4.1849 403.6984 174.4645 442.5538 193.1056 1.5798 1.6265 3.7881 -16.4387 1.7259 63.5477 -4.4373 -4.7136
Car -1 -1 -4.2676 171.2639 183.9039 240.9656 216.2989 1.5904 1.6929 4.0501 -21.7189 2.2178 38.9110 -4.7740 -4.7207
Car -1 -1 -7.8413 185.2907 185.8497 246.5648 245.1820 1.5285 1.4782 3.8351 -11.7527 1.9527 21.5244 -8.3362 -4.7228
Car -1 -1 -4.6820 181.1602 185.3551 274.0728 266.8405 1.5946 1.7210 3.6429 -8.8266 1.9194 16.7521 -5.1608 -4.7307
Car -1 -1 -2.5509 282.3741 175.3133 342.1213 201.3523 1.7511 1.6230 3.5107 -20.5991 1.9248 49.8852 -2.9409 -4.7957
Car -1 -1 -5.1266 379.6268 175.5735 426.5066 200.4781 1.6736 1.6716 4.1185 -14.7114 1.8738 51.0692 -5.4061 -4.8045
Car -1 -1 -4.4971 736.0858 174.5050 761.1579 190.6175 1.5291 1.6166 3.9848 13.6607 1.6963 71.0658 -4.3083 -4.8563
Car -1 -1 -2.6168 377.6749 175.5912 446.7113 197.6453 1.5869 1.9191 4.6276 -14.7657 1.7965 53.8126 -2.8836 -4.8658
Car -1 -1 -2.5216 236.8752 173.2989 307.3926 196.9145 1.6980 1.8021 4.5047 -24.9300 1.7313 53.2261 -2.9580 -4.9172
Car -1 -1 -7.8905 1001.4914 164.3035 1047.4703 206.6871 1.6958 1.5514 3.3334 17.5367 1.3534 30.7057 -7.3760 -4.9295
Car -1 -1 -3.9765 171.3858 190.0641 242.1080 216.1927 1.4419 1.5432 3.9908 -24.9455 2.5590 44.7275 -4.4829 -5.0059
Car -1 -1 -5.6228 275.4630 180.2131 342.4788 204.2030 1.4986 1.5528 3.9098 -19.6783 1.9917 47.1130 -6.0167 -5.0462
Car -1 -1 -4.2454 388.2529 178.8425 454.6305 207.7044 1.5702 1.7426 5.0283 -11.1668 1.9487 42.9934 -4.4984 -5.0980
Car -1 -1 -4.6400 437.1493 175.8726 457.5147 193.1699 1.5435 1.5854 3.6312 -15.0916 1.8314 66.9665 -4.8611 -5.1605
Car -1 -1 -4.3897 711.8485 176.4858 743.1387 196.0683 1.4571 1.5051 3.0764 9.1187 1.7475 56.0356 -4.2296 -5.3534
Car -1 -1 -4.8804 489.0723 177.3196 523.9175 200.4600 1.4899 1.6925 4.1497 -7.1817 1.8101 49.5524 -5.0240 -5.5151
Car -1 -1 -4.6783 462.2919 179.1613 491.1183 205.5134 1.6647 1.7764 4.2051 -9.0124 2.1107 48.8488 -4.8602 -5.5497
Car -1 -1 -3.9192 0.0000 188.1357 24.3879 240.4037 1.4494 1.6145 4.2218 -21.6452 1.9906 23.4162 -4.6597 -5.6113
Car -1 -1 -4.6370 348.3712 178.5353 380.7503 203.8675 1.5997 1.7482 4.4207 -16.6407 2.0037 48.9808 -4.9631 -5.6130
Car -1 -1 -5.0035 754.6169 170.4583 789.3229 191.3588 1.5361 1.5274 3.8591 12.2753 1.3597 55.0110 -4.7854 -5.6784
Car -1 -1 -4.9376 864.8771 169.4288 904.3788 193.4914 1.6313 1.7386 4.0338 19.3343 1.3988 51.0311 -4.5776 -5.6895
Car -1 -1 -4.5489 208.5930 181.8857 260.0484 214.7584 1.5510 1.7102 4.1424 -19.4868 2.0481 37.5043 -5.0255 -5.6953
Car -1 -1 -7.3237 0.0000 181.9986 0.0000 262.0911 1.4486 1.6301 3.6921 -15.6648 1.6699 15.4956 -8.1059 -5.7582
Car -1 -1 -2.4405 0.0000 179.9912 41.5457 360.0282 1.4515 1.7363 4.6922 -8.8590 1.5345 7.1708 -3.3124 -5.7911
Car -1 -1 -4.5127 260.8322 183.7402 306.6408 210.1205 1.3702 1.5896 4.2249 -18.7572 2.0306 41.5574 -4.9346 -5.8337
Car -1 -1 -4.2373 217.7070 181.7226 280.2794 208.9642 1.4455 1.5909 3.9377 -20.7432 1.9803 41.5552 -4.6979 -5.8867
Car -1 -1 -8.1634 0.0000 0.0000 853.0164 374.0000 1.5383 1.5874 3.8024 0.3100 1.5849 1.0050 -7.9392 -5.8867
Car -1 -1 -4.7543 640.0191 176.6422 664.3232 197.1668 1.4027 1.5763 3.9206 2.9762 1.6858 52.0109 -4.6978 -5.8867
Car -1 -1 -4.0764 256.7318 181.7286 322.6978 207.6604 1.4627 1.6337 4.0117 -19.6167 2.0335 44.2964 -4.4914 -5.8867
Car -1 -1 -7.1468 51.9962 0.0000 1241.0000 374.0000 1.5390 1.5875 3.8027 -1.2979 1.6045 1.0053 -7.9392 -5.8867
Car -1 -1 -4.4296 0.0000 183.5855 0.0000 248.4068 1.4487 1.6375 4.1238 -19.0938 1.7646 19.0577 -5.2090 -5.8867
Car -1 -1 -4.5660 499.4518 177.6870 528.5222 197.6274 1.3900 1.5720 3.9151 -7.0723 1.7594 53.2203 -4.6979 -5.8867
Car -1 -1 -4.0410 227.3190 183.2256 287.5015 207.7554 1.3855 1.5088 3.4127 -21.5384 2.0459 44.1320 -4.4929 -5.9657
Car -1 -1 -6.5949 0.0000 142.9105 77.4193 374.0000 1.5268 1.6627 3.8032 -4.8888 1.4819 3.1363 -7.5561 -6.1579
Car -1 -1 -4.2505 194.2755 183.2713 250.9496 209.3311 1.4144 1.5069 3.5426 -22.7224 2.0519 42.3855 -4.7402 -6.1963
Car -1 -1 -5.2380 239.3764 170.0449 300.0201 201.3988 2.0081 1.8357 4.1340 -22.7569 1.8279 48.1441 -5.6776 -6.6929
