Car -1 -1 -5.7231 259.9007 188.2858 329.8592 212.2727 1.4664 1.6597 3.8533 -20.3797 2.4875 46.6458 -6.1332 0.1281
Car -1 -1 -4.8069 386.2932 177.9611 417.4583 202.7677 1.5956 1.6668 4.2034 -14.3747 1.9623 49.6011 -5.0878 -1.2712
Car -1 -1 -4.3503 363.0934 173.8935 400.6012 195.9552 1.7434 1.6503 3.9231 -18.6997 1.8313 59.2129 -4.6552 -2.4095
Car -1 -1 -7.3675 340.0203 166.1528 391.1688 198.4103 2.6738 1.9978 5.1945 -21.1201 2.1180 62.5318 -7.6923 -2.4474
Car -1 -1 -4.8126 436.2202 178.4497 464.3811 199.8201 1.5491 1.7100 4.1908 -12.3994 1.9986 55.7429 -5.0308 -2.5349
Car -1 -1 -4.8481 284.0963 189.0343 328.9797 221.0142 1.5027 1.6658 3.9998 -16.1545 2.4077 38.2219 -5.2458 -2.5975
Car -1 -1 -3.1918 726.6470 177.2049 768.4525 195.4700 1.6322 1.6798 3.6767 12.5428 2.0368 66.0742 -3.0054 -3.4224
Car -1 -1 -6.4145 748.8403 174.3715 820.6841 199.9628 1.5958 1.6481 4.2825 11.0935 1.6948 46.1555 -6.1805 -3.6270
Car -1 -1 -7.2561 297.4214 165.0247 355.9855 201.6219 2.7521 1.9034 4.8250 -22.2511 2.1630 56.8230 -7.6281 -3.6548
Car -1 -1 -6.2543 397.8073 180.2148 462.9888 205.2200 1.5441 1.6453 4.0088 -11.5662 2.0308 46.5080 -6.4971 -3.6681
Car -1 -1 -7.2431 230.6015 179.1826 298.7664 207.6421 1.8129 1.7614 4.8460 -23.6759 2.2701 49.6255 -7.6864 -3.7477
Car -1 -1 -4.9416 853.2969 172.1266 886.1685 194.0751 1.6964 1.6271 3.8716 20.7276 1.6399 57.7836 -4.5991 -4.0270
Car -1 -1 -5.6285 220.7337 180.1864 290.4449 210.7628 1.8461 1.6074 3.7186 -22.2534 2.3177 45.2761 -6.0833 -4.1239
Car -1 -1 -4.9186 454.6116 184.2635 494.2028 207.4637 1.3834 1.7411 4.1601 -9.0027 2.1699 47.4982 -5.1053 -4.1751
Car -1 -1 -5.6469 321.7343 185.8983 398.5623 213.1332 1.4913 1.6429 4.0716 -14.6530 2.2798 42.2377 -5.9793 -4.2111
Car -1 -1 -4.4917 745.9969 174.4683 777.4455 196.7084 1.6500 1.5984 3.7948 11.7541 1.7793 55.8874 -4.2859 -4.2533
Car -1 -1 -4.6774 605.8408 179.2855 622.7693 195.0806 1.4811 1.5453 3.4769 0.4239 2.1282 70.8653 -4.6718 -4.3704
Car -1 -1 -4.6058 670.5568 181.3693 701.8734 205.9772 1.5104 1.6472 4.1388 5.0777 2.1025 48.0018 -4.5016 -4.4631
Car -1 -1 -4.5216 708.7360 180.5905 742.5439 202.1866 1.5825 1.7836 4.7658 9.1919 2.2232 57.2401 -4.3637 -4.4749
Car -1 -1 -4.9619 641.1403 181.4388 681.4742 203.9818 1.3693 1.6765 4.1377 3.3046 1.9623 47.6787 -4.8937 -4.5274
Car -1 -1 -4.8665 322.9165 180.8943 356.8499 204.5106 1.5174 1.6049 3.9990 -18.7633 2.0975 49.9514 -5.2244 -4.5381
Car -1 -1 -5.1022 393.7380 179.2429 436.0652 201.1295 1.5698 1.6692 4.1528 -14.9787 2.0771 55.1670 -5.3665 -4.6785
Car -1 -1 -4.5552 788.2518 174.3394 816.5139 193.2464 1.6874 1.8301 4.7868 17.9735 1.8310 67.3553 -4.2959 -4.7162
Car -1 -1 -4.1400 392.5130 178.2889 437.2060 198.4507 1.5882 1.6534 4.0795 -16.2585 2.0580 60.2160 -4.4029 -4.7890
Car -1 -1 -7.0599 798.2343 174.6959 862.6511 199.4893 1.4996 1.6142 3.8663 13.8733 1.6196 45.4948 -6.7662 -5.0092
Car -1 -1 -4.1792 394.9384 181.2010 455.7833 209.2325 1.5210 1.6532 4.0428 -10.8695 2.0388 42.6163 -4.4279 -5.0302
Car -1 -1 -5.0889 487.2045 178.7850 531.3717 200.1061 1.5488 1.8021 4.7074 -7.9338 2.0317 56.2905 -5.2287 -5.0510
Car -1 -1 -3.6561 1000.1538 151.6548 1083.9440 179.6760 1.7329 1.7002 4.2500 27.1674 0.4216 45.5146 -3.1208 -5.2176
Car -1 -1 -4.5634 626.9642 183.1364 654.4772 203.7873 1.4969 1.5953 3.8777 2.4071 2.3297 56.4026 -4.5215 -5.3560
Car -1 -1 -5.1371 885.7748 173.7821 938.9282 198.3302 1.4964 1.6836 3.8388 19.2042 1.5579 46.0768 -4.7448 -5.3972
Car -1 -1 -6.7552 804.3420 173.9229 874.3381 201.4198 1.6293 1.6551 3.7193 13.9154 1.6958 43.9680 -6.4510 -5.4116
Car -1 -1 -4.6499 479.3105 183.0411 507.8215 207.7383 1.5374 1.6515 4.0635 -7.8581 2.2551 48.7529 -4.8093 -5.4445
Car -1 -1 -4.8190 660.0418 178.6357 682.8441 195.1895 1.4251 1.6318 4.0900 5.5339 1.9671 65.6206 -4.7356 -5.4582
Car -1 -1 -4.9751 643.6332 179.4535 680.4206 199.5274 1.3953 1.6392 4.4405 3.8148 1.9105 54.0257 -4.9054 -5.5657
Car -1 -1 -4.8450 720.4536 174.4554 749.3916 200.3161 1.8439 1.5861 4.0848 9.2388 1.9675 53.7715 -4.6762 -5.6208
Car -1 -1 -4.6723 530.4801 178.6718 549.4328 194.4394 1.3747 1.5785 4.1092 -6.4546 1.9280 66.5521 -4.7689 -5.6250
Car -1 -1 -4.8981 522.0836 178.5303 552.0635 199.6647 1.5868 1.6554 4.0333 -5.8749 2.0560 57.5092 -4.9998 -5.7119
Car -1 -1 -5.4689 695.9692 180.1830 762.0042 203.5203 1.4405 1.6595 4.5946 7.8817 1.9558 48.3906 -5.3089 -5.7383
Car -1 -1 -4.8977 511.1005 179.9270 547.1510 203.3024 1.4495 1.6425 4.2334 -5.4995 1.9456 48.3766 -5.0107 -5.7895
Car -1 -1 -4.5944 543.8312 178.3653 569.9014 196.3999 1.3818 1.6349 4.1983 -4.3131 1.8463 58.7192 -4.6677 -5.8428
Car -1 -1 -4.5526 685.2146 178.1248 717.1746 199.2489 1.4264 1.6621 4.0890 6.5817 1.8221 52.0120 -4.4279 -5.8718
Car -1 -1 -4.7132 673.5446 177.4214 694.9869 196.8610 1.4402 1.6106 3.8946 5.7727 1.8099 56.4235 -4.6122 -5.8867
Car -1 -1 -7.1454 50.8594 0.0000 1241.0000 374.0000 1.5573 1.5950 3.8085 -1.2981 1.6643 1.0022 -7.9392 -5.8867
Car -1 -1 -8.6436 0.0000 0.0000 1049.2034 374.0000 1.5541 1.5941 3.8077 1.1137 1.6272 1.0024 -7.9392 -5.8867
Car -1 -1 -4.0878 992.6238 152.2404 1071.1140 190.0231 1.8881 1.6372 3.7787 21.9322 0.8577 37.5762 -3.5630 -6.2800
