Car -1 -1 -5.8584 328.3092 180.4612 388.3027 199.5356 1.4169 1.5939 4.0497 -19.3123 2.0105 55.3545 -6.1929 -0.3528
Car -1 -1 -5.1230 476.8272 172.1931 510.9262 189.8052 1.5750 1.6539 3.9853 -10.7770 1.5156 66.6492 -5.2829 -1.1206
Car -1 -1 -3.2355 933.6111 162.9249 1015.7048 199.4874 1.8943 1.7508 3.7910 19.5268 1.3796 38.8817 -2.7735 -2.5215
Car -1 -1 -4.9189 497.3726 175.2304 522.2554 190.0388 1.3892 1.6165 4.0193 -9.8429 1.6284 70.5503 -5.0573 -2.8653
Car -1 -1 -4.1470 347.9812 168.1507 394.2185 191.1729 2.0039 1.8346 4.5099 -21.5517 1.5942 65.2138 -4.4652 -2.9908
Car -1 -1 -4.0983 249.0057 179.7855 299.8498 204.0127 1.6470 1.5240 3.6063 -24.1832 2.1652 52.0566 -4.5315 -3.1672
Car -1 -1 -4.5259 423.6167 171.1679 451.5790 189.0893 1.6267 1.7662 4.4015 -16.1608 1.4733 67.7307 -4.7595 -3.3136
Car -1 -1 -5.6849 393.7389 173.7933 455.5473 196.8849 1.6840 1.7532 4.2571 -13.9721 1.7564 54.2930 -5.9359 -3.4973
Car -1 -1 -2.9268 479.7114 174.7894 549.2729 200.6869 1.6178 1.7235 4.1497 -6.1241 1.7443 46.2591 -3.0580 -3.6042
Car -1 -1 -4.0649 420.2675 174.5598 470.7242 197.8480 1.5953 1.6006 3.7324 -11.7822 1.7221 51.7543 -4.2879 -3.6575
Car -1 -1 -4.9649 824.8972 165.6847 855.9630 185.3821 1.7817 1.7780 4.1261 21.4501 1.1329 67.3740 -4.6581 -3.7312
Car -1 -1 -7.5053 583.0566 175.1440 615.9362 194.1510 1.7253 1.7694 4.2546 -0.9762 1.9492 68.3479 -7.5199 -3.8369
Car -1 -1 -6.1577 1007.8691 156.2331 1132.0110 196.3149 1.6770 1.6912 4.5127 20.4624 0.9813 32.2719 -5.5969 -4.0014
Car -1 -1 -8.9957 1067.7230 132.4750 1174.1862 170.3224 1.6328 1.6526 3.6645 23.5203 -0.1245 33.3937 -8.3860 -4.0939
Car -1 -1 -4.4105 349.2021 183.3217 392.8845 206.1217 1.4013 1.6097 4.1667 -15.9873 2.1331 48.3673 -4.7285 -4.2813
Car -1 -1 -4.2669 375.0434 173.9368 418.1609 195.2389 1.6753 1.7780 4.1386 -17.4640 1.7671 59.1530 -4.5530 -4.3195
Car -1 -1 -2.5857 410.0164 177.7432 493.5976 211.0355 1.5554 1.6095 3.7288 -7.8150 1.8050 35.4966 -2.8013 -4.4741
Car -1 -1 -5.8336 396.7380 175.3524 459.7706 195.5963 1.5824 1.7425 4.6198 -14.6309 1.7877 58.0462 -6.0798 -4.6037
Car -1 -1 -4.2099 937.4669 164.7066 1012.0967 197.3548 1.5482 1.5978 4.0181 18.1922 1.1615 36.0142 -3.7456 -4.7280
Car -1 -1 -8.1249 439.2093 176.0506 481.8968 203.6162 1.6600 1.7431 3.6572 -9.5866 1.8722 45.9450 -8.3298 -4.9163
Car -1 -1 -7.8994 409.1091 170.8738 428.8741 188.2669 1.5906 1.6340 3.6691 -18.0372 1.4092 67.9800 -8.1580 -5.0429
Car -1 -1 -7.7353 298.3759 181.8416 348.9142 220.6898 1.4492 1.5039 3.6970 -11.8051 1.8448 29.8095 -8.1097 -5.0787
Car -1 -1 -2.3516 0.0000 187.8367 12.5969 252.8059 1.4054 1.6233 4.1802 -16.7424 1.7723 16.8407 -3.1262 -5.1783
Car -1 -1 -2.3688 512.6291 172.3111 570.0484 196.0307 1.6839 1.7172 4.2099 -5.1190 1.6450 53.2107 -2.4646 -5.1847
Car -1 -1 -4.4350 452.6643 173.6210 478.1288 188.4164 1.4189 1.5254 3.6491 -14.2714 1.4964 71.2728 -4.6321 -5.2603
Car -1 -1 -2.4363 302.2183 180.2168 371.9704 205.4087 1.5546 1.5979 4.2044 -17.7490 2.0472 46.8435 -2.7969 -5.2723
Car -1 -1 -3.0340 295.9651 176.0753 450.1677 232.6391 1.6059 1.6692 4.2810 -7.0989 1.7088 21.8763 -3.3447 -5.3771
Car -1 -1 -4.2905 1093.2230 166.4430 1177.4279 202.9183 1.4192 1.4639 3.5980 21.5294 1.1695 29.6098 -3.6668 -5.4500
Car -1 -1 -2.5868 373.3857 173.6478 429.3347 193.5448 1.6565 1.6747 4.3595 -17.8222 1.7255 61.5785 -2.8676 -5.4502
Car -1 -1 -4.7162 670.7648 173.5897 693.9298 198.6369 1.6886 1.5603 4.1791 5.0606 1.7424 50.9245 -4.6182 -5.4665
Car -1 -1 -2.0651 0.0000 165.3097 10.6447 374.0000 1.4311 1.6277 4.0782 -7.4477 1.3817 5.8991 -2.9438 -5.4725
Car -1 -1 -4.9324 748.5508 171.7602 777.5657 191.2920 1.5364 1.5206 3.7225 12.3730 1.4500 58.6276 -4.7257 -5.4797
Car -1 -1 -4.8494 703.2436 170.0899 735.0176 194.7464 1.8725 1.8073 5.0571 8.5885 1.6623 57.3336 -4.7019 -5.5711
Car -1 -1 -4.6494 1129.3492 157.9469 1192.3881 199.4572 1.4409 1.6687 3.6027 20.5699 0.9231 26.9556 -4.0029 -5.5836
Car -1 -1 -4.8263 440.0615 172.4628 461.7276 188.3066 1.5115 1.6387 3.9710 -15.6943 1.4739 70.9778 -5.0433 -5.6259
Car -1 -1 -3.9759 0.0000 184.7516 62.9261 232.7065 1.4065 1.5823 4.0863 -20.8225 1.8402 24.2554 -4.6800 -5.6770
Car -1 -1 -2.4138 0.0000 118.2083 49.9178 374.0000 1.4583 1.6339 4.3367 -5.6015 1.3062 3.3630 -3.4083 -5.6849
Car -1 -1 -4.3230 256.9631 180.7797 308.9157 204.3535 1.4070 1.6200 4.0717 -21.0432 1.9403 46.5133 -4.7460 -5.7332
Car -1 -1 -4.6168 630.7762 175.1520 657.3596 195.7951 1.4788 1.6257 4.0098 2.5671 1.6580 54.2558 -4.5701 -5.8198
Car -1 -1 -4.8300 405.1264 173.1007 428.0572 191.1259 1.5306 1.5166 3.7214 -17.0225 1.5526 63.3314 -5.0918 -5.8291
Car -1 -1 -2.0901 0.0000 186.4757 0.0000 319.4400 1.4226 1.5200 3.8381 -10.2695 1.6165 9.1214 -2.9200 -5.8414
Car -1 -1 -4.3060 0.0000 184.0342 19.1953 229.6764 1.4488 1.6356 4.2422 -23.5381 1.8909 26.2856 -5.0314 -5.8555
Car -1 -1 -4.6385 659.1942 175.3483 684.4700 198.1100 1.6282 1.6181 3.7621 4.6317 1.8216 54.0350 -4.5539 -5.8576
Car -1 -1 -7.3172 149.3594 0.0000 1241.0000 374.0000 1.5373 1.5897 3.8044 -0.9084 1.5883 0.9970 -7.9398 -5.8867
Car -1 -1 -8.7980 0.0000 0.0000 1144.4291 374.0000 1.5359 1.5887 3.8038 1.5035 1.5591 0.9968 -7.9398 -5.8867
Car -1 -1 -4.7332 624.7171 176.0969 649.1283 197.5835 1.3887 1.5722 3.9145 1.7702 1.6183 49.1961 -4.6979 -5.8867
Car -1 -1 -4.2332 0.0000 184.2985 0.0000 284.2662 1.4142 1.6117 4.1903 -14.2958 1.6551 12.9653 -5.0571 -5.8923
Car -1 -1 -4.0401 735.7642 169.2535 785.8040 188.0233 1.6197 1.9508 4.5833 13.4766 1.3087 64.4791 -3.8352 -5.9771
Car -1 -1 -7.2765 1241.0000 173.4506 1241.0000 358.1848 1.4005 1.6263 4.2299 8.3583 1.4064 6.5095 -6.3894 -6.0604
Car -1 -1 -3.4640 0.0000 180.4028 160.4321 248.8956 1.4921 1.4573 3.3148 -13.3267 1.6975 17.8842 -4.0974 -6.1914
Car -1 -1 -4.3483 286.4019 180.2530 337.6762 204.3944 1.5470 1.7677 4.5562 -20.5747 2.0824 49.9445 -4.7375 -6.2507
