Car -1 -1 -5.3813 381.4350 176.4143 436.7759 201.2873 1.5722 1.6100 3.6619 -13.3669 1.8164 47.8313 -5.6527 -0.7045
Car -1 -1 -4.1079 319.2500 167.4149 371.1178 196.3745 2.2586 1.8349 4.2955 -21.4608 1.8341 58.5827 -4.4579 -0.8421
Car -1 -1 -4.9967 441.0152 175.4304 477.3051 196.7684 1.5620 1.6603 4.0514 -11.6701 1.7677 55.5205 -5.2033 -2.5696
Car -1 -1 -5.7153 235.5161 181.1156 318.8794 207.7001 1.5624 1.7128 4.4197 -20.4238 2.0822 44.2722 -6.1455 -2.6320
Car -1 -1 -4.6286 726.0829 173.6269 748.5715 191.2889 1.5196 1.6606 3.9015 11.3606 1.5905 64.3599 -4.4550 -2.9056
Car -1 -1 -4.1591 32.1307 186.6425 106.1542 214.3039 1.4167 1.5593 3.8531 -30.6094 2.2364 40.9212 -4.7984 -2.9450
Car -1 -1 -4.3496 449.2510 175.2445 478.5787 191.0529 1.4995 1.6178 3.7085 -14.3588 1.7410 70.9978 -4.5487 -3.1390
Car -1 -1 -5.6895 196.5812 174.1796 272.9165 204.3836 1.7436 1.6587 3.7280 -22.2549 1.8238 42.7845 -6.1668 -3.4826
Car -1 -1 -5.0167 415.9468 173.7538 453.6978 195.7092 1.5364 1.6732 3.5956 -12.8352 1.6041 52.6236 -5.2551 -3.6299
Car -1 -1 -4.4497 773.3024 170.8981 803.2873 188.3516 1.5463 1.7163 3.9001 16.3257 1.3727 66.0479 -4.2087 -3.7734
Car -1 -1 -4.7969 792.3735 172.1734 816.3490 190.1439 1.5614 1.7246 4.1701 17.4221 1.5020 64.8966 -4.5361 -3.7966
Car -1 -1 -7.5711 489.7216 176.6519 532.9756 202.7492 1.6208 1.8135 3.8564 -6.4670 1.8810 47.4457 -7.7062 -3.9012
Car -1 -1 -4.8893 363.0244 173.6354 400.8684 200.1625 1.6372 1.6645 3.9809 -14.8642 1.6899 46.8084 -5.1955 -3.9558
Car -1 -1 -2.7904 766.4689 167.1778 833.6380 192.0107 1.7059 1.7180 4.3076 13.5098 1.3157 51.4984 -2.5356 -3.9931
Car -1 -1 -7.8022 286.7181 183.0506 324.9025 215.2461 1.4979 1.5989 3.8067 -15.5567 2.0486 36.9358 -8.1986 -4.1336
Car -1 -1 -4.3968 220.7353 184.0808 287.3715 215.4007 1.4996 1.7840 4.8725 -19.1123 2.1441 38.9021 -4.8510 -4.2532
Car -1 -1 -7.8953 413.5852 178.7760 446.0004 207.8433 1.4882 1.5783 3.6424 -9.9907 1.8300 39.7132 -8.1405 -4.3422
Car -1 -1 -5.0747 731.6315 171.0081 761.7855 187.5775 1.5654 1.6312 3.8062 13.2426 1.3907 70.1863 -4.8893 -4.4458
Car -1 -1 -8.0528 518.5117 179.4914 554.0947 204.0195 1.4488 1.5294 3.7300 -4.7416 1.8874 45.7126 -8.1560 -4.4771
Car -1 -1 -4.7019 645.8660 170.5396 664.9528 192.2300 1.7830 1.5674 3.9028 3.8512 1.5925 61.3154 -4.6398 -4.5072
Car -1 -1 -5.2662 717.9670 172.6891 765.9819 196.0289 1.5783 1.5831 3.7496 9.2172 1.5669 50.8274 -5.0882 -4.5361
Car -1 -1 -6.4113 757.2396 169.6160 830.1025 196.9231 1.6121 1.7014 4.0849 11.0289 1.4206 43.6804 -6.1660 -4.5717
Car -1 -1 -4.4536 214.3148 185.7859 271.7041 219.6063 1.4991 1.6680 3.4332 -17.8963 2.1638 35.2506 -4.9206 -4.5745
Car -1 -1 -7.1134 908.1768 165.0072 973.4138 192.7784 1.6339 1.6288 3.5740 20.0904 1.1720 43.9034 -6.6870 -4.6014
Car -1 -1 -2.6615 443.6616 174.3971 496.3999 195.3183 1.7076 1.6934 4.0115 -11.7489 1.8396 60.4806 -2.8528 -4.6977
Car -1 -1 -4.7810 605.3685 174.4385 625.4973 190.7154 1.4841 1.6325 3.8897 0.4664 1.6378 68.1659 -4.7745 -4.7092
Car -1 -1 -4.2499 16.7067 191.3810 98.3086 227.3713 1.5231 1.6444 3.6110 -26.3073 2.4567 34.4451 -4.8986 -4.7867
Car -1 -1 -4.2229 382.4140 172.1971 428.3647 192.8540 1.5935 1.6884 4.3810 -16.4060 1.5425 57.9796 -4.4977 -4.9177
Car -1 -1 -4.6953 485.7952 174.5292 508.5677 193.8785 1.4049 1.6429 4.2656 -8.5933 1.5375 55.0005 -4.8499 -4.9694
Car -1 -1 -3.3595 735.4929 170.6869 787.0365 189.0611 1.6591 1.7738 4.3357 13.7982 1.4631 66.0680 -3.1548 -5.0667
Car -1 -1 -4.3046 439.8431 175.4677 487.7555 199.8716 1.5401 1.6307 4.1297 -9.7366 1.7223 48.1945 -4.5033 -5.1316
Car -1 -1 -2.3346 0.0000 177.8492 39.3730 344.5945 1.4142 1.7238 4.4540 -8.6748 1.4702 7.1616 -3.1968 -5.1533
Car -1 -1 -4.3280 179.1243 185.3371 246.1081 216.7005 1.3722 1.5562 3.7293 -19.2571 2.0120 35.0552 -4.8274 -5.1719
Car -1 -1 -4.3659 400.3549 169.7760 430.2495 186.6057 1.5954 1.5228 4.0836 -19.0014 1.3033 70.4984 -4.6285 -5.2662
Car -1 -1 -4.8208 1122.5118 168.8549 1194.7648 215.5953 1.4121 1.4945 3.3659 17.8264 1.2909 23.6275 -4.1807 -5.2666
Car -1 -1 -4.9874 679.6390 173.8737 720.9482 198.7466 1.6996 1.7146 4.7433 6.4111 1.7762 51.9808 -4.8658 -5.2762
Car -1 -1 -6.7943 738.3138 175.9873 807.5377 206.6271 1.5483 1.5363 3.2058 8.5065 1.7178 37.9029 -6.5757 -5.3190
Car -1 -1 -6.2351 978.1018 153.6688 1076.0565 189.3084 1.7700 1.6394 4.3519 21.7107 0.8169 37.6942 -5.7160 -5.3278
Car -1 -1 -4.6478 648.9429 176.8282 673.7230 196.0657 1.3835 1.6299 3.9788 3.9042 1.6966 54.8307 -4.5775 -5.3783
Car -1 -1 -2.0543 0.0000 188.9368 0.0000 298.3664 1.4942 1.5566 3.9223 -12.2075 1.7799 11.5320 -2.8566 -5.5343
Car -1 -1 -7.3775 0.0000 181.3716 0.0000 270.2785 1.4508 1.6150 3.7983 -14.8746 1.6427 14.2255 -8.1758 -5.8365
Car -1 -1 -4.7636 663.2963 174.9484 688.1779 195.4265 1.3640 1.5271 3.8110 4.5261 1.5156 50.3897 -4.6749 -5.8531
Car -1 -1 -7.2581 0.0000 180.2425 2.1127 257.9309 1.5806 1.7460 4.0385 -16.8799 1.7786 17.2257 -8.0256 -5.8603
Car -1 -1 -4.4035 99.1027 181.7330 175.7876 220.8701 1.5183 1.6286 3.9306 -20.2726 1.9262 31.0593 -4.9780 -5.8755
Car -1 -1 -4.2728 0.0000 185.6965 0.0000 248.5836 1.4488 1.6357 4.2574 -19.5589 1.8420 19.8324 -5.0446 -5.8814
Car -1 -1 -4.2741 0.0000 185.9235 0.0000 237.7008 1.4696 1.6269 4.1623 -23.1601 1.9415 23.8383 -5.0396 -5.8835
Car -1 -1 -8.1634 0.0000 0.0000 853.2015 374.0000 1.5416 1.5886 3.8033 0.3100 1.5966 1.0043 -7.9392 -5.8867
Car -1 -1 -6.9169 0.0000 0.0000 1241.0000 374.0000 1.5439 1.5886 3.8036 -2.1016 1.6318 1.0044 -7.9391 -5.8867
Car -1 -1 -4.2918 142.1458 183.2566 216.4103 215.8072 1.4482 1.6421 3.9856 -21.1245 1.9895 35.4982 -4.8256 -5.8867
Car -1 -1 -4.7483 635.4442 175.9383 660.0894 196.7954 1.3833 1.5697 3.9128 2.5733 1.6069 50.4050 -4.6980 -5.8867
Car -1 -1 -3.5478 0.0000 189.2413 0.0000 374.0000 1.4942 1.6016 3.9536 -6.2773 1.5966 2.5314 -4.6974 -5.8867
Car -1 -1 -8.9993 0.0000 0.0000 1241.0000 374.0000 1.5356 1.5882 3.8033 2.3074 1.5513 0.9967 -7.9398 -5.8867
Car -1 -1 -4.7692 652.5189 175.5546 674.4044 192.4601 1.3002 1.5281 3.9232 4.2481 1.5247 58.0973 -4.6970 -5.9068
Car -1 -1 -6.9267 1215.8402 160.9909 1241.0000 357.3437 1.4197 1.6574 4.1286 8.3077 1.3336 6.5133 -6.0427 -6.0870
Car -1 -1 -4.2348 621.0490 178.8150 661.0009 198.6823 1.4394 1.6665 3.4455 2.3806 1.9119 55.3296 -4.1925 -6.1196
Car -1 -1 -5.2988 334.6836 173.0413 390.2846 201.2074 1.6442 1.5253 3.4748 -15.0795 1.6557 43.8044 -5.6288 -6.2157
Car -1 -1 -4.4878 514.6477 176.1501 538.8513 191.3613 1.4330 1.5334 3.8973 -8.1646 1.7656 70.8691 -4.6024 -6.4699
