Car -1 -1 -3.9688 0.0000 185.9686 120.0694 285.0211 1.3927 1.5673 4.2079 -11.0537 1.6647 12.8461 -4.6692 5.7105
Car -1 -1 -7.9386 694.1940 173.2166 741.6622 208.2406 1.4221 1.6722 4.2564 4.5996 1.4387 31.5148 -7.7955 5.2229
Car -1 -1 -3.2662 886.3297 162.2734 940.7626 179.9723 1.4644 1.6033 4.0704 25.5938 0.5886 61.0143 -2.8709 1.0599
Car -1 -1 -6.3187 789.4467 168.7614 839.5854 184.9794 1.3885 1.6508 4.1552 17.8079 1.0378 63.0685 -6.0450 0.1494
Car -1 -1 -3.5332 1059.6089 156.7140 1124.3199 177.3932 1.6219 1.6788 3.9688 38.5260 0.3557 57.7975 -2.9477 -0.6835
Car -1 -1 -8.0437 926.6816 155.9626 959.1996 178.0626 1.7767 1.7225 4.0159 27.6866 0.4184 60.1619 -7.6143 -2.3352
Car -1 -1 -7.8240 280.1558 172.5183 303.4317 191.3189 1.4625 1.6053 3.5351 -25.6045 1.4361 58.0689 -8.2377 -2.5521
Car -1 -1 -4.4862 230.3995 179.9998 260.3502 197.2539 1.4593 1.6057 3.6891 -32.6530 2.1190 64.6519 -4.9525 -3.1411
Car -1 -1 -7.7859 296.3235 180.5872 331.9314 210.9946 1.4574 1.4595 3.7421 -15.4116 1.8817 37.6091 -8.1726 -3.2083
Car -1 -1 -4.1791 420.4967 180.8556 456.7686 197.2384 1.4461 1.5677 3.8670 -16.0829 2.2207 67.8001 -4.4114 -3.3170
Car -1 -1 -7.5489 53.7747 179.3819 130.8645 218.5633 1.4681 1.5493 3.5975 -21.2015 1.7535 29.6342 -8.1658 -3.4763
Car -1 -1 -6.9024 816.2003 167.9184 871.2895 190.2075 1.5813 1.6554 3.5057 16.9714 1.2309 52.5116 -6.5917 -3.4920
Car -1 -1 -7.5497 735.8346 171.5039 770.8568 192.0138 1.7183 1.8068 4.2342 12.4754 1.6049 62.7414 -7.3547 -3.6083
Car -1 -1 -2.8750 295.9551 169.5954 364.0102 193.7252 1.5247 1.6577 3.7957 -18.0740 1.3185 46.6090 -3.2433 -3.7630
Car -1 -1 -7.5936 760.3825 168.6145 802.4155 196.6501 1.5736 1.6146 3.2856 10.0498 1.3354 42.3287 -7.3625 -3.8368
Car -1 -1 -6.1231 833.8060 168.4500 880.2721 185.1071 1.5363 1.6524 3.9441 23.3250 1.1298 68.2047 -5.7951 -3.8725
Car -1 -1 -4.7746 255.3796 178.0461 280.3741 196.7758 1.5446 1.7127 4.2750 -29.9470 2.0145 63.0552 -5.2166 -3.9564
Car -1 -1 -6.7793 894.4773 164.6386 957.4659 187.0435 1.5296 1.6581 3.6713 21.9417 0.9684 50.2434 -6.3699 -3.9718
Car -1 -1 -4.6752 775.3073 168.4751 796.5204 187.0802 1.5309 1.6243 3.6540 14.9552 1.1703 61.3498 -4.4374 -4.0921
Car -1 -1 -5.1752 721.2167 170.0635 763.4404 190.4773 1.5501 1.6771 3.9575 10.3634 1.3379 56.9229 -4.9963 -4.3278
Car -1 -1 -7.8619 993.9146 161.7324 1026.5806 189.2990 1.5692 1.6411 3.8080 23.8568 0.9358 43.1375 -7.3597 -4.3497
Car -1 -1 -4.8354 506.3522 175.0420 538.3259 199.1974 1.5537 1.6783 3.9007 -6.0089 1.7080 48.8857 -4.9574 -4.3987
Car -1 -1 -4.9552 609.6332 173.9580 643.1438 196.1884 1.5531 1.5960 3.6766 1.1265 1.6362 52.5732 -4.9343 -4.7156
Car -1 -1 -7.7715 965.2123 164.1581 1002.1843 193.3006 1.6517 1.6397 4.1197 22.3081 1.1586 43.0767 -7.2967 -4.8334
Car -1 -1 -7.9291 815.8024 182.1799 850.4725 209.6359 1.3267 1.4657 3.5472 11.6796 1.8425 38.0398 -7.6339 -4.9230
Car -1 -1 -4.6900 282.2695 176.3589 302.6811 194.2607 1.5508 1.6055 3.7455 -28.7472 1.8778 65.3395 -5.1032 -5.0065
Car -1 -1 -4.7288 516.4030 177.4672 533.5634 192.3542 1.4084 1.6227 3.8896 -8.4717 1.8786 71.5592 -4.8465 -5.1321
Car -1 -1 -2.5173 302.8372 166.5567 371.4047 189.4482 1.7241 1.7841 4.8338 -21.1339 1.2495 55.8364 -2.8777 -5.1348
Car -1 -1 -3.0418 227.5738 176.4989 312.4492 208.8430 1.5412 1.6254 3.6919 -16.9554 1.7301 36.0703 -3.4787 -5.1763
Car -1 -1 -3.3524 951.0868 156.3255 1015.6707 179.8262 1.8595 1.7059 4.3856 30.1769 0.5514 58.4873 -2.8782 -5.3842
Car -1 -1 -7.7193 983.0449 160.8832 1009.2191 177.9790 1.5169 1.6228 3.8148 35.3419 0.4544 66.0454 -7.2298 -5.4101
Car -1 -1 -7.5692 0.0000 183.4412 135.5224 256.3446 1.5470 1.8179 4.3554 -13.7709 1.8506 18.3534 -8.2062 -5.5936
Car -1 -1 -2.2752 0.0000 179.7486 26.3562 342.9040 1.4927 1.6211 4.1706 -8.8642 1.5723 7.5180 -3.1249 -5.6684
Car -1 -1 -4.8078 1241.0000 159.6858 1241.0000 183.8584 1.4265 1.6508 4.0634 41.1017 0.6491 44.7015 -4.0677 -5.8867
Car -1 -1 -6.6211 992.7720 158.3946 1052.8505 177.7135 1.6789 1.7798 4.2721 36.5185 0.4220 63.9611 -6.1043 -5.9113
Car -1 -1 -4.7493 320.6654 170.7591 359.1616 202.6500 1.6420 1.8164 4.1448 -14.8326 1.5338 39.4121 -5.1073 -5.9981
Car -1 -1 -2.5676 0.0000 183.5686 163.5828 303.5625 1.4655 1.5203 3.9436 -8.7250 1.6287 10.0023 -3.2718 -6.5019
Car -1 -1 -1.8974 289.9694 163.3729 329.8351 191.2831 1.9568 1.6119 3.5881 -21.8746 1.2918 52.4673 -2.2908 -8.5562
