Car -1 -1 -4.0427 77.8114 182.0879 198.1218 230.8346 1.5050 1.5152 3.6615 -16.1852 1.8475 24.8913 -4.6146 6.3326
Car -1 -1 -3.9365 0.0000 171.4530 89.8326 250.0341 1.8918 1.7239 4.2473 -16.6474 1.8577 19.5540 -4.6352 5.2396
Car -1 -1 -4.8947 831.5893 170.2147 858.9562 188.7313 1.5483 1.6136 3.5628 20.2231 1.3273 62.2034 -4.5820 -2.1975
Car -1 -1 -7.4130 172.3022 180.9289 253.2189 219.2325 1.4568 1.5666 3.5696 -16.4789 1.8131 30.0384 -7.9113 -2.5328
Car -1 -1 -4.8695 855.4231 169.7019 891.3592 193.2791 1.5831 1.7447 4.0105 18.3800 1.3712 50.5817 -4.5231 -2.7462
Car -1 -1 -6.2017 380.8464 175.2459 426.0944 192.0017 1.5927 1.6907 4.1064 -20.0648 1.8291 70.1660 -6.4795 -2.9794
Car -1 -1 -4.7564 170.0307 171.7320 200.6786 195.6558 1.5335 1.6107 3.6289 -28.4298 1.4613 48.2118 -5.2869 -3.4364
Car -1 -1 -8.4323 900.8325 169.0809 974.9077 200.1756 1.5356 1.5897 3.9840 17.0090 1.3490 37.7256 -8.0119 -3.4424
Car -1 -1 -7.7920 350.9901 176.6641 371.5799 194.8566 1.7230 1.6841 3.9031 -24.5742 2.1105 71.3243 -8.1229 -3.4616
Car -1 -1 -8.2500 781.7767 178.5840 890.3289 237.4528 1.3848 1.5098 3.4016 5.8085 1.5501 19.0884 -7.9596 -3.5428
Car -1 -1 -4.1191 427.6231 179.3852 483.7874 203.9612 1.4678 1.6649 3.8320 -9.8763 1.9055 46.2934 -4.3285 -3.5737
Car -1 -1 -7.4465 926.1410 152.3152 973.8336 176.4124 1.9208 1.8317 4.7979 28.1777 0.2833 59.7910 -7.0081 -3.6635
Car -1 -1 -7.7052 144.7163 181.5308 203.9099 219.5768 1.4586 1.6035 3.7094 -18.4399 1.8506 30.6034 -8.2439 -3.7312
Car -1 -1 -4.9315 915.8210 151.8344 957.4396 179.2506 1.8046 1.7327 4.1582 22.4052 0.4207 49.7051 -4.5103 -3.7650
Car -1 -1 -4.9661 389.4321 178.3706 423.0814 199.5458 1.5606 1.5850 3.9636 -15.9802 2.0075 56.3859 -5.2413 -3.8081
Car -1 -1 -4.9426 664.0186 177.0709 708.4855 205.9415 1.5352 1.6423 3.9517 4.2425 1.7868 41.0366 -4.8408 -3.8140
Car -1 -1 -4.4348 422.7830 177.8914 448.9898 193.1241 1.4472 1.5746 3.7092 -17.2837 1.9606 71.6854 -4.6708 -4.0661
Car -1 -1 -7.1627 174.4742 168.2090 224.1814 188.2512 1.7159 1.7280 3.9044 -36.3010 1.3179 63.8461 -7.6780 -4.0819
Car -1 -1 -4.7510 725.2223 175.0354 753.3076 200.3848 1.6182 1.6893 4.1233 8.6303 1.7713 48.5886 -4.5767 -4.2280
Car -1 -1 -4.9366 461.7946 179.3057 488.7198 196.3163 1.4740 1.6049 3.8724 -12.4131 2.0845 66.2092 -5.1216 -4.3598
Car -1 -1 -4.7204 334.6027 179.3388 354.4444 195.6513 1.5187 1.7889 4.1895 -26.2510 2.1793 71.2599 -5.0724 -4.3758
Car -1 -1 -7.1554 184.2422 172.9313 236.4435 193.5432 1.6745 1.6090 4.0611 -33.6244 1.6809 60.7799 -7.6590 -4.3951
Car -1 -1 -4.7751 616.9368 174.3359 641.3041 196.3762 1.6264 1.6091 4.2126 1.4119 1.7448 55.6651 -4.7503 -4.5804
Car -1 -1 -4.5004 696.3459 176.0030 730.5810 197.4141 1.5123 1.6777 4.2704 7.7447 1.7574 53.9306 -4.3589 -4.6359
Car -1 -1 -7.3332 630.4244 180.1884 680.3051 202.7740 1.3848 1.5940 3.8280 2.9996 1.8890 47.5991 -7.2711 -4.7432
Car -1 -1 -4.5908 783.4280 174.9822 805.1386 189.7221 1.3876 1.6066 3.8829 18.0431 1.6018 70.6303 -4.3420 -4.8320
Car -1 -1 -4.6077 665.4150 177.1407 696.6374 201.2456 1.5578 1.7209 4.1137 4.8900 1.8651 49.5951 -4.5104 -4.8331
Car -1 -1 -4.2735 690.2811 175.1616 734.8827 198.4938 1.4984 1.5780 3.6618 6.9241 1.6601 48.6912 -4.1335 -4.8990
Car -1 -1 -4.5934 142.9979 167.2110 185.0777 191.8592 1.4780 1.7675 4.1654 -28.1083 1.1393 45.5285 -5.1441 -4.9143
Car -1 -1 -7.8283 308.0070 180.9467 359.6845 226.7591 1.5372 1.6904 3.9994 -10.3624 1.8656 27.1429 -8.1902 -5.0005
Car -1 -1 -4.8006 639.1525 175.7125 665.0776 194.8385 1.4126 1.6315 4.2776 3.2087 1.6431 56.1013 -4.7442 -5.0381
Car -1 -1 -4.8258 484.2942 176.6432 515.5809 199.8008 1.4440 1.6031 3.9880 -7.3652 1.7061 47.8247 -4.9782 -5.0547
Car -1 -1 -7.2287 620.9896 177.2749 686.9726 206.6202 1.5393 1.5877 4.1346 2.4866 1.8005 40.5836 -7.1685 -5.0614
Car -1 -1 -4.6999 309.8940 181.1011 356.8214 221.6546 1.5287 1.7250 4.0894 -11.6262 1.9003 30.3172 -5.0635 -5.0916
Car -1 -1 -2.4683 421.5294 181.8930 479.8764 208.2331 1.4118 1.4232 2.9921 -9.0592 1.9396 40.8613 -2.6855 -5.0966
Car -1 -1 -7.8116 492.4856 173.7652 512.3381 189.2311 1.4599 1.7455 4.1573 -10.5051 1.5514 70.5235 -7.9592 -5.1983
Car -1 -1 -4.5543 367.7768 175.3900 390.4018 192.8937 1.6760 1.6468 3.1871 -22.8032 1.9322 71.2792 -4.8631 -5.2597
Car -1 -1 -8.2379 549.7911 176.8341 599.3708 204.1759 1.4400 1.4825 3.7474 -2.0779 1.6748 40.5984 -8.2892 -5.2716
Car -1 -1 -5.2807 198.6950 185.4284 247.5153 204.4528 1.4517 1.5213 4.1550 -31.6535 2.5082 58.9610 -5.7718 -5.3242
Car -1 -1 -5.2220 956.6798 162.3084 1037.1404 198.2744 1.6427 1.6434 4.0677 18.6202 1.1608 35.0097 -4.7369 -5.3252
Car -1 -1 -7.8060 303.9701 183.4106 365.0066 239.5922 1.5243 1.5733 3.8290 -8.5203 1.8822 22.4156 -8.1658 -5.3832
Car -1 -1 -4.7179 526.8909 178.7030 558.5238 206.7107 1.4375 1.6576 3.9495 -3.7748 1.7775 39.9355 -4.8120 -5.4020
Car -1 -1 -2.5110 0.0000 176.7583 54.9367 367.0729 1.4126 1.7189 4.6485 -8.4100 1.4566 6.8013 -3.3823 -5.4238
Car -1 -1 -6.8150 459.6266 176.2556 569.1805 223.2509 1.6664 1.6938 3.8418 -3.6764 1.8054 27.7023 -6.9463 -5.4586
Car -1 -1 -5.4231 755.7217 174.8320 795.1058 191.2067 1.5414 1.5833 3.9037 16.1112 1.7402 70.5218 -5.1997 -5.5008
Car -1 -1 -7.5942 300.1542 178.1682 348.1086 205.0205 1.5685 1.7412 4.3136 -17.8979 1.9181 45.2757 -7.9689 -5.5040
Car -1 -1 -4.6376 585.4507 177.6040 615.3488 200.9774 1.3409 1.5423 4.0193 -0.5837 1.6457 44.2820 -4.6512 -5.5300
Car -1 -1 -2.6578 0.0000 140.5118 154.9617 374.0000 1.4068 1.6766 4.4308 -4.9482 1.3287 3.4412 -3.5842 -5.5378
Car -1 -1 -3.9005 93.5168 183.8165 197.3509 222.0645 1.5126 1.5493 3.8154 -20.3611 2.0256 31.7430 -4.4672 -5.7056
Car -1 -1 -4.7087 620.5164 177.1486 646.5193 200.7566 1.3752 1.5411 3.9606 1.4272 1.6532 44.7654 -4.6775 -5.7767
Car -1 -1 -4.5405 648.8495 176.9190 673.3612 194.8113 1.5936 1.6646 3.7500 4.7664 1.9833 67.2041 -4.4704 -5.8467
Car -1 -1 -4.7885 664.4076 176.5776 689.4660 196.1663 1.4037 1.5785 3.9210 4.9858 1.6944 54.4249 -4.6980 -5.8867
Car -1 -1 -4.5158 350.3777 182.6440 382.1389 202.5062 1.4777 1.7039 3.7238 -19.4299 2.2850 57.5650 -4.8402 -5.9428
Car -1 -1 -4.0512 0.0000 184.0610 39.2703 240.4548 1.4393 1.5746 4.0574 -19.2034 1.8024 21.3169 -4.7784 -6.0115
Car -1 -1 -4.7872 618.4198 176.5265 638.4457 193.0088 1.4701 1.5714 3.8983 1.6698 1.8220 67.2253 -4.7629 -6.0961
Car -1 -1 -2.4997 149.7024 168.6111 207.3734 190.3067 1.7368 1.6448 3.8076 -35.1497 1.3969 58.7786 -3.0369 -6.1578
Car -1 -1 -7.3084 0.0000 0.0000 341.7195 374.0000 1.6164 1.7478 4.4759 -2.5994 1.4651 2.9607 -7.9859 -6.2732
Car -1 -1 -5.6474 300.1628 177.0045 372.6648 202.6770 1.4564 1.4855 3.8773 -16.1701 1.7082 42.5756 -6.0086 -7.2331
