Car -1 -1 -8.0427 737.1638 179.5491 849.9886 254.4606 1.4018 1.5980 4.1876 3.8540 1.5697 16.0073 -7.8115 8.0333
Car -1 -1 -3.5853 650.7031 172.9976 718.5854 196.7067 1.4998 1.6615 4.0940 4.8378 1.5091 47.1299 -3.4841 4.6468
Car -1 -1 -3.2426 828.4262 166.3292 896.8323 190.5835 1.5735 1.6435 4.1520 16.7428 1.1499 48.0860 -2.9097 3.7022
Car -1 -1 -5.7572 366.2116 179.5852 424.9064 203.0267 1.4401 1.5303 3.2692 -13.7214 1.8804 46.1034 -6.0453 2.9791
Car -1 -1 -2.2713 302.4725 183.7280 348.7005 198.4233 1.3227 1.5782 4.5418 -27.3651 2.3941 69.3417 -2.6462 0.6201
Car -1 -1 -3.4866 979.7808 166.4132 1057.4384 191.3770 1.5547 1.6627 3.9863 26.0016 1.1532 46.0837 -2.9758 -0.1201
Car -1 -1 -4.1697 97.2478 182.7439 160.0219 208.0121 1.5077 1.6629 3.7413 -30.9379 2.1701 46.4476 -4.7549 -1.7134
Car -1 -1 -8.1712 343.8242 183.9232 371.9056 199.0147 1.3195 1.5247 3.3024 -23.6115 2.3813 67.4621 -8.5069 -2.2540
Car -1 -1 -6.3571 834.3129 169.3190 902.8850 195.6787 1.5962 1.7180 3.9052 16.0423 1.3819 45.0355 -6.0173 -2.5817
Car -1 -1 -4.9122 271.5321 179.7838 310.7529 203.0282 1.5136 1.6847 4.3607 -22.4288 2.0211 50.6035 -5.3277 -2.7417
Car -1 -1 -3.6688 467.0957 178.5045 521.5218 198.8829 1.4892 1.5832 3.8696 -8.9179 1.9387 55.5872 -3.8275 -3.5156
Car -1 -1 -7.8838 874.7549 171.9702 900.1634 195.2532 1.6766 1.6481 3.8343 20.7147 1.6127 54.0401 -7.5199 -3.5182
Car -1 -1 -4.4851 191.5658 176.2738 239.5324 203.6959 1.5671 1.6509 4.2272 -24.0444 1.7863 44.0553 -4.9824 -3.6667
Car -1 -1 -3.1005 86.3513 177.0661 198.6651 215.9443 1.4928 1.6247 3.7962 -19.1817 1.6757 29.7217 -3.6697 -3.7158
Car -1 -1 -4.6531 659.7233 175.6426 690.8082 200.4591 1.3926 1.6150 4.1383 3.9081 1.5674 43.1430 -4.5639 -3.7185
Car -1 -1 -7.3992 0.0000 180.9525 55.6264 213.8687 1.4368 1.5585 3.6336 -28.3097 1.8444 34.3994 -8.0842 -4.0399
Car -1 -1 -7.6378 677.3314 174.0162 718.4338 201.1538 1.5180 1.6072 3.9581 5.2075 1.5899 42.6767 -7.5176 -4.0841
Car -1 -1 -7.9714 773.3641 169.1724 813.8241 196.1160 1.4403 1.7504 3.8360 10.2327 1.2432 40.5841 -7.7265 -4.1487
Car -1 -1 -7.8367 748.2236 169.6214 778.8404 198.3092 1.5621 1.6382 3.9938 8.8022 1.3858 41.4178 -7.6291 -4.2122
Car -1 -1 -4.9105 1055.2798 165.8152 1090.6803 186.0201 1.5027 1.5950 3.6630 35.6367 0.9789 55.6587 -4.3435 -4.3563
Car -1 -1 -6.4656 895.9589 166.7342 965.1049 187.3023 1.5438 1.7064 4.6250 24.5697 1.0841 55.5184 -6.0511 -4.3869
Car -1 -1 -4.4556 0.0000 176.9140 46.6791 206.6794 1.6646 1.6273 3.9881 -35.2731 1.9189 43.0909 -5.1386 -4.4141
Car -1 -1 -2.9034 870.2228 162.2563 923.4301 179.4705 1.5073 1.7310 4.1707 25.8340 0.5791 65.0900 -2.5273 -4.4268
Car -1 -1 -7.4949 292.8065 181.7274 324.1526 197.3695 1.4607 1.6165 3.8484 -29.8728 2.3642 71.5428 -7.8894 -4.4612
Car -1 -1 -6.4623 888.0943 168.4047 960.2746 191.8201 1.6547 1.6964 4.5657 22.6893 1.3400 52.3303 -6.0555 -4.5456
Car -1 -1 -4.7334 442.4852 177.2335 471.9308 201.7628 1.4144 1.6888 4.0872 -9.5091 1.6979 44.5670 -4.9428 -5.2440
Car -1 -1 -4.8335 636.9134 176.6173 657.9503 193.0666 1.5290 1.5854 3.7617 3.5795 1.9033 69.8847 -4.7829 -5.2625
Car -1 -1 -3.6783 1151.1736 158.3571 1241.0000 183.3768 1.4782 1.6641 3.9759 35.4437 0.6214 43.7315 -3.0005 -5.4362
Car -1 -1 -4.6867 476.3814 175.0903 505.7901 200.3302 1.4052 1.6114 4.1201 -7.0302 1.5440 42.7039 -4.8492 -5.8453
Car -1 -1 -4.7661 461.5691 176.1273 490.6375 199.6041 1.4188 1.6179 3.9986 -8.6676 1.6384 46.3347 -4.9504 -5.8825
Car -1 -1 -5.0160 945.1781 167.5320 985.2296 190.0030 1.6539 1.7590 3.5017 26.9809 1.2619 54.9703 -4.5621 -6.7870
Car -1 -1 -4.9599 1233.8976 206.6962 1241.0000 374.0000 1.4928 1.9214 4.0191 5.4311 1.8083 4.5296 -4.1168 -7.4357
