Car -1 -1 -7.7828 717.7499 171.5867 738.5055 188.2093 1.4600 1.6006 3.7237 10.7031 1.3484 65.3689 -7.6216 0.3152
Car -1 -1 -6.9735 0.0000 187.1101 73.8583 226.2426 1.4796 1.6066 3.7356 -25.2647 2.1255 30.7182 -7.6576 -0.3328
Car -1 -1 -5.7201 699.4161 172.4395 764.0949 193.5260 1.5493 1.7190 4.6820 9.2476 1.5186 55.2141 -5.5554 -1.2210
Car -1 -1 -4.0817 382.6841 161.8610 428.9298 183.7859 1.9613 1.8813 4.4229 -18.9114 0.9776 66.9477 -4.3562 -2.0111
Car -1 -1 -7.2153 215.2657 181.6211 285.7956 210.0501 1.3658 1.4800 3.5297 -18.7365 1.8462 37.6871 -7.6741 -2.0604
Car -1 -1 -2.7984 267.8608 174.9915 359.8838 205.9044 1.5800 1.6648 4.1578 -15.5461 1.6948 37.9276 -3.1852 -2.6474
Car -1 -1 -8.2035 890.1331 166.5332 939.1163 191.9243 1.6337 1.7574 3.9821 20.3549 1.2267 48.4532 -7.8082 -2.7979
Car -1 -1 -7.1295 229.6211 154.4422 306.4794 194.1826 2.4806 1.9592 4.6869 -22.4690 1.3310 47.5630 -7.5688 -3.1329
Car -1 -1 -4.6786 747.2558 171.5195 771.5283 192.7922 1.5656 1.6893 4.2384 11.4652 1.4671 55.3606 -4.4758 -3.1674
Car -1 -1 -5.4315 780.5219 172.6000 851.6081 202.6340 1.5063 1.5294 3.7309 10.8041 1.4932 38.1999 -5.1583 -3.2159
Car -1 -1 -7.1466 82.6907 184.4942 205.9999 230.9974 1.4496 1.5828 3.7539 -16.3201 1.8916 25.4472 -7.7123 -3.3664
Car -1 -1 -4.9329 726.8613 176.8001 751.4795 191.2030 1.3677 1.5879 3.8674 12.7608 1.7696 71.5649 -4.7575 -3.5604
Car -1 -1 -4.5368 463.7957 174.4141 486.7656 191.5512 1.6224 1.6039 3.5802 -13.1409 1.7782 70.4314 -4.7209 -3.7015
Car -1 -1 -4.2759 600.7906 172.6367 639.2449 193.0604 1.5884 1.6182 3.8753 0.8187 1.5712 58.2131 -4.2623 -3.7044
Car -1 -1 -3.5729 762.0203 171.9387 830.6858 197.6862 1.5210 1.6053 3.6985 11.2420 1.4667 43.7490 -3.3234 -4.1516
Car -1 -1 -4.8456 523.0772 173.5547 544.0812 189.8056 1.5444 1.5677 3.6874 -7.5325 1.6147 70.7189 -4.9516 -4.2222
Car -1 -1 -6.4916 1110.6223 143.7553 1217.2744 181.7887 1.7014 1.7276 3.6820 25.8245 0.3994 33.8420 -5.8439 -4.2882
Car -1 -1 -4.1326 329.2383 180.7281 440.6916 236.3046 1.4813 1.4992 3.5255 -6.6938 1.7383 21.6729 -4.4292 -4.4236
Car -1 -1 -5.2089 646.2134 175.8004 680.9608 191.7751 1.5045 1.7405 3.9232 5.2116 1.8024 70.8906 -5.1361 -4.4585
Car -1 -1 -4.5024 670.5056 176.1419 695.1579 191.4207 1.4416 1.6273 3.9888 7.1916 1.7753 71.1523 -4.4024 -4.5632
Car -1 -1 -6.5820 0.0000 185.9042 5.5718 281.8585 1.6016 1.6924 4.0714 -15.3573 1.9094 14.8374 -7.3756 -4.6039
Car -1 -1 -7.0311 73.1900 168.7432 179.8411 204.9505 1.7099 1.7092 4.5127 -24.3303 1.5155 36.4700 -7.6162 -4.6239
Car -1 -1 -4.8133 412.1523 168.2926 438.1770 189.6566 1.7390 1.7374 3.9378 -15.6481 1.3674 60.8787 -5.0641 -4.6602
Car -1 -1 -4.1607 351.1148 167.3887 396.2077 186.8022 1.5776 1.7295 4.0777 -19.8905 1.1332 60.8186 -4.4757 -4.7213
Car -1 -1 -4.7477 439.0062 176.1531 467.8550 201.7743 1.4396 1.5443 3.9572 -9.4426 1.6464 43.1914 -4.9620 -4.7467
Car -1 -1 -8.2352 914.5881 154.6914 959.8442 181.9004 2.0483 1.9279 3.7959 25.4228 0.6807 56.2545 -7.8128 -4.7772
Car -1 -1 -7.6463 694.9598 170.3443 732.3246 196.8240 1.7755 1.8679 3.7011 7.2504 1.6069 50.4383 -7.5048 -4.8517
Car -1 -1 -2.5709 256.7824 173.5364 347.1771 206.7842 1.6233 1.8116 3.8362 -15.5838 1.6587 36.4953 -2.9721 -5.0152
Car -1 -1 -4.4695 444.6784 177.7191 502.4261 216.8324 1.4972 1.5268 3.6049 -5.6320 1.7111 29.9216 -4.6544 -5.0267
Car -1 -1 -6.1039 212.1215 173.0873 308.6049 209.6092 1.5794 1.5975 3.6799 -15.6951 1.5900 32.4757 -6.5512 -5.0334
Car -1 -1 -2.1539 0.0000 177.1794 0.0000 352.3204 1.3808 1.6360 4.0739 -8.4341 1.4274 6.7839 -3.0279 -5.2420
Car -1 -1 -3.0945 759.3032 167.4387 816.3528 188.9597 1.8287 1.7400 4.7486 15.4647 1.3683 62.8187 -2.8545 -5.3121
Car -1 -1 -3.5974 1170.2430 156.4235 1241.0000 204.7896 1.6250 1.6801 3.8744 22.4670 1.0727 25.5514 -2.8820 -5.4049
Car -1 -1 -4.3488 437.2056 172.7462 471.6352 192.5490 1.7422 1.6889 4.1727 -14.1354 1.7324 65.6679 -4.5603 -5.4341
Car -1 -1 -4.8880 597.6054 172.8569 622.4866 191.3677 1.6036 1.5906 3.7296 -0.0479 1.6036 64.4846 -4.8891 -5.4351
Car -1 -1 -5.0740 298.4007 175.1661 356.6826 204.9353 1.5609 1.6707 4.1411 -15.8354 1.6963 40.2545 -5.4468 -5.6269
Car -1 -1 -3.5526 1047.5442 167.0366 1139.7681 201.1436 1.4232 1.5162 2.9392 20.7443 1.1801 31.1069 -2.9690 -5.6334
Car -1 -1 -5.6543 122.1008 178.4281 229.6839 213.0076 1.5801 1.6035 4.2552 -20.6204 1.8522 34.2800 -6.1926 -5.7218
Car -1 -1 -4.2035 0.0000 184.3295 4.0998 236.7158 1.4109 1.5918 4.1616 -21.1724 1.8053 22.6102 -4.9502 -5.8397
Car -1 -1 -4.3414 0.0000 183.3558 0.0000 232.1158 1.4533 1.6213 4.1133 -23.5429 1.8442 24.6678 -5.0982 -5.8668
Car -1 -1 -7.5647 152.0493 0.0000 1241.0000 374.0000 1.5400 1.5876 3.8029 -0.4938 1.6000 1.0051 -7.9392 -5.8867
Car -1 -1 -6.9171 0.0000 0.0000 1241.0000 374.0000 1.5408 1.5875 3.8028 -2.1016 1.6211 1.0050 -7.9392 -5.8867
Car -1 -1 -8.6432 0.0000 0.0000 1048.5381 374.0000 1.5369 1.5868 3.8018 1.1140 1.5722 1.0050 -7.9392 -5.8867
Car -1 -1 -3.5046 0.0000 187.9610 0.0000 374.0000 1.4918 1.6020 3.9525 -7.0816 1.5861 2.5311 -4.6972 -5.8867
Car -1 -1 -4.1834 484.3265 172.7279 537.0059 201.1212 1.8430 1.7904 3.9608 -6.7247 1.8345 49.0070 -4.3195 -6.0046
Car -1 -1 -5.1438 379.2188 162.1667 414.9855 184.2309 1.8560 1.4928 3.8790 -18.5324 0.9567 62.6462 -5.4305 -6.4081
