Car -1 -1 -5.2145 189.7352 186.1300 243.0648 209.9290 1.5816 1.6604 3.9500 -28.2386 2.5648 51.6853 -5.7126 -0.7266
Car -1 -1 -4.8722 113.6364 184.5551 155.5380 210.2871 1.5765 1.6961 4.2152 -31.8645 2.3935 48.2682 -5.4534 -1.6333
Car -1 -1 -7.9356 622.8116 172.7531 667.1347 210.3130 1.5991 1.6644 4.1054 1.4857 1.5945 32.8007 -7.8914 -2.4782
Car -1 -1 -4.1223 41.0448 191.7306 123.9448 223.3246 1.4384 1.5782 3.8110 -27.0461 2.4590 37.0924 -4.7490 -3.2385
Car -1 -1 -5.0829 0.0000 191.6575 72.8915 224.3173 1.5375 1.6871 4.4528 -30.3431 2.5744 37.9510 -5.7541 -3.3493
Car -1 -1 -3.8092 0.0000 188.3713 79.7745 223.9704 1.4809 1.6215 4.0070 -27.5734 2.2580 34.0107 -4.4867 -3.5385
Car -1 -1 -4.9537 688.8066 171.2315 729.2563 199.2944 1.5772 1.5578 3.4663 5.7316 1.4857 42.3596 -4.8205 -3.7693
Car -1 -1 -7.9959 595.8651 165.7123 632.9951 192.2984 1.5163 1.6539 4.0950 0.1808 1.1087 43.2928 -7.9921 -3.8411
Car -1 -1 -7.2008 128.2960 188.3595 219.0975 222.7890 1.4221 1.6063 3.8425 -20.2480 2.1870 33.6055 -7.7398 -3.9530
Car -1 -1 -7.5039 233.2897 182.3656 289.3577 209.1186 1.6745 1.9277 4.7709 -23.8010 2.3578 49.3850 -7.9512 -4.1855
Car -1 -1 -4.4499 79.9963 191.7903 116.6030 211.8221 1.4501 1.5581 3.3663 -40.8105 3.0093 57.5740 -5.0646 -4.3768
Car -1 -1 -4.2634 788.6225 168.6888 835.6668 192.1625 1.5598 1.6288 3.8559 13.9868 1.2827 49.9317 -3.9921 -4.4168
Car -1 -1 -6.9988 612.4915 164.8976 681.7284 190.0134 1.4084 1.6019 3.9839 2.1691 0.9619 42.3210 -6.9483 -4.4190
Car -1 -1 -5.6206 261.1777 187.2344 315.7169 206.4534 1.7114 1.7573 4.5649 -30.2060 3.0895 67.7586 -6.0388 -4.5170
Car -1 -1 -7.9389 368.9272 182.7183 389.7904 202.5249 1.8005 1.6149 3.5951 -22.2621 2.7776 69.5219 -8.2480 -4.5765
Car -1 -1 -6.1754 620.0172 161.7955 690.8795 187.1686 1.5196 1.6826 4.1967 2.7847 0.8570 44.3967 -6.1135 -4.5953
Car -1 -1 -4.3874 1106.6252 147.1336 1160.8774 171.8035 1.5663 1.7303 4.0139 34.7114 -0.0727 47.8410 -3.7625 -4.6393
Car -1 -1 -7.6998 324.8065 182.3048 363.6884 212.2023 1.4918 1.4722 3.3019 -14.3108 2.0238 38.8796 -8.0506 -4.7114
Car -1 -1 -4.6437 333.8211 188.4191 355.4835 206.5727 1.5959 1.6899 3.7035 -25.3272 3.1253 68.8976 -4.9951 -4.7198
Car -1 -1 -5.0000 355.0649 188.0983 398.1607 211.3988 1.4215 1.6431 4.2903 -15.9775 2.5074 49.1760 -5.3130 -4.9966
Car -1 -1 -4.5634 520.8758 177.0351 565.2699 206.5386 1.3655 1.6318 3.9884 -3.3205 1.5857 36.0095 -4.6552 -5.1507
Car -1 -1 -4.6398 384.3616 186.7394 403.9556 203.2874 1.3924 1.4544 3.6209 -19.6992 2.6967 65.8667 -4.9297 -5.2234
Car -1 -1 -4.8685 680.7868 172.4788 723.8560 199.7251 1.4228 1.6916 4.3193 4.9995 1.4030 39.8660 -4.7451 -5.2438
Car -1 -1 -3.6997 243.2534 186.4646 311.3486 210.1812 1.6145 1.7307 4.3821 -24.8967 2.6776 54.0697 -4.1296 -5.2543
Car -1 -1 -2.4493 66.2666 187.2704 146.4036 211.2099 1.4670 1.6279 4.1443 -32.3830 2.4134 46.3931 -3.0561 -5.2744
Car -1 -1 -5.0040 490.2449 181.1091 516.5756 197.5150 1.4528 1.4897 3.5327 -10.0507 2.2494 67.7368 -5.1511 -5.2956
Car -1 -1 -4.5256 1059.2988 150.2410 1104.5964 175.3878 1.5907 1.8207 3.9160 31.1815 0.1600 47.6847 -3.9492 -5.4608
Car -1 -1 -2.4194 271.2768 181.6367 345.8270 215.9825 1.7166 1.5077 3.5013 -15.9039 2.1943 37.9925 -2.8137 -5.6056
Car -1 -1 -5.9071 131.1535 186.6979 184.9810 211.6771 2.0153 1.7246 3.4427 -37.9742 3.2011 60.6569 -6.4647 -5.6908
Car -1 -1 -4.5497 319.9691 182.3728 350.5014 203.5238 1.5695 1.6476 3.9985 -21.9062 2.3567 57.5732 -4.9120 -5.8765
Car -1 -1 -4.6837 137.5526 183.7406 160.8325 201.9342 1.5242 1.6526 4.0097 -41.6032 2.5395 65.1619 -5.2502 -5.8867
Car -1 -1 -4.6650 115.4370 183.8103 141.1215 202.8759 1.5255 1.6521 4.0088 -41.6079 2.5045 62.3428 -5.2517 -5.8867
Car -1 -1 -4.7226 718.1127 172.6648 750.0812 199.1132 1.3473 1.6104 4.2835 6.6347 1.3373 38.9959 -4.5558 -5.9290
Car -1 -1 -4.5769 55.5635 190.2453 92.1941 212.4170 1.5412 1.7134 4.2779 -41.6017 2.9465 56.0301 -5.2134 -5.9367
Car -1 -1 -4.6631 197.2242 186.0431 221.1226 204.6273 1.4782 1.6136 3.9744 -34.7464 2.6607 62.5685 -5.1685 -5.9579
Car -1 -1 -7.0310 1241.0000 173.4000 1241.0000 301.4847 1.4803 1.5640 3.8873 10.8387 1.4877 9.3139 -6.1860 -6.0475
Car -1 -1 -4.5196 346.8892 186.4188 375.5163 203.0589 1.4949 1.8589 4.3276 -24.3857 2.8683 70.7968 -4.8505 -6.1841
Car -1 -1 -7.0494 1227.4358 171.7820 1241.0000 281.8005 1.4559 1.6150 4.1637 11.7423 1.4414 10.4824 -6.2216 -6.2860
Car -1 -1 -4.9701 1241.0000 179.9518 1241.0000 374.0000 1.6258 1.9588 4.3679 5.4161 1.6905 4.2513 -4.0987 -7.2440
