Car -1 -1 -3.5751 1097.0693 164.2964 1240.5951 202.4157 1.5858 1.8325 4.5956 24.1433 1.2295 31.4066 -2.9245 3.4916
Car -1 -1 -4.5662 557.4118 177.5378 585.4961 197.6498 1.4808 1.6079 4.0957 -2.9931 1.8591 56.2215 -4.6195 1.1119
Car -1 -1 -4.3342 572.7452 176.7652 604.8992 195.5447 1.5531 1.5539 3.6302 -1.8253 1.9021 62.4641 -4.3637 0.8963
Car -1 -1 -8.1399 183.0346 178.2396 291.1152 245.0421 1.6141 1.6688 3.5835 -10.2388 1.7742 19.6086 -8.6159 -0.7667
Car -1 -1 -5.3349 187.1138 185.8058 245.1724 209.1621 1.4660 1.5439 3.7244 -26.4918 2.3627 48.4643 -5.8331 -1.6199
Car -1 -1 -4.4745 586.9731 176.0688 611.9297 193.6492 1.6209 1.5632 3.7272 -1.0037 1.9379 69.2415 -4.4894 -1.8224
Car -1 -1 -4.6321 551.9116 175.0758 572.0513 190.7512 1.4673 1.6442 3.9256 -4.6555 1.6888 70.0728 -4.6985 -2.2076
Car -1 -1 -4.6509 620.4882 176.2887 646.4136 198.5726 1.4849 1.5938 3.7813 1.6471 1.7350 50.6396 -4.6191 -2.3579
Car -1 -1 -4.4921 794.5170 170.6844 831.3575 194.7525 1.5918 1.6331 3.9571 14.0237 1.4480 49.8503 -4.2198 -2.7903
Car -1 -1 -7.0009 176.6521 186.1529 242.4942 208.1798 1.3940 1.6090 3.9251 -27.8983 2.3607 50.3430 -7.5050 -3.2777
Car -1 -1 -4.7819 510.8292 178.4269 543.6545 206.2770 1.5060 1.6109 4.0956 -4.9010 1.8471 42.0425 -4.8977 -3.9291
Car -1 -1 -4.0767 0.0000 186.5935 78.8205 223.1042 1.5555 1.6229 3.7633 -27.2842 2.2407 34.0875 -4.7480 -3.9685
Car -1 -1 -4.2163 175.0693 188.4093 245.6781 218.8113 1.4588 1.5911 3.9986 -21.3612 2.3355 38.6758 -4.7183 -4.1947
Car -1 -1 -4.2061 0.0000 194.0469 11.7270 227.7661 1.5195 1.6872 3.5372 -32.5972 2.6567 36.8199 -4.9273 -4.2344
Car -1 -1 -3.0320 274.8246 174.7348 364.8883 206.8981 1.5491 1.6401 4.0389 -14.5284 1.6468 36.2361 -3.4110 -4.3654
Car -1 -1 -4.3673 542.6343 176.1698 579.2172 199.0635 1.5857 1.5515 3.5304 -3.5592 1.8352 52.4414 -4.4351 -4.4191
Car -1 -1 -4.2702 587.2023 177.4341 622.7944 195.4040 1.4702 1.6548 3.6644 -0.4221 1.8766 62.0666 -4.2774 -4.4503
Car -1 -1 -4.6509 1108.0063 148.7461 1145.9684 173.6530 1.5863 1.8174 4.2112 34.5039 0.0506 48.1622 -4.0321 -4.4782
Car -1 -1 -4.5722 506.2060 176.7988 547.1868 207.1361 1.5075 1.6798 3.4673 -4.3850 1.7249 38.0647 -4.6865 -4.5397
Car -1 -1 -4.5906 0.0000 193.5837 41.2019 223.1283 1.4435 1.5615 3.5234 -32.6657 2.6425 39.8366 -5.2743 -4.5811
Car -1 -1 -4.3903 138.4039 188.4086 203.2476 220.8773 1.4739 1.6312 4.0407 -22.4416 2.3168 36.9639 -4.9330 -4.8255
Car -1 -1 -4.9763 1076.3357 158.5815 1129.9901 187.3958 1.5729 1.5688 3.8802 28.2342 0.7935 41.4766 -4.3820 -4.9121
Car -1 -1 -3.2339 569.6352 177.5436 628.5276 203.0820 1.5259 1.5512 3.4946 -0.7310 1.8206 44.4254 -3.2508 -5.2663
Car -1 -1 -4.3465 723.1684 171.8562 765.1519 196.0296 1.6984 1.6388 4.1991 9.8485 1.6280 52.9141 -4.1639 -5.2858
Car -1 -1 -4.5178 317.5764 176.2156 368.6572 211.4146 1.5815 1.6462 3.5057 -12.7857 1.7512 34.6342 -4.8693 -5.3916
Car -1 -1 -4.5488 506.3252 177.1448 554.8255 212.7627 1.6101 1.7134 4.0454 -3.8470 1.8313 35.1812 -4.6575 -5.5972
Car -1 -1 -5.6519 618.8092 177.0759 689.2407 201.2368 1.3664 1.5184 4.1188 2.5748 1.6309 43.3642 -5.5935 -5.7095
Car -1 -1 -4.5006 201.5065 183.9556 279.3799 227.0482 1.3822 1.7084 4.0452 -13.4689 1.8221 26.4363 -4.9680 -5.7297
Car -1 -1 -5.0573 564.6358 176.1420 604.9297 198.8079 1.5132 1.6142 3.8846 -1.8513 1.7543 50.8823 -5.0939 -5.7820
Car -1 -1 -4.3239 222.2665 179.1507 318.3037 228.1082 1.5524 1.6524 4.0034 -11.8885 1.7918 25.4395 -4.7574 -5.7944
Car -1 -1 -4.5805 219.9732 180.8199 279.4041 223.4851 1.6106 1.6944 4.0750 -15.0645 1.9687 30.2614 -5.0392 -5.8214
Car -1 -1 -4.4133 282.8985 180.9572 367.3424 225.8134 1.4547 1.6812 4.2217 -10.3218 1.7746 26.3472 -4.7837 -5.8428
Car -1 -1 -4.3369 455.9365 176.0254 522.2163 209.7109 1.4419 1.6426 4.0888 -5.5665 1.5983 33.4661 -4.5009 -5.8722
Car -1 -1 -4.7499 669.1065 174.8712 693.6260 195.0220 1.3619 1.5717 4.0133 5.0009 1.5106 51.2256 -4.6535 -5.8865
Car -1 -1 -4.4872 0.0000 185.0522 0.0000 213.2101 1.5232 1.6510 4.0107 -41.6086 2.2866 43.0333 -5.2528 -5.8867
Car -1 -1 -4.5731 6.5893 185.3768 46.4189 209.1471 1.5507 1.6602 4.0148 -41.6050 2.4812 51.4831 -5.2504 -5.8867
Car -1 -1 -4.7999 1241.0000 154.8919 1241.0000 180.6256 1.4890 1.7400 4.1460 41.3930 0.4494 43.9172 -4.0474 -5.8867
Car -1 -1 -4.5127 0.0000 183.7157 0.0000 210.1481 1.5217 1.6543 4.0149 -41.6101 2.2379 45.4501 -5.2512 -5.8867
Car -1 -1 -4.6261 49.3971 185.2811 82.2581 207.1679 1.5329 1.6568 4.0159 -41.5430 2.5187 55.1102 -5.2699 -5.8867
Car -1 -1 -7.2590 1236.1088 172.7800 1241.0000 359.1287 1.5162 1.6816 4.4377 8.7771 1.5153 6.9144 -6.3764 -6.1659
Car -1 -1 -6.9621 1229.7936 172.2779 1241.0000 290.6483 1.4834 1.5890 4.0856 11.4965 1.4759 10.1413 -6.1288 -6.2130
Car -1 -1 -3.2873 709.6035 168.6735 760.0330 187.0382 1.5576 1.7072 4.0687 10.6867 1.2027 62.0988 -3.1180 -6.4617
Car -1 -1 -7.8274 1237.2140 156.4628 1241.0000 183.0585 1.6023 1.9160 4.4866 41.1298 0.6145 45.7595 -7.0985 -6.5392
Car -1 -1 -4.9108 1241.0000 181.2383 1241.0000 374.0000 1.6601 2.0022 4.3991 5.3758 1.7380 4.3727 -4.0563 -7.2933
