Car -1 -1 -3.7925 475.5797 175.3234 605.6987 220.6537 1.4636 1.6903 4.5055 -2.4333 1.5586 25.6795 -3.8866 6.7461
Car -1 -1 -3.9406 0.0000 181.2616 169.7924 331.5544 1.5279 1.6176 4.1861 -8.2049 1.6661 9.7303 -4.6278 5.6291
Car -1 -1 -7.6805 413.2879 176.7333 459.9049 209.3642 1.5308 1.6192 3.9675 -8.7127 1.7369 36.3602 -7.9145 2.5054
Car -1 -1 -3.5679 775.9838 167.0698 866.1528 204.7336 1.6362 1.5773 3.5493 9.3984 1.3846 32.3846 -3.2883 1.2381
Car -1 -1 -7.8410 706.2693 173.3935 728.5031 194.0828 1.4725 1.5719 3.5322 7.9234 1.5134 53.3181 -7.6947 0.6627
Car -1 -1 -8.3549 403.5605 178.0545 446.2177 201.2411 1.8184 1.7137 3.9662 -15.3245 2.2619 59.5328 -8.6061 0.2518
Car -1 -1 -6.9938 1156.5079 154.6136 1241.0000 195.7220 1.6625 1.6923 3.6145 25.1627 0.9245 30.0599 -6.3018 -1.5462
Car -1 -1 -4.9239 587.7914 175.4441 612.0605 191.2066 1.4922 1.6271 3.7699 -1.0378 1.7540 70.9908 -4.9388 -2.8369
Car -1 -1 -6.0909 310.7996 185.0648 357.2220 202.6611 1.6384 1.7040 3.9538 -26.7554 2.8427 69.9967 -6.4551 -2.8448
Car -1 -1 -4.8282 441.6604 179.9984 479.8371 208.0964 1.3890 1.5725 3.8234 -8.1014 1.7931 38.7789 -5.0332 -3.1841
Car -1 -1 -4.5564 134.9154 181.8484 185.3503 213.8216 1.5249 1.6225 4.0502 -23.5433 2.0232 37.8204 -5.1103 -3.6819
Car -1 -1 -7.9124 533.1959 175.2274 581.6179 215.4572 1.4697 1.6653 4.3168 -2.2173 1.5718 28.8761 -7.9889 -3.7737
Car -1 -1 -7.1457 366.8645 179.5871 449.9589 216.7438 1.5144 1.6601 3.5244 -8.9287 1.8315 32.0621 -7.4156 -3.9549
Car -1 -1 -7.9106 740.4654 168.7395 762.4169 187.9159 1.6775 1.7109 4.0519 12.7346 1.3173 65.2420 -7.7190 -3.9566
Car -1 -1 -4.8900 522.5073 179.0206 547.8922 197.9568 1.4594 1.4675 3.4180 -6.1326 1.9762 58.6578 -4.9941 -4.2807
Car -1 -1 -4.4423 459.3879 182.1849 497.5134 205.0215 1.4678 1.6257 3.8694 -9.1007 2.1402 50.0120 -4.6218 -4.5056
Car -1 -1 -5.0586 379.4208 180.8154 418.3927 202.4411 1.6048 1.6531 4.1686 -16.8268 2.2608 57.3123 -5.3432 -4.6115
Car -1 -1 -4.1511 71.2207 187.1475 150.5130 220.6969 1.4607 1.5778 3.3471 -23.8620 2.1790 34.5704 -4.7519 -4.7293
Car -1 -1 -7.2042 1094.0885 149.9720 1158.7947 174.0022 1.5909 1.6619 3.7444 35.1165 0.0757 49.1221 -6.5864 -4.7775
Car -1 -1 -8.0947 488.3217 175.9950 553.9693 217.4390 1.5182 1.6545 4.1927 -3.6946 1.6541 29.0277 -8.2207 -4.8300
Car -1 -1 -4.4216 969.5479 154.2572 1013.7380 181.1813 1.7727 1.6230 3.9552 26.1697 0.5480 49.4881 -3.9377 -4.8458
Car -1 -1 -6.7032 915.1623 160.7985 986.0226 185.6107 1.5849 1.6304 3.8364 22.0804 0.8145 46.9361 -6.2660 -4.9403
Car -1 -1 -6.7631 1047.8585 149.7914 1112.9325 174.4129 1.6171 1.5737 3.2966 31.4320 0.1021 48.3285 -6.1892 -5.0097
Car -1 -1 -4.6283 298.0892 184.8616 321.4065 201.8003 1.5426 1.7877 3.9608 -29.4990 2.7586 70.9277 -5.0214 -5.0286
Car -1 -1 -4.6775 348.6197 181.3128 389.3778 215.9982 1.4209 1.6086 4.3297 -10.9945 1.8343 32.9855 -4.9972 -5.1203
Car -1 -1 -2.4892 614.5349 170.5304 664.1138 188.0849 1.5442 1.6270 4.4135 2.6133 1.3395 65.5067 -2.4498 -5.2212
Car -1 -1 -7.8162 599.5607 172.6668 626.9056 199.4443 1.5979 1.5682 3.7197 0.2013 1.5864 44.9479 -7.8122 -5.3230
Car -1 -1 -7.9365 546.0397 172.2486 569.7272 189.8284 1.5912 1.8523 4.3966 -4.9385 1.5361 67.6219 -8.0094 -5.4417
Car -1 -1 -5.0161 366.3989 182.6984 398.9445 200.8692 1.6694 1.8713 4.2448 -22.4260 2.6694 71.0340 -5.3211 -5.4602
Car -1 -1 -4.6989 489.6629 176.6929 526.1361 208.1425 1.4329 1.6772 4.1142 -5.0403 1.6331 35.5453 -4.8392 -5.4724
Car -1 -1 -4.6960 286.0693 184.0116 304.9968 202.1480 1.6682 1.6443 4.0009 -31.0172 2.8022 71.1906 -5.1058 -5.5199
Car -1 -1 -7.6123 617.3900 173.9227 653.3588 198.7523 1.4658 1.5249 3.0755 1.5590 1.5338 44.4273 -7.5778 -5.6138
Car -1 -1 -4.8676 499.4821 174.6416 552.1030 209.0881 1.4087 1.6857 4.1115 -3.8344 1.4930 31.9428 -4.9866 -5.8141
Car -1 -1 -4.7731 547.5981 174.7910 586.6470 205.8954 1.4345 1.6608 4.3355 -2.2238 1.5364 35.8111 -4.8351 -5.8527
Car -1 -1 -4.4804 331.9933 181.1636 363.3011 199.4467 1.4338 1.5976 3.9595 -21.9839 2.1542 60.5150 -4.8277 -5.8867
Car -1 -1 -4.6471 77.6121 185.1043 107.0621 205.9032 1.5352 1.6561 4.0146 -41.5406 2.5547 57.9244 -5.2672 -5.8867
Car -1 -1 -4.6484 114.3766 185.8230 141.1002 204.9201 1.5142 1.6575 4.0633 -41.6490 2.6734 62.3374 -5.2356 -5.8867
Car -1 -1 -4.7128 510.7738 176.0042 541.3734 203.0587 1.3875 1.5831 3.9793 -4.6401 1.5689 39.5543 -4.8292 -5.8867
Car -1 -1 -4.6011 39.2383 184.6376 74.3605 206.8985 1.5389 1.6549 4.0115 -41.6051 2.4603 54.2957 -5.2528 -5.8867
Car -1 -1 -4.7870 491.8721 179.2585 521.3364 202.3181 1.4509 1.6605 4.1957 -7.0728 1.9041 48.8652 -4.9304 -5.9800
Car -1 -1 -7.4767 219.6741 181.2040 354.4754 285.1147 1.5537 1.3218 2.2234 -5.3658 1.7066 12.1032 -7.8865 -6.2140
Car -1 -1 -4.3743 412.9163 183.1149 457.2042 204.6075 1.3363 1.6243 4.2049 -11.8774 2.0653 49.1100 -4.6108 -6.8263
Car -1 -1 -7.7097 392.3441 179.5476 426.4632 203.7076 1.5741 1.7348 3.9581 -13.9474 2.0590 50.2312 -7.9795 -6.8529
