Car -1 -1 -4.0008 305.5183 174.6167 450.4299 239.0727 1.6016 1.6115 4.0287 -6.3973 1.6560 20.2162 -4.3040 7.3126
Car -1 -1 -3.6831 633.5140 172.1966 743.6937 208.9090 1.4920 1.6639 4.4983 3.3516 1.4650 31.0267 -3.5770 5.9172
Car -1 -1 -3.4167 908.1860 165.9653 1009.5414 200.1178 1.5275 1.6419 3.9219 16.0314 1.2191 33.4087 -2.9730 2.6693
Car -1 -1 -4.5215 563.5997 175.0755 592.5938 193.9874 1.4860 1.6445 4.0528 -2.6109 1.6749 59.3194 -4.5657 0.3968
Car -1 -1 -4.3384 579.0634 172.8971 611.4780 191.3513 1.6219 1.6461 3.8667 -1.3253 1.6256 65.5217 -4.3589 -1.3584
Car -1 -1 -4.5581 519.7560 176.2524 546.6142 194.7935 1.4797 1.6355 4.0391 -6.4181 1.7736 60.3949 -4.6639 -1.7501
Car -1 -1 -4.3331 89.2594 186.0596 152.0633 215.4148 1.4783 1.6043 3.7631 -27.1803 2.2496 40.1511 -4.9253 -2.0655
Car -1 -1 -4.1461 587.9532 174.5388 629.7555 193.3812 1.5520 1.6317 4.1325 -0.0848 1.7016 62.0042 -4.1478 -2.7608
Car -1 -1 -7.9450 1154.0197 156.1895 1196.6554 184.9319 1.6459 1.6697 3.6706 33.8433 0.6913 43.3149 -7.2851 -2.8716
Car -1 -1 -4.6925 543.0364 176.8122 561.2483 193.9217 1.5034 1.5941 3.5637 -5.2969 1.8756 66.0732 -4.7725 -2.9309
Car -1 -1 -6.6435 0.0000 188.6029 26.5288 236.6298 1.5293 1.6440 3.8649 -24.1287 2.1518 26.4429 -7.3782 -3.4255
Car -1 -1 -4.1948 531.9570 174.2386 579.0817 194.8365 1.6359 1.8841 4.6059 -4.5104 1.7558 60.1240 -4.2697 -3.4521
Car -1 -1 -4.1638 786.3305 171.7811 881.4680 212.6005 1.4363 1.6064 3.9853 8.4768 1.3983 27.3109 -3.8663 -3.7161
Car -1 -1 -4.9590 1066.7017 163.3238 1158.2733 212.7383 1.5540 1.6073 4.0609 17.1373 1.2540 24.8743 -4.3615 -4.1957
Car -1 -1 -4.8165 267.9971 184.6242 292.7351 202.9142 1.3581 1.4613 3.3525 -26.4176 2.3290 57.7264 -5.2442 -4.4052
Car -1 -1 -7.1986 0.0000 186.5153 93.4265 227.7669 1.4981 1.5802 3.7241 -23.1394 2.0882 29.3105 -7.8626 -4.4767
Car -1 -1 -4.5645 295.4577 183.5354 318.0000 199.0340 1.4453 1.5658 3.5089 -30.1616 2.5357 71.7868 -4.9612 -4.5708
Car -1 -1 -6.4628 1001.7080 163.5876 1099.1954 194.2035 1.6397 1.7171 4.3957 24.4099 1.1431 40.2244 -5.9208 -4.6339
Car -1 -1 -7.9517 687.5200 174.1732 718.8823 198.3744 1.4564 1.5855 3.8299 5.8095 1.5429 45.5672 -7.8261 -4.6705
Car -1 -1 -3.5286 1156.6257 157.6160 1241.0000 186.6039 1.5449 1.6934 4.1092 32.9527 0.7325 39.8692 -2.8416 -4.7168
Car -1 -1 -4.4942 308.7177 184.4746 335.5507 200.4870 1.4576 1.5801 4.2044 -28.3351 2.6375 71.0777 -4.8725 -4.7285
Car -1 -1 -7.7764 366.7787 172.0441 418.2163 210.3869 1.6523 1.9438 4.2770 -10.0246 1.6171 33.3881 -8.0662 -4.7469
Car -1 -1 -5.2094 1041.2268 150.8276 1096.9796 175.3875 1.6555 1.6403 3.8706 32.1018 0.1705 50.6217 -4.6468 -4.8831
Car -1 -1 -8.2175 660.1536 175.5169 703.6649 198.9774 1.4055 1.5679 3.5433 4.4626 1.5805 45.5770 -8.1210 -5.1148
Car -1 -1 -4.7882 1146.3566 160.5561 1193.9099 191.4274 1.5733 1.7023 4.0350 30.1087 0.9462 38.9256 -4.1336 -5.1229
Car -1 -1 -8.2325 728.2349 166.5962 763.0913 187.4310 1.8505 1.7269 4.1498 12.3964 1.2944 66.2869 -8.0487 -5.1313
Car -1 -1 -4.3074 321.6409 182.5061 352.3201 198.2006 1.4663 1.5582 3.5759 -27.0250 2.4464 71.4714 -4.6679 -5.2641
Car -1 -1 -4.2420 0.0000 186.7079 48.5317 211.1628 1.4028 1.5762 3.4615 -37.1747 2.3090 45.3530 -4.9259 -5.2847
Car -1 -1 -4.5557 330.2902 176.2230 393.7171 212.0853 1.3514 1.7786 4.6788 -10.2835 1.5031 30.1064 -4.8824 -5.3044
Car -1 -1 -4.3996 850.7062 168.7345 895.7155 191.6679 1.5138 1.7644 4.0495 18.1565 1.2416 49.7688 -4.0520 -5.3303
Car -1 -1 -4.8362 335.1947 178.5817 400.6776 222.0415 1.3527 1.6564 4.2968 -8.6255 1.5719 25.3583 -5.1613 -5.5732
Car -1 -1 -4.4992 0.0000 183.8666 0.0000 210.5858 1.4937 1.6447 4.0099 -41.6099 2.2014 44.2455 -5.2510 -5.8867
Car -1 -1 -4.7273 384.1393 176.3074 419.0699 206.4974 1.4255 1.6191 4.0485 -10.6777 1.6114 36.7384 -5.0086 -5.8867
Car -1 -1 -2.9498 0.0000 184.6611 164.1753 319.9493 1.4542 1.5246 3.8619 -8.3206 1.6379 9.6395 -3.6483 -6.0079
Car -1 -1 -4.5788 242.0966 182.0672 290.5283 213.9705 1.4456 1.6376 4.2366 -17.2410 1.9374 36.2715 -5.0200 -6.0862
Car -1 -1 -4.6516 1150.7451 167.9949 1195.4882 200.8235 1.5845 1.6215 2.9141 28.4297 1.3497 36.4566 -3.9935 -6.7316
