Car -1 -1 -7.8385 615.2294 166.9252 643.7936 193.3233 1.5037 1.6280 3.8796 1.1557 1.1657 43.0735 -7.8122 0.2946
Car -1 -1 -4.9098 74.4465 186.8812 115.8848 212.2095 1.6475 1.6626 3.8688 -36.4435 2.6763 51.0029 -5.5280 -0.8630
Car -1 -1 -5.2982 209.0597 186.1145 265.1110 210.3044 1.5720 1.6186 3.8487 -26.0571 2.5271 50.3386 -5.7739 -2.4581
Car -1 -1 -4.2170 0.0000 192.0365 34.1713 224.1872 1.5133 1.6732 3.9950 -32.9686 2.5965 38.6282 -4.9203 -3.0375
Car -1 -1 -8.1515 583.2371 163.7510 629.5104 190.1214 1.4911 1.6226 4.0776 -0.3065 0.9761 42.9885 -8.1589 -3.0704
Car -1 -1 -4.5449 796.7211 169.5613 831.0047 193.4462 1.5766 1.6446 3.9751 14.0664 1.3590 49.7764 -4.2713 -3.1057
Car -1 -1 -8.1992 547.9156 172.4757 618.0991 214.1457 1.6149 1.6763 3.9426 -1.2434 1.6000 30.1053 -8.2407 -3.2098
Car -1 -1 -4.5561 449.7030 178.4448 491.1045 209.8075 1.6287 1.6547 4.0529 -7.7669 1.9562 40.2553 -4.7459 -3.2126
Car -1 -1 -2.7915 71.5695 190.4739 170.8365 221.8790 1.4128 1.5440 3.6786 -23.6573 2.2958 34.9822 -3.3828 -3.2194
Car -1 -1 -3.8139 0.0000 188.4333 81.7125 223.8393 1.4850 1.6103 3.8816 -27.5191 2.2669 34.1563 -4.4885 -3.2899
Car -1 -1 -6.5365 1099.9008 165.4700 1202.2235 193.2635 1.4700 1.5680 4.2405 29.6114 1.0791 39.6830 -5.8992 -3.3941
Car -1 -1 -4.6866 334.1896 188.9274 353.9726 207.2543 1.5820 1.6521 4.1134 -25.1908 3.1542 68.3789 -5.0387 -3.5149
Car -1 -1 -4.7731 429.3639 180.1755 463.0813 210.2385 1.5371 1.5977 3.4678 -9.0828 1.9588 39.6997 -4.9970 -3.7790
Car -1 -1 -7.3667 586.2520 170.1501 663.5187 212.0792 1.6678 1.6478 3.9405 0.6632 1.5599 30.8217 -7.3459 -3.8349
Car -1 -1 -4.2392 75.6605 191.0257 155.5328 223.3957 1.4520 1.6721 4.1044 -25.2095 2.4350 36.9060 -4.8353 -4.1493
Car -1 -1 -4.9766 372.6398 186.4481 400.5733 204.2745 1.5006 1.5137 3.7075 -20.3905 2.7755 65.7154 -5.2767 -4.3281
Car -1 -1 -8.4685 815.9226 171.3259 920.0274 222.0922 1.5391 1.6479 3.2056 8.3111 1.4925 23.6438 -8.1349 -4.3740
Car -1 -1 -4.9863 625.3333 174.2867 676.5178 203.8799 1.5353 1.7394 4.1996 2.1589 1.6187 39.8906 -4.9331 -4.5366
Car -1 -1 -4.5705 440.7949 179.0901 484.0448 212.7854 1.5955 1.6577 3.6243 -7.4927 1.9285 36.7105 -4.7709 -4.6409
Car -1 -1 -5.5450 263.2021 187.7130 315.8302 206.4162 1.6528 1.7573 4.5104 -30.1152 3.0799 67.7645 -5.9620 -4.7405
Car -1 -1 -7.6709 307.8203 184.1082 350.5092 215.8010 1.5523 1.5158 3.4338 -14.9557 2.1804 38.4646 -8.0398 -4.8860
Car -1 -1 -5.0578 393.7575 180.5045 429.0629 203.0203 1.6930 1.5978 3.5639 -15.8698 2.3224 57.4731 -5.3264 -4.8973
Car -1 -1 -4.3363 345.4976 186.9773 380.2618 203.2567 1.4696 1.8169 4.2067 -24.2865 2.9011 71.0010 -4.6651 -5.1403
Car -1 -1 -5.0012 1.6247 192.0621 68.2379 224.2376 1.5075 1.6328 4.1300 -30.2472 2.5647 37.8722 -5.6719 -5.1763
Car -1 -1 -4.9362 441.9639 182.2579 481.7768 209.2115 1.5467 1.5973 3.9192 -9.3122 2.1604 44.9954 -5.1395 -5.2711
Car -1 -1 -4.8699 357.2945 185.8699 393.1762 209.9803 1.5007 1.7047 4.2126 -16.2133 2.4364 49.6192 -5.1845 -5.2972
Car -1 -1 -5.1479 687.7196 175.7417 748.0688 206.9754 1.5205 1.5856 3.9350 5.5182 1.6792 37.6283 -5.0039 -5.3283
Car -1 -1 -4.5088 456.6053 179.8823 510.6664 211.8385 1.3417 1.6693 4.0204 -5.7864 1.6848 33.2251 -4.6803 -5.3900
Car -1 -1 -4.8103 464.8447 180.3378 497.4533 205.7304 1.4959 1.6541 4.0011 -8.2736 1.9942 45.9240 -4.9880 -5.8586
Car -1 -1 -4.6110 85.4022 188.4124 116.8752 209.7397 1.5873 1.6951 4.0961 -41.6679 2.9091 59.1139 -5.2231 -5.8604
Car -1 -1 -4.5611 0.0000 182.7776 19.7039 206.3409 1.4736 1.6419 4.0255 -41.5850 2.1778 49.0756 -5.2615 -5.8867
Car -1 -1 -4.7770 1241.0000 154.2116 1241.0000 180.6365 1.5291 1.7502 4.1650 41.3788 0.4501 43.9183 -4.0247 -5.8867
Car -1 -1 -4.6034 8.1423 183.2499 45.7292 205.8252 1.4819 1.6481 4.0425 -41.5818 2.2544 51.4884 -5.2804 -5.8867
Car -1 -1 -4.4872 0.0000 185.1689 0.0000 213.3973 1.5264 1.6521 4.0114 -41.6084 2.2972 43.0329 -5.2528 -5.8867
Car -1 -1 -4.5125 0.0000 183.2180 0.0000 209.4732 1.5140 1.6525 4.0157 -41.6108 2.1974 45.4512 -5.2510 -5.8867
Car -1 -1 -4.6036 56.2415 188.6810 90.2248 210.2954 1.5113 1.6663 4.1266 -41.5451 2.7850 55.8781 -5.2408 -5.8867
Car -1 -1 -3.8185 17.6623 191.4552 103.4030 219.2813 1.6177 1.7894 4.2985 -35.9638 2.8969 47.3280 -4.4658 -5.9537
Car -1 -1 -7.3965 471.4820 178.6879 530.4116 209.1367 1.5237 1.5518 3.9852 -5.8736 1.8564 39.0580 -7.5452 -6.0292
Car -1 -1 -7.2630 1241.0000 176.7023 1241.0000 361.2325 1.4655 1.6777 4.3551 8.7042 1.5071 6.8139 -6.3776 -6.0467
Car -1 -1 -4.6559 662.5905 176.1963 694.0950 201.5559 1.3061 1.5160 3.8968 3.7657 1.4993 39.7388 -4.5625 -6.0476
Car -1 -1 -7.1235 1235.3359 171.2660 1241.0000 285.3934 1.4152 1.5637 4.1556 11.1341 1.3952 9.7359 -6.2864 -6.1518
Car -1 -1 -3.6880 1062.7780 147.3357 1128.8679 173.0211 1.6333 1.4628 3.2628 31.3619 0.0103 46.6826 -3.0992 -6.1568
Car -1 -1 -4.8153 405.6865 182.7507 429.0143 201.2893 1.5675 1.6695 3.6199 -17.4320 2.4877 65.1202 -5.0762 -6.3400
Car -1 -1 -8.2163 725.3565 169.2136 759.1875 188.6958 1.6563 1.6176 3.9623 11.5639 1.3465 63.4386 -8.0371 -6.3952
Car -1 -1 -4.7389 1237.2930 153.5246 1241.0000 182.1266 1.7318 1.7812 3.9901 40.9928 0.5611 45.7862 -4.0119 -6.3998
Car -1 -1 -4.9183 1241.0000 190.5444 1241.0000 374.0000 1.7149 2.0119 4.1655 5.4159 1.8772 4.3658 -4.0597 -7.4154
