Car -1 -1 -4.0279 218.9602 175.9402 384.3996 252.9039 1.6009 1.5950 3.7489 -7.2198 1.6828 17.1951 -4.4204 6.0039
Car -1 -1 -3.7275 589.2405 173.3594 704.5865 212.2035 1.4879 1.7248 4.5267 1.5026 1.5097 29.5854 -3.6778 5.8252
Car -1 -1 -7.0667 378.8987 176.5613 456.9863 212.5997 1.5669 1.5428 3.4246 -8.9326 1.7490 33.6236 -7.3248 4.6466
Car -1 -1 -4.5144 518.9047 176.6019 548.6279 195.5184 1.4895 1.6709 4.1308 -6.3025 1.8109 59.7949 -4.6193 1.5845
Car -1 -1 -6.6192 869.0348 168.1658 960.9471 204.1575 1.6140 1.6235 3.5645 13.9631 1.4035 33.2701 -6.2254 1.3357
Car -1 -1 -4.0911 690.7309 173.6229 740.9503 196.5127 1.4374 1.5264 3.4588 6.9161 1.4893 47.2056 -3.9469 0.6234
Car -1 -1 -4.2910 562.4442 175.0922 603.7307 195.2704 1.5681 1.6765 4.5135 -2.1763 1.7583 59.0120 -4.3281 0.4133
Car -1 -1 -4.4671 579.3882 173.2098 606.8820 191.4128 1.5856 1.5976 3.8200 -1.5089 1.6183 64.9683 -4.4906 -0.7911
Car -1 -1 -7.7728 147.0493 183.7240 175.1636 205.7042 1.6446 1.6220 3.6457 -36.0398 2.5473 57.9487 -8.3274 -0.8922
Car -1 -1 -6.8839 17.3568 185.4926 120.4666 219.1063 1.5470 1.6613 3.9839 -27.6563 2.2322 36.9804 -7.5227 -2.3295
Car -1 -1 -4.0211 258.7636 178.4993 347.6887 216.1611 1.5662 1.6697 3.7862 -13.8377 1.8376 32.6748 -4.4191 -3.0285
Car -1 -1 -6.6428 0.0000 188.7682 21.1879 237.6428 1.5203 1.6288 3.9872 -24.0312 2.1405 25.9877 -7.3841 -3.1244
Car -1 -1 -3.7399 90.0030 187.5459 173.4286 217.3605 1.4877 1.5375 3.6031 -26.4015 2.3395 39.8920 -4.3217 -3.1305
Car -1 -1 -5.1164 307.5308 163.3291 353.6875 186.2734 1.6703 1.7470 4.2079 -21.2157 0.9766 54.6419 -5.4852 -3.4882
Car -1 -1 -5.1029 1130.2189 154.3560 1188.9156 180.4871 1.6806 1.6905 4.1142 36.9024 0.4906 48.6102 -4.4565 -3.6173
Car -1 -1 -4.1284 0.0000 185.6633 87.6544 229.3274 1.5541 1.6243 3.9506 -23.0905 2.1033 28.9140 -4.7979 -3.8504
Car -1 -1 -5.1846 18.2995 187.7631 89.3094 216.2707 1.5305 1.6261 4.0291 -32.4274 2.4314 42.0114 -5.8391 -4.2394
Car -1 -1 -7.8477 743.2983 168.2807 762.3583 187.1671 1.6698 1.6572 3.7943 13.0127 1.2651 65.8166 -7.6536 -4.2756
Car -1 -1 -5.2674 1044.8376 150.3798 1105.0781 175.3129 1.6575 1.6556 3.9590 32.0772 0.1632 49.9565 -4.6993 -4.3293
Car -1 -1 -4.4647 222.3222 183.4611 269.6281 212.1996 1.4742 1.5096 3.6443 -20.3507 2.0962 40.3892 -4.9290 -4.4052
Car -1 -1 -4.5425 449.7114 182.3399 483.1493 205.0011 1.4171 1.5499 4.1150 -9.7211 2.0874 48.9351 -4.7380 -4.4715
Car -1 -1 -4.4382 0.0000 186.2910 44.1786 212.4706 1.5077 1.4932 3.4229 -37.0566 2.3865 45.3377 -5.1207 -4.8674
Car -1 -1 -7.6920 0.0000 195.5158 61.4896 239.7794 1.4085 1.5630 3.3988 -21.6304 2.3064 26.7335 -8.3675 -4.8930
Car -1 -1 -4.8744 284.7170 175.8615 346.5005 218.4700 1.6190 1.7835 3.7065 -12.2306 1.7512 29.7516 -5.2616 -5.0326
Car -1 -1 -4.9976 1125.9491 159.1558 1185.8489 187.9874 1.5797 1.6548 4.1041 31.4546 0.8289 41.7448 -4.3553 -5.2517
Car -1 -1 -3.3192 1065.2179 154.0851 1141.9191 178.5250 1.4812 1.6150 3.7355 30.8217 0.3434 45.2243 -2.7240 -5.3678
Car -1 -1 -6.9238 924.6190 162.2015 1031.3070 199.0916 1.6490 1.8901 4.1078 17.0211 1.1726 33.5415 -6.4580 -5.5226
Car -1 -1 -7.1117 292.0873 179.0138 412.0334 226.5918 1.6695 1.8058 4.5992 -10.0611 1.9330 28.4275 -7.4493 -5.6346
Car -1 -1 -4.6425 254.9622 182.3038 312.8405 224.4229 1.4017 1.6889 4.2014 -12.2885 1.7884 27.2901 -5.0623 -5.6859
Car -1 -1 -4.6526 257.2613 181.3693 327.3395 233.6513 1.4027 1.7145 4.3802 -9.8306 1.6954 22.4758 -5.0610 -5.7057
Car -1 -1 -4.9325 903.9128 168.2742 954.5161 199.3894 1.5878 1.5840 4.2883 17.1697 1.3538 39.0751 -4.5216 -5.8170
Car -1 -1 -4.6315 110.6544 189.6377 139.7693 209.8427 1.5719 1.7489 4.0413 -41.6116 3.0638 61.9624 -5.2211 -5.8218
Car -1 -1 -4.5083 0.0000 183.6858 0.0000 209.8637 1.4924 1.6440 4.0107 -41.6099 2.2005 45.0500 -5.2512 -5.8867
Car -1 -1 -4.6153 56.3265 184.1069 89.1814 205.5104 1.5278 1.6535 4.0134 -41.6052 2.4328 55.9050 -5.2529 -5.8867
Car -1 -1 -4.4779 0.0000 184.4759 0.0000 212.8551 1.5076 1.6476 4.0103 -41.6095 2.2220 42.2295 -5.2528 -5.8867
Car -1 -1 -4.6832 83.2480 186.1153 110.1754 206.8122 1.5352 1.6527 3.9789 -41.4925 2.6461 58.3448 -5.2994 -5.8867
Car -1 -1 -7.8228 1207.1500 157.3624 1241.0000 180.0136 1.4439 1.6719 4.0891 40.9484 0.4561 48.0728 -7.1203 -6.3270
Car -1 -1 -8.0465 427.5033 170.3929 461.3011 196.6490 1.9169 1.7727 3.9799 -12.6526 1.7369 54.8557 -8.2724 -8.4857
