Car -1 -1 -3.9196 455.1400 172.0721 564.4397 219.3172 1.6053 1.6480 3.9751 -3.6583 1.5785 26.5942 -4.0555 7.1718
Car -1 -1 -3.5871 723.6876 172.2632 828.5327 203.9436 1.4380 1.6773 4.5474 7.7800 1.4109 34.0728 -3.3650 5.3546
Car -1 -1 -3.4605 994.1484 164.5651 1097.1895 200.4620 1.6153 1.6514 3.7871 20.2094 1.2420 33.6826 -2.9242 5.1748
Car -1 -1 -7.2999 629.9962 175.1255 684.9739 201.6166 1.4301 1.5227 3.4889 2.7072 1.5651 41.1326 -7.2352 4.7120
Car -1 -1 -6.2200 300.8982 177.5810 390.5523 214.3296 1.5459 1.5357 3.6317 -11.6564 1.7629 31.9200 -6.5678 4.4115
Car -1 -1 -9.0017 1119.8628 193.7864 1241.0000 374.0000 1.4270 1.5607 3.8533 3.7925 1.5480 2.1604 -8.0063 -0.1107
Car -1 -1 -4.4247 580.0299 173.7627 608.1008 191.9995 1.6284 1.5882 3.7792 -1.4622 1.7146 66.6630 -4.4469 -0.4664
Car -1 -1 -4.5916 566.1780 178.5341 590.7834 196.6997 1.4250 1.5890 3.8418 -2.6068 1.9111 59.8127 -4.6353 -1.4500
Car -1 -1 -8.2760 404.8218 176.6928 442.4398 196.6843 1.6626 1.6405 4.0983 -16.3064 2.0083 62.9293 -8.5288 -1.7919
Car -1 -1 -1.8993 163.2960 181.6476 202.6703 203.5409 1.6266 1.6038 3.5724 -33.6584 2.3401 56.8012 -2.4324 -2.4375
Car -1 -1 -7.7842 301.4038 178.7281 344.3500 212.3226 1.5034 1.6562 4.1912 -14.0300 1.8090 35.3232 -8.1601 -2.5861
Car -1 -1 -8.1662 1161.8822 163.5640 1227.2374 192.8654 1.4819 1.6143 3.7619 31.0886 1.0117 38.5355 -7.4913 -2.6342
Car -1 -1 -2.3540 29.4886 185.6012 145.0262 225.7795 1.5164 1.5713 3.7616 -21.0190 2.0476 29.0026 -2.9770 -2.9669
Car -1 -1 -4.9575 676.6025 172.7243 723.4866 200.9915 1.4986 1.6371 4.1240 4.9410 1.4914 40.3997 -4.8371 -3.3545
Car -1 -1 -7.9796 893.4469 210.1507 1241.0000 374.0000 1.4044 1.5630 3.6507 1.9437 1.6214 2.2329 -7.3270 -3.3798
Car -1 -1 -5.7237 1157.6925 152.9028 1239.6163 179.0342 1.6719 1.7438 3.9168 39.2835 0.3951 48.3006 -5.0439 -3.4929
Car -1 -1 -7.6777 803.4555 168.7206 865.9218 212.0532 1.5467 1.6916 3.6606 8.6559 1.3989 27.7691 -7.3790 -3.5570
Car -1 -1 -8.0069 184.8192 183.4351 217.1035 205.4123 1.6403 1.6621 4.0527 -32.9237 2.5213 57.9871 -8.5215 -3.6145
Car -1 -1 -4.8419 1121.3313 163.1429 1165.5399 189.2970 1.5942 1.7096 4.3727 34.1313 1.0020 46.3091 -4.2100 -3.8894
Car -1 -1 -7.9740 798.0710 171.7203 839.7953 202.1304 1.5007 1.6025 4.0374 10.8237 1.4444 37.7258 -7.6970 -4.3742
Car -1 -1 -4.6176 621.5331 176.2687 646.6673 197.6517 1.5408 1.5656 3.6216 1.8208 1.8074 54.4944 -4.5848 -4.6730
Car -1 -1 -3.4088 903.7935 164.6976 975.6782 187.6223 1.5249 1.6879 4.1522 22.3725 0.9820 49.1529 -2.9841 -4.7541
Car -1 -1 -6.5140 1143.5967 151.5889 1241.0000 179.0572 1.5835 1.8287 4.7862 35.2394 0.3573 43.4556 -5.8359 -4.7634
Car -1 -1 -5.0423 75.8945 190.0595 138.3712 217.9406 1.4534 1.7271 4.1671 -29.2790 2.4989 41.9250 -5.6491 -4.8080
Car -1 -1 -4.8728 52.7851 190.3443 92.8078 214.6727 1.6945 1.8348 4.1100 -41.2615 3.0866 55.3528 -5.5113 -4.8090
Car -1 -1 -4.5139 1053.0631 167.3050 1111.3850 200.6588 1.5271 1.5899 4.2207 22.9705 1.2728 35.1012 -3.9386 -5.0736
Car -1 -1 -4.8731 1144.5066 149.4952 1190.3068 177.4353 1.7854 1.8330 3.7144 37.1191 0.2924 48.1764 -4.2196 -5.1387
Car -1 -1 -4.9626 464.8010 177.4619 505.3716 200.4831 1.4009 1.6201 4.1614 -8.2192 1.7151 47.0288 -5.1350 -5.3050
Car -1 -1 -4.6107 78.6896 190.8107 109.1625 213.2761 1.5952 1.5694 3.6295 -40.2850 3.0460 56.3428 -5.2294 -5.4136
Car -1 -1 -4.6763 470.0352 177.5611 504.3948 204.7543 1.3726 1.6972 4.0370 -6.6696 1.6423 39.2645 -4.8438 -5.4763
Car -1 -1 -4.4896 396.3307 181.5906 423.3525 197.7093 1.4803 1.6726 4.1562 -19.5842 2.3613 70.6720 -4.7593 -5.6555
Car -1 -1 -4.6053 298.6364 179.8151 333.5768 203.7915 1.4423 1.6703 4.0755 -19.0688 1.9152 46.8635 -4.9901 -5.6909
Car -1 -1 -4.7385 472.7750 177.7110 510.0229 208.6184 1.3888 1.6811 4.0090 -5.8764 1.6399 35.2188 -4.9031 -5.7570
Car -1 -1 -7.8728 378.3047 177.3470 407.8645 204.5797 1.4867 1.5816 4.3219 -12.8344 1.7650 42.4476 -8.1650 -5.7678
Car -1 -1 -4.7620 516.6631 176.3030 547.1688 201.3775 1.3780 1.5729 4.0654 -4.6615 1.5904 42.3714 -4.8713 -5.8493
Car -1 -1 -4.7976 382.3858 181.9693 415.5795 205.4761 1.4619 1.8111 4.1177 -14.3586 2.1072 48.8609 -5.0823 -5.8508
Car -1 -1 -4.8457 503.2665 175.5817 548.9232 206.8943 1.4543 1.6917 4.4540 -4.3217 1.6001 36.2905 -4.9638 -5.8830
Car -1 -1 -4.6414 87.5945 183.9377 116.5154 204.0692 1.5239 1.6516 4.0087 -41.6049 2.4648 59.1239 -5.2527 -5.8867
Car -1 -1 -4.5620 29.8020 189.1415 69.2525 213.5431 1.6315 1.6949 4.1676 -41.4925 2.8883 53.4569 -5.2198 -5.8867
Car -1 -1 -6.9209 329.3051 167.8495 379.9873 191.2564 1.7575 1.4841 3.5197 -19.8280 1.3815 56.0514 -7.2596 -5.9108
Car -1 -1 -8.0446 729.7739 169.4612 755.2758 188.3034 1.7141 1.6217 3.9558 12.3652 1.4051 67.6259 -7.8648 -5.9463
Car -1 -1 -6.7240 1219.0906 149.6771 1241.0000 180.2025 1.6494 1.7912 4.4173 37.2660 0.3968 40.4948 -5.9837 -6.2730
Car -1 -1 -7.4737 1026.1868 147.0305 1078.2177 176.7314 2.0360 1.7256 4.2259 31.5033 0.2655 51.4199 -6.9266 -6.3599
Car -1 -1 -8.1766 470.2263 173.8846 503.7620 196.0284 1.8442 1.6884 3.9617 -10.6994 1.9362 62.4366 -8.3460 -6.5343
Car -1 -1 -5.3659 0.0000 190.8175 14.6677 324.4765 1.6229 1.8100 4.2761 -11.2299 1.9031 10.1617 -6.1880 -6.5438
Car -1 -1 -4.9410 1089.0145 171.2982 1145.5592 201.9598 1.5713 1.5995 4.1027 27.4196 1.4912 39.1773 -4.3342 -6.7109
Car -1 -1 -7.7421 796.8502 161.5620 832.6504 192.3636 1.8045 1.6700 4.2724 12.6523 1.1427 44.5644 -7.4674 -7.7299
