Car -1 -1 -3.8611 308.6465 179.5027 476.0813 239.5904 1.4534 1.6890 4.5085 -6.0135 1.6621 20.3290 -4.1457 6.4177
Car -1 -1 -3.6508 652.9395 167.4531 752.4111 213.1060 1.7980 1.6065 3.7829 3.7905 1.5850 29.8720 -3.5264 2.4698
Car -1 -1 -4.5502 562.7091 176.7686 591.8676 196.8387 1.5121 1.6637 4.1960 -2.5889 1.8350 57.3924 -4.5955 1.4396
Car -1 -1 -4.3591 517.8359 178.3668 553.4819 197.6641 1.4638 1.5659 4.0065 -5.9683 1.9236 58.0865 -4.4614 0.9840
Car -1 -1 -8.1986 384.1862 179.0381 439.3266 208.3924 1.4690 1.6141 4.0235 -10.8281 1.8220 39.1072 -8.4673 -0.2845
Car -1 -1 -4.7025 592.0867 177.1912 608.6710 193.0712 1.4924 1.5805 3.4926 -0.9437 1.9265 70.5138 -4.7162 -1.1191
Car -1 -1 -4.7673 558.8091 175.7881 577.0374 191.2623 1.4666 1.5901 3.6038 -4.1794 1.7626 70.9786 -4.8263 -1.8690
Car -1 -1 -6.6211 1086.7440 157.8176 1227.1034 202.3746 1.7735 1.7520 4.3437 22.7048 1.1747 30.2015 -5.9813 -2.6701
Car -1 -1 -4.6983 540.4156 178.5670 558.8158 195.9810 1.4756 1.5837 3.6676 -5.3767 1.9990 64.2601 -4.7818 -2.8035
Car -1 -1 -4.2875 586.8467 176.5748 622.7687 194.6149 1.5098 1.6219 4.0881 -0.4420 1.8482 63.4894 -4.2948 -3.2629
Car -1 -1 -4.5222 208.7870 188.5971 242.6450 209.9978 1.4371 1.5549 3.5593 -28.3288 2.6401 53.2199 -5.0095 -3.7317
Car -1 -1 -4.9666 366.3696 180.6763 427.0970 215.1786 1.6007 1.8717 4.6761 -11.0657 2.0295 37.0882 -5.2550 -4.0472
Car -1 -1 -7.7242 499.9852 178.2293 540.6304 208.0723 1.5187 1.6859 4.1628 -4.8968 1.8286 39.5576 -7.8470 -4.6922
Car -1 -1 -2.0972 273.2810 181.5225 327.6458 206.3516 1.6141 1.7115 3.9593 -21.5345 2.2380 50.0804 -2.5017 -4.7077
Car -1 -1 -5.1671 560.4079 175.9341 603.6887 197.8277 1.5539 1.6733 3.9247 -2.1585 1.7929 53.9342 -5.2073 -4.7639
Car -1 -1 -4.0842 492.6290 175.7379 541.5601 198.0559 1.6190 1.7238 3.9258 -7.0700 1.8472 55.0306 -4.2118 -4.8161
Car -1 -1 -7.9305 621.4512 176.2100 650.8268 200.5634 1.4061 1.5260 3.2879 1.5184 1.6173 43.7951 -7.8965 -4.8186
Car -1 -1 -5.0160 567.6602 176.2693 599.7643 194.7011 1.5513 1.6543 4.1889 -2.3858 1.8637 63.8110 -5.0536 -4.9064
Car -1 -1 -4.7382 666.6545 174.8222 699.1171 201.1885 1.3466 1.6370 3.9666 3.8748 1.4587 39.1905 -4.6408 -5.0569
Car -1 -1 -8.1723 729.0121 170.0031 758.6901 186.8851 1.4627 1.5945 3.4516 11.8790 1.2154 64.3356 -7.9908 -5.1559
Car -1 -1 -4.4533 799.1110 171.2913 834.7216 193.1117 1.4751 1.5056 3.7509 14.5601 1.3692 50.7757 -4.1759 -5.2401
Car -1 -1 -5.1379 652.2745 174.4072 704.4032 197.7052 1.3688 1.6554 4.1464 4.1588 1.4700 44.9203 -5.0465 -5.3232
Car -1 -1 -4.8965 307.6024 179.5407 391.1351 235.9898 1.6646 1.8363 4.5205 -8.8971 1.9115 24.2624 -5.2449 -5.4745
Car -1 -1 -4.6055 330.3820 180.9454 388.1847 220.7982 1.4003 1.7095 4.1302 -9.8423 1.7437 28.4503 -4.9361 -5.5328
Car -1 -1 -4.6165 743.4178 168.1689 769.4312 191.2652 1.7449 1.6088 4.3166 11.5343 1.3906 56.8103 -4.4176 -5.5753
Car -1 -1 -7.5752 372.4216 178.3378 410.4836 199.3083 1.5141 1.6705 4.3164 -16.7513 1.9513 55.4001 -7.8678 -5.5867
Car -1 -1 -7.4593 590.2038 175.8872 631.7302 200.2642 1.4048 1.4241 3.1329 0.0568 1.5956 43.7292 -7.4584 -5.6006
Car -1 -1 -4.4983 941.0534 169.6923 984.9244 197.1051 1.6147 1.6328 4.0064 21.8068 1.4281 44.5798 -4.0463 -5.6311
Car -1 -1 -4.4674 328.9804 180.2643 390.5479 214.5744 1.3816 1.6461 4.0200 -11.0601 1.7315 32.0233 -4.7978 -5.7623
Car -1 -1 -4.6877 396.0160 178.0857 446.9462 222.2362 1.4945 1.7210 4.5161 -7.1313 1.7102 27.3865 -4.9405 -5.8385
Car -1 -1 -4.5139 690.7017 173.5102 734.6938 201.1939 1.4436 1.6391 4.1079 5.6975 1.4816 39.9385 -4.3737 -5.8718
Car -1 -1 -4.3886 382.9899 177.2653 447.2242 210.9039 1.3894 1.6167 3.8911 -8.6874 1.5989 32.3172 -4.6496 -5.8867
Car -1 -1 -4.5558 0.0000 187.0002 24.3224 212.3857 1.5801 1.6714 4.0183 -41.6117 2.5918 49.4641 -5.2527 -5.8867
Car -1 -1 -4.6784 816.9601 171.5367 838.5629 191.6324 1.5453 1.5273 3.9033 17.3742 1.4437 57.5779 -4.3871 -6.0205
Car -1 -1 -4.4116 487.4231 180.1065 538.0156 209.6507 1.5956 1.7310 4.3550 -5.6806 2.0444 42.3852 -4.5445 -6.2653
Car -1 -1 -4.4363 269.4414 183.3458 306.1000 205.3137 1.8091 1.8419 4.3591 -28.4997 2.7712 63.8951 -4.8546 -6.3504
