Car -1 -1 -3.6637 661.8082 171.6062 769.1216 206.9856 1.4901 1.6949 4.4614 4.6383 1.4373 32.0041 -3.5216 6.4090
Car -1 -1 -3.9866 356.0824 172.0716 487.4342 232.6898 1.6760 1.6381 4.0069 -5.6879 1.6541 22.1055 -4.2361 6.1540
Car -1 -1 -6.6882 344.0911 177.3463 434.3608 214.4504 1.5575 1.6369 3.5263 -9.9474 1.7704 32.4762 -6.9835 3.7899
Car -1 -1 -7.4755 664.1650 172.3997 708.8467 196.8228 1.4210 1.5340 3.4656 4.6528 1.3942 43.8709 -7.3710 1.3676
Car -1 -1 -4.5329 564.9477 174.3496 593.5566 193.9265 1.5481 1.6430 4.1766 -2.5255 1.6758 59.5702 -4.5755 1.1744
Car -1 -1 -3.4527 931.8997 165.3190 1034.9971 201.2993 1.6135 1.6702 3.9235 17.2124 1.2753 33.4934 -2.9819 0.5294
Car -1 -1 -4.5743 580.8234 172.4193 603.3153 191.6740 1.7071 1.5611 3.7061 -1.6323 1.6683 65.9006 -4.5993 0.3877
Car -1 -1 -3.3620 1021.1536 175.0208 1115.2389 203.7822 1.5298 1.6364 4.1465 25.3059 1.6542 40.0595 -2.8023 -0.8808
Car -1 -1 -5.5009 519.6758 176.6601 564.0388 193.9122 1.5178 1.6449 4.0809 -6.2997 1.8772 66.2610 -5.5957 -1.1141
Car -1 -1 -4.4635 517.5535 176.3331 548.0753 195.0118 1.4960 1.6184 3.9947 -6.4746 1.7982 60.6588 -4.5697 -1.2608
Car -1 -1 -7.9827 343.3810 181.1683 389.3529 214.1322 1.4270 1.5966 3.7857 -11.6733 1.8459 34.3219 -8.3086 -2.4378
Car -1 -1 -4.9277 1061.7668 167.0419 1148.2911 214.6072 1.5187 1.6134 4.1177 17.1435 1.3328 25.2492 -4.3369 -2.8092
Car -1 -1 -6.3462 50.6260 188.7921 135.3719 216.0503 1.4751 1.6091 4.0314 -30.9213 2.4699 43.1574 -6.9652 -2.8390
Car -1 -1 -7.6906 264.8603 184.1097 297.1978 204.2829 1.3465 1.5721 3.5265 -23.7854 2.1902 52.1961 -8.1166 -3.0009
Car -1 -1 -3.3456 922.7434 169.4382 1023.4331 203.5793 1.5875 1.6820 4.0852 17.4189 1.4284 34.8809 -2.8861 -3.5189
Car -1 -1 -3.4142 1153.0916 157.2762 1241.0000 186.4893 1.5669 1.6623 3.9417 32.8994 0.7311 40.2483 -2.7326 -3.7107
Car -1 -1 -3.9092 150.8799 183.2833 232.2865 213.4138 1.4759 1.5717 3.7338 -22.4196 2.0648 38.7483 -4.4310 -4.0997
Car -1 -1 -7.8099 646.1658 172.9765 673.6757 197.1586 1.4405 1.5536 3.6520 3.1047 1.4481 44.9011 -7.7417 -4.3653
Car -1 -1 -7.8716 405.9397 174.9538 457.1230 221.9184 1.5119 1.6275 3.9448 -6.3931 1.5920 25.5321 -8.1149 -4.4501
Car -1 -1 -4.8113 109.3984 189.9716 141.9990 209.1157 1.4562 1.8709 4.5152 -41.2632 2.9680 61.4007 -5.4012 -4.5009
Car -1 -1 -4.2105 530.0510 175.3585 570.5068 194.4471 1.5189 1.5708 4.1318 -4.9642 1.7352 60.1997 -4.2928 -4.5751
Car -1 -1 -7.1071 4.3034 188.7166 123.7795 231.7118 1.4885 1.5905 3.7876 -21.3834 2.1557 28.3979 -7.7481 -4.5872
Car -1 -1 -8.1935 730.2325 169.7153 759.8406 186.7644 1.5315 1.5607 3.6416 12.4339 1.2493 66.7362 -8.0103 -4.6425
Car -1 -1 -4.0087 352.8210 176.2182 459.3442 214.0612 1.4390 1.8159 4.4989 -8.4813 1.5912 30.2897 -4.2798 -4.7923
Car -1 -1 -4.2964 321.3052 182.1786 352.5030 197.5546 1.4420 1.6366 3.4569 -27.0777 2.3898 71.5885 -4.6571 -4.8812
Car -1 -1 -7.7752 385.1248 166.1010 413.1642 188.5206 1.7742 1.8769 4.3531 -17.3454 1.2395 59.4210 -8.0582 -4.9780
Car -1 -1 -4.3348 851.0512 164.7809 895.2769 186.2887 1.4373 1.5949 3.8370 18.2999 0.8975 50.1844 -3.9872 -4.9881
Car -1 -1 -4.4447 301.1659 182.8534 329.9680 198.3416 1.4360 1.6537 3.9740 -29.2124 2.4573 71.6441 -4.8309 -4.9905
Car -1 -1 -8.2752 1041.9310 148.6242 1103.2468 175.7832 1.8132 1.9482 4.4481 32.2537 0.1953 50.5127 -7.7096 -4.9960
Car -1 -1 -4.5033 285.7025 183.5161 312.9534 198.7566 1.3939 1.6350 4.1996 -30.6836 2.4803 71.3169 -4.9085 -5.0009
Car -1 -1 -4.3464 193.9465 179.9721 246.5660 206.4346 1.5606 1.5882 4.0464 -24.6932 2.0329 45.7937 -4.8387 -5.2689
Car -1 -1 -3.9149 1217.9463 152.1733 1241.0000 180.0963 1.5443 1.7753 4.5028 37.3642 0.4003 40.8751 -3.1779 -5.3144
Car -1 -1 -4.6995 360.1257 174.9652 416.5101 226.1447 1.6733 1.7962 4.4758 -8.0479 1.7567 26.1881 -4.9952 -5.5627
Car -1 -1 -4.6096 132.7615 189.6341 166.7053 215.2717 1.5893 1.5778 3.7341 -31.4968 2.7849 49.4004 -5.1750 -5.6128
Car -1 -1 -8.2693 1026.2876 149.2020 1072.4421 174.9589 1.7423 1.5671 3.2611 30.6792 0.1421 50.5238 -7.7261 -5.6303
Car -1 -1 -4.6362 89.7828 187.7721 119.9719 208.5513 1.5453 1.6995 4.3324 -41.4614 2.8177 59.2567 -5.2448 -5.8244
Car -1 -1 -4.4541 634.9889 172.2367 666.4542 193.9983 1.9029 1.7960 4.3720 3.7108 1.8486 65.4482 -4.3981 -6.0059
Car -1 -1 -4.8387 908.1365 162.6365 941.5530 185.6773 1.5017 1.6677 3.2083 21.2204 0.8355 48.7996 -4.4309 -6.0123
Car -1 -1 -8.3135 1120.9868 146.8467 1181.5096 174.6696 1.8341 1.7535 3.9379 37.1306 0.1194 49.6583 -7.6743 -6.4985
Car -1 -1 -4.9782 1241.0000 236.2607 1241.0000 374.0000 1.3905 1.7233 3.6433 5.5648 1.9692 4.5934 -4.1299 -7.4883
