Car -1 -1 -4.5979 800.1782 170.5154 829.6990 193.9688 1.5534 1.5580 3.6772 14.1375 1.3982 49.7852 -4.3231 -1.1266
Car -1 -1 -5.3237 208.0531 186.7128 262.3466 210.0348 1.5183 1.5802 3.6063 -26.1830 2.5143 50.3353 -5.8014 -2.0701
Car -1 -1 -4.5207 818.4349 172.6475 848.7123 193.2046 1.5466 1.5648 3.8314 17.4577 1.5307 56.3414 -4.2220 -2.5727
Car -1 -1 -4.6589 333.9799 189.2297 354.9875 206.9921 1.5250 1.6435 4.2026 -25.1387 3.1270 68.3476 -5.0105 -3.0038
Car -1 -1 -6.2405 362.2822 180.2353 449.9616 216.7020 1.5795 1.6761 3.7681 -9.3023 1.9295 33.0020 -6.5136 -3.2404
Car -1 -1 -3.6642 0.0000 187.9122 78.5383 224.9569 1.5433 1.6481 4.1146 -27.8440 2.3004 34.0767 -4.3456 -3.4211
Car -1 -1 -8.1341 485.9335 169.0011 554.7211 218.1703 1.8187 1.6755 4.0036 -3.7029 1.6759 28.8584 -8.2611 -3.5563
Car -1 -1 -4.4113 283.6523 189.2752 316.5425 207.6565 1.5533 1.6303 4.2088 -28.7654 3.1283 67.0398 -4.8155 -3.5927
Car -1 -1 -4.8832 610.7314 172.9960 646.8228 202.0738 1.6311 1.5512 3.3911 1.0249 1.6395 42.2832 -4.8596 -3.8184
Car -1 -1 -4.9384 380.6135 183.3245 439.8233 222.2562 1.4963 1.6235 3.8251 -8.6556 1.9746 30.9128 -5.2096 -4.2377
Car -1 -1 -6.7218 1059.3098 155.8194 1151.4323 185.9766 1.6454 1.5913 3.9582 27.6732 0.7157 40.4642 -6.1255 -4.2703
Car -1 -1 -4.3254 500.7942 170.5845 537.8848 191.3625 1.5442 1.5879 3.6156 -6.9717 1.3752 55.5757 -4.4499 -4.3214
Car -1 -1 -3.8955 41.9207 191.7043 134.9331 224.6064 1.4928 1.5957 3.8086 -26.7310 2.5140 37.0774 -4.5169 -4.4389
Car -1 -1 -4.2285 570.5923 173.7715 633.4981 203.7035 1.5819 1.7708 4.2340 -0.4200 1.6361 40.5615 -4.2393 -4.6389
Car -1 -1 -8.7774 1226.5643 163.5412 1241.0000 195.9157 1.4432 1.6420 3.8238 31.8086 1.0278 34.1926 -8.0325 -4.6489
Car -1 -1 -4.4201 346.0079 187.0992 378.5516 203.4395 1.4683 1.8669 4.2687 -24.2719 2.9083 70.7842 -4.7496 -4.8787
Car -1 -1 -4.5119 367.9976 184.5664 391.4325 199.8319 1.4139 1.5422 3.5110 -22.7968 2.6033 71.4627 -4.8200 -4.8947
Car -1 -1 -7.6473 309.2713 184.3681 354.4678 215.3200 1.5073 1.5137 3.7342 -14.8411 2.1536 38.5607 -8.0127 -4.9534
Car -1 -1 -4.7680 968.5433 173.0632 1019.5399 210.0742 1.4413 1.6554 3.5281 15.8921 1.4503 30.0698 -4.2862 -5.1641
Car -1 -1 -4.3358 724.4296 171.8454 764.2605 195.9130 1.7086 1.6280 3.7557 9.9166 1.6367 53.2473 -4.1531 -5.1789
Car -1 -1 -4.7564 1197.5933 161.0668 1241.0000 194.1543 1.6040 1.7870 3.7672 31.3296 1.0323 37.0171 -4.0581 -5.1891
Car -1 -1 -3.5124 243.1567 184.7864 315.0542 209.6428 1.7157 1.6243 4.6334 -24.8155 2.6480 54.1671 -3.9404 -5.2305
Car -1 -1 -4.6151 323.8702 185.7332 350.6726 205.7691 1.4733 1.6240 4.0997 -21.9328 2.5485 58.0630 -4.9751 -5.3073
Car -1 -1 -5.0075 641.5634 174.5876 693.5864 207.4421 1.6204 1.6183 4.0002 2.9243 1.7164 37.9393 -4.9317 -5.4920
Car -1 -1 -7.0887 0.0000 190.2950 120.8017 374.0000 1.5448 1.7013 4.0463 -7.2159 1.7693 7.2768 -7.8516 -5.4996
Car -1 -1 -4.5728 80.4416 189.1225 115.8389 212.5022 1.7175 1.7506 4.3338 -41.5189 3.0902 58.5699 -5.1875 -5.6839
Car -1 -1 -4.3954 682.9979 177.8784 714.0746 197.8359 1.5070 1.5299 3.1864 7.0084 1.9169 57.1418 -4.2744 -5.7268
Car -1 -1 -5.4423 1130.9495 166.9552 1241.0000 202.0878 1.3494 1.5653 4.0746 23.8079 1.1226 29.7949 -4.7731 -5.7979
Car -1 -1 -4.3872 196.5646 185.3233 233.3672 204.7195 1.5603 1.6260 3.9632 -34.3667 2.6819 62.8255 -4.8862 -5.8602
Car -1 -1 -4.4789 0.0000 184.7272 0.0000 213.4982 1.5435 1.6592 4.0208 -41.6095 2.2802 42.6372 -5.2491 -5.8867
Car -1 -1 -4.6817 134.4738 183.3132 158.1221 201.7962 1.5415 1.6581 4.0148 -41.6046 2.5111 64.7579 -5.2511 -5.8867
Car -1 -1 -6.9170 0.0000 0.0000 1241.0000 374.0000 1.5417 1.5882 3.8031 -2.1017 1.6238 1.0045 -7.9392 -5.8867
Car -1 -1 -4.5377 0.0000 183.7667 5.5725 209.0484 1.5368 1.6571 4.0171 -41.6094 2.2929 47.8642 -5.2506 -5.8867
Car -1 -1 -4.5864 21.0996 184.2777 58.6271 207.0013 1.5239 1.6519 4.0088 -41.6065 2.3917 52.6878 -5.2526 -5.8867
Car -1 -1 -4.8382 1218.6112 163.0626 1241.0000 186.0606 1.4482 1.6510 4.0515 41.4720 0.8313 47.5791 -4.1244 -5.8867
Car -1 -1 -4.5234 425.3757 176.0946 478.5288 210.8932 1.4627 1.6203 4.0417 -7.1401 1.6186 32.7475 -4.7368 -5.8867
Car -1 -1 -4.6627 115.3730 182.3622 141.2376 201.3005 1.5234 1.6558 4.0168 -41.6085 2.3730 62.3477 -5.2494 -5.8867
Car -1 -1 -3.5047 0.0000 189.3188 0.0000 374.0000 1.4920 1.6024 3.9531 -7.0818 1.5949 2.5308 -4.6974 -5.8867
Car -1 -1 -4.5127 0.0000 183.7173 0.0000 210.1504 1.5217 1.6543 4.0149 -41.6101 2.2380 45.4501 -5.2512 -5.8867
Car -1 -1 -4.5639 0.0000 185.9630 33.3507 210.6735 1.5699 1.6631 4.0153 -41.6044 2.5220 50.2710 -5.2528 -5.8867
Car -1 -1 -4.6302 49.5907 184.9816 82.1580 206.7664 1.5276 1.6554 4.0127 -41.5452 2.4897 55.1173 -5.2740 -5.8867
Car -1 -1 -4.1899 22.7435 195.4390 95.4211 221.5290 1.4786 1.8117 4.4049 -35.9345 3.0268 47.1714 -4.8384 -5.9274
Car -1 -1 -4.3410 260.5026 188.5027 291.0598 204.5771 1.4262 1.5001 3.4785 -32.0683 2.9669 69.2702 -4.7734 -5.9350
Car -1 -1 -4.7643 603.0990 173.7014 641.7040 206.5555 1.5253 1.6783 4.2637 0.5184 1.5695 35.7721 -4.7504 -5.9351
Car -1 -1 -4.2494 0.0000 186.5534 0.0000 277.4012 1.4094 1.6096 4.3514 -15.1540 1.7230 14.2128 -5.0575 -5.9965
Car -1 -1 -4.6546 639.7587 175.7468 668.9559 199.8833 1.4853 1.6649 4.3004 2.9078 1.6831 47.1719 -4.5939 -6.0319
Car -1 -1 -3.0982 710.1646 168.6870 758.4289 187.0943 1.5633 1.6195 4.0559 10.7548 1.2091 62.5001 -2.9289 -6.0487
Car -1 -1 -4.2071 94.6693 184.6043 170.6103 216.8304 1.5218 1.6119 3.8699 -24.7530 2.1648 37.5135 -4.7873 -6.0640
Car -1 -1 -4.6263 384.3376 180.7190 421.1563 211.4497 1.5045 1.5561 3.8153 -11.0113 1.9446 38.3799 -4.9043 -6.0700
Car -1 -1 -7.3296 1241.0000 178.1195 1241.0000 362.3588 1.4367 1.6179 4.2990 8.7345 1.4946 6.8342 -6.4438 -6.0730
Car -1 -1 -7.1381 1227.4884 173.3571 1241.0000 312.4821 1.4750 1.6342 4.2575 10.0253 1.4812 8.4804 -6.2868 -6.0880
Car -1 -1 -6.9121 1227.7832 171.3215 1241.0000 283.1749 1.4543 1.5618 4.0359 11.7933 1.4341 10.5442 -6.0850 -6.0974
Car -1 -1 -7.0377 1209.9948 166.5205 1241.0000 263.3326 1.5022 1.6951 4.4485 13.0363 1.4036 12.1606 -6.2299 -6.1537
Car -1 -1 -7.7697 891.1471 149.9391 924.7114 179.5292 2.0713 1.9454 4.0217 21.7781 0.4670 52.7399 -7.3802 -6.6779
Car -1 -1 -4.9161 1241.0000 183.2207 1241.0000 374.0000 1.6928 2.0044 4.2781 5.3909 1.7882 4.3558 -4.0585 -7.1983
Car -1 -1 -4.9584 1055.7499 148.8066 1103.5951 177.5854 1.8364 1.7540 3.9430 31.2648 0.3016 48.1906 -4.3856 -7.3972
