Car -1 -1 -1.9883 57.0343 189.5320 108.2614 213.0185 1.5454 1.6169 3.6280 -37.5819 2.7696 51.3683 -2.6176 1.3859
Car -1 -1 -7.6987 605.2820 169.7495 641.9001 195.5985 1.4720 1.6080 3.9064 0.8223 1.2949 43.1506 -7.6802 -1.2036
Car -1 -1 -5.1822 189.9705 185.4980 242.8657 209.8033 1.6131 1.6736 4.0510 -28.2143 2.5499 51.6371 -5.6803 -1.7083
Car -1 -1 -6.6600 396.7793 178.8851 457.6853 201.1877 1.7184 1.6898 4.4954 -14.8620 2.2252 58.6735 -6.9073 -2.0182
Car -1 -1 -4.7025 799.4775 169.7036 823.3691 192.6434 1.5181 1.5294 3.6708 13.8593 1.3093 49.7246 -4.4325 -2.4245
Car -1 -1 -7.8896 418.3796 180.3258 451.2369 210.6140 1.5208 1.5996 3.7906 -9.6117 1.9484 39.2782 -8.1285 -2.9504
Car -1 -1 -3.6381 0.0000 187.8207 80.0975 224.4356 1.5319 1.6421 4.0522 -27.8068 2.2855 34.1605 -4.3176 -3.5478
Car -1 -1 -4.9207 325.2224 188.7134 357.9514 206.8687 1.5618 1.9201 5.2024 -25.9186 3.1491 69.5176 -5.2766 -3.7139
Car -1 -1 -4.2906 431.9966 179.5648 485.6984 209.8353 1.5289 1.5418 3.5296 -8.1859 1.9105 39.1701 -4.4957 -3.9860
Car -1 -1 -4.4209 284.1834 187.0249 317.1493 206.3524 1.6520 1.6467 4.3201 -28.7776 3.0154 67.1953 -4.8244 -4.0847
Car -1 -1 -4.5166 816.7575 172.4352 846.9831 192.8555 1.5405 1.6236 3.4448 17.3183 1.5086 56.3334 -4.2202 -4.1348
Car -1 -1 -8.4799 812.4045 168.7723 924.3832 220.3637 1.5542 1.6263 3.6240 8.3253 1.4309 23.7058 -8.1466 -4.3134
Car -1 -1 -4.9389 405.9018 184.8432 434.4889 202.8722 1.4894 1.6055 4.0559 -17.0598 2.5995 64.6592 -5.1963 -4.5809
Car -1 -1 -5.0361 371.5416 186.5080 401.7617 204.4229 1.5080 1.5324 3.6865 -20.3631 2.7866 65.6417 -5.3362 -4.7008
Car -1 -1 -7.6580 776.0851 160.0895 803.5327 183.1609 2.1360 1.7119 4.5280 17.2602 0.9539 69.2131 -7.4148 -4.8185
Car -1 -1 -7.8572 367.3718 182.8286 384.9995 203.2141 1.8537 1.5708 3.1805 -22.4098 2.8328 69.0863 -8.1700 -4.8312
Car -1 -1 -4.5567 348.7057 186.6953 376.4453 205.2665 1.6805 1.9476 4.1990 -24.2744 3.0823 70.8592 -4.8859 -4.9401
Car -1 -1 -4.9113 428.5283 182.0895 467.0985 209.6237 1.5833 1.6139 3.8433 -10.1817 2.1853 44.9729 -5.1331 -4.9534
Car -1 -1 -6.4815 1092.3907 160.4580 1195.3273 190.2319 1.5800 1.7461 4.3197 29.4273 0.9219 39.9872 -5.8507 -4.9709
Car -1 -1 -4.7035 1198.1428 160.7124 1241.0000 193.5437 1.5959 1.7650 3.8060 31.3909 1.0054 37.0934 -4.0053 -5.0560
Car -1 -1 -3.7140 0.0000 183.9180 79.7631 209.6275 1.6246 1.8994 4.2317 -39.5242 2.4248 49.8920 -4.3815 -5.0803
Car -1 -1 -3.5017 242.6670 186.1934 311.3722 209.5426 1.6083 1.6675 4.3896 -25.0409 2.6515 54.2988 -3.9323 -5.1910
Car -1 -1 -6.9890 962.2366 170.5214 1079.2521 206.0730 1.3818 1.5439 4.1034 16.5478 1.2908 29.1980 -6.4780 -5.2377
Car -1 -1 -5.1090 680.8844 175.8215 737.4054 206.4047 1.4969 1.5658 3.8093 5.0848 1.6603 37.7553 -4.9767 -5.2715
Car -1 -1 -4.9031 360.1456 186.1222 399.5133 212.2973 1.6169 1.7465 4.4775 -15.8233 2.5683 49.3703 -5.2121 -5.3972
Car -1 -1 -7.6767 308.7193 182.5612 354.6084 216.6792 1.6644 1.6044 3.9544 -14.8172 2.2100 38.4832 -8.0423 -5.4408
Car -1 -1 -4.5566 441.7295 178.8806 491.4619 210.9437 1.3485 1.6307 4.0369 -6.5628 1.6423 33.1649 -4.7509 -5.4572
Car -1 -1 -4.6604 317.7836 182.6008 342.7112 204.1203 1.5936 1.6440 4.0330 -22.3119 2.4004 57.5741 -5.0288 -5.8224
Car -1 -1 -4.6235 197.5618 186.2692 223.8545 205.0682 1.4996 1.6475 4.0377 -34.7637 2.7084 62.8483 -5.1272 -5.8722
Car -1 -1 -4.7474 454.1925 180.5729 482.8208 205.9978 1.4965 1.6426 4.0425 -9.0769 2.0106 45.9329 -4.9418 -5.8741
Car -1 -1 -4.2731 481.1325 176.2482 550.2938 209.9382 1.4438 1.6220 4.0337 -4.3426 1.6114 33.5264 -4.4013 -5.8867
Car -1 -1 -4.5315 0.0000 184.8514 0.0000 210.5832 1.5302 1.6526 4.0128 -41.6072 2.3480 47.0554 -5.2528 -5.8867
Car -1 -1 -4.0753 345.6506 181.6376 392.6729 200.9456 1.4658 1.6476 3.8808 -19.5975 2.2068 58.7892 -4.3960 -5.8867
Car -1 -1 -4.5504 0.0000 185.4126 26.4638 211.2028 1.6098 1.6929 4.1473 -41.4591 2.5082 49.4129 -5.2460 -5.8867
Car -1 -1 -4.6630 115.3660 183.0763 141.1930 202.0909 1.5255 1.6546 4.0138 -41.6092 2.4389 62.3452 -5.2498 -5.8867
Car -1 -1 -4.6832 134.5575 183.7419 158.0399 202.0948 1.5279 1.6515 4.0079 -41.6034 2.5371 64.7557 -5.2525 -5.8867
Car -1 -1 -4.6579 94.9502 185.8862 122.7600 206.6929 1.5883 1.6743 4.0279 -41.6099 2.7094 59.9319 -5.2629 -5.8867
Car -1 -1 -4.6080 44.4447 184.0213 78.8470 206.0523 1.5386 1.6607 4.0133 -41.5596 2.4184 54.7146 -5.2554 -5.8867
Car -1 -1 -5.0280 657.3826 173.0317 710.7433 203.1658 1.4870 1.6225 3.9234 3.7684 1.4965 37.7208 -4.9297 -5.8967
Car -1 -1 -4.6594 443.5900 180.4344 482.4636 211.5699 1.4320 1.6983 4.3690 -7.4298 1.8400 36.5821 -4.8588 -5.9827
Car -1 -1 -4.2647 1055.0720 153.5925 1115.2043 176.7014 1.4694 1.7725 3.9951 31.3705 0.2443 47.6716 -3.6855 -5.9904
Car -1 -1 -7.2064 1241.0000 172.1658 1241.0000 292.1779 1.3920 1.5624 4.1748 10.8964 1.3837 9.3042 -6.3581 -6.0657
Car -1 -1 -7.0973 1219.7015 166.2209 1241.0000 280.2750 1.5969 1.6453 4.1393 11.9470 1.5038 10.9294 -6.2812 -6.2380
Car -1 -1 -4.9003 1241.0000 182.3470 1241.0000 374.0000 1.7467 2.0375 4.3381 5.3822 1.8341 4.3366 -4.0416 -7.3113
Car -1 -1 -6.0989 432.2959 170.4582 509.4536 198.2085 1.9456 1.7910 5.1668 -9.9115 1.7773 51.4962 -6.2884 -7.4864
