Car -1 -1 -3.4653 1004.7491 167.7110 1130.0409 201.9071 1.4650 1.6410 4.4317 20.2704 1.2444 32.2230 -2.9081 3.3906
Car -1 -1 -4.5949 558.3650 177.5902 584.9205 197.9353 1.4989 1.6043 4.0475 -2.9790 1.8811 56.1945 -4.6480 0.4243
Car -1 -1 -4.5569 587.9482 176.8058 608.8466 193.9104 1.5768 1.4874 3.4661 -1.1089 1.9654 69.1768 -4.5733 -0.5227
Car -1 -1 -4.7567 580.4582 176.8423 601.7783 195.5880 1.5551 1.6652 4.2850 -1.7027 1.9151 62.9873 -4.7840 -1.4857
Car -1 -1 -4.5737 536.4422 179.9939 559.8367 197.9758 1.4904 1.5587 3.5913 -5.4046 2.1326 63.0941 -4.6592 -1.8656
Car -1 -1 -5.1720 138.5688 179.8182 190.1115 203.0460 1.5456 1.5668 3.7864 -31.3463 2.0505 50.6804 -5.7238 -2.1333
Car -1 -1 -4.6517 552.6381 176.0849 571.9669 192.0344 1.4880 1.6423 3.8866 -4.6241 1.8101 70.0521 -4.7177 -2.4270
Car -1 -1 -5.3939 490.2111 178.7312 536.2911 199.5406 1.5543 1.6187 3.7088 -7.6658 2.0318 56.8033 -5.5278 -2.7908
Car -1 -1 -7.8830 368.5752 179.2578 388.9639 203.9904 2.2666 1.7490 4.2659 -22.3549 2.9046 69.6198 -8.1930 -3.4666
Car -1 -1 -4.9742 372.1101 186.2484 400.4431 203.6296 1.4601 1.5369 3.7851 -20.4237 2.7172 65.7225 -5.2747 -4.0275
Car -1 -1 -4.4352 509.9845 179.2441 549.3885 204.2113 1.5943 1.6385 4.0159 -5.4662 2.0491 49.2723 -4.5456 -4.1826
Car -1 -1 -4.9190 581.1418 177.3163 611.8806 196.5511 1.5024 1.7321 4.0627 -1.1769 1.8837 59.5403 -4.9391 -4.3824
Car -1 -1 -4.3854 544.6715 177.4056 580.6915 200.3923 1.5860 1.5839 3.4629 -3.4303 1.9282 52.4051 -4.4509 -4.4575
Car -1 -1 -4.2750 790.8126 169.1429 836.6559 192.7495 1.5680 1.6074 3.7780 14.0821 1.3212 49.8830 -4.0017 -4.5444
Car -1 -1 -3.2121 574.2003 176.9172 632.6054 201.3392 1.4699 1.6141 3.5090 -0.4703 1.7266 44.6901 -3.2231 -4.6213
Car -1 -1 -3.5665 976.1119 164.4745 1051.7096 193.0661 1.5598 1.5256 3.3484 22.4515 1.1023 40.2577 -3.0611 -4.6873
Car -1 -1 -4.8619 742.6790 171.1489 776.5407 197.1237 1.7159 1.6757 4.1339 10.2390 1.6030 49.7723 -4.6605 -4.6968
Car -1 -1 -4.4137 0.0000 175.4964 66.4734 241.9719 1.5566 1.6912 4.2766 -16.3351 1.6357 19.3773 -5.1074 -4.7647
Car -1 -1 -4.3190 187.1243 179.9584 233.3501 202.3419 1.4423 1.6207 3.2939 -27.2989 1.9445 49.3141 -4.8225 -5.1502
Car -1 -1 -7.4063 1108.9875 147.2120 1166.6807 173.1213 1.6467 1.7303 3.4885 34.6795 0.0167 47.4479 -6.7780 -5.3498
Car -1 -1 -4.3773 352.9472 184.9461 402.3074 212.4962 1.6305 1.7473 4.2167 -15.0028 2.4485 46.7020 -4.6869 -5.3848
Car -1 -1 -4.7589 1061.0642 150.2402 1098.7502 175.3026 1.5823 1.8854 4.0770 31.0321 0.1543 47.7897 -4.1858 -5.3906
Car -1 -1 -7.5790 299.1956 178.8727 371.9097 221.0847 1.4453 1.6033 3.6947 -10.2789 1.6874 27.1569 -7.9380 -5.4951
Car -1 -1 -6.0875 619.4292 174.5577 681.6457 200.5670 1.5479 1.5523 3.5812 2.4666 1.6550 44.2932 -6.0327 -5.5197
Car -1 -1 -3.2092 772.0599 170.1241 833.3582 193.7478 1.6565 1.6539 4.1435 13.7528 1.4648 51.7987 -2.9514 -5.5362
Car -1 -1 -3.5414 1092.2390 154.3187 1179.4460 179.0672 1.4902 1.6688 4.0346 32.4720 0.3738 44.7093 -2.9163 -5.5540
Car -1 -1 -8.3337 728.7701 170.1084 765.5769 189.8081 1.6766 1.6494 3.6999 11.9939 1.4426 63.4170 -8.1480 -5.6202
Car -1 -1 -2.7279 340.3105 179.4769 414.5456 203.8133 1.6300 1.6987 4.6025 -16.1164 2.0986 49.9988 -3.0385 -5.6333
Car -1 -1 -4.7775 664.3732 175.6447 690.4815 195.2108 1.3083 1.5584 4.1175 4.6896 1.5130 50.9182 -4.6866 -5.6349
Car -1 -1 -4.5430 552.9000 177.7040 580.1289 194.3354 1.3640 1.6485 4.4029 -3.7680 1.8010 62.7833 -4.6031 -5.6655
Car -1 -1 -4.9780 602.4921 177.6771 633.2980 194.8496 1.3515 1.5509 4.0540 0.5951 1.7678 60.1573 -4.9686 -5.6702
Car -1 -1 -3.2776 738.6796 167.7983 798.5630 187.8191 1.7666 1.8512 5.0434 14.1739 1.3202 64.7886 -3.0634 -5.6758
Car -1 -1 -4.5931 586.4149 176.6560 615.1075 197.4571 1.4067 1.5995 3.9085 -0.6540 1.6888 51.5630 -4.6061 -5.8125
Car -1 -1 -5.1839 449.5785 179.6205 510.0168 209.7704 1.5182 1.6179 3.9514 -7.1787 1.9059 39.3196 -5.3637 -5.8188
Car -1 -1 -4.9327 479.9135 178.0670 518.5983 203.5203 1.5102 1.6096 3.8872 -7.1006 1.8558 45.7750 -5.0861 -5.8230
Car -1 -1 -4.3485 316.6459 181.6175 378.6091 211.2428 1.4006 1.6431 4.1541 -13.5656 1.8805 37.4414 -4.6942 -5.8360
Car -1 -1 -4.8172 684.1829 174.5551 712.2239 194.6115 1.3595 1.5644 3.9030 6.1905 1.4846 51.2056 -4.6979 -5.8867
Car -1 -1 -4.7050 1241.0000 151.1471 1241.0000 178.5666 1.5730 1.7413 4.1938 41.3807 0.3274 43.5098 -3.9481 -5.8867
Car -1 -1 -4.1404 293.9999 180.2136 374.3142 214.0401 1.4302 1.6246 3.8953 -12.7461 1.7926 33.4842 -4.5019 -5.8867
Car -1 -1 -7.1149 1229.1315 173.7233 1241.0000 297.8270 1.4564 1.6053 4.2282 10.7373 1.4683 9.3012 -6.2739 -6.1254
Car -1 -1 -7.1677 1227.4232 168.0908 1241.0000 278.4594 1.5138 1.6213 4.1789 11.9354 1.4481 10.8409 -6.3481 -6.1263
Car -1 -1 -7.4946 1241.0000 172.2659 1241.0000 374.0000 1.4283 1.5695 4.1806 8.6350 1.4239 6.4563 -6.5878 -6.1264
Car -1 -1 -5.6722 0.0000 196.1286 0.0000 374.0000 1.5903 1.7114 3.8826 -7.5003 1.8049 5.2293 -6.6097 -6.4274
Car -1 -1 -4.9442 1241.0000 174.3711 1241.0000 374.0000 1.6144 1.9316 4.3358 5.4493 1.6281 4.3558 -4.0809 -6.9909
