Car -1 -1 -3.4421 980.8981 168.1181 1106.6986 203.3513 1.5194 1.7305 4.5411 19.3669 1.3149 32.4815 -2.9087 4.8506
Car -1 -1 -4.5231 557.8474 178.0328 587.3723 198.1608 1.4806 1.5843 3.9493 -2.9025 1.8985 56.2032 -4.5749 0.2327
Car -1 -1 -4.7231 538.8563 180.7395 558.2375 198.1146 1.4250 1.6382 4.1539 -5.4363 2.1396 63.2685 -4.8089 -1.9383
Car -1 -1 -4.6124 582.6437 177.4244 605.9998 195.6167 1.5018 1.6368 4.0376 -1.3544 1.9118 62.6854 -4.6343 -2.0231
Car -1 -1 -3.5888 0.0000 185.0840 60.4604 222.6358 1.6263 1.6944 4.3309 -29.6609 2.2600 35.0827 -4.2871 -2.5696
Car -1 -1 -4.8014 549.6413 176.4233 570.1536 192.5984 1.5039 1.6396 3.9276 -4.9106 1.8605 70.0696 -4.8715 -2.6278
Car -1 -1 -4.4790 586.4509 176.2834 611.2935 194.5067 1.6781 1.5562 3.7663 -1.0584 2.0163 69.2046 -4.4946 -3.1161
Car -1 -1 -4.7600 511.7601 179.1346 534.9329 198.7340 1.4582 1.6251 4.1264 -6.9323 1.9750 57.2424 -4.8803 -3.1652
Car -1 -1 -4.8410 565.7137 178.3496 590.8087 196.2376 1.4677 1.6717 3.9842 -2.8093 1.9603 62.6031 -4.8861 -3.2977
Car -1 -1 -4.6774 804.7050 167.8950 831.2085 192.5404 1.6209 1.6214 4.0063 14.2972 1.2945 49.6113 -4.3987 -3.3310
Car -1 -1 -6.5046 1094.7771 161.6714 1191.0280 191.4640 1.5853 1.6896 4.0094 29.3756 0.9900 39.9670 -5.8744 -3.6221
Car -1 -1 -5.5028 208.5064 185.9415 270.5052 209.5296 1.5615 1.6305 3.8353 -26.0203 2.5042 50.6301 -5.9756 -3.8633
Car -1 -1 -7.8419 300.7189 182.2714 335.7808 215.2294 1.6028 1.6452 3.5644 -15.4393 2.1263 38.1692 -8.2242 -4.0104
Car -1 -1 -4.9305 374.0714 186.5127 400.2464 203.8794 1.4608 1.5193 3.6767 -20.3567 2.7429 65.7700 -5.2298 -4.0347
Car -1 -1 -4.3714 60.1242 189.1970 126.4832 221.5370 1.4933 1.6139 3.7883 -26.7452 2.3870 37.4245 -4.9887 -4.2140
Car -1 -1 -4.6416 333.9245 189.1865 355.3402 206.9434 1.5526 1.6556 3.7448 -25.3113 3.1567 68.8488 -4.9930 -4.3417
Car -1 -1 -3.8484 0.0000 187.7168 82.7811 223.5450 1.5133 1.6080 3.8426 -27.4565 2.2597 34.2077 -4.5211 -4.3668
Car -1 -1 -5.5191 262.3634 187.0233 312.4410 205.6675 1.6502 1.7149 4.3025 -30.2993 3.0100 67.7285 -5.9386 -4.4372
Car -1 -1 -4.3086 539.9222 177.1159 582.9166 199.4667 1.5477 1.7336 3.9558 -3.5471 1.8729 52.9392 -4.3755 -4.4808
Car -1 -1 -4.0308 241.5756 187.1898 294.8267 210.1604 1.5782 1.5936 3.7602 -25.5990 2.6929 54.1054 -4.4711 -4.5242
Car -1 -1 -4.5146 616.6854 175.0657 649.9955 197.8500 1.5283 1.6093 3.9426 1.6558 1.6905 50.9090 -4.4827 -4.6721
Car -1 -1 -3.9507 311.2304 185.3600 370.7725 211.3932 1.5948 1.5242 3.8011 -17.9479 2.4656 48.2140 -4.3056 -4.8818
Car -1 -1 -7.8865 365.9950 179.0693 385.4640 201.4462 2.0559 1.6586 3.9456 -22.6445 2.6737 69.6176 -8.2002 -5.0418
Car -1 -1 -5.0693 648.7101 174.7580 694.0186 195.2070 1.3589 1.6848 4.5469 4.2289 1.4990 50.8138 -4.9871 -5.0430
Car -1 -1 -5.0617 0.0000 188.9881 66.4844 221.9254 1.5788 1.6259 3.9837 -30.5391 2.4673 38.0144 -5.7352 -5.1063
Car -1 -1 -3.1242 577.0837 176.4107 630.1736 200.5081 1.4557 1.5544 3.2254 -0.4170 1.6792 44.6094 -3.1339 -5.2389
Car -1 -1 -4.9676 1063.2787 150.0974 1113.1625 174.9297 1.5722 1.8194 3.8757 31.5806 0.1311 47.8094 -4.3866 -5.3684
Car -1 -1 -5.1809 515.2176 177.4979 561.2673 200.5782 1.6364 1.7140 4.2395 -5.4724 2.0001 54.3095 -5.2813 -5.4443
Car -1 -1 -4.9327 461.4290 180.0182 500.5281 205.1505 1.4898 1.6386 3.9124 -8.3179 1.9683 46.1018 -5.1106 -5.6433
Car -1 -1 -4.6016 85.4771 187.7497 117.9873 210.8309 1.7334 1.7323 4.1178 -41.7318 3.0027 59.2767 -5.2131 -5.7685
Car -1 -1 -4.4989 0.0000 185.1592 0.0000 212.5722 1.5261 1.6535 4.0131 -41.6081 2.3170 44.2437 -5.2507 -5.8867
Car -1 -1 -4.9120 518.0264 178.6140 543.8746 195.2994 1.4783 1.6177 4.1339 -7.4657 2.0359 67.6723 -5.0218 -5.8867
Car -1 -1 -4.5793 11.4978 185.3592 50.4883 209.0101 1.5557 1.6607 4.0144 -41.6047 2.4918 51.8807 -5.2529 -5.8867
Car -1 -1 -4.8104 679.2336 174.6436 707.1589 194.9179 1.3626 1.5677 3.9038 5.7885 1.4931 50.8019 -4.6979 -5.8867
Car -1 -1 -4.6837 137.5494 183.7852 160.8361 202.0020 1.5260 1.6531 4.0099 -41.6031 2.5454 65.1618 -5.2502 -5.8867
Car -1 -1 -4.6060 44.1427 184.7360 78.6346 206.9116 1.5449 1.6586 4.0072 -41.5752 2.4808 54.7096 -5.2537 -5.8867
Car -1 -1 -4.7998 1241.0000 154.8307 1241.0000 180.5863 1.4902 1.7406 4.1467 41.3930 0.4471 43.9175 -4.0473 -5.8867
Car -1 -1 -4.6241 197.1709 186.0386 223.4394 205.6067 1.5640 1.6442 4.0563 -34.7741 2.7513 62.8038 -5.1282 -5.9202
Car -1 -1 -4.4635 727.2581 169.5989 764.5048 196.0920 1.8515 1.6515 4.3950 9.9498 1.6237 52.7672 -4.2785 -6.0531
Car -1 -1 -4.4200 95.0735 184.6058 156.2324 217.2849 1.5381 1.5936 3.8260 -25.1282 2.1822 37.5055 -5.0072 -6.1093
Car -1 -1 -7.0629 1231.1776 172.9375 1241.0000 289.5652 1.4312 1.5510 4.0909 11.0952 1.4321 9.7426 -6.2279 -6.1267
Car -1 -1 -7.3751 1241.0000 167.2329 1241.0000 356.5834 1.4780 1.6437 4.3016 8.8492 1.4338 6.8691 -6.4853 -6.1810
Car -1 -1 -4.7899 587.5197 175.2155 615.9701 197.8712 1.5030 1.6646 4.1341 -0.6476 1.6748 50.4470 -4.8031 -6.2438
Car -1 -1 -7.8341 1237.6179 156.1122 1241.0000 182.8550 1.6108 1.9135 4.4856 41.1294 0.6021 45.7549 -7.1052 -6.5564
Car -1 -1 -4.7239 407.1696 182.6750 426.8210 201.1773 1.5611 1.6654 3.8012 -17.4602 2.4750 65.1127 -4.9853 -6.6989
Car -1 -1 -4.9487 1241.0000 177.8138 1241.0000 374.0000 1.5437 1.8695 4.3011 5.4455 1.5894 4.4008 -4.0905 -6.7685
