Car -1 -1 -7.9742 580.8312 175.9024 683.7872 266.7617 1.6231 1.6428 3.8232 0.2814 1.6946 15.0086 -7.9569 6.9143
Car -1 -1 -7.9373 550.2134 183.7803 600.7394 225.0349 1.3615 1.5469 3.8768 -1.3969 1.7994 26.9100 -7.9894 2.8580
Car -1 -1 -4.2452 140.0526 182.1781 201.6921 209.1694 1.4281 1.5377 3.6350 -25.1168 1.9862 41.3404 -4.7885 2.7025
Car -1 -1 -4.3854 209.7380 178.7050 258.4121 203.0909 1.5858 1.7210 4.2599 -26.1248 2.0109 50.2273 -4.8630 2.2056
Car -1 -1 -4.2720 1146.7463 151.2646 1221.4220 185.2587 1.8215 1.7290 4.0219 32.0596 0.6644 40.3333 -3.6040 -3.0302
Car -1 -1 -7.1005 272.0987 181.1418 341.2089 209.2245 1.5656 1.6646 3.8424 -18.2732 2.0896 43.5516 -7.4959 -3.3228
Car -1 -1 -7.9249 565.5602 168.5538 587.4957 188.9278 1.8031 1.7071 4.1818 -3.1151 1.4222 66.0315 -7.9722 -3.5985
Car -1 -1 -6.2229 666.2025 158.3487 759.9391 195.3115 1.6516 1.6913 4.2065 4.7637 1.0031 33.4860 -6.0832 -3.8101
Car -1 -1 -7.3046 154.4988 181.5183 229.8289 214.0791 1.4815 1.6389 3.4547 -20.5157 1.9286 35.5111 -7.8254 -4.1872
Car -1 -1 -7.9268 137.3441 182.0229 181.8644 214.9672 1.4989 1.6309 3.4087 -22.3652 1.9761 35.7202 -8.4831 -4.1917
Car -1 -1 -4.9863 403.3782 178.5645 433.4516 194.9676 1.5269 1.7837 4.2224 -18.9039 2.1066 71.0170 -5.2458 -4.2097
Car -1 -1 -4.3348 191.0207 168.3553 229.9004 191.2410 2.0929 1.8524 4.0274 -37.6722 1.6812 68.0987 -4.8387 -4.2643
Car -1 -1 -8.4365 1020.4097 138.8671 1100.4365 173.8171 1.8480 1.7201 4.2494 25.0041 0.0506 40.3008 -7.8844 -4.2651
Car -1 -1 -8.3861 963.2481 138.7223 1043.5220 175.7521 1.9460 2.0061 4.2761 21.7052 0.1520 40.0942 -7.8929 -4.3062
Car -1 -1 -4.1954 119.6917 174.4715 176.2621 199.3685 1.7279 1.7650 3.8740 -33.4501 1.8493 52.3127 -4.7622 -4.3668
Car -1 -1 -4.2054 428.6275 179.8657 460.6052 197.0681 1.6159 1.5978 3.4579 -16.3056 2.3258 71.1958 -4.4300 -4.3991
Car -1 -1 -7.5462 182.0414 180.3799 241.9348 213.7532 1.4844 1.5038 3.6045 -19.1957 1.8678 34.8688 -8.0465 -4.4735
Car -1 -1 -5.3012 532.7643 181.4992 591.0887 206.6534 1.4276 1.6234 4.0168 -3.0421 1.9851 44.4690 -5.3696 -4.5149
Car -1 -1 -4.8825 247.1369 178.2284 286.3651 201.6232 1.5360 1.7684 4.4341 -24.2153 1.9311 50.7625 -5.3258 -4.5328
Car -1 -1 -3.7856 66.8979 180.8496 171.2048 210.3195 1.4748 1.8012 4.6093 -27.0667 1.9443 39.9238 -4.3784 -4.5598
Car -1 -1 -5.2684 1179.1978 157.6964 1241.0000 182.0527 1.4863 1.4909 3.4551 38.0667 0.5610 45.8409 -4.5786 -4.5825
Car -1 -1 -4.4820 70.7021 179.7204 137.1802 216.3851 1.5304 1.6538 3.7725 -23.0546 1.8632 32.9464 -5.0889 -4.5876
Car -1 -1 -4.6100 193.3345 181.9948 228.7146 207.6501 1.4646 1.5344 3.7482 -24.6800 2.0558 44.6598 -5.1126 -4.6060
Car -1 -1 -4.3250 446.9160 179.9283 472.6324 195.6439 1.4938 1.4466 3.0796 -14.9244 2.2128 71.7124 -4.5298 -4.6237
Car -1 -1 -7.3772 172.9311 173.1739 218.0688 196.2956 1.8562 1.7247 3.7308 -34.3643 1.8833 59.8782 -7.8964 -4.8091
Car -1 -1 -7.5374 229.9543 183.1979 285.0781 210.9253 1.4204 1.5849 4.1102 -19.8407 2.0344 40.7053 -7.9887 -4.8277
Car -1 -1 -6.3577 391.5666 175.0661 450.2396 197.3240 1.6129 1.7395 4.1360 -14.2078 1.7830 54.0782 -6.6138 -5.0638
Car -1 -1 -4.4929 487.6537 181.7531 528.3914 205.7015 1.4151 1.6457 4.6257 -6.5803 2.0208 46.7680 -4.6324 -5.1907
Car -1 -1 -5.9202 0.0000 174.7412 0.0000 311.3733 1.4967 1.6888 4.1230 -11.4744 1.5262 9.6722 -6.7769 -5.2793
Car -1 -1 -4.7319 231.5336 181.9979 268.9053 213.6424 1.4301 1.5800 3.4700 -17.8244 1.9052 35.6118 -5.1932 -5.2928
Car -1 -1 -4.9641 497.8459 177.2165 525.6973 193.2403 1.4391 1.6160 4.1828 -9.3451 1.8651 68.2630 -5.1000 -5.3813
Car -1 -1 -4.0955 0.0000 187.1605 17.4315 232.8784 1.4266 1.5216 3.7057 -23.2369 1.9730 25.6482 -4.8265 -5.4105
Car -1 -1 -4.6984 564.6330 177.8108 600.3488 208.2412 1.3569 1.6248 3.9560 -1.3429 1.6096 34.8223 -4.7372 -5.5018
Car -1 -1 -5.1055 1215.3822 149.9235 1241.0000 176.7707 1.5158 1.6358 3.6434 37.6715 0.2208 42.7256 -4.3862 -5.5303
Car -1 -1 -5.9016 256.3914 174.5281 315.3849 194.1214 1.6839 1.6420 4.4110 -28.3182 1.8320 63.0719 -6.3223 -5.5936
Car -1 -1 -4.4669 99.1897 182.3113 182.6303 225.4223 1.3833 1.6616 3.6837 -16.8622 1.7507 26.0444 -5.0370 -5.6379
Car -1 -1 -5.7922 1222.9001 165.4463 1241.0000 209.3076 1.8328 1.6434 4.1406 30.3454 1.5229 32.3747 -5.0440 -5.6711
Car -1 -1 -4.4449 20.0329 181.1728 127.1391 230.5387 1.3508 1.6602 4.0533 -16.7394 1.6371 22.6700 -5.0754 -5.7106
Car -1 -1 -4.8175 552.3565 177.7910 580.9165 200.8130 1.5015 1.5647 3.9326 -3.0733 1.8576 50.0159 -4.8789 -5.7154
Car -1 -1 -4.9326 153.4335 173.8637 185.9150 191.3330 1.5572 1.7104 4.0950 -40.6997 1.6530 66.6247 -5.4793 -5.7228
Car -1 -1 -4.7346 114.8291 172.0124 141.7306 194.1738 1.8174 1.8142 4.3918 -41.1028 1.7481 61.4925 -5.3219 -5.8395
Car -1 -1 -5.3643 970.1630 176.2976 1113.0156 233.1238 1.5631 1.6482 4.0010 13.0374 1.6786 22.1886 -4.8394 -5.8522
Car -1 -1 -4.3704 250.6246 178.1421 312.4659 208.1527 1.3824 1.5758 3.9104 -16.3232 1.6604 35.9594 -4.7940 -5.8867
Car -1 -1 -4.6655 508.0932 178.3994 530.8784 197.5280 1.4116 1.5863 3.9773 -7.0799 1.8610 56.4741 -4.7900 -5.8867
Car -1 -1 -4.7248 515.0532 178.4275 534.1404 195.6977 1.4144 1.5879 3.9558 -7.4452 1.9128 62.4915 -4.8433 -5.8867
Car -1 -1 -7.1463 51.6637 0.0000 1241.0000 374.0000 1.5432 1.5892 3.8038 -1.2979 1.6189 1.0042 -7.9392 -5.8867
Car -1 -1 -4.8622 1241.0000 158.7078 1241.0000 182.8081 1.4105 1.5965 3.9567 41.4832 0.5823 44.3115 -4.1132 -5.9669
Car -1 -1 -4.4024 162.1892 180.1052 205.3942 200.7012 1.4027 1.6524 3.7024 -30.9991 1.9503 52.5288 -4.9336 -6.0113
Car -1 -1 -7.5200 1241.0000 153.1366 1241.0000 360.7928 1.4404 1.5914 4.2171 8.9166 1.3033 6.4072 -6.5940 -6.0129
Car -1 -1 -5.9609 663.4018 152.5288 735.4142 182.9767 1.5331 1.4955 3.4426 4.6347 0.5094 37.7438 -5.8398 -6.0427
Car -1 -1 -7.3542 1241.0000 171.4354 1241.0000 303.7080 1.4655 1.6484 4.2343 10.8087 1.4495 9.2701 -6.5083 -6.0625
Car -1 -1 -4.4563 366.1679 170.8238 406.1727 195.7504 1.6976 1.6521 4.4154 -15.9075 1.5590 51.3806 -4.7553 -6.1354
Car -1 -1 -4.9009 1225.8751 158.5440 1241.0000 181.6799 1.4238 1.7677 4.1598 41.3942 0.5428 46.6430 -4.1783 -6.1565
Car -1 -1 -5.4392 0.0000 179.9063 0.0000 374.0000 1.4481 1.7927 4.0372 -8.1436 1.5184 6.2279 -6.3361 -6.3433
Car -1 -1 -6.3671 819.7992 140.3738 888.4603 173.5444 1.9158 1.7582 3.7316 14.4404 0.0396 42.9676 -6.0448 -6.5818
