Car -1 -1 -7.8493 563.7787 174.5422 618.9114 229.5611 1.6064 1.6210 4.3855 -0.6487 1.6660 23.4135 -7.8775 6.5294
Car -1 -1 -5.6522 0.0000 164.2552 77.2734 189.9037 1.5073 1.6101 3.8011 -34.5083 1.0017 43.2828 -6.3224 0.2750
Car -1 -1 -7.3565 310.2187 170.7912 349.1610 189.0684 1.5643 1.6332 3.7037 -24.7219 1.3875 63.6963 -7.7255 -1.1831
Car -1 -1 -3.0617 844.2859 150.8443 928.6299 181.7058 1.6662 1.7278 4.3190 15.5338 0.4776 40.6616 -2.6992 -2.1120
Car -1 -1 -7.8407 343.5403 173.6662 361.9888 189.9530 1.5257 1.6309 3.5694 -24.8565 1.6061 69.7368 -8.1821 -3.1162
Car -1 -1 -3.1643 995.2722 164.6811 1182.8479 230.5204 1.5517 1.7319 3.9049 12.2328 1.3588 18.7609 -2.5941 -3.4945
Car -1 -1 -7.9173 135.4637 173.2132 173.3479 201.5954 1.5939 1.6494 4.0108 -27.0174 1.6159 42.6836 -8.4789 -3.5334
Car -1 -1 -3.5895 753.1506 182.0367 894.4055 238.5445 1.4244 1.6499 3.2948 5.7145 1.6879 19.6337 -3.3110 -3.6256
Car -1 -1 -8.0222 404.1709 173.4462 446.1545 202.7219 1.4901 1.5682 3.8323 -10.0399 1.5235 38.8796 -8.2736 -4.1948
Car -1 -1 -4.7696 518.0425 176.4838 536.4706 193.1227 1.5492 1.5609 3.7559 -8.0721 1.9112 70.0295 -4.8842 -4.1995
Car -1 -1 -4.1622 345.8015 168.3418 397.5422 191.6368 1.4638 1.5634 3.6025 -15.5911 1.1799 47.2718 -4.4793 -4.3560
Car -1 -1 -8.0055 138.5515 174.6347 197.1441 213.8631 1.5953 1.5824 4.1868 -19.4793 1.6783 31.6456 -8.5537 -4.4321
Car -1 -1 -3.9325 155.9029 171.4518 229.7565 198.1566 1.5177 1.6311 3.7693 -24.8368 1.4377 43.0384 -4.4534 -4.5054
Car -1 -1 -3.4761 502.6392 175.6297 567.9260 202.7775 1.6269 1.6374 3.7265 -4.7010 1.8059 45.0842 -3.5798 -4.5336
Car -1 -1 -7.1367 203.9660 167.0553 256.1351 189.7983 1.6485 1.5965 3.4376 -28.4934 1.2279 54.1567 -7.6191 -4.6077
Car -1 -1 -4.5716 596.0710 176.5209 632.2625 202.5869 1.4186 1.5636 3.9820 0.2522 1.6420 41.9379 -4.5661 -4.6282
Car -1 -1 -3.0245 556.3619 178.3897 633.4409 206.2751 1.4787 1.6389 4.0749 -0.8349 1.7905 39.6722 -3.0460 -4.6728
Car -1 -1 -3.0850 100.3528 171.0219 175.6286 194.3991 1.5458 1.6941 4.2296 -32.3183 1.4244 49.4970 -3.6611 -4.6830
Car -1 -1 -7.8770 97.0227 156.7914 130.9500 186.0976 1.9927 1.8965 4.3319 -35.3751 0.9002 51.3732 -8.4778 -4.7786
Car -1 -1 -6.5715 437.6223 169.9656 480.1035 187.2491 1.5101 1.6345 3.3966 -13.5453 1.2575 64.5697 -6.7776 -4.8089
Car -1 -1 -4.8525 553.8091 178.2747 599.0823 212.4896 1.5257 1.6404 3.9551 -1.7216 1.8036 34.9357 -4.9019 -4.8563
Car -1 -1 -2.2588 164.1974 176.1354 241.2034 205.6873 1.4546 1.5532 3.5597 -21.0281 1.6297 37.1891 -2.7705 -4.8629
Car -1 -1 -1.9944 0.0000 159.5071 52.9800 192.4763 1.5201 1.6454 3.6014 -28.8407 0.9044 34.8026 -2.6827 -4.8842
Car -1 -1 -5.0173 629.6409 170.3181 680.1361 200.9623 1.6971 1.7516 4.2114 2.5259 1.5563 42.2142 -4.9584 -4.9528
Car -1 -1 -8.4296 892.2629 176.5213 984.1729 217.5961 1.5707 1.5955 3.8910 13.4902 1.7333 30.0040 -8.0113 -4.9838
Car -1 -1 -5.1200 430.7183 168.0957 466.8331 187.0166 1.5413 1.5587 3.8789 -13.6392 1.1534 60.8037 -5.3399 -5.0265
Car -1 -1 -4.8194 228.6650 173.9622 273.8689 206.1403 1.4985 1.5954 4.0069 -17.9117 1.5566 35.8663 -5.2799 -5.1331
Car -1 -1 -8.0867 583.6426 177.6988 633.4163 210.2888 1.5498 1.6221 4.2263 -0.1795 1.8145 37.2246 -8.0921 -5.2846
Car -1 -1 -7.5184 215.5666 174.6188 277.9629 206.9540 1.6282 1.6620 4.3077 -19.4835 1.7283 38.8185 -7.9811 -5.4536
Car -1 -1 -7.0225 1241.0000 145.1503 1241.0000 374.0000 1.5025 1.5995 4.0076 6.1023 1.4165 3.5379 -6.0128 -5.4608
Car -1 -1 -2.1224 0.0000 189.6800 6.8933 374.0000 1.5338 1.6609 4.1675 -8.5846 1.7256 7.0901 -2.9841 -5.4676
Car -1 -1 -2.0388 0.0000 158.0852 0.0000 184.4211 1.4328 1.6775 4.3137 -36.8784 0.6290 40.8197 -2.7704 -5.4899
Car -1 -1 -4.2211 533.9681 175.8153 591.7448 207.8309 1.5663 1.5092 3.5468 -2.4427 1.7282 37.5837 -4.2860 -5.5215
Car -1 -1 -2.7168 390.6727 168.0321 450.3961 187.0819 1.6170 1.7277 4.7105 -16.4150 1.2074 62.4933 -2.9728 -5.5319
Car -1 -1 -2.2503 0.0000 191.1381 38.2995 374.0000 1.4067 1.5735 4.1093 -5.9828 1.5316 4.0440 -3.1956 -5.6583
Car -1 -1 -4.9859 616.7540 166.2924 655.2607 193.3107 1.8875 1.7463 4.1307 1.8186 1.4288 52.6195 -4.9519 -5.7327
Car -1 -1 -4.6356 552.4280 175.1717 579.3079 195.8791 1.3660 1.5667 3.9029 -3.0538 1.5327 50.0021 -4.6967 -5.8867
Car -1 -1 -7.0091 0.0000 0.0000 1241.0000 374.0000 1.5405 1.5893 3.8047 -1.7123 1.6111 0.9971 -7.9398 -5.8867
Car -1 -1 -9.2438 0.0000 0.0000 1241.0000 374.0000 1.5258 1.5850 3.7986 4.7191 1.4952 0.9961 -7.9397 -5.8867
Car -1 -1 -4.6740 536.6979 174.6632 561.5500 195.6364 1.4084 1.5946 3.9952 -4.2852 1.5407 50.8366 -4.7580 -5.8867
Car -1 -1 -9.1168 0.0000 0.0000 1241.0000 374.0000 1.5305 1.5861 3.8015 3.1112 1.5261 0.9970 -7.9398 -5.8867
Car -1 -1 -3.8055 0.0000 185.8809 195.3176 374.0000 1.5011 1.6058 3.9595 -3.4728 1.5823 2.5240 -4.6977 -5.8867
Car -1 -1 -5.1844 557.4121 176.5755 617.6931 201.6336 1.4142 1.6882 4.7387 -1.4718 1.6533 43.9395 -5.2181 -5.8916
Car -1 -1 -4.8182 157.2784 169.3111 193.0703 194.9208 1.5763 1.5850 3.7821 -28.0203 1.3579 46.3975 -5.3591 -5.9021
Car -1 -1 -8.3452 853.2823 170.6149 959.3045 218.1840 1.4978 1.5303 4.2421 10.0350 1.4270 24.9133 -7.9668 -5.9095
Car -1 -1 -6.5096 1203.4164 151.3546 1241.0000 201.2897 1.5818 1.5324 3.5064 22.4153 0.9005 24.3816 -5.7723 -5.9595
Car -1 -1 -6.4082 492.9530 176.6841 567.8998 202.0319 1.4163 1.6222 4.1626 -4.6815 1.6456 41.9757 -6.5190 -6.0322
Car -1 -1 -5.6766 0.0000 192.9031 0.0000 349.4215 1.4875 1.7103 3.7565 -9.9940 1.7584 8.4724 -6.5285 -6.1337
Car -1 -1 -3.5450 93.2444 176.6125 228.7872 231.5604 1.5816 1.4991 3.3154 -14.1484 1.7093 22.7982 -4.0954 -6.1973
Car -1 -1 -5.5322 474.8492 168.3294 528.5540 188.5103 1.7251 1.7770 4.7590 -9.6157 1.3380 63.7575 -5.6816 -6.4623
