Car -1 -1 -8.0725 668.7498 181.8337 778.5112 253.6773 1.3905 1.5757 4.1566 2.4142 1.6237 16.6312 -7.9318 7.4376
Car -1 -1 -8.4012 864.8098 173.8671 1241.0000 374.0000 1.5706 1.5760 3.5540 3.3922 1.5808 5.6374 -7.8834 5.4136
Car -1 -1 -3.3377 678.6913 176.0558 744.4838 200.7610 1.4834 1.5799 3.7755 6.1933 1.6843 44.4564 -3.2007 0.0281
Car -1 -1 -8.2280 803.2657 173.9327 840.7312 192.6878 1.4657 1.6057 3.8726 17.1481 1.5560 58.6174 -7.9450 -0.8814
Car -1 -1 -7.0393 905.5811 157.7714 976.9778 181.8548 1.5479 1.7119 4.3112 21.9454 0.5782 47.8818 -6.6120 -2.3465
Car -1 -1 -4.4552 324.4072 180.9128 354.0967 197.9159 1.5213 1.6253 4.2355 -25.8000 2.3142 68.8227 -4.8129 -2.7437
Car -1 -1 -3.9222 80.0707 167.2212 150.0719 198.2437 2.1306 1.8605 3.9735 -35.3957 1.7435 51.6829 -4.5205 -3.3349
Car -1 -1 -4.4456 828.5774 173.7199 862.8983 192.9816 1.4911 1.6134 4.1090 19.0226 1.5633 58.2123 -4.1315 -3.5357
Car -1 -1 -4.2193 2.6049 180.5246 82.7609 211.5627 1.5555 1.6811 4.1198 -30.9005 1.9972 39.4055 -4.8812 -3.6254
Car -1 -1 -6.0255 0.0000 187.1776 48.0193 223.6943 1.4418 1.5886 3.6970 -26.8426 2.0909 31.1961 -6.7319 -3.8790
Car -1 -1 -6.4567 757.0449 154.7133 848.6741 197.9521 2.2313 1.9529 4.4324 10.1494 1.2949 38.3910 -6.2005 -4.0463
Car -1 -1 -4.1467 481.2936 177.4734 517.4357 194.3922 1.4692 1.5813 3.5778 -10.0601 1.9019 65.6810 -4.2984 -4.0829
Car -1 -1 -2.7033 262.9641 180.4249 337.4176 206.7135 1.5215 1.6778 3.7366 -18.5375 1.9837 43.1829 -3.1068 -4.1322
Car -1 -1 -5.0202 531.9102 181.3575 559.0968 197.5088 1.4855 1.6285 3.5872 -6.3378 2.3382 70.4058 -5.1100 -4.1475
Car -1 -1 -4.7104 696.2884 173.8224 726.0526 200.6304 1.4764 1.6342 4.1558 5.8575 1.5355 42.0657 -4.5734 -4.3657
Car -1 -1 -4.9665 677.3596 177.1498 730.5474 211.2928 1.5001 1.5913 3.7332 4.3404 1.7147 34.1456 -4.8418 -4.3878
Car -1 -1 -7.7245 222.6660 182.7844 265.8013 212.8914 1.4243 1.5533 3.3794 -18.8454 1.9616 37.2071 -8.1907 -4.4490
Car -1 -1 -7.1616 235.0855 182.7621 311.4470 213.0224 1.4256 1.6452 3.6020 -17.3301 1.9633 37.2232 -7.5949 -4.5036
Car -1 -1 -9.0763 0.0000 0.0000 1241.0000 374.0000 1.4271 1.5415 3.7905 3.5358 1.3351 1.2827 -7.9248 -4.5261
Car -1 -1 -7.0335 0.0000 183.5459 48.2967 227.7547 1.4402 1.6866 4.2708 -23.5437 1.8696 26.7869 -7.7497 -4.6715
Car -1 -1 -4.9148 464.5750 177.7730 490.2151 195.2667 1.5159 1.5878 3.6607 -12.1104 1.9767 65.6407 -5.0969 -4.7115
Car -1 -1 -7.3025 257.2149 176.8727 296.5667 195.7065 1.6508 1.6604 3.5241 -30.3926 2.0278 65.8824 -7.7334 -4.8343
Car -1 -1 -7.1844 0.0000 184.8196 49.0425 217.1452 1.3317 1.6422 3.8192 -28.0334 1.9122 33.0894 -7.8834 -5.0560
Car -1 -1 -4.4550 298.9308 178.7793 326.3871 195.3586 1.5335 1.5694 3.7155 -28.8595 2.1246 70.0743 -4.8446 -5.1112
Car -1 -1 -4.0479 314.1652 180.3931 359.5483 200.3235 1.6080 1.6140 3.8383 -23.3906 2.2757 61.8565 -4.4083 -5.3362
Car -1 -1 -8.9758 0.0000 0.0000 1241.0000 374.0000 1.4797 1.5357 3.5445 2.3025 1.4486 0.9773 -7.9102 -5.4591
Car -1 -1 -4.5682 546.6155 176.8756 580.2609 200.1207 1.3654 1.5661 3.8060 -2.8971 1.6270 45.0204 -4.6325 -5.5686
Car -1 -1 -4.7012 586.8650 178.3858 613.5338 203.4528 1.4618 1.5841 3.5413 -0.6238 1.8172 44.6315 -4.7156 -5.6342
Car -1 -1 -5.0918 675.1368 176.7034 752.9650 212.2105 1.3662 1.7151 4.4644 4.2708 1.5421 30.6504 -4.9552 -5.7562
Car -1 -1 -4.4889 0.0000 181.7118 39.7604 204.3954 1.4785 1.6977 3.8377 -41.7093 2.1271 50.7625 -5.1743 -5.7761
Car -1 -1 -4.9817 589.1099 176.4056 624.6962 196.5626 1.4087 1.5792 4.1481 -0.3027 1.6822 53.4166 -4.9878 -5.7999
Car -1 -1 -4.8144 557.3139 177.1612 583.5682 196.5401 1.3615 1.5503 3.9365 -3.0054 1.6939 53.6767 -4.8704 -5.8117
Car -1 -1 -4.2117 0.0000 183.2964 0.0000 244.4915 1.4301 1.5953 4.1177 -19.5611 1.7483 19.8098 -4.9841 -5.8579
Car -1 -1 -4.2686 0.0000 181.8808 0.0000 237.4540 1.4586 1.6281 4.1255 -21.5379 1.7596 21.8718 -5.0403 -5.8697
Car -1 -1 -9.2626 0.0000 0.0000 1241.0000 374.0000 1.4855 1.5728 3.7840 5.1320 1.3531 1.0056 -7.9394 -5.8867
Car -1 -1 -4.7248 557.5758 177.0499 576.1868 193.5304 1.3761 1.5751 3.9372 -3.8307 1.7556 63.2968 -4.7854 -5.8867
Car -1 -1 -5.4198 0.0000 120.5167 93.7239 374.0000 1.5377 1.6209 3.9076 -4.4621 1.4326 2.5296 -6.4289 -5.8867
Car -1 -1 -4.6700 578.1183 177.0950 602.0395 197.4164 1.3975 1.5757 3.9180 -1.4450 1.7169 52.4136 -4.6978 -5.8867
Car -1 -1 -4.6613 573.3603 176.3142 593.9270 192.8948 1.3532 1.5625 3.9001 -2.2495 1.6581 61.6676 -4.6980 -5.8867
Car -1 -1 -4.5042 0.0000 184.1368 0.0000 211.1784 1.5256 1.6524 4.0144 -41.6094 2.2570 44.6447 -5.2516 -5.8867
Car -1 -1 -4.5858 25.6933 181.2638 62.7907 202.9929 1.4844 1.6465 4.0178 -41.6117 2.1281 53.1018 -5.2481 -5.8867
Car -1 -1 -4.7323 332.5552 177.0179 364.0200 202.7101 1.3629 1.6071 4.2893 -15.0578 1.6143 41.3095 -5.0801 -5.9410
Car -1 -1 -4.5856 0.0000 185.8997 0.0000 210.6729 1.4575 1.5910 3.8948 -41.5760 2.3382 46.6736 -5.3106 -6.0197
Car -1 -1 -5.9219 0.0000 168.5684 0.0000 374.0000 1.5243 1.7671 3.5127 -7.9547 1.4985 5.9619 -6.8277 -6.0448
Car -1 -1 -5.4327 0.0000 147.4152 122.0003 374.0000 1.5596 1.8992 4.6953 -5.8638 1.4546 4.1013 -6.3622 -6.1046
Car -1 -1 -7.6133 0.0000 20.2247 405.9638 374.0000 1.6111 1.7233 4.2720 -1.8185 1.4608 2.9972 -8.1221 -6.3054
Car -1 -1 -5.7589 0.0000 173.7275 0.0000 357.5501 1.5549 1.7447 3.9085 -9.3054 1.5656 7.5980 -6.6275 -6.4389
Car -1 -1 -4.8292 243.1841 174.9088 267.7369 196.0665 1.7365 1.4532 3.7690 -30.3046 1.9173 61.5829 -5.2850 -6.8988
