Car -1 -1 -8.0844 627.0623 169.9202 787.5785 295.4027 1.6389 1.6327 3.6072 1.2826 1.6003 11.3134 -7.9757 7.7589
Car -1 -1 -7.9693 568.9838 177.7130 633.9374 227.7971 1.4392 1.6044 4.1533 -0.4117 1.6105 23.3183 -7.9875 6.9249
Car -1 -1 -4.7335 175.0234 169.3808 197.4635 186.8807 1.4688 1.6032 3.6987 -36.7804 1.1770 62.5552 -5.2633 -1.2457
Car -1 -1 -4.8242 0.0000 180.9612 26.3818 209.7790 1.4280 1.5752 3.8943 -32.7044 1.8845 38.7432 -5.5220 -1.4715
Car -1 -1 -4.5647 218.8867 176.7186 256.1354 199.4827 1.5369 1.7106 4.6743 -26.8347 1.8287 52.0462 -5.0389 -2.0186
Car -1 -1 -4.3253 262.3118 175.3007 302.1693 194.6124 1.5602 1.6402 4.0794 -27.6260 1.7734 60.8873 -4.7499 -2.4891
Car -1 -1 -7.4552 695.5654 170.9822 776.5115 215.2392 1.5313 1.6111 3.8871 4.7445 1.4663 27.0365 -7.2839 -3.0854
Car -1 -1 -7.8569 613.9211 167.4503 637.5929 189.5510 1.6022 1.7162 4.0535 1.1482 1.2102 54.3513 -7.8362 -3.2376
Car -1 -1 -3.1131 421.7864 180.2201 483.1852 199.5376 1.4351 1.6192 4.5711 -12.1564 2.0163 55.7485 -3.3271 -3.3985
Car -1 -1 -7.3931 35.1758 173.5768 94.9250 198.8224 1.5285 1.6269 3.4937 -34.4404 1.5758 45.6575 -8.0367 -3.4621
Car -1 -1 -7.5771 1190.3755 166.5959 1241.0000 206.6199 1.5360 1.6338 4.0591 25.4659 1.2956 29.4954 -6.8701 -3.5266
Car -1 -1 -4.2297 469.5875 174.8393 502.0297 191.9668 1.5435 1.6176 3.3377 -11.5725 1.7334 67.2872 -4.3996 -3.5340
Car -1 -1 -8.2024 1124.6925 168.2471 1210.3280 206.7424 1.5296 1.6001 3.9866 23.6358 1.3462 30.8104 -7.5529 -3.7557
Car -1 -1 -6.0780 352.7427 178.1354 408.1194 199.2016 1.5675 1.6114 3.7871 -17.5473 1.9784 55.1816 -6.3848 -3.8901
Car -1 -1 -4.6723 0.0000 179.1801 39.6081 215.1637 1.5447 1.6261 3.9894 -27.8470 1.8589 33.7889 -5.3578 -4.0562
Car -1 -1 -7.0355 10.1274 174.9031 127.1687 212.6059 1.6331 1.7269 4.3820 -25.2503 1.7354 33.8155 -7.6732 -4.0854
Car -1 -1 -8.1566 895.6021 171.9097 935.3713 193.6088 1.4483 1.5365 3.5494 21.0861 1.3850 49.9983 -7.7599 -4.1038
Car -1 -1 -4.7442 250.4831 175.7921 273.9242 195.0582 1.5388 1.6431 4.0865 -29.2054 1.7937 60.4889 -5.1925 -4.1858
Car -1 -1 -5.1022 1097.5187 167.5368 1180.9796 208.5305 1.5947 1.5601 3.4909 21.8139 1.3875 29.9474 -4.4776 -4.6687
Car -1 -1 -4.6712 896.1407 182.4682 924.4998 206.5931 1.3712 1.4790 3.6949 18.5475 1.9914 44.5809 -4.2797 -4.7769
Car -1 -1 -4.2975 643.1913 178.5370 739.9851 230.9862 1.4524 1.5724 3.8790 2.5819 1.6457 22.5015 -4.1855 -4.8315
Car -1 -1 -5.1932 532.1976 177.0741 578.9260 200.4345 1.5806 1.6241 4.1034 -3.9794 1.8959 51.7764 -5.2700 -4.8740
Car -1 -1 -4.2536 410.1971 174.1134 458.0450 197.8278 1.5406 1.5608 3.9960 -11.9713 1.6300 49.2219 -4.4912 -4.9242
Car -1 -1 -4.8083 527.0311 180.6597 551.2507 200.7088 1.4276 1.5154 3.1851 -5.3969 2.0345 54.4184 -4.9071 -5.0525
Car -1 -1 -5.7344 293.1461 178.1533 346.5162 197.8475 1.6630 1.7405 3.9854 -25.2427 2.1324 62.7580 -6.1156 -5.1353
Car -1 -1 -7.9764 899.7957 161.8979 932.4687 185.7351 1.7727 1.7988 4.3661 23.6803 0.9576 56.0044 -7.5784 -5.2470
Car -1 -1 -4.7310 481.9524 175.1629 498.8878 191.3695 1.5317 1.5672 3.4609 -11.7316 1.7631 70.5624 -4.8954 -5.2632
Car -1 -1 -4.3767 220.1572 182.1101 270.1373 208.5242 1.3957 1.5112 3.3704 -20.7753 1.9457 41.1334 -4.8421 -5.5084
Car -1 -1 -6.5386 912.0892 173.8942 989.5997 201.7266 1.6113 1.7794 3.8555 20.2514 1.6749 43.0854 -6.1022 -5.5122
Car -1 -1 -7.6393 579.9088 162.1793 609.8833 182.9731 1.7623 1.8107 4.0471 -1.3112 0.8573 63.3104 -7.6601 -5.6366
Car -1 -1 -4.9444 946.7064 173.4659 1010.3484 207.1933 1.3920 1.5930 4.0705 16.2172 1.4207 32.0218 -4.4796 -5.6818
Car -1 -1 -4.2594 0.0000 183.9251 4.3218 236.7890 1.3691 1.6688 4.6118 -20.8319 1.7464 22.1610 -5.0080 -5.7532
Car -1 -1 -4.6714 655.2850 176.0771 726.9746 233.6732 1.3327 1.6878 4.4175 2.1974 1.4288 19.2654 -4.5602 -5.8312
Car -1 -1 -4.6143 1153.0112 160.4156 1188.4110 180.6423 1.4188 1.6542 4.1560 40.9396 0.5460 52.6909 -3.9565 -5.8550
Car -1 -1 -4.7814 982.6335 172.8135 1037.6084 211.2772 1.4173 1.6116 3.9612 15.8019 1.4155 28.7227 -4.2831 -5.8867
Car -1 -1 -4.5526 0.0000 178.3095 0.0000 203.5400 1.4835 1.6511 4.0190 -41.5155 1.8432 45.4827 -5.2897 -5.8867
Car -1 -1 -4.2976 0.0000 181.9597 0.0000 231.8333 1.4365 1.6466 4.2289 -23.1345 1.7662 23.8794 -5.0616 -5.9179
Car -1 -1 -4.7711 402.9218 171.5684 427.5314 195.0462 1.5419 1.4231 3.3807 -13.3410 1.4572 49.2156 -5.0347 -6.1365
Car -1 -1 -5.5248 0.0000 173.0686 0.0000 374.0000 1.4262 1.7240 3.6157 -8.1436 1.4280 6.0712 -6.4337 -6.3214
