Car -1 -1 -8.2233 767.4383 187.2931 1047.2037 345.0025 1.3979 1.6163 4.1353 3.2045 1.6171 8.8734 -7.8885 7.6014
Car -1 -1 -4.2242 206.0833 178.5995 266.4690 206.9377 1.4686 1.5228 3.4296 -20.5899 1.7991 39.8170 -4.6989 5.1743
Car -1 -1 -4.2239 157.1413 179.5755 230.1545 211.0334 1.4387 1.6125 3.5976 -20.4908 1.7870 35.6002 -4.7431 4.9224
Car -1 -1 -7.9405 343.4395 177.4982 364.0610 193.8412 1.5288 1.5896 3.6945 -25.1286 1.9961 70.6482 -8.2813 -0.8670
Car -1 -1 -4.9555 642.1893 173.2688 668.5688 190.9027 1.6490 1.6443 3.8974 4.3276 1.6899 69.6365 -4.8941 -1.7707
Car -1 -1 -4.7642 1111.1854 171.4323 1149.6115 198.8056 1.5211 1.5853 4.2762 30.4299 1.4418 42.3240 -4.1444 -2.2628
Car -1 -1 -4.8832 702.7582 170.5741 732.2576 192.8629 1.5959 1.5644 3.5957 7.9027 1.4324 53.4808 -4.7376 -2.2725
Car -1 -1 -4.5470 523.6948 175.1910 562.7793 203.4779 1.6019 1.6899 4.0621 -3.9885 1.7486 43.2936 -4.6388 -3.0674
Car -1 -1 -4.8699 264.9529 179.1704 292.3205 197.2011 1.6252 1.7122 4.3774 -31.7070 2.2486 68.9422 -5.2997 -3.1896
Car -1 -1 -3.1794 1127.1582 170.7163 1241.0000 206.7721 1.5184 1.6478 3.9742 25.5009 1.4281 32.2195 -2.5146 -3.2822
Car -1 -1 -7.7456 681.3827 161.6420 705.1734 183.5443 2.0454 1.8346 4.2768 8.0525 0.9980 69.6698 -7.6312 -3.4535
Car -1 -1 -4.1951 81.3329 171.5512 143.1835 199.5426 1.7621 1.6688 3.8175 -32.6429 1.6798 47.3943 -4.7958 -3.6012
Car -1 -1 -4.3000 523.9489 177.7682 555.7849 193.2354 1.4493 1.6403 4.0524 -6.8999 1.9486 71.1736 -4.3967 -3.6803
Car -1 -1 -4.7736 685.5256 174.4381 711.7902 197.0189 1.5674 1.6443 3.9127 6.3677 1.6864 52.3652 -4.6537 -3.8372
Car -1 -1 -7.9603 325.8875 179.6583 362.1581 206.6480 1.4717 1.6250 3.5644 -15.6561 1.8886 42.2887 -8.3132 -3.8604
Car -1 -1 -3.9967 353.0343 176.8482 390.9998 191.8509 1.4111 1.5103 3.6621 -23.3673 1.8143 70.9011 -4.3142 -3.9254
Car -1 -1 -7.9342 824.6809 182.5624 971.1968 294.6948 1.3812 1.7148 4.3939 4.3516 1.5691 11.6393 -7.5856 -3.9372
Car -1 -1 -4.5760 676.3008 176.6578 701.4946 195.5327 1.5458 1.6346 3.9752 6.7935 1.8839 62.0736 -4.4679 -4.0008
Car -1 -1 -5.9286 61.5261 180.2959 166.5126 212.7912 1.4974 1.6066 3.8899 -24.0563 1.8717 35.0692 -6.5265 -4.1104
Car -1 -1 -4.7046 1100.4728 164.5703 1129.8125 185.3653 1.6022 1.8693 4.8570 40.6612 0.9637 58.1141 -4.0966 -4.2006
Car -1 -1 -2.0436 317.3812 175.7470 356.5338 193.5782 1.6623 1.6542 4.5812 -26.5772 1.9518 70.1150 -2.4049 -4.2273
Car -1 -1 -6.3521 949.1124 169.4074 1103.3115 229.0832 1.5867 1.6811 3.7098 11.7460 1.4948 20.7356 -5.8432 -4.3310
Car -1 -1 -4.6652 554.5986 176.2050 584.5161 202.7493 1.5089 1.6197 3.9074 -2.4316 1.7196 43.4715 -4.7212 -4.3418
Car -1 -1 -6.5978 608.4838 178.2821 674.3384 201.5285 1.4905 1.6490 4.0880 2.0561 1.8632 48.2370 -6.5559 -4.5515
Car -1 -1 -4.7425 986.2583 176.3626 1008.2765 195.0515 1.5305 1.5445 3.3768 33.0328 1.8390 61.6435 -4.2529 -4.5548
Car -1 -1 -4.3475 237.2158 177.4614 297.4846 207.7032 1.4769 1.6024 3.7692 -17.8935 1.7301 37.7676 -4.7875 -4.5684
Car -1 -1 -6.7477 757.9480 166.9071 855.8459 205.0155 1.6174 1.6564 3.8296 8.6120 1.3647 31.8214 -6.4861 -4.5864
Car -1 -1 -4.3645 1060.2151 163.1651 1125.8724 194.4014 1.6638 1.7156 4.2677 27.0295 1.1474 40.3915 -3.7783 -4.6307
Car -1 -1 -4.7942 660.4623 177.0019 683.6230 196.3817 1.5505 1.6104 3.9444 5.1493 1.9096 60.5466 -4.7102 -4.6702
Car -1 -1 -4.9423 623.3236 174.7785 649.1143 190.3176 1.4810 1.7377 3.7189 2.5409 1.6760 71.2517 -4.9071 -4.6809
Car -1 -1 -5.6104 1223.7255 154.3711 1241.0000 195.4369 1.5458 1.6363 3.8557 27.3982 0.8498 29.1891 -4.8617 -4.7118
Car -1 -1 -4.7518 261.2323 177.5656 283.8401 197.2463 1.5568 1.5685 3.3376 -28.0119 1.9590 59.8002 -5.1884 -4.7401
Car -1 -1 -4.7332 516.4612 177.6254 533.1008 192.4122 1.3937 1.5506 3.5661 -8.4340 1.8759 71.0891 -4.8512 -4.9319
Car -1 -1 -4.7268 359.0594 176.0893 381.2709 194.8610 1.4010 1.5998 4.0902 -18.9335 1.6652 56.8009 -5.0474 -4.9450
Car -1 -1 -7.8475 217.1624 171.7944 253.2661 201.9083 1.6963 1.8236 4.2360 -22.3127 1.6363 42.9446 -8.3244 -5.2539
Car -1 -1 -5.4184 0.0000 102.7676 465.9860 374.0000 1.5550 1.6137 4.1568 -3.1606 1.2742 4.1777 -6.0363 -5.3273
Car -1 -1 -4.9223 612.6400 175.4470 645.2629 195.1102 1.3865 1.5846 4.1530 1.3367 1.5869 53.6420 -4.8979 -5.5554
Car -1 -1 -4.8334 593.9020 176.2609 624.7811 200.4345 1.5712 1.6274 4.1395 -0.1190 1.8156 49.6604 -4.8363 -5.5576
Car -1 -1 -4.7743 595.0975 179.2406 613.5627 195.9339 1.4822 1.4981 3.5788 -0.5721 2.0940 67.3099 -4.7832 -5.5634
Car -1 -1 -2.3134 0.0000 92.2766 0.0000 374.0000 1.4102 1.6077 4.2239 -5.5690 1.2158 2.9722 -3.3559 -5.6222
Car -1 -1 -4.7316 580.2913 176.3462 603.3300 195.7758 1.3582 1.6136 4.1668 -1.4063 1.6262 53.3176 -4.7583 -5.7274
Car -1 -1 -3.0131 0.0000 167.2887 69.7355 207.6651 1.9896 1.7274 4.2129 -30.7573 1.7151 37.4005 -3.6979 -5.7858
Car -1 -1 -5.2745 464.8940 173.6304 512.8840 193.5914 1.6121 1.8133 4.5947 -10.2624 1.6797 60.7705 -5.4414 -5.8420
Car -1 -1 -4.8371 992.6910 175.5137 1029.3505 199.0363 1.5017 1.6568 4.0337 27.0000 1.6891 48.7378 -4.3341 -5.8617
Car -1 -1 -4.7007 601.1887 175.9433 623.4500 195.6191 1.3698 1.5693 3.9071 0.1602 1.6041 52.8158 -4.6981 -5.8867
Car -1 -1 -2.6770 133.7566 169.5928 208.8711 199.1939 1.9398 1.6776 3.9647 -29.3327 1.7258 48.2768 -3.2207 -6.1119
Car -1 -1 -4.8522 1028.1757 181.1124 1066.1235 206.8893 1.6111 1.6636 3.6782 29.2420 2.1879 48.4069 -4.3120 -6.4161
Car -1 -1 -5.6774 0.0000 148.2268 0.0000 374.0000 1.5316 1.7515 3.9817 -6.6827 1.4351 4.3392 -6.6437 -6.4955
Car -1 -1 -5.1762 455.6950 170.8010 487.0779 189.8672 1.6307 1.4375 3.1774 -12.2231 1.4548 63.4105 -5.3662 -7.0118
Car -1 -1 -6.1378 765.6786 166.5392 850.3641 206.6371 1.7989 1.5576 3.6434 9.2369 1.5153 33.8103 -5.8738 -7.3684
