Car -1 -1 -7.8824 581.3076 177.2753 620.2991 216.5839 1.6613 1.6532 4.5066 -0.5261 1.8791 33.2977 -7.8987 5.5043
Car -1 -1 -4.0965 0.0000 178.3579 107.0519 219.5127 1.5178 1.6573 4.5835 -22.9985 1.7607 29.5563 -4.7535 5.3913
Car -1 -1 -4.1472 96.3553 179.6608 186.6594 212.2567 1.4930 1.8130 4.1815 -23.2974 1.8523 36.0210 -4.7181 5.3700
Car -1 -1 -4.6373 190.3615 179.7662 218.4150 199.2080 1.4734 1.6597 4.3631 -32.9603 2.0574 58.6664 -5.1474 -1.9254
Car -1 -1 -4.0596 112.7660 167.6358 166.7488 192.0202 1.9482 1.8081 3.7817 -38.8030 1.5310 59.6038 -4.6348 -2.2458
Car -1 -1 -7.3169 49.3524 155.8041 132.6561 194.4815 2.1834 1.8381 4.8047 -30.9681 1.2206 43.2021 -7.9360 -2.2530
Car -1 -1 -7.8448 200.8460 167.8151 220.8277 183.7429 1.4394 1.5898 3.5938 -37.1516 0.9838 67.1658 -8.3485 -2.8002
Car -1 -1 -6.8616 936.7518 177.1067 1157.8427 245.5230 1.4862 1.6560 4.1670 9.9693 1.5899 16.7182 -6.3322 -2.9073
Car -1 -1 -7.3235 1133.9227 141.7705 1241.0000 184.9678 1.6197 1.6785 3.7611 22.7921 0.4539 28.5175 -6.6542 -2.9268
Car -1 -1 -4.3057 153.7788 175.2697 216.1908 206.7503 1.6495 1.6134 3.7860 -23.5648 1.7900 40.0865 -4.8344 -3.7197
Car -1 -1 -4.4126 129.6757 170.0539 171.0668 191.6323 1.6848 1.6973 4.0783 -37.2461 1.4659 58.5270 -4.9774 -3.7404
Car -1 -1 -4.7502 210.7731 174.9005 235.4356 194.8947 1.6694 1.7443 4.0694 -33.7690 1.8537 62.8910 -5.2414 -3.9020
Car -1 -1 -4.5876 74.5958 178.7399 137.3622 217.8653 1.4803 1.6278 4.1813 -21.0426 1.7445 30.2001 -5.1922 -4.0881
Car -1 -1 -8.6877 784.0323 187.4818 1021.4067 290.2479 1.4656 1.5656 3.8597 4.9781 1.7700 12.9548 -8.3295 -4.1251
Car -1 -1 -5.0585 507.5421 180.3225 553.0291 205.9908 1.5605 1.7050 3.9888 -5.3026 2.0721 47.2924 -5.1700 -4.2834
Car -1 -1 -4.3117 151.2994 182.2811 215.3091 214.4256 1.4296 1.4601 3.3617 -20.5924 1.9081 34.8845 -4.8418 -4.7407
Car -1 -1 -4.7509 199.3606 181.2151 234.1528 209.2247 1.4061 1.5296 3.7196 -21.5398 1.8854 39.3987 -5.2486 -4.7480
Car -1 -1 -5.2701 534.3970 180.5420 592.4291 207.5365 1.5622 1.7095 4.0940 -2.9963 2.0659 45.1470 -5.3365 -4.8551
Car -1 -1 -4.9320 533.3826 178.1607 561.9412 195.4466 1.3762 1.5929 3.8431 -5.3084 1.8382 60.7884 -5.0191 -5.0752
Car -1 -1 -4.9175 565.3481 180.9697 599.1359 203.5715 1.5708 1.6780 4.3185 -2.1545 2.2048 54.0946 -4.9576 -5.1294
Car -1 -1 -4.5903 210.9874 177.6477 250.0066 203.7674 1.5641 1.6684 4.6285 -24.4608 1.8895 46.5690 -5.0718 -5.1457
Car -1 -1 -4.9264 577.6826 181.4812 621.5555 209.9172 1.5196 1.7580 3.8545 -0.6903 2.0450 41.8953 -4.9433 -5.1996
Car -1 -1 -4.8772 250.9677 177.4060 289.9025 200.6829 1.4139 1.6067 4.3158 -22.1571 1.7238 46.9346 -5.3163 -5.2336
Car -1 -1 -4.9176 573.9773 182.6957 621.9221 214.6599 1.4932 1.7142 3.7613 -0.7117 2.0248 36.9766 -4.9373 -5.2486
Car -1 -1 -4.7898 189.9803 180.4079 236.4053 215.0543 1.4977 1.6406 3.7468 -18.8231 1.8753 34.0864 -5.2912 -5.2566
Car -1 -1 -7.3733 322.7026 177.1894 361.9435 195.5692 1.7359 1.8329 4.3657 -26.4890 2.1789 71.5028 -7.7271 -5.2975
Car -1 -1 -4.1101 248.1444 174.0307 291.9742 192.7104 1.5311 1.5144 3.7453 -28.8824 1.6341 61.3629 -4.5485 -5.3403
Car -1 -1 -3.7377 771.4218 167.8260 844.7551 196.4512 1.6342 1.7783 3.8483 11.6647 1.3469 42.6601 -3.4728 -5.3980
Car -1 -1 -4.8171 361.1334 177.6985 384.5308 194.2515 1.4377 1.6210 4.0593 -21.7827 1.8960 66.1284 -5.1344 -5.4058
Car -1 -1 -4.7507 104.7872 177.5038 173.5204 222.6255 1.3768 1.8188 4.4227 -16.3092 1.5515 24.8270 -5.3271 -5.4271
Car -1 -1 -8.6165 1149.3364 161.6954 1241.0000 228.1125 1.6446 1.6273 3.0653 16.5056 1.3680 19.4500 -7.9206 -5.4449
Car -1 -1 -3.6329 807.0834 174.4435 950.1926 223.2620 1.4157 1.5695 3.8105 8.1078 1.4663 22.0418 -3.2853 -5.4594
Car -1 -1 -4.2987 403.4221 174.6683 444.4707 197.4753 1.6825 1.5791 4.0292 -14.3329 1.8275 55.6808 -4.5498 -5.5064
Car -1 -1 -4.4612 286.0283 177.6476 326.9873 199.1629 1.4024 1.6359 4.1688 -21.0780 1.7500 50.1842 -4.8572 -5.5159
Car -1 -1 -4.4926 0.0000 182.7052 16.3381 232.8120 1.4049 1.6955 4.8318 -21.2373 1.7633 23.7479 -5.2167 -5.5349
Car -1 -1 -4.8514 643.5137 173.6885 682.5514 203.6241 1.6774 1.7074 4.3446 3.0512 1.7291 42.7802 -4.7812 -5.5520
Car -1 -1 -4.8220 584.2483 177.5908 614.5510 199.6511 1.4074 1.6009 4.2414 -0.7968 1.7445 49.1839 -4.8386 -5.6731
Car -1 -1 -4.6860 550.7216 177.0753 577.2856 201.7221 1.5422 1.6560 4.2694 -3.0562 1.8357 48.0527 -4.7496 -5.6826
Car -1 -1 -4.7087 538.4176 179.6616 562.8829 201.2981 1.4083 1.6348 4.1644 -4.1745 1.9041 50.4499 -4.7912 -5.7245
Car -1 -1 -4.6544 220.2240 179.3327 258.9847 206.1685 1.4048 1.7097 4.4227 -21.1663 1.7965 41.2843 -5.1258 -5.7367
Car -1 -1 -4.5732 575.4031 179.1484 609.8010 203.0429 1.4103 1.6329 4.1118 -1.0932 1.8286 45.8480 -4.5973 -5.7643
Car -1 -1 -6.8852 819.8890 164.9942 899.2679 191.9388 1.5734 1.6439 4.3636 15.0039 1.1141 43.5120 -6.5555 -5.7986
Car -1 -1 -4.4511 576.5462 178.3204 606.8571 196.6715 1.4335 1.5802 3.7885 -1.5023 1.9001 59.5966 -4.4766 -5.8799
Car -1 -1 -4.6412 558.2259 178.4951 580.1423 196.1908 1.4229 1.5847 3.9294 -3.4602 1.9170 61.2549 -4.6977 -5.8867
Car -1 -1 -6.7850 0.0000 0.0000 1241.0000 374.0000 1.5459 1.5893 3.8039 -2.9055 1.6487 1.0036 -7.9391 -5.8867
Car -1 -1 -4.2787 205.2401 177.9724 274.9993 209.4731 1.4845 1.6217 3.9858 -18.7457 1.7587 36.6809 -4.7485 -5.8915
Car -1 -1 -4.3605 307.8307 176.4907 342.9071 195.0797 1.4655 1.5063 3.6937 -23.4429 1.7744 59.4768 -4.7347 -5.9050
Car -1 -1 -4.3509 141.1282 177.8354 201.2134 204.1187 1.5773 1.8151 4.5487 -28.2821 1.9154 46.6113 -4.8939 -6.0288
Car -1 -1 -5.6352 0.0000 182.7140 11.8541 374.0000 1.6497 1.8817 4.1567 -8.1103 1.7529 6.1396 -6.5368 -6.2182
Car -1 -1 -4.6862 529.7239 181.0728 545.9046 196.6595 1.4549 1.4960 3.6039 -7.1166 2.2862 71.1552 -4.7859 -6.2574
Car -1 -1 -3.7918 274.1105 176.4237 320.2425 194.9622 1.4223 1.4082 3.1854 -25.0340 1.7163 57.7565 -4.1994 -6.2737
Car -1 -1 -4.4312 228.9936 180.9264 265.6595 200.5085 1.4840 1.6882 3.6729 -29.2579 2.1573 58.2547 -4.8950 -6.5566
Car -1 -1 -4.7928 261.4369 176.6877 284.7692 195.0561 1.4240 1.4619 3.1867 -27.3164 1.7433 58.4117 -5.2287 -7.0394
