Car -1 -1 -7.8525 569.7476 178.8197 617.3990 226.1605 1.6131 1.6623 4.5026 -0.6723 1.8583 27.4275 -7.8775 5.5194
Car -1 -1 -4.6050 309.5842 177.1617 335.9184 196.2463 1.5393 1.6554 4.0200 -24.4013 1.9181 61.3303 -4.9825 0.9132
Car -1 -1 -4.3182 231.2094 177.6208 280.9673 201.0797 1.4907 1.6096 3.9672 -23.8508 1.8256 48.7023 -4.7717 -0.5863
Car -1 -1 -3.2468 1052.7288 161.2938 1241.0000 224.8382 1.6073 1.6821 4.1445 14.6896 1.3146 20.0116 -2.6210 -2.4282
Car -1 -1 -7.0207 959.9456 181.2907 1208.6781 273.8275 1.4998 1.5527 3.6713 8.3975 1.6638 12.9742 -6.4573 -2.4983
Car -1 -1 -7.3695 7.1328 175.0166 73.9130 202.2702 1.6035 1.6457 3.8479 -35.3112 1.7436 44.8155 -8.0341 -2.7128
Car -1 -1 -7.3952 164.2673 159.4428 211.6408 184.0354 2.0665 1.8803 4.2195 -36.6847 0.9392 62.7979 -7.9222 -2.8320
Car -1 -1 -3.5709 999.3269 161.3392 1241.0000 234.8003 1.5319 1.7272 4.1988 11.2910 1.2914 16.2506 -2.9725 -3.0414
Car -1 -1 -8.0598 1203.4955 165.2641 1241.0000 256.9086 1.5570 1.5711 3.6716 13.0505 1.4277 14.2406 -7.3286 -3.1668
Car -1 -1 -4.5143 221.1623 169.2309 252.3568 190.5647 1.7574 1.6384 3.8170 -31.7918 1.4586 61.4974 -4.9899 -3.2369
Car -1 -1 -7.9427 622.3064 175.1603 645.1382 193.1721 1.4919 1.6239 3.8828 1.9928 1.6969 62.2575 -7.9112 -3.2884
Car -1 -1 -4.6970 210.1123 176.5454 239.6146 200.7318 1.5111 1.6587 3.7090 -25.4670 1.7653 47.7273 -5.1851 -3.4130
Car -1 -1 -4.9419 503.4528 181.6441 529.7686 198.1478 1.4981 1.6571 4.0150 -9.1056 2.3767 69.9773 -5.0712 -4.0044
Car -1 -1 -8.2552 1120.1566 161.2236 1227.9316 205.0579 1.4073 1.7028 3.4638 19.3981 1.0336 25.0549 -7.6022 -4.0161
Car -1 -1 -6.8228 1061.8018 169.4144 1241.0000 222.8521 1.4955 1.6765 4.0283 15.8038 1.3990 21.2163 -6.1896 -4.2387
Car -1 -1 -7.6404 253.3624 165.3573 283.4898 186.6071 1.9390 1.7484 4.0298 -32.1654 1.2546 67.9976 -8.0809 -4.2624
Car -1 -1 -4.7346 650.9488 175.5399 684.9496 208.8596 1.6047 1.6387 3.7604 2.8852 1.7492 36.9807 -4.6579 -4.2849
Car -1 -1 -3.3659 298.1330 170.9985 424.2839 222.7256 1.5474 1.4940 3.5881 -8.0081 1.4916 23.1638 -3.6956 -4.4171
Car -1 -1 -4.6847 290.4091 181.5007 313.6505 201.3923 1.4343 1.5491 3.1230 -23.5918 2.1171 55.2717 -5.0867 -4.4333
Car -1 -1 -7.5108 186.4744 164.7979 225.5500 187.3639 1.9003 1.7695 3.8563 -35.1354 1.2216 62.8097 -8.0192 -4.4836
Car -1 -1 -4.6218 608.7758 177.3367 633.1823 198.5196 1.6061 1.6248 3.6079 0.8749 1.9740 57.3817 -4.6071 -4.5698
Car -1 -1 -4.8142 494.8165 179.7895 516.7985 197.8843 1.5701 1.5972 4.0234 -9.6365 2.2286 66.3983 -4.9582 -4.5879
Car -1 -1 -8.3565 647.3123 175.3875 722.2541 214.8867 1.6147 1.7080 3.6811 3.1810 1.7331 31.7834 -8.2583 -4.7260
Car -1 -1 -3.9755 322.6805 170.4408 360.4794 185.8194 1.4625 1.4815 3.5200 -26.2213 1.2327 70.5296 -4.3304 -4.8466
Car -1 -1 -5.7282 202.6042 174.5095 279.9001 202.5062 1.6734 1.6683 3.9340 -22.6108 1.7769 44.2439 -6.1985 -4.8835
Car -1 -1 -4.0899 276.2676 180.5862 333.2777 206.0729 1.5894 1.6531 3.7072 -20.3570 2.1270 48.1969 -4.4879 -4.9016
Car -1 -1 -4.5852 612.0449 178.4492 645.2715 203.4914 1.5952 1.7090 4.6155 1.2963 1.9971 49.4517 -4.5597 -5.0703
Car -1 -1 -4.5737 333.0356 177.7543 368.1897 199.9514 1.4217 1.6687 4.4578 -17.8071 1.7743 49.6047 -4.9169 -5.1596
Car -1 -1 -7.3086 124.4567 165.9936 180.0444 192.1704 1.7052 1.6095 3.4520 -30.8873 1.2580 48.7413 -7.8711 -5.5474
Car -1 -1 -4.7664 535.0942 179.0224 561.0936 199.8056 1.3877 1.6244 4.1610 -4.4963 1.8474 51.6398 -4.8532 -5.5743
Car -1 -1 -4.5826 569.0042 181.0200 602.7811 205.9825 1.5419 1.6895 4.6079 -1.6011 2.1174 48.4979 -4.6160 -5.6731
Car -1 -1 -4.7938 543.8766 178.7004 566.6202 196.3595 1.3870 1.5679 3.9434 -4.6156 1.8905 60.1116 -4.8705 -5.7833
Car -1 -1 -4.9117 1115.4703 186.6294 1241.0000 277.2098 1.4052 1.5387 3.9104 10.9939 1.7107 13.9238 -4.2542 -5.7844
Car -1 -1 -4.7787 585.0869 178.9420 604.8727 194.8355 1.4285 1.6053 4.1137 -1.4754 2.0249 68.5961 -4.8005 -5.7925
Car -1 -1 -6.3706 807.6108 181.1202 1104.0845 293.2072 1.4498 1.6026 3.7843 4.9376 1.5900 10.9005 -5.9563 -5.8098
Car -1 -1 -4.6452 550.7651 184.1847 578.0447 208.5629 1.5065 1.5719 3.8175 -3.0475 2.2944 48.2787 -4.7085 -5.8191
Car -1 -1 -4.6477 562.9093 178.2947 584.6243 196.0029 1.4155 1.5817 3.9256 -3.0519 1.8890 60.8621 -4.6980 -5.8867
Car -1 -1 -6.9161 0.0000 0.0000 1241.0000 374.0000 1.5562 1.5938 3.8075 -2.1018 1.6718 1.0021 -7.9391 -5.8867
Car -1 -1 -5.5753 0.0000 184.8199 0.0000 374.0000 1.6037 1.8469 4.0412 -8.1876 1.7266 6.1199 -6.4830 -6.2844
Car -1 -1 -5.7614 0.0000 167.5726 41.7032 361.0093 1.5521 1.8821 4.6815 -9.1449 1.5094 7.4693 -6.6296 -6.3119
