Car -1 -1 -4.1967 133.0087 181.2720 212.6098 211.4331 1.4790 1.7866 4.2356 -23.3780 1.9553 38.7140 -4.7372 5.1687
Car -1 -1 -7.8662 581.9775 177.7790 622.0302 217.7556 1.6642 1.6994 4.4423 -0.4402 1.9033 32.8328 -7.8802 4.4886
Car -1 -1 -4.1473 35.0981 181.3817 137.3669 217.7520 1.4513 1.6290 4.2545 -23.1034 1.8546 31.9802 -4.7692 1.4282
Car -1 -1 -3.9603 0.0000 182.5660 36.3207 228.9287 1.4677 1.6092 4.1808 -23.0940 1.8436 25.8377 -4.6847 -0.2863
Car -1 -1 -7.8643 216.6698 171.5276 235.2732 187.0800 1.4631 1.5538 3.4936 -37.1755 1.3380 69.7838 -8.3524 -0.7699
Car -1 -1 -4.7993 620.3712 175.6421 658.3176 208.1273 1.6317 1.6618 4.2121 1.4834 1.7895 38.7555 -4.7618 -2.8469
Car -1 -1 -4.4629 23.7429 179.8535 90.5554 217.5900 1.5310 1.4296 3.8882 -24.5495 1.8622 32.1096 -5.1118 -3.1582
Car -1 -1 -5.3059 941.9124 162.4432 1241.0000 374.0000 1.5889 1.6454 3.9660 4.4903 1.5285 6.1602 -4.6993 -3.1730
Car -1 -1 -4.8184 321.7834 178.3764 346.7155 196.0906 1.5246 1.6655 4.4609 -25.2500 2.0471 65.9399 -5.1831 -3.5202
Car -1 -1 -4.8992 651.4728 175.2753 695.8083 206.6707 1.5707 1.6337 3.9491 3.2960 1.7064 38.4623 -4.8149 -3.6278
Car -1 -1 -4.8536 283.5342 182.8608 313.7994 204.2782 1.5430 1.6159 3.9869 -24.2556 2.3500 56.0872 -5.2603 -3.7468
Car -1 -1 -7.8205 993.5586 140.1772 1043.4171 181.7960 1.5485 1.6289 3.7249 16.3350 0.3324 28.8608 -7.3097 -3.7555
Car -1 -1 -4.6835 0.0000 181.9223 48.3395 229.2046 1.5132 1.6567 3.9809 -21.3335 1.8655 25.9749 -5.3661 -3.7563
Car -1 -1 -4.4100 194.0654 180.1656 253.0588 209.1991 1.4292 1.6217 4.1622 -20.7387 1.8445 38.8180 -4.8981 -4.2411
Car -1 -1 -7.8872 200.4365 178.9472 227.9603 200.9680 1.5153 1.6448 3.8140 -29.0448 1.9787 52.8511 -8.3878 -4.3936
Car -1 -1 -4.2803 333.7749 177.1118 372.2430 195.3840 1.5918 1.7007 4.2299 -23.4963 1.9942 66.0597 -4.6211 -4.4254
Car -1 -1 -4.0511 266.3546 186.3597 344.3748 219.4356 1.4961 1.6970 3.6974 -15.2742 2.2125 36.2826 -4.4473 -4.7078
Car -1 -1 -7.9536 632.9770 173.8309 659.4418 198.8851 1.7523 1.5625 3.5968 2.5695 1.8255 52.4447 -7.9054 -4.7279
Car -1 -1 -2.2719 0.0000 155.1213 19.3832 188.7310 1.9029 1.7899 3.9641 -37.0172 0.8986 42.0333 -2.9909 -5.1101
Car -1 -1 -5.0399 521.1294 177.9707 562.9686 202.3840 1.6821 1.7465 4.3568 -5.0723 2.0746 53.0424 -5.1352 -5.3974
Car -1 -1 -4.5601 225.3974 179.4053 268.1414 205.8749 1.4170 1.5952 4.1884 -21.0998 1.8182 41.9727 -5.0236 -5.4120
Car -1 -1 -4.7529 547.3845 183.3002 577.7485 210.8791 1.5350 1.6680 4.2149 -2.9699 2.2033 43.9987 -4.8204 -5.5261
Car -1 -1 -4.6569 322.0309 180.4932 347.4983 199.7668 1.3941 1.6217 4.1475 -21.4170 2.0121 56.1751 -5.0199 -5.5510
Car -1 -1 -4.6827 329.3392 180.7255 358.9744 204.6862 1.4560 1.7057 4.3162 -17.5542 2.0012 47.6841 -5.0340 -5.5913
Car -1 -1 -4.4080 64.2288 180.4721 146.3897 222.6878 1.5702 1.6438 3.9738 -20.7325 1.9067 29.7518 -5.0126 -5.6633
Car -1 -1 -4.4776 20.7758 179.4100 127.8493 230.2055 1.3604 1.6796 4.1988 -16.3399 1.5821 22.1693 -5.1072 -5.7198
Car -1 -1 -4.9505 530.7682 180.2591 568.5622 202.1607 1.3881 1.6158 4.2768 -4.2224 1.9199 49.5590 -5.0355 -5.7252
Car -1 -1 -4.2385 180.8140 180.6930 256.6615 210.6261 1.3632 1.6109 4.1320 -19.4687 1.7770 36.0304 -4.7311 -5.7374
Car -1 -1 -7.1955 0.0000 179.6963 13.5940 220.2201 1.4144 1.6162 3.9488 -25.4385 1.6979 27.8993 -7.9301 -5.8262
Car -1 -1 -3.9414 42.4067 182.3063 131.6426 212.3648 1.4839 1.6130 3.9341 -28.1811 2.0214 38.9837 -4.5643 -5.8514
Car -1 -1 -4.4992 568.9835 177.2663 605.3865 200.2857 1.4260 1.6196 3.8559 -1.4916 1.7288 47.5222 -4.5309 -5.8867
Car -1 -1 -4.9138 201.5564 177.9020 233.6891 197.7444 1.6241 1.6470 4.1179 -33.8924 2.0740 62.2370 -5.4109 -6.8157
Car -1 -1 -4.3736 316.1440 186.6275 372.8432 221.3127 1.6111 1.5794 3.6716 -13.5178 2.3490 36.8251 -4.7235 -8.4506
