Car -1 -1 -7.8852 582.5059 176.3746 620.2491 213.9686 1.6300 1.6210 4.4313 -0.5041 1.8064 33.9570 -7.9006 5.2892
Car -1 -1 -4.0837 0.7609 180.0033 119.3693 219.2235 1.4941 1.7161 4.3948 -23.1102 1.8179 30.5028 -4.7280 2.9088
Car -1 -1 -4.4183 342.7704 178.9821 371.4980 194.7945 1.4499 1.5731 3.8243 -24.3761 2.0573 69.6101 -4.7543 0.1638
Car -1 -1 -4.7457 76.0776 181.3372 120.4101 215.2328 1.4385 1.5655 3.8162 -23.9147 1.8569 33.6138 -5.3604 -2.5099
Car -1 -1 -5.3058 1123.8068 180.7901 1241.0000 374.0000 1.4198 1.5843 3.8851 5.4864 1.4989 5.1609 -4.5185 -2.9503
Car -1 -1 -4.9471 904.0029 155.3753 963.8065 192.8199 1.5493 1.5962 3.5468 14.1281 0.8258 31.7416 -4.5319 -3.1998
Car -1 -1 -7.7104 123.7636 173.8411 160.1710 194.8617 1.5113 1.6882 4.3737 -35.2796 1.5887 54.4348 -8.2834 -3.2029
Car -1 -1 -4.2045 207.9102 175.3198 257.2750 196.2086 1.5338 1.6204 3.9960 -28.9790 1.7300 55.4778 -4.6841 -3.3576
Car -1 -1 -4.8151 651.6190 171.4112 691.0744 203.8525 1.6325 1.6813 3.8755 3.1621 1.5596 38.2649 -4.7337 -3.6492
Car -1 -1 -5.5405 0.0000 180.8650 143.0269 239.8064 1.5447 1.7117 4.4543 -15.8657 1.7806 20.2324 -6.1992 -3.9915
Car -1 -1 -6.9137 879.2138 178.5187 1085.6587 247.4016 1.4553 1.6246 4.0474 8.4341 1.5940 16.5691 -6.4507 -4.0904
Car -1 -1 -4.5426 287.4072 177.4833 317.7753 196.9879 1.4699 1.6048 3.7593 -24.4170 1.8505 57.3463 -4.9437 -4.2128
Car -1 -1 -4.0692 63.7450 179.0536 174.2815 219.4373 1.5200 1.6148 4.1408 -20.2450 1.7948 29.9148 -4.6602 -4.2496
Car -1 -1 -4.4381 282.2771 177.6466 316.5934 196.6784 1.5410 1.6660 3.9966 -26.4741 1.9635 61.5660 -4.8429 -4.2976
Car -1 -1 -5.0841 304.1047 179.6068 341.5489 196.5853 1.5527 1.8218 4.6397 -27.9655 2.2306 70.1461 -5.4625 -4.3055
Car -1 -1 -4.9529 870.8530 156.7614 932.8528 193.4681 1.5240 1.6418 3.8999 12.8134 0.8556 32.0007 -4.5754 -4.3137
Car -1 -1 -7.8610 140.4554 164.7121 165.1890 185.7359 1.7186 1.7219 4.0606 -38.7813 1.0528 61.1572 -8.4243 -4.3363
Car -1 -1 -4.8841 291.1761 177.9235 318.0820 196.0692 1.5683 1.6092 3.9121 -27.8096 2.0435 65.6037 -5.2838 -4.4041
Car -1 -1 -4.8595 593.2873 180.3698 632.2259 208.2363 1.4633 1.6535 3.8639 0.0713 1.9115 41.0173 -4.8583 -4.4785
Car -1 -1 -7.4323 159.4165 164.5051 201.4311 185.2059 1.7201 1.6708 3.8399 -36.8533 1.0261 61.9576 -7.9672 -4.5743
Car -1 -1 -3.7737 0.0000 178.6266 80.8979 211.7072 1.5074 1.5492 3.9000 -28.7014 1.8093 35.6915 -4.4474 -4.6213
Car -1 -1 -4.3051 275.8603 182.5630 331.6287 207.9875 1.4084 1.6009 4.1048 -18.4631 2.0225 43.6017 -4.7038 -4.6940
Car -1 -1 -4.9383 0.0000 183.4335 41.1187 238.6296 1.4616 1.7030 4.5542 -19.1501 1.8125 21.9187 -5.6505 -4.7078
Car -1 -1 -6.2211 227.0000 178.1840 316.5147 210.5238 1.4691 1.6470 3.8012 -16.2254 1.7361 34.7175 -6.6556 -4.8078
Car -1 -1 -4.6258 203.5682 177.9231 239.9214 203.9685 1.4588 1.5675 4.1598 -23.3852 1.7796 43.4971 -5.1167 -4.8441
Car -1 -1 -4.3634 328.0735 177.3646 362.1698 195.1649 1.5558 1.7653 3.6854 -24.1495 1.9786 65.8429 -4.7139 -4.8691
Car -1 -1 -2.3453 52.1933 175.4539 121.9739 198.6693 1.7032 1.9711 4.0995 -39.5349 1.9043 54.5533 -2.9703 -4.9219
Car -1 -1 -4.7920 666.2125 177.0181 696.8307 204.9045 1.6082 1.5549 3.7489 4.2921 1.8730 44.0602 -4.6960 -4.9898
Car -1 -1 -4.8880 389.7300 175.9175 419.0383 196.6541 1.4391 1.4686 3.4556 -15.0172 1.6697 52.5044 -5.1656 -4.9968
Car -1 -1 -4.4856 446.8025 173.2944 480.2472 195.8369 1.6732 1.6130 4.2791 -11.3071 1.7083 55.8021 -4.6850 -5.1540
Car -1 -1 -4.7957 539.3773 177.7052 565.0572 196.4143 1.3663 1.6337 4.2671 -4.5549 1.7581 56.0906 -4.8767 -5.3432
Car -1 -1 -4.8735 597.3055 180.6694 629.3412 204.8051 1.4555 1.4500 4.0131 0.1414 1.9867 46.9667 -4.8711 -5.3699
Car -1 -1 -4.7879 544.0684 182.3956 574.7452 208.3065 1.5185 1.6364 4.1304 -3.3032 2.1556 46.0404 -4.8596 -5.4115
Car -1 -1 -4.9879 569.6227 179.9899 612.2721 204.4530 1.4067 1.6256 3.9608 -1.2681 1.8712 44.8663 -5.0165 -5.4145
Car -1 -1 -5.6572 1146.8855 171.6483 1241.0000 374.0000 1.3610 1.4470 3.6054 6.9454 1.3532 6.4220 -4.8555 -5.4631
Car -1 -1 -4.5704 313.9513 174.4264 340.4329 195.0354 1.6259 1.5124 3.6947 -23.1914 1.7589 59.1949 -4.9425 -5.6136
Car -1 -1 -4.5651 291.3688 177.8360 313.3359 192.7735 1.4153 1.5301 3.2880 -30.4074 1.9198 71.3357 -4.9669 -5.6239
Car -1 -1 -4.6972 538.7177 179.0503 563.4119 201.0135 1.4198 1.6343 4.1805 -4.0834 1.8672 49.9906 -4.7787 -5.6650
Car -1 -1 -7.4272 109.9858 178.6156 195.6802 216.4762 1.4207 1.5672 3.6958 -18.6830 1.6722 29.5988 -7.9864 -5.7275
Car -1 -1 -5.3677 130.3904 175.3263 233.3481 214.4397 1.3804 1.4854 3.5096 -16.0521 1.4772 26.9799 -5.9003 -5.7422
Car -1 -1 -4.6879 580.5546 176.4834 601.9659 195.3400 1.4225 1.6028 4.0472 -1.4837 1.7203 57.2374 -4.7141 -5.7824
Car -1 -1 -4.5836 574.2253 177.3677 604.6120 198.7370 1.4059 1.6290 3.9568 -1.4289 1.7336 50.3854 -4.6122 -5.8792
Car -1 -1 -4.6434 557.0741 177.0736 584.3334 198.9832 1.3987 1.5768 3.9188 -2.6529 1.6953 48.7922 -4.6979 -5.8867
Car -1 -1 -1.7868 172.7622 172.5135 208.8930 197.6576 1.8714 1.6623 3.6748 -32.3595 1.8458 55.6189 -2.3119 -5.9837
Car -1 -1 -5.5866 0.0000 179.0214 16.9509 374.0000 1.6710 1.9083 4.1609 -8.0862 1.7350 6.1693 -6.4845 -6.2855
Car -1 -1 -5.4764 239.7358 177.8911 296.8024 197.7874 1.5798 1.6806 4.4133 -28.2822 2.0070 59.6609 -5.9176 -6.4193
Car -1 -1 -3.0850 0.0000 165.5795 93.2249 200.8783 1.9173 1.7699 5.0700 -32.7956 1.5219 41.3707 -3.7523 -6.4567
