Car -1 -1 -7.8512 568.4770 176.5455 618.0301 226.0879 1.6134 1.6379 4.5139 -0.6517 1.7584 26.1122 -7.8766 5.0415
Car -1 -1 -4.4506 262.9639 172.9269 301.3488 193.7379 1.4803 1.6117 3.9640 -24.2480 1.4856 53.4236 -4.8750 -0.0633
Car -1 -1 -4.5980 301.2047 173.4791 328.8491 192.1452 1.4731 1.6535 3.9785 -24.1961 1.5259 59.2230 -4.9845 -0.3421
Car -1 -1 -4.7140 640.3974 178.4419 669.5629 207.2493 1.5302 1.5780 3.7489 2.5088 1.8621 40.9871 -4.6539 -1.8765
Car -1 -1 -4.4679 609.0092 176.4976 637.1113 193.9879 1.5642 1.6504 4.3008 1.2422 1.9177 67.7736 -4.4500 -3.1127
Car -1 -1 -4.6888 223.4471 172.4636 251.4311 194.6671 1.5384 1.6952 4.2352 -26.9738 1.5110 52.2670 -5.1633 -3.4740
Car -1 -1 -4.3827 317.0716 173.4147 352.0976 191.5104 1.4478 1.5869 3.7224 -22.7796 1.4954 59.7311 -4.7458 -3.6399
Car -1 -1 -4.5421 420.9860 174.4223 451.5610 195.2269 1.5119 1.6259 3.8355 -13.1571 1.6348 54.6991 -4.7774 -3.6885
Car -1 -1 -4.8779 902.4310 181.6920 1041.3333 276.4848 1.4396 1.5879 4.0424 6.5196 1.6314 13.5213 -4.4379 -3.9314
Car -1 -1 -4.7003 219.8677 168.5763 250.2052 193.0782 1.5802 1.7514 4.3639 -25.3899 1.3040 48.8765 -5.1774 -4.1311
Car -1 -1 -4.8178 401.6313 170.6552 429.8929 193.0601 1.6296 1.6482 4.0549 -14.7765 1.4693 54.6675 -5.0808 -4.2679
Car -1 -1 -4.2308 168.9791 162.7087 216.5422 189.0064 1.8965 1.5944 3.5756 -31.1113 1.1646 53.8542 -4.7527 -4.2849
Car -1 -1 -4.9877 617.2333 176.8443 654.4412 199.3048 1.5979 1.6900 4.3004 1.8718 1.9114 54.4370 -4.9540 -4.2915
Car -1 -1 -5.5304 0.0000 166.4639 29.3597 196.9615 1.4691 1.5455 3.3852 -30.9760 1.1610 35.5986 -6.2428 -4.4099
Car -1 -1 -7.9410 828.7668 184.1555 939.4653 270.5246 1.3818 1.6306 3.5494 5.1063 1.6305 13.9705 -7.5982 -4.4323
Car -1 -1 -3.0482 575.1667 180.1204 637.8120 204.5388 1.4456 1.5782 3.7105 -0.2233 1.9002 44.2282 -3.0537 -4.4567
Car -1 -1 -4.7253 413.2215 173.9766 433.5084 192.1412 1.4679 1.5996 4.2015 -15.7825 1.5657 60.8201 -4.9784 -4.5482
Car -1 -1 -7.9067 483.8601 176.6090 503.6651 193.9950 1.6368 1.7055 4.1839 -11.5005 2.0181 71.1138 -8.0667 -4.6977
Car -1 -1 -6.6731 59.9482 182.3490 210.9233 232.9251 1.4018 1.5693 3.6419 -14.8498 1.7254 22.6714 -7.2479 -4.7977
Car -1 -1 -2.4905 395.2892 171.4558 467.0060 196.6030 1.5632 1.6779 4.3603 -11.5619 1.4760 46.4881 -2.7332 -5.0073
Car -1 -1 -2.9693 447.9716 173.9992 510.5069 201.3574 1.6882 1.6388 3.6472 -8.2305 1.7613 45.4245 -3.1479 -5.0442
Car -1 -1 -8.0455 169.5939 171.2549 219.3105 204.2004 1.6090 1.5760 3.5276 -21.4279 1.5306 37.0888 -8.5665 -5.0973
Car -1 -1 -7.1501 114.8678 161.3457 182.9592 190.2681 1.6886 1.5644 3.5570 -28.0718 1.0164 43.9954 -7.7154 -5.1014
Car -1 -1 -4.9149 610.1571 179.2148 650.0810 207.6211 1.5055 1.5704 3.5685 1.0609 1.8832 40.9842 -4.8898 -5.1438
Car -1 -1 -4.5380 400.1567 178.8593 433.0674 200.9835 1.4973 1.6710 3.6454 -13.8559 1.9433 51.7434 -4.7987 -5.1447
Car -1 -1 -7.9757 580.3962 179.1445 618.7979 207.0637 1.3684 1.6019 3.4867 -0.6303 1.7157 38.0307 -7.9927 -5.1491
Car -1 -1 -5.2032 515.3078 178.9125 573.8338 203.5545 1.4180 1.6887 4.5427 -4.1772 1.8158 45.0429 -5.2956 -5.3851
Car -1 -1 -4.7170 570.9783 177.2583 592.3702 196.2669 1.3993 1.6022 3.9447 -2.2399 1.7534 56.0526 -4.7571 -5.8867
Car -1 -1 -6.9169 0.0000 0.0000 1241.0000 374.0000 1.5434 1.5891 3.8037 -2.1018 1.6290 1.0042 -7.9392 -5.8867
Car -1 -1 -4.6353 552.5894 176.9480 577.0005 195.9478 1.3802 1.5707 3.9114 -3.4557 1.7044 55.2291 -4.6979 -5.8867
Car -1 -1 -3.5480 0.0000 185.2941 0.0000 374.0000 1.4859 1.6005 3.9514 -6.2780 1.5635 2.5318 -4.6975 -5.8867
Car -1 -1 -5.6136 0.0000 171.3525 0.0000 374.0000 1.5890 1.8492 3.4918 -7.8327 1.5789 5.9942 -6.5094 -6.0494
Car -1 -1 -7.1101 158.5166 172.7779 304.9334 225.2970 1.6177 1.8352 4.5238 -12.7733 1.6150 24.6490 -7.5841 -6.1170
Car -1 -1 -7.7347 607.1364 168.2925 632.5237 194.8933 2.1715 1.7118 3.7414 0.8349 1.7988 60.8678 -7.7214 -6.2017
Car -1 -1 -4.5335 287.6673 174.7034 318.9323 192.9692 1.3229 1.5532 3.6239 -23.1911 1.4675 54.5900 -4.9336 -6.4210
Car -1 -1 -6.7721 0.0000 178.8187 124.9398 374.0000 1.5392 1.6288 3.7087 -4.5352 1.5824 3.2962 -7.6757 -6.5168
Car -1 -1 -5.5356 0.0000 165.2805 0.0000 341.5675 1.4951 1.7839 3.8599 -9.1472 1.4306 7.2614 -6.4173 -6.5286
