Car -1 -1 -7.8294 242.8216 166.5935 311.2978 223.3992 1.3713 1.5273 3.6591 -8.7937 1.0359 19.0506 -8.2535 -2.6290
Car -1 -1 -3.3407 0.0000 162.0913 60.1449 204.6040 1.5342 1.6209 3.5452 -23.5687 0.8701 27.4090 -4.0433 -2.8851
Car -1 -1 -7.5739 391.9554 167.3549 447.1235 199.0044 1.5089 1.6419 3.9973 -9.3133 0.8824 35.7299 -7.8249 -3.0231
Car -1 -1 -6.1397 0.0000 154.9875 88.8981 186.8354 1.6371 1.7788 4.2467 -30.6112 0.3258 38.1802 -6.8094 -3.3046
Car -1 -1 -2.7456 204.4311 142.1114 296.2205 174.3712 1.6425 1.7425 3.9737 -18.6977 -0.3324 37.3704 -3.2038 -3.8384
Car -1 -1 -7.6805 75.8652 150.7097 142.9611 188.1673 1.5528 1.7018 4.3643 -22.0961 0.3181 31.6489 -8.2832 -4.0126
Car -1 -1 -6.3664 357.3822 175.5014 449.5752 204.4929 1.4992 1.4879 4.6717 -10.8602 1.2409 38.0774 -6.6403 -4.0627
Car -1 -1 -8.1021 542.1426 145.2762 581.7756 172.7784 1.5453 1.5654 3.5642 -2.6525 -0.4879 42.7504 -8.1614 -4.2680
Car -1 -1 -7.7876 376.0823 146.1398 406.4161 172.1738 1.4752 1.5410 3.2279 -12.9481 -0.5259 42.9240 -8.0763 -4.4951
Car -1 -1 -7.6945 93.9156 157.5062 152.6306 192.2235 1.6205 1.7631 4.1173 -23.9368 0.5474 35.2416 -8.2850 -4.5360
Car -1 -1 -6.6372 0.0000 145.7884 257.3934 322.2990 1.5803 1.5499 3.6955 -6.3457 1.2700 8.2989 -7.2696 -4.6090
Car -1 -1 -5.7475 82.0593 154.0959 209.8450 194.0269 1.5885 1.6896 4.1246 -18.7972 0.5384 29.0375 -6.3149 -4.7784
Car -1 -1 -4.3834 91.0600 167.9937 190.3948 218.8298 1.4858 1.5374 3.6238 -14.7441 1.1206 22.6080 -4.9529 -4.8345
Car -1 -1 -2.8684 343.8794 145.9274 416.9381 173.1861 1.6740 1.7545 4.0959 -14.2081 -0.4737 44.8614 -3.1708 -4.8500
Car -1 -1 -2.5913 0.0000 109.5679 267.1431 369.0000 1.7672 1.7193 3.5367 -4.6483 1.3678 5.1086 -3.2970 -4.8508
Car -1 -1 -4.9261 392.2230 163.0681 444.9272 199.8159 1.5817 1.6257 3.5323 -8.6041 0.8316 32.3758 -5.1815 -4.9109
Car -1 -1 -8.2432 487.6042 144.9760 546.0301 178.6526 1.6849 1.6628 4.1202 -4.7901 -0.1045 37.8219 -8.3660 -4.9737
Car -1 -1 -6.0942 300.7502 162.0779 449.0151 222.6006 1.5327 1.5948 3.5257 -6.0874 1.0665 18.9011 -6.3988 -5.0254
Car -1 -1 -3.0797 531.9418 170.7820 621.4955 209.6953 1.4971 1.5651 3.4550 -1.1026 1.1235 28.0277 -3.1168 -5.0377
Car -1 -1 -2.2864 0.0000 162.3633 66.4343 211.0267 1.5589 1.5897 3.4857 -20.3264 0.9782 23.7036 -2.9866 -5.0572
Car -1 -1 -4.3978 52.5193 149.9489 117.4375 181.3168 1.5821 1.7752 3.4766 -27.5721 0.0414 37.5872 -5.0245 -5.0828
Car -1 -1 -7.7124 167.8192 141.9649 224.8888 180.0787 1.5808 1.6159 4.1196 -18.1909 -0.0200 31.5878 -8.2283 -5.0924
Car -1 -1 -6.1901 38.1629 162.1102 149.5384 210.5209 1.6862 1.4936 3.1947 -18.7652 1.0459 26.0718 -6.8062 -5.1581
Car -1 -1 -4.2012 0.0000 152.6752 110.2164 194.8888 1.6952 1.7924 4.6752 -23.8654 0.5780 30.8327 -4.8529 -5.4082
Car -1 -1 -2.8736 104.5492 161.2370 304.6288 221.5181 1.6381 1.7759 4.7771 -11.5201 1.1150 20.6289 -3.3745 -5.4445
Car -1 -1 -4.7982 414.0007 176.6119 458.4775 213.3104 1.4143 1.4704 3.8603 -7.0731 1.2646 29.3109 -5.0308 -5.4775
Car -1 -1 -2.5413 0.0000 164.9538 111.4721 210.1025 1.6309 1.6647 3.8100 -21.0324 1.0696 26.4909 -3.2046 -5.6857
Car -1 -1 -5.8119 1223.0000 25.8896 1223.0000 369.0000 1.4281 1.5436 4.0114 5.4201 1.2944 2.6397 -4.7398 -5.7931
Car -1 -1 -5.7871 1223.0000 64.0383 1223.0000 369.0000 1.4804 1.6017 4.0434 6.9649 1.2696 3.3169 -4.6963 -5.8838
Car -1 -1 -5.6699 0.0000 0.0000 1223.0000 369.0000 1.4932 1.6021 3.9564 2.9389 1.4579 1.6885 -4.6976 -5.8867
Car -1 -1 -4.9460 758.3194 154.6520 825.4867 193.0246 1.3388 1.5661 3.8841 6.9153 0.4372 26.6258 -4.6928 -5.8867
Car -1 -1 -7.7398 325.3564 0.0000 1223.0000 369.0000 1.4419 1.5453 4.0738 0.4085 1.4330 1.1337 -7.4631 -5.9197
Car -1 -1 -7.1744 1223.0000 169.6774 1223.0000 360.0944 1.4048 1.5555 3.8822 7.8978 1.3254 6.0049 -6.2775 -5.9700
Car -1 -1 -7.9758 577.8105 146.9432 616.2163 175.5150 1.6309 1.8765 3.9566 -0.5462 -0.3190 43.1711 -7.9862 -6.0053
Car -1 -1 -3.3029 352.4873 172.1696 430.4371 201.3091 1.4513 1.4954 3.6838 -11.0910 1.0366 36.6908 -3.5923 -6.2300
