Car -1 -1 -5.8240 484.3047 157.3066 572.4478 190.0202 1.6236 1.6470 4.2470 -3.9811 0.4726 36.5987 -5.9294 -2.8199
Car -1 -1 -5.1352 37.8370 153.2455 116.6323 186.8775 1.5288 1.6764 3.6618 -25.2361 0.2901 33.7684 -5.7704 -3.1167
Car -1 -1 -6.8467 0.0000 145.8514 79.0621 181.6340 1.4678 1.6528 3.6676 -25.5509 0.0467 31.0052 -7.5287 -3.5574
Car -1 -1 -2.6234 0.0000 155.2376 45.5457 195.8223 1.5185 1.6693 4.0001 -24.6811 0.5735 27.6744 -3.3439 -3.7262
Car -1 -1 -6.0305 100.7766 165.2154 220.8866 207.8029 1.6662 1.6824 3.8767 -18.1517 1.0684 29.0378 -6.5824 -3.7523
Car -1 -1 -6.2006 370.9023 163.8603 449.2440 193.2794 1.5412 1.6563 3.9544 -10.4845 0.6696 38.2105 -6.4643 -3.9186
Car -1 -1 -5.1838 99.0281 146.5753 194.3819 184.3941 1.6591 1.7968 4.7345 -21.4335 0.1710 32.9898 -5.7535 -3.9442
Car -1 -1 -7.7618 413.5246 152.7371 446.9810 182.3965 1.8616 1.7336 4.3908 -11.4859 0.1191 46.6771 -7.9995 -4.0595
Car -1 -1 -2.7188 454.7984 154.1025 546.9054 188.8286 1.5789 1.6259 4.0015 -4.9383 0.3789 33.4824 -2.8618 -4.0678
Car -1 -1 -7.7597 412.7460 148.9238 443.1796 176.9023 2.0345 1.8309 4.6531 -13.5818 -0.2896 54.4763 -8.0006 -4.3422
Car -1 -1 -7.5355 56.0763 154.9178 122.9009 187.8878 1.7926 1.8322 4.3222 -29.6327 0.4018 40.7780 -8.1582 -4.4527
Car -1 -1 -4.1027 0.0000 155.3350 177.5070 228.2334 1.4980 1.5760 3.7130 -11.8536 0.9812 16.3895 -4.7176 -4.4864
Car -1 -1 -6.5054 0.0000 131.3400 53.7615 199.8857 1.5989 1.5917 3.6177 -16.8936 0.4525 18.4284 -7.2365 -4.5533
Car -1 -1 -2.8874 375.3866 165.2918 470.8393 199.1213 1.6148 1.6811 4.2374 -8.8667 0.8891 34.6071 -3.1341 -4.5610
Car -1 -1 -4.5292 535.6879 160.7101 587.4127 199.3915 1.5939 1.6372 3.5458 -1.8686 0.7786 30.9952 -4.5869 -4.6665
Car -1 -1 -5.6300 542.5739 145.1409 630.0125 179.7022 1.6094 1.7058 4.1297 -0.9755 -0.0414 34.9171 -5.6556 -4.6817
Car -1 -1 -8.1143 528.1103 145.6071 570.8741 176.3187 1.7323 1.6535 3.7467 -3.3896 -0.2632 42.4787 -8.1912 -4.9301
Car -1 -1 -4.4395 23.2202 151.2994 89.1389 179.6364 1.4029 1.6774 4.1362 -28.9223 -0.0483 37.3740 -5.0919 -5.0142
Car -1 -1 -3.9348 0.0000 149.8990 64.3703 187.1263 1.5820 1.7489 4.5123 -27.4866 0.2818 32.3662 -4.6319 -5.0639
Car -1 -1 -2.1539 0.0000 167.9533 76.4796 218.1838 1.5829 1.7017 3.9255 -20.0309 1.1878 23.6630 -2.8479 -5.0874
Car -1 -1 -2.8040 0.0000 178.0993 233.2160 304.3237 1.4221 1.4699 3.5684 -7.0188 1.3955 9.1896 -3.4377 -5.1357
Car -1 -1 -7.3991 440.0280 155.0479 501.0618 187.0208 1.6697 1.5974 4.2739 -7.3881 0.3407 39.1973 -7.5819 -5.2005
Car -1 -1 -3.0971 311.0742 147.6987 391.7623 181.4118 1.7860 1.6981 4.0941 -13.8739 0.0484 38.8630 -3.4352 -5.3869
Car -1 -1 -5.6434 426.3037 147.8989 502.6642 176.0992 1.6982 1.7727 4.6188 -8.9475 -0.2908 44.9362 -5.8364 -5.5114
Car -1 -1 -2.7897 351.6043 150.1153 422.1883 178.3180 1.7639 1.6447 4.0009 -13.9452 -0.1426 45.3029 -3.0842 -5.5289
Car -1 -1 -7.8399 252.4005 170.0603 315.0291 224.2511 1.5349 1.6422 4.1859 -10.0938 1.2395 22.2737 -8.2581 -5.6120
Car -1 -1 -5.8321 1223.0000 54.9481 1223.0000 369.0000 1.4565 1.5844 3.9966 6.5888 1.2936 2.9220 -4.7173 -5.8295
Car -1 -1 -2.9856 506.1665 155.6514 626.2440 205.8262 1.7731 1.8509 4.1910 -1.4047 0.8952 26.1251 -3.0368 -5.8415
Car -1 -1 -5.4656 1135.6270 0.0000 1223.0000 369.0000 1.4078 1.5749 4.1995 3.7093 1.3209 2.3301 -4.5139 -5.8468
Car -1 -1 -7.3515 1223.0000 169.1342 1223.0000 369.0000 1.3885 1.5467 4.0789 7.9085 1.3151 5.6514 -6.4260 -6.0703
Car -1 -1 -8.6680 0.0000 0.0000 1218.3438 369.0000 1.5558 1.6026 3.6913 1.9321 1.4317 1.4350 -7.8336 -6.2808
Car -1 -1 -9.0787 1223.0000 1.2821 1223.0000 369.0000 1.5700 1.6581 3.6980 5.1215 1.4003 2.6371 -8.0304 -6.3647
Car -1 -1 -5.9080 524.8224 153.5832 595.7770 186.2496 1.7755 1.6964 3.6154 -2.5165 0.3126 39.7948 -5.9686 -6.4975
Car -1 -1 -4.1309 0.0000 92.7607 5.7346 369.0000 1.5996 1.7249 4.5859 -5.7380 1.3884 4.1540 -5.0370 -6.6023
Car -1 -1 -5.6347 72.9682 165.4805 197.0614 212.4854 1.6660 1.4539 3.6630 -17.2036 1.1339 25.9134 -6.2133 -6.6368
Car -1 -1 -5.3871 375.5250 167.3608 446.9306 202.3677 1.5541 1.5720 3.1811 -9.0711 0.9710 32.9630 -5.6514 -7.0179
