Car -1 -1 -7.8155 177.3017 166.2730 255.7692 227.3434 1.4086 1.5986 3.9513 -10.0510 1.0808 18.4345 -8.3054 -3.2932
Car -1 -1 -6.5741 232.6373 162.1077 395.1206 224.5996 1.5065 1.6234 3.6973 -7.7348 1.0635 18.8322 -6.9559 -3.5398
Car -1 -1 -2.8066 0.0000 160.8656 54.8609 196.6311 1.6076 1.6207 3.6165 -28.3297 0.7253 33.1829 -3.5066 -4.1290
Car -1 -1 -4.4190 34.9403 151.5777 115.8386 191.3152 1.6276 1.7220 4.0791 -23.2449 0.4432 31.1692 -5.0528 -4.1813
Car -1 -1 -3.0794 292.3705 150.5890 373.4748 182.5549 1.6820 1.7184 4.0294 -14.7940 0.1083 38.6183 -3.4404 -4.1899
Car -1 -1 -5.4531 95.2846 149.5489 203.9237 186.4894 1.6831 1.7762 4.5225 -21.6816 0.2731 33.6621 -6.0190 -4.2644
Car -1 -1 -8.1875 530.8480 146.0980 578.5832 176.2911 1.7052 1.6659 3.9734 -3.0957 -0.2669 42.6864 -8.2572 -4.2989
Car -1 -1 -6.3812 363.8967 165.4539 446.3585 195.5906 1.5623 1.7216 4.1440 -10.8186 0.7825 38.2065 -6.6531 -4.3391
Car -1 -1 -5.4010 63.2611 149.9294 150.1078 180.0513 1.5866 1.7499 4.0031 -27.2484 -0.0253 38.6678 -6.0089 -4.3841
Car -1 -1 -6.1253 194.2668 149.5249 285.5641 184.0772 1.7442 1.8064 4.0257 -19.1129 0.1807 37.1682 -6.5947 -4.5418
Car -1 -1 -7.8343 122.3300 156.8493 173.5825 197.2710 1.5728 1.6986 4.4905 -19.2491 0.6528 29.8707 -8.3999 -4.5569
Car -1 -1 -2.8522 0.0000 102.9869 245.2895 369.0000 1.7961 1.6486 3.5398 -4.5157 1.4343 4.7938 -3.5732 -4.6766
Car -1 -1 -4.4099 10.8515 152.8680 80.5959 184.1847 1.5289 1.8441 3.5072 -28.7789 0.1801 36.4836 -5.0715 -4.7464
Car -1 -1 -5.1605 0.0000 143.8132 267.1891 321.2436 1.5938 1.5255 3.4079 -5.5755 1.2647 7.8678 -5.7560 -4.7575
Car -1 -1 -2.7545 387.4487 168.3838 477.0508 203.5038 1.4959 1.5475 3.5107 -7.6025 0.9800 31.1464 -2.9897 -4.7657
Car -1 -1 -4.1796 534.3657 156.9016 606.9655 193.8468 1.6760 1.6396 4.1279 -1.6111 0.6056 34.2816 -4.2242 -4.7908
Car -1 -1 -2.1889 48.8837 161.9561 140.3676 194.9388 1.5477 1.6382 3.9854 -24.9903 0.6777 34.6040 -2.8081 -4.8133
Car -1 -1 -2.5276 355.2010 153.8358 436.8656 185.4000 1.4804 1.5236 3.6017 -10.1988 0.2300 34.4673 -2.8107 -4.8785
Car -1 -1 -5.9696 495.2573 173.4187 601.3021 212.9833 1.5042 1.6002 3.8999 -2.2595 1.2352 28.1154 -6.0472 -4.9034
Car -1 -1 -2.6110 449.5381 148.0446 530.0285 178.3174 1.5233 1.5618 3.9361 -6.0826 -0.1193 37.2309 -2.7694 -4.9852
Car -1 -1 -6.7093 0.0000 149.0873 38.4487 202.7320 1.8522 1.7316 4.3652 -24.4619 0.7679 26.7594 -7.4420 -5.0313
Car -1 -1 -2.4455 0.0000 169.6277 72.8043 219.2907 1.5979 1.5850 3.3939 -20.0475 1.2483 23.5426 -3.1424 -5.1506
Car -1 -1 -2.9401 0.0000 162.9804 240.3854 286.8061 1.3773 1.4763 3.2905 -6.6960 1.1829 9.1966 -3.5509 -5.2118
Car -1 -1 -2.6512 337.7954 153.2036 427.9726 185.1049 1.4501 1.5059 3.7842 -10.4387 0.2095 33.2375 -2.9506 -5.2489
Car -1 -1 -4.0979 49.3836 150.4160 195.7931 205.7036 1.5978 1.7118 4.2178 -15.2173 0.7287 22.5674 -4.6825 -5.2614
Car -1 -1 -6.3855 402.6769 149.0408 468.9532 178.4151 1.8239 1.6704 4.0071 -10.9118 -0.1385 45.5529 -6.6169 -5.2842
Car -1 -1 -3.4245 354.1022 151.6355 418.8336 178.0647 1.5955 1.5571 3.6155 -13.7844 -0.1593 44.6267 -3.7199 -5.3835
Car -1 -1 -6.4583 580.6226 146.6951 680.9899 186.4044 1.6362 1.7462 4.0509 1.0383 0.2435 30.2783 -6.4223 -5.3984
Car -1 -1 -6.0705 6.7080 167.9327 133.2031 216.1043 1.6573 1.5232 3.4208 -19.3726 1.2252 25.7246 -6.7082 -5.5108
Car -1 -1 -7.6592 0.0000 165.1411 62.4925 203.5027 1.5109 1.6492 4.1009 -24.5414 0.9062 30.0456 -8.3370 -5.5378
Car -1 -1 -2.9149 122.7031 156.6106 309.3582 217.0689 1.6544 1.7911 4.5170 -11.2877 1.0010 20.7976 -3.4037 -5.5715
Car -1 -1 -5.6950 496.9493 152.2282 586.0394 192.2980 1.6388 1.5273 3.5750 -2.7715 0.4828 30.4455 -5.7828 -5.6474
Car -1 -1 -5.0703 834.0919 145.1158 918.8968 186.2921 1.3337 1.5496 3.6946 9.3599 0.1879 24.7492 -4.7109 -5.8306
Car -1 -1 -5.8293 1223.0000 59.4721 1223.0000 369.0000 1.4564 1.5833 3.9910 6.5889 1.2982 2.9245 -4.7148 -5.8333
Car -1 -1 -2.3034 144.8284 150.3161 271.4468 200.1407 1.5346 1.6515 3.5868 -13.0089 0.6052 23.1455 -2.8074 -5.8545
Car -1 -1 -7.8106 212.7329 0.0000 1223.0000 369.0000 1.4410 1.5392 4.0524 0.4293 1.4295 1.1473 -7.5233 -5.8603
Car -1 -1 -5.5148 0.0000 0.0000 1190.3508 369.0000 1.4979 1.6021 3.9573 2.1351 1.4883 1.6876 -4.6976 -5.8867
Car -1 -1 -5.3605 0.0000 0.0000 1223.0000 369.0000 1.5003 1.6068 4.0566 40.2168 0.4537 -0.2719 -3.7896 -5.8867
Car -1 -1 -5.8530 0.0000 0.0000 1223.0000 369.0000 1.4816 1.5993 3.9530 4.5465 1.3940 1.6907 -4.6977 -5.8867
Car -1 -1 -7.8618 259.1863 177.3000 305.1858 214.7596 1.3977 1.5816 3.5425 -12.9542 1.2785 28.3203 -8.2848 -5.9022
Car -1 -1 -7.2671 1223.0000 161.3623 1223.0000 369.0000 1.3928 1.5313 3.9167 7.7800 1.2662 5.5743 -6.3433 -5.9317
Car -1 -1 -2.7441 415.4967 153.5115 506.0544 184.1003 1.4407 1.5809 4.0301 -7.0284 0.1697 34.4759 -2.9413 -5.9527
Car -1 -1 -7.7904 576.6373 148.4565 611.9531 178.8461 1.7722 1.9235 3.7950 -0.6192 -0.1060 43.3888 -7.8025 -5.9756
Car -1 -1 -7.8598 185.0532 155.9342 240.4258 197.4188 1.4967 1.7774 4.1189 -15.4031 0.6107 27.7418 -8.3597 -6.0461
Car -1 -1 -3.7620 0.0000 90.8503 50.8395 369.0000 1.6974 1.7441 4.4064 -6.3918 1.3883 4.6824 -4.6663 -6.2564
Car -1 -1 -1.9958 19.6381 156.7473 121.3587 202.4046 1.7049 1.7885 3.9229 -21.3083 0.8182 28.1340 -2.6366 -6.4087
Car -1 -1 -7.3517 42.9940 160.8506 120.1319 191.0588 1.6332 1.7170 4.2015 -29.8157 0.5710 40.4197 -7.9815 -6.4313
