Car -1 -1 -6.1480 0.0000 153.5060 40.8068 201.9860 1.7319 1.7216 4.0815 -24.3521 0.7678 27.1074 -6.8721 -2.0994
Car -1 -1 -7.7659 360.9191 152.9799 390.2451 176.5219 1.6331 1.6962 3.9039 -16.7763 -0.3035 51.8451 -8.0750 -2.3878
Car -1 -1 -2.8461 0.0000 161.4342 53.9172 195.8992 1.5431 1.5843 3.5799 -28.2614 0.6897 33.0906 -3.5463 -2.7425
Car -1 -1 -2.2252 0.0000 158.7643 66.4752 205.8037 1.4991 1.6663 4.0303 -20.5815 0.8067 23.7704 -2.9301 -3.2587
Car -1 -1 -7.5963 298.1163 158.6321 367.4597 199.2420 1.4492 1.5917 3.6192 -10.3754 0.6691 27.1123 -7.9558 -3.4294
Car -1 -1 -5.9595 89.8575 160.7804 214.9964 204.4873 1.7119 1.7008 3.9871 -18.4674 0.9398 28.9880 -6.5199 -3.6143
Car -1 -1 -2.4100 288.8062 153.5404 374.6728 183.2413 1.4738 1.6721 4.0798 -14.1586 0.1362 36.5977 -2.7740 -3.6484
Car -1 -1 -7.5589 345.2286 155.3494 385.2870 178.2882 1.5095 1.5905 3.7287 -16.4868 -0.1585 48.7764 -7.8808 -4.0429
Car -1 -1 -4.7512 567.1446 177.3434 613.3912 216.2354 1.3760 1.6103 3.5016 -0.6441 1.2646 26.8122 -4.7732 -4.0837
Car -1 -1 -5.3438 16.9580 150.9790 130.6879 192.3596 1.6166 1.6870 4.0458 -21.8195 0.4636 29.0297 -5.9810 -4.1088
Car -1 -1 -5.5315 0.0000 158.5421 245.0645 297.2334 1.5494 1.6605 3.8018 -6.8959 1.3045 8.9392 -6.1694 -4.3935
Car -1 -1 -6.4409 540.4703 144.2857 611.1447 172.1368 1.5810 1.8462 3.9756 -1.7784 -0.5145 42.2090 -6.4805 -4.5365
Car -1 -1 -7.6532 0.0000 111.4681 257.3981 369.0000 1.8016 1.9081 4.3632 -4.4803 1.4027 6.4697 -8.2342 -4.5733
Car -1 -1 -2.2520 98.1268 142.9420 205.1725 180.5925 1.6800 1.8103 4.4953 -21.2509 0.0043 33.1256 -2.8159 -4.7434
Car -1 -1 -7.9074 180.4279 152.6252 224.3395 186.8083 1.5447 1.6431 4.0378 -19.4750 0.2853 34.0961 -8.4202 -4.7478
Car -1 -1 -4.7000 380.6478 152.8489 407.1665 175.8974 1.5358 1.7317 3.7372 -14.8808 -0.3385 49.9605 -4.9856 -4.7511
Car -1 -1 -7.8922 247.3993 168.0993 312.6066 224.8536 1.3930 1.4837 3.1847 -8.8694 1.0890 19.1102 -8.3184 -4.8151
Car -1 -1 -5.8651 356.0183 155.9108 445.2525 188.3759 1.5576 1.6786 3.9035 -10.1091 0.3780 35.0298 -6.1415 -4.8905
Car -1 -1 -6.3345 539.0199 145.2129 617.3006 173.9698 1.5465 1.7049 4.2856 -1.5473 -0.3746 39.5327 -6.3711 -5.0050
Car -1 -1 -4.3274 28.9924 156.3218 172.8741 225.0812 1.6115 1.6517 4.0662 -13.1766 1.0452 18.7349 -4.9304 -5.0097
Car -1 -1 -3.1093 305.7684 146.5351 388.3269 180.1895 1.7809 1.6986 4.1821 -14.1320 -0.0176 38.8918 -3.4531 -5.0348
Car -1 -1 -5.0202 554.1448 148.1244 609.0493 179.2899 1.4532 1.6481 3.8252 -1.2437 -0.0637 35.2090 -5.0530 -5.0534
Car -1 -1 -4.5073 430.0806 164.6316 471.1486 188.8049 1.5222 1.8652 3.9393 -10.0998 0.5230 46.4979 -4.7179 -5.1421
Car -1 -1 -3.2956 487.3120 150.4658 567.2618 179.5348 1.4528 1.5893 3.9290 -4.0653 -0.0517 36.6977 -3.4028 -5.2673
Car -1 -1 -5.3810 353.9428 153.3763 440.3549 186.7670 1.4750 1.6619 4.1705 -9.7906 0.2770 33.1199 -5.6637 -5.2784
Car -1 -1 -7.9237 252.9660 164.1387 316.5781 219.6485 1.5707 1.5452 4.1370 -10.1537 1.1080 22.1949 -8.3455 -5.3607
Car -1 -1 -2.7683 62.5218 164.4617 296.7220 238.6409 1.5050 1.7032 4.0564 -9.1746 1.1800 15.4910 -3.2921 -5.4553
Car -1 -1 -4.7642 421.2120 146.5744 454.2064 173.5867 1.5304 1.7741 3.7742 -10.2601 -0.4422 43.1732 -4.9937 -5.4955
Car -1 -1 -8.0019 404.3577 158.7214 444.2225 186.6620 1.7300 1.9192 4.2537 -11.8350 0.3816 46.1114 -8.2495 -5.5793
Car -1 -1 -2.1134 24.9551 144.4412 168.6621 198.5629 1.4917 1.6202 4.0816 -15.1741 0.4982 21.0489 -2.7286 -5.6284
Car -1 -1 -6.0391 199.0290 143.5810 285.7390 179.2284 1.8242 1.6831 3.7973 -19.1782 -0.0696 37.5120 -6.5061 -5.6841
Car -1 -1 -5.8271 1223.0000 22.5190 1223.0000 369.0000 1.4271 1.5427 4.0365 5.4248 1.2947 2.6441 -4.7552 -5.7681
Car -1 -1 -5.7972 1223.0000 61.1187 1223.0000 369.0000 1.4780 1.5971 4.0383 6.9649 1.2594 3.3214 -4.7069 -5.8830
Car -1 -1 -5.5148 0.0000 0.0000 1190.3903 369.0000 1.4976 1.6023 3.9572 2.1350 1.4867 1.6875 -4.6976 -5.8867
Car -1 -1 -5.3605 0.0000 0.0000 1223.0000 369.0000 1.5003 1.6068 4.0566 40.2168 0.4537 -0.2719 -3.7896 -5.8867
Car -1 -1 -5.0459 830.9512 148.6088 914.6843 189.1026 1.3211 1.5619 3.8717 9.3294 0.2809 25.0201 -4.6911 -5.8867
Car -1 -1 -9.0046 0.0000 0.0000 1223.0000 369.0000 1.4667 1.5874 3.8357 3.5217 1.3907 1.3447 -7.8745 -5.8867
Car -1 -1 -7.7681 264.1685 0.0000 1223.0000 369.0000 1.4436 1.5547 4.0617 0.4264 1.4201 1.1650 -7.4858 -5.8958
Car -1 -1 -7.2151 1223.0000 167.1336 1223.0000 364.9222 1.4327 1.5681 3.9990 7.8682 1.3363 5.9736 -6.3175 -5.9586
Car -1 -1 -3.8619 0.0000 38.4331 86.5675 369.0000 1.6500 1.7888 4.7824 -5.6882 1.2977 4.1869 -4.7600 -6.0974
Car -1 -1 -3.2362 0.0000 152.2100 113.3742 204.1369 1.7486 1.6619 4.4576 -20.9144 0.7962 25.9520 -3.9065 -6.1216
Car -1 -1 -6.1564 565.6717 145.0565 650.0704 179.0953 1.5154 1.6103 3.7173 0.1429 -0.0667 32.6094 -6.1498 -6.3118
Car -1 -1 -6.2285 384.3112 159.5278 444.0471 192.7259 1.7478 1.5725 3.0390 -10.3066 0.6438 38.3024 -6.4874 -6.3893
Car -1 -1 -4.2217 55.9226 160.1161 130.8067 193.4112 1.5591 1.5876 3.3499 -25.1597 0.6048 34.8713 -4.8404 -6.5538
