Car -1 -1 -7.8156 247.6148 165.7100 320.1602 226.7502 1.4751 1.6092 3.6800 -8.6083 1.1180 19.0933 -8.2310 -1.8005
Car -1 -1 -3.1969 491.8625 148.4371 573.2803 179.0746 1.5563 1.7139 4.1707 -3.8552 -0.0772 37.1958 -3.2971 -2.8454
Car -1 -1 -6.3552 0.0000 155.8181 86.6129 188.2086 1.6423 1.7607 4.1099 -30.4459 0.3910 37.8884 -7.0260 -3.3403
Car -1 -1 -4.4409 89.3100 162.5253 187.9008 214.7471 1.5205 1.6196 3.9014 -14.8557 0.9975 22.6899 -5.0122 -3.3994
Car -1 -1 -7.9377 415.9651 152.2868 448.9081 182.1802 1.8725 1.7571 4.3898 -11.4311 0.1053 46.6476 -8.1744 -3.5249
Car -1 -1 -7.7843 181.5359 167.6841 263.6680 227.4865 1.3799 1.5794 3.6931 -9.8342 1.0845 18.3233 -8.2677 -3.6740
Car -1 -1 -6.0578 90.7644 164.6243 203.0935 207.4919 1.6697 1.6705 3.5691 -18.6554 1.0516 28.9230 -6.6237 -3.9079
Car -1 -1 -7.8432 360.0307 152.7911 386.4080 176.7870 1.5722 1.6733 3.5762 -15.9956 -0.2670 48.8863 -8.1554 -3.9433
Car -1 -1 -7.6815 410.6261 148.1045 445.4267 176.0842 2.0347 1.8330 4.5632 -13.5766 -0.3550 54.4960 -7.9222 -3.9719
Car -1 -1 -3.1516 0.0000 108.6720 263.4171 369.0000 1.7587 1.5534 3.1422 -4.2319 1.4464 4.6910 -3.8505 -4.2690
Car -1 -1 -6.1132 478.6397 154.6001 569.1180 189.0506 1.5737 1.6830 3.9990 -3.7910 0.3908 33.2568 -6.2235 -4.2968
Car -1 -1 -5.9326 119.2709 160.2239 295.5899 217.4579 1.5893 1.6927 4.1922 -11.5804 1.0266 20.7826 -6.4324 -4.3132
Car -1 -1 -2.1865 102.3704 150.3869 204.0982 188.4614 1.7153 1.7798 4.5538 -21.4593 0.3589 33.5469 -2.7492 -4.3469
Car -1 -1 -7.8622 644.1281 161.0529 745.2736 248.1187 1.5082 1.7520 3.9926 1.7325 1.1717 14.3295 -7.7426 -4.4113
Car -1 -1 -7.5313 339.3868 162.0085 374.0698 180.4780 1.4515 1.5778 3.6308 -20.0997 -0.0019 57.3970 -7.8645 -4.5008
Car -1 -1 -5.6234 526.6412 150.6817 592.9650 178.2207 1.4784 1.6137 3.4735 -2.5764 -0.1337 39.8750 -5.6853 -4.5531
Car -1 -1 -7.7402 173.5951 151.1019 226.5934 185.1497 1.5375 1.7378 4.1607 -19.5117 0.2102 34.1835 -8.2527 -4.5558
Car -1 -1 -6.0625 466.4607 155.2975 563.5936 192.7988 1.5490 1.6264 3.8521 -3.8262 0.5082 30.2027 -6.1851 -4.6027
Car -1 -1 -2.8427 0.0000 157.1425 56.6097 191.9045 1.5586 1.7767 3.6801 -28.3374 0.5115 33.2371 -3.5420 -4.6391
Car -1 -1 -2.4930 154.7586 162.5849 275.1101 204.0888 1.4870 1.6229 3.7207 -14.5593 0.8454 26.4160 -2.9896 -4.7538
Car -1 -1 -3.1782 315.4715 145.3549 389.9461 178.7130 1.7515 1.7393 3.7711 -13.8482 -0.1017 38.7857 -3.5163 -4.8005
Car -1 -1 -2.7084 0.0000 164.4653 61.0309 206.9418 1.5887 1.6562 4.3014 -24.3465 0.9892 27.8315 -3.4196 -4.8403
Car -1 -1 -6.4031 328.9735 153.0159 388.7382 177.5493 1.6859 1.6563 3.8708 -17.5959 -0.2176 50.5588 -6.7340 -4.9249
Car -1 -1 -6.8976 0.0000 168.5832 79.2458 220.0004 1.5513 1.5380 3.2553 -19.4009 1.1920 23.1048 -7.5875 -4.9609
Car -1 -1 -3.1319 488.6672 172.4815 587.9623 211.4175 1.4934 1.5841 3.8142 -2.6555 1.1861 28.0644 -3.2234 -5.0358
Car -1 -1 -5.8124 13.7916 164.3542 149.0926 214.5622 1.7695 1.6007 3.6766 -19.1777 1.2007 25.9964 -6.4403 -5.1542
Car -1 -1 -7.3171 0.0000 158.8348 87.1108 198.1211 1.5643 1.6057 3.9205 -24.1846 0.7019 30.2020 -7.9852 -5.3893
Car -1 -1 -7.5778 362.5655 161.3864 395.9492 180.8035 1.5277 1.6044 3.7975 -18.3184 0.0238 57.5487 -7.8825 -5.5226
Car -1 -1 -5.7170 1223.0000 0.0000 1223.0000 369.0000 1.4471 1.5788 4.0066 5.7860 1.3176 2.5391 -4.6040 -5.8288
Car -1 -1 -7.5171 569.7549 144.7604 618.4456 173.4047 1.5564 1.7108 3.7374 -0.5986 -0.4366 41.4763 -7.5292 -5.9111
Car -1 -1 -3.7127 0.0000 76.0466 67.9443 369.0000 1.7231 1.7734 4.4664 -6.3793 1.3657 4.7343 -4.6111 -6.0916
Car -1 -1 -2.7769 355.3243 149.4174 422.1190 177.9217 1.7843 1.5817 3.7829 -13.8482 -0.1687 45.3539 -3.0692 -6.6512
Car -1 -1 -2.1593 26.9626 162.3761 126.5493 204.5871 1.5890 1.6500 3.2310 -20.8887 0.9070 27.9425 -2.7938 -6.6742
