Car -1 -1 -7.8079 240.0848 175.9182 311.5739 234.0690 1.3955 1.5381 3.5401 -8.7400 1.2859 18.8965 -8.2329 0.1709
Car -1 -1 -3.3323 372.3620 152.8123 434.2446 177.0111 1.6940 1.7575 4.0956 -14.7372 -0.2635 51.6901 -3.6063 -3.4953
Car -1 -1 -7.5728 67.9227 153.9075 141.3277 192.5537 1.7929 1.8016 4.4149 -24.7933 0.5594 35.1817 -8.1805 -3.5560
Car -1 -1 -5.8121 0.0000 160.4266 50.5024 205.4816 1.6886 1.6797 3.8302 -24.4681 0.9365 27.7767 -6.5266 -3.5600
Car -1 -1 -7.7429 177.2382 172.1384 264.3846 232.9848 1.4035 1.5470 3.6470 -9.8564 1.2109 18.2887 -8.2280 -3.6031
Car -1 -1 -5.8790 460.2557 153.6237 561.0036 189.9217 1.6447 1.7661 4.3892 -4.4721 0.4271 33.4831 -6.0085 -3.6702
Car -1 -1 -7.7764 325.8747 153.5913 366.9508 185.9741 1.5218 1.6183 3.7937 -12.8589 0.2574 35.2703 -8.1210 -3.9962
Car -1 -1 -6.0824 0.0000 165.6194 108.5523 216.8811 1.7064 1.6881 4.0854 -20.3505 1.2113 25.2143 -6.7534 -4.0676
Car -1 -1 -2.8913 0.0000 155.7099 51.3357 190.5053 1.5489 1.6390 3.7937 -28.4674 0.4456 33.0423 -3.5957 -4.0880
Car -1 -1 -2.9295 93.9960 165.6975 212.7977 207.8170 1.6383 1.6583 3.8297 -18.3869 1.0628 28.9331 -3.4888 -4.1556
Car -1 -1 -7.4527 55.8744 155.3189 126.7138 186.1049 1.6802 1.8135 4.1487 -29.5516 0.3060 40.8111 -8.0737 -4.2143
Car -1 -1 -7.8755 414.6526 152.9530 443.6093 183.2300 1.8958 1.7662 4.2752 -11.6245 0.1710 46.5660 -8.1165 -4.2488
Car -1 -1 -7.5268 339.2756 162.0252 374.2447 180.5282 1.4539 1.5749 3.6659 -20.0952 0.0022 57.3937 -7.8599 -4.4964
Car -1 -1 -7.9660 524.3582 145.5505 559.6010 175.1151 1.6406 1.6748 3.7700 -3.7942 -0.3350 41.9843 -8.0533 -4.6329
Car -1 -1 -5.9864 353.4575 154.6676 415.3490 177.2368 1.5542 1.6559 3.8418 -15.4887 -0.2335 49.7600 -6.2843 -4.7502
Car -1 -1 -5.7916 471.7643 152.2699 552.0000 181.7920 1.4831 1.4805 3.9194 -4.8779 0.0651 36.9092 -5.9198 -4.7624
Car -1 -1 -6.1717 96.9436 161.6784 201.7042 194.9103 1.5543 1.6973 4.1576 -22.2862 0.6742 34.7422 -6.7360 -4.8743
Car -1 -1 -7.1143 275.6264 174.1413 399.1195 228.4448 1.3730 1.5436 3.0391 -7.3517 1.2126 19.5761 -7.4663 -5.0539
Car -1 -1 -4.1908 7.7124 156.7759 92.8098 188.2163 1.5822 1.8382 3.9262 -29.4323 0.3885 37.6519 -4.8482 -5.1676
Car -1 -1 -7.7403 168.2507 149.4993 227.4276 189.5475 1.6516 1.7855 4.2306 -18.0417 0.3733 31.4556 -8.2546 -5.1678
Car -1 -1 -5.7431 547.0154 141.4185 633.7449 179.3412 1.7591 1.7148 3.9228 -0.7499 -0.0594 34.6225 -5.7623 -5.2536
Car -1 -1 -4.1498 0.0000 153.1071 76.6177 190.7544 1.5109 1.6954 4.3597 -25.1961 0.4118 30.6402 -4.8309 -5.2819
Car -1 -1 -7.8835 186.9080 158.3556 239.3785 201.5011 1.5449 1.6722 4.1680 -15.3358 0.7522 27.5372 -8.3847 -5.3464
Car -1 -1 -3.1840 360.7331 153.9280 442.7304 187.1209 1.5770 1.5999 3.8150 -10.0652 0.3147 34.9498 -3.4599 -5.3571
Car -1 -1 -2.7754 0.0000 93.9828 274.1870 369.0000 1.8529 1.6450 2.9387 -4.0788 1.4038 4.8893 -3.4372 -5.4119
Car -1 -1 -2.7087 0.0000 172.8806 237.6192 303.8685 1.4802 1.5722 3.8583 -7.1429 1.3945 9.1618 -3.3523 -5.4342
Car -1 -1 -7.5783 362.5415 161.4169 395.8825 180.7852 1.5238 1.6025 3.7977 -18.3218 0.0224 57.5475 -7.8830 -5.5064
Car -1 -1 -2.8346 429.8102 151.1956 519.1772 185.3631 1.5099 1.5617 3.7107 -5.9428 0.2151 32.2568 -3.0129 -5.6501
Car -1 -1 -6.2670 524.4040 162.9145 646.3362 208.5482 1.4928 1.6933 3.9914 -0.6841 0.9178 23.9964 -6.2932 -5.6575
Car -1 -1 -6.2397 345.9916 148.9967 424.6278 186.8468 1.6277 1.5437 3.2777 -9.7686 0.2731 31.5615 -6.5349 -5.6930
Car -1 -1 -7.6822 532.1831 151.9325 589.0515 191.9055 1.4221 1.5463 3.7549 -1.6595 0.4060 27.1067 -7.7405 -5.7798
Car -1 -1 -5.8004 1223.0000 33.1099 1223.0000 369.0000 1.4212 1.5464 4.0862 5.4314 1.3017 2.6291 -4.7258 -5.8212
Car -1 -1 -3.8682 0.0000 9.1571 135.7887 369.0000 1.9193 1.8612 4.7347 -5.8254 1.3061 4.9065 -4.7052 -5.8400
Car -1 -1 -5.7942 1223.0000 64.8186 1223.0000 369.0000 1.4820 1.6007 4.0394 6.9655 1.2712 3.3176 -4.7034 -5.8806
Car -1 -1 -7.7062 348.1262 0.0000 1223.0000 369.0000 1.4369 1.5258 4.0726 0.4559 1.3925 1.2148 -7.4146 -5.9216
Car -1 -1 -7.4224 1223.0000 163.2365 1223.0000 369.0000 1.3778 1.5402 4.1191 7.8940 1.2696 5.6411 -6.4970 -6.0212
Car -1 -1 -4.8233 522.4147 160.5257 566.8495 198.3684 1.5639 1.5693 3.4658 -2.7259 0.7386 31.0718 -4.9080 -6.0993
Car -1 -1 -2.2262 24.1293 165.7858 154.1284 217.0375 1.8709 1.9174 4.1938 -19.9423 1.3340 27.3323 -2.8492 -6.1248
Car -1 -1 -6.3408 359.8154 163.0752 438.7440 191.4620 1.4737 1.5176 4.0062 -11.0994 0.5692 38.0852 -6.6202 -6.3804
Car -1 -1 -6.2854 512.4203 168.5578 644.8337 217.2165 1.3801 1.3890 3.7668 -0.8093 1.0417 20.8206 -6.3218 -6.5399
Car -1 -1 -5.6621 424.8887 146.9004 511.2857 177.9174 1.8645 1.9240 5.2371 -8.6958 -0.1708 44.8023 -5.8503 -6.7206
