Car -1 -1 -6.2362 0.0000 153.4028 84.2578 185.8311 1.6588 1.7815 3.9022 -30.4580 0.2729 38.0287 -6.9054 -2.7636
Car -1 -1 -2.9851 494.2008 145.3941 576.3544 177.9978 1.5907 1.6056 3.9075 -3.4855 -0.1290 35.5596 -3.0797 -3.1344
Car -1 -1 -7.8501 415.7553 152.4751 444.3399 181.8881 1.8398 1.7442 4.4561 -11.5151 0.0869 46.5971 -8.0888 -3.5733
Car -1 -1 -3.0615 0.0000 164.7136 59.0114 206.0669 1.5167 1.6684 3.4971 -23.6084 0.9380 27.6273 -3.7610 -4.0203
Car -1 -1 -7.4616 343.2988 155.4008 386.2339 179.1214 1.5699 1.5682 3.5272 -16.5368 -0.0987 48.8191 -7.7841 -4.0679
Car -1 -1 -2.7881 556.5782 145.5248 652.3029 181.5594 1.5536 1.6604 3.9990 -0.0427 0.0459 31.9572 -2.7872 -4.0736
Car -1 -1 -7.5232 516.0969 147.3754 573.8557 180.4995 1.4730 1.6256 3.6101 -2.7929 0.0001 33.3920 -7.6037 -4.0739
Car -1 -1 -7.2286 496.1426 150.7517 568.7622 181.8154 1.5707 1.7185 4.2434 -3.8443 0.0667 38.0180 -7.3265 -4.1587
Car -1 -1 -6.6188 377.1295 153.1569 433.1999 177.4290 1.7008 1.7547 3.5711 -14.6044 -0.2322 51.7234 -6.8903 -4.1719
Car -1 -1 -7.7125 411.4568 147.8502 444.5065 175.2839 1.9865 1.8314 4.5602 -13.5725 -0.4192 54.4558 -7.9533 -4.3512
Car -1 -1 -5.7830 456.8081 147.0802 542.6191 181.0576 1.5390 1.6217 3.6882 -4.9918 0.0254 33.4276 -5.9276 -4.4047
Car -1 -1 -4.7049 542.1376 183.5541 593.7759 231.9539 1.3580 1.4661 3.6004 -1.1686 1.4607 21.8984 -4.7558 -4.7196
Car -1 -1 -6.3468 331.4366 153.1429 388.2387 177.8072 1.7016 1.6351 3.7479 -17.5368 -0.1982 50.5749 -6.6766 -4.7670
Car -1 -1 -2.4582 0.0000 165.0698 65.9353 212.0198 1.5118 1.6055 3.3626 -20.3294 1.0152 23.6018 -3.1607 -4.7876
Car -1 -1 -5.9010 202.7076 150.2575 287.1036 184.2310 1.7511 1.7101 3.6060 -19.0265 0.1925 37.4445 -6.3656 -4.8643
Car -1 -1 -4.0817 0.0000 153.4088 153.9583 228.5718 1.5120 1.5351 3.4187 -12.0595 0.9674 15.9366 -4.7178 -4.8760
Car -1 -1 -6.1002 556.4826 142.9819 641.8986 178.6784 1.7021 1.7177 3.9849 -0.2772 -0.0932 35.0335 -6.1059 -4.9587
Car -1 -1 -4.4117 51.6332 151.1696 117.1400 182.4533 1.5697 1.7760 3.6572 -27.5301 0.0982 37.4941 -5.0389 -5.0089
Car -1 -1 -3.0834 276.4020 165.3094 407.3470 223.7136 1.4552 1.4792 3.1437 -6.9324 1.0771 18.7729 -3.4297 -5.0772
Car -1 -1 -5.6970 90.6270 151.8966 203.1464 185.1535 1.5516 1.7714 4.2708 -21.9263 0.2173 33.9128 -6.2645 -5.1106
Car -1 -1 -5.1349 555.5780 145.9435 614.9601 176.9333 1.5430 1.6052 4.1934 -1.1392 -0.2026 37.9568 -5.1625 -5.1464
Car -1 -1 -3.3989 362.0277 152.7092 446.5772 183.9946 1.4827 1.5370 3.7771 -9.9723 0.1658 35.1258 -3.6710 -5.1713
Car -1 -1 -7.8388 364.6347 151.1145 409.8117 191.8458 1.6352 1.7489 4.0068 -9.3861 0.4557 30.5513 -8.1319 -5.2150
Car -1 -1 -2.5844 68.3568 155.0322 194.2484 194.9690 1.6075 1.6452 4.0971 -19.6008 0.5826 29.3328 -3.1664 -5.2934
Car -1 -1 -6.0853 0.0000 163.6682 37.7353 199.2272 1.5816 1.5831 3.5909 -28.9475 0.8331 33.0214 -6.7984 -5.3393
Car -1 -1 -4.5437 303.3162 156.7432 367.0656 200.8689 1.5556 1.5952 4.0672 -10.2637 0.7183 27.0728 -4.9001 -5.4485
Car -1 -1 -7.5543 0.0000 120.2128 259.2810 369.0000 1.8221 1.5423 2.8233 -3.8398 1.4907 5.4637 -8.1382 -5.5405
Car -1 -1 -5.1642 1221.0720 102.5539 1223.0000 369.0000 1.4414 1.7873 4.6024 5.9836 1.2029 4.6325 -4.2833 -5.6276
Car -1 -1 -3.9393 0.0000 169.5092 30.2222 215.1738 1.4639 1.6145 3.6084 -22.2728 1.1119 24.5045 -4.6687 -5.6769
Car -1 -1 -4.9525 349.2851 153.4227 422.3500 195.0829 1.4736 1.6694 4.5686 -8.6015 0.5161 27.3978 -5.2513 -5.7617
Car -1 -1 -2.9283 350.1383 150.7043 418.8163 178.8955 1.7502 1.6078 3.9173 -13.9855 -0.1042 44.9711 -3.2257 -5.7671
Car -1 -1 -4.8979 716.9711 158.1974 777.8801 197.2074 1.3886 1.5851 3.8540 5.3464 0.5950 27.1016 -4.7034 -5.7751
Car -1 -1 -7.7576 276.8657 0.0000 1223.0000 369.0000 1.4344 1.5356 4.0225 0.4152 1.4047 1.1564 -7.4806 -5.8343
Car -1 -1 -9.1892 0.0000 0.0000 1223.0000 369.0000 1.4542 1.5849 3.8320 6.3327 1.3062 1.3446 -7.8744 -5.8867
Car -1 -1 -5.0443 831.1026 144.8250 914.5161 184.7441 1.3025 1.5594 3.8617 9.3288 0.1387 25.0177 -4.6895 -5.8867
Car -1 -1 -5.8135 1223.0000 105.0566 1223.0000 369.0000 1.4804 1.5917 3.9436 7.3718 1.3378 3.3223 -4.7003 -5.8867
Car -1 -1 -5.3605 0.0000 0.0000 1223.0000 369.0000 1.5003 1.6068 4.0566 40.2168 0.4537 -0.2719 -3.7896 -5.8867
Car -1 -1 -5.8530 0.0000 0.0000 1223.0000 369.0000 1.4825 1.5996 3.9533 4.5465 1.3974 1.6908 -4.6977 -5.8867
Car -1 -1 -5.6699 0.0000 0.0000 1223.0000 369.0000 1.4924 1.6017 3.9561 2.9389 1.4553 1.6885 -4.6976 -5.8867
Car -1 -1 -4.5734 334.2953 164.5007 374.0685 192.8320 1.3817 1.4815 3.1684 -12.8044 0.6016 36.1799 -4.9088 -5.9389
Car -1 -1 -5.6236 425.5913 147.2061 503.3929 175.9757 1.7273 1.7430 4.7839 -8.9430 -0.2990 44.8877 -5.8168 -5.9656
Car -1 -1 -5.9145 496.5983 152.5308 587.4735 189.9125 1.5296 1.5098 3.5552 -2.6960 0.3854 30.1526 -6.0006 -5.9976
Car -1 -1 -5.1091 248.5746 220.6430 742.6891 369.0000 1.2380 1.5789 2.9918 -0.9431 1.5589 3.9679 -5.3235 -6.1949
Car -1 -1 -3.9077 0.0000 45.9362 69.3892 369.0000 1.6464 1.7813 4.5882 -5.7003 1.2989 4.1957 -4.8060 -6.3230
Car -1 -1 -5.6838 0.0000 164.0598 132.1890 213.9803 1.7312 1.8204 4.3652 -19.9325 1.1613 25.5492 -6.3384 -6.8684
Car -1 -1 -4.6032 364.5627 168.5757 399.4389 195.7295 1.3894 1.4336 3.1745 -11.9189 0.7794 37.8738 -4.9038 -7.1953
