Car -1 -1 -7.8543 242.3605 165.9270 311.5471 226.0259 1.4569 1.5508 3.6294 -8.8792 1.1040 19.1134 -8.2809 -2.7033
Car -1 -1 -7.1620 45.0252 156.1199 130.3389 187.3619 1.6878 1.7135 4.0629 -29.3659 0.3708 40.2815 -7.7862 -3.0368
Car -1 -1 -7.7264 413.7265 148.9275 445.4891 175.5623 1.9334 1.8125 4.4428 -13.4586 -0.3967 54.4884 -7.9651 -3.3987
Car -1 -1 -7.8788 416.0784 149.4602 445.8486 180.5259 1.9408 1.7997 4.6192 -11.5255 0.0017 46.6366 -8.1175 -3.5194
Car -1 -1 -6.5711 375.3466 153.0915 434.0394 177.4155 1.7047 1.7671 3.7909 -14.6489 -0.2335 51.7549 -6.8433 -3.6795
Car -1 -1 -2.7630 56.1148 152.2246 184.4656 194.4835 1.6509 1.6490 3.9952 -19.6932 0.5465 28.8496 -3.3548 -4.3098
Car -1 -1 -2.9295 0.0000 162.5918 52.8871 198.5482 1.6037 1.5736 3.3542 -28.0704 0.8052 33.0146 -3.6275 -4.3580
Car -1 -1 -7.9797 240.3162 166.0392 317.6666 217.7495 1.4470 1.6460 4.6288 -10.3494 1.0427 22.1861 -8.4088 -4.3637
Car -1 -1 -7.9082 247.9212 146.1678 288.2381 181.0196 1.7923 1.7747 4.2836 -18.4822 0.0269 38.6681 -8.3488 -4.5186
Car -1 -1 -7.6947 90.8146 159.6159 149.7025 194.1348 1.6120 1.7818 4.0139 -24.0690 0.6369 35.2131 -8.2881 -4.6864
Car -1 -1 -5.5943 380.8098 154.1244 439.0877 177.0556 1.5543 1.7722 3.6880 -13.7804 -0.2510 49.9613 -5.8597 -4.7644
Car -1 -1 -3.9832 0.0000 169.0054 75.6091 222.0258 1.5474 1.5355 3.7069 -19.0890 1.2122 22.5145 -4.6776 -4.8315
Car -1 -1 -3.9973 0.0000 152.6529 7.6030 195.3595 1.4099 1.5690 3.7482 -23.6844 0.4908 25.2388 -4.7426 -4.8504
Car -1 -1 -7.8087 525.0372 144.0858 555.2215 173.4530 1.6479 1.6321 3.6481 -3.8624 -0.4413 42.4253 -7.8966 -4.9128
Car -1 -1 -4.4084 0.0000 156.8100 58.0905 200.5666 1.4869 1.6175 4.2700 -22.0872 0.6821 26.3083 -5.0988 -5.0133
Car -1 -1 -4.8907 547.5582 148.3287 591.4647 179.3896 1.5165 1.6246 3.8099 -1.9113 -0.0607 36.7061 -4.9402 -5.0623
Car -1 -1 -4.3400 355.2171 172.1618 411.2286 201.3829 1.4748 1.5375 3.8550 -11.7561 1.0541 37.6650 -4.6384 -5.0959
Car -1 -1 -7.9954 560.9139 146.7901 594.9086 175.1824 1.5272 1.5363 2.9105 -1.5834 -0.3139 40.1887 -8.0323 -5.2240
Car -1 -1 -6.2004 565.8400 140.5085 654.9217 175.6225 1.6505 1.7091 4.2269 0.2845 -0.2456 34.5734 -6.1900 -5.2804
Car -1 -1 -8.0152 367.0594 152.0847 427.2467 192.2575 1.5071 1.7049 4.1918 -8.5536 0.4413 28.7836 -8.2989 -5.3022
Car -1 -1 -2.3580 0.0000 147.9679 23.1458 186.9561 1.4674 1.7125 3.6778 -25.2151 0.2432 27.5600 -3.0911 -5.3108
Car -1 -1 -5.6909 355.6422 152.9577 462.0066 187.7637 1.5437 1.6512 4.6406 -9.1429 0.3224 32.8841 -5.9575 -5.4271
Car -1 -1 -7.5797 0.0000 121.9623 281.0908 369.0000 1.7747 1.5965 3.2835 -3.9269 1.4295 5.9746 -8.1352 -5.4371
Car -1 -1 -5.8346 34.0857 162.1375 157.6176 213.4596 1.8153 1.4810 3.3851 -18.6788 1.1660 26.0187 -6.4496 -5.4499
Car -1 -1 -3.2052 364.3162 146.9675 445.0593 177.4724 1.6402 1.7669 4.2815 -11.3134 -0.1772 39.8619 -3.4775 -5.4886
Car -1 -1 -7.6089 237.8357 154.3808 284.9425 183.9348 1.4330 1.4562 2.9902 -17.4075 0.1667 35.8926 -8.0548 -5.5568
Car -1 -1 -3.2391 374.6278 152.3820 461.4479 181.8829 1.4187 1.6191 4.0763 -9.4000 0.0667 35.4650 -3.4938 -5.7812
Car -1 -1 -5.8325 1223.0000 58.8082 1223.0000 369.0000 1.4558 1.5816 3.9903 6.5892 1.2967 2.9270 -4.7184 -5.8303
Car -1 -1 -3.0980 364.4073 150.2516 427.3259 177.1192 1.6546 1.6045 3.7762 -13.2850 -0.2214 45.0783 -3.3805 -5.8732
Car -1 -1 -2.8928 171.9253 141.1504 268.4460 177.6266 1.8209 1.6783 4.1263 -19.9626 -0.1548 36.8120 -3.3838 -5.8740
Car -1 -1 -7.7141 360.0571 0.0000 1223.0000 369.0000 1.4439 1.5492 4.0929 0.3979 1.4282 1.1413 -7.4455 -5.8741
Car -1 -1 -5.7766 0.0000 0.0000 1223.0000 369.0000 1.4870 1.5999 3.9546 3.7427 1.4252 1.6900 -4.6977 -5.8867
Car -1 -1 -5.9099 0.0000 0.0000 1223.0000 369.0000 1.4739 1.5977 3.9500 5.3503 1.3557 1.6914 -4.6977 -5.8867
Car -1 -1 -5.3605 0.0000 0.0000 1223.0000 369.0000 1.5003 1.6068 4.0566 40.2168 0.4537 -0.2719 -3.7896 -5.8867
Car -1 -1 -7.1442 1223.0000 176.1954 1223.0000 369.0000 1.4151 1.5352 3.7831 7.8817 1.3844 5.9487 -6.2439 -5.9212
Car -1 -1 -2.8350 494.8020 150.7466 570.9391 177.1796 1.3878 1.5904 3.8328 -3.9309 -0.1866 38.5912 -2.9335 -5.9616
Car -1 -1 -4.1094 0.0000 56.0434 22.7444 369.0000 1.6759 1.7839 4.6850 -5.7250 1.3800 4.1845 -5.0110 -6.5062
