Car -1 -1 -7.7836 176.2158 168.9859 259.8606 229.9967 1.3992 1.5917 3.7930 -9.9194 1.1355 18.2720 -8.2717 -3.3221
Car -1 -1 -7.7285 358.7429 153.9763 390.6926 177.3620 1.6158 1.7325 3.8314 -16.7071 -0.2374 51.4450 -8.0386 -3.5039
Car -1 -1 -2.7205 0.0000 163.1189 60.4522 196.1834 1.4956 1.6054 3.5881 -28.0996 0.7096 33.2405 -3.4157 -3.6291
Car -1 -1 -7.6555 122.1710 163.6264 188.2321 203.8682 1.5801 1.6326 3.6658 -18.8677 0.9178 29.7647 -8.2137 -3.8420
Car -1 -1 -5.8015 484.2183 155.0587 560.3551 185.2789 1.5140 1.4990 3.6563 -4.3172 0.2396 36.7788 -5.9153 -3.9821
Car -1 -1 -7.7797 238.7278 171.9187 309.9394 227.5672 1.3404 1.4587 3.0506 -8.7077 1.1340 18.7142 -8.2068 -4.0803
Car -1 -1 -7.3419 45.4126 155.9685 123.9802 187.7502 1.7085 1.7223 4.2480 -29.4855 0.3899 40.2181 -7.9688 -4.4052
Car -1 -1 -7.2259 329.0384 154.0058 416.0394 191.5650 1.5135 1.6909 3.7257 -9.9683 0.4461 30.5248 -7.5363 -4.4069
Car -1 -1 -5.8341 546.8615 144.9016 634.3745 180.6646 1.6835 1.6693 3.9863 -0.7333 0.0079 34.8740 -5.8528 -4.4969
Car -1 -1 -8.0592 370.9861 158.3279 457.3961 221.4062 1.5776 1.5942 3.7486 -5.4400 1.0234 19.7162 -8.3223 -4.5088
Car -1 -1 -2.8588 465.6253 161.3997 561.3880 195.5601 1.5573 1.6727 4.1837 -4.3079 0.6867 33.3865 -2.9840 -4.5350
Car -1 -1 -5.5403 55.6492 156.6555 175.9513 193.3874 1.6148 1.8167 4.4871 -22.3253 0.5667 32.3050 -6.1384 -4.5686
Car -1 -1 -7.8556 0.0000 155.9276 30.5289 197.8905 1.5096 1.7556 3.9577 -23.5663 0.6259 27.5139 -8.5561 -4.5867
Car -1 -1 -2.7695 0.0000 101.1219 256.2668 369.0000 1.8144 1.6753 3.5510 -4.4827 1.4350 4.7746 -3.4887 -4.5984
Car -1 -1 -6.4207 364.5507 165.5650 449.8064 196.6815 1.6088 1.7073 4.2436 -10.6935 0.8368 38.1784 -6.6898 -4.6631
Car -1 -1 -4.0031 0.0000 143.1677 14.8281 212.4497 1.5058 1.5999 3.6529 -16.6873 0.6947 17.2303 -4.7611 -4.7308
Car -1 -1 -2.6615 351.4414 151.6946 437.0571 186.8445 1.5949 1.5853 3.5207 -9.8912 0.2881 33.2002 -2.9463 -4.8365
Car -1 -1 -6.4715 561.7935 146.9371 626.3826 178.2517 1.7516 1.8171 3.4630 -0.6685 -0.1341 40.9660 -6.4856 -4.8410
Car -1 -1 -7.6596 91.6382 150.9270 155.6865 188.1901 1.7383 1.8206 4.3138 -23.9609 0.3589 35.3249 -8.2494 -4.8443
Car -1 -1 -3.0068 371.8701 153.8519 479.4742 192.0441 1.4922 1.5625 4.0446 -7.2103 0.4513 28.6180 -3.2489 -4.8510
Car -1 -1 -2.9685 483.2565 156.6454 586.0873 191.7390 1.4491 1.6432 4.1443 -2.9791 0.4643 30.1757 -3.0638 -4.8577
Car -1 -1 -3.8880 420.7495 167.5709 493.4486 195.5799 1.3978 1.3716 3.8307 -7.7472 0.7527 37.2419 -4.0895 -4.8675
Car -1 -1 -3.6395 0.0000 170.9416 84.0940 222.4141 1.5569 1.5687 3.3382 -19.4221 1.2681 23.2279 -4.3274 -4.9279
Car -1 -1 -2.9056 0.0000 142.8999 9.6857 208.0739 1.5638 1.6312 3.5579 -18.1440 0.6620 18.5652 -3.6688 -5.0255
Car -1 -1 -6.4170 617.4068 161.4755 711.7322 201.0716 1.5323 1.5055 3.5773 2.3042 0.7963 28.2050 -6.3345 -5.0323
Car -1 -1 -2.7647 0.0000 173.6255 232.5344 303.0999 1.4455 1.4831 3.7416 -7.0916 1.3691 9.1011 -3.4078 -5.0461
Car -1 -1 -6.7437 39.1216 170.2255 168.2360 217.1784 1.6345 1.5603 3.6478 -18.7695 1.2771 26.5868 -7.3510 -5.0596
Car -1 -1 -4.0441 0.0000 153.1081 83.2817 185.7859 1.6256 1.7801 3.7914 -29.6551 0.2631 37.0690 -4.7127 -5.1905
Car -1 -1 -5.8232 374.6175 151.5352 456.2325 182.4999 1.4811 1.5108 3.5988 -9.3604 0.0958 34.9203 -6.0806 -5.3072
Car -1 -1 -2.1540 18.1894 155.8826 131.3231 200.3484 1.6578 1.7524 3.8463 -20.8973 0.7402 27.8445 -2.7903 -5.3506
Car -1 -1 -6.0269 157.0936 164.8464 297.5110 216.6949 1.4632 1.5390 3.4100 -11.1866 1.0217 21.0811 -6.5065 -5.4068
Car -1 -1 -4.5557 58.6601 150.4401 109.8098 180.1911 1.5012 1.6650 3.3825 -27.6434 -0.0171 37.6028 -5.1834 -5.5274
Car -1 -1 -8.8733 768.2060 136.0384 1223.0000 355.0251 1.6184 1.5888 3.8969 3.6318 1.2903 7.2936 -8.4264 -5.6304
Car -1 -1 -4.7405 543.0344 165.5138 574.1078 191.9139 1.4282 1.6570 3.8306 -2.6946 0.6176 40.2337 -4.8049 -5.6905
Car -1 -1 -5.8254 1223.0000 55.9125 1223.0000 369.0000 1.4515 1.5804 3.9877 6.5897 1.2887 2.9221 -4.7107 -5.8344
Car -1 -1 -5.7039 1223.0000 0.0000 1223.0000 369.0000 1.3985 1.5581 4.1314 4.5609 1.2998 2.3413 -4.6602 -5.8404
Car -1 -1 -2.8557 354.4695 151.6863 424.9203 178.6233 1.6902 1.6040 4.0284 -13.7570 -0.1223 45.2909 -3.1465 -5.8590
Car -1 -1 -5.3605 0.0000 0.0000 1223.0000 369.0000 1.5003 1.6068 4.0566 40.2168 0.4537 -0.2719 -3.7896 -5.8867
Car -1 -1 -9.1614 0.0000 0.0000 1223.0000 369.0000 1.4820 1.5807 3.8944 2.6854 1.4849 0.4980 -7.8859 -5.8867
Car -1 -1 -5.8009 558.0591 151.7174 626.1887 183.5661 1.6851 1.6325 3.3753 -0.7239 0.1624 38.8965 -5.8173 -5.9588
Car -1 -1 -7.9030 349.2457 175.8220 421.3394 245.8090 1.3263 1.3192 3.1608 -4.8044 1.2380 15.1095 -8.2029 -5.9813
Car -1 -1 -7.2183 1223.0000 171.2687 1223.0000 369.0000 1.4101 1.5554 4.0551 7.6493 1.3484 5.5829 -6.3033 -6.0191
Car -1 -1 -3.7256 0.0000 84.6345 64.2471 369.0000 1.7135 1.7610 4.4508 -6.3617 1.3870 4.7050 -4.6255 -6.1854
Car -1 -1 -8.5338 0.0000 0.0000 1052.1998 369.0000 1.5493 1.5616 3.7286 1.0569 1.5174 1.0529 -7.8767 -6.2104
