Car -1 -1 -2.0251 125.8140 164.1958 269.5826 230.4146 1.5003 1.6130 3.8721 -10.3265 1.1313 17.7785 -2.5416 -0.2330
Car -1 -1 -3.0549 0.0000 162.0742 49.2483 205.5111 1.5855 1.5737 3.3683 -23.7707 0.9132 27.4262 -3.7613 -1.0122
Car -1 -1 -2.9658 239.9551 166.9241 406.3338 227.3947 1.4816 1.6256 3.8061 -7.2723 1.1493 18.4830 -3.3329 -1.9645
Car -1 -1 -3.1951 521.1592 168.0627 621.6290 207.5273 1.5050 1.6298 3.8606 -1.3883 1.0309 27.9681 -3.2423 -3.0470
Car -1 -1 -7.7711 65.5042 163.7846 129.3410 207.1697 1.5307 1.6506 3.6709 -19.2833 0.9412 26.9458 -8.3847 -3.3464
Car -1 -1 -8.2962 522.4033 145.3649 577.4062 175.1816 1.6680 1.6951 4.1338 -3.3793 -0.3367 42.5604 -8.3727 -3.6392
Car -1 -1 -2.8081 281.5884 149.2151 374.8325 181.9552 1.6366 1.7079 4.1223 -14.1538 0.0729 36.2659 -3.1751 -3.9013
Car -1 -1 -7.7617 413.4702 152.3551 446.9777 181.9888 1.8594 1.7325 4.4380 -11.4895 0.0935 46.6862 -7.9994 -3.9525
Car -1 -1 -7.4461 342.8008 154.2648 386.2656 178.4023 1.5934 1.5723 3.4994 -16.5472 -0.1501 48.8017 -7.7689 -4.1820
Car -1 -1 -7.7088 411.2353 147.9119 444.4425 175.2460 1.9798 1.8325 4.5224 -13.5825 -0.4220 54.4510 -7.9498 -4.2009
Car -1 -1 -2.0433 104.2878 147.9590 196.0356 186.2670 1.6915 1.7711 4.5157 -21.3580 0.2548 33.1289 -2.6095 -4.2733
Car -1 -1 -7.4454 46.4413 154.2155 120.4821 186.5750 1.7136 1.8232 4.1568 -29.1573 0.3218 39.6688 -8.0735 -4.3843
Car -1 -1 -4.1300 0.0000 164.5056 185.8188 237.7194 1.5009 1.6342 3.8846 -11.7282 1.1734 16.4573 -4.7380 -4.4608
Car -1 -1 -8.2971 518.6840 149.6429 572.7507 178.6467 1.5345 1.6132 3.6475 -3.3820 -0.1090 39.6435 -8.3794 -4.5803
Car -1 -1 -2.8852 471.5750 157.6601 568.8475 192.1648 1.5777 1.6834 4.2835 -3.9974 0.5335 33.4625 -3.0010 -4.7370
Car -1 -1 -2.2615 0.0000 163.0464 70.3107 212.1278 1.5720 1.6260 3.5499 -20.2606 1.0133 23.7674 -2.9589 -4.7497
Car -1 -1 -7.9420 252.3106 171.0604 326.0301 229.6552 1.5350 1.6366 3.8922 -9.3177 1.2881 20.6221 -8.3588 -4.8046
Car -1 -1 -6.1939 0.0000 162.6810 36.6970 199.8283 1.6210 1.6166 4.2190 -29.0950 0.8436 32.7501 -6.9135 -4.8087
Car -1 -1 -6.0363 559.2335 144.6918 643.5442 175.1566 1.5840 1.6767 4.3193 -0.1942 -0.3014 38.5661 -6.0391 -4.8696
Car -1 -1 -3.1633 313.1011 146.0613 391.7220 178.5574 1.7113 1.7216 3.9939 -13.8969 -0.1110 38.9246 -3.5014 -4.8950
Car -1 -1 -2.8226 0.0000 176.6694 225.3302 306.8360 1.3940 1.5328 3.4976 -6.9098 1.3534 8.8560 -3.4659 -4.9116
Car -1 -1 -6.3557 546.4912 171.7462 671.6561 218.9946 1.4360 1.5162 3.8384 0.0476 1.1703 22.3774 -6.3518 -5.0014
Car -1 -1 -7.5666 89.9594 147.9310 158.8162 184.4641 1.7040 1.7698 3.9136 -23.7808 0.1851 35.1095 -8.1556 -5.0174
Car -1 -1 -4.3553 34.2250 155.0366 113.3408 189.3162 1.4489 1.7251 3.4575 -23.7968 0.3728 31.7837 -4.9911 -5.1042
Car -1 -1 -3.0313 0.0000 152.2533 108.7499 211.7207 1.4909 1.6301 3.4993 -15.8014 0.7830 19.3505 -3.7059 -5.1370
Car -1 -1 -4.2936 3.7285 155.3228 78.7232 186.1045 1.5099 1.7908 3.3951 -29.0598 0.2751 36.5473 -4.9591 -5.1918
Car -1 -1 -7.6644 0.0000 118.4319 264.5504 369.0000 1.8359 1.6526 3.2197 -3.8832 1.4871 5.7786 -8.2292 -5.2404
Car -1 -1 -3.0879 524.2962 153.3362 635.9620 199.8514 1.5265 1.6590 3.6744 -0.8374 0.6353 24.0727 -3.1201 -5.2423
Car -1 -1 -6.1105 112.7864 161.4202 229.2944 203.9138 1.6588 1.7600 3.8369 -17.7708 0.9142 29.1131 -6.6518 -5.2852
Car -1 -1 -5.0057 212.0065 207.6161 760.0684 369.0000 1.3831 1.7806 3.6078 -1.1362 1.6114 3.9368 -5.2646 -5.2929
Car -1 -1 -2.7486 419.0381 155.0118 503.3473 185.6002 1.5892 1.7199 4.0918 -7.7129 0.2651 37.9762 -2.9453 -5.3110
Car -1 -1 -6.2190 507.7108 152.5430 610.6272 196.1383 1.5469 1.5871 3.6534 -1.6566 0.5552 25.8878 -6.2800 -5.3687
Car -1 -1 -4.3879 297.0661 164.4758 367.5249 201.5654 1.3582 1.5556 3.3746 -10.5909 0.7716 27.6059 -4.7484 -5.4266
Car -1 -1 -5.2688 61.3603 148.7271 145.0652 179.3718 1.5625 1.6843 4.2261 -26.8261 -0.0627 37.7731 -5.8802 -5.4933
Car -1 -1 -2.7464 351.2415 150.8217 422.3975 179.0907 1.7669 1.6507 4.0352 -13.9590 -0.0923 45.3183 -3.0411 -5.5534
Car -1 -1 -7.7459 177.3818 155.5671 240.3622 195.7239 1.4465 1.7023 3.9473 -15.4062 0.5486 27.6179 -8.2478 -5.6202
Car -1 -1 -6.4517 559.0554 146.2387 660.3341 180.1794 1.5462 1.7475 4.5640 0.1655 -0.0156 33.4636 -6.4446 -5.6430
Car -1 -1 -2.7455 521.1426 153.4389 605.2127 189.3684 1.4576 1.4310 3.2484 -1.7864 0.3600 29.8986 -2.8024 -5.7359
Car -1 -1 -7.9170 994.3212 159.0232 1163.8560 310.3683 1.5854 1.5038 4.0606 6.0949 1.3608 9.5513 -7.3623 -5.7389
Car -1 -1 -4.9372 738.6060 157.9872 804.1445 197.1048 1.3651 1.5569 3.8632 6.1412 0.5797 26.6072 -4.7110 -5.8505
Car -1 -1 -5.5822 427.9868 147.4692 503.2171 176.7519 1.7632 1.7883 4.6396 -8.8922 -0.2485 44.9763 -5.7740 -5.9271
Car -1 -1 -5.2587 1223.0000 0.0000 1223.0000 369.0000 1.4689 1.6016 4.3115 4.7465 1.2026 2.5204 -4.2259 -5.9859
Car -1 -1 -6.1282 295.5944 150.1544 424.2226 208.5876 1.7346 1.6266 3.5826 -7.5937 0.8341 22.0924 -6.4528 -6.2135
Car -1 -1 -3.9663 0.0000 60.2421 45.2639 369.0000 1.6395 1.7948 4.5271 -5.7666 1.3347 4.1729 -4.8727 -6.2986
