Car -1 -1 -3.0962 246.5547 165.4779 408.3085 226.4298 1.5019 1.6216 3.8454 -7.3008 1.1320 18.7924 -3.4591 -2.6073
Car -1 -1 -7.8614 176.9476 166.9845 255.3514 232.8263 1.5086 1.6126 3.9589 -10.0966 1.1992 18.3232 -8.3558 -3.2494
Car -1 -1 -7.4429 520.6398 146.5133 577.6342 177.4683 1.5709 1.6467 3.9302 -2.9870 -0.1738 38.4261 -7.5177 -3.7713
Car -1 -1 -7.5816 0.0000 118.0068 271.7798 369.0000 1.7463 1.8663 4.4013 -4.5062 1.3756 6.5783 -8.1580 -3.8099
Car -1 -1 -7.5522 0.0000 163.3104 57.3037 206.1488 1.5359 1.5662 3.4719 -22.6867 0.9199 27.2538 -8.2387 -3.8284
Car -1 -1 -5.9883 84.8903 156.2367 203.8016 200.5236 1.7305 1.6923 3.7475 -18.7770 0.7827 28.9494 -6.5567 -3.8649
Car -1 -1 -6.0651 0.0000 158.9980 90.6580 190.2303 1.6206 1.7500 4.1106 -30.6180 0.5050 38.3688 -6.7326 -3.8818
Car -1 -1 -7.7778 358.6730 156.3458 386.9725 179.4643 1.5310 1.5903 3.4289 -16.0027 -0.0742 48.8422 -8.0904 -3.9641
Car -1 -1 -4.5028 308.8863 153.9042 366.0598 187.9166 1.4550 1.6525 3.8736 -12.1549 0.3175 32.2815 -4.8575 -4.1304
Car -1 -1 -6.9880 243.7270 161.5730 360.9151 205.7810 1.5542 1.6465 3.9914 -11.4758 0.8891 27.0100 -7.3836 -4.1529
Car -1 -1 -2.5099 354.1148 152.0588 453.6891 186.1087 1.5320 1.6670 4.3866 -9.5097 0.2525 33.3631 -2.7829 -4.5134
Car -1 -1 -4.4195 38.4263 154.1584 115.5958 189.4547 1.5158 1.7381 4.0096 -24.2051 0.3848 32.5432 -5.0523 -4.5818
Car -1 -1 -6.2990 331.0759 151.9453 385.5174 176.8311 1.7097 1.7256 3.6085 -17.5808 -0.2690 50.4231 -6.6305 -4.6154
Car -1 -1 -2.2386 0.0000 171.1609 237.4065 301.2388 1.4101 1.5115 3.5170 -6.6916 1.3093 8.8707 -2.8658 -4.6242
Car -1 -1 -4.1730 479.5424 148.3606 537.8459 178.5429 1.5540 1.6186 3.4159 -5.2126 -0.1118 38.5388 -4.3042 -4.6806
Car -1 -1 -5.9280 477.6559 153.6767 573.2267 187.8805 1.5502 1.6345 4.1716 -3.7544 0.3347 33.3468 -6.0370 -4.7817
Car -1 -1 -5.8271 349.0680 154.4320 445.5420 187.2289 1.5698 1.7314 4.2672 -10.2871 0.3222 35.0664 -6.1079 -4.8660
Car -1 -1 -5.8636 86.7917 158.6655 256.2507 218.4742 1.6119 1.6467 3.7646 -12.2338 1.0237 20.0949 -6.4015 -4.8983
Car -1 -1 -4.0368 0.0000 165.3040 166.6808 237.6124 1.4495 1.5534 3.6475 -11.9475 1.1452 16.0313 -4.6658 -4.9565
Car -1 -1 -6.1836 523.5623 161.0885 641.6586 205.4736 1.5689 1.6875 4.1884 -0.7959 0.8830 25.9838 -6.2119 -5.0347
Car -1 -1 -7.2722 63.7955 155.8819 143.9497 182.3730 1.4337 1.8582 3.9273 -28.4305 0.1015 40.2545 -7.8813 -5.0634
Car -1 -1 -4.5462 222.5518 157.1490 302.9168 214.4434 1.6453 1.6086 4.1121 -10.8026 0.9750 22.5005 -4.9863 -5.0863
Car -1 -1 -2.8366 468.9666 160.6411 557.3923 194.5198 1.3969 1.4530 3.4662 -3.9191 0.5783 30.1771 -2.9624 -5.1433
Car -1 -1 -6.0048 0.0000 163.4634 40.7743 196.8527 1.4925 1.5489 3.8521 -29.0780 0.7312 33.1202 -6.7186 -5.1813
Car -1 -1 -4.7952 381.9215 152.3895 412.7883 177.6504 1.6704 1.7438 4.1757 -14.5809 -0.2087 49.5263 -5.0777 -5.2707
Car -1 -1 -2.8203 0.0000 159.5064 123.9178 206.5417 1.5878 1.7054 4.4950 -20.2209 0.8794 25.4268 -3.4841 -5.3750
Car -1 -1 -6.0761 489.3968 166.0810 585.6091 205.4498 1.5142 1.5342 3.5746 -2.6786 0.9598 28.1615 -6.1680 -5.4201
Car -1 -1 -7.1346 0.0000 174.0038 98.8713 219.3827 1.4256 1.4477 3.4415 -19.2049 1.2218 23.9690 -7.8018 -5.4972
Car -1 -1 -4.7239 182.1167 153.0700 237.0263 196.6733 1.5669 1.7524 4.2838 -15.5206 0.5814 27.7031 -5.2276 -5.5069
Car -1 -1 -6.3761 356.0244 169.0480 434.9504 198.2375 1.5048 1.5786 3.9322 -11.2490 0.9146 37.9085 -6.6605 -5.6146
Car -1 -1 -6.0339 479.8707 150.5384 563.7005 177.3124 1.3274 1.3660 4.0545 -4.2579 -0.1675 36.2313 -6.1477 -5.8815
Car -1 -1 -5.3605 0.0000 0.0000 1223.0000 369.0000 1.5003 1.6068 4.0566 40.2168 0.4537 -0.2719 -3.7896 -5.8867
Car -1 -1 -6.3857 369.0094 150.6763 454.2751 182.2142 1.5810 1.5960 4.1592 -10.1168 0.0861 36.9322 -6.6487 -6.1001
Car -1 -1 -4.6635 522.4532 152.9083 553.5104 181.0695 1.5381 1.5813 3.7938 -3.8130 0.0312 40.5469 -4.7544 -6.1245
Car -1 -1 -7.9975 329.9032 157.5460 374.5542 193.4506 1.6993 1.5491 4.1744 -12.8180 0.6131 35.6716 -8.3376 -6.2436
Car -1 -1 -4.1418 0.0000 97.4232 0.0000 369.0000 1.6116 1.7247 4.6103 -5.7429 1.4190 4.1040 -5.0538 -6.6368
