Car -1 -1 -3.1379 258.6043 165.5407 404.5539 226.0608 1.4899 1.5708 3.4693 -7.2176 1.1219 18.7468 -3.4978 -1.9420
Car -1 -1 -6.1551 76.8763 155.8556 191.9556 192.2259 1.5588 1.6985 4.1419 -21.1649 0.5028 31.9689 -6.7333 -2.7461
Car -1 -1 -2.7156 378.9865 161.2616 468.7353 193.2366 1.5170 1.5926 3.9626 -8.8777 0.6044 34.6823 -2.9620 -3.8301
Car -1 -1 -6.8480 504.9395 148.6243 581.2479 180.0772 1.5994 1.6957 3.7370 -3.3013 -0.0236 37.8072 -6.9323 -3.8688
Car -1 -1 -6.1002 308.8629 155.8959 397.4024 187.0198 1.5986 1.7523 4.1714 -13.3002 0.3350 37.4998 -6.4363 -3.9016
Car -1 -1 -7.7650 181.3804 176.8566 263.0546 235.5616 1.3512 1.5219 3.2149 -9.7111 1.2677 18.0510 -8.2494 -3.9893
Car -1 -1 -7.7869 411.9439 150.8819 443.9497 180.7986 1.8731 1.7444 4.3247 -11.6092 0.0188 46.5497 -8.0276 -4.0726
Car -1 -1 -6.2473 544.1797 181.2357 657.2397 228.2231 1.4317 1.4860 3.4596 -0.1491 1.4561 22.3644 -6.2522 -4.0810
Car -1 -1 -7.8250 0.0000 113.8378 243.1175 369.0000 1.7512 1.7818 4.1919 -4.5334 1.3619 6.3816 -8.4174 -4.2176
Car -1 -1 -7.6175 43.0222 157.8938 114.4632 194.7599 1.5567 1.6761 4.0199 -23.7559 0.6024 32.0338 -8.2489 -4.3351
Car -1 -1 -4.4299 6.2618 150.5532 79.7359 182.6095 1.5500 1.8394 4.2278 -28.9037 0.1022 36.4923 -5.0935 -4.6129
Car -1 -1 -5.9797 99.9305 158.9342 205.0465 192.1107 1.5563 1.6804 3.9993 -21.9955 0.5448 34.4904 -6.5412 -4.6402
Car -1 -1 -2.7876 0.0000 147.4936 39.8257 188.4355 1.5111 1.5764 3.7320 -24.5935 0.2931 27.5030 -3.5093 -4.6448
Car -1 -1 -5.4569 64.3165 148.4572 151.7690 178.5222 1.5814 1.6491 3.9916 -27.1183 -0.1113 38.5945 -6.0634 -4.7840
Car -1 -1 -4.4653 224.9251 166.0903 300.4655 211.3188 1.3926 1.4525 3.4195 -11.3568 0.9492 23.5884 -4.9067 -4.7895
Car -1 -1 -5.7941 427.6139 146.9036 503.6709 174.9674 1.7057 1.7762 4.4455 -8.8784 -0.3643 45.0678 -5.9851 -4.7946
Car -1 -1 -2.6159 0.0000 159.0658 61.9044 192.0358 1.5062 1.5994 4.1599 -28.5032 0.5272 33.4480 -3.3150 -4.8115
Car -1 -1 -4.0343 0.0000 163.3046 164.2801 235.9816 1.4447 1.5645 3.7276 -11.9893 1.1033 15.9525 -4.6672 -4.9267
Car -1 -1 -2.7812 0.0000 145.3410 52.4018 210.4439 1.5753 1.5954 3.4940 -16.9002 0.7249 18.4834 -3.5112 -4.9422
Car -1 -1 -7.6711 246.1494 167.9122 325.9480 222.9001 1.5694 1.6149 3.6349 -9.9102 1.2104 22.1336 -8.0849 -4.9608
Car -1 -1 -2.7677 0.0000 172.9479 243.4844 301.0885 1.4443 1.4972 3.5697 -6.8642 1.3596 9.1389 -3.3934 -5.0300
Car -1 -1 -2.0527 349.7404 159.8720 440.9808 200.2110 1.4573 1.6643 4.2035 -8.2823 0.7123 27.6334 -2.3388 -5.0502
Car -1 -1 -5.9555 0.0000 168.3981 129.3315 218.7356 1.7049 1.7048 4.2285 -19.8692 1.2953 25.4348 -6.6108 -5.0792
Car -1 -1 -4.5559 311.6519 171.5442 365.7739 208.0668 1.3711 1.5089 3.3537 -10.6312 1.0352 28.3362 -4.9092 -5.1814
Car -1 -1 -6.0470 82.0105 157.9903 207.9120 206.5314 1.8752 1.7456 3.9956 -18.6276 1.0059 28.7893 -6.6144 -5.1943
Car -1 -1 -2.7601 434.9196 153.3559 530.3447 187.1120 1.7376 1.7309 4.7150 -6.5242 0.3405 37.7411 -2.9278 -5.1976
Car -1 -1 -6.2555 535.1086 170.6594 661.5054 215.0293 1.4490 1.6440 4.1365 -0.2412 1.1279 23.9527 -6.2636 -5.2128
Car -1 -1 -4.4134 405.9395 154.6390 466.3982 189.9225 1.4962 1.6546 3.5744 -7.5485 0.3998 31.8234 -4.6419 -5.3000
Car -1 -1 -7.5584 47.0815 152.7130 110.0704 183.9761 1.6787 1.7871 3.9062 -29.7772 0.1868 40.1053 -8.1913 -5.3175
Car -1 -1 -4.7600 589.6243 173.7122 630.8900 212.2822 1.3317 1.3654 3.0104 0.1188 1.0976 25.9448 -4.7536 -5.3432
Car -1 -1 -6.3249 543.4431 178.4937 671.8004 229.9086 1.4593 1.4821 3.6597 0.0135 1.4026 20.8801 -6.3225 -5.3528
Car -1 -1 -2.6698 343.5929 152.4023 424.6014 180.0452 1.7281 1.7289 4.7084 -14.1958 -0.0300 45.5007 -2.9682 -5.3833
Car -1 -1 -7.7706 519.1810 142.7348 556.8773 179.4529 2.0310 1.8197 4.5509 -3.8829 -0.0648 41.5228 -7.8611 -5.4649
Car -1 -1 -3.2633 353.2334 143.9667 441.5610 179.4842 1.9035 1.8158 4.5806 -11.6739 -0.0595 39.7276 -3.5448 -5.5501
Car -1 -1 -5.0683 180.4179 164.5669 277.2422 213.2333 1.5763 1.6380 4.2865 -13.3579 1.0605 24.9412 -5.5528 -5.5541
Car -1 -1 -5.8977 559.2579 141.1804 657.7719 175.8015 1.5970 1.6677 4.5403 0.1461 -0.2413 34.6967 -5.8913 -5.6638
Car -1 -1 -6.2253 258.2971 146.9878 339.9702 182.5770 1.8430 1.6967 3.9391 -16.4030 0.1077 38.0777 -6.6269 -5.6653
Car -1 -1 -3.9686 0.0000 168.2183 28.9525 213.6221 1.4679 1.6002 3.4501 -22.2914 1.0711 24.5958 -4.6966 -5.6983
Car -1 -1 -7.7282 161.0108 152.4244 221.0266 192.4835 1.6453 1.7955 3.7904 -18.1651 0.4924 31.1350 -8.2498 -5.7688
Car -1 -1 -5.2278 1223.0000 111.2581 1223.0000 369.0000 1.3977 1.5799 4.1146 6.2194 1.2103 4.1168 -4.2753 -5.7770
Car -1 -1 -6.1081 33.8941 154.5346 191.1302 211.6941 1.4928 1.4943 3.4038 -13.7061 0.8150 19.8411 -6.7031 -5.8349
Car -1 -1 -4.9354 738.6886 154.4085 804.0615 193.3174 1.3580 1.5587 3.8573 6.1419 0.4476 26.6089 -4.7092 -5.8389
Car -1 -1 -2.9776 358.7238 153.0080 447.8271 184.3806 1.5750 1.7112 4.2064 -10.3839 0.1950 36.5736 -3.2499 -5.8487
Car -1 -1 -4.8092 1031.0638 173.2122 1176.3873 284.7738 1.6629 1.6746 3.6585 8.5953 1.5547 12.5468 -4.2188 -5.8584
Car -1 -1 -5.6382 1223.0000 0.0000 1223.0000 369.0000 1.5209 1.6625 4.0203 41.4364 0.5774 2.1408 -4.1253 -5.8867
Car -1 -1 -5.3423 1070.4930 165.4448 1192.1444 207.4198 1.4463 1.6128 3.9137 19.3933 0.9278 26.3199 -4.7114 -5.9344
Car -1 -1 -7.5912 543.4966 160.1489 609.1646 202.5305 1.6191 1.6629 4.2278 -1.1261 0.8419 29.2578 -7.6274 -5.9892
Car -1 -1 -2.8209 363.7946 151.7144 446.6603 185.5093 1.5443 1.5205 3.4352 -9.3503 0.2291 33.1561 -3.0911 -6.2747
Car -1 -1 -4.1140 0.0000 103.2402 0.0000 369.0000 1.5144 1.6552 4.4319 -6.0512 1.3066 4.2700 -5.0333 -6.3021
Car -1 -1 -8.9080 1183.2072 0.0000 1223.0000 369.0000 1.7042 1.7447 4.1002 4.7652 1.4362 2.7070 -7.9020 -6.4033
Car -1 -1 -8.4172 1134.1685 180.6480 1223.0000 257.4143 2.0539 1.9157 4.5236 18.3149 2.0592 21.3004 -7.7130 -6.9206
Car -1 -1 -4.9027 1023.1335 189.6270 1223.0000 369.0000 1.2897 1.4435 2.1292 3.3649 1.3608 4.2011 -4.2613 -7.2371
Car -1 -1 -5.6798 95.2530 168.3710 252.6220 216.9425 1.7646 1.8177 4.9376 -16.2573 1.3242 26.7535 -6.2188 -8.3681
