Car -1 -1 -7.8411 190.3695 177.8260 262.9959 235.2295 1.3287 1.5143 3.3859 -9.7296 1.2671 18.2180 -8.3225 -2.1762
Car -1 -1 -6.0050 96.8069 161.0207 217.2152 203.6701 1.6719 1.6938 3.8617 -18.3250 0.9085 29.0599 -6.5607 -2.5770
Car -1 -1 -3.0798 0.0000 162.0974 48.0046 205.5805 1.5807 1.5934 3.5095 -23.8630 0.9120 27.3966 -3.7887 -2.8016
Car -1 -1 -7.9642 404.8377 151.9710 440.6245 183.2052 1.9493 1.8091 4.4434 -12.0419 0.1689 46.5231 -8.2139 -2.9098
Car -1 -1 -2.9357 224.7138 169.0212 391.2863 228.4255 1.4552 1.6059 3.7504 -7.6563 1.1744 18.4453 -3.3211 -3.0972
Car -1 -1 -5.4213 100.5467 153.1651 206.7429 190.1543 1.6808 1.7335 4.5407 -21.4758 0.4389 33.6274 -5.9833 -3.6955
Car -1 -1 -6.0130 3.4610 153.9885 93.6468 181.6459 1.4549 1.6637 3.5561 -30.3306 0.0604 38.6383 -6.6724 -3.7865
Car -1 -1 -7.9578 380.1403 150.5555 411.3826 175.5760 1.6504 1.7104 3.9625 -14.7256 -0.3608 49.6466 -8.2423 -3.9676
Car -1 -1 -3.9479 0.0000 169.7619 77.3347 221.3409 1.5129 1.6588 3.7489 -19.2585 1.1983 22.6668 -4.6434 -4.1675
Car -1 -1 -7.7525 351.3453 151.0834 381.1539 175.8957 1.6257 1.5947 3.5176 -16.4799 -0.3309 48.9192 -8.0734 -4.2520
Car -1 -1 -7.6879 410.4177 147.8552 444.7633 174.8993 1.9550 1.8268 4.5280 -13.5883 -0.4494 54.4040 -7.9292 -4.3150
Car -1 -1 -3.7657 486.9409 147.7352 567.0164 178.6198 1.4588 1.5423 3.8069 -3.8929 -0.0991 35.4659 -3.8718 -4.5089
Car -1 -1 -4.9412 548.8278 150.0662 593.2778 179.1949 1.4300 1.5937 3.3082 -1.8214 -0.0709 36.6813 -4.9882 -4.5193
Car -1 -1 -6.0189 0.0000 165.8018 50.5686 201.2164 1.5841 1.6264 4.2297 -28.9572 0.9268 33.2714 -6.7285 -4.5583
Car -1 -1 -7.9095 252.7345 172.3460 319.9831 228.1470 1.4544 1.5774 3.8031 -9.3309 1.2422 20.4800 -8.3293 -4.8341
Car -1 -1 -7.4914 381.2202 157.4326 434.7515 188.7728 1.5055 1.5432 3.2352 -9.8933 0.3976 35.6480 -7.7577 -4.9619
Car -1 -1 -2.6539 0.0000 166.8843 243.2580 285.5105 1.4247 1.5062 3.5599 -7.0667 1.2616 9.4773 -3.2766 -5.0017
Car -1 -1 -3.4843 504.4738 150.2271 588.9144 182.5553 1.4551 1.5514 3.6530 -2.7635 0.0927 33.2810 -3.5642 -5.0062
Car -1 -1 -7.7900 70.3354 167.9687 125.5548 212.1089 1.5666 1.4682 3.4512 -19.2833 1.1221 26.9486 -8.4037 -5.1759
Car -1 -1 -5.7416 167.8168 153.6356 266.2076 189.9883 1.6595 1.6282 3.7501 -18.1765 0.4333 33.1765 -6.2367 -5.1916
Car -1 -1 -5.6845 199.0751 146.3823 287.9206 184.0083 1.9378 1.8145 3.8570 -19.1830 0.1808 37.5676 -6.1511 -5.3256
Car -1 -1 -7.6394 0.0000 113.5776 273.1003 369.0000 1.7864 1.5796 3.0249 -3.7975 1.4003 5.7731 -8.1944 -5.3535
Car -1 -1 -6.4100 423.9959 148.5711 502.3510 177.6835 1.8228 1.7149 4.8404 -9.2656 -0.1901 46.1545 -6.6047 -5.6128
Car -1 -1 -7.5175 542.5386 158.1137 586.5680 185.3275 1.5135 1.5008 3.4492 -2.3223 0.2686 41.1880 -7.5714 -5.6564
Car -1 -1 -5.8212 1223.0000 36.0179 1223.0000 369.0000 1.4271 1.5418 4.0493 5.4246 1.3058 2.6478 -4.7498 -5.7704
Car -1 -1 -5.7868 1223.0000 60.2572 1223.0000 369.0000 1.4740 1.5970 4.0348 6.9665 1.2554 3.3183 -4.6960 -5.8819
Car -1 -1 -5.6699 0.0000 0.0000 1223.0000 369.0000 1.4927 1.6020 3.9559 2.9389 1.4569 1.6883 -4.6976 -5.8867
Car -1 -1 -6.2000 561.6172 146.4279 661.2473 178.9388 1.4714 1.6922 4.5455 0.3242 -0.0754 33.1604 -6.1881 -5.9038
Car -1 -1 -6.4091 368.9294 166.7363 445.1560 194.7032 1.4545 1.5203 3.8098 -10.7107 0.7388 38.2078 -6.6784 -5.9304
Car -1 -1 -7.3108 1223.0000 164.0347 1223.0000 365.9252 1.4159 1.5606 3.9767 7.9938 1.3009 5.9762 -6.4057 -5.9552
Car -1 -1 -3.2770 118.2753 162.5985 238.7057 211.2894 1.5890 1.6236 3.4360 -14.9427 1.0051 24.7784 -3.8121 -6.1807
Car -1 -1 -7.8580 417.4127 146.5672 444.8105 175.7302 1.6123 1.5007 3.4078 -10.2221 -0.2924 41.5239 -8.0954 -6.2532
Car -1 -1 -4.1294 0.0000 46.7654 66.3419 369.0000 1.6470 1.8754 4.8826 -5.3490 1.3664 4.0943 -5.0077 -6.5441
Car -1 -1 -7.7732 334.3818 166.3353 398.7022 216.9395 1.3855 1.5562 2.9513 -7.0378 0.9980 20.9747 -8.0904 -6.8729
