Car -1 -1 -5.9854 86.7394 157.1387 206.2541 200.9309 1.7125 1.6820 3.7788 -18.6971 0.7992 28.9616 -6.5517 -3.0192
Car -1 -1 -2.7143 0.0000 159.3522 58.0525 194.0451 1.5669 1.7053 3.9548 -28.4938 0.6120 33.2905 -3.4156 -3.5485
Car -1 -1 -5.8000 8.0609 157.3158 100.3347 186.1985 1.5456 1.6551 3.6664 -30.2953 0.3051 38.9656 -6.4549 -3.7193
Car -1 -1 -3.0896 0.0000 163.1881 51.6356 205.6804 1.5445 1.6428 3.4964 -23.7136 0.9155 27.4148 -3.7951 -3.7568
Car -1 -1 -5.4290 101.2040 156.3952 207.0964 193.0881 1.6679 1.7184 4.5112 -21.4408 0.5724 33.6119 -5.9905 -3.9072
Car -1 -1 -3.1124 97.2194 157.3963 291.4033 224.0700 1.6052 1.6972 4.2848 -10.7628 1.0493 18.7676 -3.6238 -3.9933
Car -1 -1 -7.9550 380.4842 150.9797 411.4030 175.8652 1.6458 1.7056 3.9210 -14.7261 -0.3398 49.6941 -8.2392 -4.1324
Car -1 -1 -7.9836 358.8450 152.6437 390.5234 176.9664 1.5994 1.6413 3.6510 -16.0168 -0.2553 49.0778 -8.2950 -4.1591
Car -1 -1 -3.8067 0.0000 168.8100 76.7405 220.3233 1.5180 1.5978 3.6443 -19.4222 1.1738 22.7832 -4.5039 -4.2859
Car -1 -1 -7.6958 410.7530 147.9425 444.6540 174.8302 1.9424 1.8278 4.5160 -13.5757 -0.4548 54.3852 -7.9370 -4.2921
Car -1 -1 -4.9696 530.6829 154.8523 573.7386 184.5654 1.4491 1.3957 3.3571 -2.7689 0.1984 36.2958 -5.0430 -4.3655
Car -1 -1 -5.4305 143.7794 158.9979 285.4082 210.6710 1.5648 1.6858 4.2044 -12.6916 0.9140 22.9328 -5.9281 -4.5015
Car -1 -1 -8.4137 523.6207 148.4324 582.1748 177.8478 1.6714 1.6555 3.9942 -3.1990 -0.1678 42.6554 -8.4859 -4.6299
Car -1 -1 -7.9278 408.4016 153.5200 441.0334 183.8056 1.8910 1.7663 4.4178 -11.9083 0.2065 46.5219 -8.1748 -4.6976
Car -1 -1 -4.2944 19.1847 157.1436 175.4291 229.3101 1.4713 1.5763 3.5578 -11.5447 0.9954 16.3089 -4.8991 -4.7838
Car -1 -1 -7.6075 109.7539 165.0898 198.5464 219.4855 1.6587 1.6101 3.7069 -14.9379 1.1891 23.5711 -8.1644 -4.7928
Car -1 -1 -7.6177 170.3955 152.7505 233.0825 186.9236 1.5403 1.7239 3.9315 -19.3149 0.2897 33.9945 -8.1282 -4.7938
Car -1 -1 -3.0531 233.3559 160.2460 391.2194 222.7030 1.5208 1.5829 3.6788 -7.5569 1.0279 18.5025 -3.4328 -4.8261
Car -1 -1 -4.3481 0.0000 142.9969 128.8967 209.7593 1.5399 1.6994 3.5959 -13.9853 0.6752 18.2704 -4.9908 -4.8889
Car -1 -1 -2.6906 0.0000 168.9111 214.8060 300.3322 1.4385 1.6303 3.7131 -7.2776 1.3121 8.9291 -3.3551 -5.0930
Car -1 -1 -7.4751 379.1712 153.9337 436.4372 188.5679 1.6482 1.5661 3.5206 -9.8479 0.3841 35.4844 -7.7414 -5.1200
Car -1 -1 -7.6535 0.0000 118.4927 269.6738 369.0000 1.7819 1.6380 3.3203 -3.9870 1.4130 6.0529 -8.2103 -5.2267
Car -1 -1 -6.2037 327.4615 163.6570 411.3048 194.4511 1.5784 1.5761 4.1010 -12.4341 0.7152 37.4866 -6.5196 -5.2671
Car -1 -1 -8.1821 505.5169 149.7826 550.5469 177.5457 1.4119 1.5163 3.0176 -4.1859 -0.1657 38.0052 -8.2887 -5.3114
Car -1 -1 -6.3668 70.8090 163.9467 184.1488 207.4411 1.5279 1.4662 3.4165 -17.8709 0.9467 26.4737 -6.9531 -5.5643
Car -1 -1 -4.3775 0.0000 0.0000 1223.0000 369.0000 1.7463 1.5921 4.0305 -0.2476 1.4932 2.2117 -4.4724 -5.6373
Car -1 -1 -5.8272 1223.0000 44.8314 1223.0000 369.0000 1.4287 1.5419 4.0541 5.4199 1.3198 2.6267 -4.7532 -5.7990
Car -1 -1 -5.7760 1223.0000 64.1416 1223.0000 369.0000 1.4760 1.6005 4.0354 6.9667 1.2662 3.3166 -4.6850 -5.8842
Car -1 -1 -5.7766 0.0000 0.0000 1223.0000 369.0000 1.4882 1.6006 3.9548 3.7427 1.4299 1.6897 -4.6977 -5.8867
Car -1 -1 -7.2393 1223.0000 164.6554 1223.0000 362.4981 1.4179 1.5804 3.9943 7.8984 1.3048 5.9688 -6.3395 -5.9098
Car -1 -1 -7.4315 422.9213 152.3649 475.4050 181.5366 1.8369 1.8613 4.0960 -10.2339 0.0653 46.7188 -7.6437 -5.9157
Car -1 -1 -6.1514 535.1762 159.8755 596.3344 189.0999 1.6062 1.6866 3.2447 -2.1929 0.4728 39.8300 -6.2040 -6.2341
Car -1 -1 -4.0976 0.0000 53.6403 19.5844 369.0000 1.6674 1.7509 4.6855 -5.7399 1.3682 4.1659 -5.0026 -6.4939
Car -1 -1 -5.1740 190.5396 155.3077 264.1559 191.2914 1.5519 1.5712 3.4979 -17.2168 0.4656 32.1534 -5.6594 -6.5956
Car -1 -1 -2.6785 0.0000 167.2341 80.3106 209.9700 1.4638 1.5697 3.8125 -21.4579 1.0097 25.4164 -3.3716 -7.2105
