Car -1 -1 -6.0653 91.5387 161.6039 206.7360 205.3792 1.7044 1.6780 3.6832 -18.5723 0.9689 28.9423 -6.6289 -2.6401
Car -1 -1 -3.0279 0.0000 161.2596 47.8836 204.3214 1.5659 1.6231 3.5570 -23.9333 0.8665 27.3813 -3.7385 -2.8758
Car -1 -1 -2.5689 88.6639 161.0089 287.9974 225.5093 1.5488 1.6505 4.1265 -10.4952 1.0811 17.9104 -3.0892 -2.9995
Car -1 -1 -1.8976 0.0000 160.1124 71.4919 195.2801 1.6316 1.6796 4.0550 -27.9987 0.6859 34.6042 -2.5714 -3.1945
Car -1 -1 -5.6704 8.3260 152.7290 101.0490 180.8088 1.5152 1.6968 3.7597 -30.3691 0.0168 39.0788 -6.3250 -3.4131
Car -1 -1 -4.7454 554.3307 159.7725 586.4569 190.2119 1.4808 1.5260 3.5605 -1.8299 0.4726 36.2313 -4.7935 -3.8188
Car -1 -1 -7.7574 413.3262 152.8174 447.0246 182.3474 1.8539 1.7327 4.3719 -11.4906 0.1161 46.6755 -7.9952 -3.9024
Car -1 -1 -5.4213 100.9944 152.7003 208.2629 189.9284 1.6901 1.7436 4.5965 -21.4203 0.4282 33.6133 -5.9824 -3.9109
Car -1 -1 -5.5471 363.5989 152.3467 461.4413 192.5772 1.5731 1.6663 3.7661 -7.9970 0.4725 29.2476 -5.8091 -4.1599
Car -1 -1 -2.3897 40.8088 163.0194 146.9431 196.4093 1.5892 1.6507 4.2615 -25.1007 0.7574 34.7510 -3.0090 -4.2633
Car -1 -1 -3.0188 284.0529 145.6878 369.0677 176.8715 1.6239 1.7248 4.1191 -15.0839 -0.2042 38.4698 -3.3875 -4.2838
Car -1 -1 -7.7957 415.1722 149.1885 443.2784 176.7984 2.0072 1.8251 4.5562 -13.4835 -0.2977 54.4535 -8.0350 -4.3636
Car -1 -1 -7.6947 174.8564 155.6189 228.5939 189.9102 1.5525 1.6518 3.7652 -19.3704 0.4262 34.0624 -8.2057 -4.6286
Car -1 -1 -7.8930 359.0799 154.5445 394.7384 184.8663 1.5263 1.6689 3.8057 -12.2036 0.2199 37.6628 -8.2018 -4.6303
Car -1 -1 -7.6635 322.0187 157.4808 369.8423 188.5469 1.4939 1.5772 3.8125 -13.1430 0.3871 36.0057 -8.0086 -4.8953
Car -1 -1 -6.0064 0.0000 149.4127 243.4282 292.0313 1.5396 1.6014 3.7537 -6.8709 1.2044 9.0349 -6.6376 -4.9386
Car -1 -1 -6.7423 0.0000 128.3509 62.9226 198.3705 1.5488 1.5535 3.7764 -16.1420 0.3956 17.6813 -7.4709 -4.9415
Car -1 -1 -7.6712 107.8423 169.7852 187.1205 218.8043 1.4961 1.5797 3.4625 -15.1219 1.1694 23.4811 -8.2353 -5.0033
Car -1 -1 -6.0899 263.8253 165.1246 407.9549 227.1329 1.5453 1.5395 3.3113 -7.0322 1.1625 18.6438 -6.4430 -5.1046
Car -1 -1 -7.6677 0.0000 130.9884 271.6771 369.0000 1.7500 1.6267 3.2131 -3.9243 1.4540 6.0241 -8.2195 -5.1597
Car -1 -1 -8.2548 530.0878 145.4501 578.4426 175.9666 1.7402 1.5951 3.7477 -3.1359 -0.2884 42.9550 -8.3250 -5.1676
Car -1 -1 -7.9260 185.2271 158.8835 242.3442 201.5877 1.5430 1.6832 4.1423 -15.4315 0.7622 27.7440 -8.4267 -5.1817
Car -1 -1 -4.3708 35.9531 158.4803 179.8954 231.2606 1.4585 1.5695 3.4243 -11.1203 1.0176 16.0238 -4.9661 -5.2325
Car -1 -1 -2.7853 351.6327 150.7373 422.4315 179.0508 1.7712 1.6727 4.0025 -13.9315 -0.0947 45.2879 -3.0797 -5.4847
Car -1 -1 -5.6284 427.1597 148.2304 503.4673 176.7991 1.7247 1.7846 4.6406 -8.9082 -0.2451 44.9941 -5.8204 -5.7260
Car -1 -1 -2.1894 20.9078 157.7682 127.5486 200.0038 1.5952 1.6326 3.5623 -21.0551 0.7369 28.0326 -2.8262 -5.7389
Car -1 -1 -4.6851 165.0487 153.4757 211.2762 194.8327 1.7118 1.6398 3.6192 -18.3811 0.5935 31.2474 -5.2104 -5.7494
Car -1 -1 -5.7470 1223.0000 40.7366 1223.0000 369.0000 1.4397 1.5736 4.0097 6.2142 1.2741 2.8890 -4.6516 -5.8513
Car -1 -1 -5.5643 1223.0000 0.0000 1223.0000 369.0000 1.4020 1.5285 4.0431 4.5644 1.2962 2.4241 -4.5336 -6.0549
Car -1 -1 -6.1160 552.8852 146.7038 630.8409 174.3905 1.4622 1.7227 4.0692 -0.7088 -0.3470 39.0119 -6.1318 -6.1915
Car -1 -1 -3.9259 0.0000 25.7003 67.9713 369.0000 1.7362 1.8193 4.6852 -5.7110 1.3544 4.1772 -4.8272 -6.2896
Car -1 -1 -5.6923 75.1703 166.7203 203.1923 213.0377 1.6484 1.4580 3.7527 -17.0469 1.1582 25.9236 -6.2665 -6.5390
Car -1 -1 -4.5012 397.9348 157.2713 433.7640 180.0576 1.5766 1.6909 3.9776 -13.5979 -0.0332 51.0271 -4.7581 -6.6119
