Car -1 -1 -2.9241 0.0000 162.6434 52.9431 198.3629 1.5841 1.6334 3.6097 -28.1598 0.7924 32.9177 -3.6250 -3.8135
Car -1 -1 -7.8468 359.5760 154.4683 384.7455 177.7681 1.5337 1.5973 3.4081 -16.0635 -0.1959 48.8449 -8.1605 -3.9813
Car -1 -1 -6.0565 2.7059 157.2220 95.7347 186.7003 1.5489 1.6491 3.7233 -30.3185 0.3259 38.6800 -6.7153 -4.1366
Car -1 -1 -4.4693 0.0000 163.5905 46.3923 203.8506 1.5215 1.5973 3.7785 -24.2686 0.8827 28.7685 -5.1627 -4.1662
Car -1 -1 -6.3813 329.8084 151.7554 390.7939 176.2143 1.6695 1.7703 3.9644 -17.4621 -0.3157 50.4605 -6.7104 -4.2022
Car -1 -1 -7.9276 552.4502 149.0863 589.4102 179.7862 1.5013 1.6432 3.6772 -1.8254 -0.0388 36.5900 -7.9748 -4.2216
Car -1 -1 -7.8000 123.2694 156.9985 180.3729 200.0793 1.6824 1.7736 4.3388 -19.1210 0.7648 29.9390 -8.3615 -4.3861
Car -1 -1 -6.1019 514.2593 154.5208 595.3190 186.1162 1.4323 1.5406 3.5553 -2.3344 0.2548 33.0197 -6.1697 -4.4952
Car -1 -1 -5.9356 0.0000 168.4797 255.9440 300.6877 1.4451 1.5784 4.1652 -6.9706 1.3141 9.0774 -6.5717 -4.5874
Car -1 -1 -3.0443 0.0000 101.9967 263.0210 369.0000 1.7916 1.5802 3.0740 -4.1695 1.4318 4.7545 -3.7297 -4.7090
Car -1 -1 -5.3137 96.0064 150.3007 186.9293 186.4932 1.6329 1.7386 3.8474 -21.9422 0.2706 33.4431 -5.8879 -4.7343
Car -1 -1 -7.8980 245.5902 165.6484 312.7227 224.1528 1.4246 1.5084 3.3367 -8.8715 1.0633 19.0457 -8.3255 -4.7536
Car -1 -1 -7.9261 416.8083 152.2758 448.9996 182.0923 1.8651 1.7568 4.3667 -11.3817 0.0997 46.5745 -8.1622 -4.7545
Car -1 -1 -6.3446 365.4468 168.8958 443.1814 198.1937 1.5186 1.6022 3.9380 -10.8214 0.9172 38.0504 -6.6176 -4.8797
Car -1 -1 -7.8727 554.7236 146.7760 582.5400 174.3608 1.5785 1.6271 3.8826 -2.2724 -0.3936 43.3403 -7.9225 -4.9160
Car -1 -1 -7.0184 0.0000 166.2797 75.0662 217.2092 1.5399 1.5931 3.1298 -19.3911 1.1102 23.0416 -7.7093 -4.9684
Car -1 -1 -7.9102 255.7448 164.3553 316.8021 215.1109 1.4420 1.5324 4.2488 -10.1667 0.9836 22.3269 -8.3302 -5.0845
Car -1 -1 -4.2832 17.3699 156.2415 109.6888 190.6625 1.4384 1.8266 3.8350 -24.1002 0.4249 31.6154 -4.9276 -5.0858
Car -1 -1 -5.8268 564.1255 141.9263 655.6573 177.1487 1.6085 1.6451 4.1340 0.2045 -0.1701 34.2672 -5.8186 -5.1657
Car -1 -1 -3.2771 488.8810 149.9021 568.5204 179.3196 1.4708 1.6095 3.9301 -3.9952 -0.0632 36.7012 -3.3824 -5.2276
Car -1 -1 -7.0737 0.0000 89.8235 275.5161 369.0000 1.8679 1.9350 4.4687 -5.5520 1.2693 7.0151 -7.7192 -5.4062
Car -1 -1 -7.5821 155.9678 153.3879 231.2561 190.4223 1.4929 1.7810 4.0311 -17.7559 0.4002 30.6729 -8.1003 -5.5709
Car -1 -1 -3.9694 0.0000 148.4320 172.6300 204.7043 1.4604 1.7917 4.1222 -14.9024 0.6285 20.5063 -4.5882 -5.6935
Car -1 -1 -5.6159 136.8781 161.4019 271.5047 209.0051 1.4468 1.5819 3.5208 -12.7711 0.8666 22.5504 -6.1231 -5.7063
Car -1 -1 -5.8306 1223.0000 58.2441 1223.0000 369.0000 1.4563 1.5836 3.9904 6.5885 1.2966 2.9245 -4.7162 -5.8329
Car -1 -1 -7.2396 1223.0000 166.7721 1223.0000 363.9677 1.4208 1.5644 3.9554 7.9606 1.3223 5.9817 -6.3370 -5.8718
Car -1 -1 -4.0067 1042.2028 121.3381 1223.0000 369.0000 1.5298 1.6124 3.8965 4.2253 1.3591 2.9461 -3.0927 -5.8867
Car -1 -1 -5.5149 0.0000 0.0000 1190.4403 369.0000 1.4966 1.6023 3.9568 2.1350 1.4829 1.6874 -4.6976 -5.8867
Car -1 -1 -5.3605 0.0000 0.0000 1223.0000 369.0000 1.5003 1.6068 4.0566 40.2168 0.4537 -0.2719 -3.7896 -5.8867
Car -1 -1 -7.7404 336.1779 0.0000 1223.0000 369.0000 1.4377 1.5429 4.0732 0.3974 1.4318 1.1066 -7.4659 -5.9053
Car -1 -1 -6.0327 196.1296 155.4257 281.5666 189.0278 1.7139 1.7169 3.6903 -19.2594 0.4351 37.3040 -6.5038 -6.1454
Car -1 -1 -1.6672 65.1843 168.6021 129.9821 215.7035 1.6780 1.6851 3.7879 -19.5704 1.2544 27.1727 -2.2840 -6.1458
Car -1 -1 -6.1795 437.4284 155.7285 492.8943 185.6116 1.8816 1.6153 3.3475 -8.9613 0.3219 45.4701 -6.3708 -8.2120
