Car -1 -1 -2.0684 124.7514 164.8588 273.4239 230.5723 1.4955 1.6127 3.8652 -10.2954 1.1399 17.7985 -2.5831 -1.9909
Car -1 -1 -2.6590 0.0000 163.1659 70.7260 198.7945 1.6254 1.6798 3.8013 -27.9120 0.8348 33.4665 -3.3476 -2.9018
Car -1 -1 -5.7959 84.7271 156.8659 207.9732 198.0278 1.6372 1.7277 3.9127 -18.8407 0.6974 29.1398 -6.3629 -2.9646
Car -1 -1 -5.6723 8.6154 152.4270 101.4382 180.4330 1.5113 1.6972 3.7654 -30.3586 -0.0037 39.0897 -6.3266 -3.4538
Car -1 -1 -7.9719 358.9619 152.9502 390.2403 177.0275 1.5823 1.6514 3.6749 -16.0174 -0.2508 49.0612 -8.2835 -3.8654
Car -1 -1 -8.0110 379.3998 151.9880 412.8645 176.5128 1.6269 1.6790 3.8743 -14.7153 -0.2922 49.7013 -8.2950 -3.9961
Car -1 -1 -2.9148 230.6922 164.4185 398.4246 225.0588 1.4858 1.6135 3.7666 -7.4731 1.0921 18.4052 -3.2925 -4.0249
Car -1 -1 -5.4271 100.1012 153.3623 206.9334 190.0498 1.6666 1.7268 4.5623 -21.4674 0.4340 33.6058 -5.9892 -4.0466
Car -1 -1 -7.7056 411.3725 148.1470 444.7687 175.1237 1.9520 1.8291 4.5522 -13.5637 -0.4319 54.4497 -7.9463 -4.3909
Car -1 -1 -4.4510 516.5043 148.0448 564.5069 178.5272 1.4402 1.5104 3.6280 -3.2071 -0.1045 35.5722 -4.5379 -4.5005
Car -1 -1 -6.0621 103.0154 160.9580 288.4071 217.0048 1.5167 1.7048 4.3967 -11.7607 0.9882 20.5782 -6.5727 -4.5434
Car -1 -1 -8.2262 530.3627 146.2770 581.2429 177.4270 1.7685 1.7098 4.0644 -3.0388 -0.1954 42.7795 -8.2945 -4.6289
Car -1 -1 -2.3423 0.0000 170.4844 72.1623 218.4400 1.5351 1.6398 3.7653 -20.2737 1.2148 23.6346 -3.0428 -4.6405
Car -1 -1 -2.1946 0.0000 129.6550 316.9012 369.0000 1.7556 1.6084 2.6721 -3.8659 1.4627 5.2891 -2.7958 -4.7124
Car -1 -1 -8.0935 553.5788 147.0752 605.1837 179.3481 1.5089 1.6837 3.9578 -1.3606 -0.0609 35.3435 -8.1294 -4.7414
Car -1 -1 -6.2570 546.0084 145.4442 618.5679 174.9277 1.5604 1.7282 3.8742 -1.2309 -0.3111 38.6190 -6.2864 -4.7535
Car -1 -1 -4.0815 2.1202 160.1297 182.9119 231.2872 1.4750 1.5546 3.5980 -11.7547 1.0531 16.4718 -4.6902 -4.7797
Car -1 -1 -7.8965 410.3070 153.2572 440.6130 183.3247 1.8778 1.7544 4.3838 -11.8535 0.1765 46.5074 -8.1425 -4.8058
Car -1 -1 -3.9853 0.0000 165.9985 76.8934 206.3727 1.4842 1.4614 3.2645 -22.6838 0.9514 27.6571 -4.6647 -4.8360
Car -1 -1 -2.4344 0.0000 129.7896 132.8991 192.7585 1.6332 1.7681 3.9344 -15.4654 0.3183 19.3045 -3.0994 -5.0557
Car -1 -1 -4.1251 154.3852 161.6008 236.5834 195.2097 1.4835 1.5644 3.6313 -19.0768 0.6495 33.0757 -4.6421 -5.1488
Car -1 -1 -6.4199 545.2936 162.8700 605.6306 191.7290 1.5939 1.6811 3.2256 -1.7136 0.6203 40.1633 -6.4603 -5.5188
Car -1 -1 -7.9440 516.1021 143.8849 551.6223 174.7760 1.6902 1.7196 4.1534 -4.2536 -0.3554 41.7037 -8.0427 -5.6934
Car -1 -1 -6.1905 566.4159 146.6455 662.9731 179.1169 1.4669 1.6687 4.3824 0.4725 -0.0667 33.0999 -6.1742 -5.7417
Car -1 -1 -5.8272 1223.0000 62.6176 1223.0000 369.0000 1.4540 1.5826 3.9880 6.5899 1.3000 2.9203 -4.7122 -5.8287
Car -1 -1 -5.9099 0.0000 0.0000 1223.0000 369.0000 1.4731 1.5972 3.9497 5.3503 1.3537 1.6914 -4.6977 -5.8867
Car -1 -1 -4.0756 0.0000 0.0000 121.4938 369.0000 1.9730 1.9404 4.6949 -5.4650 1.3672 4.6792 -4.9030 -5.8882
Car -1 -1 -7.1375 1223.0000 177.1699 1223.0000 369.0000 1.4122 1.5347 3.7374 7.7704 1.3882 6.0022 -6.2483 -5.9025
Car -1 -1 -5.0014 502.9348 149.2854 545.0915 181.3826 1.6897 1.5168 2.9884 -4.5012 0.0466 38.8924 -5.1136 -5.9570
Car -1 -1 -4.2002 80.5607 161.0176 204.8472 218.8401 1.7126 1.6515 3.8891 -14.8514 1.1358 22.9278 -4.7667 -5.9766
Car -1 -1 -2.3650 0.0000 159.8891 106.3794 209.1360 1.7339 1.8018 4.0451 -20.9558 1.0085 26.0043 -3.0354 -6.2413
Car -1 -1 -5.5895 427.0695 147.6113 503.2319 177.4049 1.7965 1.7980 4.6873 -8.9149 -0.2051 44.9478 -5.7818 -6.4097
Car -1 -1 -5.1627 190.0356 157.0499 260.4245 192.4552 1.5309 1.5321 3.3406 -17.3243 0.5171 32.1771 -5.6504 -6.6036
Car -1 -1 -7.9522 336.3539 177.3931 398.4598 227.2320 1.3438 1.4538 2.8433 -7.0238 1.2603 20.6584 -8.2734 -7.7159
