Car -1 -1 -4.5154 0.0000 159.1786 48.0090 205.8155 1.6324 1.6785 3.8341 -22.6353 0.8864 26.8345 -5.2083 -2.3218
Car -1 -1 -7.8261 179.7151 167.8703 256.6742 228.7827 1.4176 1.6075 3.9451 -10.0981 1.1240 18.5789 -8.3148 -2.3302
Car -1 -1 -7.8875 250.4622 167.1626 318.7610 225.1309 1.4251 1.5610 3.9847 -8.9320 1.0975 19.5150 -8.3087 -2.6475
Car -1 -1 -6.2894 0.0000 155.3513 86.8647 187.2958 1.6256 1.7412 4.1868 -30.4792 0.3460 37.9691 -6.9597 -3.1697
Car -1 -1 -6.4270 360.0496 172.5895 444.0829 202.3896 1.5368 1.7017 4.1543 -10.9426 1.1290 38.0869 -6.7028 -3.2531
Car -1 -1 -6.7336 373.2880 153.0611 437.5565 177.8642 1.7436 1.7931 4.2067 -14.7002 -0.2023 52.2052 -7.0045 -3.6376
Car -1 -1 -7.8308 250.5703 145.7471 285.3173 178.5813 1.6835 1.6058 3.5886 -18.2951 -0.1096 38.4484 -8.2695 -4.3269
Car -1 -1 -7.6642 345.3665 161.7929 374.6640 180.2811 1.4388 1.5975 3.4406 -19.6629 -0.0182 56.8840 -7.9933 -4.3385
Car -1 -1 -2.5592 0.0000 157.8954 64.3519 192.2085 1.5885 1.6763 3.7267 -28.3954 0.5422 33.7700 -3.2517 -4.4133
Car -1 -1 -5.6754 118.5834 157.6917 293.1011 215.6903 1.6358 1.7685 4.2940 -11.8364 0.9928 21.0439 -6.1793 -4.5164
Car -1 -1 -8.2136 528.0101 144.0714 575.4284 173.0649 1.6324 1.6780 3.6868 -3.2841 -0.4721 42.8740 -8.2873 -4.5620
Car -1 -1 -2.8060 490.3619 148.6125 568.6256 180.1417 1.4894 1.5474 3.4915 -3.6935 -0.0180 34.5828 -2.9093 -4.6527
Car -1 -1 -5.2693 99.2041 149.2975 185.4658 185.0994 1.6133 1.6842 3.7773 -21.8972 0.2074 33.4270 -5.8428 -4.6631
Car -1 -1 -4.4356 351.4164 155.3996 391.0050 178.3038 1.5095 1.7261 3.3510 -16.0341 -0.1563 48.6320 -4.7501 -4.6960
Car -1 -1 -4.4463 33.3083 149.6378 114.3042 187.3808 1.5410 1.8248 4.0277 -23.2439 0.2812 31.0749 -5.0815 -4.7208
Car -1 -1 -3.1345 443.5174 151.4249 524.2285 184.9276 1.4605 1.5380 3.5000 -5.4578 0.1932 31.8586 -3.3003 -4.9147
Car -1 -1 -7.5541 233.9825 153.3787 285.3677 183.2097 1.4425 1.4583 3.1668 -17.4727 0.1312 35.8627 -8.0018 -4.9283
Car -1 -1 -4.6611 517.6152 151.2467 554.8925 184.1466 1.4121 1.4973 3.5914 -3.1030 0.1567 32.1734 -4.7542 -4.9572
Car -1 -1 -5.6128 380.3197 154.4142 440.8882 177.5876 1.5748 1.8113 3.8438 -13.7550 -0.2127 50.0416 -5.8773 -5.0317
Car -1 -1 -7.7729 404.2279 153.4519 438.6596 180.7934 1.6981 1.8243 4.2454 -11.9332 0.0183 46.1585 -8.0222 -5.1217
Car -1 -1 -5.9291 562.2812 146.9318 654.2814 177.9421 1.4306 1.6086 4.1706 0.1405 -0.1295 34.3512 -5.9229 -5.1546
Car -1 -1 -3.3424 354.0956 171.1609 442.5012 201.0090 1.4745 1.6415 4.1542 -10.7071 1.0133 36.6162 -3.6227 -5.2644
Car -1 -1 -7.8020 368.3952 161.5513 391.6802 180.2675 1.4721 1.6016 3.8843 -18.3284 -0.0197 57.7456 -8.1058 -5.2886
Car -1 -1 -7.7243 0.0000 126.9533 258.1287 369.0000 1.7148 1.7091 3.8846 -4.1290 1.4027 6.2486 -8.2832 -5.3260
Car -1 -1 -7.6491 0.0000 154.1918 58.9788 196.4640 1.6505 1.7204 3.6271 -24.3743 0.6236 29.6133 -8.3305 -5.4171
Car -1 -1 -2.6911 262.4363 145.0141 351.2410 179.7399 1.7579 1.7356 3.8961 -15.4937 -0.0405 36.8136 -3.0842 -5.4839
Car -1 -1 -6.3707 245.6832 162.8463 366.3152 207.6633 1.4627 1.5614 3.7575 -10.4369 0.8868 24.6388 -6.7648 -5.4857
Car -1 -1 -2.3646 0.0000 164.8847 69.8005 212.6492 1.5409 1.5600 3.5379 -20.3004 1.0374 23.7249 -3.0638 -5.5471
Car -1 -1 -5.8177 368.4437 152.3494 446.1288 182.8713 1.4448 1.5287 3.3245 -9.6564 0.1124 34.5448 -6.0858 -5.5485
Car -1 -1 -2.7440 0.0000 174.4365 240.5688 305.7839 1.4685 1.5835 3.9873 -7.1592 1.4011 9.1605 -3.3887 -5.6241
Car -1 -1 -4.2227 356.7499 145.9971 417.7427 177.3403 1.7860 1.6801 4.3677 -13.1851 -0.2027 43.0608 -4.5156 -5.8180
Car -1 -1 -5.7648 1223.0000 16.6154 1223.0000 369.0000 1.4447 1.5864 4.0490 6.2217 1.2462 2.9131 -4.6720 -5.8325
Car -1 -1 -6.3388 555.5517 145.9353 631.2242 173.4630 1.4581 1.7181 4.0803 -0.6921 -0.3977 38.9656 -6.3542 -5.8683
Car -1 -1 -5.6382 1223.0000 0.0000 1223.0000 369.0000 1.5209 1.6625 4.0203 41.4364 0.5774 2.1408 -4.1253 -5.8867
Car -1 -1 -5.7766 0.0000 0.0000 1223.0000 369.0000 1.4880 1.6004 3.9549 3.7427 1.4287 1.6898 -4.6977 -5.8867
Car -1 -1 -8.3773 0.0000 0.0000 1058.9308 369.0000 1.4692 1.5769 3.8370 1.1041 1.4574 1.3550 -7.7930 -5.8867
Car -1 -1 -5.8755 1223.0000 80.1239 1223.0000 369.0000 1.4788 1.5953 3.9478 7.7675 1.3481 2.9095 -4.6975 -5.8867
Car -1 -1 -2.1626 52.4963 164.8217 133.9684 196.1171 1.4698 1.5353 3.5183 -25.0156 0.7336 34.5418 -2.7831 -5.9286
Car -1 -1 -7.6842 280.6427 160.8530 332.1298 193.4510 1.3878 1.5892 3.2954 -13.4239 0.5516 31.8832 -8.0771 -5.9583
Car -1 -1 -7.1509 1223.0000 170.9459 1223.0000 365.8595 1.4154 1.5486 3.8891 7.8202 1.3465 5.9623 -6.2555 -6.0009
Car -1 -1 -5.9461 0.0000 167.2367 135.3266 216.6473 1.6819 1.7080 4.1736 -19.6719 1.2307 25.5209 -6.5950 -6.2457
Car -1 -1 -4.0938 0.0000 53.9961 79.9073 369.0000 1.6211 1.8669 4.8503 -5.3250 1.3466 4.1191 -4.9671 -6.4434
Car -1 -1 -4.8892 426.8186 152.3280 458.6201 175.9245 1.6236 1.6414 3.6705 -11.8355 -0.3459 51.4414 -5.1119 -6.5504
