Car -1 -1 -8.0622 670.3159 180.2754 793.7335 268.9970 1.5269 1.6791 3.6959 2.2671 1.6965 14.6283 -7.9126 7.3144
Car -1 -1 -7.7336 432.4259 181.2323 498.2191 235.2749 1.6076 1.6830 3.9793 -4.7954 1.9114 24.1444 -7.9282 6.4582
Car -1 -1 -4.3147 0.0000 72.6973 379.8891 374.0000 2.1112 1.7848 4.9344 -3.2217 1.7057 5.4720 -4.8267 5.9341
Car -1 -1 -8.0138 645.1010 177.3360 717.3871 238.8788 1.6118 1.5514 3.2525 1.9275 1.7513 20.8178 -7.9236 5.6859
Car -1 -1 -8.0371 617.5505 179.9559 681.0284 227.4109 1.5177 1.5962 3.5728 1.2697 1.7871 25.5160 -7.9887 5.0488
Car -1 -1 -7.9258 597.9227 180.6745 631.8303 208.7542 1.3865 1.5431 3.6127 0.1805 1.8238 38.5156 -7.9217 4.5472
Car -1 -1 -7.3683 450.7265 177.3324 520.7141 214.9984 1.6679 1.6698 3.9095 -5.9182 1.8953 34.5711 -7.5370 -2.0115
Car -1 -1 -7.8676 575.2280 174.7505 594.9821 195.2842 1.7459 1.6837 3.6098 -2.2396 1.9175 63.5353 -7.9031 -2.5041
Car -1 -1 -4.8511 614.8916 162.0261 641.2559 186.3392 2.2368 1.9272 4.2688 1.6617 1.2404 68.6135 -4.8273 -3.4448
Car -1 -1 -2.9750 419.1891 179.1451 516.1808 216.4501 1.5908 1.6851 3.9910 -6.2872 1.8770 31.9652 -3.1682 -3.6624
Car -1 -1 -4.7287 513.2171 183.9917 535.3275 205.9803 1.5808 1.6249 3.1159 -6.6088 2.4581 55.1997 -4.8478 -3.7502
Car -1 -1 -8.2646 621.8976 165.4686 663.2001 192.8581 2.1557 1.8436 4.2103 2.5924 1.5741 59.0836 -8.2213 -3.7549
Car -1 -1 -5.1857 542.9052 177.7215 576.8106 194.3949 1.5137 1.6311 3.8829 -4.8307 1.9916 68.8040 -5.2559 -3.8757
Car -1 -1 -4.2983 569.4174 176.8911 600.9275 193.3414 1.5063 1.5909 3.8918 -2.3682 1.9050 69.2048 -4.3327 -3.9645
Car -1 -1 -6.3019 0.0000 0.0000 1241.0000 374.0000 1.3969 1.4427 3.2723 -2.9494 1.5525 0.7940 -7.5225 -4.0545
Car -1 -1 -3.9609 0.0000 185.1734 114.6361 294.3642 1.5268 1.6468 3.8067 -10.8045 1.7725 12.4674 -4.6645 -4.1913
Car -1 -1 -7.0267 0.0000 0.0000 1241.0000 374.0000 1.4408 1.4506 3.2291 -1.5608 1.4882 0.9194 -7.9433 -4.3088
Car -1 -1 -3.5199 389.4683 184.5001 467.0184 213.5163 1.6573 1.6828 4.3488 -11.2714 2.4105 44.7324 -3.7658 -4.6555
Car -1 -1 -7.6678 477.1799 179.3994 521.9781 211.0386 1.6244 1.7635 3.8227 -6.0688 2.0027 39.7895 -7.8186 -4.7464
Car -1 -1 -6.6654 1215.6976 87.3910 1241.0000 178.1877 1.6836 1.6722 4.0346 15.3301 0.0986 14.9450 -5.8765 -4.8793
Car -1 -1 -8.0264 821.7455 165.2126 858.7186 192.0715 1.4822 1.5274 2.9290 13.1242 1.0602 41.3711 -7.7216 -4.9318
Car -1 -1 -4.5817 496.3527 184.3296 525.5972 209.7208 1.7405 1.6856 3.4351 -7.2331 2.6064 52.7390 -4.7178 -5.2051
Car -1 -1 -4.4256 542.8393 180.4445 580.4012 202.3365 1.4842 1.6193 4.1872 -3.5134 2.0614 52.6764 -4.4923 -5.2794
Car -1 -1 -4.4758 483.9326 180.4366 523.8225 206.9456 1.4987 1.5454 3.8337 -6.4418 1.9806 43.9036 -4.6210 -5.3208
Car -1 -1 -4.6178 594.8190 178.8850 621.7868 203.6258 1.5875 1.5058 3.5803 -0.1156 2.0127 49.0529 -4.6207 -5.4693
Car -1 -1 -4.6232 445.2075 181.2602 478.9468 206.0987 1.3934 1.6538 4.1680 -9.0264 1.9321 44.1038 -4.8243 -5.4876
Car -1 -1 -5.2344 575.2048 177.4373 620.5032 197.7971 1.4555 1.6203 4.0583 -0.9912 1.8164 54.7088 -5.2529 -5.6011
Car -1 -1 -4.5244 528.3259 180.4586 559.3245 200.7133 1.4596 1.6278 4.2298 -5.1039 2.0706 55.8184 -4.6156 -5.6174
Car -1 -1 -8.6462 621.4393 177.6234 710.7454 213.9275 1.4689 1.7202 3.7896 2.3692 1.6914 31.7106 -8.5729 -5.6600
Car -1 -1 -5.0199 587.9366 179.0544 630.5284 203.0505 1.4255 1.6043 3.8984 -0.1306 1.8390 46.0516 -5.0232 -5.7067
Car -1 -1 -5.7500 405.7257 185.0459 496.5032 225.0893 1.5398 1.6409 3.2870 -6.5945 2.0653 29.8238 -5.9663 -5.8150
Car -1 -1 -7.8431 0.0000 0.0000 1167.8279 374.0000 1.4963 1.5548 3.7593 -0.1034 1.5383 1.0627 -7.9300 -5.8520
Car -1 -1 -4.3865 464.4334 180.1279 512.6775 204.5096 1.4070 1.6816 4.3412 -7.5873 1.8860 45.2722 -4.5520 -5.8561
Car -1 -1 -4.6768 546.1073 179.5961 571.5407 202.2936 1.4450 1.5900 3.9900 -3.4831 1.9229 49.1575 -4.7476 -5.8562
Car -1 -1 -4.2522 1241.0000 98.9470 1241.0000 374.0000 1.4731 1.6036 3.9219 5.3959 1.2678 2.9631 -3.2246 -5.8603
Car -1 -1 -4.1430 439.6362 181.3432 505.2367 209.4232 1.4870 1.7127 4.2600 -7.9483 2.0066 41.8930 -4.3298 -5.8766
Car -1 -1 -4.5967 521.9373 179.5751 551.4599 202.0267 1.4569 1.5919 3.9433 -5.0703 1.9408 49.9928 -4.6977 -5.8867
Car -1 -1 -4.6371 550.3449 178.7210 573.6897 197.5495 1.4311 1.5850 3.9318 -3.8551 1.9189 58.0456 -4.7035 -5.8867
Car -1 -1 -4.5990 526.1006 179.9162 550.8779 198.7717 1.4578 1.5909 3.9404 -5.8647 2.0568 59.2517 -4.6976 -5.8867
Car -1 -1 -6.8955 0.0000 178.8996 234.2518 325.8991 1.5276 1.6124 3.9885 -7.4203 1.6276 9.8221 -7.5297 -5.8867
Car -1 -1 -9.0049 0.0000 0.0000 1241.0000 374.0000 1.4762 1.5913 3.8382 3.5408 1.4437 1.3734 -7.8745 -5.8867
Car -1 -1 -4.4167 472.6370 181.8993 508.5713 202.7446 1.4850 1.6439 3.9160 -9.1218 2.2027 55.2290 -4.5800 -5.8867
Car -1 -1 -4.5009 458.3913 180.1403 495.5083 204.0543 1.4576 1.5962 3.9322 -8.6835 1.9539 47.1809 -4.6824 -5.8867
Car -1 -1 -4.8033 568.0279 176.6688 593.9597 200.6722 1.6648 1.5539 3.6730 -2.1746 1.9526 52.5770 -4.8449 -5.9071
Car -1 -1 -2.6126 280.0208 187.8607 395.4225 226.8659 1.4256 1.5821 3.9914 -10.7076 2.0382 28.3497 -2.9711 -5.9135
Car -1 -1 -4.2990 155.8971 185.2000 325.6717 264.4778 1.4160 1.6085 4.4620 -7.8996 1.7257 15.8556 -4.7549 -5.9813
Car -1 -1 -4.4178 265.1508 183.7342 384.8527 252.8389 1.7064 1.9085 4.7562 -8.1519 2.0600 21.0259 -4.7840 -5.9855
Car -1 -1 -4.5434 29.4268 186.6345 151.0158 262.8511 1.4608 1.6200 3.7889 -11.8605 1.8175 16.6328 -5.1555 -6.0504
Car -1 -1 -4.2364 1222.9751 153.8356 1241.0000 374.0000 1.5163 1.8214 4.4903 6.6415 1.4287 4.5583 -3.2971 -6.2167
Car -1 -1 -4.5167 438.1639 182.1367 487.3834 211.9163 1.3801 1.6614 4.2892 -7.5009 1.8825 36.9256 -4.7162 -6.2377
Car -1 -1 -1.6786 0.0000 178.5322 0.0000 374.0000 1.4907 1.6096 3.8269 -4.4657 1.5223 2.4910 -2.6942 -6.4473
