Car -1 -1 -8.5911 684.8115 171.7826 735.3376 194.3354 1.6444 1.6228 3.8441 7.5119 1.5659 54.6523 -8.4556 -0.1527
Car -1 -1 -8.3900 831.0292 156.3821 884.9001 190.9841 2.5136 1.8843 4.3731 18.7138 1.3167 54.7489 -8.0626 -0.9800
Car -1 -1 -4.8392 702.1984 177.8516 731.2103 199.5258 1.4294 1.5540 3.5051 7.3515 1.7888 50.1644 -4.6949 -0.9881
Car -1 -1 -6.4404 771.7159 163.1030 829.4452 185.6475 1.5841 1.6783 3.7804 13.5891 0.8986 51.7187 -6.1850 -1.4070
Car -1 -1 -4.7972 700.1539 177.0990 722.6264 196.4542 1.5600 1.5827 3.3610 8.4678 1.9265 60.6303 -4.6595 -2.1535
Car -1 -1 -6.4106 836.6306 157.8033 907.5970 189.2830 1.7463 1.6932 3.6199 14.8854 0.9111 41.2424 -6.0667 -2.6274
Car -1 -1 -2.7162 767.2232 173.5527 857.7322 206.7894 1.4587 1.5716 3.7340 9.3337 1.4926 33.5414 -2.4475 -2.9148
Car -1 -1 -7.5432 744.5989 165.5030 778.3729 185.4738 1.6118 1.6354 3.9676 12.6785 1.0182 60.3619 -7.3374 -3.4023
Car -1 -1 -8.2859 800.5584 165.9293 841.8474 187.3630 1.7280 1.7033 4.1991 17.5914 1.1694 60.3749 -8.0040 -3.4663
Car -1 -1 -4.7359 569.1294 178.3629 592.5675 200.9031 1.5836 1.6425 4.2016 -2.2398 2.0112 53.8932 -4.7777 -3.6268
Car -1 -1 -5.3898 729.3114 172.2404 782.7720 197.8127 1.6772 1.6585 3.6414 9.9049 1.6366 49.3202 -5.1932 -3.6823
Car -1 -1 -4.5568 550.2131 181.8070 584.6049 206.8748 1.4196 1.5353 3.8091 -2.6030 1.9926 44.2369 -4.6157 -3.7754
Car -1 -1 -7.7557 439.8644 175.8650 463.5399 194.1225 1.5045 1.6669 3.2629 -13.5421 1.7690 61.7431 -7.9711 -3.9223
Car -1 -1 -8.1256 894.1680 173.1568 956.5911 207.2203 1.4544 1.6025 3.8620 14.2350 1.4687 32.8638 -7.7205 -4.0807
Car -1 -1 -4.3256 752.6769 180.6112 820.9064 217.8947 1.3952 1.5056 3.5496 7.2715 1.7341 29.6640 -4.0881 -4.1540
Car -1 -1 -7.9985 685.4190 176.4466 721.5125 201.7613 1.4781 1.6372 4.0699 5.7130 1.7109 44.7620 -7.8728 -4.1952
Car -1 -1 -4.6478 578.9020 185.5702 598.6202 206.2530 1.8623 1.6451 4.0633 -2.0398 3.1242 69.5589 -4.6776 -4.4523
Car -1 -1 -2.3946 528.0565 176.5981 590.1123 201.1327 1.6932 1.7852 4.4854 -3.7675 1.9764 52.5336 -2.4663 -4.6403
Car -1 -1 -7.8545 941.8010 169.3610 974.7422 197.3689 1.4725 1.5732 3.7049 19.2241 1.2886 39.9449 -7.4091 -4.7308
Car -1 -1 -4.7279 796.7542 170.1650 828.3753 197.0652 1.5097 1.7178 3.9558 11.8843 1.3585 42.6239 -4.4581 -4.7324
Car -1 -1 -4.8062 667.1945 176.2063 698.4468 200.0202 1.5636 1.7451 4.4023 4.9874 1.8068 50.2024 -4.7082 -4.7470
Car -1 -1 -4.6178 577.1608 179.9117 607.4558 205.3352 1.5522 1.6236 3.8732 -1.1500 2.0325 47.1446 -4.6426 -4.7834
Car -1 -1 -4.4614 603.3932 180.4570 645.3035 207.1438 1.5579 1.6254 4.3766 0.9309 2.0644 45.7720 -4.4418 -5.0349
Car -1 -1 -4.6877 630.9795 179.4328 658.7690 207.3903 1.6164 1.6288 4.0846 2.1685 2.0436 44.7975 -4.6402 -5.0384
Car -1 -1 -8.4939 803.7478 163.8684 850.7458 185.3310 1.8099 1.9351 3.9738 18.9086 1.0519 63.0454 -8.2040 -5.1691
Car -1 -1 -7.9889 914.1959 168.1176 953.3551 196.0996 1.4948 1.4764 3.9310 18.1415 1.2415 40.6384 -7.5720 -5.3314
Car -1 -1 -4.4280 526.9169 183.3861 571.5993 211.3698 1.4162 1.5521 3.4334 -3.3356 2.0227 39.7343 -4.5117 -5.3752
Car -1 -1 -8.3282 792.1668 165.5729 829.9333 183.2343 1.6834 1.8088 4.3033 19.7326 0.9891 71.0651 -8.0587 -5.3904
Car -1 -1 -8.2768 1068.0315 198.5592 1241.0000 374.0000 1.3938 1.5651 3.6620 2.6352 1.5429 2.2029 -7.4664 -5.3968
Car -1 -1 -4.9613 649.3318 177.0651 684.0237 197.8775 1.4980 1.6990 3.9540 4.2385 1.8302 54.8738 -4.8851 -5.5624
Car -1 -1 -5.4307 827.3150 171.1487 918.7277 207.3483 1.4622 1.6660 3.7121 11.2321 1.3931 31.1778 -5.0883 -5.7048
Car -1 -1 -4.7475 636.4916 177.6236 657.7304 196.0104 1.4229 1.5840 3.9296 2.9711 1.8247 58.8409 -4.6977 -5.8867
Car -1 -1 -6.9167 0.0000 0.0000 1241.0000 374.0000 1.5606 1.5924 3.8085 -2.1007 1.6917 1.0033 -7.9390 -5.8867
Car -1 -1 -3.5417 0.0000 200.7589 0.0000 374.0000 1.5252 1.6134 3.9659 -5.4747 1.6843 2.1283 -4.6977 -5.8867
Car -1 -1 -9.2440 0.0000 0.0000 1241.0000 374.0000 1.4957 1.5772 3.7884 4.7182 1.3898 0.9965 -7.9398 -5.8867
Car -1 -1 -4.8479 590.4039 186.7971 613.5551 204.1368 1.5741 1.7185 4.2920 -0.8439 2.9964 71.3671 -4.8602 -6.0636
Car -1 -1 -5.8369 471.3630 173.7934 549.7098 204.7655 1.6871 1.9030 3.9675 -5.6595 1.7420 40.9048 -5.9740 -6.9714
