Car -1 -1 -8.2959 783.6776 180.0418 1167.3840 374.0000 1.5471 1.6420 3.7050 2.9580 1.6344 6.9012 -7.9076 7.5827
Car -1 -1 -7.9386 679.9705 181.3396 751.7054 239.2966 1.4117 1.6235 3.7422 2.7953 1.6696 20.0447 -7.8028 6.8259
Car -1 -1 -7.4125 0.0000 187.2838 400.8388 374.0000 1.6078 1.6569 3.9871 -3.1909 1.7698 6.1027 -7.8776 5.7876
Car -1 -1 -8.6477 0.0000 0.0000 1241.0000 374.0000 1.5264 1.6396 4.0012 3.0219 1.6210 1.8647 -7.6989 1.6863
Car -1 -1 -7.8181 555.2782 182.0631 573.7372 200.1367 1.6480 1.6476 3.6639 -4.3801 2.5589 69.5352 -7.8812 -1.3104
Car -1 -1 -4.6895 633.6631 175.6579 663.6270 205.5631 1.7842 1.8024 4.8711 2.4794 1.9724 46.0131 -4.6365 -1.3607
Car -1 -1 -7.0766 0.0000 189.0596 182.2791 369.7682 1.4991 1.5886 3.9170 -7.0982 1.7322 8.3701 -7.7644 -2.4531
Car -1 -1 -4.4770 617.6626 179.9690 648.2143 199.8645 1.6179 1.6796 4.3869 2.0090 2.2587 62.6836 -4.4455 -2.5433
Car -1 -1 -7.5044 624.1003 179.5297 664.4230 202.5576 1.5289 1.6221 3.9137 2.4445 2.0224 51.2529 -7.4575 -2.9900
Car -1 -1 -7.6847 453.2162 185.9509 1241.0000 374.0000 1.5133 1.5695 3.5423 1.2103 1.5954 2.6188 -7.2948 -3.3242
Car -1 -1 -5.4652 0.0000 197.8528 37.9767 262.1099 1.4817 1.6085 3.8340 -17.0676 2.1489 18.3194 -6.2081 -3.5836
Car -1 -1 -4.6360 4.3920 196.8993 222.9683 374.0000 1.4036 1.6204 3.7877 -5.3486 1.7431 8.1444 -5.2026 -3.6261
Car -1 -1 -4.7052 667.8145 176.6915 687.8734 196.8038 1.5627 1.5732 3.5275 5.4915 1.8838 58.5950 -4.6127 -3.6381
Car -1 -1 -8.0191 598.9594 181.1937 632.0344 204.8849 1.5531 1.6515 4.2824 0.3131 2.1697 51.1267 -8.0136 -3.6386
Car -1 -1 -5.0128 149.2728 191.6081 386.7610 340.4202 1.4301 1.6432 4.2067 -4.7487 1.7328 9.5610 -5.4634 -4.4130
Car -1 -1 -5.2314 558.3230 184.4113 607.1141 207.8959 1.5134 1.6473 4.0166 -1.9926 2.3602 50.7439 -5.2710 -4.4856
Car -1 -1 -6.7202 0.0000 0.0000 1241.0000 374.0000 1.4630 1.4610 3.2540 -2.9262 1.5318 1.1994 -7.8227 -4.6649
Car -1 -1 -4.5803 590.2739 183.2455 615.1780 202.3873 1.5594 1.6670 4.0313 -0.6276 2.4991 63.1649 -4.5907 -4.8362
Car -1 -1 -4.8396 514.7850 180.9175 536.3071 200.8216 1.8103 1.6001 3.6033 -8.1358 2.6044 69.1403 -4.9568 -4.9008
Car -1 -1 -4.3816 492.3811 181.7542 522.9229 199.1331 1.5376 1.6508 3.9847 -9.6443 2.4035 68.1142 -4.5221 -5.2682
Car -1 -1 -7.0756 24.5606 0.0000 1241.0000 374.0000 1.4853 1.5109 3.4476 -1.6977 1.5330 1.3284 -7.8896 -5.4376
Car -1 -1 -7.4576 20.2727 204.7850 245.6576 330.9884 1.5172 1.6878 3.6039 -7.3977 2.1132 11.5583 -8.0170 -5.5119
Car -1 -1 -6.6301 0.0000 0.0000 1241.0000 374.0000 1.4465 1.4786 3.3405 -4.1328 1.5245 1.0926 -7.8795 -5.5251
Car -1 -1 -4.8259 549.1978 182.2456 575.5324 204.6136 1.6566 1.6462 3.9068 -3.8388 2.4283 57.2443 -4.8930 -5.7641
Car -1 -1 -4.7963 563.4971 179.0476 592.4323 202.8479 1.4849 1.6021 3.8278 -2.2026 1.9143 48.0598 -4.8423 -5.8547
Car -1 -1 -7.6968 0.0000 177.6514 1241.0000 374.0000 1.5044 1.6238 4.0293 -0.1652 1.5354 2.6197 -7.7585 -5.8867
Car -1 -1 -4.7209 409.8490 182.5248 463.9213 232.1600 1.4543 1.6171 4.0932 -5.8596 1.8072 24.1724 -4.9567 -5.8867
Car -1 -1 -4.5708 575.1852 181.0748 601.0973 199.7349 1.4739 1.6531 3.8900 -1.8339 2.1895 60.8019 -4.6013 -5.8867
Car -1 -1 -4.3840 430.5813 181.8080 493.8928 217.0022 1.4448 1.6383 3.8899 -6.6566 1.8754 32.6891 -4.5838 -5.8867
Car -1 -1 -7.7800 472.2725 180.9938 511.6443 213.4298 1.4650 1.6338 3.8539 -5.8066 1.8885 35.5783 -7.9411 -5.9134
Car -1 -1 -7.6882 459.8501 178.9385 512.0947 214.9972 1.4471 1.6399 3.7974 -5.3885 1.7284 31.4988 -7.8567 -6.0401
Car -1 -1 -8.0234 675.8495 180.1339 723.7599 210.9437 1.4256 1.6945 4.2757 4.4450 1.8164 36.5919 -7.9040 -6.0952
Car -1 -1 -4.1387 78.2379 178.8501 204.3351 228.3141 1.4776 1.6005 3.9775 -15.4848 1.6936 24.0310 -4.7063 -6.4143
