Car -1 -1 -4.7288 656.8590 178.1424 677.7151 197.1651 1.5491 1.7115 4.3288 4.8824 2.0209 62.2019 -4.6513 -2.0057
Car -1 -1 -7.9341 419.5146 176.2156 449.0195 198.7530 1.4329 1.6202 3.9157 -11.9067 1.6690 48.6194 -8.1734 -2.5256
Car -1 -1 -4.1676 513.8869 182.8105 563.5296 206.7312 1.4634 1.5570 3.7553 -4.7151 2.1515 47.8605 -4.2658 -3.0642
Car -1 -1 -4.9084 675.5746 176.8167 710.7830 201.9562 1.6197 1.6374 3.9274 5.5880 1.9005 49.1516 -4.7963 -3.0960
Car -1 -1 -7.1572 672.6748 174.0137 722.0821 196.1328 1.6254 1.6390 3.8882 6.6756 1.7168 55.1521 -7.0378 -3.3142
Car -1 -1 -6.7333 759.4623 171.4334 850.4542 202.9131 1.4330 1.6016 3.8229 9.1167 1.3680 33.9928 -6.4739 -3.3255
Car -1 -1 -3.0942 741.9368 167.4305 798.0544 189.6265 1.5668 1.6877 3.8953 11.5691 1.1837 52.2563 -2.8778 -3.4699
Car -1 -1 -6.8361 732.6046 170.5436 824.6218 202.7307 1.5135 1.6620 4.1404 8.2196 1.4046 35.3805 -6.6101 -3.6683
Car -1 -1 -4.6694 672.7222 178.0221 693.9634 197.2127 1.5598 1.6483 3.9534 6.2883 2.0173 61.8369 -4.5690 -3.7659
Car -1 -1 -4.8158 554.3231 172.3314 578.2442 190.7245 1.5216 1.6201 4.1678 -3.8053 1.4781 61.8789 -4.8772 -4.0869
Car -1 -1 -5.2127 765.6002 168.1947 797.8199 183.6865 1.4907 1.5861 3.5474 16.9280 1.0421 71.3515 -4.9809 -4.1621
Car -1 -1 -7.6563 517.3725 182.3942 557.0123 208.3465 1.4680 1.6644 4.0694 -4.4687 2.0835 44.4682 -7.7564 -4.1848
Car -1 -1 -8.6569 760.5223 167.3351 811.0720 186.7826 1.5859 1.6519 4.1728 14.8019 1.1356 61.0440 -8.4204 -4.1861
Car -1 -1 -5.7341 790.7473 166.2611 903.2025 203.2762 1.5194 1.7361 4.4629 10.3384 1.2485 31.8749 -5.4235 -4.3147
Car -1 -1 -4.8393 563.0591 181.0734 586.7059 201.5090 1.8731 1.7831 4.0950 -3.4594 2.6956 70.0549 -4.8889 -4.5263
Car -1 -1 -4.6838 397.6857 174.0092 425.8512 199.0845 1.5896 1.6881 4.5410 -13.2740 1.6706 48.3679 -4.9505 -4.6117
Car -1 -1 -2.9542 306.3768 173.1020 430.2717 212.3025 1.5404 1.7216 4.5636 -9.8329 1.5506 29.5205 -3.2733 -4.8208
Car -1 -1 -4.5209 745.4348 167.6481 784.2188 194.8206 1.6356 1.6809 3.9540 9.7862 1.3219 45.5796 -4.3110 -4.8448
Car -1 -1 -8.0661 536.6122 175.8117 571.8572 201.4088 1.8056 1.7164 4.4412 -4.2346 2.0356 53.8177 -8.1447 -4.8572
Car -1 -1 -4.8137 601.5156 180.4359 634.3845 207.3928 1.6074 1.7139 3.8022 0.4327 2.1123 46.1055 -4.8050 -5.0004
Car -1 -1 -4.9505 611.5408 178.8273 646.0628 202.0254 1.6160 1.6588 3.9709 1.3216 2.0759 53.4700 -4.9264 -5.0200
Car -1 -1 -4.7149 551.3436 179.7144 576.7914 205.0571 1.5595 1.6021 3.8259 -3.0590 2.0287 47.4247 -4.7794 -5.0271
Car -1 -1 -3.5293 830.8531 174.1471 919.0651 208.5642 1.5098 1.6364 3.3714 11.8856 1.5695 32.6064 -3.1831 -5.1174
Car -1 -1 -4.5798 510.1587 184.7311 546.1113 210.4551 1.3346 1.5776 3.4535 -4.6222 2.0344 40.7862 -4.6924 -5.2066
Car -1 -1 -4.5054 685.2331 183.0059 724.6968 209.2632 1.3421 1.4766 3.6517 5.3161 1.9375 40.3693 -4.3760 -5.2372
Car -1 -1 -6.3704 804.3810 165.3352 871.8710 194.7173 1.6604 1.5466 3.6107 13.1622 1.2352 41.9151 -6.0685 -5.2959
Car -1 -1 -4.6672 638.3718 177.3967 664.5646 199.2338 1.4580 1.6748 4.1969 2.9510 1.7940 51.2514 -4.6105 -5.2997
Car -1 -1 -4.8281 548.3964 182.8921 569.3826 198.8407 1.4843 1.6532 3.7412 -5.1183 2.5085 71.6511 -4.8996 -5.3633
Car -1 -1 -4.9616 612.4416 178.0455 656.1113 207.2347 1.6137 1.6626 3.8952 1.3488 1.9356 42.7105 -4.9308 -5.5272
Car -1 -1 -4.5258 692.2238 176.0843 732.4269 201.3378 1.5613 1.7877 4.7821 6.8029 1.7865 47.8137 -4.3858 -5.5563
Car -1 -1 -7.5803 635.8608 65.1527 1241.0000 374.0000 1.4764 1.9094 4.3412 2.3224 1.3687 2.7981 -6.9378 -5.6695
Car -1 -1 -4.5191 631.1260 177.1951 662.5962 197.9277 1.5143 1.6540 4.2491 2.8687 1.8639 55.9075 -4.4685 -5.8338
Car -1 -1 -2.7873 356.0163 159.7750 442.3513 190.6772 1.6297 1.6807 4.1595 -11.4031 0.9396 39.0380 -3.0699 -5.8511
Car -1 -1 -3.5415 0.0000 201.1827 0.0000 374.0000 1.5269 1.6152 3.9666 -5.4752 1.6884 2.1272 -4.6977 -5.8867
Car -1 -1 -9.1924 0.0000 0.0000 1241.0000 374.0000 1.5033 1.5800 3.7910 3.9145 1.4235 0.9961 -7.9398 -5.8867
Car -1 -1 -7.1461 51.5930 0.0000 1241.0000 374.0000 1.5552 1.5923 3.8074 -1.2974 1.6610 1.0033 -7.9391 -5.8867
Car -1 -1 -4.9963 616.9594 176.8763 657.3657 200.7032 1.5370 1.6637 4.1519 1.7813 1.8251 49.5109 -4.9611 -5.9017
Car -1 -1 -7.6034 790.6862 164.3199 823.3183 183.5917 1.6529 1.7834 4.3568 17.5434 0.9206 64.2178 -7.3381 -6.0159
Car -1 -1 -7.6308 712.5884 170.9284 753.4841 197.3729 1.6399 1.7363 4.2542 8.0344 1.5202 47.0411 -7.4631 -6.0309
Car -1 -1 -4.4146 757.1270 166.7182 802.4863 194.4651 1.5724 1.6899 3.4437 10.0706 1.2244 42.8029 -4.1854 -6.0619
Car -1 -1 -5.2327 559.5259 179.5884 599.2820 198.6601 1.4635 1.4960 3.8969 -2.5565 2.0317 58.8606 -5.2764 -6.8737
Car -1 -1 -5.7639 439.7365 173.6929 522.2698 204.0674 1.6510 1.9259 4.2068 -7.3415 1.7001 40.9205 -5.9407 -7.2121
