Car -1 -1 -4.3843 923.8797 175.5435 975.1431 202.9613 1.4472 1.5843 3.3986 18.9055 1.6034 40.2071 -3.9480 -1.9710
Car -1 -1 -2.2434 145.9319 167.0028 269.3951 212.0602 1.5148 1.6683 4.1071 -14.4412 1.3178 25.8129 -2.7493 -2.6781
Car -1 -1 -7.4127 1154.6371 159.8358 1234.5028 192.1089 1.6606 1.7600 4.1219 31.4179 0.9904 38.8191 -6.7362 -3.3169
Car -1 -1 -7.4771 1120.7278 164.6606 1179.7762 194.2057 1.6617 1.6081 3.4749 31.5564 1.2006 42.1812 -6.8384 -3.4761
Car -1 -1 -6.4268 930.2397 171.4749 988.8868 194.5692 1.6255 1.7102 3.6003 25.1757 1.5282 52.1416 -5.9795 -3.4993
Car -1 -1 -4.7760 952.8048 172.8606 984.6819 197.3799 1.4697 1.5507 3.5025 22.3791 1.4698 45.1655 -4.3189 -3.6032
Car -1 -1 -5.2262 1152.3521 169.7887 1241.0000 201.9306 1.3848 1.6396 3.6848 26.7694 1.2524 33.0376 -4.5498 -3.6736
Car -1 -1 -2.1042 17.4448 197.9937 171.3159 265.8093 1.5392 1.6115 3.7766 -13.6340 2.2536 19.0026 -2.7202 -3.6851
Car -1 -1 -7.6412 908.5580 174.9661 957.1556 204.8100 1.4432 1.5724 3.5710 16.5797 1.5570 37.0679 -7.2240 -4.1980
Car -1 -1 -5.5304 1222.4955 148.6613 1241.0000 191.4673 1.5550 1.6861 4.1376 26.6917 0.6759 28.3324 -4.7800 -4.2010
Car -1 -1 -4.8889 1170.7549 159.7156 1221.1339 188.1677 1.6396 1.6728 4.0075 35.4078 0.8822 43.7380 -4.2118 -4.2313
Car -1 -1 -4.5712 881.6652 176.4034 932.1382 212.7603 1.4845 1.5652 3.7379 13.1108 1.6508 31.8623 -4.1846 -4.3725
Car -1 -1 -7.9572 1201.7600 148.6752 1241.0000 182.5317 1.7390 1.8701 4.6797 33.8388 0.4968 39.5196 -7.2528 -4.4205
Car -1 -1 -8.0241 789.1447 164.7182 820.0117 187.1485 1.7389 1.6731 4.3784 15.6179 1.1079 58.1922 -7.7634 -4.4216
Car -1 -1 -5.4883 949.1741 176.1005 1036.5585 203.9386 1.4223 1.6395 4.3789 20.9379 1.6113 39.7423 -5.0069 -4.4725
Car -1 -1 -5.1816 1009.5779 169.1709 1074.4124 199.9854 1.7100 1.6577 3.8559 25.0313 1.5053 42.0177 -4.6478 -4.5673
Car -1 -1 -4.7782 1010.3831 173.8992 1045.2988 199.7482 1.3484 1.4306 3.1969 22.8108 1.4078 39.5290 -4.2584 -4.7042
Car -1 -1 -4.7497 1101.8545 168.2028 1140.1589 196.8431 1.5182 1.5852 3.7034 28.4042 1.2714 40.2340 -4.1387 -4.8549
Car -1 -1 -5.4645 998.1154 171.1826 1060.9618 196.2193 1.6694 1.6181 3.7829 29.0479 1.5576 50.1361 -4.9423 -5.0494
Car -1 -1 -4.7142 1021.7191 171.8832 1063.0276 207.3958 1.6534 1.6702 4.2268 21.4047 1.6079 35.8390 -4.1798 -5.0778
Car -1 -1 -8.0929 768.1650 171.8122 803.9595 194.0028 1.5036 1.5823 3.7933 12.3146 1.4327 50.7878 -7.8567 -5.1010
Car -1 -1 -5.2720 948.3435 172.7107 1022.6547 201.7456 1.4265 1.6562 3.7602 19.3282 1.4192 37.3939 -4.7985 -5.2312
Car -1 -1 -7.3011 1006.3303 164.7323 1049.1969 180.1731 1.4638 1.6952 4.1299 40.5927 0.6936 70.1308 -6.7784 -5.3489
Car -1 -1 -5.3867 1030.4711 173.3953 1121.5372 202.1907 1.3978 1.6172 4.2853 23.9391 1.4272 37.3267 -4.8204 -5.3758
Car -1 -1 -5.2982 1017.5554 170.3644 1078.1611 191.1489 1.3916 1.6026 4.1057 30.4659 1.2246 50.3953 -4.7573 -5.3861
Car -1 -1 -5.1642 1022.4462 173.3454 1079.9576 195.4467 1.3575 1.5480 4.0116 28.3044 1.3903 46.4788 -4.6203 -5.3932
Car -1 -1 -4.8205 1128.2959 169.0526 1172.9109 198.5565 1.5141 1.5092 3.8030 29.1579 1.3187 39.0514 -4.1830 -5.4344
Car -1 -1 -5.2330 1093.1914 165.0198 1148.2806 186.4314 1.4990 1.5269 3.8909 37.0692 0.9502 52.5200 -4.6212 -5.4757
Car -1 -1 -8.7170 827.4654 162.4017 909.5149 199.7871 1.7945 1.5588 3.8225 13.0284 1.2925 36.6784 -8.3786 -5.7439
Car -1 -1 -5.4420 1012.7444 170.0067 1086.6721 195.3336 1.4941 1.6417 4.0119 27.1054 1.3258 44.6885 -4.9000 -5.8026
Car -1 -1 -4.6680 919.9085 172.6961 943.1548 189.8660 1.4311 1.6585 4.2875 27.8196 1.4176 62.4269 -4.2508 -5.8445
Car -1 -1 -5.0287 1055.9696 170.0193 1104.9205 191.0922 1.4049 1.6281 4.1638 32.7057 1.2156 50.3255 -4.4553 -5.8771
Car -1 -1 -4.7075 1074.7919 172.3115 1098.0166 189.8962 1.4802 1.6432 3.9960 41.4737 1.4342 62.8547 -4.1267 -5.8867
Car -1 -1 -4.8154 1190.5938 166.1574 1229.1672 187.7197 1.4307 1.6351 3.9965 41.4738 0.9860 49.9908 -4.1259 -5.8867
Car -1 -1 -3.7924 0.0000 196.1678 228.4858 374.0000 1.5259 1.6150 3.9666 -3.0632 1.6588 2.1272 -4.6977 -5.8867
Car -1 -1 -4.7758 1144.4037 165.0919 1176.9203 185.5985 1.4830 1.6714 4.1476 41.4174 0.9214 54.3722 -4.1276 -5.8867
Car -1 -1 -5.2388 1020.8967 171.1903 1074.0531 190.5382 1.3635 1.5641 3.9047 31.9185 1.2460 52.8126 -4.6979 -5.8867
Car -1 -1 -4.7250 1093.4221 171.9263 1118.2443 190.3981 1.4930 1.6485 4.0015 41.4731 1.4177 60.4416 -4.1261 -5.8867
Car -1 -1 -4.6756 1046.0605 168.4185 1068.5946 184.3008 1.4257 1.6388 4.0110 41.4681 1.0272 66.8918 -4.1228 -5.8867
Car -1 -1 -4.7522 1169.7191 164.4616 1202.1416 184.6381 1.3931 1.6454 4.1052 41.3971 0.8133 51.9616 -4.0824 -5.8867
Car -1 -1 -8.9130 0.0000 0.0000 1241.0000 374.0000 1.5473 1.5895 3.8044 1.9184 1.6021 1.0032 -7.9391 -5.8867
Car -1 -1 -8.1636 0.0000 0.0000 853.8807 374.0000 1.5587 1.5919 3.8078 0.3112 1.6599 1.0029 -7.9389 -5.8867
Car -1 -1 -3.6032 0.0000 204.0868 0.0000 374.0000 1.5349 1.6145 3.9684 -4.6701 1.7132 2.1283 -4.6976 -5.8867
Car -1 -1 -4.0672 189.0672 0.0000 1241.0000 374.0000 1.5407 1.6160 3.9706 -1.4531 1.6942 1.7242 -4.6973 -5.8867
Car -1 -1 -4.8805 1241.0000 163.7673 1241.0000 188.9534 1.4463 1.6416 4.0077 41.4631 0.9242 43.5564 -4.1232 -5.8867
Car -1 -1 -8.3364 1241.0000 169.7260 1241.0000 282.9708 1.4126 1.5822 3.8532 12.6854 1.3733 11.0822 -7.4970 -5.9199
