Car -1 -1 -8.0579 737.4199 180.4009 906.1990 301.1364 1.4421 1.5940 3.6564 2.8723 1.5734 10.7173 -7.8040 8.3519
Car -1 -1 -7.8499 552.6241 181.1671 572.9679 201.3242 1.5900 1.6452 3.5675 -3.9613 2.3050 60.2548 -7.9157 1.2884
Car -1 -1 -7.9283 629.5676 182.0835 662.7195 209.0405 1.4299 1.6029 4.0915 2.0084 1.9901 41.7545 -7.8811 -0.2381
Car -1 -1 -4.4383 612.3848 177.8783 647.3942 200.4397 1.5690 1.5911 3.8868 1.4762 1.9538 53.2034 -4.4111 -1.8833
Car -1 -1 -5.0177 658.8733 173.9135 686.5635 190.2213 1.5605 1.6108 3.9502 6.1560 1.6682 71.4206 -4.9324 -2.4918
Car -1 -1 -4.1949 528.7549 179.0546 565.6895 198.0022 1.6912 1.6751 4.0744 -5.9023 2.2945 68.0433 -4.2815 -2.7606
Car -1 -1 -4.8631 693.1422 168.3467 726.0566 195.8542 1.7827 1.6609 3.6120 6.6327 1.4903 48.5814 -4.7286 -2.8262
Car -1 -1 -4.6527 675.6120 174.0393 704.7426 201.4173 1.6912 1.6520 3.9786 5.2095 1.7713 46.8526 -4.5431 -2.9035
Car -1 -1 -7.9683 610.6552 180.0911 631.6564 196.9601 1.5422 1.5936 3.8374 1.0308 2.2606 69.6600 -7.9540 -3.2898
Car -1 -1 -4.6288 677.6382 171.9488 696.8180 187.2374 1.4766 1.5996 3.6313 7.6690 1.3889 71.6207 -4.5228 -4.0717
Car -1 -1 -7.9318 640.7996 171.9864 681.7234 211.1094 1.8393 1.7118 3.9660 2.4552 1.7982 35.9131 -7.8647 -4.2742
Car -1 -1 -5.2638 615.9056 182.6760 656.7096 203.1716 1.4945 1.5447 3.5613 1.9953 2.2881 56.3911 -5.2292 -4.3339
Car -1 -1 -4.3269 627.6688 178.7931 668.5481 201.1780 1.5342 1.6155 3.9613 2.7957 1.9854 52.7216 -4.2747 -4.3817
Car -1 -1 -4.5267 596.4142 181.3794 626.7372 202.7482 1.5369 1.6183 4.1032 0.1329 2.2214 55.7891 -4.5248 -4.7315
Car -1 -1 -4.6517 516.5778 182.8183 537.6630 200.5703 1.4856 1.6537 3.5840 -7.3792 2.3983 64.2764 -4.7660 -4.7488
Car -1 -1 -7.8133 644.1373 176.7492 670.7234 200.4082 1.4381 1.5631 3.6736 3.0481 1.6986 46.3953 -7.7486 -4.8112
Car -1 -1 -7.8185 0.0000 152.9261 299.3329 374.0000 1.6290 1.6651 3.9203 -3.5338 1.5377 5.4085 -8.3756 -4.9127
Car -1 -1 -4.1594 466.4833 183.5614 523.5736 209.3240 1.5473 1.6487 4.4154 -7.5573 2.2890 47.6472 -4.3164 -5.4440
Car -1 -1 -4.7013 862.8589 173.2853 930.0076 237.0893 1.5076 1.5007 3.5828 7.4895 1.5198 19.0167 -4.3320 -5.4487
Car -1 -1 -7.1851 761.2865 271.8173 1241.0000 374.0000 1.5747 1.9053 4.1084 2.9934 2.2526 3.5283 -6.5248 -5.5718
Car -1 -1 -4.9820 642.2797 177.2775 683.0869 200.0129 1.4545 1.6599 4.4044 3.5176 1.7712 49.3870 -4.9118 -5.6953
Car -1 -1 -4.6312 622.0918 180.4299 652.2628 206.0167 1.5390 1.6393 3.9700 1.7642 2.0507 46.6921 -4.5942 -5.7162
Car -1 -1 -4.2610 683.0080 177.1064 717.4237 197.2018 1.4556 1.4140 3.0174 6.8208 1.7869 54.6143 -4.1379 -5.7468
Car -1 -1 -4.3099 581.3771 180.4962 620.8647 200.3486 1.4956 1.6718 4.2361 -0.7001 2.1379 58.3892 -4.3223 -5.7662
Car -1 -1 -4.9475 549.3366 178.8505 582.1771 200.5381 1.5421 1.6228 3.8301 -3.4080 2.0121 54.5176 -5.0100 -5.8113
Car -1 -1 -4.9533 574.1489 178.6911 608.6539 201.4953 1.5382 1.6191 3.7424 -1.4018 1.9726 51.7215 -4.9807 -5.8469
Car -1 -1 -4.7880 463.7291 181.5889 485.0835 198.0781 1.4326 1.6397 4.2414 -12.7035 2.2749 67.3430 -4.9741 -5.8835
Car -1 -1 -9.0052 0.0000 0.0000 1241.0000 374.0000 1.4631 1.5893 3.8340 3.5397 1.3948 1.3727 -7.8745 -5.8867
Car -1 -1 -8.1629 0.0000 0.0000 852.9966 374.0000 1.5399 1.5878 3.8040 0.3101 1.5874 1.0065 -7.9390 -5.8867
Car -1 -1 -4.6753 584.2748 179.7607 603.5953 197.0476 1.4690 1.5952 3.9453 -1.4409 2.1088 64.8844 -4.6978 -5.8867
Car -1 -1 -4.6998 602.4165 179.3062 621.5239 197.2708 1.4605 1.5915 3.9413 0.1678 2.0330 62.0671 -4.6975 -5.8867
Car -1 -1 -4.7210 584.1105 179.4244 603.4468 197.7901 1.4829 1.5996 3.9128 -1.4304 2.0621 61.6565 -4.7445 -5.8867
Car -1 -1 -4.0137 35.4481 185.8080 324.6111 308.2414 1.4452 1.6315 3.8640 -6.2633 1.6793 11.0032 -4.5213 -5.8867
Car -1 -1 -9.2814 0.0000 0.0000 1241.0000 374.0000 1.4990 1.5770 3.7890 5.5223 1.3955 0.9965 -7.9398 -5.8867
Car -1 -1 -7.4911 478.2132 176.8436 514.2593 199.2794 1.8204 1.7073 4.0490 -9.6709 2.1718 61.4665 -7.6469 -5.8953
Car -1 -1 -4.3678 199.2957 183.9633 365.5601 273.0085 1.4316 1.6584 4.0294 -6.2528 1.6814 14.1789 -4.7768 -5.9150
Car -1 -1 -5.1216 634.7990 179.2669 685.9380 205.9874 1.4847 1.5771 4.0264 2.9284 1.8883 43.2892 -5.0551 -5.9930
Car -1 -1 -8.0709 598.0242 179.6523 642.0777 208.4788 1.5392 1.6741 4.2002 0.4881 1.9537 41.8030 -8.0599 -6.0918
Car -1 -1 -7.1067 91.5221 0.0000 1241.0000 374.0000 1.5933 1.6104 3.7454 -1.2665 1.6459 1.0200 -7.8814 -6.3983
Car -1 -1 -1.7698 0.0000 98.8507 0.0000 374.0000 1.6211 1.6195 3.9488 -4.2037 1.5536 2.0129 -2.8413 -6.5258
