Car -1 -1 -7.5729 251.3271 176.3663 467.4083 326.9734 1.6506 1.6749 4.1278 -3.2483 1.7096 10.0883 -7.8777 7.6006
Car -1 -1 -8.3057 843.1526 166.9341 1241.0000 374.0000 1.5679 1.5344 3.2284 3.2251 1.5300 6.2018 -7.8465 6.9620
Car -1 -1 -8.1726 727.0951 175.2265 912.8357 296.7096 1.5206 1.5732 3.5671 2.9043 1.5623 10.9351 -7.9207 6.9541
Car -1 -1 -7.9338 665.4496 173.7788 723.8481 220.3217 1.4297 1.6208 3.7041 2.7057 1.4627 24.1145 -7.8241 5.2576
Car -1 -1 -7.9715 618.9472 168.7471 652.8392 196.7241 1.8374 1.8409 4.1417 1.6988 1.5674 49.5275 -7.9378 0.6556
Car -1 -1 -5.3376 0.0000 182.4366 63.6957 241.1037 1.4381 1.6146 4.0044 -17.0722 1.7110 19.3328 -6.0542 -1.4535
Car -1 -1 -7.5587 617.0903 172.5133 651.4791 192.7179 1.4777 1.5870 3.7643 1.8523 1.4524 54.8069 -7.5255 -2.1179
Car -1 -1 -3.2023 179.3912 186.3377 368.5415 266.9236 1.3951 1.5509 3.2728 -6.7206 1.6917 14.4325 -3.6316 -2.1744
Car -1 -1 -4.8615 600.0961 172.4769 628.5462 192.7961 1.4887 1.6128 3.7710 0.2653 1.4608 54.8471 -4.8570 -3.4606
Car -1 -1 -4.6990 935.6445 181.4671 1072.8468 296.4542 1.3858 1.5584 3.3486 5.8064 1.5366 10.8155 -4.2184 -3.7226
Car -1 -1 -7.7540 610.2609 171.3804 632.3656 188.7118 1.5480 1.6639 3.8380 1.0480 1.4161 66.4501 -7.7386 -3.7886
Car -1 -1 -5.7466 662.1838 171.0922 706.4911 190.2225 1.5663 1.6317 3.3446 6.2212 1.4218 60.7289 -5.6453 -3.7908
Car -1 -1 -4.8406 525.5981 174.1836 555.0378 198.3023 1.6816 1.6274 4.0659 -5.1571 1.7824 52.7095 -4.9381 -4.0100
Car -1 -1 -7.7265 429.1224 158.0965 526.0481 237.1421 1.8441 1.9517 4.3967 -3.4005 1.4995 19.0747 -7.9012 -4.0467
Car -1 -1 -7.8756 273.0809 183.3036 355.5207 254.6654 1.4361 1.6300 3.5124 -7.0490 1.7104 17.0228 -8.2632 -4.1833
Car -1 -1 -8.8311 1190.4752 57.2452 1241.0000 374.0000 1.4715 1.4840 3.3281 3.4650 1.4460 1.8491 -7.8149 -4.2034
Car -1 -1 -4.2329 520.3937 174.3977 557.4501 193.6209 1.5751 1.5963 3.7441 -6.0444 1.7107 61.4839 -4.3309 -4.8274
Car -1 -1 -4.1849 583.1812 172.6414 625.7385 190.1095 1.4811 1.7683 4.4123 -0.4677 1.4628 63.5320 -4.1926 -4.9815
Car -1 -1 -9.0672 1241.0000 0.0000 1241.0000 374.0000 1.4257 1.5215 3.4668 4.7728 1.3336 2.0696 -7.9562 -5.1190
Car -1 -1 -4.0871 410.8723 179.2020 484.3912 212.6615 1.4752 1.4986 3.8003 -7.7596 1.7975 34.6282 -4.3064 -5.1373
Car -1 -1 -5.0079 672.4814 160.8361 704.5922 187.0539 1.9786 1.5312 3.4995 6.0669 1.0713 56.3153 -4.9014 -5.3431
Car -1 -1 -4.7119 583.3535 174.0401 606.8724 195.3313 1.3971 1.5515 4.3949 -1.0615 1.4823 49.8053 -4.7335 -5.4202
Car -1 -1 -5.0375 537.2306 175.3654 580.2451 199.9483 1.5354 1.6930 3.8137 -3.4560 1.7080 47.5786 -5.1101 -5.4895
Car -1 -1 -4.0678 335.5059 179.4024 440.9598 224.7309 1.4455 1.5590 3.8887 -7.8341 1.6975 25.7079 -4.3611 -5.5385
Car -1 -1 -2.3250 0.0000 198.7390 18.7363 374.0000 1.4910 1.6606 4.3867 -8.1653 1.7527 6.3079 -3.2173 -5.6574
Car -1 -1 -4.1586 390.3783 177.3183 467.8758 213.1255 1.4186 1.4852 3.7495 -7.7554 1.6232 31.0994 -4.4014 -5.7329
Car -1 -1 -5.5472 0.0000 0.0000 1238.1019 374.0000 1.4354 1.5079 3.5087 2.1393 1.5134 1.6372 -4.7128 -5.7735
Car -1 -1 -5.9537 0.0000 0.0000 1241.0000 374.0000 1.4708 1.6000 3.9486 6.1743 1.3606 1.7177 -4.6977 -5.8867
Car -1 -1 -4.3106 455.4843 175.9055 518.7317 206.7012 1.3890 1.6035 3.9689 -5.9393 1.5461 35.0809 -4.4774 -5.8867
Car -1 -1 -4.2492 213.0636 171.5234 303.5344 208.4867 1.3281 1.5555 3.8875 -13.5135 1.2799 27.8796 -4.6970 -5.8867
Car -1 -1 -6.7853 0.0000 0.0000 1241.0000 374.0000 1.5427 1.5880 3.8031 -2.9055 1.6371 1.0044 -7.9391 -5.8867
Car -1 -1 -4.6616 558.6773 175.5384 584.2953 196.4422 1.3772 1.5793 3.8900 -2.6651 1.5701 49.9841 -4.7150 -5.8867
Car -1 -1 -4.4229 449.9074 174.4035 512.9914 208.8426 1.3773 1.5975 4.0026 -5.5051 1.4483 31.1224 -4.5970 -5.8867
Car -1 -1 -3.5047 0.0000 193.1989 0.0000 374.0000 1.5025 1.6059 3.9572 -7.0818 1.6297 2.5305 -4.6975 -5.8867
Car -1 -1 -4.7084 475.1073 176.3477 508.5524 205.0242 1.4125 1.6567 4.2612 -6.3041 1.6085 38.3183 -4.8708 -5.9076
Car -1 -1 -4.0431 124.1551 180.1558 236.1084 222.5854 1.3938 1.5499 3.6717 -15.5760 1.6790 26.2899 -4.5738 -6.0046
Car -1 -1 -5.5675 0.0000 176.0836 0.0000 348.8513 1.5484 1.8405 3.9861 -9.5581 1.5881 7.7340 -6.4409 -6.4527
