Car -1 -1 -8.0566 616.6686 180.6261 724.3295 259.3205 1.5329 1.6840 3.6707 1.1927 1.7297 16.3664 -7.9863 7.1439
Car -1 -1 -7.7465 393.1452 180.3947 455.0854 230.8520 1.5901 1.6863 4.0039 -6.5172 1.8779 25.4665 -7.9951 6.3879
Car -1 -1 -8.0088 594.3392 178.0032 659.2398 233.3190 1.5788 1.5299 3.2667 0.4104 1.7524 22.6376 -7.9917 5.7675
Car -1 -1 -4.4211 0.0000 102.9315 363.4045 374.0000 2.0060 1.7945 5.0262 -3.6926 1.6011 6.8126 -4.9024 5.2438
Car -1 -1 -8.0062 570.6841 179.7967 627.2397 224.5692 1.5339 1.5855 3.6315 -0.5271 1.8142 27.2415 -8.0260 5.2318
Car -1 -1 -7.8854 552.3807 179.8638 582.7482 207.6252 1.4380 1.5670 3.5987 -2.4369 1.8462 40.1806 -7.9461 4.1526
Car -1 -1 -7.8877 528.1626 175.3881 549.5562 194.8431 1.6874 1.7852 4.0246 -6.4830 1.9237 65.2449 -7.9867 1.9431
Car -1 -1 -8.2684 576.4705 168.1163 615.8918 192.4837 1.9655 1.7794 4.1414 -1.2241 1.5830 60.4523 -8.2889 -1.9313
Car -1 -1 -7.9704 462.5499 180.8687 501.0017 211.1370 1.4640 1.5756 3.5803 -6.8081 1.9059 37.8679 -8.1475 -2.4591
Car -1 -1 -7.7103 426.6323 170.4351 476.6483 214.7842 2.0032 1.7526 4.3004 -7.6017 1.8937 34.7977 -7.9243 -2.7467
Car -1 -1 -4.7729 571.7184 166.3520 592.5616 188.8139 2.0444 1.7058 4.1067 -2.6669 1.4523 67.7985 -4.8124 -3.1383
Car -1 -1 -4.5830 522.9044 174.7344 543.6983 190.6354 1.5091 1.5795 3.5778 -7.5104 1.6978 70.7148 -4.6887 -3.8821
Car -1 -1 -2.8222 92.8512 188.2056 304.5769 259.6778 1.4371 1.5306 3.8123 -9.0614 1.8027 16.0896 -3.3284 -4.2814
Car -1 -1 -4.7101 375.3324 185.5823 403.1850 212.1727 1.4452 1.5315 3.9986 -13.3025 2.2481 43.3965 -5.0062 -4.4512
Car -1 -1 -4.6062 406.6397 170.1703 428.1525 187.8977 1.6889 1.6558 3.6699 -18.8580 1.4330 70.6835 -4.8662 -4.6347
Car -1 -1 -4.8825 502.1518 174.9039 528.4869 192.0676 1.6118 1.8283 4.4470 -9.3335 1.8193 70.7260 -5.0136 -4.6700
Car -1 -1 -6.6845 0.0000 0.0000 1241.0000 374.0000 1.4684 1.4752 3.3110 -3.7821 1.5310 1.4485 -7.8263 -4.8511
Car -1 -1 -4.4142 453.3508 180.2541 493.3970 204.1464 1.5436 1.6135 4.0287 -9.4470 2.0776 50.0038 -4.6004 -4.9028
Car -1 -1 -7.1930 1237.1775 158.3645 1241.0000 348.4546 1.4815 1.5282 3.5083 7.9436 1.3682 6.4647 -6.3277 -5.0986
Car -1 -1 -7.0551 0.0000 22.8800 338.2714 374.0000 1.5312 1.4908 3.3481 -2.0867 1.5174 1.7417 -7.8577 -5.2491
Car -1 -1 -4.6795 523.3602 177.5737 548.9015 201.4505 1.5488 1.6192 4.0891 -5.0858 1.8875 49.7285 -4.7813 -5.2925
Car -1 -1 -7.5787 35.5990 193.1087 169.6610 266.5141 1.4131 1.5376 4.0443 -11.9770 1.9576 17.2448 -8.1788 -5.3708
Car -1 -1 -4.4197 494.3168 180.7730 533.0736 202.9225 1.4441 1.5883 4.0893 -6.7502 2.0240 50.7209 -4.5518 -5.3813
Car -1 -1 -4.3247 0.0000 179.3127 0.0000 374.0000 1.4105 1.4933 3.6922 -6.4632 1.4770 5.4780 -5.1683 -5.4576
Car -1 -1 -7.2071 576.5221 202.9612 1241.0000 374.0000 1.3763 1.5985 3.7221 1.8189 1.5731 3.1979 -6.7298 -5.5091
Car -1 -1 -5.2101 531.6857 176.7924 576.7247 197.4335 1.4365 1.5969 3.9746 -4.1756 1.7376 53.1174 -5.2886 -5.5345
Car -1 -1 -4.1989 25.6241 194.3223 283.1048 304.5934 1.3661 1.7052 4.0663 -7.1331 1.7776 11.7882 -4.7335 -5.5350
Car -1 -1 -6.6358 0.0000 144.5629 0.0000 374.0000 1.4356 1.5428 3.7105 -5.3199 1.4297 2.0389 -7.7954 -5.5468
Car -1 -1 -4.5311 469.0310 181.0708 503.8389 203.4423 1.3872 1.5914 4.0444 -8.2495 1.9596 48.2642 -4.6999 -5.5571
Car -1 -1 -4.7701 408.7207 180.0112 436.7511 202.0476 1.4076 1.6315 4.1396 -12.9770 1.9228 49.7500 -5.0243 -5.5787
Car -1 -1 -4.4366 509.7772 177.1897 541.7448 197.4937 1.6215 1.6598 3.9279 -7.0574 1.9976 60.5767 -4.5524 -5.5801
Car -1 -1 -3.9407 127.8287 188.9705 304.6570 256.8059 1.4541 1.6758 4.0042 -10.0209 1.9185 18.6484 -4.4283 -5.6282
Car -1 -1 -4.2495 390.6512 180.9298 443.8841 206.9528 1.4964 1.6415 3.8595 -11.9439 2.0208 44.8224 -4.5088 -5.7205
Car -1 -1 -4.5421 483.8605 180.7755 517.2000 203.3340 1.5288 1.7083 4.2233 -7.9504 2.1285 52.5232 -4.6920 -5.7474
Car -1 -1 -5.0139 583.1700 184.4795 643.3288 215.6822 1.3453 1.7804 4.0327 0.0472 1.9430 34.9295 -5.0132 -5.7845
Car -1 -1 -4.8864 488.2489 179.2674 515.6901 197.4191 1.4354 1.6029 4.0602 -9.1566 1.9947 60.7774 -5.0356 -5.8025
Car -1 -1 -4.4992 431.2266 180.2436 467.7378 201.8599 1.4003 1.6110 4.3097 -11.1839 1.9381 50.3766 -4.7169 -5.8030
Car -1 -1 -4.5633 495.3250 179.1699 523.0668 198.5611 1.4292 1.5836 3.9309 -7.8749 1.9402 56.4382 -4.7017 -5.8867
Car -1 -1 -7.0345 105.7502 0.0000 1241.0000 374.0000 1.4918 1.5904 3.9036 -0.9172 1.5368 0.5271 -7.8860 -5.8867
Car -1 -1 -4.4211 421.3450 179.6825 458.8684 200.7775 1.4357 1.5980 3.9005 -12.3176 1.9501 52.3942 -4.6512 -5.8867
Car -1 -1 -3.5104 0.0000 174.7724 0.0000 374.0000 1.4578 1.5922 3.9403 -7.0821 1.4695 2.5335 -4.7029 -5.8867
Car -1 -1 -9.1169 0.0000 0.0000 1241.0000 374.0000 1.5284 1.5859 3.8009 3.1112 1.5181 0.9970 -7.9398 -5.8867
Car -1 -1 -4.5695 492.2293 178.7734 524.8411 201.9303 1.4314 1.5856 3.9344 -6.6795 1.8376 47.5792 -4.7086 -5.8867
Car -1 -1 -5.1272 529.0608 178.7320 561.3754 197.4254 1.4889 1.4566 3.3741 -5.4778 1.9960 60.4495 -5.2176 -6.0346
