Car -1 -1 -8.2763 811.9419 178.7885 1208.6993 374.0000 1.5293 1.6438 3.6830 3.1590 1.5994 6.7110 -7.8543 7.6234
Car -1 -1 -7.6831 413.3042 177.2194 516.6249 258.3743 1.6309 1.6651 4.0311 -3.2734 1.7442 16.7501 -7.8740 7.6181
Car -1 -1 -8.0886 734.0251 175.1736 867.4729 277.3210 1.5845 1.5326 3.2396 3.2028 1.6308 12.8877 -7.8514 7.3921
Car -1 -1 -8.0666 685.2806 178.0387 783.3216 247.7100 1.5015 1.5980 3.6061 2.8732 1.6414 17.6689 -7.9089 5.5898
Car -1 -1 -7.9039 654.2485 177.0760 695.9849 213.3220 1.4315 1.5758 3.5986 2.6787 1.6218 30.7482 -7.8184 5.4981
Car -1 -1 -7.9617 620.9101 170.4556 649.0791 194.8106 1.8231 1.7493 4.1031 1.8776 1.6433 56.1228 -7.9289 0.6145
Car -1 -1 -5.0818 797.1182 184.1409 898.3792 239.7367 1.4246 1.5339 3.7556 6.8056 1.7859 21.1922 -4.7758 -2.2582
Car -1 -1 -7.8129 508.4586 177.6118 551.9803 218.7266 1.5163 1.5844 3.6777 -3.1870 1.7193 28.9359 -7.9222 -2.8296
Car -1 -1 -6.1697 812.0843 177.9686 973.5999 242.8412 1.4819 1.5982 3.6630 7.0996 1.6222 18.2792 -5.8054 -3.0664
Car -1 -1 -7.3800 611.3868 172.5518 652.6346 191.1694 1.5343 1.7139 4.4013 1.9042 1.5091 61.8045 -7.3497 -3.1943
Car -1 -1 -7.8729 759.9270 182.8044 824.5020 239.4037 1.4020 1.6281 3.7607 5.0872 1.7135 20.5934 -7.6348 -3.9891
Car -1 -1 -5.0264 663.4400 160.8586 697.9194 186.9013 2.1730 1.8584 3.8430 6.0369 1.1718 62.2831 -4.9305 -4.2303
Car -1 -1 -8.1886 594.0337 174.5235 626.9103 193.0368 1.5218 1.6570 3.7826 -0.0185 1.6691 61.7400 -8.1893 -4.2530
Car -1 -1 -8.7464 1101.5150 178.6307 1241.0000 374.0000 1.4841 1.4869 3.2755 3.0542 1.5126 1.9262 -7.8054 -4.3245
Car -1 -1 -5.1987 846.4054 180.9984 967.7639 235.9458 1.3522 1.5580 3.7147 8.1443 1.6024 20.2608 -4.8222 -4.4240
Car -1 -1 -2.5914 228.8849 182.5956 379.5173 239.5722 1.5564 1.6665 3.7621 -8.9787 1.8573 21.2010 -2.9879 -4.4864
Car -1 -1 -4.5605 518.9728 178.7346 551.5026 202.1597 1.4472 1.5600 3.9137 -4.9189 1.8508 47.5697 -4.6634 -4.8111
Car -1 -1 -7.9289 651.4384 168.0560 673.6130 185.3251 1.6192 1.7799 4.8670 5.0456 1.1690 70.0895 -7.8576 -4.8149
Car -1 -1 -9.0149 1241.0000 155.2691 1241.0000 374.0000 1.4426 1.4775 3.3808 4.3283 1.4320 2.1845 -7.9647 -4.8863
Car -1 -1 -4.4862 599.4835 173.8413 635.9574 198.9551 1.5988 1.5713 4.0644 0.5290 1.6675 48.2655 -4.4758 -4.9680
Car -1 -1 -3.0168 421.2327 170.4121 544.0411 223.0206 1.7011 1.6441 3.8875 -4.2492 1.6219 24.2445 -3.1890 -5.0408
Car -1 -1 -4.7826 619.9719 173.7587 651.4539 202.2222 1.5336 1.5127 3.7418 1.3799 1.5869 40.8940 -4.7496 -5.0418
Car -1 -1 -4.7985 518.6171 178.9476 554.1647 207.2240 1.4400 1.5988 4.0528 -4.1442 1.7939 39.8078 -4.9021 -5.1481
Car -1 -1 -5.0031 536.4797 175.1907 573.7032 198.7364 1.5316 1.5278 3.7280 -3.8251 1.6976 49.3469 -5.0805 -5.1592
Car -1 -1 -5.2258 619.4894 175.6023 667.2727 197.6283 1.4330 1.6187 3.7829 2.2148 1.6291 49.5094 -5.1818 -5.2458
Car -1 -1 -3.9440 685.9518 184.6550 816.5002 235.8428 1.3769 1.5883 3.9966 4.3097 1.7664 22.0368 -3.7542 -5.3120
Car -1 -1 -8.2854 954.3816 181.6877 1155.8768 281.6509 1.3600 1.5042 3.2831 7.0000 1.5253 11.8213 -7.7623 -5.3307
Car -1 -1 -2.1484 0.0000 187.8916 28.6428 318.3046 1.4412 1.8164 4.8046 -10.6839 1.6672 9.5662 -2.9750 -5.4094
Car -1 -1 -4.3670 142.6107 183.7889 213.8328 221.0751 1.4923 1.5175 3.7613 -19.1143 2.0076 32.0346 -4.9016 -5.4746
Car -1 -1 -8.0814 544.9819 175.1086 587.1815 202.9320 1.4455 1.5143 3.7254 -2.5069 1.5758 39.8114 -8.1443 -5.5665
Car -1 -1 -4.9188 556.5215 177.1936 590.4160 199.3230 1.4672 1.6019 3.9361 -2.6416 1.7849 50.7724 -4.9709 -5.6483
Car -1 -1 -7.5826 586.9767 174.8121 633.2748 202.9161 1.4824 1.5391 4.1931 0.0279 1.5983 40.5946 -7.5824 -5.6908
Car -1 -1 -5.8002 1241.0000 39.0592 1241.0000 374.0000 1.4448 1.6005 4.0457 5.8464 1.3589 2.5116 -4.6769 -5.6973
Car -1 -1 -4.7144 587.3151 177.6275 613.2469 201.5869 1.3713 1.5125 3.8796 -0.6358 1.6752 44.0270 -4.7292 -5.6977
Car -1 -1 -5.3805 0.0000 0.0000 1146.0608 374.0000 1.4853 1.6031 4.0119 1.7408 1.5639 1.6789 -4.6607 -5.7705
Car -1 -1 -4.4446 502.5105 178.3297 542.7296 200.6986 1.4213 1.6464 4.2852 -5.9328 1.8113 49.1843 -4.5644 -5.7945
Car -1 -1 -4.5986 580.4297 177.3255 609.5240 199.0893 1.4458 1.6175 3.9017 -1.0508 1.7727 50.7796 -4.6196 -5.7960
Car -1 -1 -4.5061 476.5570 178.6433 525.9557 210.2199 1.4533 1.6470 4.0209 -5.4011 1.7584 36.0157 -4.6543 -5.8367
Car -1 -1 -4.6278 564.1266 178.3218 593.8920 202.8582 1.4021 1.5045 3.7396 -1.8862 1.7494 43.9763 -4.6708 -5.8723
Car -1 -1 -4.5619 486.4132 178.3423 525.4084 205.0883 1.4078 1.6123 3.8987 -5.8616 1.7323 40.7376 -4.7044 -5.8867
Car -1 -1 -3.4781 0.0000 0.0000 1241.0000 374.0000 1.5368 1.6127 3.9680 -5.4721 1.7298 1.7249 -4.6971 -5.8867
Car -1 -1 -6.8231 0.0000 0.0000 1241.0000 374.0000 1.5032 1.6001 3.8479 -2.8902 1.6029 1.3724 -7.8744 -5.8867
Car -1 -1 -8.0593 0.0000 0.0000 1084.4243 374.0000 1.4925 1.5989 3.8457 0.3249 1.5255 1.3725 -7.8745 -5.8867
Car -1 -1 -7.2110 155.9419 0.0000 1241.0000 374.0000 1.4960 1.6006 3.8464 -1.2833 1.5553 1.3714 -7.8745 -5.8867
Car -1 -1 -3.5047 0.0000 198.6452 0.0000 374.0000 1.5157 1.6087 3.9616 -7.0812 1.6770 2.5303 -4.6974 -5.8867
Car -1 -1 -4.6976 573.7512 177.2768 596.0193 197.3986 1.4046 1.5809 3.9203 -1.8542 1.7425 53.2102 -4.7327 -5.8867
Car -1 -1 -4.3686 435.6230 177.5861 494.9770 208.5585 1.3872 1.5401 4.0838 -7.0015 1.6311 35.1006 -4.5645 -5.9605
Car -1 -1 -7.9045 443.9215 182.9001 512.9757 235.7464 1.4110 1.8763 3.8043 -4.1597 1.7475 22.1200 -8.0888 -6.0173
