Car -1 -1 -8.0808 684.3128 180.7758 816.9394 275.7462 1.5471 1.6621 3.7090 2.5026 1.7210 13.9676 -7.9083 7.0482
Car -1 -1 -7.9927 660.9637 178.8748 731.8669 241.2127 1.5790 1.5207 3.1524 2.2908 1.7604 20.1815 -7.8822 6.1741
Car -1 -1 -8.0082 631.2261 180.5645 693.6115 228.8733 1.5025 1.5937 3.5634 1.6865 1.7877 24.8749 -7.9421 6.1621
Car -1 -1 -7.7576 440.3204 180.9568 506.5032 236.7050 1.6194 1.7389 4.0890 -4.4347 1.9088 23.6865 -7.9414 6.0994
Car -1 -1 -4.2689 0.0000 56.3871 373.2288 374.0000 2.0980 1.7612 4.9880 -3.1647 1.7080 4.9833 -4.8117 5.2315
Car -1 -1 -7.8695 612.9463 180.0694 644.6866 209.2618 1.4265 1.5888 3.4696 0.9155 1.8222 37.8588 -7.8461 4.6953
Car -1 -1 -7.9065 586.7217 174.4887 609.0074 196.2754 1.8376 1.7399 3.9483 -1.1159 1.9851 63.1937 -7.9245 -0.0209
Car -1 -1 -4.5962 480.4336 178.8700 529.3152 218.5126 1.6556 1.7157 4.3508 -4.7752 1.9487 32.9978 -4.7393 -1.5618
Car -1 -1 -4.6445 501.6389 179.5991 539.7028 214.0741 1.5947 1.6273 4.0275 -4.4719 1.9523 36.2352 -4.7670 -2.3184
Car -1 -1 -7.4451 518.2928 179.9947 582.1431 213.6948 1.5316 1.6484 4.1748 -2.9458 1.9096 35.9838 -7.5268 -3.3906
Car -1 -1 -4.2060 577.6293 175.6240 616.5797 193.9342 1.6714 1.8140 4.4064 -1.2113 1.9449 68.9513 -4.2239 -3.4828
Car -1 -1 -6.6904 0.0000 0.0000 1241.0000 374.0000 1.3958 1.6224 3.2882 -2.6124 1.5217 0.7444 -7.8866 -3.8055
Car -1 -1 -7.1974 0.0000 168.1873 302.0350 374.0000 1.7491 1.5739 3.5374 -4.7432 1.7147 7.0978 -7.7698 -4.2896
Car -1 -1 -7.2524 36.2126 0.0000 1241.0000 374.0000 1.4631 1.5229 3.3286 -1.1815 1.5170 1.0605 -7.9777 -4.3333
Car -1 -1 -2.5844 295.4592 185.7729 413.5533 225.8669 1.4354 1.5976 4.0679 -9.8759 1.9555 27.8409 -2.9227 -4.4464
Car -1 -1 -8.0163 619.0554 169.4755 646.8135 194.5476 2.0908 1.7306 4.2222 1.9205 1.8087 62.3759 -7.9860 -4.6209
Car -1 -1 -7.1243 1241.0000 161.7700 1241.0000 338.9071 1.4684 1.5599 3.5022 8.3512 1.3762 6.8042 -6.2584 -4.8238
Car -1 -1 -4.5003 481.6774 182.1071 525.3173 211.2924 1.4875 1.6552 3.6297 -5.8628 2.0218 39.8226 -4.6460 -5.0229
Car -1 -1 -6.5876 873.1358 146.4120 982.8831 182.3927 1.5363 1.6545 4.1226 13.9137 0.4070 31.8449 -6.1791 -5.0427
Car -1 -1 -5.1872 444.9609 180.6212 518.2719 211.7648 1.3897 1.7486 4.3711 -6.4352 1.7970 35.5955 -5.3652 -5.0600
Car -1 -1 -4.7077 630.3579 165.6307 647.2366 183.8403 1.7335 1.6063 3.9364 2.8088 1.0456 70.6901 -4.6684 -5.0904
Car -1 -1 -5.2859 594.4277 177.6061 644.4840 198.7454 1.5379 1.7394 4.4393 0.6553 1.9211 55.8861 -5.2747 -5.1813
Car -1 -1 -4.8567 690.6508 185.8485 746.4520 228.1987 1.3240 1.4712 3.0347 3.6567 1.8014 25.0075 -4.7139 -5.2475
Car -1 -1 -8.1448 832.9965 168.4791 878.5921 194.7221 1.4225 1.5149 3.4072 13.8200 1.1851 40.8385 -7.8209 -5.2876
Car -1 -1 -4.9871 498.3268 182.1025 574.6608 234.2456 1.5608 1.6071 3.6725 -2.5985 1.8979 24.3125 -5.0932 -5.2909
Car -1 -1 -4.5470 494.0597 180.3542 530.1450 208.0569 1.5965 1.5747 4.0279 -6.0532 2.0823 44.7233 -4.6812 -5.3452
Car -1 -1 -5.3375 637.3245 184.2196 725.8249 219.5602 1.3701 1.6282 4.3315 3.0144 1.9053 31.7183 -5.2443 -5.3635
Car -1 -1 -4.4777 258.8192 190.2629 362.7690 253.2723 1.4300 1.7392 3.7549 -7.9765 1.9471 19.4591 -4.8624 -5.5797
Car -1 -1 -4.4784 550.0518 178.7540 584.5062 201.6620 1.6088 1.6358 4.2608 -3.1837 2.0690 54.0677 -4.5374 -5.6783
Car -1 -1 -4.7823 452.8430 180.2851 483.7260 203.9747 1.3728 1.6232 3.9663 -8.9628 1.8606 45.2722 -4.9770 -5.7368
Car -1 -1 -7.2052 0.0000 177.5776 131.1719 290.7401 1.5961 1.6658 4.4223 -10.6487 1.6930 12.6087 -7.8962 -5.7747
Car -1 -1 -6.6493 728.7598 177.0275 841.8357 220.5266 1.7345 1.6850 4.2629 7.2268 1.9148 30.1040 -6.4165 -5.8191
Car -1 -1 -4.2343 472.9207 179.8255 526.9068 204.8059 1.5095 1.7107 4.2824 -7.1674 1.9874 47.1880 -4.3846 -5.8409
Car -1 -1 -7.0408 0.0000 0.0000 1241.0000 374.0000 1.4097 1.5297 3.7743 -4.5497 1.3936 1.3042 -8.2761 -5.8590
Car -1 -1 -4.2823 542.9550 178.8245 585.6030 199.3991 1.5139 1.7055 4.3153 -3.5736 2.0025 56.7585 -4.3453 -5.8618
Car -1 -1 -3.8179 0.0000 180.5975 210.3868 332.3988 1.4906 1.5882 3.9935 -7.4898 1.6143 9.4294 -4.4756 -5.8738
Car -1 -1 -8.6426 0.0000 0.0000 1048.1346 374.0000 1.5424 1.5887 3.8051 1.1140 1.5856 1.0066 -7.9394 -5.8867
Car -1 -1 -4.6381 552.3105 179.1988 579.4573 201.5786 1.4546 1.5920 3.9413 -3.0518 1.9113 49.9999 -4.6992 -5.8867
Car -1 -1 -4.2207 446.8290 178.8647 503.6863 205.7553 1.4772 1.6379 3.9470 -7.9492 1.8505 42.7185 -4.4039 -5.8867
Car -1 -1 -4.6057 528.7787 179.7739 557.5709 202.1258 1.4620 1.5936 3.9435 -4.6604 1.9641 50.4040 -4.6979 -5.8867
Car -1 -1 -5.8531 0.0000 0.0000 1241.0000 374.0000 1.4872 1.6011 3.9542 4.5665 1.4417 1.7189 -4.6977 -5.8867
Car -1 -1 -7.1364 1237.5874 171.8963 1241.0000 374.0000 1.4155 1.6281 4.2741 7.4069 1.4095 5.2297 -6.2068 -5.8947
Car -1 -1 -4.6578 277.9242 183.0195 324.6757 220.2470 1.4484 1.6413 4.1905 -13.4684 1.9243 31.5503 -5.0585 -5.9024
Car -1 -1 -5.2145 593.7423 178.4911 646.2427 202.2238 1.4432 1.5877 4.2210 0.5659 1.8289 47.1752 -5.2031 -6.0018
Car -1 -1 -7.0118 0.0000 166.9041 252.6053 356.4545 1.6867 1.6429 3.2380 -5.9645 1.6334 8.1830 -7.6265 -6.0468
Car -1 -1 -4.9100 624.8535 183.0190 664.0362 207.3269 1.3693 1.6819 3.7852 2.0331 2.0215 44.3157 -4.8651 -6.0657
Car -1 -1 -7.8890 760.2653 180.2456 790.8147 205.2346 1.3048 1.5414 3.3233 9.2172 1.7376 40.5019 -7.6673 -6.0781
Car -1 -1 -4.8668 586.9857 172.6877 618.9561 198.2741 1.7842 1.7014 4.1344 -0.5836 1.7723 52.4943 -4.8782 -6.1666
