Car -1 -1 -8.0521 570.6396 180.0264 671.1489 252.7071 1.5285 1.7077 3.7329 0.0976 1.7226 17.5640 -8.0477 7.5210
Car -1 -1 -7.7988 355.7365 180.8497 411.4289 230.4928 1.5980 1.6889 4.0399 -8.1492 1.9108 26.0883 -8.0992 6.1357
Car -1 -1 -8.0083 527.4241 179.7962 581.6812 222.5124 1.5194 1.5739 3.5454 -2.2693 1.8087 28.1912 -8.0886 5.2684
Car -1 -1 -8.0030 551.2631 178.1455 613.3773 230.9769 1.5816 1.5507 3.3033 -1.0212 1.7683 23.7247 -8.0463 5.1368
Car -1 -1 -4.4587 0.0000 120.3637 337.3151 374.0000 2.1291 1.8188 5.0328 -4.2547 1.7633 7.6833 -4.9506 5.1089
Car -1 -1 -7.8817 510.1291 179.5174 539.1655 207.1289 1.4639 1.5347 3.5187 -4.9200 1.8593 41.0006 -8.0009 4.1873
Car -1 -1 -7.8635 485.9857 175.6408 505.6490 195.1706 1.7121 1.7203 3.2752 -10.4051 1.9717 65.5146 -8.0207 0.8020
Car -1 -1 -4.7976 393.5250 180.0501 432.3974 210.6249 1.4899 1.6477 4.1219 -10.5761 1.8950 38.4241 -5.0648 -1.6100
Car -1 -1 -1.7204 48.2262 181.4100 144.1696 244.7781 1.5067 1.6090 3.5496 -13.9764 1.7593 19.4892 -2.3362 -1.8103
Car -1 -1 -4.4839 420.4384 179.0354 469.5540 209.7124 1.5265 1.6752 4.1507 -8.8462 1.8766 38.8230 -4.7068 -3.2264
Car -1 -1 -4.8873 463.2446 177.6718 486.6329 193.9573 1.5286 1.6056 3.9155 -13.3509 2.0171 71.0903 -5.0725 -3.4583
Car -1 -1 -4.5244 101.1438 183.7304 203.4755 250.6487 1.4662 1.5603 3.3560 -11.4999 1.7689 18.2553 -5.0803 -3.7826
Car -1 -1 -4.2585 477.2874 178.1987 510.5395 194.1250 1.4919 1.6737 3.9548 -11.4289 2.0345 71.1566 -4.4175 -3.8152
Car -1 -1 -3.0234 339.1649 174.1259 428.4443 212.7480 1.7321 1.7124 3.7924 -10.5088 1.7931 33.6233 -3.3245 -4.0727
Car -1 -1 -4.0404 287.8511 197.7937 367.9530 234.0225 1.6364 1.8648 3.9084 -14.6848 3.0128 37.6855 -4.4100 -4.5501
Car -1 -1 -7.5638 433.4109 182.2622 473.3328 205.1133 1.3967 1.5255 3.9123 -10.3495 2.0454 47.7660 -7.7764 -4.6161
Car -1 -1 -4.4354 132.8920 178.3783 227.9258 235.7644 1.4938 1.5104 3.2632 -12.3712 1.6670 20.8911 -4.9647 -4.9291
Car -1 -1 -6.8588 0.0000 185.7993 60.1292 374.0000 1.4629 1.4826 3.3486 -3.7802 1.5327 2.2221 -7.8452 -4.9939
Car -1 -1 -6.9805 369.3708 208.4860 1241.0000 374.0000 1.6104 1.7749 4.3213 1.1065 1.8708 3.5807 -6.7066 -4.9979
Car -1 -1 -2.8742 219.0215 206.9767 309.8553 238.4182 1.4620 1.5926 3.9343 -17.7502 3.2709 37.1286 -3.3178 -5.0275
Car -1 -1 -4.4940 394.0134 180.5217 431.7314 203.8265 1.4468 1.5639 4.1856 -13.1787 1.9826 48.3215 -4.7592 -5.0531
Car -1 -1 -4.9489 315.9682 187.1154 362.1399 213.2803 1.3645 1.5916 4.1746 -15.9141 2.2408 42.1735 -5.3080 -5.2378
Car -1 -1 -5.0698 487.6925 179.4768 519.8795 196.8586 1.3995 1.5512 3.5998 -9.1094 1.9819 61.5334 -5.2165 -5.2675
Car -1 -1 -4.9446 360.9896 179.9206 398.8186 202.2688 1.4229 1.5896 3.9958 -15.8212 1.9273 49.4050 -5.2532 -5.4070
Car -1 -1 -5.2099 460.6968 179.6700 512.0631 204.0036 1.5242 1.6203 4.1409 -8.3845 2.0023 48.5146 -5.3805 -5.5108
Car -1 -1 -6.6961 0.0000 183.7764 0.0000 374.0000 1.4768 1.5507 3.5736 -5.3125 1.5409 2.4284 -7.7954 -5.5553
Car -1 -1 -4.3499 162.5410 180.7345 282.3576 238.0529 1.4338 1.6217 4.2407 -11.0695 1.6854 20.8575 -4.8329 -5.6217
Car -1 -1 -4.3856 345.4470 182.3493 400.1115 209.9447 1.4948 1.7499 4.4206 -14.0347 2.0874 42.8324 -4.7008 -5.6549
Car -1 -1 -4.8076 447.2727 179.1032 472.5570 197.6523 1.4229 1.6320 4.2076 -12.3538 1.9541 59.1171 -5.0130 -5.6928
Car -1 -1 -4.3663 0.0000 182.6290 101.2603 247.4785 1.4692 1.6004 4.2538 -15.3517 1.7612 19.3020 -5.0316 -5.7199
Car -1 -1 -4.7246 148.0708 192.1762 248.1445 273.4399 1.3759 1.6541 4.3741 -8.9602 1.8557 15.6200 -5.2384 -5.7672
Car -1 -1 -6.9720 0.0000 0.0000 1241.0000 374.0000 1.4877 1.6002 3.8444 -2.0881 1.5305 1.3711 -7.8746 -5.8867
Car -1 -1 -4.2530 380.1435 179.9544 429.1174 202.3738 1.4648 1.6391 4.1477 -14.4024 1.9851 50.7165 -4.5287 -5.8867
Car -1 -1 -3.5065 0.0000 196.2075 0.0000 374.0000 1.5099 1.6071 3.9590 -7.0816 1.6559 2.5308 -4.6992 -5.8867
Car -1 -1 -7.5676 362.0797 185.6487 424.8784 223.7114 1.4842 1.7469 3.1264 -9.2040 2.0570 30.7539 -7.8565 -5.9908
Car -1 -1 -5.1603 493.2410 178.3766 540.3773 200.3904 1.4610 1.6032 4.3194 -6.6963 1.8702 51.2607 -5.2899 -6.1394
Car -1 -1 -4.6925 524.6659 169.4225 543.4621 189.7419 1.9368 1.7589 3.8685 -7.4417 1.6094 70.7782 -4.7972 -6.1647
Car -1 -1 -4.2281 27.3773 193.0466 275.9363 297.7058 1.3551 1.6712 4.4264 -7.5856 1.7668 12.4669 -4.7657 -6.3782
Car -1 -1 -5.1063 534.2101 180.4151 601.2354 211.3765 1.3607 1.7326 4.2895 -2.1716 1.7528 35.1436 -5.1681 -6.7962
Car -1 -1 -3.2875 556.2405 179.8159 652.0030 213.2877 1.4313 1.5521 4.1141 -0.3358 1.7540 32.3937 -3.2984 -6.8185
