Car -1 -1 -4.3968 189.9711 190.2579 512.1095 374.0000 1.4636 1.6292 4.1418 -2.1873 1.6876 7.2061 -4.6828 7.7093
Car -1 -1 -4.8558 639.1397 173.4782 668.2621 193.8664 1.5534 1.6762 4.5076 3.4075 1.6048 57.4329 -4.7972 -1.7135
Car -1 -1 -5.0251 712.6995 169.1465 756.2875 194.7971 1.6161 1.6746 3.9808 8.1155 1.3822 47.5510 -4.8575 -2.9895
Car -1 -1 -3.0259 667.5536 168.3019 725.9445 194.5121 1.6769 1.6820 3.6412 5.6821 1.3854 47.4036 -2.9077 -3.0878
Car -1 -1 -4.7283 633.8936 174.0433 656.3143 197.3154 1.6643 1.5981 3.7691 2.5538 1.7557 53.7054 -4.6815 -3.3855
Car -1 -1 -8.6805 786.1570 173.3097 842.5001 196.9942 1.4810 1.5094 3.4068 13.2450 1.5116 47.0347 -8.4080 -3.6857
Car -1 -1 -4.5924 702.1837 167.9355 727.8990 187.8505 1.5946 1.6429 4.0854 8.7345 1.2004 59.9586 -4.4487 -3.9106
Car -1 -1 -4.2677 694.2901 170.1745 762.0329 205.3314 1.5380 1.6144 3.8650 5.5159 1.4205 33.6127 -4.1069 -3.9874
Car -1 -1 -2.6160 0.0000 204.7756 212.4521 298.5705 1.4304 1.5411 3.8591 -9.3827 2.0314 12.6269 -3.2452 -4.1029
Car -1 -1 -5.8633 769.3337 163.8051 833.9813 187.8085 1.7406 1.7656 4.3673 14.3850 1.0841 54.3793 -5.6063 -4.1975
Car -1 -1 -5.0145 751.6119 165.7054 784.0297 185.8548 1.6243 1.5934 3.7201 13.0778 1.0477 60.0896 -4.8015 -4.3059
Car -1 -1 -7.9486 747.0077 167.7973 789.1453 200.1595 1.5331 1.6675 4.1446 7.8580 1.2933 36.3374 -7.7377 -4.4096
Car -1 -1 -7.0376 0.0000 194.1673 301.9453 374.0000 1.4730 1.5038 3.3818 -2.5576 1.5911 2.2943 -7.8209 -4.4221
Car -1 -1 -4.5381 550.0899 178.7638 583.8411 202.3310 1.5468 1.6336 4.4089 -3.0112 1.9812 50.7873 -4.5975 -4.4250
Car -1 -1 -2.7622 340.1508 175.8551 412.1156 201.8669 1.6864 1.6528 4.2416 -15.5469 1.8897 47.9696 -3.0743 -4.4896
Car -1 -1 -4.8481 574.8265 178.8665 605.7985 202.4652 1.5491 1.6273 4.0600 -1.4517 1.9881 50.5882 -4.8772 -4.5031
Car -1 -1 -4.3371 477.6933 181.1989 526.3985 206.7916 1.4626 1.6739 3.8860 -6.6615 2.0031 44.6749 -4.4847 -4.5090
Car -1 -1 -7.9605 333.5810 191.5546 462.3173 306.7719 1.3883 1.5316 3.3578 -3.4399 1.7245 11.1376 -8.2543 -4.6957
Car -1 -1 -7.6785 445.5161 171.7023 475.7766 191.6591 1.5784 1.7108 4.2799 -12.2411 1.4870 59.2312 -7.8817 -4.7937
Car -1 -1 -4.9585 702.9317 163.0870 737.5186 184.5852 1.6159 1.6607 4.3245 8.5488 0.8815 56.4668 -4.8093 -4.8278
Car -1 -1 -4.6765 509.1067 177.8891 529.1838 196.4350 1.5176 1.5862 3.3682 -7.7744 1.9604 61.7409 -4.8016 -4.8295
Car -1 -1 -4.6867 525.2036 180.6670 543.9382 198.5569 1.4349 1.4946 3.5002 -6.4045 2.1174 61.2508 -4.7909 -4.8584
Car -1 -1 -4.4990 537.3381 180.1455 574.8741 207.5705 1.5658 1.5636 3.5909 -3.2846 2.0301 44.0849 -4.5734 -4.8829
Car -1 -1 -4.7874 649.2180 174.2668 676.3527 196.7252 1.6088 1.7068 4.1925 3.8856 1.7184 54.0496 -4.7165 -4.9164
Car -1 -1 -7.7746 433.0509 182.3840 490.9456 232.3669 1.5472 1.6678 3.7995 -5.1113 1.9044 25.0786 -7.9742 -4.9600
Car -1 -1 -7.5826 681.2993 165.1910 712.8861 186.8589 1.8108 1.6729 4.1423 7.5587 1.1701 62.5312 -7.4632 -4.9786
Car -1 -1 -4.4311 552.0412 178.2603 585.1877 197.8722 1.5277 1.6410 4.1819 -3.4044 1.9909 59.6494 -4.4882 -5.0580
Car -1 -1 -4.6913 618.0129 175.4069 645.7800 198.7659 1.5161 1.8190 4.4417 1.5148 1.6993 49.5906 -4.6614 -5.0928
Car -1 -1 -7.4080 93.9095 178.2264 212.4054 231.1768 1.3818 1.4988 3.5958 -13.2410 1.5523 21.0774 -7.9634 -5.1721
Car -1 -1 -3.4222 748.7618 181.3462 991.2650 269.6323 1.4699 1.5095 3.8383 4.4942 1.6326 13.0129 -3.0976 -5.2220
Car -1 -1 -3.0240 774.3239 165.8656 846.3471 196.7792 1.5677 1.5018 3.5009 10.4981 1.2130 37.9439 -2.7563 -5.2378
Car -1 -1 -4.9074 575.0974 178.0643 612.9196 203.5387 1.4997 1.6278 4.0093 -1.0891 1.8433 45.4853 -4.9317 -5.5023
Car -1 -1 -4.1214 521.2405 176.3691 563.7099 198.7159 1.6078 1.4819 3.5164 -5.0858 1.8819 54.4102 -4.2146 -5.5169
Car -1 -1 -4.7198 544.1712 178.2384 564.1533 196.5937 1.4673 1.6292 4.1417 -4.7676 1.9386 61.0638 -4.7977 -5.6170
Car -1 -1 -6.7768 0.0000 189.4942 85.2757 374.0000 1.4924 1.5675 3.7316 -4.1303 1.5942 2.4945 -7.7564 -5.6378
Car -1 -1 -7.6898 351.1977 189.4926 459.3389 270.9161 1.4071 1.5867 3.5576 -4.1922 1.7972 15.0769 -7.9573 -5.6592
Car -1 -1 -6.6943 1065.9680 0.0000 1241.0000 374.0000 1.5223 1.8763 4.8965 4.7014 1.1980 2.9391 -5.7259 -5.6748
Car -1 -1 -4.9341 506.6646 177.4572 537.1451 199.0346 1.5453 1.5278 3.5848 -6.7068 1.9047 54.4474 -5.0564 -5.7955
Car -1 -1 -4.2813 715.8174 170.3265 758.9438 194.2609 1.4155 1.4680 3.0673 7.8202 1.2658 44.3527 -4.1083 -5.8466
Car -1 -1 -9.1172 0.0000 0.0000 1241.0000 374.0000 1.5011 1.5794 3.7915 3.1105 1.4220 0.9970 -7.9398 -5.8867
Car -1 -1 -3.4553 0.0000 195.7544 0.0000 374.0000 1.5050 1.6063 3.9584 -7.0828 1.6355 2.1300 -4.6977 -5.8867
Car -1 -1 -4.6299 591.4990 176.0862 620.2552 198.9544 1.4504 1.6092 3.9814 -0.2708 1.6760 48.3866 -4.6359 -5.8867
Car -1 -1 -4.6505 564.3492 177.8548 587.5935 196.9036 1.4103 1.5789 3.9246 -2.6575 1.8147 56.4288 -4.6977 -5.8867
Car -1 -1 -7.1471 51.9875 0.0000 1241.0000 374.0000 1.5384 1.5880 3.8033 -1.2982 1.5989 1.0061 -7.9394 -5.8867
Car -1 -1 -3.4778 0.0000 0.0000 1241.0000 374.0000 1.5293 1.6121 3.9652 -5.4729 1.7030 1.7236 -4.6971 -5.8867
Car -1 -1 -6.9097 376.1893 194.8761 1241.0000 374.0000 1.4681 1.9271 4.4003 1.2864 1.6090 3.1106 -6.5520 -6.0451
Car -1 -1 -2.7552 514.2172 180.9510 618.6949 227.1170 1.6290 1.4937 3.6368 -1.6778 1.9484 27.1999 -2.8170 -6.0828
Car -1 -1 -7.6752 512.5478 179.6075 546.0124 205.0903 1.5881 1.5667 3.7548 -5.3510 2.0543 47.9142 -7.7863 -6.3427
Car -1 -1 -7.9553 634.5648 165.4843 657.7756 184.5939 1.8143 1.7972 4.7700 3.4995 1.1143 70.9347 -7.9065 -6.8151
Car -1 -1 -5.8118 413.8588 174.0429 489.3397 202.5109 1.5935 1.7559 3.9046 -9.2043 1.6644 41.8449 -6.0274 -6.9863
