Car -1 -1 -5.1939 859.9733 175.0366 912.7197 199.9720 1.5559 1.6235 3.8481 18.0467 1.7049 47.3796 -4.8324 -1.4472
Car -1 -1 -4.6422 894.7315 170.4081 924.6512 195.1569 1.6410 1.6461 4.0640 20.7782 1.4785 50.0291 -4.2509 -1.5366
Car -1 -1 -8.6267 894.0197 179.6191 983.6157 216.3789 1.5042 1.5361 3.6203 14.5484 1.8244 32.2127 -8.2065 -1.5384
Car -1 -1 -2.9526 958.9056 166.3820 1071.9689 204.9696 1.4587 1.6208 3.7424 16.2597 1.2137 29.0956 -2.4476 -1.7407
Car -1 -1 -7.4519 0.0000 183.4733 58.0106 236.4228 1.4643 1.6248 4.0189 -19.4703 1.8340 22.9790 -8.1492 -2.4547
Car -1 -1 -7.7137 976.8968 171.1938 1037.3933 212.0410 1.4173 1.5002 3.6686 14.8344 1.3594 26.9561 -7.2156 -2.6843
Car -1 -1 -7.2264 969.5439 167.7102 1040.8413 196.2369 1.4718 1.6062 3.5127 21.1650 1.2061 38.7101 -6.7295 -2.8532
Car -1 -1 -5.3582 861.1010 173.5430 935.4553 205.2061 1.6537 1.6356 4.1651 15.8539 1.6937 40.0060 -4.9839 -3.0339
Car -1 -1 -8.0837 1112.5692 160.4938 1164.9631 188.0916 1.5205 1.6132 3.7711 30.5250 0.8392 41.8051 -7.4564 -3.0778
Car -1 -1 -7.4812 613.9311 170.9263 649.8472 190.1624 1.5805 1.7060 4.0437 1.8784 1.4218 61.4796 -7.4511 -3.7007
Car -1 -1 -4.8014 738.1780 179.3748 763.4645 199.0165 1.5001 1.6621 3.8621 11.3445 2.0461 58.4424 -4.6111 -3.7272
Car -1 -1 -7.8749 972.9774 162.6761 1002.2720 187.9928 1.5724 1.5911 3.6610 24.4238 0.9400 46.8086 -7.3967 -3.9609
Car -1 -1 -4.5558 750.8702 180.6362 777.3075 199.2666 1.3773 1.5707 3.0680 12.0561 2.0047 56.4846 -4.3471 -4.1295
Car -1 -1 -4.8584 869.3449 173.2210 901.6844 194.4170 1.5954 1.7464 4.3305 21.5683 1.6251 56.6919 -4.4969 -4.1412
Car -1 -1 -8.6674 915.7734 170.3586 984.9379 197.3268 1.5832 1.6380 3.7373 20.8392 1.4364 44.3982 -8.2314 -4.1880
Car -1 -1 -5.1284 990.5815 163.9338 1025.5009 181.3375 1.5914 1.5582 3.5622 37.3471 0.7754 67.8182 -4.6270 -4.2228
Car -1 -1 -7.9986 666.9387 173.7826 696.8555 194.5420 1.5658 1.7476 4.1692 5.5836 1.6413 56.7363 -7.9014 -4.5814
Car -1 -1 -4.6718 688.0057 173.9411 709.7139 196.5419 1.7100 1.5627 3.2058 6.9479 1.7973 56.4637 -4.5504 -4.6350
Car -1 -1 -7.2696 608.1898 169.4373 683.8807 206.0138 1.6635 1.7625 3.9752 1.7607 1.5078 34.9381 -7.2202 -4.7144
Car -1 -1 -9.1121 1080.9036 162.8375 1172.5990 195.0210 1.4800 1.5738 3.2905 24.9494 1.0191 34.9688 -8.4966 -4.8470
Car -1 -1 -7.5977 740.7456 177.7358 781.8323 205.6448 1.6176 1.6120 3.6652 9.3361 1.9320 44.5191 -7.3929 -4.9077
Car -1 -1 -3.4248 687.6288 175.0797 763.1855 200.7932 1.7153 1.9215 4.7809 7.8686 1.8719 49.6070 -3.2689 -5.4343
Car -1 -1 -2.5381 702.2389 181.6917 753.8799 205.5202 1.4467 1.4360 2.9983 7.5588 2.0352 46.5165 -2.3785 -5.4466
Car -1 -1 -4.8192 793.2708 179.7327 832.8597 209.2505 1.4229 1.5813 3.7309 10.5082 1.8005 37.6691 -4.5497 -5.4475
Car -1 -1 -5.2610 815.8011 176.5114 865.1332 197.8745 1.5481 1.7098 4.0782 17.5486 1.8388 55.2192 -4.9552 -5.6549
Car -1 -1 -5.0255 810.1470 175.9158 854.5030 200.3317 1.5698 1.6623 4.1622 15.0066 1.7864 49.0133 -4.7305 -5.7285
Car -1 -1 -4.5702 721.6052 179.2439 745.2839 195.2192 1.4277 1.6479 4.1704 11.7295 2.0540 68.5120 -4.4018 -5.7703
Car -1 -1 -4.8143 848.7503 174.8308 880.4417 198.5849 1.5840 1.6682 4.1652 17.8106 1.7287 50.7026 -4.4787 -5.8109
Car -1 -1 -4.3030 764.1306 178.9986 812.2658 203.8720 1.5845 1.7308 4.0236 12.1395 2.0207 49.1384 -4.0627 -5.8153
Car -1 -1 -4.8672 841.7068 174.3348 872.8754 193.5938 1.4238 1.6395 4.2129 19.0828 1.5428 55.9006 -4.5402 -5.8374
Car -1 -1 -4.9301 798.9073 174.8950 835.7231 199.7983 1.7763 1.7528 4.2682 15.4319 1.9349 54.0043 -4.6536 -5.8739
Car -1 -1 -4.9988 819.2113 175.0783 853.2799 193.1497 1.4022 1.5779 3.9203 18.2526 1.5882 58.4438 -4.6979 -5.8867
Car -1 -1 -7.5644 152.0711 0.0000 1241.0000 374.0000 1.5575 1.5913 3.8074 -0.4928 1.6648 1.0032 -7.9389 -5.8867
Car -1 -1 -4.6886 1054.4749 169.2542 1076.7987 185.4098 1.4230 1.6334 4.0018 41.4679 1.1056 65.6730 -4.1276 -5.8867
Car -1 -1 -3.6032 0.0000 202.6434 0.0000 374.0000 1.5323 1.6145 3.9679 -4.6703 1.7022 2.1282 -4.6977 -5.8867
Car -1 -1 -3.7927 0.0000 194.6860 228.3996 374.0000 1.5218 1.6124 3.9652 -3.0628 1.6462 2.1287 -4.6977 -5.8867
Car -1 -1 -4.7302 1099.7069 171.6689 1125.3378 190.5226 1.5028 1.6524 4.0048 41.4724 1.4081 59.6386 -4.1251 -5.8867
Car -1 -1 -4.7560 1126.6342 170.8800 1155.8846 190.8551 1.5031 1.6529 4.0069 41.4715 1.3543 56.4212 -4.1248 -5.8867
Car -1 -1 -8.6433 0.0000 0.0000 1048.9043 374.0000 1.5479 1.5892 3.8049 1.1146 1.6124 1.0042 -7.9391 -5.8867
Car -1 -1 -4.6662 708.1469 176.0413 730.7021 195.5373 1.4624 1.5838 3.9734 8.6315 1.7227 56.9112 -4.5169 -6.0059
