Car -1 -1 -4.5391 481.9423 185.9799 544.9174 234.0168 1.5619 1.6556 3.7805 -3.5031 2.0775 26.4346 -4.6703 7.1926
Car -1 -1 -8.0084 690.2371 173.2216 775.5867 240.0132 1.7191 1.7329 4.2816 3.3564 1.7305 20.7382 -7.8510 6.9623
Car -1 -1 -5.2781 860.3538 132.5284 1241.0000 374.0000 1.7419 1.6393 4.0960 3.2622 1.5743 5.0576 -4.7324 5.9926
Car -1 -1 -7.6951 558.4656 179.0822 605.7263 215.4128 1.7173 1.7335 4.6259 -1.4112 2.0599 37.3291 -7.7332 5.5366
Car -1 -1 -7.3589 672.3953 181.9986 739.4813 215.5493 1.4133 1.5687 3.5735 4.4374 1.8597 33.3419 -7.2284 1.8840
Car -1 -1 -7.9143 540.0093 184.7836 573.7288 214.5079 1.4764 1.6001 3.8673 -2.9879 2.1624 39.4866 -7.9899 -2.6383
Car -1 -1 -4.7180 521.2116 184.9955 553.8890 215.8452 1.4351 1.5940 4.2271 -3.8159 2.1021 37.4724 -4.8194 -3.3872
Car -1 -1 -3.3218 789.4735 158.0401 852.0056 187.3932 2.0860 1.7798 4.0995 15.2178 1.0329 52.3687 -3.0407 -3.6130
Car -1 -1 -5.4253 943.5479 183.1992 1091.9420 241.7933 1.4493 1.5653 3.7763 11.4006 1.7727 20.5676 -4.9259 -3.7656
Car -1 -1 -4.8181 750.9255 177.7175 795.0128 213.4864 1.7376 1.8240 3.8727 8.3976 2.0045 37.6273 -4.6008 -3.8810
Car -1 -1 -4.9426 916.5405 181.5880 1018.8176 240.8709 1.4343 1.6386 4.0375 9.8300 1.7050 20.2373 -4.4968 -3.8979
Car -1 -1 -9.2253 0.0000 0.0000 1241.0000 374.0000 1.4130 1.5057 3.5890 3.6002 1.3387 0.7713 -7.9416 -3.9246
Car -1 -1 -7.5849 716.9576 179.9280 779.3273 217.4367 1.4354 1.6386 3.8181 5.8483 1.7541 30.4686 -7.3977 -4.4473
Car -1 -1 -3.1076 840.7529 161.3149 899.7197 183.5673 1.5679 1.5994 3.9658 18.8345 0.7546 52.3149 -2.7640 -4.5382
Car -1 -1 -4.8079 524.8625 180.7615 545.8591 195.8780 1.4016 1.6921 3.8820 -7.4029 2.2037 71.1390 -4.9116 -4.5906
Car -1 -1 -4.6840 522.2161 186.8234 550.9715 214.2168 1.4200 1.5321 3.6546 -4.1907 2.2536 41.1961 -4.7853 -4.7322
Car -1 -1 -5.1551 592.4462 171.8509 625.5801 190.7906 1.7946 1.7308 3.8957 -0.1473 1.6992 70.4981 -5.1575 -4.8453
Car -1 -1 -4.5085 543.2682 183.1611 569.3577 200.6018 1.4465 1.5776 3.8129 -4.7669 2.3917 64.1916 -4.5828 -4.8488
Car -1 -1 -4.8774 501.0940 179.4305 522.3417 195.3777 1.5003 1.5150 3.5655 -9.7658 2.1684 71.3999 -5.0132 -4.8870
Car -1 -1 -9.1699 0.0000 0.0000 1241.0000 374.0000 1.4591 1.4739 3.3188 2.2909 1.4407 0.3797 -7.8844 -4.9361
Car -1 -1 -4.2423 486.9830 183.0010 537.9755 210.5267 1.5970 1.5574 3.9805 -6.1366 2.2677 45.5735 -4.3759 -5.1383
Car -1 -1 -4.4638 539.4941 185.4430 573.3591 208.2801 1.5243 1.5562 3.8531 -3.8820 2.4743 52.4342 -4.5379 -5.2243
Car -1 -1 -5.3656 850.8375 169.5218 1059.2125 239.3722 1.3830 1.7710 4.7837 7.6831 1.3167 16.8175 -4.9441 -5.2906
Car -1 -1 -7.4724 485.1468 180.7960 550.2045 217.0485 1.5620 1.6671 4.0556 -4.3401 1.9622 34.2130 -7.5982 -5.2921
Car -1 -1 -4.3285 567.3375 179.1774 611.9103 201.6247 1.6381 1.7799 4.9572 -1.5685 2.1584 56.7722 -4.3564 -5.3137
Car -1 -1 -4.7548 726.5582 180.7843 766.0406 213.2842 1.3763 1.6197 4.0394 6.2665 1.7696 33.6993 -4.5731 -5.3820
Car -1 -1 -6.2378 891.3226 158.8378 959.4815 181.4925 1.5434 1.6240 4.3350 22.1808 0.5882 50.8376 -5.8286 -5.4444
Car -1 -1 -4.7482 688.9610 178.3521 716.9064 201.6838 1.4165 1.6423 4.1302 5.9709 1.7901 46.9387 -4.6229 -5.4457
Car -1 -1 -4.8024 689.0968 179.4329 725.1343 206.1571 1.4266 1.6791 4.1562 5.5189 1.8255 41.6679 -4.6721 -5.5455
Car -1 -1 -5.2101 666.3401 179.1639 734.1455 210.3344 1.5048 1.7400 4.1931 4.6401 1.8569 38.0227 -5.0902 -5.6370
Car -1 -1 -4.8006 721.0425 178.1150 758.8709 208.2858 1.5279 1.6581 4.1176 7.0032 1.8304 39.4032 -4.6265 -5.6603
Car -1 -1 -8.0408 690.4776 176.5997 757.4259 220.3166 1.5454 1.8533 3.7486 4.2504 1.6990 27.7399 -7.8910 -5.7388
Car -1 -1 -9.0678 0.0000 0.0000 1241.0000 374.0000 1.3770 1.5018 3.6436 5.1670 1.2107 1.4122 -7.8153 -5.8623
Car -1 -1 -7.1469 52.0938 0.0000 1241.0000 374.0000 1.5540 1.5911 3.8075 -1.2972 1.6560 1.0049 -7.9392 -5.8867
Car -1 -1 -3.7063 0.0000 0.0000 1241.0000 374.0000 1.5340 1.6141 3.9687 -3.0612 1.6871 1.7252 -4.6974 -5.8867
Car -1 -1 -8.2306 0.0000 0.0000 776.8773 374.0000 1.4994 1.5939 3.8394 0.3180 1.5173 1.3672 -8.0492 -5.8867
Car -1 -1 -3.6030 0.0000 198.5356 0.0000 374.0000 1.5241 1.6140 3.9658 -4.6711 1.6705 2.1278 -4.6977 -5.8867
Car -1 -1 -3.4936 0.0000 205.5445 0.0000 374.0000 1.5312 1.6135 3.9671 -6.2782 1.7178 2.1286 -4.6976 -5.8867
Car -1 -1 -4.7602 572.6885 181.3746 605.5727 210.7161 1.7087 1.8559 4.4885 -1.4046 2.2750 45.6713 -4.7913 -5.9250
Car -1 -1 -5.7496 515.5959 182.2971 567.1364 199.8522 1.5657 1.5852 4.6704 -6.4890 2.4763 67.8981 -5.8449 -6.0057
Car -1 -1 -4.5863 597.7371 179.3361 626.0260 205.8517 1.9181 1.6245 4.5960 0.1599 2.4400 55.7427 -4.5840 -6.0346
Car -1 -1 -4.4406 612.6107 176.2583 636.7954 191.9480 1.4588 1.4358 3.5768 1.4288 1.7970 69.8382 -4.4206 -6.0372
Car -1 -1 -5.1739 541.8199 179.6656 584.3901 200.9411 1.5506 1.6095 4.1831 -3.7229 2.1019 56.2174 -5.2402 -6.2262
Car -1 -1 -8.7922 863.0791 177.6591 987.9074 228.5927 1.4701 1.5448 3.3816 9.9270 1.6354 23.0227 -8.3903 -6.5507
Car -1 -1 -8.6263 896.4518 178.2327 1241.0000 332.5625 1.3664 1.6940 3.8665 5.3057 1.4458 8.6109 -8.0899 -7.0258
