Car -1 -1 -8.0314 676.7474 176.9822 768.8210 245.0967 1.4658 1.5812 3.4485 2.5742 1.5756 17.4898 -7.8886 7.7838
Car -1 -1 -8.1419 741.7826 179.7794 973.7777 324.5374 1.4311 1.5801 4.1614 2.8435 1.5412 9.4169 -7.8584 7.7433
Car -1 -1 -7.5164 177.2212 179.1690 452.2520 360.9034 1.6356 1.6856 4.0201 -3.2127 1.7287 8.6517 -7.8631 7.0559
Car -1 -1 -4.5235 406.4544 182.2919 507.4160 248.9539 1.4454 1.7026 4.4347 -3.8204 1.7163 18.5039 -4.7250 6.0825
Car -1 -1 -7.8884 650.0627 175.8177 695.1209 217.4831 1.4885 1.5873 4.1489 2.3343 1.6126 28.1860 -7.8072 4.3001
Car -1 -1 -2.9810 435.3128 174.2966 516.2405 212.4241 1.8101 1.6971 3.6583 -6.5410 1.8820 35.2115 -3.1638 3.3216
Car -1 -1 -8.9268 0.0000 0.0000 1241.0000 374.0000 1.4417 1.5883 3.8789 2.7659 1.5450 1.5968 -7.9571 0.7822
Car -1 -1 -8.0198 711.4713 176.1997 757.7781 208.3412 1.5684 1.6848 4.2921 6.4212 1.7533 37.8017 -7.8533 -0.5282
Car -1 -1 -8.0782 726.4084 177.9524 781.1840 212.4806 1.4380 1.5787 3.8990 6.3834 1.6821 32.6086 -7.8871 -2.3662
Car -1 -1 -7.8651 617.6558 173.2223 635.8685 190.4548 1.5466 1.6357 3.6434 1.5042 1.5813 66.6670 -7.8430 -3.4051
Car -1 -1 -2.9583 414.6715 180.4960 526.0563 223.1777 1.4919 1.6359 3.7570 -5.0809 1.7794 26.3467 -3.1475 -3.5684
Car -1 -1 -8.0660 683.9108 176.4116 732.2806 209.0202 1.5926 1.6813 4.0273 5.0307 1.7888 37.7688 -7.9352 -3.7243
Car -1 -1 -7.6952 678.3664 178.0296 753.5306 232.6128 1.4544 1.6385 4.0086 3.2379 1.6259 21.7921 -7.5504 -3.7527
Car -1 -1 -7.9329 0.0000 0.0000 1241.0000 374.0000 1.4722 1.5543 3.3803 0.7202 1.6251 1.3370 -7.5242 -3.8327
Car -1 -1 -7.3836 1133.2545 182.4968 1241.0000 374.0000 1.3948 1.7152 3.4900 4.8844 1.4611 3.7591 -6.5063 -3.8343
Car -1 -1 -4.5238 431.1723 177.4205 485.5444 216.0404 1.5929 1.6212 4.2077 -6.7672 1.8109 32.3771 -4.7286 -3.8754
Car -1 -1 -4.3737 635.1998 178.1357 691.0669 209.7476 1.4567 1.5951 3.8589 2.6694 1.7354 36.0333 -4.3010 -4.0446
Car -1 -1 -8.0663 741.8261 165.6357 782.5482 191.6415 1.6824 1.7573 4.6062 10.2359 1.2152 48.9897 -7.8619 -4.2134
Car -1 -1 -4.7928 202.2166 192.1241 287.4074 263.2926 1.3361 1.4543 3.5415 -8.4498 1.8259 16.4601 -5.2609 -4.4260
Car -1 -1 -4.6700 611.2496 171.8452 635.3272 196.2323 1.7438 1.6281 3.9133 0.9894 1.6714 53.5971 -4.6521 -4.6929
Car -1 -1 -4.7609 629.9636 176.1939 659.1553 201.4603 1.5565 1.6966 3.9391 2.1751 1.7826 46.9421 -4.7154 -4.8937
Car -1 -1 -5.3224 768.4238 169.9692 821.5665 194.5876 1.5054 1.7043 3.2719 11.7029 1.3287 45.9543 -5.0749 -4.9203
Car -1 -1 -7.6551 269.6678 182.8810 407.1560 276.0266 1.3572 1.5767 3.4564 -4.6724 1.5591 12.7308 -8.0008 -5.0332
Car -1 -1 -4.6427 511.2207 176.9932 540.8484 202.8646 1.5947 1.6426 4.1675 -5.4910 1.8778 47.2731 -4.7581 -5.0845
Car -1 -1 -5.0384 623.0909 174.6727 659.8104 194.6144 1.4325 1.5821 3.9178 2.2964 1.5744 54.3173 -4.9967 -5.1559
Car -1 -1 -4.6517 850.9374 170.6441 895.4175 209.1629 1.4135 1.4467 3.5437 10.3519 1.3321 28.3907 -4.3058 -5.1722
Car -1 -1 -7.1069 727.8970 250.2758 1241.0000 374.0000 1.3156 1.7155 3.6063 2.6468 1.9078 4.1808 -6.5758 -5.2055
Car -1 -1 -8.2216 246.1164 191.1682 370.6617 261.2625 1.3636 1.4816 3.5815 -7.1356 1.8352 16.7852 -8.6184 -5.2389
Car -1 -1 -2.5303 0.0000 190.9995 119.0595 282.2431 1.4784 1.6890 3.8007 -11.4910 1.8340 13.1254 -3.2394 -5.2496
Car -1 -1 -5.1583 533.7408 176.6042 577.0261 200.8608 1.5791 1.5842 3.5404 -3.8128 1.8461 49.4978 -5.2352 -5.4905
Car -1 -1 -4.8557 801.5943 158.2832 849.0770 190.8881 1.5403 1.7148 3.9313 10.6815 0.8517 36.1533 -4.5708 -5.7580
Car -1 -1 -4.8255 576.7097 175.6154 604.5826 195.6622 1.3716 1.5598 4.0010 -1.4622 1.5784 52.0336 -4.8538 -5.7798
Car -1 -1 -4.5661 556.6747 176.5305 584.7431 195.4562 1.3837 1.5863 4.0849 -3.0220 1.6778 55.6783 -4.6204 -5.8034
Car -1 -1 -4.8485 563.1785 176.4137 594.3566 198.6714 1.4352 1.5987 3.9453 -2.2038 1.6883 49.2759 -4.8933 -5.8041
Car -1 -1 -4.5431 538.4833 177.3431 568.1317 196.3556 1.3230 1.5338 3.9784 -4.1727 1.6666 53.2288 -4.6213 -5.8152
Car -1 -1 -3.5415 0.0000 196.1367 0.0000 374.0000 1.5160 1.6130 3.9634 -5.4757 1.6486 2.1275 -4.6978 -5.8867
Car -1 -1 -6.7242 0.0000 0.0000 1241.0000 374.0000 1.5021 1.6026 3.8480 -3.6952 1.6028 1.3707 -7.8745 -5.8867
Car -1 -1 -2.3690 0.0000 175.2337 9.0361 319.3307 1.4441 1.7094 4.4757 -10.0109 1.4747 8.3163 -3.2307 -6.0886
Car -1 -1 -4.2445 353.6732 199.1875 443.5352 243.7438 1.4272 1.7752 3.7567 -7.9973 2.5039 27.4988 -4.5256 -6.3722
Car -1 -1 -9.7285 0.0000 0.0000 1241.0000 374.0000 1.5388 1.6631 3.6425 1.8279 1.5927 -0.7878 -7.8898 -6.4991
