Car -1 -1 -2.7620 237.2635 170.7960 434.3235 257.3032 1.8125 1.6782 3.7284 -6.0252 1.7691 16.0017 -3.1173 8.0816
Car -1 -1 -8.0924 738.5298 175.3771 984.7628 340.9223 1.5018 1.6382 4.4476 2.6521 1.5405 8.8707 -7.8122 7.9893
Car -1 -1 -4.7048 547.7954 176.1820 570.9207 197.7152 1.5084 1.6364 3.6955 -3.7384 1.7614 53.0251 -4.7753 3.4996
Car -1 -1 -7.9211 645.8227 171.5391 675.7809 197.6505 1.6388 1.6835 3.9753 3.2539 1.5560 47.2737 -7.8532 2.0125
Car -1 -1 -4.8107 659.7232 168.9737 705.6946 210.8248 1.7288 1.6287 3.7566 3.0903 1.5682 31.6852 -4.7150 1.2408
Car -1 -1 -7.7453 579.9143 174.9539 602.9781 192.5094 1.4882 1.6376 3.7441 -1.6291 1.6785 63.5620 -7.7712 1.1295
Car -1 -1 -4.2515 640.8602 171.6762 680.4593 190.5459 1.5341 1.6647 4.1477 4.2864 1.4381 60.8713 -4.1819 -2.7223
Car -1 -1 -4.9105 665.0000 174.5516 732.8812 223.4111 1.5745 1.6183 3.8356 2.9935 1.6385 25.3673 -4.7951 -2.7298
Car -1 -1 -6.6466 529.6392 174.2622 584.5627 193.2851 1.5888 1.6745 4.4159 -4.5781 1.7132 62.2065 -6.7201 -3.0881
Car -1 -1 -4.7702 375.2394 175.6456 429.4280 219.7224 1.5791 1.8042 4.1828 -8.2843 1.6975 28.4101 -5.0518 -3.2677
Car -1 -1 -5.3449 552.1313 176.9218 605.2443 199.3580 1.4643 1.6536 3.9426 -2.2342 1.7569 49.8905 -5.3898 -3.3110
Car -1 -1 -4.5353 615.8258 177.3596 676.4908 226.1242 1.5296 1.5467 3.1285 1.2446 1.6938 24.6435 -4.4862 -3.3767
Car -1 -1 -4.4689 530.3669 176.4538 567.9486 200.4526 1.5524 1.6488 4.0047 -4.1508 1.8092 49.4156 -4.5526 -3.8549
Car -1 -1 -8.0587 624.6012 172.0929 652.8708 190.7169 1.5160 1.6109 3.9116 2.3610 1.4537 60.7957 -8.0205 -4.1207
Car -1 -1 -8.3274 876.7087 177.5367 1063.9001 263.5950 1.4868 1.6855 4.0546 7.0511 1.5955 14.7454 -7.8899 -4.2953
Car -1 -1 -4.7609 667.2303 173.0336 687.5988 191.7014 1.5940 1.6011 3.6776 5.8849 1.6100 63.5190 -4.6693 -4.4009
Car -1 -1 -4.9439 687.1746 176.0640 756.3108 214.4500 1.3623 1.6839 4.3794 4.2271 1.4977 28.2380 -4.7974 -4.7551
Car -1 -1 -4.5046 328.5052 180.1177 395.7349 226.3346 1.5448 1.5607 4.0034 -9.1732 1.8357 26.8506 -4.8312 -4.9268
Car -1 -1 -4.5105 610.5831 174.3713 646.2424 197.3283 1.5435 1.6491 4.5866 1.3277 1.6561 51.2534 -4.4851 -5.1634
Car -1 -1 -5.2048 569.2205 175.0772 617.7435 195.6163 1.4237 1.6177 4.4877 -1.2925 1.5936 52.8750 -5.2295 -5.1642
Car -1 -1 -2.3639 502.9471 175.8766 554.0784 195.3777 1.5811 1.6717 4.3930 -6.9542 1.8454 61.1386 -2.4770 -5.2127
Car -1 -1 -5.1206 670.7768 170.2063 709.2109 190.7986 1.6568 1.6677 4.1630 6.6120 1.4434 60.2870 -5.0122 -5.3196
Car -1 -1 -4.5365 670.2773 173.5498 707.3177 197.3842 1.3806 1.5723 4.0397 4.8227 1.4249 44.0794 -4.4286 -5.5481
Car -1 -1 -4.9465 566.8944 174.4392 600.3284 195.0056 1.5500 1.7168 4.1367 -2.1508 1.6797 56.9443 -4.9845 -5.6025
Car -1 -1 -4.7011 578.7776 177.4783 605.9268 202.1581 1.3586 1.5221 3.8869 -1.0539 1.6426 42.4050 -4.7263 -5.6564
Car -1 -1 -4.1851 285.0578 186.0771 422.0529 241.6338 1.3801 1.7313 4.6235 -7.4981 1.8189 21.5198 -4.5170 -5.6667
Car -1 -1 -5.0540 536.1678 177.2393 584.2902 203.8342 1.4889 1.6059 4.0568 -3.0734 1.7650 43.2948 -5.1249 -5.6861
Car -1 -1 -3.7947 0.0000 192.2289 0.0000 374.0000 1.4270 1.5900 3.7040 -4.3024 1.5384 2.2251 -4.8383 -5.7773
Car -1 -1 -5.8210 1241.0000 0.0000 1241.0000 374.0000 1.3923 1.5854 4.1906 5.4577 1.2061 2.5237 -4.7266 -5.8757
Car -1 -1 -6.9167 0.0000 0.0000 1241.0000 374.0000 1.5427 1.5902 3.8039 -2.1023 1.6238 1.0037 -7.9392 -5.8867
Car -1 -1 -4.6986 594.7026 176.6930 618.6128 198.2698 1.4034 1.5787 3.9185 -0.2370 1.6774 49.5957 -4.7038 -5.8867
Car -1 -1 -7.3391 799.2776 227.2235 1241.0000 374.0000 1.5326 1.8803 4.0839 3.1250 1.9118 3.4356 -6.6446 -5.8920
Car -1 -1 -4.8981 742.2413 175.0387 807.3220 217.9411 1.4112 1.5634 3.8390 5.7750 1.4951 25.8741 -4.6815 -5.9839
Car -1 -1 -4.1245 633.9392 175.1402 677.3065 195.4126 1.4521 1.5990 3.4415 3.4091 1.6287 53.9569 -4.0621 -6.4679
Car -1 -1 -7.5993 338.9311 180.1178 448.8260 249.6395 1.7225 1.9044 4.5198 -6.0580 1.9530 20.6408 -7.8820 -6.6192
