Car -1 -1 -8.0187 699.2765 170.4609 846.7548 279.3345 1.5455 1.6663 4.4732 2.5392 1.5112 12.5029 -7.8240 7.4390
Car -1 -1 -2.8278 302.6290 171.0458 458.9177 242.1463 1.8420 1.6228 3.7099 -6.1675 1.7949 19.5249 -3.1305 6.5139
Car -1 -1 -3.9249 0.0000 214.8906 220.4843 374.0000 1.4345 1.6592 4.0528 -3.7017 1.7427 3.2508 -4.7347 4.3955
Car -1 -1 -4.6064 544.7089 172.7141 570.6745 193.5355 1.5784 1.6255 3.9800 -4.1036 1.5675 56.7122 -4.6786 2.4716
Car -1 -1 -8.8170 0.0000 0.0000 1241.0000 374.0000 1.4830 1.6075 3.6076 2.6758 1.5319 1.5576 -7.8529 1.9129
Car -1 -1 -8.1059 626.9503 167.3646 665.1133 192.9105 1.7298 1.6944 4.2013 2.4703 1.3578 51.0857 -8.0583 1.1686
Car -1 -1 -7.6352 576.2214 171.3552 604.0828 188.8377 1.5807 1.7020 4.3681 -1.8407 1.4449 67.5462 -7.6627 0.0532
Car -1 -1 -4.8037 652.3356 165.2204 708.5263 213.7335 1.7055 1.7159 4.3623 2.5587 1.4368 27.5474 -4.7126 -0.4611
Car -1 -1 -4.8214 649.6465 172.5789 690.4506 203.9756 1.4598 1.5991 3.5710 2.8521 1.4467 35.3565 -4.7420 -1.0167
Car -1 -1 -4.5520 556.2620 172.8908 581.0999 188.8845 1.4512 1.6998 4.0485 -3.8578 1.4545 67.5817 -4.6091 -2.9925
Car -1 -1 -7.7607 0.0000 0.0000 1161.0111 374.0000 1.5234 1.6162 3.5304 0.6648 1.5990 1.5934 -7.4285 -3.3342
Car -1 -1 -4.2320 810.6356 227.9509 1241.0000 374.0000 1.4553 1.7227 3.9995 3.3100 1.9274 4.4891 -3.6293 -4.0834
Car -1 -1 -4.6856 654.3964 170.6547 672.1371 187.3040 1.5133 1.5627 3.5846 4.9790 1.3131 67.4449 -4.6125 -4.1048
Car -1 -1 -7.3417 1241.0000 87.9483 1241.0000 374.0000 1.4331 1.6529 3.8628 5.3877 1.1616 3.2683 -6.3551 -4.1816
Car -1 -1 -2.8269 489.5504 171.2709 541.8192 190.3251 1.6364 1.7178 4.2152 -8.2677 1.5001 63.1968 -2.9567 -4.2328
Car -1 -1 -4.4712 585.9038 174.9412 612.1391 190.5895 1.4811 1.6620 4.0657 -1.0670 1.6926 71.0383 -4.4865 -4.4704
Car -1 -1 -7.9456 263.3829 187.8946 349.6471 264.7391 1.4654 1.4823 3.6790 -7.0696 1.8503 16.5034 -8.3451 -4.5675
Car -1 -1 -8.3064 860.5381 149.1672 941.0787 189.3132 1.7275 1.7429 4.2270 13.2338 0.7079 33.2215 -7.9305 -4.5982
Car -1 -1 -7.8804 620.6280 171.8107 655.8490 204.6771 1.5150 1.6022 3.6262 1.2877 1.4666 35.0803 -7.8445 -4.6429
Car -1 -1 -7.0308 628.6273 173.5875 685.7861 196.8533 1.4467 1.5083 3.6396 3.0447 1.4956 46.7092 -6.9665 -4.8164
Car -1 -1 -6.5495 904.5390 170.4473 1042.8323 217.9188 1.3888 1.4814 3.5220 11.0237 1.3181 22.1685 -6.0937 -4.8334
Car -1 -1 -4.6011 533.9816 174.9318 556.3478 190.6319 1.4621 1.6901 4.3405 -6.2727 1.6696 69.9620 -4.6905 -5.1258
Car -1 -1 -4.8241 598.3251 173.3626 629.5509 196.4495 1.3564 1.4874 3.9282 0.1675 1.3889 44.5141 -4.8208 -5.6276
Car -1 -1 -5.0651 554.0440 174.9766 598.3069 198.8131 1.4069 1.5686 3.6914 -2.1846 1.5447 44.9492 -5.1138 -5.7479
Car -1 -1 -4.1083 0.0000 121.2592 675.1935 374.0000 1.4477 1.5784 4.0451 -0.9782 1.4130 2.6431 -4.4345 -5.8191
Car -1 -1 -7.8391 874.8547 171.3286 929.4986 215.0867 1.3287 1.5586 3.0617 9.5195 1.2821 23.6218 -7.4607 -6.0403
Car -1 -1 -4.1658 502.2652 174.7847 535.9363 191.3611 1.5206 1.4895 3.6665 -8.6337 1.7092 68.6251 -4.2908 -6.2843
