Car -1 -1 -7.6951 447.1382 178.8603 531.5657 244.8397 1.6221 1.6908 4.0359 -3.2970 1.8061 20.1261 -7.8562 7.3023
Car -1 -1 -8.2324 769.5898 183.4527 1126.7106 374.0000 1.4369 1.6091 3.7266 2.7167 1.5654 6.8962 -7.8728 7.0671
Car -1 -1 -8.0622 696.5989 177.6483 843.8380 281.9308 1.5191 1.6140 4.2596 2.5830 1.6184 12.8498 -7.8694 6.9317
Car -1 -1 -7.9760 650.0314 177.4626 699.8666 217.7733 1.5022 1.5645 3.5264 2.5143 1.6992 29.0897 -7.8913 6.4184
Car -1 -1 -7.9847 673.7762 177.8033 750.2550 234.8155 1.4579 1.6095 4.3134 2.8030 1.6163 20.9827 -7.8545 5.0066
Car -1 -1 -4.5882 491.4700 181.8585 542.5738 221.2780 1.4815 1.6187 4.0678 -3.8483 1.8820 30.0834 -4.7149 3.2509
Car -1 -1 -8.7767 0.0000 0.0000 1241.0000 374.0000 1.4667 1.6409 4.0014 2.6162 1.5578 1.7474 -7.8702 3.0475
Car -1 -1 -7.9054 634.7475 177.8298 668.7714 207.5996 1.5235 1.6425 4.1451 2.2106 1.8113 39.6956 -7.8508 2.2590
Car -1 -1 -3.0137 480.8233 175.1277 538.0408 203.0533 1.7717 1.5810 3.4966 -6.5129 1.9211 46.7161 -3.1519 0.8024
Car -1 -1 -8.1310 717.3036 178.7705 771.7935 209.6755 1.3762 1.5645 3.9071 6.4009 1.6788 34.9232 -7.9518 -0.3550
Car -1 -1 -6.1572 669.6017 159.9058 725.9500 181.0118 1.7377 1.8064 4.5264 7.3880 0.6713 60.8329 -6.0371 -3.5461
Car -1 -1 -7.3464 667.5135 167.1565 706.0634 186.3474 1.6657 1.6816 4.0622 6.9019 1.1708 64.7706 -7.2409 -3.5867
Car -1 -1 -6.6217 805.5126 166.3790 917.8456 206.9650 1.5383 1.6173 3.8189 9.7216 1.2926 28.1759 -6.2931 -3.6259
Car -1 -1 -4.9441 689.1177 175.9908 741.0609 207.8801 1.4449 1.6122 3.9908 5.0113 1.6064 35.1597 -4.8043 -3.6405
Car -1 -1 -5.1892 585.8287 175.4950 662.1930 216.5049 1.6391 1.6434 3.9969 0.4889 1.7611 31.2713 -5.1744 -4.0510
Car -1 -1 -5.0453 606.6625 173.3155 640.9464 195.8710 1.8216 1.6829 3.9030 1.0939 1.8613 60.4751 -5.0278 -4.1042
Car -1 -1 -5.1804 653.3754 176.5443 746.4816 225.2393 1.5304 1.6563 3.7854 2.9791 1.6687 25.0510 -5.0641 -4.2112
Car -1 -1 -4.8752 884.4244 195.1694 1004.0340 276.8670 1.3187 1.5612 3.7219 6.6063 1.8358 14.7337 -4.4621 -4.2540
Car -1 -1 -4.6041 579.8849 179.9497 609.2028 200.4942 1.4291 1.7157 4.6212 -1.1450 1.9853 54.2094 -4.6256 -4.5839
Car -1 -1 -4.7348 533.7897 183.3448 554.7696 202.7767 1.6715 1.8306 4.3871 -6.1371 2.6758 66.8134 -4.8265 -4.6318
Car -1 -1 -5.2562 707.2111 179.8709 858.5562 251.6490 1.4515 1.6880 3.8718 3.8829 1.6380 17.1064 -5.0375 -4.7372
Car -1 -1 -6.0546 329.5702 184.9753 448.9220 222.9405 1.4410 1.6605 4.3183 -8.8291 1.9438 28.9747 -6.3483 -4.7593
Car -1 -1 -5.0196 763.0297 179.2118 835.5231 222.9659 1.4218 1.4995 3.4602 6.6192 1.6638 25.7325 -4.7712 -4.7879
Car -1 -1 -7.6509 453.4410 179.7704 520.2052 225.9187 1.5630 1.7542 3.5777 -4.5403 1.8371 26.8032 -7.8177 -4.8492
Car -1 -1 -4.5535 591.5972 179.4142 619.7852 198.9235 1.4962 1.6211 4.5436 -0.3386 2.0566 59.2973 -4.5596 -4.9665
Car -1 -1 -4.5735 548.0265 184.3979 569.9467 202.1425 1.5484 1.5444 3.7097 -4.7548 2.6559 67.3404 -4.6441 -5.2295
Car -1 -1 -6.4360 469.4138 211.2995 1139.3073 374.0000 1.3423 1.6610 3.1254 0.8573 1.6139 4.2234 -6.2516 -5.3091
Car -1 -1 -4.8135 530.7606 182.9495 553.6263 201.1090 1.3445 1.4557 3.5408 -5.4455 2.1735 57.3889 -4.9081 -5.4330
Car -1 -1 -4.5472 583.5684 177.8412 610.4760 195.5419 1.4261 1.6364 4.1526 -1.0952 1.8661 61.5296 -4.5653 -5.6418
Car -1 -1 -3.8555 170.9174 185.7250 306.3919 234.0484 1.4081 1.5636 4.0056 -12.4176 1.8800 24.3200 -4.3235 -5.6995
Car -1 -1 -5.2160 535.4557 177.8015 586.0678 202.3206 1.5696 1.6713 4.0947 -3.4366 1.9218 49.2391 -5.2857 -5.7383
Car -1 -1 -5.0156 560.3277 178.4930 595.2476 198.6797 1.4756 1.6104 3.9044 -2.5672 1.9297 56.0319 -5.0616 -5.7498
Car -1 -1 -5.3632 1043.0869 181.8127 1241.0000 264.0878 1.3125 1.5567 3.1342 9.7744 1.4990 13.4496 -4.7457 -5.8262
Car -1 -1 -4.9803 569.7218 176.9574 609.4839 201.5648 1.5399 1.6291 4.0288 -1.4373 1.8251 48.0396 -5.0105 -5.8367
Car -1 -1 -6.1938 692.0911 165.3617 748.9330 191.0659 1.6670 1.8251 3.6005 7.3537 1.1808 48.1085 -6.0433 -5.8613
Car -1 -1 -4.6402 557.1819 179.5474 579.7211 198.1303 1.4588 1.5952 3.9426 -3.4530 2.0340 60.0544 -4.6978 -5.8867
Car -1 -1 -3.5156 0.0000 206.0159 0.0000 374.0000 1.5364 1.6169 3.9700 -5.8784 1.7256 2.1259 -4.6976 -5.8867
Car -1 -1 -4.2282 472.6757 179.2630 535.6745 209.1307 1.4436 1.6210 3.9524 -5.5315 1.7991 37.9232 -4.3725 -5.8867
Car -1 -1 -6.7856 0.0000 0.0000 1241.0000 374.0000 1.5529 1.5903 3.8069 -2.9050 1.6709 1.0051 -7.9391 -5.8867
Car -1 -1 -6.6560 0.0000 0.0000 1241.0000 374.0000 1.5124 1.6031 3.8502 -4.4981 1.6533 1.3711 -7.8744 -5.8867
Car -1 -1 -4.6852 576.3879 178.6123 597.4666 197.5416 1.4391 1.5911 3.9410 -1.8536 1.9177 58.0325 -4.7174 -5.8867
Car -1 -1 -4.4895 720.6497 183.0244 787.8069 229.1461 1.3999 1.4806 3.7511 4.9768 1.7776 24.8038 -4.2945 -5.8913
Car -1 -1 -6.5647 872.2013 157.1814 982.1520 194.5480 1.7499 1.8382 4.5447 15.2484 1.0157 34.9886 -6.1570 -5.9432
Car -1 -1 -4.7323 563.8992 181.1762 583.0533 198.4525 1.5077 1.6914 4.0627 -3.4421 2.3050 67.0660 -4.7838 -5.9976
Car -1 -1 -4.5652 489.4757 178.5888 536.5431 214.3253 1.6025 1.6545 4.3629 -4.7086 1.8998 35.2526 -4.6975 -6.2173
