Car -1 -1 -4.5877 531.8533 179.6104 571.6533 211.7182 1.5858 1.6429 3.9021 -3.0905 1.9642 38.4578 -4.6679 6.4103
Car -1 -1 -7.6626 578.6459 176.5694 615.8497 203.5338 1.7346 1.7609 4.2865 -0.8529 1.9998 49.3026 -7.6803 5.2045
Car -1 -1 -4.9248 710.3315 166.1328 819.2598 248.9496 1.7175 1.6303 4.0721 3.4455 1.5778 17.0129 -4.7291 5.1815
Car -1 -1 -7.9322 672.1204 172.4484 717.5920 212.1195 1.6799 1.7026 4.1553 3.7323 1.6624 32.6594 -7.8200 4.8955
Car -1 -1 -7.6947 558.9839 179.3944 591.8606 203.1748 1.5183 1.6260 4.0462 -2.3520 1.9841 49.3243 -7.7426 -1.6236
Car -1 -1 -7.9554 504.0013 177.4098 536.0995 204.1685 1.6612 1.6792 4.2849 -6.0397 1.9774 47.8452 -8.0807 -2.8373
Car -1 -1 -4.8414 659.2986 179.5634 693.2232 204.3925 1.4802 1.6362 4.1061 4.1635 1.9291 46.2245 -4.7526 -3.4141
Car -1 -1 -4.9280 471.9973 181.8514 511.8531 208.1903 1.4567 1.5826 3.7959 -7.1727 2.0228 43.3653 -5.0914 -3.4209
Car -1 -1 -5.2472 606.7528 177.9007 660.1658 200.5534 1.4570 1.6915 4.3500 1.5305 1.8209 49.7532 -5.2171 -3.6000
Car -1 -1 -7.8547 698.6279 172.8717 723.4334 194.9978 1.4723 1.6384 3.7047 6.9558 1.4732 49.9601 -7.7176 -3.6240
Car -1 -1 -2.8390 463.2865 178.5843 533.9131 203.6945 1.5174 1.6987 4.0575 -6.9968 1.8856 45.2652 -2.9919 -3.9171
Car -1 -1 -5.1073 625.2338 180.7304 670.2644 204.3476 1.4152 1.6230 3.6225 2.3562 1.9444 46.5342 -5.0575 -3.9804
Car -1 -1 -4.8381 561.2711 180.2510 589.9955 201.2044 1.4567 1.6200 4.2283 -2.6376 2.0323 53.9532 -4.8871 -3.9993
Car -1 -1 -7.3967 623.5131 177.3920 684.5068 213.5778 1.5745 1.5333 3.3290 2.0578 1.7975 33.6796 -7.3369 -4.4055
Car -1 -1 -6.4011 1107.8696 172.9120 1241.0000 312.3000 1.4777 1.5617 3.4804 8.4645 1.4783 9.2830 -5.6780 -4.4174
Car -1 -1 -4.6314 665.1206 177.9627 704.5894 210.9852 1.5114 1.6251 4.2367 3.7418 1.7814 35.9458 -4.5291 -4.5744
Car -1 -1 -4.4024 725.1598 175.6117 782.3726 210.6216 1.4352 1.4721 3.5312 6.3367 1.5637 31.7806 -4.2079 -4.5998
Car -1 -1 -4.7919 616.2158 177.6607 643.1428 200.0163 1.5387 1.6144 4.4407 1.3722 1.9058 52.8942 -4.7666 -4.7207
Car -1 -1 -5.1289 446.8965 181.1700 495.0913 207.8022 1.4698 1.5559 3.4173 -8.3177 1.9843 42.8216 -5.3200 -4.8930
Car -1 -1 -4.6438 652.6801 177.2977 685.1921 206.4577 1.5673 1.5998 4.0152 3.3972 1.8357 41.5270 -4.5633 -4.9506
Car -1 -1 -6.1526 764.2645 153.8786 833.6002 179.0264 1.5202 1.6488 4.0178 11.7840 0.3728 45.1334 -5.8989 -4.9920
Car -1 -1 -4.5210 532.7894 179.8844 574.0869 207.0365 1.5842 1.7928 4.4237 -3.5480 2.0505 45.5875 -4.5987 -5.3169
Car -1 -1 -7.9753 713.8633 159.8558 739.4880 178.4154 1.6491 1.8845 3.5814 10.6081 0.4939 65.9377 -7.8166 -5.3358
Car -1 -1 -7.9539 716.8801 178.3632 768.1921 219.9486 1.4830 1.5823 3.7053 5.0568 1.7122 28.1436 -7.7785 -5.4157
Car -1 -1 -8.0353 750.0369 155.7075 778.1077 178.8127 2.0489 1.8095 4.0049 14.0340 0.5281 66.0095 -7.8269 -5.5352
Car -1 -1 -6.7596 672.0775 180.6129 736.1113 205.5474 1.4733 1.4965 3.6641 5.8029 1.9690 44.7911 -6.6321 -5.5490
Car -1 -1 -4.8839 640.3067 178.1452 671.7480 202.5548 1.6395 1.6196 3.6365 3.1966 2.0285 51.1820 -4.8224 -5.5824
Car -1 -1 -4.9890 563.0240 180.0515 610.1950 209.3068 1.5784 1.6833 4.1397 -1.4621 2.0218 42.2538 -5.0240 -5.7199
Car -1 -1 -5.1439 665.6894 176.9850 721.5509 203.5374 1.4471 1.6546 4.1421 4.7932 1.7014 42.2428 -5.0322 -5.7435
Car -1 -1 -8.1016 747.7286 176.4327 829.5069 225.1901 1.3643 1.5577 3.7237 5.3763 1.4840 22.3374 -7.8690 -5.7446
Car -1 -1 -4.4058 572.0783 178.2441 603.5591 195.5636 1.4333 1.6254 4.0051 -1.9291 1.9211 63.1969 -4.4366 -5.8867
Car -1 -1 -7.1471 51.9835 0.0000 1241.0000 374.0000 1.5430 1.5891 3.8047 -1.2979 1.6155 1.0057 -7.9393 -5.8867
Car -1 -1 -3.5046 0.0000 197.1362 0.0000 374.0000 1.5119 1.6080 3.9602 -7.0814 1.6638 2.5301 -4.6974 -5.8867
Car -1 -1 -6.7853 0.0000 0.0000 1241.0000 374.0000 1.5540 1.5912 3.8069 -2.9051 1.6752 1.0041 -7.9391 -5.8867
Car -1 -1 -5.1085 765.7115 174.3266 835.2847 209.6720 1.4401 1.5925 3.7591 8.1992 1.5082 31.5367 -4.8569 -5.9381
Car -1 -1 -5.3221 436.5710 184.0346 488.8520 206.0520 1.4069 1.6231 3.8688 -10.2602 2.2107 49.9758 -5.5239 -6.0211
Car -1 -1 -5.1109 566.4520 177.2010 598.3710 193.4571 1.4619 1.5848 3.9897 -2.6598 1.8852 68.1760 -5.1501 -6.0907
Car -1 -1 -5.1885 1147.0231 77.6855 1241.0000 374.0000 1.9066 1.6201 4.0930 6.8433 1.2960 6.8197 -4.4230 -6.1202
Car -1 -1 -4.9927 805.2922 169.3202 919.5233 233.7501 1.4421 1.6304 3.9436 6.1405 1.3627 18.1525 -4.6720 -6.2568
Car -1 -1 -8.0322 585.9662 170.7418 613.0460 191.1831 1.9473 1.8441 4.8073 -1.0961 1.7457 71.2708 -8.0478 -6.3053
Car -1 -1 -7.4396 1241.0000 0.0000 1241.0000 374.0000 1.7122 1.6887 3.8192 4.8620 1.2853 2.3551 -6.3676 -6.4250
Car -1 -1 -4.5786 570.6102 175.0704 593.4496 190.3874 1.4629 1.7460 4.0250 -2.7637 1.6889 71.6023 -4.6174 -6.5754
Car -1 -1 -4.9785 575.8766 178.7134 615.1780 201.1237 1.5743 1.7889 4.6834 -1.1761 2.0368 54.4927 -5.0004 -6.6123
Car -1 -1 -5.2134 689.6815 174.9766 760.5161 203.5458 1.3900 1.7566 4.3913 5.9073 1.5079 37.8199 -5.0600 -7.0115
Car -1 -1 -6.8614 689.7047 171.8742 769.2915 202.5760 1.6530 1.7600 4.1145 6.6691 1.6000 40.4854 -6.6997 -7.9142
