Car -1 -1 -7.7920 550.8482 177.9280 580.9402 205.7662 1.6402 1.6364 4.1455 -2.7630 1.9734 45.3428 -7.8530 4.0041
Car -1 -1 -7.9144 665.1015 177.9388 716.6345 222.9902 1.4905 1.6030 4.0983 2.8413 1.6912 26.4256 -7.8092 3.9765
Car -1 -1 -7.9572 650.3744 177.9244 689.8012 208.4742 1.4861 1.6268 4.1554 3.0604 1.7669 37.8927 -7.8778 2.9082
Car -1 -1 -4.6726 640.5441 175.9553 663.3125 197.2691 1.5262 1.5693 3.4554 3.1338 1.7657 53.9850 -4.6154 -0.1280
Car -1 -1 -5.0635 654.8894 176.4391 723.7764 215.1840 1.5627 1.6779 4.1081 3.3579 1.7308 31.7049 -4.9595 -1.9258
Car -1 -1 -4.7456 630.0173 174.8626 649.8384 192.1902 1.4886 1.6364 3.6327 2.6161 1.6721 64.2296 -4.7054 -2.0710
Car -1 -1 -7.6639 692.4666 169.1933 766.8929 229.6436 1.7742 1.6970 3.7223 3.8778 1.6664 23.2163 -7.5012 -2.5380
Car -1 -1 -8.1499 444.4168 181.8146 493.1749 212.9944 1.5088 1.5835 3.4018 -7.4874 2.0020 37.8657 -8.3443 -3.0384
Car -1 -1 -4.4007 644.1582 178.6283 693.7365 206.5728 1.4883 1.6396 4.2208 3.4203 1.8393 41.6279 -4.3198 -3.5077
Car -1 -1 -4.1590 522.8871 178.2760 571.7244 202.0171 1.6300 1.6236 4.1434 -4.5644 2.0428 52.7649 -4.2454 -3.9802
Car -1 -1 -8.5331 596.3216 178.5411 658.5797 206.6381 1.4660 1.6557 3.4733 0.8994 1.7981 40.2892 -8.5115 -4.4285
Car -1 -1 -8.2400 535.7271 175.2232 568.3542 194.3829 1.7312 1.7235 3.8695 -5.5001 1.9606 67.8353 -8.3210 -4.4336
Car -1 -1 -7.4329 700.1204 178.8389 769.5400 214.1545 1.4529 1.5856 4.0148 5.6408 1.7398 32.5083 -7.2632 -4.6086
Car -1 -1 -4.4707 571.2610 176.9825 607.5526 202.1447 1.6830 1.6580 4.0189 -1.4444 1.9873 51.1013 -4.4993 -4.7739
Car -1 -1 -6.4208 772.6891 150.7404 857.9065 187.7314 1.7028 1.6630 3.6944 9.6508 0.6845 34.2858 -6.1488 -4.8544
Car -1 -1 -2.7031 91.6222 192.4079 277.8211 259.2312 1.5326 1.5826 3.6919 -10.5663 2.0470 18.0473 -3.2267 -5.0152
Car -1 -1 -4.9896 649.1917 177.5737 683.8820 198.6862 1.3927 1.5618 3.2630 3.8621 1.7318 50.1343 -4.9136 -5.1090
Car -1 -1 -8.2183 629.6583 165.1140 659.8422 181.7132 1.5816 1.7448 3.7111 3.3589 0.8438 70.7832 -8.1713 -5.1846
Car -1 -1 -4.8812 545.7310 176.7142 574.4141 195.2573 1.4198 1.6064 4.3419 -4.1127 1.7448 58.5026 -4.9514 -5.4441
Car -1 -1 -4.9777 589.3480 178.0279 625.3737 199.5557 1.4871 1.6706 3.9058 -0.2649 1.8817 52.9604 -4.9831 -5.5497
Car -1 -1 -4.8780 565.4388 179.0381 595.9070 200.4027 1.5133 1.6548 3.9906 -2.2801 1.9979 54.4597 -4.9201 -5.5957
Car -1 -1 -5.1662 577.1371 177.0603 625.2225 202.0039 1.5148 1.5993 3.7816 -0.6471 1.7979 46.5579 -5.1805 -5.7278
Car -1 -1 -4.6223 599.1250 176.6283 621.9243 194.9272 1.4795 1.5865 3.9837 0.0500 1.8103 61.2405 -4.6218 -5.8056
Car -1 -1 -4.8382 545.7880 178.5367 575.6334 200.2525 1.3964 1.5447 4.0568 -3.4620 1.8040 49.6567 -4.9078 -5.8371
Car -1 -1 -3.6010 0.0000 201.7067 0.0000 374.0000 1.5321 1.6147 3.9681 -5.4734 1.7128 2.5294 -4.6974 -5.8867
Car -1 -1 -7.1460 51.6954 0.0000 1241.0000 374.0000 1.5573 1.5922 3.8076 -1.2971 1.6705 1.0030 -7.9390 -5.8867
Car -1 -1 -6.8227 0.0000 0.0000 1241.0000 374.0000 1.5095 1.6024 3.8495 -2.8903 1.6252 1.3712 -7.8744 -5.8867
Car -1 -1 -4.9389 606.6690 178.2272 644.1973 203.3222 1.4963 1.5863 3.6864 0.9035 1.8520 45.8325 -4.9199 -5.9303
Car -1 -1 -2.8642 658.0381 179.6815 731.3672 208.8607 1.6670 1.7973 4.0634 5.0832 2.0943 43.5809 -2.7494 -6.1602
Car -1 -1 -4.7703 508.1396 178.3001 532.7825 202.5459 1.6695 1.5510 4.0486 -6.6103 2.0836 52.7723 -4.8947 -6.1900
Car -1 -1 -4.6121 623.0181 175.3167 651.7247 198.5139 1.4735 1.5354 3.9860 1.8389 1.6454 48.3549 -4.5747 -6.3257
