Car -1 -1 -8.0163 697.6102 178.5125 822.3509 273.6911 1.4992 1.5746 4.2616 2.6224 1.6238 13.7677 -7.8331 6.3178
Car -1 -1 -8.0086 680.9083 178.9492 763.4592 240.4640 1.4536 1.5753 3.8348 2.8503 1.6331 19.3583 -7.8654 5.5672
Car -1 -1 -7.9957 660.9153 176.7128 724.6071 224.4767 1.5045 1.6032 4.1787 2.7510 1.6502 25.1849 -7.8889 5.3825
Car -1 -1 -7.7475 518.2758 176.4580 564.7939 215.1073 1.6101 1.6642 4.0209 -3.0576 1.7820 32.4566 -7.8412 5.0970
Car -1 -1 -7.9299 645.3215 177.3022 677.0562 204.9252 1.4963 1.5460 3.4595 2.8609 1.7618 41.3800 -7.8619 2.3113
Car -1 -1 -7.8998 629.4077 175.9228 655.4568 199.1934 1.5927 1.6781 4.0958 2.2689 1.8222 51.9766 -7.8569 0.3678
Car -1 -1 -7.7398 509.1653 177.3594 535.1370 197.9707 1.6374 1.6964 4.1290 -7.3293 2.0265 60.2960 -7.8607 -0.1027
Car -1 -1 -6.6006 648.0269 175.0557 732.4827 209.8594 1.5543 1.6065 3.5756 3.6633 1.6598 33.5274 -6.4933 -2.8427
Car -1 -1 -5.0113 744.9743 183.1830 805.5839 219.9411 1.4837 1.5590 3.8179 7.2547 1.9724 32.1941 -4.7923 -2.9171
Car -1 -1 -6.4103 674.0951 163.5532 724.6701 181.3622 1.5630 1.7009 4.2810 7.8989 0.7464 64.1863 -6.2886 -3.2076
Car -1 -1 -4.4259 612.2973 178.1140 678.5620 222.9312 1.5013 1.5417 3.3630 1.3138 1.7072 26.4446 -4.3775 -3.5122
Car -1 -1 -7.3551 641.9680 176.1655 689.0685 199.2104 1.5614 1.7258 3.8552 3.9751 1.8073 51.5731 -7.2790 -3.9853
Car -1 -1 -5.8549 653.4092 174.0309 763.0861 214.0844 1.6494 1.7103 4.4717 4.2435 1.7040 31.7362 -5.7238 -4.0422
Car -1 -1 -7.8862 561.5940 176.9702 600.7563 213.5708 1.5390 1.6384 4.2286 -1.4158 1.7393 32.9980 -7.9293 -4.2928
Car -1 -1 -4.9915 653.0555 175.9623 718.4841 217.2102 1.5810 1.6875 3.8622 3.0288 1.7188 30.0154 -4.8926 -4.2993
Car -1 -1 -6.4941 723.9810 156.6218 805.6091 184.1798 1.5894 1.7497 4.4288 9.0317 0.6529 42.4965 -6.2863 -4.4083
Car -1 -1 -4.7516 631.3022 175.8842 657.6027 200.7871 1.5853 1.6064 3.5089 2.2329 1.7945 48.1210 -4.7060 -4.4993
Car -1 -1 -4.7824 534.6098 176.5915 560.6104 200.0430 1.6542 1.6697 3.4804 -4.6699 1.9397 53.3336 -4.8698 -4.7737
Car -1 -1 -7.7413 525.5252 170.6982 556.0112 195.4927 1.9891 2.0302 4.5809 -5.7529 1.8159 60.1928 -7.8365 -4.7828
Car -1 -1 -4.4090 538.6923 179.4270 577.4475 202.2148 1.4659 1.5596 3.9385 -3.5635 1.9376 49.7195 -4.4806 -4.8033
Car -1 -1 -4.6353 600.3771 177.0584 625.3474 197.5158 1.4244 1.5496 3.8020 0.2122 1.7444 53.0024 -4.6317 -4.9628
Car -1 -1 -4.6048 513.8525 174.3198 547.9672 200.7822 1.7612 1.8836 4.7313 -5.5273 1.8686 50.6513 -4.7134 -5.1184
Car -1 -1 -8.0016 681.4471 173.5337 718.8906 199.9637 1.6184 1.7387 4.5041 5.7287 1.6641 46.5742 -7.8804 -5.2642
Car -1 -1 -6.4367 719.2650 172.7114 794.6027 203.1604 1.6609 1.5889 3.9151 8.1105 1.6529 40.2373 -6.2397 -5.3760
Car -1 -1 -8.1734 753.6757 110.8338 1102.1842 372.7068 2.0951 1.9012 4.7882 2.9660 1.5986 8.1813 -7.8383 -5.4763
Car -1 -1 -4.8082 532.3538 179.4737 569.4620 209.0837 1.5732 1.7005 4.5905 -3.5161 1.9788 41.8247 -4.8921 -5.4898
Car -1 -1 -5.1972 560.4546 177.3155 602.8557 200.2806 1.5278 1.4768 3.5678 -2.0557 1.8526 50.6585 -5.2380 -5.5436
Car -1 -1 -6.7764 965.7150 112.4878 1133.7551 166.4238 1.3866 1.7251 3.5238 11.8522 -0.1843 19.7088 -6.2410 -5.7249
Car -1 -1 -4.6834 580.3332 178.6973 606.1806 201.5248 1.3632 1.5399 4.0343 -1.0687 1.7530 46.1452 -4.7069 -5.8075
Car -1 -1 -5.2226 572.2807 178.9420 628.7673 208.2105 1.4852 1.5218 3.5712 -0.6003 1.8331 39.3406 -5.2383 -5.8287
Car -1 -1 -5.0890 736.2344 176.0954 839.5081 231.1676 1.4320 1.5656 3.8880 5.0077 1.5354 21.0391 -4.8592 -5.8313
Car -1 -1 -8.6329 1028.5494 56.0208 1241.0000 374.0000 1.5593 1.6682 4.0516 3.5264 1.4283 2.8782 -7.7957 -5.8452
Car -1 -1 -4.9260 600.8200 177.0263 637.2267 200.5817 1.4298 1.5105 4.1081 0.5038 1.7122 46.7268 -4.9157 -5.8621
Car -1 -1 -6.9165 0.0000 0.0000 1241.0000 374.0000 1.5480 1.5902 3.8047 -2.1016 1.6461 1.0034 -7.9391 -5.8867
Car -1 -1 -7.5642 152.4267 0.0000 1241.0000 374.0000 1.5427 1.5889 3.8034 -0.4939 1.6100 1.0039 -7.9392 -5.8867
Car -1 -1 -4.7170 562.5132 178.5428 587.3331 201.2449 1.3687 1.5312 4.0042 -2.3095 1.7516 46.5634 -4.7668 -6.0649
Car -1 -1 -4.2586 675.8176 179.8558 740.1882 210.9984 1.4695 1.6735 4.0780 5.0653 1.8509 37.1785 -4.1248 -6.1550
Car -1 -1 -8.9584 1241.0000 0.0000 1241.0000 374.0000 1.5293 1.6990 4.2739 5.5127 1.3396 2.8460 -7.9055 -6.2317
Car -1 -1 -4.7356 790.5807 173.2697 861.9473 239.1222 1.3877 1.4611 3.6975 5.0259 1.3984 17.2029 -4.4566 -6.4243
Car -1 -1 -6.5733 718.8827 175.1294 767.2435 196.1089 1.4475 1.6140 3.0212 9.3458 1.6110 50.9616 -6.3933 -7.6762
