Car -1 -1 -2.4591 0.0000 167.8317 253.2751 374.0000 1.8170 1.6511 3.7848 -5.8048 1.7740 6.9734 -3.1349 5.6189
Car -1 -1 -7.7260 586.8883 173.4876 618.6450 198.0763 1.7846 1.8295 4.7584 -0.5300 1.8347 54.9651 -7.7360 5.0110
Car -1 -1 -4.5847 545.5290 177.5780 580.2943 205.7048 1.6111 1.6437 3.8015 -2.8580 1.9112 43.9335 -4.6498 4.9495
Car -1 -1 -4.8733 689.9948 166.2552 762.6004 226.5744 1.7176 1.5866 3.9831 3.4858 1.5294 22.5459 -4.7225 4.2138
Car -1 -1 -7.9232 667.4185 171.3844 704.5773 205.3027 1.6984 1.6570 4.1604 3.9343 1.6245 38.2359 -7.8220 3.7002
Car -1 -1 -7.4703 659.6930 174.5190 702.3293 197.4613 1.5521 1.6409 4.0022 5.0571 1.6751 51.2791 -7.3730 -3.2324
Car -1 -1 -4.9960 537.3303 177.1839 578.8278 199.5579 1.5959 1.8981 4.7334 -4.0408 1.9410 55.0032 -5.0694 -3.3707
Car -1 -1 -5.0242 545.5944 175.5006 590.2664 201.7847 1.6308 1.6914 4.3024 -2.8578 1.8134 47.5456 -5.0844 -3.6387
Car -1 -1 -5.3690 569.1559 177.4602 628.7594 203.1145 1.4958 1.6211 3.9567 -0.7642 1.7949 44.8574 -5.3864 -3.8180
Car -1 -1 -7.7190 568.4100 177.0541 596.7690 198.3074 1.5262 1.6201 4.0669 -2.0703 1.8568 54.7463 -7.7570 -3.8920
Car -1 -1 -7.9917 641.4980 174.2576 671.9758 196.7449 1.5328 1.6150 4.0978 3.2664 1.6368 51.5474 -7.9291 -3.9641
Car -1 -1 -8.0719 718.0626 162.1781 836.9361 256.5753 1.7543 1.6388 3.6404 3.3345 1.5556 15.2356 -7.8614 -4.0380
Car -1 -1 -8.2305 724.9639 174.6103 840.2102 237.3700 1.4836 1.6229 3.9001 4.4040 1.5351 19.2242 -8.0093 -4.0529
Car -1 -1 -4.8600 608.1016 178.9556 634.8388 197.9852 1.4669 1.6019 4.0583 0.8781 1.9842 59.0950 -4.8456 -4.0920
Car -1 -1 -6.7882 652.2453 176.5378 714.6901 202.1507 1.5534 1.6325 3.5879 4.6107 1.7935 45.6376 -6.6887 -4.1238
Car -1 -1 -5.1047 595.2789 175.8473 636.7687 198.6462 1.5226 1.6298 3.6714 0.3522 1.7411 50.7225 -5.0982 -4.2377
Car -1 -1 -2.8882 488.1660 176.2127 546.2811 198.4660 1.5185 1.5877 3.7624 -6.5112 1.7584 50.5685 -3.0160 -4.3686
Car -1 -1 -7.4201 621.8412 177.3627 676.5281 206.8669 1.4818 1.5513 3.6474 2.1168 1.7364 38.8153 -7.3665 -4.3936
Car -1 -1 -4.6579 631.5752 176.3647 659.4792 201.1075 1.4456 1.5298 3.6834 2.1955 1.6717 44.6092 -4.6095 -4.8007
Car -1 -1 -4.7776 669.4323 175.5971 701.3821 200.9973 1.4167 1.6014 4.1852 4.3922 1.5872 42.8204 -4.6765 -5.0824
Car -1 -1 -4.5381 96.1891 186.0495 262.3474 288.2525 1.5060 1.8602 4.6735 -7.9994 1.8040 13.7948 -5.0556 -5.0964
Car -1 -1 -4.4844 700.6823 173.7986 754.3114 205.7152 1.4404 1.6331 4.3603 5.7267 1.4890 35.0277 -4.3242 -5.2045
Car -1 -1 -4.9265 578.1261 176.3971 610.9678 200.7366 1.6107 1.5398 3.6506 -1.1444 1.8669 50.2732 -4.9496 -5.2354
Car -1 -1 -8.1575 690.7916 170.7123 724.0143 187.7590 1.6323 1.9218 4.7632 9.5969 1.4269 71.6005 -8.0251 -5.2932
Car -1 -1 -3.4234 321.7830 178.9626 494.8771 249.1128 1.5249 1.5437 3.7936 -4.9367 1.6878 17.6233 -3.6933 -5.3489
Car -1 -1 -3.8393 0.0000 232.2210 0.0000 374.0000 1.4192 1.4726 3.5695 -5.8476 1.8314 3.1306 -4.8821 -5.4220
Car -1 -1 -4.8639 641.3226 176.0389 669.6062 194.4744 1.3992 1.6285 4.2238 3.5684 1.6631 57.6907 -4.8028 -5.5368
Car -1 -1 -7.2312 798.9538 183.6301 1067.1503 306.6591 1.4016 1.5101 3.8372 4.5452 1.5770 10.1376 -6.8214 -5.5835
Car -1 -1 -4.6968 625.5696 174.9119 647.8535 196.0423 1.4394 1.5314 4.2829 1.9155 1.5930 51.7550 -4.6605 -5.6182
Car -1 -1 -4.7462 611.2822 177.9400 639.3625 202.6138 1.4243 1.5868 3.8558 0.8703 1.7506 44.3905 -4.7272 -5.6215
Car -1 -1 -6.7853 0.0000 0.0000 1241.0000 374.0000 1.5492 1.5882 3.8046 -2.9047 1.6629 1.0046 -7.9390 -5.8867
Car -1 -1 -3.7071 0.0000 187.1390 66.4779 374.0000 1.5029 1.6075 3.9617 -4.2768 1.5920 2.5243 -4.6977 -5.8867
Car -1 -1 -4.9397 728.4890 172.5905 798.4882 215.5623 1.4263 1.5894 3.9119 5.3745 1.4172 25.9240 -4.7381 -5.8867
Car -1 -1 -3.5044 0.0000 202.1472 0.0000 374.0000 1.5237 1.6110 3.9637 -7.0809 1.7070 2.5290 -4.6972 -5.8867
Car -1 -1 -7.1475 53.0448 0.0000 1241.0000 374.0000 1.5435 1.5853 3.8031 -1.2964 1.6275 1.0063 -7.9390 -5.8867
Car -1 -1 -4.5200 585.2836 175.4503 611.4109 192.1338 1.5026 1.6713 4.3033 -1.0824 1.7550 67.9561 -4.5363 -5.8977
Car -1 -1 -4.6181 541.1172 175.5255 564.8858 193.8468 1.4309 1.5728 3.9378 -4.6476 1.6560 58.9097 -4.6968 -5.9520
Car -1 -1 -5.2965 653.9445 179.7964 704.4192 202.5972 1.4228 1.5432 3.7466 4.5502 1.9063 48.2671 -5.2036 -5.9546
Car -1 -1 -4.6317 615.7996 176.9022 635.2812 193.5470 1.5088 1.5596 3.5911 1.4710 1.9015 68.1799 -4.6106 -6.0729
Car -1 -1 -4.9275 710.2747 176.6331 755.4661 203.5451 1.3638 1.5855 3.9935 6.5710 1.5793 39.1710 -4.7630 -6.2936
Car -1 -1 -4.3066 0.0000 185.9928 42.6744 321.7874 1.4354 1.6774 3.8302 -9.7821 1.6573 10.1173 -5.0620 -6.4712
Car -1 -1 -7.4713 537.5472 177.5272 581.0433 199.7767 1.4815 1.5523 4.4184 -3.5845 1.8291 51.3695 -7.5410 -6.6394
Car -1 -1 -4.2533 0.0000 183.2475 164.2456 277.5610 1.3978 1.7169 3.8530 -9.9715 1.6170 13.1935 -4.8910 -7.0658
