Car -1 -1 -8.2016 751.9464 181.0711 1041.7729 364.8871 1.4816 1.6032 3.6580 2.6942 1.5916 7.8328 -7.8831 7.1267
Car -1 -1 -8.0588 692.4348 177.3177 825.4479 272.3949 1.5061 1.5760 4.1908 2.5913 1.6039 13.7413 -7.8773 6.8441
Car -1 -1 -7.6992 456.0127 178.7607 535.3846 240.9661 1.6154 1.6810 4.0502 -3.2881 1.8048 21.1484 -7.8523 6.6497
Car -1 -1 -7.9663 650.0191 178.2230 697.0962 216.3446 1.4665 1.5532 3.4768 2.5439 1.7026 30.0123 -7.8832 6.1948
Car -1 -1 -8.5556 904.2808 181.8263 1241.0000 374.0000 1.5012 1.7067 3.8652 2.5674 1.5568 2.5421 -7.8220 5.2991
Car -1 -1 -7.9882 670.5045 178.2792 744.8163 232.8231 1.4693 1.6434 4.3325 2.8236 1.6511 22.0428 -7.8632 5.0430
Car -1 -1 -4.5981 495.4282 182.4352 545.2693 219.7884 1.4401 1.6429 4.3763 -3.8364 1.8825 31.1390 -4.7203 3.8152
Car -1 -1 -7.8527 635.3885 178.5867 665.8177 206.9754 1.4843 1.6268 4.2022 2.2514 1.8247 40.7340 -7.7984 2.2124
Car -1 -1 -3.0509 486.3436 174.8132 542.0068 203.6045 1.8669 1.6765 3.5203 -6.3486 1.9989 47.8197 -3.1827 -0.4557
Car -1 -1 -8.1017 716.6467 178.6468 766.6185 210.7898 1.4781 1.5474 3.7587 6.4290 1.7808 35.8065 -7.9261 -1.6950
Car -1 -1 -7.8197 667.7928 165.3594 687.6202 183.0441 1.5725 1.6820 3.9492 6.2181 0.9058 66.2251 -7.7267 -1.7970
Car -1 -1 -4.4303 604.3575 177.5938 652.5181 205.7673 1.5087 1.6884 4.1645 1.0848 1.7966 41.6330 -4.4050 -2.6275
Car -1 -1 -6.4946 684.9824 164.0366 745.2969 186.2263 1.6019 1.7182 4.1198 7.6758 0.9650 53.0856 -6.3520 -3.0694
Car -1 -1 -8.4296 1004.9434 184.9017 1198.2932 264.4243 1.3457 1.4962 3.4945 9.5837 1.6164 14.4874 -7.8551 -3.3883
Car -1 -1 -3.5158 760.8244 170.6676 880.0394 212.1057 1.6104 1.7004 4.2894 8.3881 1.5251 29.0946 -3.2383 -3.5996
Car -1 -1 -8.3025 819.9379 192.5397 988.5469 282.3906 1.4334 1.5343 3.8076 5.5775 1.8777 14.3329 -7.9393 -4.0829
Car -1 -1 -4.6191 614.4630 175.8646 643.1295 200.9691 1.6456 1.6411 3.6898 1.2970 1.8607 49.6890 -4.5936 -4.1346
Car -1 -1 -4.6118 965.3445 188.2258 1044.7407 249.1003 1.3537 1.5021 3.4768 10.3238 1.7946 18.8463 -4.1180 -4.1474
Car -1 -1 -2.9547 475.5255 176.6742 540.5462 206.1960 1.8503 1.7044 3.8926 -6.5578 2.1007 46.4087 -3.0947 -4.3389
Car -1 -1 -7.6439 422.6921 184.2175 466.9554 216.5761 1.6430 1.6590 3.5979 -9.0745 2.2967 39.7168 -7.8676 -4.5312
Car -1 -1 -5.2093 607.9219 176.7849 647.8162 198.0166 1.6844 1.5541 4.1043 1.4256 2.0241 60.2303 -5.1862 -4.6832
Car -1 -1 -5.3627 663.3799 179.8157 739.5261 213.7157 1.4532 1.5657 3.7647 4.1751 1.7983 33.7804 -5.2414 -4.7483
Car -1 -1 -4.5472 462.7499 181.5587 534.0569 226.4891 1.4776 1.8547 4.9311 -4.1266 1.8350 27.1694 -4.6971 -4.8927
Car -1 -1 -6.5940 808.3939 164.0254 890.9903 195.7020 1.5566 1.6041 3.6198 11.9613 1.1224 36.2670 -6.2782 -4.9772
Car -1 -1 -4.5497 546.0474 183.6955 569.0259 200.7146 1.4626 1.5361 3.6580 -4.8151 2.4870 66.3083 -4.6223 -4.9920
Car -1 -1 -4.5188 538.7834 179.2907 572.4437 202.2551 1.5367 1.6119 4.3023 -3.8849 2.0182 51.7666 -4.5937 -5.3291
Car -1 -1 -4.6094 504.4198 180.0517 541.4946 212.2128 1.6325 1.6042 4.1515 -4.7673 2.0485 39.6485 -4.7288 -5.5553
Car -1 -1 -5.0175 554.4100 179.1635 591.6514 199.9566 1.5015 1.6615 4.2732 -2.9306 2.0091 55.7877 -5.0701 -5.5724
Car -1 -1 -4.5819 465.8006 181.2893 507.0578 209.1438 1.3718 1.6384 4.4550 -6.6799 1.8556 39.1578 -4.7502 -5.6508
Car -1 -1 -5.1964 556.9496 179.5839 596.0215 200.9905 1.4830 1.4633 3.3626 -2.5186 1.9936 52.9524 -5.2441 -5.6515
Car -1 -1 -4.6467 585.6557 177.8954 608.2245 196.0977 1.4678 1.6554 4.1777 -1.1055 1.9120 61.4868 -4.6650 -5.7236
Car -1 -1 -5.2081 546.1536 178.8559 597.2260 203.9132 1.5745 1.6677 4.1213 -2.6587 1.9966 48.5826 -5.2629 -5.7918
Car -1 -1 -4.1830 484.9135 179.5211 545.9401 207.0106 1.4989 1.6840 4.2125 -5.5660 1.9142 42.7099 -4.3123 -5.8681
Car -1 -1 -4.6394 556.4771 179.1762 579.2983 197.8337 1.4462 1.5906 3.9377 -3.4532 1.9824 59.2507 -4.6978 -5.8867
Car -1 -1 -6.7244 0.0000 0.0000 1241.0000 374.0000 1.5058 1.6019 3.8486 -3.6945 1.6195 1.3714 -7.8744 -5.8867
Car -1 -1 -3.5414 0.0000 200.6023 0.0000 374.0000 1.5260 1.6157 3.9665 -5.4754 1.6843 2.1269 -4.6977 -5.8867
Car -1 -1 -4.7138 571.7355 180.4335 590.1262 197.9490 1.4928 1.6120 4.0166 -2.6581 2.1998 65.2999 -4.7548 -5.8867
Car -1 -1 -4.4568 518.9752 178.5819 556.2476 203.3423 1.7446 1.7401 4.3599 -5.4133 2.1926 54.1871 -4.5563 -6.0073
Car -1 -1 -4.2862 685.5445 174.8768 743.7250 201.3814 1.5087 1.7158 4.7045 6.3904 1.6383 43.8882 -4.1431 -6.0143
Car -1 -1 -4.3325 448.7711 184.6725 508.4951 211.4265 1.3697 1.7422 4.7771 -7.5348 2.0932 41.6758 -4.5107 -6.2232
Car -1 -1 -5.3605 1109.8839 117.6547 1241.0000 374.0000 1.5587 1.6567 4.1328 5.0036 1.3851 4.4400 -4.5482 -7.3496
