Car -1 -1 -8.3474 813.7875 181.1040 1241.0000 374.0000 1.5091 1.6210 3.8469 2.7293 1.5878 4.9722 -7.8713 7.1346
Car -1 -1 -8.0961 711.2456 179.3799 895.1409 305.5170 1.4767 1.5407 4.3248 2.5748 1.5942 10.8470 -7.8702 6.9867
Car -1 -1 -7.6921 429.1436 179.4132 522.8411 254.1728 1.6356 1.6641 4.1118 -3.3002 1.8197 18.2178 -7.8696 6.9270
Car -1 -1 -8.0092 679.9407 178.5902 767.3036 242.1433 1.4530 1.5920 4.1895 2.8120 1.6204 18.9801 -7.8651 6.1587
Car -1 -1 -7.9489 654.6641 178.5933 706.4226 220.9285 1.4601 1.5881 3.5381 2.5442 1.6898 27.1372 -7.8571 4.8455
Car -1 -1 -4.6008 483.2998 183.3692 538.9656 226.0497 1.4640 1.6487 4.5777 -3.8190 1.9081 28.1925 -4.7348 3.5244
Car -1 -1 -7.8389 636.7375 178.0137 669.6918 209.2751 1.5133 1.6280 4.2521 2.2531 1.7991 37.8276 -7.7804 2.4914
Car -1 -1 -3.0020 472.5857 175.9268 536.2051 203.3430 1.6636 1.6700 3.7141 -6.5568 1.8577 44.8157 -3.1469 -0.7328
Car -1 -1 -8.0816 733.7097 177.6966 793.7934 216.1475 1.5289 1.6349 4.1228 6.5404 1.7526 31.2943 -7.8780 -1.5910
Car -1 -1 -3.5052 826.4568 170.8223 943.0385 214.6145 1.5425 1.5668 3.6365 9.8729 1.4707 26.2125 -3.1492 -1.7109
Car -1 -1 -8.4445 1049.6039 201.3321 1241.0000 374.0000 1.4488 1.5819 3.8265 6.7242 1.8469 8.1211 -7.7717 -2.9173
Car -1 -1 -8.2109 935.8493 205.9557 1132.9216 315.8992 1.3549 1.5277 3.7384 6.7537 1.9964 12.0306 -7.7109 -3.7632
Car -1 -1 -5.9053 304.5266 186.7100 418.3892 228.1174 1.4564 1.6117 3.6745 -9.2460 1.9894 26.8729 -6.2341 -3.9443
Car -1 -1 -6.7220 881.0775 158.6154 975.1569 195.1782 1.6504 1.6522 3.6322 14.6545 1.0074 33.4476 -6.3125 -3.9869
Car -1 -1 -3.3410 817.6606 157.7435 905.6838 195.9127 1.7174 1.6224 3.6029 11.5807 1.0372 33.5028 -3.0112 -4.0975
Car -1 -1 -7.8854 502.1343 181.2163 536.5599 213.4062 1.5304 1.6409 3.8269 -4.7768 1.9867 37.3726 -8.0122 -4.1350
Car -1 -1 -8.4234 726.2108 175.7994 883.1566 255.4798 1.4391 1.5515 3.3524 3.8492 1.5075 15.0033 -8.1778 -4.3201
Car -1 -1 -4.4482 516.1575 176.7263 557.3337 201.7922 1.5411 1.6509 4.1669 -4.7734 1.8060 47.2283 -4.5488 -4.3412
Car -1 -1 -9.2476 0.0000 0.0000 1241.0000 374.0000 1.4392 1.4308 3.2652 2.6627 1.4223 0.3333 -7.9073 -4.5161
Car -1 -1 -4.4067 463.5547 182.0594 523.6337 214.9260 1.4265 1.6859 4.1215 -5.5580 1.8964 34.6911 -4.5649 -4.5246
Car -1 -1 -5.2398 608.8603 176.9886 648.6965 197.2695 1.6562 1.5850 4.0620 1.5498 2.0234 61.9663 -5.2154 -4.5871
Car -1 -1 -4.6866 601.3918 178.1164 621.2296 197.4034 1.5509 1.5824 3.9782 0.1132 2.0110 61.1259 -4.6852 -4.7533
Car -1 -1 -4.9954 838.2890 175.1761 939.4542 237.1477 1.4893 1.5401 3.6012 7.2910 1.5572 19.3305 -4.6404 -4.7752
Car -1 -1 -7.9452 707.8070 177.7314 756.2534 217.0128 1.5519 1.6596 4.2727 5.1667 1.7776 31.2392 -7.7834 -4.8116
Car -1 -1 -8.9681 0.0000 0.0000 1241.0000 374.0000 1.4438 1.5534 3.6527 4.0271 1.3882 0.9532 -7.6973 -4.9169
Car -1 -1 -8.8676 0.0000 0.0000 1241.0000 374.0000 1.4587 1.4419 3.1864 1.4286 1.4370 0.4751 -7.7914 -5.2815
Car -1 -1 -4.2954 509.3817 178.5433 554.3396 202.5432 1.6950 1.7203 4.4485 -5.8699 2.1430 54.4694 -4.4027 -5.3420
Car -1 -1 -8.1399 659.6331 168.1144 690.4490 190.3503 1.7630 1.6858 3.1280 5.2545 1.3869 58.9056 -8.0517 -5.3478
Car -1 -1 -4.3080 447.5850 181.7289 510.1068 215.3320 1.5501 1.7564 3.7766 -6.5849 2.0226 36.3986 -4.4862 -5.3579
Car -1 -1 -4.8992 694.0545 174.0998 732.0779 200.4786 1.5739 1.6719 3.7684 6.3669 1.6549 45.1551 -4.7605 -5.4626
Car -1 -1 -3.2909 896.1849 199.0787 1074.7141 261.3010 1.3447 1.5142 3.7476 9.1472 2.0453 17.9862 -2.8279 -5.4870
Car -1 -1 -4.6558 584.6608 177.9397 606.5029 195.4719 1.4256 1.6438 4.2597 -1.2330 1.8781 62.0805 -4.6759 -5.6142
Car -1 -1 -5.0256 539.7356 176.7145 574.4714 199.4764 1.6425 1.6124 3.5222 -4.0678 1.9450 54.6585 -5.1000 -5.6786
Car -1 -1 -5.0142 555.3212 179.7174 590.3115 200.1907 1.5196 1.6575 3.9645 -3.0100 2.0832 57.1407 -5.0670 -5.6963
Car -1 -1 -5.1149 543.8971 179.0906 590.1721 203.1893 1.5450 1.6802 4.1486 -3.0354 1.9931 49.6439 -5.1761 -5.7890
Car -1 -1 -3.4933 0.0000 205.0692 0.0000 374.0000 1.5322 1.6168 3.9681 -6.2791 1.7160 2.1267 -4.6977 -5.8867
Car -1 -1 -7.6045 55.9851 0.0000 1241.0000 374.0000 1.5339 1.5899 3.7962 -0.4996 1.5598 1.0066 -7.9823 -5.8867
Car -1 -1 -4.6409 557.9348 179.2712 580.0794 197.4483 1.4481 1.5904 3.9385 -3.4526 2.0067 60.8603 -4.6978 -5.8867
Car -1 -1 -9.2812 0.0000 0.0000 1241.0000 374.0000 1.4856 1.5763 3.7866 5.5219 1.3388 0.9969 -7.9396 -5.8867
Car -1 -1 -4.6598 571.6750 178.9034 593.4976 197.4726 1.4408 1.5891 3.9358 -2.2476 1.9539 59.2529 -4.6979 -5.8867
Car -1 -1 -8.1210 753.5026 186.9016 816.0959 227.1634 1.3444 1.4024 3.4262 6.4328 1.9045 27.0436 -7.8906 -6.0677
Car -1 -1 -5.0896 404.1480 183.3437 525.5464 246.4214 1.6760 2.0130 5.0177 -4.7451 2.0442 22.7018 -5.2940 -6.6733
Car -1 -1 -3.1306 633.5554 174.5993 675.3018 196.9458 1.9153 1.6770 3.5874 3.8571 2.0696 62.9577 -3.0701 -6.8642
