Car -1 -1 -8.0204 679.3227 185.4305 765.0049 245.3665 1.4486 1.6749 4.2590 3.0102 1.8429 20.4893 -7.8775 7.6489
Car -1 -1 -3.4577 492.5566 163.0356 573.3638 195.2370 1.7634 1.7223 4.2606 -4.4281 1.2254 41.1722 -3.5645 -2.6101
Car -1 -1 -3.6733 428.6092 162.3274 486.5945 185.7195 1.7357 1.8003 4.0094 -11.7345 0.9543 55.5544 -3.8807 -3.1596
Car -1 -1 -3.8324 1003.2864 189.2604 1241.0000 277.6822 1.4998 1.5906 3.8504 9.6579 1.8291 13.5427 -3.2240 -3.4349
Car -1 -1 -7.4347 963.4639 153.6817 1010.1501 176.8803 1.8563 1.8035 4.3994 31.2316 0.3219 59.8124 -6.9556 -3.5381
Car -1 -1 -6.9449 973.5193 178.2586 1092.9143 219.7589 1.4882 1.5807 3.6960 15.8550 1.6993 27.1830 -6.4221 -3.6434
Car -1 -1 -7.9530 1003.2690 159.5283 1035.7228 182.1565 1.5479 1.6401 3.6658 29.0754 0.6360 51.3651 -7.4404 -3.7486
Car -1 -1 -8.2284 526.9907 164.1045 564.3113 184.6021 1.7859 1.8428 4.4940 -5.8861 1.0233 65.2871 -8.3182 -4.2797
Car -1 -1 -2.8366 495.2464 167.5853 577.1065 196.8872 1.5494 1.6990 4.1276 -4.0457 1.2705 39.4000 -2.9386 -4.4254
Car -1 -1 -7.7851 758.4669 186.1093 805.0002 224.3779 1.3790 1.5992 4.0298 7.0695 1.9633 29.6589 -7.5540 -4.7279
Car -1 -1 -8.7654 990.9580 166.0364 1101.0773 208.7498 1.6864 1.7526 3.6745 18.2926 1.4169 30.5184 -8.2301 -4.9053
Car -1 -1 -7.9165 752.1209 186.3285 804.9816 232.5434 1.4239 1.5459 3.8294 5.8173 1.9359 25.4182 -7.6948 -4.9996
Car -1 -1 -8.3386 908.2518 179.4467 986.1631 216.6091 1.4861 1.6137 3.4558 14.4716 1.7875 31.2520 -7.9090 -5.2276
Car -1 -1 -3.9360 862.1651 180.1284 929.4531 205.8711 1.5761 1.7106 4.0433 18.4625 2.0627 46.6891 -3.5621 -5.2518
Car -1 -1 -2.5422 0.0000 199.4414 54.9423 374.0000 1.3911 1.5722 4.2204 -5.9532 1.5912 3.9741 -3.4928 -5.5138
Car -1 -1 -4.6239 863.6512 180.2668 908.3934 217.7265 1.5996 1.6550 3.4325 12.7990 1.9627 33.4703 -4.2622 -5.5457
Car -1 -1 -5.1778 680.7555 182.2567 761.7909 220.6838 1.4932 1.7196 4.3157 4.7136 1.9335 31.4915 -5.0312 -5.6946
Car -1 -1 -8.0832 700.3046 180.7387 750.7156 211.0601 1.4092 1.6490 3.9749 5.7587 1.8316 36.6394 -7.9291 -5.6960
Car -1 -1 -7.4942 888.0199 156.4185 928.9193 180.6426 1.9136 1.7353 4.2043 24.4590 0.6150 59.1267 -7.1039 -5.7486
Car -1 -1 -7.0054 914.5760 179.2035 981.9931 203.1720 1.4841 1.6589 3.8119 21.8585 1.9067 46.7199 -6.5706 -5.7751
Car -1 -1 -4.3278 13.9468 187.7514 242.8320 305.1781 1.5092 1.6853 4.0269 -7.6897 1.7995 11.9446 -4.8900 -5.7899
Car -1 -1 -4.9137 802.2238 179.1800 858.8297 212.6874 1.3865 1.6413 4.1259 9.8954 1.6923 32.7876 -4.6236 -5.7993
Car -1 -1 -4.7885 836.0329 176.4534 880.0597 211.0318 1.4852 1.6177 3.8882 11.4143 1.6625 33.5092 -4.4634 -5.8474
Car -1 -1 -5.9875 0.0000 0.0000 1241.0000 374.0000 1.5210 1.6044 3.9596 6.9795 1.5570 1.7165 -4.6973 -5.8867
Car -1 -1 -4.1085 0.0000 193.5737 454.1550 374.0000 1.5252 1.6095 3.9675 -1.8645 1.6547 2.5243 -4.6976 -5.8867
Car -1 -1 -5.8928 1241.0000 160.9752 1241.0000 374.0000 1.5005 1.5983 3.9531 8.1946 1.4846 2.9347 -4.6976 -5.8867
Car -1 -1 -8.9523 0.0000 0.0000 1241.0000 374.0000 1.5293 1.5946 3.9116 1.4941 1.6616 0.5249 -7.8856 -5.8867
Car -1 -1 -5.6698 0.0000 0.0000 1241.0000 374.0000 1.5336 1.6158 3.9717 2.9593 1.6162 1.7179 -4.6976 -5.8867
Car -1 -1 -3.4784 0.0000 0.0000 1241.0000 374.0000 1.5223 1.6051 3.9623 -5.4712 1.6864 1.7273 -4.6970 -5.8867
Car -1 -1 -6.7024 0.0000 0.0000 1241.0000 374.0000 1.5540 1.5892 3.8058 -3.7083 1.6899 1.0041 -7.9389 -5.8867
Car -1 -1 -5.3605 0.0000 0.0000 1241.0000 374.0000 1.5003 1.6068 4.0566 40.2351 0.5300 -0.2942 -3.7896 -5.8867
Car -1 -1 -4.5630 0.0000 0.0000 1241.0000 374.0000 1.5284 1.6124 3.9705 -0.2568 1.6337 1.7196 -4.6976 -5.8867
Car -1 -1 -5.7512 1241.0000 184.0822 1241.0000 374.0000 1.5277 1.6079 3.9653 4.9803 1.5979 2.5310 -4.6972 -5.8867
Car -1 -1 -5.6039 1241.0000 0.0000 1241.0000 374.0000 1.5439 1.6706 4.0285 41.4571 0.7260 3.3302 -4.1202 -5.8867
Car -1 -1 -6.3981 794.5163 150.1835 852.5475 176.0796 2.0189 1.7848 4.2524 16.9375 0.2512 57.4928 -6.1130 -6.1276
Car -1 -1 -4.9339 678.8918 182.3218 750.0699 223.6194 1.4368 1.7900 4.5887 3.9801 1.8421 28.5483 -4.7975 -6.2905
Car -1 -1 -6.2179 569.1459 161.0234 642.9498 188.5309 1.6810 1.7302 4.5102 -0.2443 0.9578 45.0927 -6.2236 -6.3444
Car -1 -1 -4.8142 673.7610 181.4812 743.9183 233.8591 1.6056 1.9267 4.6813 3.2988 1.9356 25.2619 -4.6866 -6.5053
Car -1 -1 -4.8893 723.4164 179.2626 752.5097 197.9951 1.3022 1.4663 3.7663 9.3912 1.7923 53.3342 -4.7164 -6.5473
