Car -1 -1 -4.3174 141.4793 187.3729 372.1686 308.6559 1.4501 1.6121 4.3558 -5.2616 1.7226 11.3556 -4.7430 7.6979
Car -1 -1 -7.5977 357.3754 174.1987 552.7032 317.2623 1.6927 1.7292 4.3438 -2.0908 1.7167 10.8049 -7.7855 6.8920
Car -1 -1 -7.9605 895.0258 180.9984 1131.2327 374.0000 1.4848 1.5681 3.2264 3.6941 1.5863 7.2378 -7.5060 6.6886
Car -1 -1 -7.5021 893.8026 175.7710 1089.4384 284.8519 1.5191 1.5994 4.1657 6.4813 1.5759 12.1494 -7.0228 4.9017
Car -1 -1 -4.6651 508.0071 171.7974 536.8257 198.6402 1.5920 1.5924 3.9737 -5.4360 1.5290 44.8323 -4.7855 -0.9325
Car -1 -1 -4.7037 424.0348 169.2301 449.5736 195.0171 1.6937 1.6377 3.8245 -11.8785 1.4554 49.4389 -4.9386 -2.0160
Car -1 -1 -5.7309 459.7864 189.0090 555.9749 230.4229 1.4774 1.5205 3.4350 -4.0356 2.1395 28.2016 -5.8724 -3.4309
Car -1 -1 -5.9694 499.9581 166.7250 566.5201 193.0628 1.7365 1.8085 4.1282 -5.2117 1.3321 48.8843 -6.0754 -3.5125
Car -1 -1 -7.5582 476.9028 187.5563 549.2736 231.7459 1.3755 1.5693 3.5688 -3.4039 1.9355 25.6057 -7.6897 -3.6670
Car -1 -1 -4.4009 323.5569 191.0599 405.7685 239.8149 1.3891 1.5296 3.5389 -7.9928 2.0308 23.6643 -4.7237 -3.7362
Car -1 -1 -8.0473 929.6391 177.6119 1056.9943 255.4178 1.3890 1.6088 3.6870 7.8021 1.5015 15.1170 -7.5794 -3.8299
Car -1 -1 -4.8734 395.5411 171.8366 428.5299 196.2875 1.6393 1.6546 3.6585 -13.8852 1.5708 50.3841 -5.1412 -3.9648
Car -1 -1 -7.9510 501.9087 171.0997 528.1389 191.9446 1.6134 1.6996 4.0763 -7.6969 1.4773 58.0234 -8.0826 -4.0411
Car -1 -1 -4.9273 410.2350 184.5030 533.7146 268.7108 1.4355 1.6582 4.1898 -3.0914 1.7166 15.1747 -5.1258 -4.4336
Car -1 -1 -3.3407 409.1505 184.5967 519.5427 228.8195 1.4947 1.6853 3.7426 -5.4371 1.9532 26.6881 -3.5403 -4.8151
Car -1 -1 -6.2754 483.8344 188.7678 579.7749 225.2974 1.4346 1.5630 3.8841 -3.2937 2.1209 30.1569 -6.3839 -4.8573
Car -1 -1 -7.5794 333.5405 186.1748 430.2845 239.7354 1.3339 1.6213 4.0974 -6.5702 1.7608 21.0669 -7.8787 -4.9691
Car -1 -1 -4.2792 406.2638 169.6536 449.9527 190.4412 1.6572 1.8101 4.4570 -15.0597 1.4018 59.8808 -4.5248 -5.0207
Car -1 -1 -4.2543 421.7279 177.4670 480.1093 207.1020 1.5020 1.6362 3.6741 -8.6094 1.7648 39.1669 -4.4696 -5.0947
Car -1 -1 -5.0381 440.0326 167.9033 476.1178 187.8737 1.6057 1.6866 4.2134 -12.7480 1.2074 60.2591 -5.2460 -5.1383
Car -1 -1 -4.8832 1231.4023 172.8148 1241.0000 238.6875 1.6014 1.6611 4.4204 18.5333 1.6001 19.8486 -4.1398 -5.1745
Car -1 -1 -2.3843 0.0000 181.9672 37.8938 316.0588 1.4756 1.7557 4.7386 -10.4446 1.6042 9.1480 -3.2212 -5.5172
Car -1 -1 -7.7029 936.2844 178.8922 1028.7771 244.9699 1.4339 1.5686 3.3091 9.1902 1.5975 17.7889 -7.2334 -5.5719
Car -1 -1 -5.6607 1102.3016 181.2934 1241.0000 374.0000 1.4478 1.5467 3.8040 3.6982 1.4984 2.4413 -4.7278 -5.6372
Car -1 -1 -4.7786 432.7808 168.6600 455.5129 187.9129 1.6243 1.6879 3.7013 -14.5031 1.2701 62.8872 -5.0045 -5.6559
Car -1 -1 -7.9984 934.6632 179.0138 1019.7818 234.1081 1.3792 1.5841 3.8095 10.3022 1.5721 20.5780 -7.5405 -5.6632
Car -1 -1 -3.9326 215.6048 183.5378 387.0398 257.0922 1.5108 1.5844 3.8066 -7.3559 1.7999 17.4808 -4.3260 -5.7491
Car -1 -1 -5.7988 1241.0000 171.4877 1241.0000 374.0000 1.4389 1.5872 3.9877 5.0071 1.4383 2.1703 -4.6856 -5.8228
Car -1 -1 -7.5308 963.4300 176.6759 1052.8165 223.3734 1.4166 1.5759 3.5334 13.2121 1.5527 23.9608 -7.0325 -5.8289
Car -1 -1 -7.5595 421.8344 181.7373 519.9334 241.5092 1.4408 1.6323 3.7300 -3.7694 1.7096 19.9132 -7.7448 -5.8369
Car -1 -1 -2.9796 388.1366 181.7543 524.3932 227.0302 1.3977 1.5780 4.1385 -4.9719 1.6981 23.5011 -3.1864 -5.8801
Car -1 -1 -7.8472 0.0000 0.0000 1110.4308 374.0000 1.5421 1.5902 3.8052 -0.1043 1.5991 0.9967 -7.9398 -5.8867
Car -1 -1 -6.9165 0.0000 0.0000 1241.0000 374.0000 1.5535 1.5916 3.8065 -2.1014 1.6650 1.0032 -7.9391 -5.8867
Car -1 -1 -3.5046 0.0000 197.7132 0.0000 374.0000 1.5134 1.6088 3.9607 -7.0815 1.6689 2.5297 -4.6974 -5.8867
Car -1 -1 -2.4434 0.0000 170.5866 1.7950 363.6004 1.5984 1.6388 3.8471 -8.7653 1.5793 7.1123 -3.3139 -5.9057
Car -1 -1 -8.6303 1241.0000 163.6186 1241.0000 239.5820 1.4567 1.5710 3.9019 16.7182 1.2793 15.8085 -7.8265 -6.0588
Car -1 -1 -4.5809 984.7658 172.6577 1077.8252 235.8929 1.5533 1.7125 4.1330 11.6325 1.5482 19.8846 -4.0585 -6.0599
Car -1 -1 -4.6692 376.9186 182.1755 453.4008 257.4992 1.5890 1.6265 3.5994 -4.7135 1.8414 17.6311 -4.9274 -6.1026
Car -1 -1 -7.1832 1222.7007 171.8605 1241.0000 301.5490 1.4329 1.6411 4.2863 10.2928 1.4216 8.9194 -6.3430 -6.1149
Car -1 -1 -7.3791 1241.0000 165.2292 1241.0000 273.0498 1.4686 1.6893 4.3808 12.3953 1.3644 11.2351 -6.5579 -6.2066
Car -1 -1 -7.9644 1237.5397 170.9533 1241.0000 273.2041 1.6690 1.8830 4.3893 13.6493 1.6377 14.0956 -7.2060 -6.3403
