Car -1 -1 -7.8306 1015.0209 189.3816 1202.8639 345.4709 1.4993 1.6743 3.6145 6.3155 1.7572 9.3092 -7.2501 5.3870
Car -1 -1 -7.8719 1053.9269 189.5274 1104.3585 229.5248 1.3790 1.5730 3.6781 18.4197 2.0831 28.5046 -7.3035 2.9165
Car -1 -1 -3.2541 1148.9557 164.9034 1232.0367 187.6859 1.4832 1.6717 4.2097 39.1241 0.9653 48.8009 -2.5814 -2.3088
Car -1 -1 -4.7437 955.0766 168.4507 977.2305 186.1578 1.5654 1.6798 3.9425 32.4877 1.1758 65.9284 -4.2879 -3.0243
Car -1 -1 -4.7086 955.1365 169.0497 980.4135 194.9407 1.8028 1.5876 3.5255 25.8341 1.5376 52.1734 -4.2514 -3.5391
Car -1 -1 -5.6196 1132.1147 196.4681 1241.0000 374.0000 1.4200 1.6196 4.0251 8.2213 1.7528 8.0754 -4.8442 -3.6738
Car -1 -1 -3.9798 1120.3009 199.7868 1197.4066 228.3073 1.5293 1.6016 3.5656 31.8487 3.1369 41.9484 -3.3345 -3.8304
Car -1 -1 -7.4919 1094.2068 158.0465 1138.1575 179.6079 1.6620 1.6909 3.6296 40.2081 0.5203 57.3393 -6.8828 -3.8707
Car -1 -1 -5.5108 963.4919 181.2077 1036.2415 206.7374 1.4869 1.5346 4.1462 24.5590 2.0410 45.6781 -5.0206 -3.9336
Car -1 -1 -5.9532 1227.2581 153.3042 1241.0000 193.5881 1.6128 1.6772 3.9374 29.3089 0.8298 31.0194 -5.2009 -4.1993
Car -1 -1 -8.8608 1014.8844 164.8074 1089.7977 191.3289 1.8076 1.7479 4.2804 31.4513 1.2589 51.4822 -8.3152 -4.2030
Car -1 -1 -8.0993 1179.5941 160.4043 1241.0000 195.5573 1.5681 1.5958 3.6809 28.4620 1.0124 34.1905 -7.4095 -4.2618
Car -1 -1 -4.8407 950.8624 169.8214 979.1054 186.9823 1.5879 1.8081 4.9083 34.0617 1.3070 69.3778 -4.3862 -4.4318
Car -1 -1 -4.7102 957.9576 171.9354 988.7797 201.5007 1.7016 1.5977 3.7564 21.8915 1.6485 43.5649 -4.2476 -4.7421
Car -1 -1 -4.6859 1230.7712 167.7768 1241.0000 189.6947 1.3595 1.7380 4.2341 41.5651 1.0443 46.8971 -3.9640 -5.5880
Car -1 -1 -3.1006 1095.7797 177.5886 1201.9926 216.6008 1.6073 1.5702 3.6940 23.7486 1.8281 31.9246 -2.4658 -5.5943
Car -1 -1 -2.5696 0.0000 194.0204 180.0302 374.0000 1.3668 1.6268 4.3655 -5.0951 1.5241 3.9377 -3.4495 -5.6215
Car -1 -1 -4.7796 1180.6501 163.0041 1217.1301 184.8026 1.4662 1.6860 4.2827 41.3460 0.8034 50.7666 -4.0991 -5.8014
Car -1 -1 -4.9769 1053.6107 182.2002 1126.1416 222.7402 1.6120 1.6439 4.0129 21.0309 2.0522 31.8495 -4.3981 -5.8150
Car -1 -1 -3.7885 0.0000 189.4581 203.2938 374.0000 1.4441 1.5794 3.9766 -3.4373 1.5479 2.5112 -4.6779 -5.8183
Car -1 -1 -3.6491 0.0000 182.7991 137.8917 300.7152 1.4648 1.5968 3.9161 -9.9852 1.6512 11.4333 -4.3555 -5.8816
Car -1 -1 -8.9131 0.0000 0.0000 1241.0000 374.0000 1.5523 1.5913 3.8062 1.9185 1.6183 1.0029 -7.9391 -5.8867
Car -1 -1 -5.7513 1241.0000 181.4273 1241.0000 374.0000 1.5231 1.6081 3.9648 4.9796 1.5766 2.5316 -4.6974 -5.8867
Car -1 -1 -5.8847 1241.0000 182.7182 1241.0000 374.0000 1.5356 1.6157 3.9686 6.9795 1.5970 2.5201 -4.6976 -5.8867
Car -1 -1 -4.9081 1241.0000 166.1047 1241.0000 194.2731 1.5229 1.6611 4.0172 41.4669 1.1577 41.1392 -4.1225 -5.8867
Car -1 -1 -7.7288 194.5770 0.0000 999.7970 374.0000 1.5129 1.5929 3.9072 -0.1138 1.6152 0.5252 -7.8857 -5.8867
Car -1 -1 -4.6760 1046.0692 171.7208 1068.7904 188.5023 1.5061 1.6552 4.0118 41.4727 1.4041 66.8837 -4.1232 -5.8867
Car -1 -1 -4.8836 1241.0000 168.5061 1241.0000 193.9021 1.4721 1.6384 3.9914 41.4696 1.2198 43.9415 -4.1306 -5.8867
Car -1 -1 -4.7803 1156.6864 165.5869 1189.9539 186.0000 1.4453 1.6484 4.0171 41.4661 0.9305 53.2133 -4.1212 -5.8867
Car -1 -1 -5.9091 1241.0000 177.8044 1241.0000 374.0000 1.5278 1.6111 3.9647 8.5931 1.5612 2.9292 -4.6974 -5.8867
Car -1 -1 -4.6490 1029.5560 169.4237 1052.5872 185.4036 1.4860 1.6535 4.0470 41.3632 1.1667 69.2359 -4.1125 -5.8867
Car -1 -1 -6.7540 0.0000 0.0000 1241.0000 374.0000 1.5087 1.5905 3.9056 -1.7216 1.6196 0.5262 -7.8857 -5.8867
Car -1 -1 -3.5325 0.0000 186.4570 0.0000 374.0000 1.4832 1.5975 3.9499 -7.4860 1.5757 2.9343 -4.6976 -5.8867
Car -1 -1 -5.4819 0.0000 0.0000 1241.0000 374.0000 1.4857 1.6451 3.9869 40.6741 0.5924 0.1282 -3.9214 -5.8867
Car -1 -1 -4.3559 325.9973 181.1401 471.9930 265.9957 1.4804 1.6082 3.9300 -4.2512 1.6758 15.0098 -4.6280 -5.8867
Car -1 -1 -4.2646 171.4487 176.5909 350.5506 262.3870 1.4330 1.5801 3.9291 -6.6796 1.5165 14.2000 -4.6975 -5.8867
Car -1 -1 -3.4784 0.0000 0.0000 1241.0000 374.0000 1.5042 1.6018 3.9564 -5.4723 1.6201 1.7273 -4.6972 -5.8867
Car -1 -1 -4.7122 1086.7271 167.4374 1110.9529 185.4005 1.4721 1.6560 4.0252 41.4649 1.0279 61.2622 -4.1196 -5.8867
Car -1 -1 -9.0048 0.0000 0.0000 1241.0000 374.0000 1.4963 1.5972 3.8458 3.5417 1.5114 1.3730 -7.8744 -5.8867
Car -1 -1 -4.4886 1121.5660 157.5136 1156.4229 177.9988 1.5612 1.5697 3.0728 41.4723 0.3918 56.5913 -3.8587 -5.8948
Car -1 -1 -4.8279 893.4823 172.1386 915.1735 188.8053 1.5196 1.4980 3.3309 27.5235 1.4541 67.5909 -4.4430 -5.9826
Car -1 -1 -6.8745 0.0000 166.7892 0.0000 374.0000 1.5271 1.6727 4.0845 -8.4573 1.4912 6.3372 -7.7818 -6.0576
Car -1 -1 -5.7308 962.7962 166.1483 1019.7589 186.6119 1.8075 1.6763 4.3769 34.8181 1.2149 66.0405 -5.2476 -6.2192
Car -1 -1 -7.9604 896.4080 164.3703 928.7099 189.5796 1.6484 1.6020 4.0233 20.6079 1.0934 49.3369 -7.5670 -6.5439
Car -1 -1 -5.7721 1019.9667 288.1625 1241.0000 374.0000 1.2079 1.2467 2.6790 4.7592 2.3338 5.5719 -5.0932 -8.7680
