Car -1 -1 -7.8432 1026.9009 188.6971 1206.9081 335.7274 1.4845 1.6686 3.5872 6.6372 1.7392 9.6580 -7.2562 6.2430
Car -1 -1 -7.8604 1080.4369 190.5682 1133.0862 232.4321 1.4373 1.6156 3.6534 19.4633 2.1827 28.4059 -7.2652 2.6828
Car -1 -1 -8.7139 1051.0962 164.3943 1124.7194 189.9061 1.7222 1.7373 4.2154 33.6399 1.1508 50.9735 -8.1334 -2.1581
Car -1 -1 -4.5520 986.7742 166.4859 1014.8945 183.7597 1.5003 1.6200 3.9281 35.0549 0.9469 64.7200 -4.0577 -2.8917
Car -1 -1 -8.9890 1081.8612 195.9216 1241.0000 348.4340 1.4135 1.5847 3.9940 8.6613 1.7850 9.4840 -8.2651 -2.9708
Car -1 -1 -3.9570 1196.3832 164.3952 1241.0000 203.5746 1.6133 1.6890 3.9380 27.5061 1.2647 30.7286 -3.2319 -3.2154
Car -1 -1 -5.4561 941.2023 173.4010 1007.3198 198.1607 1.5817 1.6333 4.0524 24.3046 1.6198 48.3640 -4.9932 -3.3995
Car -1 -1 -7.7192 978.8126 171.0307 1017.2343 198.8403 1.5894 1.5672 3.5960 23.1985 1.4849 43.1552 -7.2291 -4.0275
Car -1 -1 -5.4269 1178.1340 195.0244 1241.0000 228.3966 1.5670 1.6431 3.7758 32.4519 2.8021 38.3058 -4.7285 -4.1010
Car -1 -1 -4.6819 1193.8051 185.2397 1241.0000 235.6081 1.7300 1.6511 3.0397 23.1943 2.2272 27.2947 -3.9835 -4.2198
Car -1 -1 -4.6710 1208.6592 168.9975 1241.0000 192.4179 1.5197 1.6482 3.2833 41.4581 1.2692 48.5846 -3.9678 -4.3544
Car -1 -1 -5.3062 964.1454 166.9153 1005.2066 184.6814 1.6075 1.6016 3.6799 34.8285 1.0699 67.2071 -4.8300 -4.4081
Car -1 -1 -4.9549 1136.4764 193.7721 1203.5416 228.5184 1.4316 1.5779 4.0615 26.6554 2.4954 34.5272 -4.3022 -4.4580
Car -1 -1 -8.4680 1091.7129 192.8226 1183.4387 228.7933 1.5205 1.5653 3.9159 25.1673 2.5334 34.6469 -7.8445 -4.5654
Car -1 -1 -5.2058 962.6434 166.0517 1001.0653 184.1772 1.5935 1.6172 3.4905 33.5307 0.9952 65.1950 -4.7328 -4.5691
Car -1 -1 -3.6962 1105.9310 181.1668 1241.0000 222.2155 1.6613 1.7837 4.5529 24.0565 2.0286 30.7797 -3.0380 -4.6469
Car -1 -1 -4.8089 918.8182 172.1216 941.0846 189.0837 1.5358 1.5553 3.5112 29.7670 1.4692 67.2429 -4.3941 -4.8944
Car -1 -1 -7.9455 1143.1647 185.7824 1208.8970 234.7738 1.7077 1.6557 3.7498 22.0224 2.2499 28.2476 -7.2891 -5.2145
Car -1 -1 -2.0020 0.0000 138.3160 310.4484 374.0000 1.9049 1.7374 4.6142 -5.4429 1.6355 7.5370 -2.6111 -5.2528
Car -1 -1 -2.1804 0.0000 168.2588 40.1580 355.7356 1.5568 1.7374 4.1652 -8.3209 1.5183 7.0936 -3.0265 -5.3527
Car -1 -1 -2.0143 0.0000 174.8161 0.0000 374.0000 1.4109 1.5590 4.1142 -6.3440 1.4257 4.4168 -2.9482 -5.7362
Car -1 -1 -3.7357 0.0000 192.8246 138.6390 374.0000 1.4237 1.5734 3.9742 -3.8301 1.5485 2.5052 -4.6782 -5.8030
Car -1 -1 -5.8352 1241.0000 184.4433 1241.0000 374.0000 1.5389 1.6128 3.9684 6.9865 1.6178 2.9309 -4.6974 -5.8867
Car -1 -1 -3.4668 0.0000 179.5388 0.0000 374.0000 1.5141 1.6121 3.9564 -7.8850 1.5557 2.5309 -4.6949 -5.8867
Car -1 -1 -9.0640 0.0000 0.0000 1241.0000 374.0000 1.5470 1.5882 3.8043 2.7228 1.5940 1.0041 -7.9391 -5.8867
Car -1 -1 -4.8715 1241.0000 165.6541 1241.0000 190.3783 1.4608 1.6427 4.0024 41.4653 1.0351 44.7533 -4.1277 -5.8867
Car -1 -1 -5.3605 0.0000 0.0000 1241.0000 374.0000 1.5003 1.6068 4.0566 40.2351 0.5300 -0.2942 -3.7896 -5.8867
Car -1 -1 -4.8014 1168.7421 172.7235 1204.7458 195.0171 1.5404 1.6599 3.9977 41.4663 1.5311 51.9810 -4.1311 -5.8867
Car -1 -1 -4.7421 1119.5297 163.2037 1147.3115 181.7731 1.4184 1.6496 4.0365 41.4595 0.6810 57.2463 -4.1179 -5.8867
Car -1 -1 -4.7240 1099.5914 166.3247 1124.9330 184.6940 1.4644 1.6582 4.0292 41.4625 0.9436 59.6548 -4.1190 -5.8867
Car -1 -1 -8.5773 0.0000 0.0000 1037.9951 374.0000 1.5149 1.5928 3.9077 0.6902 1.6151 0.5252 -7.8857 -5.8867
Car -1 -1 -7.2117 156.6090 0.0000 1241.0000 374.0000 1.4954 1.5980 3.8458 -1.2825 1.5569 1.3731 -7.8745 -5.8867
Car -1 -1 -5.8449 1241.0000 178.4634 1241.0000 374.0000 1.5199 1.6103 3.9645 5.3782 1.5516 2.1271 -4.6976 -5.8867
Car -1 -1 -4.7675 1141.1953 168.2093 1172.3226 188.3007 1.4672 1.6497 4.0170 41.4669 1.1277 54.8208 -4.1227 -5.8867
Car -1 -1 -4.6647 1035.4928 168.3127 1057.9258 184.0429 1.4471 1.6417 4.0281 41.4640 1.0290 68.5098 -4.1225 -5.8867
Car -1 -1 -4.9096 1241.0000 167.0951 1241.0000 194.4401 1.4935 1.6470 4.0008 41.4688 1.1787 41.5309 -4.1287 -5.8867
Car -1 -1 -5.9239 1241.0000 123.1178 1241.0000 374.0000 1.4861 1.5969 3.9490 8.9974 1.4204 2.9341 -4.6977 -5.8867
Car -1 -1 -4.9667 1061.5833 182.8898 1126.8772 218.9491 1.5904 1.6787 3.9340 23.4484 2.1086 35.1442 -4.3828 -5.9857
Car -1 -1 -4.9846 978.2960 163.7974 1009.7524 183.4136 1.8033 1.6518 3.8300 36.3280 0.9705 68.3784 -4.4982 -6.6532
