Car -1 -1 -4.3813 308.3741 178.2556 455.0521 261.3315 1.4658 1.6019 4.2374 -4.6368 1.5951 15.1585 -4.6739 6.9042
Car -1 -1 -7.8268 822.8066 171.7916 957.2951 290.4383 1.4685 1.6036 3.3816 4.1291 1.4551 10.7986 -7.4715 6.8386
Car -1 -1 -7.6308 459.9241 164.9217 597.1915 264.2967 1.6999 1.7817 4.5094 -1.5085 1.5639 14.6884 -7.7322 6.6649
Car -1 -1 -7.4439 859.6272 164.5851 1024.4115 245.1605 1.5063 1.6442 4.3631 7.2052 1.3514 15.5610 -7.0180 5.2387
Car -1 -1 -3.9798 0.0000 186.2862 292.5266 374.0000 1.5518 1.5091 3.6765 -3.4783 1.6616 4.0405 -4.6588 4.8907
Car -1 -1 -4.6115 570.9583 174.2691 600.4391 199.7620 1.5241 1.4775 3.7973 -1.5224 1.6165 45.2980 -4.6453 0.8400
Car -1 -1 -5.1642 549.8339 164.7532 600.6283 190.8151 1.7483 1.7779 4.5011 -2.5336 1.2046 50.8037 -5.2141 -1.4661
Car -1 -1 -4.7340 450.8746 164.5190 475.4055 187.1539 1.6809 1.7641 4.4663 -11.4507 1.0616 55.9551 -4.9352 -2.8019
Car -1 -1 -8.2044 575.0253 176.2043 624.1464 203.0274 1.4268 1.5716 3.7919 -0.6787 1.6261 40.9444 -8.2213 -3.3620
Car -1 -1 -4.5622 424.1779 180.2449 475.2006 216.2641 1.4220 1.6379 3.4465 -6.8653 1.7573 30.9877 -4.7789 -3.6811
Car -1 -1 -6.5212 563.4336 179.9574 642.0447 208.9942 1.3821 1.5376 3.6756 -0.4195 1.7493 36.1301 -6.5333 -3.8065
Car -1 -1 -4.5320 423.5253 179.9772 488.5639 223.5775 1.3711 1.5883 3.5783 -5.3189 1.6363 25.0906 -4.7393 -3.8360
Car -1 -1 -4.5919 463.5157 169.8041 489.3924 188.5144 1.5154 1.7027 3.6296 -11.1535 1.2681 60.3051 -4.7742 -3.9300
Car -1 -1 -5.5231 0.0000 187.9350 242.9313 310.4386 1.4845 1.6410 4.0190 -7.5641 1.7173 10.0791 -6.1544 -3.9377
Car -1 -1 -6.2388 450.6703 162.8829 506.9112 188.9691 1.8562 1.7706 3.9502 -9.5297 1.1464 52.4841 -6.4178 -4.0958
Car -1 -1 -7.4402 0.0000 196.3400 185.1265 372.5058 1.3413 1.4626 3.1538 -5.9179 1.6453 7.6488 -8.0822 -4.3109
Car -1 -1 -4.5852 399.6459 181.7902 461.6766 221.0758 1.3135 1.7288 4.4659 -6.7794 1.6824 27.4936 -4.8252 -4.3707
Car -1 -1 -7.7611 614.2062 176.6543 645.4875 202.8887 1.4109 1.4697 3.5040 1.1310 1.6370 41.1605 -7.7344 -4.4486
Car -1 -1 -4.7077 880.3578 170.4659 966.3735 237.8276 1.5403 1.8434 4.3927 8.1138 1.4854 18.8811 -4.3080 -4.5653
Car -1 -1 -3.0882 436.3294 174.6569 530.7861 208.6383 1.5100 1.6422 4.1873 -5.8050 1.5954 33.2373 -3.2602 -4.6390
Car -1 -1 -7.6263 60.0066 196.5863 293.7385 361.0970 1.3771 1.5021 3.4690 -4.8286 1.7165 8.4545 -8.1324 -4.9275
Car -1 -1 -6.4330 461.0860 163.6006 523.0945 188.0755 1.8095 1.8721 4.4274 -9.0117 1.1251 54.9155 -6.5951 -5.1613
Car -1 -1 -4.8923 949.5782 164.1990 1005.8561 200.6267 1.5419 1.6040 3.6752 16.4586 1.1753 32.5304 -4.4278 -5.1894
Car -1 -1 -4.9509 459.6947 176.4661 565.5133 238.8799 1.4355 1.7870 4.3383 -2.7672 1.5431 19.2127 -5.0927 -5.2752
Car -1 -1 -4.5345 446.9731 169.6583 469.1072 183.9192 1.3742 1.5341 3.5694 -15.0147 1.0660 71.3361 -4.7415 -5.3450
Car -1 -1 -7.7799 571.0488 155.4020 598.3060 182.7502 1.9604 1.6918 4.8688 -1.8855 0.7091 54.1868 -7.8147 -5.3900
Car -1 -1 -2.2949 29.6165 183.1902 270.9328 275.8433 1.4167 1.5084 3.6606 -8.0179 1.6140 12.5521 -2.8541 -5.4486
Car -1 -1 -5.3624 1206.9242 100.6534 1241.0000 374.0000 1.4036 1.7756 4.6794 5.4786 1.2613 3.9100 -4.4464 -5.5921
Car -1 -1 -7.0151 1241.0000 124.3905 1241.0000 332.0085 1.6391 1.4626 3.5144 8.8835 1.2562 6.7153 -6.1126 -5.6762
Car -1 -1 -7.1091 0.0000 0.0000 1241.0000 374.0000 1.4428 1.5549 3.9831 -2.1610 1.5554 0.9018 -8.1792 -5.7719
Car -1 -1 -4.0747 0.0000 179.0746 0.0000 374.0000 1.4395 1.5078 3.7086 -6.0314 1.4963 4.6342 -4.9623 -5.7889
Car -1 -1 -4.8059 493.8358 177.4921 556.9465 223.1648 1.3394 1.6532 4.4375 -2.9465 1.5083 23.9798 -4.9274 -5.7941
Car -1 -1 -7.3942 249.9274 0.0000 1241.0000 374.0000 1.4048 1.5591 3.8741 -0.8918 1.4420 1.4201 -7.8815 -5.8000
Car -1 -1 -8.4286 0.0000 0.0000 947.7092 374.0000 1.5230 1.5857 3.8032 0.6991 1.5150 0.9991 -7.9399 -5.8867
Car -1 -1 -8.0468 867.2344 161.7393 950.2693 213.0041 1.4373 1.6002 3.9689 9.0761 1.1254 22.3293 -7.6657 -5.8867
Car -1 -1 -8.9990 0.0000 0.0000 1241.0000 374.0000 1.5272 1.5857 3.8022 2.3072 1.5188 0.9980 -7.9398 -5.8867
Car -1 -1 -3.4556 0.0000 181.6217 0.0000 374.0000 1.4716 1.5954 3.9465 -7.0832 1.5213 2.1325 -4.6978 -5.8867
Car -1 -1 -9.0459 0.0000 0.0000 1241.0000 374.0000 1.4569 1.5898 3.8332 3.9403 1.3600 1.3698 -7.8745 -5.8867
Car -1 -1 -9.3092 0.0000 0.0000 1241.0000 374.0000 1.5029 1.5772 3.7886 6.3264 1.3812 0.9965 -7.9393 -5.8867
Car -1 -1 -7.1093 612.0475 299.2860 1241.0000 374.0000 1.5644 1.8785 4.2214 2.2477 2.4674 3.6167 -6.5929 -6.0490
Car -1 -1 -4.9917 896.9604 164.3132 995.4406 217.1573 1.5317 1.7109 4.2491 10.5820 1.2838 23.1396 -4.5680 -6.1475
Car -1 -1 -4.6005 324.8806 179.5313 418.6454 239.2146 1.3596 1.8390 4.9988 -6.3694 1.5655 19.6565 -4.9104 -6.8278
