Car -1 -1 -4.3816 290.8128 180.5178 444.8463 266.3561 1.4288 1.5809 4.3153 -4.7161 1.6064 14.5732 -4.6899 7.7009
Car -1 -1 -7.6346 449.6447 164.3839 591.1906 270.4697 1.7219 1.7518 4.4920 -1.5868 1.5841 14.0386 -7.7460 6.8966
Car -1 -1 -7.8507 838.2151 171.6449 979.3058 298.9573 1.4705 1.5572 3.2991 4.0886 1.4563 10.1542 -7.4788 6.6001
Car -1 -1 -7.4545 870.7348 167.4981 1036.2983 249.2360 1.4685 1.6175 4.1944 7.1649 1.3720 14.9676 -7.0162 5.7677
Car -1 -1 -3.9036 0.0000 192.2946 247.3665 374.0000 1.5409 1.5366 3.5715 -3.4897 1.6809 3.3848 -4.6655 4.7086
Car -1 -1 -7.0498 446.2973 162.7533 491.7011 182.2776 1.5568 1.6415 3.5164 -11.6119 0.7511 59.4445 -7.2421 -1.5539
Car -1 -1 -7.4735 584.1353 174.4081 637.9782 201.6849 1.4458 1.6154 4.1493 0.0829 1.5380 40.7253 -7.4720 -2.2494
Car -1 -1 -4.3574 392.8826 181.4660 466.2872 218.9507 1.3780 1.6484 3.9053 -7.3248 1.7540 29.4932 -4.5992 -3.0863
Car -1 -1 -5.8302 0.0000 197.8677 162.2389 370.0826 1.4064 1.5821 3.7507 -7.1196 1.7126 7.5532 -6.5685 -3.5139
Car -1 -1 -4.6382 565.6775 176.6270 596.0377 203.2139 1.5722 1.6007 4.2792 -1.8256 1.8209 45.4472 -4.6786 -3.5596
Car -1 -1 -7.3839 461.7897 164.6856 507.4749 189.1827 1.7821 1.7177 4.1543 -9.4830 1.1876 54.7284 -7.5549 -3.6896
Car -1 -1 -7.3566 503.7749 175.4998 579.7722 212.3295 1.4599 1.5792 3.9018 -2.8972 1.5811 31.0086 -7.4495 -3.8409
Car -1 -1 -4.6237 442.9347 172.6605 462.9155 189.2305 1.5764 1.5979 3.5760 -15.3444 1.5577 70.5174 -4.8375 -3.9060
Car -1 -1 -7.3895 0.0000 194.7368 257.1955 374.0000 1.3908 1.5589 3.5827 -5.0641 1.6674 7.2528 -7.9823 -4.3748
Car -1 -1 -5.2239 539.1298 166.6641 588.0919 190.8347 1.6700 1.7321 4.1041 -3.4188 1.2420 52.0458 -5.2894 -4.3844
Car -1 -1 -4.8080 965.0070 168.9205 1014.2672 206.1143 1.5026 1.4991 3.8218 16.3044 1.3434 31.2031 -4.3307 -4.5370
Car -1 -1 -5.5133 0.0000 187.0267 184.8141 325.3867 1.5121 1.6309 4.2800 -7.9625 1.7077 9.0246 -6.2218 -4.5840
Car -1 -1 -5.0752 450.1552 179.0372 576.5606 244.6279 1.4221 1.7215 4.3904 -2.6503 1.5997 18.4221 -5.2168 -4.6332
Car -1 -1 -7.9365 950.3380 169.4180 1046.4829 238.0568 1.5196 1.7368 4.1549 9.6102 1.4432 18.2260 -7.4584 -4.7495
Car -1 -1 -4.9992 445.7682 178.2586 546.1721 238.5367 1.5734 1.8267 4.1898 -3.5549 1.7515 21.5276 -5.1616 -5.4504
Car -1 -1 -4.7164 882.4272 172.1136 960.2485 236.9475 1.5054 1.6909 4.1374 8.0908 1.4879 18.9879 -4.3198 -5.4606
Car -1 -1 -5.2422 1185.9349 95.4890 1241.0000 374.0000 1.4397 1.8650 4.6901 5.4414 1.2532 4.2584 -4.3685 -5.5336
Car -1 -1 -4.9433 863.4060 166.3313 945.0588 211.5827 1.3927 1.6184 4.0881 9.7597 1.1916 24.3464 -4.5666 -5.7810
Car -1 -1 -5.0994 906.6150 166.9461 1003.5884 211.7953 1.4354 1.6294 3.9785 11.8313 1.2460 25.1194 -4.6640 -5.8465
Car -1 -1 -3.9623 0.0000 177.3173 37.9451 374.0000 1.4330 1.5351 3.8721 -5.8767 1.4739 4.6606 -4.8345 -5.8631
Car -1 -1 -9.2813 0.0000 0.0000 1241.0000 374.0000 1.4981 1.5768 3.7892 5.5223 1.3912 0.9968 -7.9398 -5.8867
Car -1 -1 -7.8397 0.0000 0.0000 1125.4464 374.0000 1.5235 1.5865 3.8029 -0.1050 1.5288 0.9989 -7.9320 -5.8867
Car -1 -1 -8.8974 0.0000 0.0000 1241.0000 374.0000 1.4634 1.5900 3.8354 2.7358 1.3999 1.3736 -7.8746 -5.8867
Car -1 -1 -4.8540 484.2815 175.8478 550.9134 221.1392 1.3858 1.6396 4.3986 -3.3011 1.4978 24.7256 -4.9859 -5.9286
Car -1 -1 -7.1897 625.9322 274.5781 1241.0000 374.0000 1.4782 1.8842 4.1038 2.2747 2.2029 3.5173 -6.6561 -5.9769
Car -1 -1 -4.1577 548.1183 177.0729 623.0223 213.3171 1.4918 1.4590 4.0057 -1.0643 1.6926 32.2871 -4.1909 -6.1460
Car -1 -1 -5.1538 839.5397 169.7432 907.6193 202.6928 1.4850 1.6145 3.6823 12.4536 1.3445 34.4302 -4.8098 -6.2484
Car -1 -1 -5.8423 494.0694 172.0520 590.7706 203.2438 1.3752 1.6290 4.1415 -3.1547 1.3395 33.2805 -5.9365 -6.3741
Car -1 -1 -4.4732 308.7796 172.2053 376.2518 215.1480 1.5675 1.6214 3.7785 -10.4459 1.5435 28.3049 -4.8241 -6.4473
Car -1 -1 -7.8393 515.1183 181.3128 584.5097 243.3501 1.4739 1.7040 4.1152 -1.6737 1.7308 19.8296 -7.9233 -6.4788
