Car -1 -1 -7.9538 992.8514 191.3130 1240.6793 374.0000 1.4906 1.6465 3.7906 5.1104 1.7443 7.8626 -7.3955 6.9772
Car -1 -1 -7.9302 958.3995 189.2748 1014.2753 231.8856 1.4482 1.6003 4.3374 14.7893 2.1516 28.6120 -7.4581 4.1243
Car -1 -1 -4.5256 900.8455 167.5568 936.2111 190.9707 1.6627 1.6940 4.0463 22.8304 1.2862 53.3918 -4.1238 -2.2343
Car -1 -1 -6.3417 1160.4943 172.2549 1241.0000 206.3219 1.5321 1.5749 3.5456 28.2505 1.5048 34.1287 -5.6548 -2.2732
Car -1 -1 -6.5917 1086.9103 180.2592 1241.0000 242.0731 1.5904 1.6921 3.5860 15.6966 1.8127 20.2975 -5.9410 -3.0806
Car -1 -1 -7.4643 1104.1115 170.3331 1178.0770 204.0466 1.5297 1.6027 3.6011 25.2665 1.4150 34.3645 -6.8347 -3.8057
Car -1 -1 -6.5004 1053.0479 164.7579 1128.2847 187.9994 1.5867 1.7139 4.1312 33.7297 1.0337 50.7995 -5.9171 -3.8821
Car -1 -1 -6.5798 1123.3638 167.3518 1203.5902 191.5782 1.6067 1.7089 4.0266 37.7395 1.2415 49.3493 -5.9300 -3.9089
Car -1 -1 -7.9957 1065.9526 161.6408 1099.0184 180.9696 1.5689 1.7312 4.2807 39.7842 0.6584 60.8738 -7.4192 -3.9730
Car -1 -1 -3.5878 818.9611 179.1736 894.5351 204.2445 1.4601 1.5545 4.0413 14.8287 1.8501 43.5468 -3.2621 -4.0809
Car -1 -1 -3.7040 1088.5801 161.2282 1149.3353 178.9931 1.4303 1.7323 3.7116 41.5851 0.4940 59.0482 -3.0929 -4.2474
Car -1 -1 -4.7554 1123.8114 179.0497 1202.3690 237.1870 1.6463 1.7727 4.1399 17.5483 1.8635 23.1123 -4.1127 -4.5852
Car -1 -1 -4.4062 1193.4501 168.1920 1241.0000 191.0269 1.4825 1.7990 3.8210 41.1705 1.1796 48.6278 -3.7069 -4.9548
Car -1 -1 -2.9657 757.8135 170.4300 816.9487 188.3766 1.6336 1.8001 5.1408 16.5741 1.4127 67.5394 -2.7263 -5.3573
Car -1 -1 -4.5760 914.5480 190.6220 964.6589 228.4838 1.4883 1.5582 3.7417 14.7247 2.3311 32.2380 -4.1517 -5.4469
Car -1 -1 -8.7553 969.9589 185.5455 1092.5024 229.2899 1.5799 1.7780 4.1135 17.1022 2.1397 29.5996 -8.2364 -5.6567
Car -1 -1 -5.7845 1241.0000 175.5212 1241.0000 374.0000 1.5544 1.5617 3.7518 6.2223 1.5734 3.3112 -4.7395 -5.7176
Car -1 -1 -5.9510 0.0000 199.2274 24.0628 374.0000 1.6506 1.8470 4.1493 -6.4707 1.8856 4.4996 -6.8859 -5.7826
Car -1 -1 -5.7307 1241.0000 192.8253 1241.0000 374.0000 1.4862 1.5521 3.5767 4.8967 1.6099 2.6889 -4.7079 -5.8547
Car -1 -1 -6.7848 0.0000 0.0000 1241.0000 374.0000 1.5582 1.5926 3.8076 -2.9051 1.6910 1.0027 -7.9390 -5.8867
Car -1 -1 -8.9131 0.0000 0.0000 1241.0000 374.0000 1.5548 1.5923 3.8071 1.9184 1.6264 1.0025 -7.9391 -5.8867
Car -1 -1 -4.7609 1133.8312 166.7141 1163.7463 186.0422 1.4332 1.6395 4.0088 41.4647 0.9776 55.6256 -4.1230 -5.8867
Car -1 -1 -5.8755 1241.0000 183.8390 1241.0000 374.0000 1.5428 1.6169 3.9703 7.7899 1.6175 2.9289 -4.6974 -5.8867
Car -1 -1 -4.8162 1229.9235 166.7763 1241.0000 190.6386 1.4760 1.6664 4.0330 41.4754 1.0997 46.7561 -4.0939 -5.8867
Car -1 -1 -3.7756 0.0000 183.0062 314.5310 316.5064 1.4359 1.6409 3.9024 -6.3450 1.6089 10.1994 -4.3208 -5.8867
Car -1 -1 -4.7948 1179.2372 163.0019 1217.5460 185.9230 1.5375 1.7121 4.3739 41.2437 0.8764 50.6895 -4.1148 -5.8867
Car -1 -1 -3.6011 0.0000 191.9428 0.0000 374.0000 1.5043 1.6041 3.9572 -5.4729 1.6237 2.5312 -4.6973 -5.8867
Car -1 -1 -3.8224 0.0000 181.0190 41.9108 374.0000 1.4624 1.5982 3.9164 -8.2899 1.5683 7.3812 -4.6476 -5.8867
Car -1 -1 -4.5629 0.0000 0.0000 1241.0000 374.0000 1.5318 1.6129 3.9715 -0.2567 1.6463 1.7196 -4.6976 -5.8867
Car -1 -1 -5.7269 0.0000 0.0000 1241.0000 374.0000 1.5249 1.6093 3.9661 3.3711 1.5885 1.7275 -4.6975 -5.8867
Car -1 -1 -5.3605 0.0000 0.0000 1241.0000 374.0000 1.5003 1.6068 4.0566 40.2351 0.5300 -0.2942 -3.7896 -5.8867
Car -1 -1 -4.1081 270.1326 184.2582 461.2604 275.9424 1.4748 1.6255 3.8652 -4.6508 1.7320 14.2100 -4.4196 -5.8867
Car -1 -1 -4.8698 1241.0000 166.2410 1241.0000 192.1873 1.5185 1.6610 4.0200 41.4665 1.1312 44.3598 -4.1216 -5.8867
Car -1 -1 -5.9375 1241.0000 116.1726 1241.0000 374.0000 1.4844 1.5949 3.9489 9.3966 1.4098 2.9320 -4.6974 -5.8867
Car -1 -1 -4.7808 1156.6348 166.8174 1189.9908 187.5510 1.4679 1.6516 4.0157 41.4646 1.0402 53.2123 -4.1217 -5.8867
Car -1 -1 -4.0864 0.0000 179.4832 219.1357 298.6104 1.4506 1.5817 3.9340 -7.8837 1.5694 10.9847 -4.6976 -5.8867
Car -1 -1 -5.6238 1241.0000 0.0000 1241.0000 374.0000 1.5405 1.6694 4.0267 41.4574 0.7281 2.5245 -4.1208 -5.8867
Car -1 -1 -9.3708 1241.0000 176.8388 1241.0000 286.6898 1.7087 1.5419 3.5205 14.0554 1.7914 13.1929 -8.5654 -5.9496
