Car -1 -1 -7.7825 804.4321 168.7219 922.3547 274.5874 1.4918 1.6200 3.4638 4.2808 1.4332 12.0782 -7.4503 7.9791
Car -1 -1 -4.4176 341.5461 177.3868 469.1526 250.6365 1.4285 1.5890 4.3093 -4.5487 1.5457 16.5180 -4.6829 7.1614
Car -1 -1 -7.6481 478.6778 165.1901 599.0037 254.4971 1.6854 1.7521 4.3651 -1.4469 1.5405 15.8862 -7.7383 6.8635
Car -1 -1 -4.1113 0.0000 185.7290 350.7214 374.0000 1.5691 1.5456 3.7057 -3.4614 1.6966 5.2830 -4.6693 6.4091
Car -1 -1 -7.3991 844.0385 166.1170 999.2666 236.5807 1.4481 1.6556 4.2224 7.3012 1.3093 16.8356 -6.9967 6.3071
Car -1 -1 -7.7789 593.0443 171.4451 625.0833 197.7407 1.4892 1.6136 3.9977 -0.0487 1.4091 42.9148 -7.7805 -0.8357
Car -1 -1 -7.8744 464.6080 161.2408 488.2469 184.5559 1.7714 1.7466 4.5569 -10.6551 0.8888 57.2284 -8.0579 -1.8642
Car -1 -1 -4.5322 442.8167 180.4377 489.0231 213.0160 1.4629 1.5773 3.6155 -6.9848 1.8503 35.0669 -4.7279 -2.8597
Car -1 -1 -7.4607 578.6328 170.2235 625.4261 194.8998 1.5253 1.6720 3.8796 -0.5014 1.3624 46.7127 -7.4718 -3.2124
Car -1 -1 -3.4302 552.3796 168.8386 627.1596 197.8129 1.5331 1.6663 3.7796 -1.1576 1.3204 39.5616 -3.4597 -3.2200
Car -1 -1 -4.8299 463.0303 165.6160 494.4989 191.8779 1.8806 1.8576 3.9284 -9.8529 1.3620 53.8181 -5.0104 -3.3465
Car -1 -1 -5.1173 548.5486 169.7735 592.5305 193.7026 1.4819 1.5494 3.5745 -2.6220 1.2908 46.6282 -5.1735 -3.8409
Car -1 -1 -6.5420 0.0000 190.4399 271.4236 322.6512 1.4608 1.5488 4.0018 -7.3630 1.7663 10.5292 -7.1407 -3.8419
Car -1 -1 -6.2778 0.0000 0.0000 1241.0000 374.0000 1.4262 1.4978 3.2749 -3.8052 1.5353 0.9153 -7.5434 -4.2931
Car -1 -1 -8.3612 545.9082 168.4378 602.1661 196.6597 1.5785 1.6469 3.8225 -2.1964 1.3312 42.4144 -8.4130 -4.3114
Car -1 -1 -7.8943 146.0870 191.1378 290.1491 322.4554 1.3670 1.4780 3.5332 -5.4899 1.6666 9.9361 -8.3883 -4.3756
Car -1 -1 -7.9842 1071.3018 153.5961 1213.6841 245.3483 1.5486 1.6766 4.1198 10.3494 1.2233 14.3919 -7.3707 -4.8402
Car -1 -1 -4.6586 577.7413 170.7083 597.1268 186.4269 1.4533 1.6398 3.8963 -2.1421 1.2546 68.6756 -4.6900 -4.8490
Car -1 -1 -7.9535 460.6605 165.3763 487.6443 187.7148 1.8397 1.8375 4.4211 -11.6951 1.2236 61.8026 -8.1399 -4.9090
Car -1 -1 -8.0629 572.7457 164.9202 603.3578 186.3121 1.8099 1.8229 4.3268 -1.9910 1.1384 63.3669 -8.0944 -5.0816
Car -1 -1 -4.6457 581.6167 164.2212 606.6172 184.7610 1.6464 1.8244 3.7918 -1.3093 0.9541 59.7717 -4.6678 -5.0859
Car -1 -1 -6.7152 0.0000 0.0000 1241.0000 374.0000 1.5252 1.4598 3.1616 -2.4894 1.6233 0.7095 -7.9065 -5.0921
Car -1 -1 -5.9367 0.0000 165.5964 13.6604 267.0959 1.6996 1.6153 4.0319 -14.1505 1.5777 13.6801 -6.7292 -5.1154
Car -1 -1 -5.0424 477.5280 173.7301 593.6913 230.1283 1.3950 1.8188 4.6818 -2.2952 1.4226 20.4302 -5.1535 -5.1641
Car -1 -1 -4.8064 935.1048 159.0531 982.5079 195.1809 1.6423 1.6780 3.9546 16.7821 1.0147 34.9454 -4.3622 -5.5300
Car -1 -1 -7.2342 28.4850 0.0000 1241.0000 374.0000 1.4974 1.5188 3.6441 -1.3045 1.5330 1.0968 -7.9949 -5.7163
Car -1 -1 -2.7476 547.8405 175.4639 630.0673 204.8236 1.4677 1.6472 3.9796 -1.1384 1.6095 37.8093 -2.7780 -5.7342
Car -1 -1 -5.1876 585.3601 163.8151 623.5162 183.8042 1.7679 1.7447 4.2372 -0.5701 0.9682 66.0966 -5.1964 -5.7566
Car -1 -1 -5.0262 497.8079 177.8917 585.0335 222.0936 1.3783 1.7065 4.6134 -2.5785 1.5733 25.5141 -5.1264 -5.7738
Car -1 -1 -3.8730 1070.7417 137.7723 1241.0000 374.0000 1.4045 1.6079 3.9058 4.3099 1.3193 2.9196 -2.9434 -5.7787
Car -1 -1 -4.8980 874.8065 164.9249 949.4952 209.9836 1.4086 1.6155 3.9456 10.1673 1.1604 24.6510 -4.5114 -5.8725
Car -1 -1 -3.5058 0.0000 182.5629 0.0000 374.0000 1.4757 1.5980 3.9485 -7.0821 1.5361 2.5307 -4.6986 -5.8867
Car -1 -1 -9.1567 0.0000 0.0000 1241.0000 374.0000 1.5089 1.5780 3.7923 3.5253 1.4521 1.0065 -7.9393 -5.8867
Car -1 -1 -5.5151 0.0000 0.0000 1206.2958 374.0000 1.4926 1.6038 3.9567 2.1547 1.4836 1.7188 -4.6977 -5.8867
Car -1 -1 -7.6487 216.6648 199.5499 349.2457 302.2326 1.3063 1.3316 2.9260 -5.1519 1.7918 11.5627 -8.0600 -5.9848
Car -1 -1 -5.1857 813.3536 164.2530 912.9283 204.0694 1.3866 1.6683 4.5192 9.4513 1.0868 27.4847 -4.8581 -6.0424
Car -1 -1 -7.1178 1236.9647 166.5118 1241.0000 374.0000 1.4040 1.5818 4.1855 6.6935 1.3736 4.4540 -6.1644 -6.0805
Car -1 -1 -4.2456 0.0000 184.9760 0.0000 374.0000 1.4346 1.5370 3.8190 -6.3736 1.5456 4.5727 -5.1660 -6.2766
