Car -1 -1 -7.8332 1035.2644 189.8389 1214.1617 331.5185 1.4733 1.7112 3.7138 7.0060 1.7555 9.9941 -7.2365 5.7961
Car -1 -1 -7.8885 1105.4734 190.3868 1160.1350 231.5990 1.4083 1.5781 3.6877 20.3916 2.1438 28.3082 -7.2698 2.8797
Car -1 -1 -5.0461 1030.6646 163.9256 1084.6989 194.2560 1.9826 1.7592 4.4911 30.6209 1.3987 49.5474 -4.4955 -3.8083
Car -1 -1 -5.9753 1146.4834 198.2193 1241.0000 355.4636 1.3712 1.5800 3.9341 9.3320 1.7643 9.0817 -5.1931 -3.9408
Car -1 -1 -5.2670 1139.2903 191.0329 1226.9187 229.9059 1.6189 1.5356 3.5592 26.5604 2.5126 33.6336 -4.6035 -4.1724
Car -1 -1 -5.8925 1071.2625 159.8937 1144.8384 188.3252 1.8817 1.6452 3.8422 34.2918 1.0236 49.8108 -5.2925 -4.2066
Car -1 -1 -8.2251 1049.8743 191.1510 1133.8489 230.9513 1.4077 1.6423 3.4786 19.2884 2.1930 29.1120 -7.6453 -4.2963
Car -1 -1 -4.8162 1017.4499 166.1618 1046.4424 185.4733 1.6683 1.8065 4.1479 37.7064 1.0899 64.5955 -4.2900 -4.6726
Car -1 -1 -8.1323 965.7228 165.4600 1002.4943 184.8215 1.5656 1.6900 3.9961 31.2733 0.9674 60.4695 -7.6571 -4.8446
Car -1 -1 -4.9316 1113.9602 165.7113 1169.2135 198.9943 1.9766 1.8970 4.1873 33.1410 1.5521 45.1495 -4.3018 -4.9274
Car -1 -1 -4.9801 1139.3313 195.2558 1195.5479 224.9043 1.4321 1.4906 3.8017 30.7691 2.7364 39.9787 -4.3284 -5.1063
Car -1 -1 -8.4686 970.0818 168.8412 1029.0081 193.6882 1.5764 1.5760 3.6927 25.6526 1.3215 47.7077 -7.9781 -5.2301
Car -1 -1 -1.7297 0.0000 177.4453 0.0000 374.0000 1.4115 1.6059 4.0271 -7.7418 1.4621 6.2738 -2.5984 -5.3161
Car -1 -1 -4.9728 1001.9661 171.7197 1032.8047 189.0859 1.5843 1.6110 3.7143 38.2303 1.4805 67.8237 -4.4617 -5.3554
Car -1 -1 -3.8963 0.0000 134.7711 254.4916 374.0000 1.8330 1.6303 4.1021 -5.8226 1.5519 7.4803 -4.5408 -5.4030
Car -1 -1 -2.1594 0.0000 175.3078 7.6720 374.0000 1.4460 1.5726 4.0837 -6.4360 1.4638 4.4606 -3.0957 -5.5614
Car -1 -1 -2.5425 0.0000 185.5550 0.0000 316.3387 1.4411 1.5756 4.2868 -11.1597 1.6309 9.5011 -3.3940 -5.6265
Car -1 -1 -2.1995 0.0000 177.4684 19.8121 329.1138 1.4292 1.5992 3.9569 -9.0214 1.4856 7.8639 -3.0364 -5.7049
Car -1 -1 -8.8497 952.5366 178.9725 1012.4345 203.9500 1.4134 1.4546 2.8529 22.2360 1.7931 43.2125 -8.3777 -5.7307
Car -1 -1 -3.7373 0.0000 193.0774 139.2602 374.0000 1.4249 1.5745 3.9771 -3.8298 1.5514 2.5101 -4.6790 -5.8086
Car -1 -1 -9.1893 0.0000 0.0000 1241.0000 374.0000 1.5091 1.6027 3.8489 6.3522 1.5269 1.3665 -7.8742 -5.8867
Car -1 -1 -4.9096 1241.0000 165.3669 1241.0000 192.7890 1.4827 1.6493 4.0081 41.4657 1.0776 41.1386 -4.1240 -5.8867
Car -1 -1 -7.0087 0.0000 0.0000 1241.0000 374.0000 1.5541 1.5940 3.8084 -1.7119 1.6579 0.9959 -7.9397 -5.8867
Car -1 -1 -4.7001 1065.9277 169.2333 1088.4224 185.7877 1.4211 1.6324 4.0043 41.4710 1.1100 64.0621 -4.1279 -5.8867
Car -1 -1 -4.6123 1037.1886 170.4457 1063.1034 186.5752 1.4531 1.6592 4.1905 40.9773 1.2358 67.1748 -4.0667 -5.8867
Car -1 -1 -4.8793 1241.0000 161.6716 1241.0000 186.8362 1.4451 1.6477 4.0156 41.4531 0.8026 43.5615 -4.1222 -5.8867
Car -1 -1 -8.7982 0.0000 0.0000 1144.8234 374.0000 1.5476 1.5927 3.8071 1.5038 1.5991 0.9959 -7.9398 -5.8867
Car -1 -1 -4.7412 1112.7902 169.0495 1139.9731 187.9957 1.4681 1.6479 4.0090 41.4677 1.1730 58.0359 -4.1234 -5.8867
Car -1 -1 -5.8754 1241.0000 184.1012 1241.0000 374.0000 1.5426 1.6158 3.9698 7.7899 1.6190 2.9292 -4.6974 -5.8867
Car -1 -1 -7.8471 0.0000 0.0000 1110.0685 374.0000 1.5541 1.5933 3.8087 -0.1040 1.6409 0.9961 -7.9397 -5.8867
Car -1 -1 -3.5425 0.0000 186.4100 0.0000 374.0000 1.4901 1.5995 3.9541 -5.4741 1.5672 2.1336 -4.6978 -5.8867
Car -1 -1 -5.8821 0.0000 0.0000 1241.0000 374.0000 1.5265 1.6081 3.9652 4.9798 1.5832 1.7266 -4.6972 -5.8867
Car -1 -1 -9.1563 0.0000 0.0000 1241.0000 374.0000 1.5484 1.5858 3.8043 3.5279 1.5954 1.0055 -7.9389 -5.8867
Car -1 -1 -3.4670 0.0000 181.8039 0.0000 374.0000 1.5161 1.6118 3.9572 -7.8847 1.5719 2.5310 -4.6950 -5.8867
Car -1 -1 -4.9380 1241.0000 164.9142 1241.0000 194.8768 1.5197 1.6596 4.0166 41.4662 1.1167 38.7263 -4.1224 -5.8867
Car -1 -1 -4.0510 319.8609 182.2856 506.9736 269.2099 1.4574 1.6290 3.8299 -3.8531 1.6756 14.6302 -4.3048 -5.8867
Car -1 -1 -5.3605 0.0000 0.0000 1241.0000 374.0000 1.5003 1.6068 4.0566 40.2351 0.5300 -0.2942 -3.7896 -5.8867
Car -1 -1 -5.9375 1241.0000 143.6020 1241.0000 374.0000 1.4998 1.6006 3.9545 9.3966 1.4613 2.9308 -4.6974 -5.8867
Car -1 -1 -4.7122 1086.7281 167.6171 1110.9712 185.6855 1.4807 1.6572 4.0266 41.4657 1.0512 61.2619 -4.1195 -5.8867
Car -1 -1 -4.3836 296.4021 175.5855 435.0153 253.2788 1.4303 1.5801 3.9303 -5.0788 1.4958 15.3989 -4.6976 -5.8867
Car -1 -1 -4.8495 1239.9697 164.0795 1241.0000 187.8284 1.4423 1.6339 4.0915 41.5154 0.9091 45.9712 -4.1183 -5.9202
Car -1 -1 -6.5306 1065.8640 174.4642 1177.8441 208.7713 1.6855 1.6821 4.4222 26.2052 1.7717 37.1678 -5.9206 -6.4152
