Car -1 -1 -8.4845 0.0000 0.0000 1241.0000 374.0000 1.4224 1.5755 3.7989 3.1151 1.6171 1.9321 -7.5357 -0.1591
Car -1 -1 -7.6751 487.3312 202.6118 1241.0000 374.0000 1.5084 1.6098 3.9578 1.5051 1.7033 2.6666 -7.2087 -2.9200
Car -1 -1 -7.9737 599.0690 168.4055 689.7101 247.2427 1.7340 1.7344 4.0900 0.6823 1.6359 17.9804 -7.9374 -4.9491
Car -1 -1 -9.2993 0.0000 0.0000 1241.0000 374.0000 1.5373 1.6805 4.2291 5.0342 1.5887 1.6645 -8.1000 -4.9891
Car -1 -1 -6.7932 1120.8879 142.1453 1215.7356 175.0300 1.6658 1.5898 3.5901 28.9812 0.1099 37.5933 -6.1401 -5.0600
Car -1 -1 -1.9660 0.0000 178.4205 0.0000 362.1151 1.4252 1.6571 3.9626 -8.3642 1.4907 7.1065 -2.8138 -5.2535
Car -1 -1 -2.3016 0.0000 193.3094 4.5228 308.3398 1.4143 1.6320 4.4958 -11.3661 1.7205 9.9884 -3.1380 -5.4172
Car -1 -1 -2.2760 0.0000 174.8141 55.5985 374.0000 1.4564 1.6175 4.1845 -6.2930 1.4709 4.5319 -3.1944 -5.4390
Car -1 -1 -2.2213 0.0000 185.4418 0.0000 320.7948 1.4173 1.5430 3.8127 -10.0622 1.5835 8.6353 -3.0674 -5.5434
Car -1 -1 -7.5288 508.0715 174.3572 607.5211 235.8374 1.4660 1.5856 3.5434 -1.3362 1.5097 19.2130 -7.5980 -5.5497
Car -1 -1 -6.5687 1185.5095 146.8665 1241.0000 176.6703 1.4443 1.5478 3.7268 31.5790 0.1846 36.4388 -5.8585 -5.6991
Car -1 -1 -3.5833 0.0000 202.9475 153.6403 374.0000 1.3776 1.5561 3.6376 -4.3329 1.5959 3.2882 -4.4657 -5.7156
Car -1 -1 -4.3071 403.0385 181.7915 530.2222 254.4054 1.5403 1.6776 3.8885 -3.4558 1.7874 17.8964 -4.4959 -5.7619
Car -1 -1 -4.5659 533.6898 181.7970 599.6057 233.1952 1.5479 1.6599 4.0714 -1.4336 1.8781 24.5620 -4.6244 -5.8379
Car -1 -1 -8.6242 1241.0000 177.5560 1241.0000 374.0000 1.4853 1.5803 3.9026 9.9276 1.5440 6.9942 -7.6872 -5.8608
Car -1 -1 -5.9337 1241.0000 100.7773 1241.0000 374.0000 1.5407 1.6166 3.9641 8.1963 1.4873 2.5277 -4.6946 -5.8867
Car -1 -1 -3.7854 0.0000 178.9652 33.4291 284.3446 1.4484 1.6228 3.8873 -12.3278 1.5687 12.1955 -4.5652 -5.8867
Car -1 -1 -3.9356 0.0000 186.4150 324.6612 374.0000 1.5061 1.6076 3.9613 -2.6688 1.5907 2.5236 -4.6977 -5.8867
Car -1 -1 -5.6932 1241.0000 173.6581 1241.0000 374.0000 1.5103 1.6015 3.9591 11.8040 1.5204 7.3501 -4.6975 -5.8867
Car -1 -1 -4.5749 488.3813 179.1611 550.6199 226.5825 1.4562 1.5809 3.9340 -3.0559 1.6887 24.6608 -4.6975 -5.8867
Car -1 -1 -3.5161 0.0000 185.8688 0.0000 374.0000 1.4877 1.5992 3.9537 -5.8791 1.5617 2.1294 -4.6976 -5.8867
Car -1 -1 -5.9156 1241.0000 177.5173 1241.0000 374.0000 1.5189 1.6070 3.9622 6.5861 1.5453 2.1294 -4.6976 -5.8867
Car -1 -1 -5.6187 1241.0000 0.0000 1241.0000 374.0000 1.5223 1.6623 4.0205 41.4585 0.6951 2.9192 -4.1252 -5.8867
Car -1 -1 -5.9476 1241.0000 0.0000 1241.0000 374.0000 1.4699 1.5966 3.9376 9.8011 1.2078 2.9350 -4.6948 -5.8867
Car -1 -1 -4.4913 410.7344 179.0297 499.3468 238.1018 1.4597 1.5869 3.9394 -4.2732 1.6495 20.2251 -4.6975 -5.8867
Car -1 -1 -6.8674 0.0000 0.0000 1241.0000 374.0000 1.5014 1.5847 3.9018 -1.3155 1.5980 0.5307 -7.8859 -5.8867
Car -1 -1 -3.4968 0.0000 188.4885 0.0000 374.0000 1.4834 1.5952 3.9494 -8.2902 1.5898 2.9350 -4.6975 -5.8867
Car -1 -1 -5.3605 0.0000 0.0000 1241.0000 374.0000 1.5003 1.6068 4.0566 40.2351 0.5300 -0.2942 -3.7896 -5.8867
Car -1 -1 -4.6668 1040.5524 169.6969 1063.4684 186.2538 1.5045 1.6615 4.0266 41.4691 1.2173 67.6969 -4.1194 -5.8867
Car -1 -1 -7.3684 1008.3054 165.5044 1047.9659 181.7490 1.5422 1.6677 4.0140 40.7151 0.8441 70.2742 -6.8453 -5.8867
Car -1 -1 -5.6703 1241.0000 172.4563 1241.0000 336.9479 1.5000 1.5953 3.9522 13.0207 1.4961 8.5677 -4.6975 -5.8867
Car -1 -1 -4.7304 615.4022 173.3915 660.7618 214.3682 1.4226 1.5780 3.9203 0.9627 1.4439 27.0744 -4.6958 -5.8867
Car -1 -1 -4.7889 656.1724 172.9917 706.9769 213.8820 1.4218 1.5776 3.9197 2.5706 1.4270 27.0740 -4.6959 -5.8867
Car -1 -1 -4.6384 500.5850 182.4741 566.8629 237.5444 1.4222 1.6513 4.1017 -2.2195 1.7353 21.4324 -4.7411 -6.1075
Car -1 -1 -7.6382 0.0000 277.8773 579.4736 374.0000 1.2350 2.0268 6.2730 -1.2893 2.3921 4.7794 -7.8913 -7.1369
