Car -1 -1 -7.6777 1117.1731 189.0494 1241.0000 304.1024 1.4592 1.5972 3.5746 9.4466 1.7553 11.4279 -7.0003 4.0075
Car -1 -1 -7.4154 1129.0956 158.9508 1186.0415 185.1089 1.9042 1.9618 3.8753 41.1777 0.8918 54.2966 -6.7693 -4.9437
Car -1 -1 -4.3041 1197.7657 178.1519 1241.0000 207.6356 1.5322 1.7669 4.0508 34.5004 1.8363 39.7789 -3.5937 -5.0794
Car -1 -1 -4.7027 1098.3229 164.9216 1124.7532 183.9929 1.4997 1.7211 4.3220 40.9945 0.8756 59.0026 -4.0980 -5.1690
Car -1 -1 -2.2726 141.3041 189.0222 370.9220 282.9367 1.4469 1.5812 3.9677 -6.5249 1.7759 13.1675 -2.7251 -5.2767
Car -1 -1 -4.8582 1141.4926 176.5861 1186.5115 201.7808 1.4756 1.6199 4.1979 34.5604 1.7203 45.1474 -4.2084 -5.3866
Car -1 -1 -4.9589 1241.0000 167.1039 1241.0000 193.6348 1.6145 1.6198 3.6292 41.7055 1.2643 45.8908 -4.2246 -5.4050
Car -1 -1 -7.1720 1180.9661 168.3120 1241.0000 193.9642 1.6444 1.8315 3.6538 39.9594 1.3530 47.5022 -6.4759 -5.4124
Car -1 -1 -1.9226 0.0000 180.4384 0.0000 374.0000 1.4129 1.5454 3.9815 -7.8876 1.4944 6.3742 -2.7931 -5.4764
Car -1 -1 -2.0441 0.0000 180.1134 0.0000 374.0000 1.3905 1.5350 3.8784 -6.2672 1.4407 4.0126 -3.0147 -5.6778
Car -1 -1 -5.2496 1241.0000 189.3998 1241.0000 338.3148 1.4127 1.5525 4.0751 10.8361 1.6802 9.5039 -4.4146 -5.6802
Car -1 -1 -3.8254 0.0000 180.7130 200.4853 296.8518 1.4564 1.5996 3.8386 -8.7030 1.6025 11.3828 -4.4671 -5.8020
Car -1 -1 -3.7328 0.0000 190.8718 139.6710 374.0000 1.4211 1.5709 3.9719 -3.8242 1.5336 2.5024 -4.6751 -5.8039
Car -1 -1 -5.1967 1159.6489 170.4670 1231.7192 202.1744 1.8824 1.7055 4.2264 36.4398 1.7404 45.0726 -4.5204 -5.8859
Car -1 -1 -5.6039 1241.0000 0.0000 1241.0000 374.0000 1.5439 1.6706 4.0285 41.4571 0.7260 3.3302 -4.1202 -5.8867
Car -1 -1 -4.6483 542.7883 174.7051 604.2400 227.5801 1.4166 1.5727 3.9211 -1.0503 1.4764 21.4411 -4.6974 -5.8867
Car -1 -1 -9.3082 0.0000 0.0000 1241.0000 374.0000 1.5551 1.5892 3.8014 6.3283 1.5327 0.9944 -7.9381 -5.8867
Car -1 -1 -5.6052 1241.0000 174.3790 1241.0000 308.2840 1.5101 1.6013 3.9565 13.4200 1.5355 10.1727 -4.6973 -5.8867
Car -1 -1 -5.8689 1241.0000 175.3966 1241.0000 374.0000 1.5171 1.6045 3.9610 8.5873 1.5356 3.3270 -4.6975 -5.8867
Car -1 -1 -3.8381 0.0000 179.7167 0.0000 343.2997 1.4607 1.6026 3.9618 -10.2645 1.5612 8.6042 -4.6959 -5.8867
Car -1 -1 -4.9711 1241.0000 164.6546 1241.0000 196.5731 1.5121 1.6565 4.0117 41.4663 1.1234 36.3101 -4.1237 -5.8867
Car -1 -1 -8.8973 0.0000 0.0000 1241.0000 374.0000 1.4955 1.5975 3.8453 2.7374 1.5168 1.3724 -7.8744 -5.8867
Car -1 -1 -7.8190 0.0000 0.0000 1241.0000 374.0000 1.4986 1.5980 3.8475 -0.0775 1.5544 1.3720 -7.8743 -5.8867
Car -1 -1 -3.5214 0.0000 185.0470 0.0000 374.0000 1.4721 1.5902 3.9446 -8.6876 1.5618 3.3398 -4.6973 -5.8867
Car -1 -1 -9.2433 0.0000 0.0000 1241.0000 374.0000 1.5419 1.5847 3.8032 4.7194 1.5590 0.9974 -7.9396 -5.8867
Car -1 -1 -3.4002 0.0000 0.0000 1241.0000 374.0000 1.5411 1.6156 3.9634 -7.0788 1.6330 1.7259 -4.6943 -5.8867
Car -1 -1 -5.2885 1068.3943 172.3597 1130.9799 194.4672 1.4219 1.5759 3.9233 32.7158 1.3898 48.3798 -4.6969 -5.8867
Car -1 -1 -5.7218 1241.0000 171.6131 1241.0000 374.0000 1.5008 1.5971 3.9539 10.6079 1.4933 6.1544 -4.6976 -5.8867
Car -1 -1 -4.1530 0.0000 194.8365 511.4492 374.0000 1.5245 1.6054 3.9652 -1.4522 1.6500 2.1338 -4.6976 -5.8867
Car -1 -1 -5.6849 1241.0000 172.4128 1241.0000 359.7852 1.4998 1.5952 3.9519 12.2164 1.4959 7.7629 -4.6975 -5.8867
Car -1 -1 -4.6454 1029.3175 168.0611 1052.6864 184.2247 1.5031 1.6666 4.0623 41.3606 1.0571 69.2423 -4.1090 -5.8867
Car -1 -1 -8.9529 0.0000 0.0000 1241.0000 374.0000 1.5119 1.5923 3.9069 1.4942 1.5949 0.5252 -7.8857 -5.8867
Car -1 -1 -5.6387 0.0000 0.0000 1241.0000 374.0000 1.5075 1.6656 4.0820 41.2641 0.7249 0.8727 -4.0961 -5.8867
Car -1 -1 -4.7564 1166.8425 166.1439 1200.1678 188.2805 1.5420 1.6996 4.0864 41.5812 1.0743 52.4146 -4.0886 -5.8867
Car -1 -1 -3.4786 0.0000 0.0000 1241.0000 374.0000 1.5079 1.6017 3.9577 -5.4717 1.6340 1.7282 -4.6972 -5.8867
Car -1 -1 -4.8938 1241.0000 168.1324 1241.0000 194.1525 1.4652 1.6450 3.9958 41.4876 1.1990 42.7500 -4.1270 -5.8867
Car -1 -1 -4.9323 1241.0000 167.6366 1241.0000 195.5348 1.4616 1.6339 3.9869 41.4690 1.1880 39.9172 -4.1317 -5.8867
Car -1 -1 -4.8125 1190.4666 167.3608 1229.1073 189.6343 1.4776 1.6483 4.0099 41.4669 1.1129 49.9907 -4.1231 -5.8867
Car -1 -1 -4.6714 1127.1183 165.6443 1155.2521 184.3645 1.4188 1.6225 4.3383 41.8755 0.8721 56.8875 -4.0395 -5.9717
Car -1 -1 -5.5182 1239.9668 172.9326 1241.0000 204.0276 1.5510 1.6581 4.1273 35.9321 1.5551 38.1067 -4.7663 -6.5870
