Car -1 -1 -4.5144 453.2154 183.7051 537.7006 238.8702 1.4470 1.7155 4.2873 -3.4123 1.8098 21.9636 -4.6674 7.5478
Car -1 -1 -8.0090 657.1140 181.9284 728.1984 235.5875 1.4733 1.6144 3.5966 2.4158 1.7761 22.2676 -7.9031 6.5094
Car -1 -1 -4.8743 682.2870 177.0523 795.5901 263.8625 1.5907 1.6975 3.9771 2.5441 1.6917 15.4048 -4.7147 6.4198
Car -1 -1 -4.1621 0.0000 197.9116 337.1967 374.0000 1.4565 1.5983 4.1765 -3.5345 1.7078 5.1344 -4.7418 5.9108
Car -1 -1 -4.6300 520.0624 182.0212 554.6037 212.0872 1.4231 1.4863 3.3656 -3.7136 1.9130 36.8831 -4.7302 4.0155
Car -1 -1 -4.6094 488.5358 181.6694 539.1237 224.3518 1.5239 1.6137 3.4532 -3.7465 1.8899 28.2318 -4.7407 3.0910
Car -1 -1 -4.8137 644.1575 182.5882 696.6239 224.5983 1.4337 1.5749 4.0444 2.1928 1.8335 27.6107 -4.7360 1.6857
Car -1 -1 -7.8152 632.1594 177.2490 652.3304 195.5054 1.4873 1.5811 3.7989 2.7576 1.8746 61.6827 -7.7712 0.7550
Car -1 -1 -4.7091 536.8549 179.3764 564.7966 206.5275 1.5502 1.6327 4.2159 -3.6711 1.9708 44.4024 -4.7916 -1.3868
Car -1 -1 -4.5016 611.2206 178.3192 642.4896 197.7619 1.5915 1.8171 4.5347 1.4873 2.0855 62.8384 -4.4784 -2.8019
Car -1 -1 -4.8319 635.5590 180.7311 670.6046 208.4690 1.4784 1.5659 3.7061 2.3934 1.9512 41.4347 -4.7752 -2.8173
Car -1 -1 -4.5058 554.5170 178.3934 595.3639 205.8555 1.5749 1.6986 4.1548 -2.1404 1.9326 44.4459 -4.5541 -3.3877
Car -1 -1 -4.5744 503.7091 166.8799 531.2784 187.7071 1.6899 1.7567 4.0445 -7.7530 1.2049 60.5760 -4.7014 -3.3928
Car -1 -1 -2.7621 351.9733 176.6473 461.8725 211.5116 1.5257 1.7264 4.5075 -9.2583 1.7042 32.9127 -3.0346 -3.4399
Car -1 -1 -7.9142 680.5862 164.1176 710.6355 195.0730 2.0925 1.8395 4.2991 5.9709 1.5016 50.9707 -7.7986 -3.7587
Car -1 -1 -4.7882 645.6246 178.2808 682.6182 210.7398 1.5846 1.6153 4.1722 2.7590 1.8860 38.0136 -4.7169 -3.7907
Car -1 -1 -7.9709 684.8638 163.4460 721.1104 196.6256 2.0329 1.7846 4.5191 5.8987 1.4562 46.4755 -7.8458 -3.8187
Car -1 -1 -6.4147 777.3039 176.8180 897.7891 220.4574 1.4691 1.6138 3.8895 7.9366 1.6157 25.6093 -6.1180 -3.8619
Car -1 -1 -4.9211 606.2882 179.3505 647.4460 207.7885 1.5185 1.6227 3.6737 0.8832 1.9084 41.3780 -4.9005 -4.1096
Car -1 -1 -4.5748 626.2737 177.1395 649.5714 195.5551 1.6333 1.6302 4.0452 2.6062 2.0444 67.1221 -4.5366 -4.2057
Car -1 -1 -2.2580 500.4906 165.3510 543.5942 184.6494 1.7243 1.7138 4.1262 -8.1538 1.0536 66.5139 -2.3797 -4.2489
Car -1 -1 -6.6067 744.5915 167.0283 833.1217 199.9352 1.5368 1.6444 3.8020 8.5146 1.2644 34.6775 -6.3682 -4.2862
Car -1 -1 -4.8125 489.4896 180.6914 524.3889 207.6930 1.5242 1.7299 3.7656 -6.3516 2.0233 43.9465 -4.9557 -4.5158
Car -1 -1 -6.2540 585.6309 178.8858 641.3079 199.7670 1.5004 1.6312 4.0467 0.2465 1.9525 53.2384 -6.2498 -4.7503
Car -1 -1 -4.5099 557.9086 178.7201 589.4283 202.5163 1.6236 1.5502 3.7849 -2.6204 2.0639 52.1995 -4.5603 -4.8279
Car -1 -1 -8.0810 653.4125 171.4127 680.0068 187.9879 1.5832 1.7210 4.1231 5.5331 1.4452 71.0865 -8.0039 -4.9998
Car -1 -1 -6.8706 0.0000 0.0000 1241.0000 374.0000 1.4869 1.4821 3.4135 -2.4432 1.6578 0.7128 -8.0542 -5.0783
Car -1 -1 -5.0610 607.1661 176.7678 637.9244 194.7494 1.6023 1.6245 3.9141 1.1158 1.9787 67.3300 -5.0449 -5.1174
Car -1 -1 -7.9636 603.4568 176.4758 652.1511 217.5226 1.6055 1.6077 4.1716 0.6477 1.7704 30.7509 -7.9434 -5.3677
Car -1 -1 -4.9912 651.6406 178.8241 713.8547 212.7917 1.3649 1.6471 4.1263 3.0964 1.6469 31.9377 -4.8960 -5.6324
Car -1 -1 -5.2555 628.8818 179.2795 683.8561 203.5409 1.4304 1.6999 3.9048 2.8576 1.8568 45.7908 -5.1941 -5.6534
Car -1 -1 -4.8721 633.3420 177.1731 658.7836 196.4355 1.4611 1.4980 3.3341 2.8065 1.8139 57.2504 -4.8238 -5.6697
Car -1 -1 -7.2063 164.7561 0.0000 1241.0000 374.0000 1.4083 1.5187 3.6016 -1.2683 1.4756 1.3973 -7.8566 -5.8584
Car -1 -1 -4.6932 591.5903 178.0824 612.3207 196.9050 1.4238 1.5846 3.9287 -0.6415 1.8555 57.6437 -4.7047 -5.8867
Car -1 -1 -8.1628 0.0000 0.0000 852.7587 374.0000 1.5388 1.5909 3.8048 0.3087 1.5755 1.0056 -7.9396 -5.8867
Car -1 -1 -4.9610 633.2242 178.7644 667.6403 199.8609 1.4880 1.6273 4.0475 2.9665 1.9495 54.2353 -4.9071 -5.9163
Car -1 -1 -4.4383 0.0000 167.7243 0.0000 374.0000 1.5036 1.6641 4.2483 -5.2637 1.4961 3.1569 -5.4310 -6.5667
