Car -1 -1 -4.5322 461.5542 183.3303 534.3353 231.2850 1.4233 1.6845 4.3651 -3.7565 1.8120 24.5855 -4.6829 7.8589
Car -1 -1 -4.3131 30.1840 188.7833 397.4330 374.0000 1.5036 1.6928 4.1889 -3.6783 1.7175 7.5796 -4.7521 7.3729
Car -1 -1 -4.8447 664.5825 175.4181 754.0099 250.0236 1.6487 1.6619 3.9628 2.3132 1.7196 18.0695 -4.7204 7.3198
Car -1 -1 -7.9908 642.5254 180.5312 703.8417 228.3648 1.4890 1.6060 3.6155 2.0590 1.7733 24.9037 -7.9100 6.0248
Car -1 -1 -4.6205 515.6356 179.6655 549.0737 209.4788 1.5341 1.5256 3.3311 -4.2576 1.9232 39.5723 -4.7275 4.4854
Car -1 -1 -4.8128 631.3408 181.7783 678.5138 220.3938 1.4581 1.5643 3.8920 1.7703 1.8550 30.1365 -4.7554 2.0181
Car -1 -1 -4.7614 626.0950 179.4083 655.3187 204.7190 1.4459 1.5823 4.1215 1.8111 1.8673 44.3578 -4.7214 1.4417
Car -1 -1 -8.1358 475.4240 179.1790 535.9614 217.0820 1.5679 1.6528 4.0338 -4.8396 1.8738 32.7529 -8.2819 -1.4633
Car -1 -1 -7.9180 611.2469 177.6491 632.8922 195.4557 1.5161 1.6848 3.8139 1.0269 1.9569 64.4258 -7.9026 -2.4963
Car -1 -1 -7.6831 467.8358 174.7700 502.9370 200.0942 1.6342 1.6737 4.0857 -8.4305 1.7692 48.9147 -7.8533 -3.1431
Car -1 -1 -7.9283 513.7233 165.4608 532.7106 182.0061 1.5442 1.5670 3.2263 -8.3470 0.8539 69.0769 -8.0483 -3.1679
Car -1 -1 -4.3413 544.7048 177.0436 591.3397 203.1752 1.5953 1.6443 4.1367 -2.7114 1.8807 46.9813 -4.3991 -3.2964
Car -1 -1 -3.5622 712.1086 174.7420 803.1333 208.8204 1.5582 1.6148 3.9283 6.9638 1.6509 34.3478 -3.3644 -3.6299
Car -1 -1 -7.7080 521.1697 178.6705 557.5547 204.4846 1.5319 1.7384 3.9673 -4.4645 1.9167 45.7531 -7.8052 -3.7077
Car -1 -1 -5.0767 533.5149 177.2253 582.7288 205.5519 1.5830 1.6130 3.9826 -3.1866 1.8570 43.1290 -5.1504 -3.7235
Car -1 -1 -8.0944 604.4234 174.0179 630.2512 190.0855 1.5012 1.6589 3.6865 0.6603 1.6165 69.6847 -8.0853 -3.9078
Car -1 -1 -2.4931 368.9736 178.3423 460.4895 210.7052 1.4689 1.6413 4.1024 -9.4591 1.7449 34.7990 -2.7570 -3.9236
Car -1 -1 -5.7407 615.8054 167.9421 664.5481 186.4682 1.6868 1.7133 4.2927 2.7903 1.2393 67.5936 -5.6999 -3.9252
Car -1 -1 -4.5355 526.7842 166.9141 548.2941 182.0656 1.4600 1.5505 3.3445 -7.1503 0.8873 71.2526 -4.6354 -3.9727
Car -1 -1 -4.9666 597.6595 178.7993 637.8796 205.6768 1.5394 1.5592 3.7643 0.3956 1.9202 44.2339 -4.9582 -4.0794
Car -1 -1 -3.2959 456.7409 179.9319 548.9895 219.5341 1.5767 1.6207 3.6521 -4.5893 1.8887 30.5167 -3.4444 -4.0882
Car -1 -1 -8.3526 716.8924 181.8118 796.6760 221.0812 1.4327 1.5539 3.7353 5.8221 1.8206 29.2580 -8.1588 -4.6092
Car -1 -1 -4.8729 520.2107 180.9467 573.5437 222.5774 1.5414 1.6106 3.4975 -2.6667 1.8915 29.3456 -4.9633 -4.8361
Car -1 -1 -4.8054 551.7505 177.2183 575.9610 198.3672 1.6859 1.6573 3.9684 -3.9232 2.0640 60.4709 -4.8703 -4.8448
Car -1 -1 -7.7819 595.2101 180.2048 637.4833 218.4208 1.4834 1.5386 3.6438 0.2771 1.8141 30.6080 -7.7736 -4.9586
Car -1 -1 -5.0387 632.3581 180.8175 678.6920 208.0078 1.4109 1.5485 3.4730 2.4656 1.8775 40.4209 -4.9788 -5.1634
Car -1 -1 -4.7440 628.6924 178.5329 654.6293 200.7470 1.4428 1.6568 3.8848 2.1188 1.8498 49.8102 -4.7022 -5.2133
Car -1 -1 -4.4783 483.9671 167.5307 516.1279 191.2731 1.7715 1.6230 3.7936 -8.4898 1.3740 55.7944 -4.6289 -5.2885
Car -1 -1 -5.2778 617.2380 179.0517 683.9765 207.9769 1.4175 1.6796 3.9547 2.0623 1.7655 38.4103 -5.2251 -5.3999
Car -1 -1 -4.9532 598.6493 179.1001 631.2678 199.8532 1.3859 1.4516 3.8014 0.2847 1.8482 51.4184 -4.9481 -5.4483
Car -1 -1 -3.7350 0.0000 203.9978 69.8029 374.0000 1.4504 1.5091 3.5539 -3.9254 1.6294 2.3766 -4.7111 -5.7688
Car -1 -1 -3.4779 0.0000 0.0000 1241.0000 374.0000 1.5227 1.6120 3.9637 -5.4737 1.6759 1.7236 -4.6973 -5.8867
Car -1 -1 -7.5641 152.0060 0.0000 1241.0000 374.0000 1.5470 1.5910 3.8054 -0.4941 1.6216 1.0038 -7.9392 -5.8867
Car -1 -1 -8.9128 0.0000 0.0000 1241.0000 374.0000 1.5395 1.5880 3.8027 1.9179 1.5719 1.0044 -7.9392 -5.8867
Car -1 -1 -5.1444 632.2623 180.2786 698.4693 210.2549 1.3290 1.6530 4.0891 2.5926 1.7145 35.2871 -5.0722 -6.0136
