Car -1 -1 -5.4133 991.8791 183.9206 1076.8721 216.2935 1.4613 1.6305 3.6937 20.9597 2.0413 35.8726 -4.8886 -2.7259
Car -1 -1 -7.9089 1048.5487 176.5275 1098.1848 217.0358 1.6893 1.6435 3.9412 20.8177 1.8658 32.5959 -7.3451 -4.1476
Car -1 -1 -7.3538 0.0000 189.7251 109.1318 353.2057 1.3810 1.5920 3.2947 -7.4354 1.6151 8.2432 -8.0717 -4.2444
Car -1 -1 -4.7328 1021.1368 176.4120 1053.0002 205.3019 1.5121 1.4346 3.3136 23.6012 1.7180 40.0052 -4.2034 -4.3788
Car -1 -1 -6.6993 0.0000 157.0038 75.6360 320.9301 1.5040 1.5034 3.8401 -9.0034 1.3582 8.6818 -7.4875 -5.0002
Car -1 -1 -7.8195 447.3918 183.5750 537.4054 264.4434 1.4755 1.6998 3.7743 -2.5285 1.7374 15.6673 -7.9777 -5.1442
Car -1 -1 -5.1068 960.9802 181.3369 1038.0618 214.8290 1.5338 1.8702 4.3520 19.5110 1.9884 36.4385 -4.6191 -5.1599
Car -1 -1 -2.8230 0.0000 177.8068 92.8906 374.0000 1.4605 1.8073 4.6474 -5.4090 1.4984 3.4313 -3.7928 -5.3694
Car -1 -1 -5.6685 226.5890 134.2809 361.6469 179.2378 1.4016 1.7128 3.7737 -10.3894 0.1987 23.7193 -6.0773 -5.4370
Car -1 -1 -5.0138 975.9050 175.8628 1031.0929 203.6550 1.4818 1.6184 4.0087 22.2695 1.6615 41.0512 -4.5201 -5.4397
Car -1 -1 -4.5150 534.1034 179.7122 602.2355 227.3036 1.4828 1.6356 3.8720 -1.4168 1.7404 25.0982 -4.5715 -5.6715
Car -1 -1 -2.6541 0.0000 145.7376 78.1906 237.3633 1.6572 1.5478 3.3083 -12.7784 1.1665 14.1899 -3.3779 -5.7845
Car -1 -1 -4.6092 597.0244 176.7397 652.5532 221.7699 1.4871 1.6257 3.9083 0.5620 1.6390 26.2202 -4.5887 -5.7932
Car -1 -1 -4.1002 0.0000 190.7281 466.0254 374.0000 1.4564 1.5778 3.9751 -1.8167 1.5688 2.5340 -4.6758 -5.8181
Car -1 -1 -5.1387 919.4633 174.5769 979.0825 201.1497 1.4211 1.5616 3.8944 19.0632 1.5228 40.7929 -4.7047 -5.8624
Car -1 -1 -5.0472 956.1310 175.3632 1013.9392 204.1571 1.4979 1.6227 3.9149 20.6416 1.6436 39.9435 -4.5736 -5.8825
Car -1 -1 -5.8628 1241.0000 177.7963 1241.0000 374.0000 1.5184 1.6078 3.9610 6.5872 1.5491 2.5276 -4.6971 -5.8867
Car -1 -1 -5.6434 1074.4597 185.2293 1241.0000 374.0000 1.5244 1.6083 3.9653 3.3707 1.5949 2.1310 -4.6976 -5.8867
Car -1 -1 -5.2844 0.0000 0.0000 1049.2244 374.0000 1.5338 1.6148 3.9721 1.3513 1.6343 1.7187 -4.6976 -5.8867
Car -1 -1 -5.3605 0.0000 0.0000 1241.0000 374.0000 1.5003 1.6068 4.0566 40.2351 0.5300 -0.2942 -3.7896 -5.8867
Car -1 -1 -5.8930 1241.0000 136.6690 1241.0000 374.0000 1.4893 1.5973 3.9499 8.1936 1.4415 2.9342 -4.6977 -5.8867
Car -1 -1 -6.7686 0.0000 0.0000 1241.0000 374.0000 1.4934 1.5963 3.8451 -3.2940 1.5721 1.3719 -7.8743 -5.8867
Car -1 -1 -4.5630 0.0000 0.0000 1241.0000 374.0000 1.5285 1.6126 3.9708 -0.2568 1.6332 1.7196 -4.6976 -5.8867
Car -1 -1 -5.7513 1241.0000 183.9062 1241.0000 374.0000 1.5277 1.6090 3.9652 4.9799 1.5967 2.5299 -4.6972 -5.8867
Car -1 -1 -6.6233 0.0000 0.0000 1241.0000 374.0000 1.5329 1.5820 3.7981 -4.9284 1.6348 0.9975 -7.9396 -5.8867
Car -1 -1 -5.6039 1241.0000 0.0000 1241.0000 374.0000 1.5439 1.6706 4.0285 41.4571 0.7260 3.3302 -4.1202 -5.8867
Car -1 -1 -4.1086 50.6832 143.6110 203.9369 196.1552 1.3023 1.5638 3.8567 -13.1141 0.5772 19.8314 -4.6868 -5.8867
Car -1 -1 -5.1404 928.7883 173.2531 985.8495 198.0663 1.4143 1.5732 3.9201 20.6621 1.4389 43.1609 -4.6969 -5.8867
Car -1 -1 -3.5134 0.0000 181.6752 0.0000 374.0000 1.4610 1.5851 3.9380 -7.8852 1.5209 2.9392 -4.6965 -5.8867
Car -1 -1 -4.4158 628.2209 175.6013 694.0551 215.5361 1.5043 1.6290 3.8924 2.1217 1.6246 29.5780 -4.3455 -5.8867
Car -1 -1 -4.6668 1040.5524 169.6969 1063.4684 186.2538 1.5045 1.6615 4.0266 41.4691 1.2173 67.6969 -4.1194 -5.8867
Car -1 -1 -7.3684 1008.3054 165.5044 1047.9659 181.7490 1.5422 1.6677 4.0140 40.7151 0.8441 70.2742 -6.8453 -5.8867
Car -1 -1 -4.3440 11.2699 144.5341 142.7334 204.5224 1.4959 1.7182 3.5932 -14.6078 0.7894 19.9487 -4.9697 -5.9718
Car -1 -1 -7.6315 365.0529 186.5508 471.7288 256.1819 1.3891 1.6403 3.6282 -4.4184 1.7455 16.9545 -7.8834 -6.0674
Car -1 -1 -4.6621 1052.0514 181.2843 1092.1095 215.7482 1.5818 1.5199 3.5343 22.9904 2.0231 35.9188 -4.0969 -6.2186
Car -1 -1 -4.7696 1124.8665 172.2722 1166.5931 201.3220 1.4785 1.5498 4.0646 28.7447 1.4486 38.8489 -4.1365 -6.3452
