Car -1 -1 -7.7678 959.0289 176.4107 1052.2675 260.0569 1.7279 1.6556 3.4951 9.3256 1.8207 16.9828 -7.2737 5.8755
Car -1 -1 -4.5187 861.8879 178.8575 913.4874 210.3193 1.4642 1.7010 4.0817 14.0891 1.7865 36.5934 -4.1543 4.3003
Car -1 -1 -4.7528 1019.0412 178.8632 1053.4988 208.7382 1.6269 1.5659 3.5308 24.7271 1.9924 41.9947 -4.2242 1.4645
Car -1 -1 -7.7226 922.5628 179.9649 955.5446 202.4110 1.4752 1.6294 3.8878 23.1735 1.9963 50.8212 -7.2974 0.7724
Car -1 -1 -7.8088 985.6575 186.0877 1048.5933 241.7740 1.4505 1.5030 3.0661 12.0102 1.8721 21.3021 -7.3020 0.1955
Car -1 -1 -7.9563 1058.8219 178.6750 1103.0168 208.9050 1.6028 1.6775 4.2055 26.9002 1.9545 41.3785 -7.3835 -0.5998
Car -1 -1 -7.9225 1089.1139 177.8100 1131.7594 207.8342 1.5744 1.6750 4.1745 28.1903 1.8696 40.7936 -7.3216 -0.7427
Car -1 -1 -7.9493 1056.9750 175.6248 1103.2089 210.0146 1.7188 1.6826 3.8747 24.9834 1.8745 38.5096 -7.3777 -2.9470
Car -1 -1 -5.1941 1058.0466 177.7382 1111.8856 201.6530 1.6129 1.6299 3.7699 33.7409 1.9738 51.4145 -4.6164 -3.0264
Car -1 -1 -4.7613 904.7008 174.2811 933.5651 199.6940 1.7436 1.6966 4.0682 22.1843 1.8504 51.9534 -4.3601 -3.0460
Car -1 -1 -8.1738 1064.4226 172.3817 1106.9298 195.0046 1.7435 1.6545 3.9933 37.9811 1.7068 57.7487 -7.5947 -3.3302
Car -1 -1 -4.7145 1070.2245 172.7336 1093.8438 190.9147 1.4897 1.6313 4.0238 40.0279 1.4796 61.2546 -4.1381 -3.6191
Car -1 -1 -4.9830 970.0349 178.1884 1019.7098 203.4618 1.4220 1.6467 3.8892 23.1226 1.7590 43.5495 -4.4981 -3.8572
Car -1 -1 -2.7649 601.6118 175.6883 690.6940 209.8793 1.4714 1.5775 3.7233 1.5975 1.6057 32.7828 -2.7173 -4.4869
Car -1 -1 -5.1777 1044.5693 178.3981 1103.9459 205.3957 1.5532 1.5412 3.7164 28.3431 1.9075 44.2280 -4.6112 -5.1727
Car -1 -1 -7.8442 1057.7568 180.9813 1107.9174 219.8728 1.5332 1.7337 4.0245 20.5933 1.9120 31.5029 -7.2700 -5.3519
Car -1 -1 -4.6159 955.1904 176.8191 978.9360 195.0406 1.5389 1.5447 3.6533 31.5424 1.8996 63.7484 -4.1586 -5.4116
Car -1 -1 -5.0643 1029.9867 177.4068 1083.1301 201.4209 1.6256 1.7874 4.5553 32.1662 1.9697 52.1657 -4.5146 -5.5988
Car -1 -1 -5.2037 960.3070 175.8043 1017.9691 199.8787 1.4659 1.5766 3.9819 24.2823 1.6636 46.4267 -4.7248 -5.7398
Car -1 -1 -4.8892 987.3401 177.0167 1041.0995 210.1684 1.6039 1.7031 4.2770 21.0424 1.8348 37.7836 -4.3849 -5.7420
Car -1 -1 -4.8017 1106.7784 179.9005 1166.7616 218.5313 1.3892 1.5957 3.2744 20.6319 1.6842 28.4251 -4.1792 -5.7518
Car -1 -1 -5.0201 973.3241 173.2106 1011.2502 190.8550 1.4416 1.6268 4.2292 32.3769 1.4727 61.2660 -4.5362 -5.7856
Car -1 -1 -4.9903 968.6124 178.0718 1035.0929 211.7696 1.4842 1.7037 4.1610 18.6899 1.7507 34.6779 -4.5000 -5.7926
Car -1 -1 -4.8827 953.6590 175.4480 996.8279 202.1825 1.4846 1.6042 3.9713 21.4722 1.6452 42.6158 -4.4192 -5.8046
Car -1 -1 -4.8881 991.8384 176.3804 1033.4927 201.8414 1.5662 1.6818 4.0186 26.2226 1.8070 47.1605 -4.3837 -5.8607
Car -1 -1 -4.8102 1177.3593 172.1445 1214.5154 194.2301 1.5016 1.6463 3.9931 41.4739 1.4530 51.1773 -4.1322 -5.8867
Car -1 -1 -8.6436 0.0000 0.0000 1049.1217 374.0000 1.5487 1.5930 3.8060 1.1134 1.6083 1.0024 -7.9393 -5.8867
Car -1 -1 -4.7730 1137.4976 172.4713 1168.5027 192.6934 1.4878 1.6403 3.9892 41.4699 1.4594 55.2035 -4.1316 -5.8867
Car -1 -1 -4.8332 1204.3461 170.8702 1241.0000 193.7523 1.4794 1.6383 3.9885 41.4728 1.3508 48.7658 -4.1317 -5.8867
Car -1 -1 -7.1461 51.4552 0.0000 1241.0000 374.0000 1.5463 1.5906 3.8049 -1.2980 1.6285 1.0037 -7.9392 -5.8867
Car -1 -1 -5.2294 951.1372 175.8663 1006.5878 198.4792 1.4643 1.5986 3.9835 25.0915 1.6782 49.2911 -4.7614 -5.8867
Car -1 -1 -4.7148 1117.9773 172.0226 1144.6879 191.3034 1.4697 1.6644 4.1116 41.2452 1.4060 57.1560 -4.0924 -5.8867
Car -1 -1 -9.0642 0.0000 0.0000 1241.0000 374.0000 1.5516 1.5913 3.8063 2.7223 1.6063 1.0031 -7.9391 -5.8867
Car -1 -1 -5.0988 1025.3025 176.5693 1075.5693 199.1564 1.4937 1.6409 3.8842 30.6836 1.7636 50.4352 -4.5552 -5.8867
Car -1 -1 -5.3904 0.0000 190.9135 0.0000 374.0000 1.5531 1.7359 3.8756 -7.6250 1.7184 5.7294 -6.2941 -6.4589
Car -1 -1 -8.0934 1043.8804 176.3887 1124.9265 227.0497 1.7148 1.5933 3.9452 17.4842 1.8564 26.8435 -7.5216 -6.5203
