Car -1 -1 -9.0774 0.0000 0.0000 1241.0000 374.0000 1.4070 1.5722 3.7580 3.2098 1.5769 1.7334 -8.0712 0.6690
Car -1 -1 -4.7391 197.1888 146.1746 239.7281 182.2584 1.6091 1.6775 3.7936 -18.6565 0.4191 34.2378 -5.2348 -1.1077
Car -1 -1 -4.4574 160.8755 150.4900 219.3885 182.8351 1.5310 1.6840 3.5260 -20.9551 0.4721 36.0761 -4.9805 -2.9198
Car -1 -1 -8.5699 0.0000 0.0000 1241.0000 374.0000 1.4564 1.6742 3.9489 1.5547 1.6409 1.1329 -7.7455 -2.9657
Car -1 -1 -5.1293 134.5364 154.7773 208.3537 187.1666 1.6339 1.7297 4.3890 -23.3838 0.7217 38.3627 -5.6738 -3.1801
Car -1 -1 -4.7579 156.4115 147.2375 204.5019 185.4442 1.6479 1.7298 4.0122 -19.8898 0.5427 33.2729 -5.2933 -3.7414
Car -1 -1 -4.6667 388.1817 169.6754 425.6683 201.8177 1.5727 1.6931 3.7195 -10.4873 1.4169 37.3068 -4.9392 -3.8752
Car -1 -1 -7.4987 92.5373 167.3577 157.4984 196.2946 1.4819 1.6792 3.8248 -26.1639 1.2002 39.0062 -8.0865 -4.1629
Car -1 -1 -4.6766 361.4778 168.5010 396.5900 199.7101 1.5116 1.5776 3.5718 -11.7979 1.3005 36.8795 -4.9844 -4.1781
Car -1 -1 -5.5214 184.2695 148.9097 269.6402 181.5695 1.6504 1.6639 3.8758 -20.0849 0.4401 37.7904 -6.0071 -4.5087
Car -1 -1 -6.8845 1241.0000 147.7948 1241.0000 364.2490 1.6844 1.5814 3.7939 8.7421 1.4891 6.8995 -6.0028 -4.6173
Car -1 -1 -4.5569 105.5847 146.6806 172.4849 184.4484 1.5803 1.8378 4.5094 -21.2239 0.4848 32.6240 -5.1300 -4.6424
Car -1 -1 -6.4175 299.6548 217.0101 1241.0000 374.0000 1.4122 1.5661 3.6001 0.6706 1.6647 3.2634 -6.2353 -4.8357
Car -1 -1 -7.9120 608.8762 139.6742 655.2830 179.6034 1.6719 1.8372 3.6809 0.8808 0.2823 32.0791 -7.8849 -4.9116
Car -1 -1 -5.9709 380.3124 143.4728 465.1994 177.0373 1.4819 1.5231 3.4238 -8.4947 0.1844 32.7205 -6.2230 -4.9761
Car -1 -1 -5.8473 304.3203 149.1343 393.9094 183.5074 1.4148 1.5313 3.2303 -11.0726 0.4382 30.6093 -6.1918 -5.0118
Car -1 -1 -4.4234 101.3634 160.4368 161.1278 193.2948 1.6100 1.7104 3.2137 -24.6089 1.0013 37.1404 -5.0054 -5.0407
Car -1 -1 -4.2765 213.8493 150.4691 314.1656 192.7955 1.4280 1.6823 4.1953 -12.5809 0.6725 26.4450 -4.7167 -5.2983
Car -1 -1 -2.8568 53.8838 156.4532 144.0634 182.7073 1.4207 1.6016 3.8261 -28.5776 0.5329 40.4181 -3.4692 -5.4203
Car -1 -1 -2.2066 0.0000 183.4681 65.7067 374.0000 1.3772 1.5510 4.1889 -5.7924 1.4482 4.0549 -3.1354 -5.5336
Car -1 -1 -5.7769 0.0000 174.0235 89.8809 337.0560 1.5126 1.7827 4.4469 -8.9377 1.5281 8.2319 -6.5872 -5.7474
Car -1 -1 -5.7534 132.5815 153.0671 220.2719 179.0194 1.4950 1.6839 4.1387 -25.4772 0.3549 42.4249 -6.2916 -5.8758
Car -1 -1 -3.7904 0.0000 183.6631 205.0042 374.0000 1.4130 1.5785 4.0922 -3.4312 1.4808 2.4777 -4.6849 -5.8815
Car -1 -1 -4.9735 790.8215 171.8771 846.4774 202.5541 1.3754 1.5652 3.9076 9.8057 1.3313 34.3140 -4.6978 -5.8867
Car -1 -1 -5.9027 1241.0000 142.0020 1241.0000 374.0000 1.5049 1.6033 3.9563 7.3912 1.4815 2.5298 -4.6970 -5.8867
Car -1 -1 -5.3605 0.0000 0.0000 1241.0000 374.0000 1.5003 1.6068 4.0566 40.2351 0.5300 -0.2942 -3.7896 -5.8867
Car -1 -1 -5.9239 1241.0000 99.0151 1241.0000 374.0000 1.4723 1.5914 3.9438 8.9976 1.3745 2.9355 -4.6977 -5.8867
Car -1 -1 -3.4012 0.0000 0.0000 1241.0000 374.0000 1.5258 1.6099 3.9600 -7.0793 1.6262 1.7265 -4.6953 -5.8867
Car -1 -1 -3.4785 0.0000 0.0000 1241.0000 374.0000 1.5021 1.6019 3.9561 -5.4726 1.6104 1.7276 -4.6973 -5.8867
Car -1 -1 -5.0116 819.5396 169.1548 879.9901 200.1413 1.3548 1.5611 3.8997 11.0107 1.1927 33.5078 -4.6971 -5.8867
Car -1 -1 -5.6238 1241.0000 0.0000 1241.0000 374.0000 1.5405 1.6694 4.0267 41.4574 0.7281 2.5245 -4.1208 -5.8867
Car -1 -1 -6.9189 0.0000 0.0000 1241.0000 374.0000 1.5362 1.5823 3.8017 -2.1004 1.6084 1.0092 -7.9392 -5.8867
Car -1 -1 -9.1383 0.0000 0.0000 1241.0000 374.0000 1.4936 1.5642 3.7654 5.1475 1.4942 1.3830 -7.8825 -5.8935
Car -1 -1 -3.9911 120.7996 143.7741 263.8006 198.0644 1.4918 1.6573 3.7666 -12.5255 0.6924 21.8390 -4.5067 -5.8975
Car -1 -1 -5.9837 433.6581 141.1110 519.9363 173.8989 1.4821 1.6261 3.6378 -6.2161 0.0469 33.6381 -6.1651 -6.0082
Car -1 -1 -2.3589 0.0000 180.0440 0.0000 374.0000 1.6939 1.8739 4.4981 -7.8569 1.7605 5.4342 -3.3011 -6.3932
