Car -1 -1 -7.8578 840.6313 174.7347 945.1038 275.0191 1.6209 1.6185 2.9923 5.1514 1.6599 13.4095 -7.4993 5.0066
Car -1 -1 -4.5478 688.3326 177.5488 739.8534 211.8633 1.4650 1.7244 4.1855 4.8789 1.6985 33.6776 -4.4057 4.4402
Car -1 -1 -4.5379 738.8018 177.2082 773.2778 199.5872 1.4465 1.6358 4.1859 10.0787 1.7600 49.7581 -4.3396 2.2074
Car -1 -1 -4.7182 834.1162 174.1326 864.2400 204.1200 1.6445 1.5846 3.9218 13.8122 1.7221 41.8575 -4.4020 2.2059
Car -1 -1 -3.4435 1025.5564 146.5995 1171.5734 209.5412 1.9259 1.7168 3.5638 15.6617 1.1223 23.3980 -2.8597 -0.4430
Car -1 -1 -4.6202 761.0146 176.3380 781.8032 193.5191 1.4710 1.5047 3.4691 14.4088 1.7909 64.4212 -4.4015 -0.5691
Car -1 -1 -8.0410 872.8718 166.4189 902.6613 186.1445 1.5811 1.6667 3.5064 22.9204 1.0650 59.7062 -7.6763 -2.4181
Car -1 -1 -7.2690 882.0004 166.5912 930.5638 187.5762 1.5389 1.6281 3.7119 22.4170 1.0793 54.6318 -6.8817 -3.0009
Car -1 -1 -4.4783 884.4372 165.9517 924.4268 189.4391 1.6038 1.7420 4.1175 20.9972 1.1322 51.4517 -4.0931 -3.2777
Car -1 -1 -4.6270 733.5544 176.4097 764.5323 201.2672 1.4995 1.6348 3.8144 8.8980 1.7368 46.1709 -4.4382 -3.3275
Car -1 -1 -5.1468 700.1849 170.5312 736.2556 190.6444 1.7287 1.6857 3.8802 9.5526 1.5287 64.1139 -4.9999 -4.0028
Car -1 -1 -4.4270 874.6863 171.7878 923.0779 202.4286 1.6334 1.6283 3.3981 16.1271 1.5763 40.3041 -4.0493 -4.1138
Car -1 -1 -8.6692 841.4175 174.1348 914.6857 205.6059 1.5946 1.7097 3.4319 14.2549 1.6663 38.6322 -8.3186 -4.1832
Car -1 -1 -5.1068 759.0764 177.7371 806.3256 200.8615 1.4111 1.6368 3.8059 11.1325 1.7418 46.8901 -4.8755 -4.2250
Car -1 -1 -4.7114 764.9630 174.6382 789.4932 199.0352 1.6435 1.6261 4.0682 11.8024 1.7749 51.0882 -4.4860 -4.3261
Car -1 -1 -7.9028 936.6508 177.0890 986.8707 216.7240 1.4304 1.5742 3.6450 13.7552 1.6087 28.4485 -7.4569 -4.3890
Car -1 -1 -4.9924 772.4230 176.8068 802.3664 195.5085 1.6144 1.6790 3.5903 15.8936 1.9796 64.8860 -4.7537 -4.5237
Car -1 -1 -4.5237 795.7688 177.0752 827.6681 197.7850 1.3995 1.5517 3.6114 14.4012 1.7121 51.5216 -4.2530 -4.6126
Car -1 -1 -4.3630 749.7265 177.2114 784.3853 196.7749 1.5550 1.5967 3.9100 13.1424 1.9318 60.3590 -4.1500 -4.6301
Car -1 -1 -7.9371 845.9037 175.7132 924.2287 244.8841 1.6175 1.5946 3.3878 7.0428 1.6993 18.8696 -7.5857 -4.7939
Car -1 -1 -8.3641 839.4909 176.7533 926.6154 217.4881 1.5218 1.6391 3.8122 10.9570 1.6909 29.3505 -8.0106 -4.8028
Car -1 -1 -5.0096 826.7073 176.6000 868.3373 199.8008 1.4968 1.5914 3.9572 16.1012 1.7621 49.1839 -4.6954 -4.8102
Car -1 -1 -4.9501 770.4290 177.5387 794.9571 192.2411 1.4046 1.6082 3.4001 17.1190 1.8811 71.7229 -4.7171 -4.9144
Car -1 -1 -4.4551 726.5356 179.8973 757.8965 199.9426 1.4453 1.5147 3.5595 10.1361 2.0039 55.3170 -4.2752 -4.9298
Car -1 -1 -4.5517 726.2642 172.6389 764.1495 201.7772 1.5881 1.5587 3.7730 7.7541 1.5761 41.3650 -4.3681 -5.1554
Car -1 -1 -5.3501 748.0840 177.0554 801.5153 201.9989 1.4791 1.5277 3.4164 10.2627 1.7534 45.2871 -5.1291 -5.2283
Car -1 -1 -4.9682 786.7012 175.1121 818.0718 192.9594 1.4331 1.5915 3.8951 16.0313 1.6278 60.3785 -4.7103 -5.2360
Car -1 -1 -7.6691 710.2810 177.3944 745.1083 202.8983 1.5106 1.5214 3.6745 7.4117 1.8087 45.4316 -7.5089 -5.3788
Car -1 -1 -4.3088 859.5016 172.0230 906.0344 197.0291 1.6153 1.6804 3.5285 18.3114 1.5613 48.4650 -3.9500 -5.6476
Car -1 -1 -5.1123 824.2369 176.0464 883.8703 209.8271 1.6721 1.7320 3.4749 12.6966 1.8473 37.8557 -4.7915 -5.7062
Car -1 -1 -4.4152 698.8017 174.9591 738.0963 198.4962 1.5594 1.6098 4.0230 7.5766 1.7123 50.3521 -4.2672 -5.7412
Car -1 -1 -4.9936 837.6296 177.4201 902.8061 211.2724 1.4316 1.7026 4.1814 11.8448 1.6551 33.2273 -4.6545 -5.7762
Car -1 -1 -5.4484 814.6870 175.6180 873.4010 197.5194 1.4811 1.6304 4.1329 16.6352 1.6869 51.5731 -5.1384 -5.8684
Car -1 -1 -6.9169 0.0000 0.0000 1241.0000 374.0000 1.5461 1.5893 3.8044 -2.1015 1.6393 1.0043 -7.9391 -5.8867
Car -1 -1 -8.6433 0.0000 0.0000 1048.5912 374.0000 1.5371 1.5874 3.8020 1.1138 1.5720 1.0046 -7.9392 -5.8867
Car -1 -1 -4.9505 787.7544 176.2564 827.9639 200.0116 1.4425 1.5922 3.9417 12.6273 1.6702 46.3740 -4.6866 -5.8867
Car -1 -1 -7.5646 152.0906 0.0000 1241.0000 374.0000 1.5425 1.5884 3.8035 -0.4937 1.6091 1.0047 -7.9392 -5.8867
Car -1 -1 -6.7500 1166.4325 134.3276 1241.0000 182.4393 1.5974 1.6124 3.9538 22.0992 0.3179 25.2210 -6.0360 -6.3857
Car -1 -1 -4.7409 864.1716 169.7532 881.7225 187.9223 1.7228 1.5031 3.2639 25.5419 1.4285 70.2005 -4.3935 -6.5340
Car -1 -1 -5.6982 0.0000 178.5145 25.1298 374.0000 1.7159 1.7622 4.1763 -8.5247 1.7806 6.8471 -6.5730 -6.5344
