Car -1 -1 -7.6445 1094.3448 184.5097 1161.3917 223.4682 1.5749 1.6532 4.0518 23.1996 2.1289 32.3333 -7.0269 -3.7386
Car -1 -1 -5.1640 1058.4160 190.9391 1135.8599 225.0078 1.4775 1.5789 3.9340 23.8361 2.4192 35.5288 -4.5775 -3.8437
Car -1 -1 -4.9359 1061.8065 180.8740 1115.9768 210.7525 1.4977 1.6046 3.9713 26.0696 1.9597 39.4571 -4.3559 -3.9741
Car -1 -1 -5.1617 1020.7199 186.2142 1106.3843 220.7972 1.5223 1.8150 4.4739 22.3708 2.2291 35.8718 -4.6083 -4.1452
Car -1 -1 -7.8899 1168.8340 139.7611 1211.2551 170.6752 1.7188 1.7844 4.1531 34.1674 -0.1357 42.6275 -7.2174 -4.2205
Car -1 -1 -9.0096 1167.0365 140.5559 1241.0000 168.8014 1.5822 1.7441 4.2933 36.3842 -0.2570 43.3908 -8.3149 -4.4814
Car -1 -1 -7.0382 0.0000 160.4288 28.2172 299.7108 1.4511 1.4468 3.8284 -9.9606 1.3213 9.4441 -7.8360 -4.6813
Car -1 -1 -2.9727 328.3487 161.2118 428.5785 206.8928 1.5646 1.5903 3.1773 -8.2297 1.1655 25.7193 -3.2797 -4.7331
Car -1 -1 -6.7775 0.0000 164.7906 21.0161 202.8867 1.4512 1.5606 3.5653 -26.5571 1.1438 29.4283 -7.5072 -4.7497
Car -1 -1 -7.8563 5.3546 154.5883 68.2882 200.2083 1.4741 1.6273 3.7700 -20.1168 0.8836 25.2983 -8.5230 -4.9289
Car -1 -1 -6.7534 0.0000 174.6476 93.6032 374.0000 1.5591 1.6105 3.3494 -4.2019 1.5701 2.7807 -7.6951 -5.0049
Car -1 -1 -4.0288 0.0000 161.6300 29.9749 204.9320 1.6055 1.6867 3.2537 -24.9966 1.1890 28.4058 -4.7459 -5.0211
Car -1 -1 -4.3044 0.0000 148.8092 5.1380 195.4557 1.3215 1.5669 3.4509 -20.5284 0.6400 22.3275 -5.0420 -5.0565
Car -1 -1 -3.8957 0.0000 147.6006 79.7512 204.1456 1.5858 1.5930 4.1763 -19.0045 0.8773 22.4037 -4.5933 -5.1548
Car -1 -1 -4.2786 161.0409 146.0407 253.0691 186.6158 1.4772 1.6923 3.7886 -15.6790 0.5007 28.2178 -4.7819 -5.3837
Car -1 -1 -2.8453 330.3519 153.4673 456.3687 199.5053 1.6785 1.7033 4.2324 -8.1318 0.9714 27.1747 -3.1336 -5.4096
Car -1 -1 -4.9205 1034.3889 181.3672 1089.6781 212.6393 1.5668 1.7178 4.2063 24.7192 2.0612 39.6562 -4.3670 -5.4875
Car -1 -1 -5.7042 63.1136 152.8013 166.9861 185.6874 1.4189 1.5821 3.5017 -21.9023 0.5534 31.9532 -6.3013 -5.5212
Car -1 -1 -7.5678 0.0000 153.8252 81.3834 193.3018 1.5616 1.7921 4.4991 -24.5007 0.8086 30.9640 -8.2331 -5.5980
Car -1 -1 -2.6232 160.3711 149.1301 267.2803 185.8729 1.5834 1.7032 3.8137 -17.5439 0.5607 31.9841 -3.1215 -5.6809
Car -1 -1 -3.0772 0.0000 156.3909 246.0629 323.4624 1.7217 1.5329 3.8580 -6.8933 1.5517 9.1206 -3.7106 -5.7025
Car -1 -1 -3.9823 56.4889 141.4731 231.9351 202.1047 1.5110 1.8500 4.0748 -12.8297 0.7287 20.1458 -4.5435 -5.7124
Car -1 -1 -7.5158 463.2104 191.2375 578.5646 259.1031 1.3409 1.7328 3.1327 -2.0324 1.8150 16.9038 -7.6346 -5.7214
Car -1 -1 -4.6274 672.1738 181.3696 724.4993 226.4727 1.5508 1.6776 3.8119 3.3970 1.9005 27.6152 -4.5070 -5.7358
Car -1 -1 -7.6157 0.0000 179.3492 244.7168 374.0000 1.5123 1.7160 4.3490 -2.7912 1.5627 3.2946 -8.2801 -5.7375
Car -1 -1 -4.6629 611.9937 179.5411 661.2914 225.2139 1.5262 1.6372 3.9074 1.0048 1.7922 26.7179 -4.6265 -5.8553
Car -1 -1 -4.1567 184.9631 139.6470 307.5711 187.5752 1.3473 1.5953 3.7963 -11.1111 0.4135 22.2502 -4.6151 -5.8707
Car -1 -1 -8.6148 0.0000 0.0000 1123.0421 374.0000 1.5082 1.6056 3.8507 1.5294 1.5649 1.3678 -7.8744 -5.8867
Car -1 -1 -5.7150 1224.8276 182.9041 1241.0000 374.0000 1.5277 1.6141 3.9680 4.5674 1.5903 2.5215 -4.6976 -5.8867
Car -1 -1 -7.5640 151.7581 0.0000 1241.0000 374.0000 1.5640 1.5943 3.8099 -0.4930 1.6838 1.0026 -7.9390 -5.8867
Car -1 -1 -8.9573 0.0000 0.0000 1241.0000 374.0000 1.5076 1.6056 3.8501 3.1371 1.5467 1.3671 -7.8744 -5.8867
Car -1 -1 -5.8948 1241.0000 182.5566 1241.0000 374.0000 1.5306 1.6122 3.9668 6.1807 1.5857 2.1249 -4.6975 -5.8867
Car -1 -1 -5.6382 0.0000 0.0000 1241.0000 374.0000 1.5209 1.6625 4.0203 41.4588 0.6944 2.1140 -4.1253 -5.8867
Car -1 -1 -4.6293 534.6952 175.8712 585.3189 217.0126 1.4147 1.5738 3.9219 -1.8530 1.5359 27.0727 -4.6976 -5.8867
Car -1 -1 -6.5871 0.0000 0.0000 1241.0000 374.0000 1.5044 1.5854 3.9026 -2.9234 1.6261 0.5306 -7.8858 -5.8867
Car -1 -1 -3.4779 0.0000 0.0000 1241.0000 374.0000 1.5187 1.6041 3.9597 -5.4710 1.6608 1.7269 -4.6966 -5.8867
Car -1 -1 -5.9091 1241.0000 134.6226 1241.0000 374.0000 1.4916 1.5985 3.9514 8.5926 1.4413 2.9310 -4.6974 -5.8867
Car -1 -1 -4.6881 581.6727 177.4174 625.6990 218.3275 1.4434 1.5814 3.9325 -0.2441 1.6319 27.8767 -4.6975 -5.8867
Car -1 -1 -4.6668 1040.5524 169.6969 1063.4684 186.2538 1.5045 1.6615 4.0266 41.4691 1.2173 67.6969 -4.1194 -5.8867
Car -1 -1 -4.7712 644.2300 174.6005 690.2084 213.0045 1.4121 1.5724 3.9196 2.1670 1.4860 28.6815 -4.6972 -5.8867
Car -1 -1 -5.8137 0.0000 161.5197 24.3546 374.0000 1.5407 1.7259 4.3985 -7.5080 1.4817 5.4671 -6.7316 -5.9531
Car -1 -1 -7.6578 510.2890 179.3204 611.7571 238.0892 1.3982 1.9503 4.5432 -1.2632 1.5991 20.0717 -7.7206 -6.1847
Car -1 -1 -4.3986 674.1313 179.2229 740.0090 218.7202 1.5269 1.6550 3.9194 4.1516 1.8164 30.7036 -4.2661 -6.2308
Car -1 -1 -4.1892 156.1990 140.8842 271.4453 192.6506 1.5365 1.6838 3.5561 -12.6566 0.5873 23.2183 -4.6836 -6.2801
Car -1 -1 -5.0151 905.3141 156.0639 962.7110 184.3639 1.4842 1.7350 4.1081 17.8313 0.6034 39.9818 -4.5984 -6.6371
Car -1 -1 -7.2145 981.2281 165.7936 1063.3661 197.0578 1.5838 1.5819 4.2046 21.7534 1.2258 38.1248 -6.6995 -6.8106
