Car -1 -1 -8.0881 692.5866 181.8339 832.2388 274.5391 1.4712 1.6379 4.1965 2.7045 1.6717 13.9993 -7.9022 7.5571
Car -1 -1 -7.9947 508.8099 155.6362 539.2263 177.7491 1.5858 1.7263 3.8461 -6.4780 0.3508 53.8261 -8.1140 -3.1793
Car -1 -1 -7.9172 427.8100 163.2333 455.4507 186.9770 1.7361 1.7860 4.2403 -12.9073 1.0324 55.0456 -8.1467 -3.2259
Car -1 -1 -7.8278 414.4957 165.7677 437.5870 187.0522 1.6474 1.6946 3.8280 -14.7558 1.0986 57.9002 -8.0765 -3.4129
Car -1 -1 -7.8137 403.5310 162.9180 432.3334 186.4034 1.6998 1.9221 4.6114 -14.5352 0.9803 54.6806 -8.0725 -4.4855
Car -1 -1 -7.7454 526.8550 161.5246 563.9016 196.5482 1.7235 1.5238 3.6508 -3.3378 1.1657 37.3474 -7.8342 -4.5790
Car -1 -1 -8.0116 628.7313 149.1086 665.6202 177.8346 1.8047 1.7499 4.4015 2.3665 0.3126 47.6116 -7.9624 -4.7882
Car -1 -1 -5.8265 427.9005 164.2769 481.8321 184.6224 1.6413 1.6914 4.0151 -12.8091 0.9490 59.5139 -6.0378 -4.9137
Car -1 -1 -7.6618 416.9073 167.0270 447.2868 187.6448 1.6854 1.7562 4.0314 -15.0310 1.2088 61.0373 -7.9025 -5.0680
Car -1 -1 -4.5185 402.1578 164.1673 438.0764 185.1936 1.4473 1.7975 3.7210 -13.5569 0.8491 51.5795 -4.7744 -5.0721
Car -1 -1 -8.0293 997.7518 159.2978 1072.6700 202.9949 1.5918 1.7473 4.6529 16.7809 1.0977 28.7700 -7.5059 -5.1102
Car -1 -1 -4.6034 696.1506 178.4313 786.5177 245.2936 1.4102 1.7527 4.3288 3.3267 1.5665 17.9301 -4.4237 -5.1173
Car -1 -1 -7.6988 526.2811 156.9301 556.4858 178.9978 1.6760 1.7889 3.8804 -5.3887 0.4663 56.7903 -7.7931 -5.1306
Car -1 -1 -4.7242 705.3472 178.3615 750.3766 217.5777 1.5287 1.7785 4.1950 4.9718 1.7815 30.9497 -4.5671 -5.2745
Car -1 -1 -2.3471 417.9864 156.2322 483.4495 186.4494 1.7669 1.6929 3.8321 -9.7517 0.7947 43.9453 -2.5644 -5.2977
Car -1 -1 -4.9398 839.3867 176.8717 905.9625 216.7805 1.6647 1.8314 4.6222 11.8542 1.8615 32.9818 -4.5981 -5.3473
Car -1 -1 -8.2049 741.5243 178.9333 800.9700 212.2099 1.5153 1.6271 3.8275 7.8407 1.8318 35.5951 -7.9904 -5.3932
Car -1 -1 -7.7806 600.3679 178.3803 641.1576 212.4463 1.4402 1.6084 3.5921 0.4983 1.7066 32.9665 -7.7662 -5.4206
Car -1 -1 -7.9208 729.3640 178.8543 792.3663 230.2901 1.3339 1.5388 3.1192 4.2155 1.5198 20.7419 -7.7237 -5.4422
Car -1 -1 -2.2979 0.0000 190.3305 65.7793 374.0000 1.4010 1.5546 4.1161 -5.8121 1.5218 4.0449 -3.2294 -5.4570
Car -1 -1 -4.7521 720.2853 176.7841 776.0582 221.5540 1.4172 1.7299 4.3024 4.7471 1.5680 25.4875 -4.5707 -5.5110
Car -1 -1 -4.8098 848.7462 178.1906 902.5821 222.8326 1.6639 1.6566 3.9968 10.7543 1.8979 29.5451 -4.4646 -5.5469
Car -1 -1 -5.1082 934.6307 163.0994 1042.7461 222.1103 1.7959 1.7943 3.8536 12.3724 1.4988 23.9483 -4.6368 -5.5591
Car -1 -1 -4.7325 432.0958 161.9117 459.5337 182.6828 1.4220 1.8277 4.3629 -11.8390 0.6726 51.7358 -4.9565 -5.6167
Car -1 -1 -5.2411 835.4387 174.4412 909.5665 202.9258 1.4183 1.6482 4.5176 13.8849 1.5081 38.5633 -4.8983 -5.6241
Car -1 -1 -8.0128 805.9603 177.1482 868.9851 226.5152 1.7502 1.6787 4.1150 8.7227 1.9300 28.1093 -7.7155 -5.6686
Car -1 -1 -6.3936 425.4251 152.4105 491.4289 178.6446 1.6462 1.8112 4.0110 -9.8678 0.3631 46.7628 -6.6006 -5.7243
Car -1 -1 -7.5401 730.3381 176.1686 788.6622 209.2746 1.3983 1.5386 3.7120 6.8181 1.5581 32.8687 -7.3379 -5.7531
Car -1 -1 -4.5670 723.1608 176.3534 781.3673 216.8475 1.4759 1.6903 4.3903 5.7566 1.6279 29.0558 -4.3740 -5.7571
Car -1 -1 -5.0746 864.0282 176.1020 931.0450 209.5980 1.4655 1.5892 4.0102 13.4032 1.6272 33.9722 -4.7022 -5.8842
Car -1 -1 -9.1169 0.0000 0.0000 1241.0000 374.0000 1.5401 1.5899 3.8052 3.1115 1.5566 0.9966 -7.9398 -5.8867
Car -1 -1 -8.6434 0.0000 0.0000 1048.8208 374.0000 1.5432 1.5901 3.8041 1.1137 1.5912 1.0037 -7.9393 -5.8867
Car -1 -1 -7.5641 152.2241 0.0000 1241.0000 374.0000 1.5453 1.5900 3.8045 -0.4940 1.6173 1.0038 -7.9392 -5.8867
Car -1 -1 -5.8929 1241.0000 157.2955 1241.0000 374.0000 1.5005 1.5998 3.9543 8.1943 1.4798 2.9348 -4.6976 -5.8867
Car -1 -1 -5.0353 881.0134 175.7644 954.7174 214.3586 1.4743 1.6004 3.9834 12.6163 1.6030 29.9161 -4.6402 -5.8867
Car -1 -1 -6.6568 0.0000 0.0000 1241.0000 374.0000 1.4852 1.5917 3.8409 -4.4979 1.5634 1.3754 -7.8744 -5.8867
Car -1 -1 -5.8527 0.0000 0.0000 1241.0000 374.0000 1.5119 1.6060 3.9633 4.5668 1.5309 1.7194 -4.6976 -5.8867
Car -1 -1 -5.4819 0.0000 0.0000 1241.0000 374.0000 1.4857 1.6451 3.9869 40.6741 0.5924 0.1282 -3.9214 -5.8867
Car -1 -1 -5.0881 881.5146 175.3865 943.4241 205.4493 1.4505 1.5832 3.9358 15.4393 1.5875 37.1272 -4.6972 -5.8867
Car -1 -1 -5.8627 1241.0000 157.0042 1241.0000 374.0000 1.5027 1.6020 3.9573 6.5872 1.4905 2.5320 -4.6974 -5.8867
Car -1 -1 -3.7075 0.0000 0.0000 1241.0000 374.0000 1.5093 1.6022 3.9597 -3.0599 1.6087 1.7299 -4.6974 -5.8867
Car -1 -1 -3.4350 0.0000 0.0000 1241.0000 374.0000 1.5287 1.6092 3.9619 -6.2750 1.6576 1.7264 -4.6958 -5.8867
Car -1 -1 -5.6039 1241.0000 0.0000 1241.0000 374.0000 1.5439 1.6706 4.0285 41.4571 0.7260 3.3302 -4.1202 -5.8867
Car -1 -1 -5.1095 896.1336 176.0299 968.0099 210.4637 1.4677 1.5865 3.9406 14.6355 1.6219 33.1032 -4.6969 -5.8867
Car -1 -1 -3.1088 951.9973 172.1315 1068.8569 218.7579 1.5289 1.5306 3.4753 13.8881 1.5049 25.2001 -2.6105 -5.9963
Car -1 -1 -4.4595 220.7079 182.7203 339.1438 251.8747 1.4483 1.6541 4.1330 -8.0638 1.7225 17.9054 -4.8775 -6.0485
Car -1 -1 -2.5067 0.0000 198.7594 9.5958 374.0000 1.5452 1.6624 4.3878 -7.2469 1.7758 4.9721 -3.4506 -6.1260
Car -1 -1 -6.5385 831.5198 174.5567 923.8476 201.2057 1.4631 1.6696 4.6191 15.0310 1.5615 40.7972 -6.1882 -6.4529
