Car -1 -1 -8.6559 919.7886 198.7994 1241.0000 374.0000 1.4288 1.6538 4.0789 2.9006 1.6023 2.7591 -7.8981 4.0608
Car -1 -1 -7.2020 230.1005 163.8155 307.0643 196.9077 1.5804 1.6012 3.6820 -17.1897 1.1484 36.4272 -7.6403 -1.3492
Car -1 -1 -2.0504 190.9759 162.5851 261.6929 193.1337 1.6539 1.7796 4.2777 -21.8677 1.0976 41.0110 -2.5377 -2.5667
Car -1 -1 -8.1039 465.3430 154.6347 508.6648 181.8629 1.5249 1.6385 3.7190 -7.3117 0.5042 42.4399 -8.2736 -3.3635
Car -1 -1 -7.4851 193.6707 166.2332 256.8968 197.8366 1.4897 1.5927 3.5480 -19.0824 1.1773 35.8660 -7.9712 -3.7179
Car -1 -1 -8.8613 1163.8413 183.6308 1241.0000 287.6687 1.4437 1.4332 2.9706 11.1735 1.6465 11.9714 -8.1231 -4.1778
Car -1 -1 -5.9939 412.9700 150.0986 502.9414 186.8555 1.5990 1.6610 3.6260 -6.8204 0.6088 32.3661 -6.2001 -4.3577
Car -1 -1 -8.1069 1095.0332 154.3751 1241.0000 374.0000 1.5776 1.6515 4.0040 4.9505 1.4920 5.4903 -7.4001 -4.3740
Car -1 -1 -7.6181 239.9504 160.2792 290.1377 190.2746 1.6711 1.7596 4.0143 -20.2057 0.9702 42.3439 -8.0610 -4.5192
Car -1 -1 -4.5058 175.3509 157.2923 231.0769 188.5781 1.5414 1.7509 3.9562 -21.2093 0.7744 37.6978 -5.0154 -4.5818
Car -1 -1 -2.8933 326.8929 153.8993 431.6499 189.3495 1.5498 1.6194 4.2220 -10.3595 0.7208 32.4753 -3.1999 -4.7919
Car -1 -1 -6.1634 433.0851 151.8396 505.0735 181.2848 1.5770 1.7297 3.7006 -7.7298 0.4512 39.6376 -6.3549 -4.7949
Car -1 -1 -8.9642 1136.5425 173.9712 1241.0000 306.4508 1.5902 1.5974 3.7065 10.2233 1.6096 10.7109 -8.2163 -5.0427
Car -1 -1 -2.7378 366.9843 180.7687 530.3091 250.3717 1.4412 1.5295 3.2459 -3.6311 1.6305 16.2317 -2.9551 -5.2796
Car -1 -1 -2.5806 0.0000 199.0833 130.1197 374.0000 1.3380 1.6290 4.2494 -5.5102 1.5408 4.1155 -3.4785 -5.3354
Car -1 -1 -5.6384 0.0000 168.7295 142.0141 295.6140 1.5117 1.6263 3.3927 -8.4709 1.4622 9.5235 -6.3516 -5.5046
Car -1 -1 -3.0754 660.8265 175.0150 778.9199 218.9230 1.4118 1.7516 3.8472 3.7189 1.4890 24.5893 -2.9277 -5.5976
Car -1 -1 -8.0469 438.8055 147.7342 486.6554 180.9112 1.8159 1.9683 4.0443 -8.6048 0.4407 41.7371 -8.2491 -5.6277
Car -1 -1 -7.8975 509.9416 154.6928 543.9529 184.3094 1.5105 1.6475 3.7346 -4.5419 0.5839 38.7734 -8.0135 -5.6302
Car -1 -1 -3.8768 0.0000 188.7551 264.8867 374.0000 1.4497 1.5734 3.9659 -3.0323 1.5494 2.5429 -4.6989 -5.8238
Car -1 -1 -6.6468 0.0000 0.0000 1241.0000 374.0000 1.5435 1.5833 3.8019 -4.5116 1.6673 1.0066 -7.9388 -5.8867
Car -1 -1 -5.6187 1241.0000 0.0000 1241.0000 374.0000 1.5223 1.6623 4.0205 41.4585 0.6951 2.9192 -4.1252 -5.8867
Car -1 -1 -5.7869 1241.0000 181.8759 1241.0000 374.0000 1.5286 1.6115 3.9645 6.1818 1.5898 2.9298 -4.6974 -5.8867
Car -1 -1 -3.4549 0.0000 0.0000 1241.0000 374.0000 1.5050 1.6004 3.9578 -5.8849 1.6280 1.7209 -4.6975 -5.8867
Car -1 -1 -3.4652 0.0000 176.3342 0.0000 374.0000 1.5351 1.6175 3.9602 -7.8832 1.5566 2.5316 -4.6932 -5.8867
Car -1 -1 -8.4648 0.0000 0.0000 720.4069 374.0000 1.5248 1.5893 3.8735 0.3222 1.5397 0.8850 -8.2084 -5.8867
Car -1 -1 -5.8746 1241.0000 35.5473 1241.0000 374.0000 1.4538 1.5870 3.9359 7.7884 1.2720 2.9338 -4.6966 -5.8867
Car -1 -1 -7.1496 54.3370 0.0000 1241.0000 374.0000 1.5374 1.5816 3.8027 -1.2960 1.6038 1.0107 -7.9392 -5.8867
Car -1 -1 -4.6668 1040.5524 169.6969 1063.4684 186.2538 1.5045 1.6615 4.0266 41.4691 1.2173 67.6969 -4.1194 -5.8867
Car -1 -1 -5.4819 0.0000 0.0000 1241.0000 374.0000 1.4857 1.6451 3.9869 40.6741 0.5924 0.1282 -3.9214 -5.8867
Car -1 -1 -4.5018 364.6308 153.4539 410.9083 181.9148 1.4635 1.6557 3.6645 -11.9892 0.4656 38.9996 -4.7982 -5.9142
Car -1 -1 -3.8472 0.0000 176.7765 50.2703 374.0000 1.4253 1.6287 4.0687 -7.9458 1.4744 7.0208 -4.6753 -5.9256
Car -1 -1 -4.9571 776.5750 177.4971 826.3795 206.9660 1.3694 1.5248 3.7255 9.4459 1.6128 35.9894 -4.7029 -5.9694
Car -1 -1 -8.0153 686.6054 186.2781 1241.0000 374.0000 1.5049 1.5438 3.3241 1.1411 1.5916 2.9059 -7.6765 -6.0572
Car -1 -1 -4.9636 808.0255 169.7337 864.0013 200.0078 1.3547 1.5850 3.9464 10.6231 1.2147 34.2939 -4.6660 -6.2438
Car -1 -1 -7.5380 397.4924 172.0881 481.4235 228.3743 1.5217 1.4517 3.2501 -4.9669 1.5007 21.1888 -7.7660 -6.4658
Car -1 -1 -5.2225 982.2135 173.6450 1053.1959 201.8086 1.3860 1.5183 3.8323 21.0754 1.4290 37.5344 -4.7146 -6.5801
Car -1 -1 -4.2017 60.0248 157.9312 187.1796 203.7186 1.4576 1.6847 4.4965 -16.8808 0.9822 25.2733 -4.7858 -6.6599
