Car -1 -1 -4.4942 1179.2491 180.4147 1241.0000 213.2896 1.4577 1.6454 4.1737 29.0774 1.8425 34.8132 -3.8029 1.5269
Car -1 -1 -7.7177 1209.4115 178.9066 1241.0000 242.2470 1.4653 1.6196 3.6438 17.0352 1.6381 18.8359 -6.9907 0.3932
Car -1 -1 -4.3684 1194.3929 158.8276 1241.0000 184.8251 1.5885 1.6268 3.7179 38.8279 0.7311 45.7233 -3.6676 -1.6630
Car -1 -1 -6.8648 1153.2501 190.2775 1241.0000 260.6744 1.4063 1.5745 3.6088 14.4216 1.8165 15.9637 -6.1399 -2.3616
Car -1 -1 -8.5790 1117.0929 163.0403 1188.9092 186.6009 1.4896 1.6070 3.8811 35.7107 0.8688 47.6196 -7.9386 -2.6086
Car -1 -1 -8.1494 1150.0127 159.8341 1207.0771 185.4475 1.5991 1.7686 4.2237 37.1741 0.7859 47.3346 -7.4868 -3.5998
Car -1 -1 -6.9368 1207.0056 178.9852 1241.0000 212.6821 1.4846 1.6668 3.9955 30.1212 1.7743 33.1382 -6.2039 -3.8937
Car -1 -1 -8.4246 1176.8976 180.9799 1241.0000 239.2656 1.5061 1.5679 3.7248 18.6112 1.7660 21.1456 -7.7103 -4.0123
Car -1 -1 -7.4696 1141.7472 178.4787 1204.8147 204.3188 1.4354 1.6277 3.8112 33.1273 1.7791 42.4667 -6.8108 -4.2386
Car -1 -1 -8.5052 905.7357 177.1703 985.3149 206.7389 1.3860 1.5656 3.9463 16.8512 1.6168 36.5315 -8.0765 -4.3409
Car -1 -1 -8.8136 1185.4382 181.2076 1241.0000 235.8526 1.4634 1.5783 3.7607 19.9690 1.7405 21.9483 -8.0826 -4.3556
Car -1 -1 -3.4693 951.0919 163.4433 1028.4995 193.4503 1.6075 1.6031 3.4328 20.8052 1.1031 39.7051 -2.9899 -4.4977
Car -1 -1 -4.6977 1174.2496 159.9602 1204.4248 181.9179 1.5074 1.6318 3.9306 41.3945 0.6220 51.5711 -4.0242 -4.9144
Car -1 -1 -6.4760 0.0000 127.7357 5.4635 374.0000 1.7181 1.6386 3.9557 -5.7039 1.6378 3.4198 -7.4716 -5.5295
Car -1 -1 -7.3743 231.2095 188.7729 446.6716 293.5197 1.3819 1.7648 3.8682 -4.3626 1.6953 12.1785 -7.7121 -5.7081
Car -1 -1 -4.6997 900.8066 173.8861 935.2805 203.6505 1.5434 1.6653 4.2207 16.9820 1.6033 39.8384 -4.2998 -5.8105
Car -1 -1 -6.9171 0.0000 0.0000 1241.0000 374.0000 1.5395 1.5875 3.8025 -2.1018 1.6155 1.0050 -7.9392 -5.8867
Car -1 -1 -5.9534 0.0000 0.0000 1241.0000 374.0000 1.5181 1.6102 3.9632 6.1750 1.5362 1.7168 -4.6976 -5.8867
Car -1 -1 -4.8997 1241.0000 164.9530 1241.0000 190.9878 1.4512 1.6375 4.0002 41.4656 1.0105 42.3383 -4.1284 -5.8867
Car -1 -1 -7.7291 194.5441 0.0000 999.7903 374.0000 1.5062 1.5917 3.9053 -0.1138 1.5901 0.5253 -7.8858 -5.8867
Car -1 -1 -4.9296 1241.0000 166.4722 1241.0000 194.7973 1.4839 1.6431 3.9981 41.4683 1.1493 39.9215 -4.1291 -5.8867
Car -1 -1 -9.1169 0.0000 0.0000 1241.0000 374.0000 1.5438 1.5909 3.8062 3.1116 1.5693 0.9964 -7.9398 -5.8867
Car -1 -1 -8.7981 0.0000 0.0000 1144.7120 374.0000 1.5449 1.5926 3.8071 1.5037 1.5872 0.9962 -7.9398 -5.8867
Car -1 -1 -4.8477 1236.9254 160.8501 1241.0000 183.9687 1.4010 1.6480 4.1180 41.2571 0.6733 45.8931 -4.1187 -5.8867
Car -1 -1 -5.9211 1241.0000 174.8641 1241.0000 374.0000 1.5183 1.6095 3.9628 7.7832 1.5306 2.5211 -4.6976 -5.8867
Car -1 -1 -4.5117 1192.8958 158.5980 1241.0000 185.3339 1.7601 1.8049 4.0173 41.6147 0.8213 49.4604 -3.8152 -5.9865
Car -1 -1 -5.6822 0.0000 155.3037 25.9085 374.0000 1.6476 1.6617 3.9594 -8.0093 1.5238 6.4109 -6.5575 -6.0246
Car -1 -1 -6.6626 985.9780 161.8730 1087.7440 191.2693 1.6114 1.6330 4.6684 23.9627 1.0091 40.7057 -6.1339 -6.4384
Car -1 -1 -8.2677 947.5740 175.5501 1004.7800 207.7441 1.5503 1.4023 3.2134 18.4996 1.6931 36.6591 -7.8041 -7.0806
