Car -1 -1 -7.6148 149.7700 158.6399 206.5051 189.4925 1.6353 1.8035 4.0805 -24.1656 0.8816 40.4578 -8.1504 -4.2179
Car -1 -1 -3.0385 119.4006 154.7443 224.3063 196.5429 1.5683 1.6050 3.3915 -17.2570 0.8885 28.5180 -3.5787 -4.2543
Car -1 -1 -4.4818 58.3468 156.2066 125.4230 194.3224 1.6393 1.6989 3.6201 -23.6669 0.9230 33.0298 -5.0998 -4.4238
Car -1 -1 -4.5883 482.3297 179.6285 567.7931 247.9106 1.5237 1.6577 4.3713 -2.1270 1.7199 18.7320 -4.7006 -4.5408
Car -1 -1 -5.2597 101.6811 150.2894 186.2983 184.8322 1.5210 1.6196 3.6575 -21.5530 0.5271 33.2999 -5.8306 -4.6095
Car -1 -1 -4.3520 35.3518 149.5827 128.1832 194.5427 1.6790 1.7423 3.8788 -21.1731 0.8096 29.0451 -4.9776 -4.7198
Car -1 -1 -4.5641 132.2102 150.5478 183.5595 178.9400 1.3791 1.7132 3.5754 -23.1712 0.2953 37.0287 -5.1201 -4.7279
Car -1 -1 -5.7203 450.1217 138.7926 542.9097 180.3646 1.6559 1.6699 3.4822 -4.7880 0.2989 30.1961 -5.8764 -4.7955
Car -1 -1 -4.0503 88.8229 150.9035 227.2976 203.9584 1.4378 1.5314 3.6889 -13.3303 0.8426 21.4717 -4.6004 -4.8728
Car -1 -1 -5.2657 165.9065 152.6546 239.8893 185.2666 1.6749 1.7111 3.8197 -21.9000 0.6372 38.7307 -5.7774 -4.8894
Car -1 -1 -6.7300 454.3093 138.8759 548.6513 177.3762 1.6221 1.7498 3.7764 -4.8611 0.1902 32.1842 -6.8788 -5.0170
Car -1 -1 -7.6586 184.0095 132.0890 244.9453 172.4010 1.7760 1.7175 4.2661 -18.6547 -0.0232 34.1323 -8.1556 -5.1514
Car -1 -1 -2.7209 645.2937 175.9008 784.9427 226.0891 1.4239 1.8390 3.8995 3.2056 1.5263 22.5055 -2.5819 -5.1588
Car -1 -1 -7.7598 297.0438 157.5838 350.7360 198.1668 1.3778 1.5064 3.2711 -10.3988 0.8590 26.2753 -8.1334 -5.1601
Car -1 -1 -4.7515 357.2437 150.6001 405.9054 191.8323 1.4197 1.5766 3.9162 -8.6318 0.6532 26.9536 -5.0588 -5.1964
Car -1 -1 -8.1972 681.6534 172.8954 773.2067 216.4583 1.4369 1.9242 4.2238 4.0750 1.4382 26.0600 -8.0443 -5.2846
Car -1 -1 -2.4816 332.1460 136.8610 478.6261 190.7940 1.6397 1.6462 4.5461 -6.7358 0.5451 23.5522 -2.7573 -5.3169
Car -1 -1 -7.8480 494.1621 149.7431 522.6348 177.2590 1.5936 1.6374 3.8291 -6.1894 0.2548 43.7957 -7.9877 -5.5785
Car -1 -1 -2.4428 0.0000 175.7182 95.8746 374.0000 1.4501 1.5848 4.0823 -5.1374 1.4682 3.3537 -3.3984 -5.5855
Car -1 -1 -5.0242 846.6643 175.5854 913.4783 212.8846 1.5221 1.6281 3.8208 11.7209 1.6490 31.6686 -4.6732 -5.7093
Car -1 -1 -2.8774 275.1754 152.2086 374.1146 186.7905 1.6200 1.6963 4.1468 -13.7582 0.6526 34.8704 -3.2508 -5.7211
Car -1 -1 -5.2482 0.0000 185.4563 0.0000 374.0000 1.4631 1.6421 3.8599 -7.9130 1.5789 5.6253 -6.1782 -5.7978
Car -1 -1 -3.9297 0.0000 183.5840 337.3503 374.0000 1.4161 1.5745 4.0676 -2.6213 1.4840 2.5264 -4.6823 -5.8815
Car -1 -1 -5.7763 0.0000 0.0000 1241.0000 374.0000 1.5069 1.6045 3.9618 3.7628 1.5215 1.7199 -4.6976 -5.8867
Car -1 -1 -5.5145 0.0000 0.0000 1205.7533 374.0000 1.5021 1.6032 3.9604 2.1548 1.5211 1.7203 -4.6976 -5.8867
Car -1 -1 -3.5342 0.0000 179.0145 0.0000 374.0000 1.4591 1.5863 3.9388 -7.4859 1.5008 2.9374 -4.6990 -5.8867
Car -1 -1 -4.9857 799.1760 172.8253 858.9970 205.7870 1.4041 1.5718 3.9181 9.8071 1.4026 32.7066 -4.6973 -5.8867
Car -1 -1 -4.9352 762.1449 175.4915 815.9710 208.5196 1.4291 1.5754 3.9258 8.2006 1.5585 33.5101 -4.6977 -5.8867
Car -1 -1 -6.6470 0.0000 0.0000 1241.0000 374.0000 1.5387 1.5799 3.7998 -4.5110 1.6553 1.0077 -7.9388 -5.8867
Car -1 -1 -5.9486 1241.0000 12.3630 1241.0000 374.0000 1.4659 1.5930 3.9380 9.8012 1.2536 2.9352 -4.6959 -5.8867
Car -1 -1 -5.8506 1241.0000 176.0696 1241.0000 374.0000 1.5162 1.6025 3.9598 8.1970 1.5396 3.3353 -4.6970 -5.8867
Car -1 -1 -7.8194 0.0000 0.0000 1241.0000 374.0000 1.4790 1.5911 3.8408 -0.0776 1.4872 1.3737 -7.8744 -5.8867
Car -1 -1 -9.3093 0.0000 0.0000 1241.0000 374.0000 1.5296 1.5802 3.7969 6.3272 1.5063 0.9965 -7.9396 -5.8867
Car -1 -1 -5.4819 0.0000 0.0000 1241.0000 374.0000 1.4857 1.6451 3.9869 40.6741 0.5924 0.1282 -3.9214 -5.8867
Car -1 -1 -5.6187 1241.0000 0.0000 1241.0000 374.0000 1.5223 1.6623 4.0205 41.4585 0.6951 2.9192 -4.1252 -5.8867
Car -1 -1 -6.8673 0.0000 0.0000 1241.0000 374.0000 1.4905 1.5827 3.8989 -1.3162 1.5571 0.5311 -7.8859 -5.8867
Car -1 -1 -7.9973 1241.0000 175.2812 1241.0000 361.0653 1.7385 1.7943 4.3288 9.3339 1.7764 9.0837 -7.2152 -5.9392
Car -1 -1 -2.7904 0.0000 154.8203 68.1372 205.9427 1.5364 1.7180 3.3380 -19.6768 0.9941 23.0635 -3.4911 -6.0529
Car -1 -1 -5.2246 982.8660 174.1061 1057.2220 203.5873 1.3824 1.5106 3.8394 20.2733 1.4478 35.9187 -4.7146 -6.5797
