Car -1 -1 -8.0331 712.4789 183.6625 836.2578 273.5558 1.4662 1.6350 3.8994 3.0149 1.7082 14.2111 -7.8293 7.7593
Car -1 -1 -8.0091 682.3574 179.0513 766.5677 243.9359 1.5436 1.6354 3.7647 2.9204 1.7263 19.4160 -7.8629 5.6780
Car -1 -1 -7.9556 645.1640 178.8050 683.5798 208.4890 1.4427 1.6160 3.7558 2.7548 1.7692 37.7308 -7.8838 3.4742
Car -1 -1 -4.6773 512.5105 178.1125 552.2138 214.4966 1.4625 1.5918 3.9552 -3.3893 1.7075 31.6194 -4.7838 3.3837
Car -1 -1 -4.6200 548.7624 175.2058 574.5120 198.1351 1.5943 1.5439 3.5623 -3.5070 1.7705 52.3394 -4.6870 1.2087
Car -1 -1 -7.8907 534.2288 177.4561 562.9079 203.0094 1.4661 1.6019 3.6728 -3.8166 1.7588 44.0104 -7.9771 1.0023
Car -1 -1 -4.7467 621.1118 178.3454 654.2772 208.2116 1.4655 1.6020 3.8815 1.3773 1.7697 38.0613 -4.7114 -1.9147
Car -1 -1 -4.5846 558.4492 175.8028 584.4986 194.7462 1.5491 1.6896 4.3943 -3.2941 1.8112 61.9579 -4.6378 -2.1887
Car -1 -1 -4.4618 562.5402 175.8066 596.7294 198.0086 1.5296 1.5897 3.7741 -2.1896 1.7514 52.2567 -4.5038 -3.0178
Car -1 -1 -4.5847 551.2957 177.1654 585.9234 203.0086 1.4796 1.5954 4.2136 -2.5210 1.7563 44.1887 -4.6418 -3.0533
Car -1 -1 -4.7183 638.5563 173.5516 665.0198 201.0331 1.7875 1.7239 4.1886 2.7974 1.8368 49.1735 -4.6623 -3.6153
Car -1 -1 -4.3171 568.9152 176.0840 603.8641 194.4414 1.4866 1.6028 3.8654 -1.9924 1.7699 61.2587 -4.3499 -3.8621
Car -1 -1 -4.7755 624.9995 180.0842 651.8187 201.6098 1.4739 1.7150 3.6162 2.0023 2.0176 52.4636 -4.7381 -3.9793
Car -1 -1 -4.4945 641.5787 177.7557 672.9199 200.2472 1.5519 1.5476 3.5676 3.4439 1.9217 52.5547 -4.4299 -4.0248
Car -1 -1 -4.2453 513.3124 177.6382 568.9860 206.7667 1.5239 1.6310 3.6590 -3.8388 1.8047 40.4055 -4.3399 -4.4453
Car -1 -1 -4.6917 620.6542 174.1519 641.8315 196.7363 1.7384 1.6177 4.1736 1.7081 1.8461 57.9092 -4.6628 -4.6222
Car -1 -1 -4.7878 566.5052 177.5315 590.8927 197.9070 1.5442 1.6675 3.5896 -2.5469 1.9284 57.4292 -4.8323 -4.7616
Car -1 -1 -4.2619 592.3221 178.3376 632.7676 199.1885 1.5664 1.6142 4.0761 0.2173 2.0200 57.5408 -4.2586 -4.9265
Car -1 -1 -4.2700 530.2689 176.2953 573.3295 200.6161 1.5713 1.7055 3.2008 -3.9429 1.8129 48.9237 -4.3504 -4.9490
Car -1 -1 -4.6218 547.5992 175.5277 576.1792 200.1887 1.5270 1.5134 3.9393 -3.1350 1.7086 47.0960 -4.6883 -4.9897
Car -1 -1 -4.8924 635.9114 176.1927 664.8546 194.4720 1.4084 1.6177 4.1567 3.2110 1.6890 58.5463 -4.8382 -5.2522
Car -1 -1 -4.8680 657.5553 177.1908 691.8469 198.9708 1.3861 1.6617 4.2864 4.3111 1.6934 48.9875 -4.7812 -5.3360
Car -1 -1 -5.2074 656.8771 179.0359 729.2776 211.1377 1.3654 1.6535 3.9701 3.7583 1.6720 33.6689 -5.0977 -5.4495
Car -1 -1 -4.7394 661.8645 180.9400 691.8218 205.8020 1.3324 1.6161 3.8726 3.8078 1.8244 41.9420 -4.6500 -5.5245
Car -1 -1 -5.2755 654.0827 180.0845 739.6634 218.3712 1.4580 1.6926 4.0102 3.5399 1.7849 30.4719 -5.1616 -5.6345
Car -1 -1 -4.6281 603.8818 177.9947 634.0603 202.5239 1.4152 1.5450 3.8432 0.5561 1.7457 44.4488 -4.6162 -5.6606
Car -1 -1 -7.5831 0.0000 172.8308 14.9431 374.0000 1.4602 1.6497 3.9914 -6.1152 1.4598 5.5843 -8.3900 -5.7142
Car -1 -1 -4.8036 642.6533 176.7894 675.6677 202.7163 1.5053 1.6538 4.1313 2.9578 1.7597 44.6117 -4.7383 -5.7723
Car -1 -1 -4.6156 594.2020 176.5307 620.3287 196.0595 1.3742 1.5633 4.0294 -0.1977 1.6578 53.6334 -4.6196 -5.7826
Car -1 -1 -8.4291 0.0000 0.0000 948.7897 374.0000 1.5436 1.5920 3.8062 0.6997 1.5928 0.9962 -7.9398 -5.8867
Car -1 -1 -7.1465 51.8471 0.0000 1241.0000 374.0000 1.5438 1.5888 3.8039 -1.2977 1.6220 1.0044 -7.9392 -5.8867
Car -1 -1 -5.8847 1241.0000 176.4905 1241.0000 374.0000 1.5201 1.6112 3.9639 6.9792 1.5426 2.5209 -4.6976 -5.8867
Car -1 -1 -8.9995 0.0000 0.0000 1241.0000 374.0000 1.5458 1.5928 3.8068 2.3078 1.5829 0.9958 -7.9398 -5.8867
Car -1 -1 -6.8801 1194.4537 91.4710 1241.0000 178.7345 1.6998 1.7372 4.3532 15.3354 0.1142 15.3004 -6.1026 -6.0764
Car -1 -1 -4.0416 0.0000 175.3413 216.4295 374.0000 1.4366 1.6003 4.3479 -3.4657 1.4546 3.0620 -4.8461 -6.1080
Car -1 -1 -4.6695 579.1127 177.3634 606.1802 201.6021 1.4059 1.5077 3.9258 -1.0702 1.6964 44.5618 -4.6938 -6.2635
Car -1 -1 -8.0066 651.4674 160.8549 730.6004 223.7320 2.0712 2.0229 5.5903 2.7923 1.6757 26.6102 -7.9039 -6.8106
