Car -1 -1 -8.2663 777.3851 193.7190 1142.4045 374.0000 1.4351 1.6370 3.6487 2.8585 1.6894 6.9487 -7.8922 7.8594
Car -1 -1 -4.2744 25.4204 186.3125 456.8203 374.0000 1.4630 1.6851 4.5888 -2.9832 1.6375 7.0376 -4.6629 7.6122
Car -1 -1 -4.6094 476.5743 175.8638 535.8977 229.5639 1.4858 1.4482 3.1764 -3.1117 1.5830 21.7594 -4.7504 7.0106
Car -1 -1 -4.8407 669.9550 179.9087 727.6786 222.5406 1.3997 1.5586 4.1003 3.1259 1.6780 26.4316 -4.7249 6.0194
Car -1 -1 -4.4628 347.8714 175.2119 495.0352 279.3504 1.5920 1.6356 3.8187 -3.2659 1.6406 13.0331 -4.7044 5.8254
Car -1 -1 -4.9261 708.3783 190.1881 861.7866 290.9122 1.3394 1.6041 4.2328 2.7400 1.6889 12.4429 -4.7155 5.5921
Car -1 -1 -7.7328 511.1158 177.3062 562.7505 215.6405 1.4092 1.5932 3.9729 -2.9099 1.6001 28.9924 -7.8324 3.5947
Car -1 -1 -7.9358 648.7599 176.2753 678.3853 200.0058 1.4511 1.5950 3.7255 3.3830 1.6803 46.5316 -7.8642 3.5847
Car -1 -1 -7.8343 571.3994 175.1729 590.1965 192.6977 1.5008 1.6009 3.4552 -2.5904 1.7117 63.9957 -7.8749 1.5809
Car -1 -1 -7.6316 645.2102 173.3109 681.9725 196.4271 1.5890 1.7031 4.4866 3.8866 1.6232 52.0858 -7.5579 -1.6263
Car -1 -1 -5.8142 528.0460 174.8862 573.8802 191.9730 1.6063 1.6697 4.1040 -5.7262 1.8068 69.7448 -5.8961 -3.1918
Car -1 -1 -8.1448 939.8656 144.0020 993.3400 174.9593 1.8071 1.7564 4.3521 21.8285 0.1226 44.4097 -7.6906 -3.4779
Car -1 -1 -5.0397 700.0114 169.2110 747.6804 198.0465 1.7175 1.6964 4.1257 7.0280 1.5003 45.1562 -4.8867 -3.6676
Car -1 -1 -8.1646 619.3076 173.3307 662.3840 197.3537 1.6621 1.7743 4.6820 2.1545 1.6981 52.5126 -8.1242 -3.8527
Car -1 -1 -4.2601 623.9641 176.7529 670.5518 202.2214 1.4438 1.5942 3.0968 2.2251 1.6862 43.1770 -4.2095 -4.1356
Car -1 -1 -4.8546 574.4308 171.7017 600.8334 193.8221 1.7991 1.6694 3.9802 -1.9428 1.7051 60.7906 -4.8868 -4.2009
Car -1 -1 -6.3635 936.9811 155.0219 1021.8494 184.2447 1.6266 1.8850 4.2322 21.2835 0.6337 41.8342 -5.8957 -4.2841
Car -1 -1 -8.6881 1050.6823 182.0609 1241.0000 374.0000 1.4792 1.4847 3.3364 3.0581 1.5297 2.2897 -7.8204 -4.3592
Car -1 -1 -6.8727 0.0000 184.7614 185.5417 374.0000 1.4745 1.5051 3.3652 -2.9672 1.5338 1.8937 -7.8117 -4.3648
Car -1 -1 -3.1061 433.7883 158.2655 506.2314 192.3470 2.1239 1.8475 4.4694 -8.9508 1.2145 46.2234 -3.2965 -4.4934
Car -1 -1 -2.4563 422.7502 175.5233 473.4394 201.0458 1.6532 1.5312 3.0324 -10.8900 1.8370 48.3870 -2.6769 -4.5914
Car -1 -1 -6.6768 0.0000 182.3026 0.1333 374.0000 1.4416 1.5021 3.3496 -4.2317 1.4935 2.2252 -7.7133 -4.7528
Car -1 -1 -5.2604 1207.8143 185.3559 1241.0000 374.0000 1.4157 1.6011 3.9304 6.5136 1.5485 5.5691 -4.4233 -4.9291
Car -1 -1 -4.6272 472.4572 175.9836 533.1636 222.1442 1.4813 1.7454 4.7918 -3.7954 1.6040 25.9283 -4.7717 -4.9323
Car -1 -1 -4.9997 666.6652 176.0134 736.2972 214.1268 1.4466 1.7866 3.9541 3.6516 1.5862 29.8329 -4.8797 -5.3585
Car -1 -1 -8.9014 1241.0000 180.0282 1241.0000 374.0000 1.4974 1.5111 3.4085 4.2969 1.5377 2.3547 -7.8838 -5.3603
Car -1 -1 -6.3375 639.2789 166.1613 685.1923 190.3087 1.8765 1.6675 3.5246 4.0670 1.3561 56.9347 -6.2669 -5.3911
Car -1 -1 -7.6366 386.3508 176.1209 487.8056 238.7647 1.3833 1.6733 3.7468 -4.2353 1.4730 18.0112 -7.8648 -5.4322
Car -1 -1 -2.6174 209.2298 145.5770 320.4972 184.3617 1.5600 1.7849 3.8018 -14.3686 0.4626 30.0656 -3.0599 -5.5599
Car -1 -1 -4.2169 0.0000 175.9891 478.0462 374.0000 1.4920 1.5724 3.7862 -1.4336 1.5088 1.9970 -4.7816 -5.6471
Car -1 -1 -3.5095 0.0000 186.6553 0.0000 374.0000 1.4674 1.5960 3.9467 -5.4996 1.5460 2.1161 -4.6692 -5.8627
Car -1 -1 -5.0540 598.3306 175.1119 640.2224 197.7745 1.4545 1.6069 3.9190 0.5494 1.6137 48.8444 -5.0433 -5.8823
Car -1 -1 -8.6428 0.0000 0.0000 1048.3855 374.0000 1.5465 1.5908 3.8064 1.1138 1.5992 1.0055 -7.9394 -5.8867
Car -1 -1 -9.1541 0.0000 0.0000 1241.0000 374.0000 1.4914 1.5997 3.8456 5.5494 1.4638 1.3692 -7.8744 -5.8867
Car -1 -1 -5.1706 661.7778 179.1198 729.2157 212.4797 1.4047 1.6451 3.5743 3.8120 1.7087 33.0784 -5.0575 -6.0530
Car -1 -1 -4.2358 559.2773 177.5493 591.7831 193.0190 1.4570 1.6694 3.7608 -3.3924 1.9339 71.2644 -4.2836 -6.1822
Car -1 -1 -5.5496 504.5384 179.0278 567.5758 204.3026 1.4277 1.5299 3.6838 -4.4928 1.8124 43.2934 -5.6528 -6.3114
Car -1 -1 -5.7757 474.6259 175.9370 545.2665 204.9249 1.6223 1.6413 3.7622 -5.8745 1.8082 42.1318 -5.9138 -8.6154
