Car -1 -1 -7.9276 678.0495 182.4781 734.6230 227.4375 1.4121 1.6763 3.7160 3.2669 1.7756 25.3753 -7.8018 7.3100
Car -1 -1 -5.2308 840.4844 206.8203 1241.0000 374.0000 1.3720 1.6248 3.8990 3.1080 1.7152 5.3336 -4.7284 5.2552
Car -1 -1 -7.9758 663.3294 179.7449 712.2684 217.9315 1.4880 1.6163 3.6230 3.1953 1.7975 30.6029 -7.8734 5.1456
Car -1 -1 -4.3299 141.0260 189.2462 455.6927 366.9781 1.3605 1.6770 3.8538 -3.0233 1.5823 7.8291 -4.6881 5.1161
Car -1 -1 -4.6816 546.5057 176.4101 575.0682 204.2941 1.5649 1.5810 3.7671 -2.9237 1.7854 42.8927 -4.7497 2.5626
Car -1 -1 -4.4373 558.3604 175.5663 594.0472 199.0182 1.7210 1.6451 4.3214 -2.5929 1.9389 55.7698 -4.4839 -1.9454
Car -1 -1 -4.5134 645.5748 177.1032 681.8804 200.7273 1.5141 1.6779 4.2217 3.6855 1.8175 49.3148 -4.4397 -2.2343
Car -1 -1 -4.6438 577.2438 173.7609 599.6293 193.8136 1.7142 1.7056 4.1712 -1.9036 1.7970 63.9883 -4.6738 -2.8272
Car -1 -1 -4.7456 631.2836 174.7955 657.9753 200.7862 1.6988 1.6817 4.2349 2.3096 1.8377 49.6072 -4.6998 -2.8555
Car -1 -1 -4.7253 554.4410 174.1349 582.1736 197.4265 1.5855 1.8982 4.9153 -3.0655 1.6818 51.9132 -4.7844 -2.9518
Car -1 -1 -8.4365 619.7147 178.3174 677.8627 207.5399 1.5500 1.6333 3.4917 2.1179 1.8739 40.9067 -8.3857 -3.3869
Car -1 -1 -4.9417 557.7372 176.5876 585.5626 194.0672 1.4644 1.6200 3.7701 -3.4213 1.8025 63.3546 -4.9958 -3.5653
Car -1 -1 -4.6167 636.1141 174.0476 659.0294 192.5976 1.5946 1.6669 4.0674 3.3625 1.7045 64.4355 -4.5652 -3.8892
Car -1 -1 -5.3408 570.4463 175.8635 620.7081 197.2004 1.4886 1.6256 4.0372 -1.1287 1.7183 53.0315 -5.3624 -4.2805
Car -1 -1 -5.2882 579.1974 176.9958 628.5249 198.5785 1.5822 1.7255 4.3703 -0.5509 1.9169 56.0734 -5.2984 -4.3974
Car -1 -1 -6.4558 650.9973 175.7677 723.5923 209.3133 1.7743 1.7402 3.6863 4.1381 1.9369 39.3326 -6.3523 -4.4279
Car -1 -1 -4.8768 648.4359 177.9062 690.5958 207.2969 1.6185 1.7675 4.4871 3.4345 1.9344 42.8400 -4.7979 -4.6500
Car -1 -1 -4.9963 562.9776 175.9662 601.4587 201.0692 1.5475 1.5137 3.7243 -1.8832 1.7586 46.9850 -5.0366 -4.7831
Car -1 -1 -9.2458 0.0000 0.0000 1241.0000 374.0000 1.4522 1.4824 3.3517 3.1928 1.5145 0.8130 -8.0089 -4.9160
Car -1 -1 -5.0218 617.2531 175.6755 647.5810 193.5679 1.5204 1.5949 3.8224 1.9319 1.7785 64.0194 -4.9922 -5.0406
Car -1 -1 -7.8900 918.1913 176.9647 1023.8145 264.1890 1.6312 1.8441 4.0084 7.7567 1.7341 15.9072 -7.4444 -5.0835
Car -1 -1 -7.8271 630.5803 179.9507 669.5887 218.4943 1.5170 1.5712 3.3486 1.7060 1.8363 30.7680 -7.7729 -5.2549
Car -1 -1 -8.6684 0.0000 0.0000 1241.0000 374.0000 1.4714 1.4902 3.2541 1.8760 1.4829 0.9031 -7.6670 -5.2639
Car -1 -1 -4.4049 585.3204 178.0557 628.3486 201.4679 1.3844 1.5549 4.1466 -0.1833 1.7306 45.8581 -4.4093 -5.5194
Car -1 -1 -9.0626 0.0000 0.0000 1241.0000 374.0000 1.4597 1.5415 3.4855 4.4110 1.4420 1.1905 -7.8164 -5.5435
Car -1 -1 -3.9637 0.0000 183.2401 318.0966 374.0000 1.4189 1.5696 4.0745 -2.6181 1.4832 2.4335 -4.7324 -5.7574
Car -1 -1 -4.4156 591.8126 175.1737 623.7913 191.8755 1.4139 1.6335 4.3756 -0.1770 1.6270 64.0580 -4.4187 -5.7840
Car -1 -1 -3.6052 0.0000 0.0000 1241.0000 374.0000 1.5066 1.6087 3.9590 -3.8666 1.5983 1.7246 -4.6975 -5.8867
Car -1 -1 -5.9524 0.0000 0.0000 1241.0000 374.0000 1.4941 1.6048 3.9565 6.1749 1.4475 1.7175 -4.6965 -5.8867
Car -1 -1 -6.7997 0.0000 83.5780 0.0000 374.0000 1.5687 1.7142 3.8974 -5.2787 1.4338 3.0761 -7.8045 -5.9365
Car -1 -1 -5.0818 653.9688 181.5408 699.6221 204.8799 1.3503 1.5855 3.7793 4.1081 1.9198 45.2947 -4.9924 -6.0981
Car -1 -1 -5.1173 617.9554 178.5650 672.3918 205.0882 1.5681 1.9413 4.2389 2.1457 1.9502 45.9861 -5.0715 -6.2454
