Car -1 -1 -4.9091 670.4172 181.3647 774.0945 252.0020 1.4826 1.6957 4.1070 2.5660 1.7164 17.7480 -4.7688 7.4908
Car -1 -1 -4.5047 408.9349 173.6264 508.5408 248.6022 1.5886 1.5877 3.6046 -3.5196 1.6086 17.1336 -4.7050 7.4777
Car -1 -1 -4.3529 165.6227 191.6259 431.2305 337.1112 1.3128 1.6112 4.1023 -3.6074 1.6028 9.1002 -4.7212 7.0839
Car -1 -1 -7.9509 654.8605 182.9504 707.7582 223.2401 1.3267 1.5577 3.7913 2.5146 1.7253 26.6097 -7.8584 5.4526
Car -1 -1 -4.5937 485.1523 174.7811 543.1815 220.1770 1.5223 1.6198 4.1927 -3.4783 1.5983 26.4799 -4.7235 4.6339
Car -1 -1 -8.6795 943.5392 205.2195 1241.0000 374.0000 1.4736 1.6251 3.8282 2.9060 1.6775 2.6077 -7.8956 3.8763
Car -1 -1 -7.9162 635.5908 178.8372 664.6485 204.1578 1.4197 1.5088 3.4077 2.3195 1.7900 42.9761 -7.8632 3.1936
Car -1 -1 -4.8494 636.9234 180.3133 677.6270 210.2598 1.4124 1.5490 3.9207 2.3342 1.8159 37.0461 -4.7875 3.0649
Car -1 -1 -4.6279 524.2028 176.1747 560.0162 206.8369 1.5045 1.5583 3.6482 -3.5345 1.6858 37.6314 -4.7214 2.9027
Car -1 -1 -5.0384 550.5607 176.2281 580.6025 193.9204 1.4807 1.6490 3.2744 -3.9217 1.7832 62.9125 -5.1007 -1.6864
Car -1 -1 -4.4843 598.1573 176.9392 641.6221 201.6136 1.4031 1.7731 4.0809 0.6204 1.6641 43.9506 -4.4707 -3.0624
Car -1 -1 -4.6635 617.4177 176.2816 635.2836 192.0538 1.4752 1.5690 3.5075 1.5896 1.8164 70.0782 -4.6413 -3.2914
Car -1 -1 -4.6782 490.2015 178.7283 527.3555 208.9685 1.4668 1.7955 3.9050 -5.2930 1.7910 37.8249 -4.8167 -3.5755
Car -1 -1 -4.7980 630.6259 176.8355 662.8148 201.8877 1.5234 1.7151 4.1904 2.2958 1.7924 46.6775 -4.7496 -3.7669
Car -1 -1 -4.6133 548.4562 175.9375 586.6364 209.9728 1.6170 1.5738 3.6688 -2.1388 1.7806 36.4822 -4.6720 -3.7990
Car -1 -1 -2.5141 155.5012 151.5867 295.5323 202.8264 1.5558 1.6721 3.6583 -12.2470 0.9098 22.9962 -2.9988 -3.9459
Car -1 -1 -7.6843 612.2332 172.9035 641.5321 192.4126 1.7229 1.9357 4.6336 1.5694 1.7273 66.1910 -7.6611 -4.2121
Car -1 -1 -4.7578 710.8854 181.2540 743.6334 211.7083 1.5178 1.5592 3.8987 6.2703 1.9963 39.1018 -4.6005 -4.5120
Car -1 -1 -4.3766 626.8062 174.9352 655.0388 190.0484 1.4320 1.5853 3.8953 3.0557 1.6427 71.0472 -4.3341 -4.6860
Car -1 -1 -8.0908 682.9753 180.0872 763.5737 232.5776 1.4548 1.6067 3.7854 3.3817 1.6996 22.4941 -7.9442 -4.7403
Car -1 -1 -4.6171 536.6308 174.5048 567.6296 200.0542 1.5850 1.6490 3.9111 -3.7601 1.6967 46.9849 -4.6969 -4.7904
Car -1 -1 -3.4747 0.0000 176.9118 40.2792 263.6061 1.4275 1.5650 3.6026 -13.6281 1.5171 14.0240 -4.2363 -5.0296
Car -1 -1 -4.1819 431.2823 178.8616 514.9963 214.6722 1.4065 1.7063 4.1378 -5.8885 1.6856 31.3247 -4.3666 -5.4466
Car -1 -1 -5.0368 657.7501 178.4262 729.5133 216.0076 1.4591 1.7415 4.3585 3.4551 1.7162 31.0154 -4.9275 -5.5246
Car -1 -1 -4.8540 562.7498 174.4258 584.8259 190.7425 1.4752 1.5483 3.7408 -3.4395 1.6265 67.6029 -4.9050 -5.5406
Car -1 -1 -7.3626 0.0000 175.3958 122.5559 258.4449 1.5122 1.4754 3.3613 -11.8528 1.5711 15.0271 -8.0219 -5.5452
Car -1 -1 -6.0975 0.0000 168.8662 18.0304 374.0000 1.6880 1.8216 4.1347 -7.7116 1.6655 6.0538 -6.9811 -5.5708
Car -1 -1 -5.3368 0.0000 119.3672 0.0000 374.0000 1.5245 1.6224 3.9151 -5.3017 1.3828 2.8846 -6.3696 -5.8867
Car -1 -1 -5.8118 657.9454 168.9621 700.6861 189.9481 1.9272 1.6143 3.6721 6.4960 1.5695 67.9282 -5.7172 -5.9219
Car -1 -1 -8.0442 707.9964 203.2878 1241.0000 374.0000 1.5252 1.5896 3.2701 1.1815 1.7138 2.7290 -7.6760 -6.2356
Car -1 -1 -2.5956 463.0550 178.8478 556.4258 209.7418 1.4056 1.7082 4.2223 -4.9182 1.7101 35.0774 -2.7343 -6.2751
Car -1 -1 -6.2706 776.4665 160.6647 846.7731 189.3779 1.8325 1.7108 4.3781 13.2123 1.0542 47.4790 -6.0011 -6.4580
Car -1 -1 -4.6288 563.9666 179.5353 586.9589 199.0269 1.4406 1.4877 3.8705 -2.7080 1.9829 56.6337 -4.6768 -6.4592
Car -1 -1 -6.8677 879.8676 138.1467 1009.1183 196.8468 1.7920 1.5762 3.4599 10.6056 0.7322 23.0788 -6.4419 -6.5998
Car -1 -1 -4.4824 599.5223 174.2686 642.7610 207.1884 1.6071 1.4408 3.6791 0.5857 1.6839 37.3530 -4.4674 -6.7025
