Car -1 -1 -8.1397 730.0496 192.2236 921.3177 316.6931 1.4042 1.6055 3.7070 2.8706 1.7388 10.6003 -7.8835 7.9081
Car -1 -1 -4.5757 480.6177 175.9846 539.4236 225.0836 1.5769 1.5605 3.5377 -3.4621 1.6934 25.1680 -4.7116 6.9952
Car -1 -1 -4.5250 403.1709 184.9606 503.6826 251.9356 1.3284 1.5857 3.9459 -3.6061 1.6470 17.0173 -4.7314 6.6497
Car -1 -1 -4.2184 0.0000 186.1037 327.5610 374.0000 1.5085 1.5058 3.4482 -3.1168 1.6234 4.4930 -4.7984 5.6276
Car -1 -1 -4.8665 654.4008 181.8733 717.9725 230.7963 1.5584 1.6422 3.9406 2.5867 1.9050 25.7395 -4.7683 4.9086
Car -1 -1 -4.5768 516.0175 177.9941 559.4376 211.3791 1.4766 1.5657 3.7661 -3.4323 1.7351 34.4126 -4.6760 3.4246
Car -1 -1 -4.7786 540.1666 177.8243 568.8214 202.9356 1.4983 1.5574 3.8384 -3.5974 1.8277 45.8589 -4.8569 2.9115
Car -1 -1 -7.9159 646.7438 181.5716 686.6797 216.7421 1.5500 1.6574 4.0197 2.6400 1.9948 34.8205 -7.8415 0.5436
Car -1 -1 -4.6439 628.0580 179.8799 652.7115 201.4012 1.5748 1.6557 3.9729 2.3715 2.1420 56.2127 -4.6024 -1.2314
Car -1 -1 -4.2857 557.1036 178.4772 600.5916 202.2066 1.5952 1.5946 4.0172 -2.2152 2.0146 51.6907 -4.3287 -2.4159
Car -1 -1 -5.1851 595.7432 180.3683 635.4471 200.6397 1.4683 1.5425 3.7088 0.3682 2.0695 55.7516 -5.1790 -2.7783
Car -1 -1 -7.9923 613.9796 181.2717 656.8429 215.6672 1.5147 1.5660 3.5052 1.1244 1.9381 34.4940 -7.9606 -2.8952
Car -1 -1 -3.2898 699.0401 176.1529 768.3586 203.4254 1.5096 1.6274 3.6765 6.9494 1.7005 40.9896 -3.1235 -2.9618
Car -1 -1 -4.8641 611.1021 178.3667 642.7690 200.6938 1.4996 1.6317 4.2936 1.1409 1.9121 51.7987 -4.8427 -3.6631
Car -1 -1 -8.5970 701.2083 183.0051 818.0225 237.9976 1.5277 1.6493 3.4973 4.5678 1.8735 22.6769 -8.4015 -3.6969
Car -1 -1 -5.0130 652.4175 176.7928 682.5714 193.1952 1.5279 1.7570 4.2328 5.5639 1.9251 70.5551 -4.9350 -3.9361
Car -1 -1 -4.5290 523.0840 179.3398 564.3759 206.5816 1.4244 1.6259 3.9718 -3.7263 1.8089 40.7578 -4.6200 -4.0554
Car -1 -1 -4.7425 575.8260 180.2655 595.7428 199.2781 1.5362 1.5845 3.7165 -2.1198 2.1892 61.6915 -4.7772 -4.1522
Car -1 -1 -5.5081 637.1815 179.0600 709.5714 208.0117 1.5837 1.6816 4.2997 3.6497 1.9684 42.5800 -5.4238 -4.2228
Car -1 -1 -4.3542 597.2503 177.6630 642.1064 204.4728 1.6269 1.6543 3.8575 0.6384 1.9514 46.6350 -4.3411 -4.4064
Car -1 -1 -4.5647 631.1872 177.8823 660.2894 201.4641 1.5825 1.5399 3.7013 2.5398 1.9528 51.2224 -4.5159 -4.4272
Car -1 -1 -7.7481 425.4808 180.9969 501.1402 238.9901 1.4830 1.7477 3.8656 -4.2172 1.7425 21.0176 -7.9444 -4.4420
Car -1 -1 -4.0043 468.1085 180.6458 543.9165 212.0647 1.5124 1.5951 4.2164 -5.4493 1.9466 38.0331 -4.1462 -4.5258
Car -1 -1 -3.0785 672.8995 168.9927 728.5252 192.7860 1.7189 1.6852 3.9828 6.6920 1.4397 53.3245 -2.9546 -4.8575
Car -1 -1 -4.8662 628.2570 178.1351 662.5143 204.4744 1.6452 1.7446 3.4140 2.2620 2.0062 47.5762 -4.8195 -4.9672
Car -1 -1 -7.7641 556.9870 177.9061 581.9407 199.9401 1.7302 1.6956 4.2068 -3.3475 2.1633 59.7660 -7.8203 -5.0689
Car -1 -1 -4.8320 549.3788 177.7363 585.8085 207.5596 1.5431 1.5804 3.6198 -2.4233 1.8257 39.8845 -4.8928 -5.2246
Car -1 -1 -5.1362 860.8973 158.3131 931.9993 195.9939 1.5229 1.6092 3.2567 12.1183 0.9349 30.8307 -4.7652 -5.2396
Car -1 -1 -5.2271 638.4191 183.5882 705.6820 213.5612 1.4307 1.7405 4.1178 3.1827 2.0331 38.2755 -5.1454 -5.3784
Car -1 -1 -4.7986 583.0170 177.3949 609.9424 196.7102 1.4165 1.7177 4.3989 -1.1212 1.7846 56.2636 -4.8189 -5.5045
Car -1 -1 -2.7619 73.3265 152.2330 196.9778 192.8350 1.5983 1.6320 3.9099 -19.4137 0.7863 29.5864 -3.3386 -5.6053
Car -1 -1 -4.3544 502.4549 177.7255 551.0788 201.3085 1.4034 1.6232 4.5051 -5.3082 1.7318 46.3039 -4.4683 -5.6280
Car -1 -1 -4.9795 658.1844 183.1783 724.6603 221.7829 1.4844 1.7176 4.5044 3.4006 1.9667 31.3673 -4.8732 -5.6983
Car -1 -1 -7.4235 180.9119 0.0000 1241.0000 374.0000 1.4280 1.5626 3.5963 -0.8443 1.5831 1.1945 -7.9483 -5.7532
Car -1 -1 -5.7851 1241.0000 179.7687 1241.0000 374.0000 1.5226 1.6132 3.9651 5.3713 1.5656 2.5206 -4.6976 -5.8867
Car -1 -1 -8.4290 0.0000 0.0000 948.4921 374.0000 1.5372 1.5924 3.8077 0.6996 1.5603 0.9974 -7.9399 -5.8867
Car -1 -1 -5.7767 0.0000 0.0000 1241.0000 374.0000 1.5311 1.6156 3.9698 3.7632 1.6005 1.7170 -4.6976 -5.8867
Car -1 -1 -2.0000 120.7522 177.3458 225.2987 228.0930 1.5226 1.6498 3.4359 -14.3560 1.6794 23.5914 -2.5419 -6.2524
Car -1 -1 -4.5915 552.2853 174.6974 579.6024 201.9932 2.0286 1.6135 4.3265 -3.4152 2.1773 56.1301 -4.6524 -6.4549
Car -1 -1 -2.5232 470.9293 159.1238 539.4177 183.2561 1.9196 1.8701 5.5259 -8.6885 0.8271 59.4866 -2.6678 -6.6192
Car -1 -1 -4.2207 0.0000 0.0000 0.0000 374.0000 1.4891 1.5616 3.9392 -4.8103 1.4418 2.2556 -5.3065 -6.7133
Car -1 -1 -7.6317 110.6585 176.4593 328.2238 303.6403 1.3897 1.7279 4.1624 -5.2619 1.4517 10.2383 -8.0964 -7.1037
