Car -1 -1 -4.9504 696.5087 183.0218 855.6301 290.6128 1.4949 1.6663 4.1129 2.6011 1.7003 12.5072 -4.7512 7.8998
Car -1 -1 -4.4260 306.9185 178.1487 469.5647 289.6428 1.5299 1.5580 3.5995 -3.5023 1.6300 11.8756 -4.7076 7.7896
Car -1 -1 -7.9862 664.6295 184.2645 735.2261 237.0076 1.3648 1.5616 3.7439 2.5236 1.7323 21.3713 -7.8711 6.0984
Car -1 -1 -4.5478 451.7694 174.4943 527.9288 232.9838 1.5469 1.5554 4.0450 -3.4764 1.5994 21.2211 -4.7088 5.2302
Car -1 -1 -4.6752 509.8332 177.3176 548.7854 212.9843 1.4868 1.6049 3.7065 -3.6211 1.6991 32.4617 -4.7859 4.7728
Car -1 -1 -4.0612 0.0000 209.7574 275.7038 374.0000 1.3695 1.6300 4.4667 -3.5337 1.6794 3.7813 -4.7784 3.4352
Car -1 -1 -4.8287 642.5403 181.0098 688.1957 217.1815 1.4478 1.5492 3.8091 2.3298 1.8276 31.6899 -4.7566 2.9308
Car -1 -1 -7.9328 636.2133 179.3468 672.6149 209.3480 1.4587 1.6079 3.5529 2.2341 1.8134 37.6514 -7.8746 0.0330
Car -1 -1 -4.7631 632.6797 177.8430 663.5749 204.6124 1.4934 1.6323 3.7152 2.1860 1.8019 42.8030 -4.7129 0.0142
Car -1 -1 -7.8942 505.5440 169.7383 524.2293 185.8700 1.5494 1.6742 3.8666 -9.4465 1.2498 71.3479 -8.0256 -2.1489
Car -1 -1 -5.8129 626.6000 173.3728 680.8445 192.1718 1.6043 1.6896 4.4889 3.8119 1.6511 63.5428 -5.7537 -3.3441
Car -1 -1 -7.6627 0.0000 194.4295 145.1543 374.0000 1.4560 1.7255 3.9979 -5.1763 1.7020 6.0679 -8.3477 -3.3632
Car -1 -1 -4.6856 550.5472 178.7499 570.2330 196.4240 1.4019 1.5469 3.8084 -4.1556 1.9114 60.4570 -4.7544 -3.4097
Car -1 -1 -2.6328 586.7060 172.9331 639.6927 191.9883 1.6523 1.7302 4.4510 0.2505 1.6592 64.4241 -2.6293 -3.8056
Car -1 -1 -4.8265 488.5628 172.2449 509.1108 187.7650 1.4909 1.5762 3.8662 -11.0404 1.4321 71.3874 -4.9797 -3.9791
Car -1 -1 -8.0178 577.1346 171.3954 604.7687 190.7693 1.6163 1.7255 4.1709 -1.7077 1.4944 62.4089 -8.0454 -4.0095
Car -1 -1 -4.9905 597.0603 177.6321 632.7308 200.1426 1.4692 1.5138 3.6533 0.2684 1.8123 49.8904 -4.9856 -4.2752
Car -1 -1 -8.1480 699.9245 180.4953 809.6506 249.2150 1.4806 1.6741 3.4755 3.3900 1.6878 17.7695 -7.9634 -4.5021
Car -1 -1 -3.2870 717.1509 171.7038 781.7219 196.4264 1.5079 1.5437 3.7535 8.5964 1.4375 44.8603 -3.0992 -4.6006
Car -1 -1 -8.2697 679.7305 178.9413 767.2536 223.2009 1.6166 1.8930 4.3567 4.4603 1.8837 29.3517 -8.1211 -4.7340
Car -1 -1 -2.3238 0.0000 176.4695 39.1784 330.0645 1.4963 1.6597 4.0170 -9.0042 1.5400 7.9279 -3.1558 -4.7891
Car -1 -1 -5.8579 486.9213 180.7609 560.2401 207.9280 1.4696 1.6365 3.8197 -4.9583 1.9354 41.1764 -5.9775 -4.8622
Car -1 -1 -3.2583 440.5205 180.3367 515.6323 211.0904 1.4668 1.5093 3.5611 -6.6806 1.8555 36.2633 -3.4396 -4.8666
Car -1 -1 -5.1535 621.4360 177.7089 666.2747 201.7266 1.5320 1.6128 3.6666 2.2162 1.8738 48.8362 -5.1089 -5.0198
Car -1 -1 -2.7105 734.0164 163.0497 831.4230 196.5564 1.5339 1.7581 4.2521 8.3035 1.0848 35.0309 -2.4799 -5.0912
Car -1 -1 -4.6325 438.7887 177.0185 501.2212 225.9209 1.4964 1.7341 4.6877 -4.7763 1.6539 24.9155 -4.8205 -5.2795
Car -1 -1 -8.0279 550.8871 176.4505 595.3544 209.1321 1.5003 1.5354 3.8667 -1.9143 1.6878 35.6316 -8.0817 -5.3958
Car -1 -1 -5.0993 656.1517 181.8513 732.8099 222.8748 1.3696 1.5547 3.6613 3.0249 1.7297 26.9279 -4.9893 -5.4036
Car -1 -1 -4.5096 569.7542 175.9922 608.2463 199.1242 1.3614 1.6205 4.0984 -1.3002 1.5671 45.2096 -4.5386 -5.5112
Car -1 -1 -4.0293 453.7383 178.6083 544.8104 211.3862 1.4296 1.7263 4.7564 -5.2843 1.7269 34.8299 -4.1792 -5.5197
Car -1 -1 -7.9054 611.9218 177.6753 644.3963 208.8005 1.5529 1.5366 3.4326 0.8864 1.8200 38.2755 -7.8829 -5.6757
Car -1 -1 -5.0963 710.9683 172.7258 807.4174 225.2160 1.5589 1.6623 4.0330 4.7032 1.5548 23.5666 -4.9024 -5.6779
Car -1 -1 -4.1597 0.0000 167.3614 0.0000 374.0000 1.4245 1.5490 4.0006 -6.0448 1.4083 4.2284 -5.0901 -5.6807
Car -1 -1 -6.6918 1194.4509 112.6349 1241.0000 176.1085 1.6336 1.8086 3.8136 18.9007 0.0835 20.0592 -5.9430 -5.7895
Car -1 -1 -8.3669 780.6968 184.9717 921.0071 244.0325 1.3648 1.7562 4.2533 6.3956 1.7361 19.8635 -8.0605 -5.8306
Car -1 -1 -5.0933 631.9608 176.5497 675.8512 198.8829 1.4679 1.6493 4.0783 2.9814 1.7368 50.3475 -5.0349 -5.8862
Car -1 -1 -7.7292 194.3484 0.0000 1000.0674 374.0000 1.4906 1.5902 3.9019 -0.1146 1.5276 0.5258 -7.8861 -5.8867
Car -1 -1 -5.9029 1241.0000 174.4835 1241.0000 374.0000 1.5132 1.6057 3.9592 7.3913 1.5231 2.5283 -4.6971 -5.8867
Car -1 -1 -9.0639 0.0000 0.0000 1241.0000 374.0000 1.5429 1.5880 3.8039 2.7223 1.5761 1.0049 -7.9392 -5.8867
Car -1 -1 -4.8486 536.2363 173.9445 555.2033 187.8875 1.3471 1.4798 2.9855 -6.4127 1.4574 71.5843 -4.9379 -6.0352
Car -1 -1 -2.4747 0.0000 177.4321 244.9267 261.7522 1.4865 1.6539 4.5104 -9.6810 1.5799 13.7944 -3.0778 -6.0722
Car -1 -1 -8.1589 1143.7833 100.1725 1241.0000 155.1845 1.4434 1.7451 3.7213 18.1045 -0.5966 22.2996 -7.4827 -6.4504
Car -1 -1 -8.4399 565.4261 167.7529 601.8683 187.7246 1.9031 1.7013 3.8964 -2.6334 1.4167 70.8349 -8.4772 -6.7635
