Car -1 -1 -8.2444 778.8468 190.4376 1110.7245 374.0000 1.5110 1.6514 3.8461 3.0509 1.7443 7.6419 -7.8792 7.0291
Car -1 -1 -4.6383 460.4845 178.8015 528.9722 240.5476 1.5057 1.5827 3.7304 -3.1360 1.6851 19.8879 -4.7934 5.8781
Car -1 -1 -7.9825 668.5172 182.5312 725.8587 226.1640 1.4126 1.5678 3.7109 3.0288 1.7868 26.0544 -7.8688 5.7777
Car -1 -1 -4.6199 515.0157 179.6106 557.3269 214.1558 1.4266 1.5486 3.8009 -3.3069 1.7481 32.4512 -4.7212 4.0007
Car -1 -1 -8.7302 993.8625 208.1261 1241.0000 374.0000 1.4859 1.6088 3.5795 3.1302 1.7006 2.5726 -7.9030 3.6361
Car -1 -1 -4.6894 537.9215 177.3486 567.0406 206.4523 1.5425 1.5550 3.5218 -3.2376 1.8064 40.6011 -4.7689 2.5955
Car -1 -1 -4.8660 642.0265 179.0698 682.0179 208.6784 1.5715 1.6538 4.1564 2.8880 1.9458 41.3366 -4.7973 1.9355
Car -1 -1 -4.5079 565.2421 176.2706 592.8012 195.6156 1.5762 1.5731 4.0103 -2.6356 1.8778 61.6406 -4.5509 1.2455
Car -1 -1 -4.7822 547.0981 177.2898 585.8834 211.2524 1.5601 1.6325 3.9978 -2.2482 1.7926 35.7789 -4.8450 -2.5624
Car -1 -1 -5.2593 694.7982 166.9737 740.7651 189.7391 1.7696 1.7162 4.2374 8.6413 1.3122 58.3707 -5.1133 -2.8965
Car -1 -1 -4.3109 577.6153 176.8094 612.6878 195.5409 1.5149 1.6132 3.8300 -1.2504 1.8620 61.3077 -4.3316 -2.9617
Car -1 -1 -4.3307 638.8401 177.2263 682.2599 201.0601 1.5660 1.6302 4.0710 3.5440 1.8844 50.3994 -4.2614 -3.3012
Car -1 -1 -4.8039 558.5959 177.8335 586.0873 200.1405 1.4594 1.5547 3.8424 -2.6814 1.8189 50.1191 -4.8575 -3.4638
Car -1 -1 -4.9110 558.0980 176.6142 596.0674 203.1173 1.5858 1.6283 4.1146 -2.1795 1.8366 45.9900 -4.9585 -3.5605
Car -1 -1 -5.0373 608.2234 175.8744 648.7848 201.1581 1.6698 1.6415 3.9517 1.2121 1.8889 50.2906 -5.0139 -3.7267
Car -1 -1 -4.8275 574.7966 174.8576 602.1129 197.8328 1.7111 1.6615 4.0994 -1.7438 1.8730 56.2600 -4.8587 -3.9476
Car -1 -1 -5.1397 608.6306 175.2231 640.8451 192.4538 1.5262 1.5709 3.6976 1.3052 1.7508 66.4720 -5.1205 -4.1649
Car -1 -1 -4.3735 630.2927 174.9274 660.7157 192.1491 1.5299 1.6061 3.9049 3.2933 1.7274 66.7193 -4.3248 -4.3754
Car -1 -1 -4.2384 576.7626 175.7465 623.6578 199.2608 1.5475 1.5640 4.1040 -0.6643 1.7572 50.2090 -4.2520 -4.4787
Car -1 -1 -4.7914 592.5005 175.9353 616.7375 194.6480 1.4327 1.6275 4.0343 -0.4919 1.6890 58.0080 -4.8002 -4.8939
Car -1 -1 -5.2641 649.7456 182.8232 717.6501 208.6892 1.3481 1.7049 4.7058 4.1726 1.9626 42.0111 -5.1664 -5.0480
Car -1 -1 -5.0389 642.9760 178.1874 685.0887 200.8881 1.3987 1.6568 3.6755 3.4688 1.7633 47.3777 -4.9667 -5.0690
Car -1 -1 -5.2530 658.9373 181.7328 720.3645 211.1192 1.3625 1.4900 3.4996 3.9356 1.8348 36.5043 -5.1470 -5.0871
Car -1 -1 -4.4760 589.3777 177.1588 624.5997 197.0941 1.4131 1.6665 4.4584 -0.2082 1.7522 54.5259 -4.4802 -5.1927
Car -1 -1 -4.0202 581.9849 176.1134 648.6537 200.3580 1.4841 1.8370 4.6135 0.3685 1.7075 47.1575 -4.0129 -5.3154
Car -1 -1 -4.6169 624.8844 177.2213 651.7430 200.8316 1.6240 1.5978 3.7852 2.0568 1.9526 52.3464 -4.5783 -5.3489
Car -1 -1 -5.7248 0.0000 171.0153 0.0000 340.0489 1.4264 1.5353 3.7342 -9.0976 1.4106 7.3928 -6.5953 -5.4536
Car -1 -1 -7.5221 96.5902 186.9130 202.3682 245.0009 1.4636 1.5038 3.5259 -13.3022 1.9089 20.9812 -8.0816 -5.4953
Car -1 -1 -5.1888 547.0532 178.4763 590.0603 197.7466 1.3917 1.7194 3.8495 -3.2482 1.8396 55.4266 -5.2475 -5.5804
Car -1 -1 -5.8403 1241.0000 180.2203 1241.0000 374.0000 1.5254 1.6132 3.9644 6.1754 1.5712 2.5199 -4.6976 -5.8867
Car -1 -1 -5.2515 702.0211 186.3240 851.3425 248.9549 1.3446 1.7731 4.3453 4.1185 1.7398 18.8407 -5.0404 -6.1711
Car -1 -1 -6.6719 0.0000 74.6077 33.0116 374.0000 1.6063 1.7260 4.0780 -5.2824 1.4712 3.1540 -7.6666 -6.2114
Car -1 -1 -7.2985 0.0000 177.5340 214.7848 374.0000 1.5472 1.6684 4.0457 -3.3723 1.5816 3.1971 -8.0696 -6.3011
Car -1 -1 -2.7327 0.0000 156.8046 0.0000 374.0000 1.5921 1.7545 4.5815 -8.0868 1.5136 5.4541 -3.6870 -6.3250
Car -1 -1 -4.7415 687.8849 173.7124 713.3918 196.5585 1.6142 1.7417 3.8157 6.6070 1.6795 53.1114 -4.6188 -6.4144
Car -1 -1 -2.4121 491.7693 165.6886 541.3532 186.1264 1.7667 1.7188 4.3405 -8.3684 1.1470 64.3073 -2.5412 -6.5605
Car -1 -1 -8.1413 667.0793 183.6456 727.2358 220.6502 1.4465 1.6066 3.6274 3.6631 1.9424 31.2512 -8.0264 -6.7802
