Car -1 -1 -4.4154 313.6292 183.7013 510.6381 302.3332 1.4475 1.6881 4.5669 -2.9188 1.6559 11.5550 -4.6584 7.4599
Car -1 -1 -8.1287 720.4344 187.5284 892.4563 303.4412 1.4756 1.6198 3.6973 2.8700 1.7482 11.5391 -7.8922 6.6718
Car -1 -1 -5.2397 834.0373 185.4208 1241.0000 374.0000 1.5520 1.6798 4.0797 2.8903 1.6694 4.7151 -4.7186 5.5484
Car -1 -1 -4.8858 688.4924 186.9445 793.7653 258.3114 1.3739 1.6511 4.2247 2.8563 1.7440 16.8473 -4.7217 5.3361
Car -1 -1 -4.8218 666.8463 181.7348 713.4619 217.0946 1.3674 1.5385 3.9539 3.3230 1.7715 30.8774 -4.7163 4.9563
Car -1 -1 -4.6060 504.1060 177.9743 554.2023 222.0214 1.4790 1.4618 3.4112 -2.9373 1.6777 26.3328 -4.7166 4.6375
Car -1 -1 -4.5293 430.5719 178.1737 524.2404 251.6864 1.5670 1.5620 3.7744 -3.1539 1.7101 17.5472 -4.7053 4.5583
Car -1 -1 -7.9201 650.2449 176.8372 676.9536 199.7743 1.5424 1.6289 3.7794 3.7279 1.8345 51.0730 -7.8481 2.7922
Car -1 -1 -4.6591 530.5872 179.6141 569.4689 212.4121 1.4001 1.5973 4.0031 -2.7847 1.7341 33.6594 -4.7416 -0.5109
Car -1 -1 -4.9314 697.6345 170.6322 735.7575 196.5005 1.7037 1.7238 4.1386 7.2569 1.5570 49.6477 -4.7875 -2.0955
Car -1 -1 -4.4409 644.1102 174.5608 679.6232 194.7074 1.5014 1.7057 4.2175 4.0706 1.6400 56.4310 -4.3696 -2.8030
Car -1 -1 -4.8334 1032.0765 220.1852 1235.4222 370.5907 1.4380 1.7734 4.2488 7.3436 2.2862 10.6392 -4.2436 -2.9506
Car -1 -1 -4.8388 629.2244 175.3448 656.4844 196.1678 1.5450 1.6531 3.6572 2.4832 1.7441 55.8793 -4.7950 -2.9859
Car -1 -1 -9.0073 1171.0048 186.6638 1241.0000 374.0000 1.4605 1.5735 3.8331 7.0266 1.6111 5.8183 -8.1534 -3.2007
Car -1 -1 -4.9495 686.5123 166.9061 718.6644 190.2019 1.8806 1.7944 3.8783 7.6684 1.4001 60.2743 -4.8238 -3.6572
Car -1 -1 -9.1393 0.0000 0.0000 1241.0000 374.0000 1.4176 1.5746 4.0778 3.9580 1.3932 1.2483 -7.9399 -3.9608
Car -1 -1 -8.3268 1149.9283 191.0590 1241.0000 374.0000 1.4271 1.5406 3.5259 5.4097 1.6045 5.1312 -7.5440 -4.0597
Car -1 -1 -9.1395 0.0000 0.0000 1241.0000 374.0000 1.5298 1.5724 3.3369 2.3511 1.6174 0.4336 -7.8692 -4.2461
Car -1 -1 -5.1396 468.6557 181.2760 542.1123 216.7766 1.4746 1.6767 4.4056 -4.9510 1.8907 33.3691 -5.2863 -4.4924
Car -1 -1 -3.1516 472.0638 164.8276 531.1443 188.2810 1.6188 1.6785 4.0592 -7.6813 1.0645 50.9515 -3.3007 -4.4951
Car -1 -1 -5.9641 789.4942 196.6834 1080.9127 310.4575 1.4057 1.6330 3.9856 5.0541 1.8537 11.6477 -5.5651 -4.6338
Car -1 -1 -4.5774 555.6339 178.9567 599.9918 212.7081 1.4416 1.5504 3.9144 -1.4813 1.7423 33.5677 -4.6218 -4.6499
Car -1 -1 -7.5803 444.0026 182.4350 530.0338 235.7622 1.4793 1.6647 3.9478 -3.8237 1.8091 22.8056 -7.7452 -4.8124
Car -1 -1 -2.7513 0.0000 174.1804 103.6136 374.0000 1.4644 1.8079 4.4998 -5.5312 1.4746 3.7871 -3.6885 -5.0942
Car -1 -1 -8.1046 900.8177 193.1307 1171.9056 368.8141 1.3931 1.5692 3.8934 4.4420 1.6835 8.2730 -7.6277 -5.1666
Car -1 -1 -5.3201 650.2624 179.1167 722.5571 209.6418 1.4907 1.8727 3.9784 3.9561 1.8422 38.3314 -5.2186 -5.3550
Car -1 -1 -4.3968 443.8351 179.8492 495.7119 212.6280 1.4398 1.4583 3.2942 -6.6238 1.7874 34.1555 -4.5874 -5.3556
Car -1 -1 -6.6518 838.8019 148.7915 911.5821 177.8938 1.8818 1.8416 4.1195 17.4232 0.3256 47.6160 -6.3030 -5.3963
Car -1 -1 -4.6697 612.1057 174.6171 634.8152 194.2692 1.4740 1.6080 4.2461 1.0623 1.6175 56.6750 -4.6515 -5.5537
Car -1 -1 -4.5034 624.9424 178.3925 662.6708 203.7324 1.5080 1.6277 3.9141 2.1632 1.8765 45.9549 -4.4571 -5.6015
Car -1 -1 -4.3458 639.6257 175.1895 686.0946 201.9630 1.4868 1.5315 3.6149 3.1101 1.6300 42.3720 -4.2735 -5.6359
Car -1 -1 -4.6037 589.3176 177.2155 615.6956 195.8856 1.3266 1.5473 4.1959 -0.5575 1.6684 54.4414 -4.6143 -5.6719
Car -1 -1 -5.1387 660.2371 182.6122 725.8019 213.4271 1.3524 1.7550 3.7465 3.9200 1.8534 35.0192 -5.0287 -5.7138
Car -1 -1 -4.6116 603.6567 178.3962 634.7059 201.5463 1.3589 1.5653 3.9784 0.5840 1.7232 45.4066 -4.5993 -5.7286
Car -1 -1 -4.5095 553.9261 176.5174 585.4126 200.1523 1.7504 1.6619 4.0948 -3.1304 2.0466 56.2495 -4.5653 -5.8065
Car -1 -1 -4.6696 583.9377 177.7362 602.3981 195.5582 1.6097 1.5847 3.8107 -1.5860 2.0835 68.1436 -4.6932 -5.8180
Car -1 -1 -8.5305 0.0000 0.0000 1092.6239 374.0000 1.4663 1.5310 3.6748 0.6780 1.4629 0.4986 -7.8293 -5.8542
Car -1 -1 -6.7856 0.0000 0.0000 1241.0000 374.0000 1.5396 1.5885 3.8032 -2.9061 1.6211 1.0053 -7.9393 -5.8867
Car -1 -1 -9.1458 0.0000 0.0000 1241.0000 374.0000 1.4362 1.5817 3.8201 5.5440 1.2784 1.3710 -7.8663 -5.8867
Car -1 -1 -4.5535 611.2540 176.2641 643.6638 198.7321 1.5530 1.7152 4.3144 1.2928 1.8132 52.8407 -4.5296 -5.9376
Car -1 -1 -5.1231 649.1581 177.9104 702.8955 203.6798 1.5174 1.8361 4.2408 4.0830 1.8534 45.6927 -5.0351 -5.9437
Car -1 -1 -5.6792 0.0000 184.7814 0.0000 374.0000 1.5621 1.7629 3.9904 -8.1907 1.6874 6.1652 -6.5836 -6.0193
Car -1 -1 -5.2515 669.3884 178.0864 777.9103 228.0717 1.5877 1.9117 4.1960 3.8839 1.7905 25.7051 -5.1039 -6.1279
Car -1 -1 -4.4768 525.2133 177.3007 566.7220 203.3221 1.4446 1.5725 3.9707 -3.7853 1.7212 42.8474 -4.5648 -6.4748
Car -1 -1 -8.4380 1139.8573 245.7223 1241.0000 374.0000 1.3584 1.4588 3.4628 9.4005 2.5912 10.3960 -7.7185 -6.9615
Car -1 -1 -7.7338 558.4528 168.9905 581.0026 185.5177 1.5990 1.8081 3.7073 -3.9932 1.2249 71.7160 -7.7894 -7.1547
Car -1 -1 -7.6733 543.6474 171.7559 567.7502 187.2879 1.5021 1.6766 4.1658 -5.3990 1.3956 71.9377 -7.7482 -7.2385
