Car -1 -1 -8.0350 688.3702 180.6755 781.0053 245.3569 1.3947 1.5795 3.6774 2.9188 1.6082 17.8632 -7.8765 7.9478
Car -1 -1 -4.5256 336.1613 175.5796 479.7808 287.2918 1.5095 1.5483 3.6382 -3.1478 1.5605 11.7101 -4.7834 7.5631
Car -1 -1 -4.5830 472.5775 176.0538 536.3655 221.9822 1.4029 1.6198 3.9806 -3.5157 1.5193 24.3191 -4.7256 6.0764
Car -1 -1 -4.5938 512.6091 169.9451 558.3808 208.9826 1.6558 1.6002 3.9397 -3.3452 1.5321 32.5875 -4.6957 5.7117
Car -1 -1 -4.8378 648.8957 175.3573 697.4084 211.3043 1.5329 1.6971 4.1324 2.7923 1.6549 33.1610 -4.7551 4.7039
Car -1 -1 -7.7372 537.0573 172.2693 573.6014 199.1987 1.4870 1.6463 4.1599 -3.1637 1.4544 41.9555 -7.8124 1.8399
Car -1 -1 -4.8120 550.5745 171.4129 577.4487 192.9560 1.5280 1.6071 3.7207 -3.4487 1.4255 53.1442 -4.8768 -0.0367
Car -1 -1 -4.6950 636.4402 174.2157 659.2956 195.6635 1.4878 1.5920 4.0041 2.7487 1.5902 52.3639 -4.6432 -0.8305
Car -1 -1 -7.8338 621.0882 172.6089 651.0887 200.9675 1.5739 1.6662 4.2444 1.5292 1.5600 42.2117 -7.7983 -1.0357
Car -1 -1 -7.9444 643.5319 174.1173 678.2368 201.9230 1.5407 1.6577 3.9725 2.8899 1.6177 42.1661 -7.8769 -1.7470
Car -1 -1 -4.5849 571.3956 171.5430 600.0317 193.4435 1.5585 1.6384 3.8822 -1.7886 1.4649 53.3552 -4.6186 -2.2138
Car -1 -1 -4.9109 613.7106 174.5796 645.5054 195.5748 1.4559 1.5949 3.7178 1.3545 1.5854 52.3262 -4.8856 -2.3809
Car -1 -1 -4.5371 630.0275 172.8880 655.5739 192.4554 1.6664 1.6106 3.8032 2.8924 1.6692 63.4864 -4.4922 -2.3901
Car -1 -1 -4.7760 469.7262 175.3173 516.9729 214.7174 1.4815 1.6437 4.0794 -4.8846 1.5896 29.5753 -4.9388 -3.4899
Car -1 -1 -4.8151 574.3253 177.3533 595.3599 193.6682 1.5073 1.6287 4.0091 -2.4845 1.9561 69.9163 -4.8509 -3.8719
Car -1 -1 -6.3506 691.8773 177.3981 750.5220 199.2879 1.4343 1.5463 3.8029 7.4181 1.7458 48.5891 -6.2005 -4.1963
Car -1 -1 -5.3423 564.5237 171.2582 613.2410 194.7135 1.5351 1.5341 3.5119 -1.4996 1.4304 49.0816 -5.3731 -4.4326
Car -1 -1 -7.7951 428.8112 180.4219 478.1928 221.4496 1.3704 1.5661 3.8770 -5.8074 1.6734 26.8855 -8.0063 -4.4692
Car -1 -1 -6.6016 577.2136 177.4334 667.9946 208.7959 1.4342 1.5904 4.0797 0.5569 1.6633 34.7639 -6.5862 -4.5224
Car -1 -1 -4.5706 558.5813 171.8557 583.8833 190.4808 1.4995 1.6121 3.5734 -3.2162 1.4188 59.9420 -4.6242 -4.5618
Car -1 -1 -3.0480 464.2805 158.6483 519.7099 180.8870 1.6668 1.7383 4.0313 -8.9984 0.6018 55.0816 -3.2093 -4.7931
Car -1 -1 -8.6702 712.0095 177.3225 795.8060 211.9515 1.4581 1.5194 3.6907 6.4433 1.6731 32.8237 -8.4786 -4.8289
Car -1 -1 -2.2186 0.0000 155.0208 63.1649 261.8052 1.6018 1.6266 3.9373 -11.5491 1.3340 11.9504 -2.9758 -5.1012
Car -1 -1 -4.5607 805.3412 182.2528 892.7675 251.4166 1.4245 1.4870 3.5532 5.7571 1.6746 17.3037 -4.2454 -5.4428
Car -1 -1 -4.7368 577.4598 169.4546 597.7836 190.3472 1.7487 1.6562 3.8401 -1.9844 1.4639 62.3571 -4.7688 -5.4779
Car -1 -1 -4.6988 580.4603 170.8424 600.2172 190.8370 1.7616 1.7405 4.3850 -1.7859 1.5841 65.7743 -4.7261 -5.5360
Car -1 -1 -7.4136 0.0000 99.4379 55.5345 374.0000 1.6816 1.8521 4.1538 -5.8686 1.3857 5.1782 -8.2358 -5.6310
Car -1 -1 -8.0277 841.3950 178.3080 967.8256 265.9388 1.4169 1.5519 3.7613 5.4509 1.5369 13.9092 -7.6622 -5.7547
Car -1 -1 -6.6977 592.3497 174.0056 663.0410 196.4250 1.4328 1.5987 4.4182 1.1458 1.5115 47.8581 -6.6744 -5.9222
Car -1 -1 -7.0451 0.0000 16.8520 207.9126 374.0000 1.6426 1.7716 4.4439 -3.7523 1.4890 2.9714 -7.9026 -6.1770
Car -1 -1 -4.8137 649.9150 176.4662 689.9785 205.7656 1.4626 1.6980 4.3148 3.1199 1.6671 38.7304 -4.7344 -6.3358
Car -1 -1 -8.5254 703.6476 162.1548 752.2055 180.8339 1.4825 1.6330 4.2898 9.6551 0.6330 59.5357 -8.3656 -6.3386
Car -1 -1 -5.0867 683.5099 176.7542 774.1208 226.3061 1.5596 1.7363 4.0458 3.9932 1.7073 25.2145 -4.9321 -6.5256
