Car -1 -1 -4.4468 329.3976 176.2438 478.0065 281.3296 1.5750 1.5891 3.6123 -3.5104 1.6430 12.7376 -4.7112 7.5862
Car -1 -1 -4.9460 689.8045 183.5202 835.6983 282.2381 1.4796 1.6453 4.1323 2.5726 1.7081 13.3732 -4.7612 7.0211
Car -1 -1 -7.9809 662.7689 184.3918 730.4774 235.4791 1.3776 1.5678 3.8443 2.5348 1.7642 22.2646 -7.8698 6.6697
Car -1 -1 -4.1054 0.0000 203.1331 320.6635 374.0000 1.3879 1.5975 4.3028 -3.5610 1.6746 4.6731 -4.7299 5.6564
Car -1 -1 -4.5591 457.1979 176.0669 530.4279 231.0866 1.5071 1.6021 3.9948 -3.4894 1.6136 21.9973 -4.7152 5.1024
Car -1 -1 -4.7289 513.0460 177.2353 549.9512 212.1531 1.4914 1.5978 3.7826 -3.6975 1.7053 33.2917 -4.8392 4.6357
Car -1 -1 -4.7480 633.9210 178.4288 661.6502 204.2103 1.4640 1.5350 3.4950 2.2081 1.8133 43.4903 -4.6981 3.7524
Car -1 -1 -4.8402 641.4442 181.3994 687.9181 216.1429 1.4213 1.5814 3.9260 2.3596 1.8298 32.5083 -4.7691 2.7624
Car -1 -1 -7.9678 635.3184 179.8736 672.5834 208.7501 1.4370 1.5856 3.5387 2.2681 1.8299 38.5988 -7.9101 1.2441
Car -1 -1 -7.2061 649.2675 178.2955 722.7905 209.7330 1.5257 1.6810 4.1364 3.9942 1.8264 37.8236 -7.1023 -3.3391
Car -1 -1 -4.9685 580.7759 175.1867 609.8870 193.4757 1.5372 1.6169 3.8754 -1.3427 1.7482 63.2625 -4.9900 -3.6273
Car -1 -1 -4.7029 525.3530 171.5382 544.4439 187.3984 1.5182 1.8200 4.2415 -7.4157 1.3919 71.2631 -4.8065 -4.0468
Car -1 -1 -4.7448 596.9468 174.7539 613.9434 189.1694 1.3834 1.5634 3.6503 -0.4915 1.5765 71.5857 -4.7520 -4.1348
Car -1 -1 -4.8629 547.4921 176.2826 572.1176 194.9505 1.5244 1.5323 3.8786 -4.3486 1.8272 61.7355 -4.9332 -4.1618
Car -1 -1 -4.8807 668.3101 173.3424 691.6827 190.2273 1.4737 1.5022 3.6151 6.2491 1.5186 64.9409 -4.7855 -4.3388
Car -1 -1 -3.1039 567.5075 179.8044 640.3495 206.4865 1.4413 1.6047 3.9880 -0.3503 1.8372 40.2805 -3.1131 -4.4090
Car -1 -1 -3.9337 706.7045 180.9965 807.3584 221.3167 1.4762 1.6251 3.9915 5.8817 1.8226 28.9301 -3.7358 -4.4797
Car -1 -1 -8.3709 710.9269 167.2086 776.0859 197.5614 1.5645 1.7251 4.0123 7.1741 1.2732 39.3704 -8.1923 -4.4951
Car -1 -1 -4.8877 539.0797 177.6232 559.5585 192.4115 1.4015 1.4400 3.4294 -6.0451 1.8854 71.4111 -4.9722 -4.6566
Car -1 -1 -4.9643 670.5596 173.8498 695.5212 188.8960 1.4430 1.5907 3.6499 7.1776 1.5438 71.3763 -4.8648 -4.6671
Car -1 -1 -8.7214 678.5222 179.3826 832.8071 247.1723 1.5075 1.6263 3.6443 3.5556 1.6906 18.3447 -8.5338 -4.7435
Car -1 -1 -5.4399 620.9460 172.4787 663.7398 189.7766 1.4636 1.6839 3.7191 2.7744 1.4315 63.0234 -5.3964 -4.7814
Car -1 -1 -4.7300 607.3044 180.8961 632.2193 203.0064 1.4402 1.6655 4.3427 0.6181 2.0299 50.7578 -4.7184 -4.8639
Car -1 -1 -6.6978 920.3481 132.9247 1027.8800 173.2812 1.5882 1.7441 3.4961 14.6947 0.0165 29.3475 -6.2373 -4.8660
Car -1 -1 -5.2577 704.2470 179.0718 802.5493 227.4012 1.4679 1.5236 3.7453 4.7119 1.6958 24.4565 -5.0703 -5.1346
Car -1 -1 -3.8113 762.3627 174.5978 813.7717 198.6198 1.4883 1.5689 2.8354 11.3624 1.6028 46.1960 -3.5721 -5.1814
Car -1 -1 -4.4499 413.1861 183.1448 489.6396 225.6457 1.3642 1.6828 4.1939 -5.7245 1.7699 26.3304 -4.6624 -5.3298
Car -1 -1 -6.4965 629.1346 179.3278 706.6828 206.2589 1.4570 1.6322 4.0991 3.1962 1.8311 40.6446 -6.4191 -5.3403
Car -1 -1 -4.6018 571.0106 176.3087 597.0442 195.9788 1.5680 1.7394 4.0793 -2.1623 1.8667 60.3530 -4.6379 -5.3721
Car -1 -1 -4.9433 659.5600 179.9269 722.9268 224.4281 1.5677 1.6055 3.7526 3.0308 1.8612 28.0043 -4.8373 -5.6879
Car -1 -1 -4.3032 0.0000 185.5460 0.0000 374.0000 1.4521 1.5825 3.6513 -6.0118 1.5698 4.7236 -5.1803 -5.7433
Car -1 -1 -4.8708 688.0312 176.4020 707.7368 189.7613 1.2665 1.4291 3.2000 8.5948 1.6228 70.8950 -4.7510 -5.7532
Car -1 -1 -7.8200 467.1126 174.9814 516.4943 213.0844 1.3784 1.7802 3.9223 -4.6249 1.4678 28.3890 -7.9804 -5.7978
Car -1 -1 -4.7977 632.1855 173.7433 651.1087 188.3461 1.4112 1.5605 3.7857 3.1103 1.5018 71.8852 -4.7549 -5.8332
Car -1 -1 -8.9991 0.0000 0.0000 1241.0000 374.0000 1.5438 1.5909 3.8075 2.3076 1.5756 0.9972 -7.9398 -5.8867
Car -1 -1 -5.9878 0.0000 0.0000 1241.0000 374.0000 1.5136 1.6078 3.9599 6.9790 1.5169 1.7163 -4.6975 -5.8867
Car -1 -1 -7.0331 105.2980 0.0000 1241.0000 374.0000 1.4921 1.5893 3.9016 -0.9181 1.5446 0.5257 -7.8859 -5.8867
Car -1 -1 -8.5781 0.0000 0.0000 1037.6184 374.0000 1.4930 1.5895 3.9029 0.6904 1.5285 0.5266 -7.8859 -5.8867
Car -1 -1 -2.4521 502.6381 162.6260 551.6840 183.4081 1.8526 1.8178 4.2989 -7.6420 0.9405 66.2535 -2.5667 -5.9175
Car -1 -1 -4.4242 571.7300 176.8105 615.4475 201.5503 1.4557 1.6412 4.1408 -1.0126 1.7164 45.3774 -4.4468 -5.9476
Car -1 -1 -7.9551 753.8062 173.5537 788.7608 199.9266 1.3691 1.5148 3.3304 8.7022 1.4086 39.2905 -7.7391 -6.1841
Car -1 -1 -4.4678 5.5836 182.6712 314.7165 374.0000 1.4558 1.6683 4.7681 -4.6688 1.6022 8.2620 -4.9690 -6.4226
