Car -1 -1 -8.0825 704.9562 185.9797 833.0638 270.8932 1.3854 1.6067 3.6866 2.9182 1.6777 14.2169 -7.8852 7.9979
Car -1 -1 -4.4288 175.0418 179.5038 433.2318 354.5135 1.4677 1.5873 3.6353 -3.1418 1.5590 8.0673 -4.7901 7.3590
Car -1 -1 -4.5804 498.6367 173.1823 549.9934 215.0490 1.5631 1.5740 3.5810 -3.3978 1.5767 28.7697 -4.6974 6.2153
Car -1 -1 -4.5723 446.1566 179.1292 522.3069 233.6856 1.3744 1.5990 3.9227 -3.5386 1.5707 20.6169 -4.7408 6.1222
Car -1 -1 -4.8636 651.9843 180.0313 707.7730 219.6542 1.4600 1.6501 4.0339 2.7268 1.7726 29.3967 -4.7727 4.8643
Car -1 -1 -4.6049 528.5699 174.5107 567.2212 205.7819 1.5591 1.6233 3.9543 -3.2726 1.6511 38.1801 -4.6903 3.1910
Car -1 -1 -7.9316 644.9894 180.0490 680.3246 209.1459 1.4337 1.5773 3.6676 2.7118 1.8337 38.3025 -7.8620 1.1135
Car -1 -1 -4.5661 547.2767 174.2800 579.0845 198.3423 1.5717 1.6163 3.9543 -3.1959 1.6731 49.4067 -4.6308 0.9813
Car -1 -1 -4.8123 633.6462 175.1311 664.9026 200.8950 1.6546 1.6788 4.3503 2.5856 1.8157 48.9427 -4.7603 -0.5986
Car -1 -1 -4.5729 568.9386 175.3954 593.9716 193.9363 1.4579 1.6007 3.3131 -2.3306 1.6713 58.9387 -4.6127 -1.4125
Car -1 -1 -4.8686 624.6774 173.3815 655.3634 196.5148 1.6953 1.7010 4.2013 2.2244 1.7369 55.1626 -4.8290 -2.8752
Car -1 -1 -7.9484 697.2099 178.8285 729.1039 204.5736 1.4646 1.5552 3.7918 6.1942 1.8435 43.8710 -7.8096 -3.1077
Car -1 -1 -4.6579 539.6097 176.3514 572.4470 204.1479 1.5056 1.6676 4.2548 -3.1119 1.7181 41.7646 -4.7323 -3.2880
Car -1 -1 -4.9851 605.3145 174.7021 640.7722 196.2625 1.5596 1.6454 4.0726 0.9176 1.7051 54.7455 -4.9688 -3.6290
Car -1 -1 -4.6727 557.5294 174.5058 591.2738 206.0363 1.5781 1.6355 3.9749 -1.8826 1.6701 38.3175 -4.7219 -3.8390
Car -1 -1 -4.7109 658.9373 180.3050 698.7802 215.2370 1.4370 1.6896 4.4455 3.0958 1.8006 32.9518 -4.6187 -4.1654
Car -1 -1 -8.0406 736.0511 170.1269 776.0888 197.3847 1.5732 1.6460 3.9929 8.7451 1.4155 43.6480 -7.8445 -4.1755
Car -1 -1 -4.7431 700.5249 181.3686 742.1294 221.4410 1.4893 1.5494 3.6669 4.4585 1.8602 29.5399 -4.5955 -4.2170
Car -1 -1 -6.7844 801.6116 156.2613 883.8743 195.3359 1.8257 1.7543 3.3562 11.1851 1.0502 34.8971 -6.4770 -4.4276
Car -1 -1 -5.1204 633.8152 178.1785 683.2534 203.9309 1.4866 1.7016 3.7116 2.9102 1.8299 44.5283 -5.0561 -4.6492
Car -1 -1 -7.7042 519.5944 176.5918 566.9706 212.0865 1.5138 1.6101 3.8578 -3.0465 1.6955 33.1614 -7.7956 -4.6932
Car -1 -1 -4.1586 598.8434 177.2982 649.6767 202.0016 1.4600 1.6116 3.4536 0.8947 1.7498 45.2120 -4.1394 -4.8386
Car -1 -1 -4.8440 613.0808 175.4039 645.2322 199.4112 1.5300 1.6049 4.3137 1.2143 1.7096 48.6870 -4.8197 -5.0177
Car -1 -1 -4.6848 623.0597 173.3754 651.1516 202.8538 1.6139 1.5166 3.7537 1.5574 1.6450 41.4925 -4.6481 -5.1469
Car -1 -1 -7.6153 666.4199 175.8703 703.8825 200.7796 1.4419 1.4769 3.6032 4.6042 1.6344 44.1817 -7.5126 -5.3140
Car -1 -1 -7.8806 620.4554 179.6542 652.0018 208.5335 1.4359 1.5759 3.5534 1.3218 1.8152 38.4962 -7.8471 -5.3330
Car -1 -1 -5.1399 633.5461 173.7289 675.4692 195.3080 1.4929 1.6979 3.5349 3.1401 1.5581 52.0315 -5.0803 -5.3657
Car -1 -1 -5.9656 0.0000 194.1155 18.7460 374.0000 1.5158 1.8282 4.1377 -5.6356 1.6776 3.5069 -6.9449 -5.4928
Car -1 -1 -5.6715 0.0000 140.7915 0.0000 374.0000 1.6312 1.7107 4.1054 -8.0995 1.4301 5.9501 -6.5870 -5.6095
Car -1 -1 -3.3299 456.0795 162.7011 510.0062 188.7525 1.7892 1.6331 3.5057 -8.9996 1.0916 50.9408 -3.5041 -5.7835
Car -1 -1 -4.2314 453.5901 180.7446 529.7934 214.1506 1.4013 1.6744 4.3750 -5.4737 1.7953 33.7130 -4.3916 -5.8032
Car -1 -1 -3.6055 0.0000 0.0000 1241.0000 374.0000 1.4955 1.6036 3.9548 -3.8662 1.5628 1.7263 -4.6975 -5.8867
Car -1 -1 -7.9817 680.5718 166.5882 712.9702 194.2754 1.9217 1.7346 4.7420 6.2258 1.4865 52.4613 -7.8646 -5.9441
Car -1 -1 -7.3667 0.0000 162.6540 321.9183 374.0000 1.5676 1.6440 3.8477 -2.4933 1.5552 2.8944 -8.0341 -6.1171
Car -1 -1 -7.9499 451.1249 171.0273 517.7638 220.9514 1.5647 1.8337 4.5280 -4.4937 1.5072 25.0416 -8.1262 -6.1995
Car -1 -1 -4.8873 696.1661 180.0419 790.7307 246.4261 1.6350 1.8539 4.3269 3.5832 1.8596 20.4078 -4.7169 -7.2297
