Car -1 -1 -8.0719 725.7100 184.7193 876.0576 288.3412 1.4426 1.6379 3.7073 3.0151 1.6759 12.3385 -7.8388 8.2541
Car -1 -1 -8.0466 686.4166 179.1371 785.1994 250.7187 1.5278 1.6367 3.8035 2.9007 1.6981 17.6665 -7.8875 7.0089
Car -1 -1 -4.6753 506.9305 178.2241 549.0160 217.5451 1.4875 1.5851 4.0217 -3.3855 1.7252 29.9236 -4.7876 4.1669
Car -1 -1 -7.9433 646.7743 180.4173 686.2639 209.9151 1.3501 1.6047 3.9202 2.7270 1.7479 36.0069 -7.8689 3.1330
Car -1 -1 -4.6480 532.7641 177.0354 563.9692 203.0980 1.4374 1.5793 3.9360 -3.6164 1.6944 42.4148 -4.7330 1.9630
Car -1 -1 -4.6700 546.3166 174.5705 570.8665 197.8247 1.5619 1.5672 3.5830 -3.6017 1.6862 50.5453 -4.7411 1.8503
Car -1 -1 -4.8083 565.7817 176.0598 586.0059 191.3320 1.4475 1.6359 3.7596 -3.4084 1.7723 71.1956 -4.8563 -1.1995
Car -1 -1 -4.4983 485.4076 182.0279 518.2632 203.4469 1.3855 1.5336 3.5607 -7.4974 2.0450 50.0649 -4.6466 -1.2644
Car -1 -1 -4.2658 612.7355 177.1881 654.5030 199.6161 1.4560 1.5958 3.2879 1.6158 1.7632 49.3726 -4.2337 -2.4081
Car -1 -1 -4.9620 500.0400 176.6245 549.4916 204.4562 1.5300 1.8684 4.3981 -5.1390 1.7653 42.7005 -5.0815 -3.6373
Car -1 -1 -4.2197 576.1115 175.7959 610.3884 191.1514 1.4492 1.6430 4.0854 -1.6356 1.7479 71.1314 -4.2429 -3.6484
Car -1 -1 -4.9564 641.9696 175.1545 679.6157 200.1966 1.6011 1.6719 3.6828 3.3347 1.7615 48.4519 -4.8885 -3.7797
Car -1 -1 -4.2018 501.3639 180.4640 551.9037 202.5775 1.4218 1.7133 4.0789 -5.7689 1.9735 50.1270 -4.3162 -4.0854
Car -1 -1 -4.7156 621.6243 175.1269 642.5662 196.8469 1.6870 1.6390 4.1026 1.7558 1.8777 58.5480 -4.6862 -4.2596
Car -1 -1 -4.6664 565.9922 174.9870 594.3295 198.5926 1.5849 1.8124 4.0950 -2.0946 1.7411 50.8679 -4.7078 -4.2607
Car -1 -1 -8.6358 583.7526 175.6737 658.6701 206.6427 1.5307 1.6508 3.9303 0.5082 1.6867 38.0107 -8.6231 -4.4940
Car -1 -1 -5.0092 600.3083 176.1357 640.4537 199.7834 1.5983 1.7499 4.0570 0.6639 1.8425 51.5669 -4.9968 -4.5997
Car -1 -1 -4.4949 600.3932 176.6810 629.8079 197.0212 1.5536 1.5815 3.7970 0.4166 1.8711 57.8991 -4.4882 -4.6130
Car -1 -1 -5.0467 658.5731 178.8806 726.5845 214.0495 1.3947 1.6690 4.1419 3.4845 1.6765 31.5747 -4.9384 -4.8579
Car -1 -1 -4.7768 613.7724 180.6178 633.9479 196.9876 1.5071 1.6979 4.2329 1.3086 2.2899 70.6239 -4.7588 -4.9129
Car -1 -1 -4.9608 575.8490 174.9801 602.5298 192.4748 1.5951 1.7210 3.4403 -2.0120 1.8011 68.1366 -4.9906 -4.9157
Car -1 -1 -4.9821 654.5386 175.1283 723.5695 224.5677 1.6414 1.5745 3.4988 2.7242 1.7289 25.9825 -4.8795 -5.2326
Car -1 -1 -5.3581 649.6919 178.7434 761.2500 225.8785 1.6155 1.9772 4.4081 3.5147 1.8612 27.7337 -5.2341 -5.3889
Car -1 -1 -4.8186 636.5212 177.2209 662.5771 195.8336 1.4066 1.6280 4.2690 3.0993 1.7688 57.7231 -4.7657 -5.4744
Car -1 -1 -5.0556 551.5159 179.7341 596.9627 204.8849 1.4086 1.5982 3.6345 -2.2338 1.8419 43.4819 -5.1071 -5.4812
Car -1 -1 -4.8979 645.7338 177.4671 679.3108 200.6263 1.5568 1.6614 4.0323 3.6691 1.8988 51.4379 -4.8275 -5.5410
Car -1 -1 -5.2747 630.8635 178.1457 690.4863 207.2097 1.5923 1.7453 3.7631 2.8870 1.9178 42.3535 -5.2076 -5.6118
Car -1 -1 -4.9405 565.6520 180.2881 590.4484 196.8644 1.4440 1.5551 3.3500 -2.9820 2.1457 66.3109 -4.9856 -5.6589
Car -1 -1 -4.5303 594.6962 177.7694 631.2888 202.2352 1.4139 1.5810 3.9226 0.1952 1.7316 44.6044 -4.5264 -5.6777
Car -1 -1 -9.0643 0.0000 0.0000 1241.0000 374.0000 1.5484 1.5913 3.8055 2.7219 1.5937 1.0028 -7.9392 -5.8867
Car -1 -1 -7.5642 152.1620 0.0000 1241.0000 374.0000 1.5444 1.5898 3.8043 -0.4940 1.6141 1.0040 -7.9392 -5.8867
Car -1 -1 -5.0319 658.2225 177.2195 704.9302 202.6039 1.4184 1.6025 3.9659 4.1884 1.6920 43.1554 -4.9363 -5.8867
Car -1 -1 -8.6435 0.0000 0.0000 1048.9788 374.0000 1.5454 1.5914 3.8048 1.1135 1.5983 1.0030 -7.9392 -5.8867
Car -1 -1 -6.7201 0.0000 75.8130 40.4365 374.0000 1.6102 1.7504 4.2579 -5.3130 1.4805 3.1933 -7.7122 -6.0579
Car -1 -1 -7.1400 0.0000 141.6386 205.4330 374.0000 1.5679 1.7009 4.1982 -3.7365 1.5210 3.2515 -7.9544 -6.2756
