Car -1 -1 -8.1416 740.8334 188.4310 990.9374 346.9340 1.3894 1.6344 3.8147 2.6652 1.6161 8.6086 -7.8523 7.8300
Car -1 -1 -4.8718 671.2448 180.8394 756.4572 242.9108 1.4094 1.5472 4.0428 2.5590 1.6414 18.9509 -4.7405 7.3889
Car -1 -1 -4.3476 152.2116 176.2247 438.1577 344.6819 1.4940 1.6096 4.0696 -3.3696 1.5430 8.5172 -4.7146 7.0602
Car -1 -1 -4.5766 442.1955 177.3383 521.6521 236.7805 1.4466 1.6347 3.7649 -3.4520 1.5810 19.7579 -4.7479 6.9529
Car -1 -1 -7.9666 657.3339 177.3559 714.4696 221.9493 1.4079 1.5482 3.5744 2.5065 1.5744 24.9415 -7.8683 5.3933
Car -1 -1 -4.8085 647.3806 174.7710 695.3273 212.4126 1.4376 1.5812 3.8828 2.4183 1.5215 29.7106 -4.7286 4.8325
Car -1 -1 -3.0296 592.5878 166.8544 648.8171 191.2081 2.0836 1.8227 4.7311 0.9334 1.5700 62.9350 -3.0151 0.8052
Car -1 -1 -5.0474 666.1606 165.1553 702.3809 184.9343 1.6045 1.7199 4.2685 6.1870 0.9797 60.8069 -4.9467 -1.3279
Car -1 -1 -6.0744 523.0721 171.3183 567.8602 190.8876 1.6949 1.6762 3.6614 -5.6874 1.5616 63.5418 -6.1636 -1.7448
Car -1 -1 -5.9094 507.7834 170.7804 564.7036 193.8315 1.8606 1.7808 4.3327 -6.1152 1.6929 59.6785 -6.0114 -2.5442
Car -1 -1 -3.5857 577.5087 170.2181 630.8316 190.8987 1.6613 1.7212 4.0610 -0.5033 1.4493 59.6261 -3.5945 -2.6113
Car -1 -1 -4.8941 609.9048 171.3893 642.0569 193.2811 1.4928 1.6154 3.7841 1.0644 1.3926 51.1995 -4.8738 -2.8610
Car -1 -1 -7.8308 697.0499 164.1594 717.5325 183.6555 1.6493 1.6876 4.2584 8.5362 0.9135 63.2735 -7.6976 -3.3164
Car -1 -1 -4.7512 455.3593 167.2528 477.1663 187.4031 1.6992 1.7098 4.0185 -12.6003 1.2266 62.9994 -4.9480 -3.3236
Car -1 -1 -4.7053 757.2013 170.5757 782.4376 194.8085 1.5994 1.6322 3.8788 10.9813 1.4488 49.6958 -4.4894 -3.9758
Car -1 -1 -4.4227 626.8254 178.3372 665.4494 200.1758 1.3283 1.4822 3.8325 2.3608 1.7005 46.9709 -4.3733 -4.3818
Car -1 -1 -7.5985 392.4081 182.9290 462.9805 227.1445 1.3326 1.4823 3.3825 -6.0849 1.6943 24.2212 -7.8426 -4.4518
Car -1 -1 -7.2572 935.7664 154.6846 1029.7461 192.7752 1.4818 1.6225 3.7438 15.3025 0.7747 29.6822 -6.7854 -4.5728
Car -1 -1 -8.0158 633.2495 171.0659 661.2739 192.5614 1.5269 1.4865 3.6387 2.6814 1.3996 53.1459 -7.9660 -4.8137
Car -1 -1 -4.7982 761.0532 171.5648 794.4947 197.8292 1.6198 1.7764 3.6413 10.7166 1.5400 46.4259 -4.5731 -5.2838
Car -1 -1 -6.8906 1241.0000 179.4785 1241.0000 374.0000 1.5308 1.5595 3.8764 7.2812 1.5862 4.6558 -5.9175 -5.3868
Car -1 -1 -2.4400 0.0000 169.5942 63.6853 374.0000 1.4144 1.5806 4.2698 -5.6515 1.4037 3.6162 -3.4075 -5.4319
Car -1 -1 -5.4639 466.5011 174.5014 534.7359 208.9208 1.7107 1.5853 3.4662 -5.7786 1.8004 37.7201 -5.6153 -5.6312
Car -1 -1 -2.6322 0.0000 162.1762 0.0000 374.0000 1.5415 1.6945 4.4139 -8.5429 1.4746 6.1663 -3.5569 -5.6343
Car -1 -1 -5.0162 641.2027 172.5017 704.6711 204.4751 1.4473 1.7399 4.6671 2.9318 1.4311 35.1294 -4.9341 -5.7228
Car -1 -1 -9.0789 0.0000 0.0000 1241.0000 374.0000 1.4580 1.5867 3.8325 4.3440 1.3686 1.3741 -7.8745 -5.8867
Car -1 -1 -3.5644 0.0000 0.0000 1241.0000 374.0000 1.4987 1.6033 3.9573 -4.2770 1.5792 1.7197 -4.6976 -5.8867
Car -1 -1 -7.1476 52.6947 0.0000 1241.0000 374.0000 1.5274 1.5826 3.7987 -1.2977 1.5671 1.0070 -7.9393 -5.8867
Car -1 -1 -8.4288 0.0000 0.0000 948.0562 374.0000 1.5284 1.5854 3.8014 0.6992 1.5433 0.9977 -7.9398 -5.8867
Car -1 -1 -5.7491 1241.0000 52.9422 1241.0000 374.0000 1.4179 1.5925 4.2054 5.8747 1.2796 2.9555 -4.6835 -5.9314
Car -1 -1 -7.1567 830.7266 190.8900 1241.0000 374.0000 1.3315 1.7535 4.3035 3.5619 1.4602 3.9230 -6.4567 -6.1509
Car -1 -1 -7.1610 0.0000 136.7514 320.7200 374.0000 1.5290 1.6673 3.8965 -2.8937 1.4714 3.1056 -7.8695 -6.1761
