Car -1 -1 -6.0792 125.0469 183.6019 284.9474 240.6791 1.5017 1.6266 3.7656 -11.5863 1.8313 20.8164 -6.5819 -1.8543
Car -1 -1 -7.4339 958.6481 166.1378 1054.0520 213.8788 1.5947 1.6330 3.7386 14.2057 1.3700 25.8864 -6.9371 -2.2058
Car -1 -1 -8.0701 1090.5270 155.3527 1161.4696 196.1530 1.5959 1.6894 3.4254 21.4087 0.9110 30.1288 -7.4570 -2.3151
Car -1 -1 -6.6223 1093.2262 158.9756 1214.4937 196.3614 1.5745 1.6656 3.9294 23.7829 0.9897 31.7627 -5.9842 -2.6674
Car -1 -1 -6.5689 1174.3413 141.3937 1241.0000 182.4789 1.6099 1.7316 4.2798 26.2816 0.3769 29.9524 -5.8535 -2.8072
Car -1 -1 -3.9786 15.3207 147.1295 131.9443 187.6566 1.5537 1.6939 3.8535 -21.9469 0.5672 29.6635 -4.6114 -3.9072
Car -1 -1 -7.3813 112.1763 180.6081 204.9560 222.4950 1.3954 1.4677 3.4381 -16.4902 1.6985 26.4653 -7.9342 -4.5461
Car -1 -1 -7.4513 889.2319 159.6893 960.7098 195.0711 1.5343 1.6543 3.8384 14.4910 0.9631 33.2100 -7.0433 -4.5700
Car -1 -1 -7.2261 1129.0779 170.2960 1241.0000 222.2904 1.6089 1.7855 4.0207 19.4282 1.5294 23.7116 -6.5462 -4.8466
Car -1 -1 -2.4297 0.0000 193.3880 5.2200 360.2272 1.4311 1.5196 3.8418 -8.9780 1.6730 7.4762 -3.2884 -5.0529
Car -1 -1 -3.0115 145.0872 184.3781 292.3753 237.5853 1.5177 1.5912 3.8795 -12.1719 1.9016 22.6255 -3.5004 -5.1310
Car -1 -1 -4.9291 1215.9869 173.8172 1241.0000 329.4603 1.6883 1.9888 4.7590 10.4157 1.7053 10.4050 -4.1579 -5.4466
Car -1 -1 -6.8203 0.0000 169.4117 43.0322 257.1009 1.7257 1.8131 4.4684 -16.0644 1.6576 16.5950 -7.5815 -5.6381
Car -1 -1 -2.0894 0.0000 187.6260 18.5261 374.0000 1.3792 1.5596 4.0611 -6.2113 1.4904 4.4126 -3.0136 -5.7038
Car -1 -1 -6.5108 627.2143 170.2937 728.4127 210.4970 1.5506 1.6348 3.7595 2.6328 1.4516 28.8978 -6.4214 -5.7308
Car -1 -1 -8.3283 1082.8018 149.2537 1162.8619 182.2146 1.5813 1.6187 4.0774 25.9594 0.4488 36.7463 -7.7170 -5.7664
Car -1 -1 -5.2340 1241.0000 179.3860 1241.0000 374.0000 1.4036 1.5831 4.0217 7.0045 1.4636 4.5083 -4.2647 -5.7781
Car -1 -1 -5.4948 1241.0000 164.7226 1241.0000 374.0000 1.4730 1.5965 4.0422 9.8122 1.4181 6.9577 -4.5609 -5.8448
Car -1 -1 -4.0748 0.0000 150.2817 57.8917 191.7990 1.5592 1.7453 3.7745 -24.4995 0.7112 29.0326 -4.7712 -5.8548
Car -1 -1 -2.3449 0.0000 181.8942 22.2253 339.8882 1.6356 1.8751 4.8357 -10.3653 1.7576 8.6788 -3.2034 -5.8821
Car -1 -1 -5.6576 0.0000 0.0000 1241.0000 374.0000 1.5070 1.6656 4.0804 41.4039 0.7283 1.2807 -4.1248 -5.8867
Car -1 -1 -5.6996 1241.0000 161.9669 1241.0000 345.5922 1.4707 1.5882 3.9428 12.6154 1.3832 7.7620 -4.6974 -5.8867
Car -1 -1 -4.8150 678.8632 174.4669 721.1264 206.7251 1.4370 1.5820 3.9241 4.1809 1.5178 34.3145 -4.6953 -5.8867
Car -1 -1 -6.7029 0.0000 0.0000 1241.0000 374.0000 1.5383 1.5840 3.8009 -3.7086 1.6365 1.0060 -7.9390 -5.8867
Car -1 -1 -9.2169 0.0000 0.0000 1241.0000 374.0000 1.4887 1.5948 3.8421 7.1560 1.4498 1.3685 -7.8742 -5.8867
Car -1 -1 -8.7977 0.0000 0.0000 1144.0436 374.0000 1.5310 1.5858 3.8023 1.5033 1.5441 0.9978 -7.9398 -5.8867
Car -1 -1 -5.6695 0.0000 0.0000 1241.0000 374.0000 1.4976 1.6013 3.9586 2.9587 1.4980 1.7205 -4.6976 -5.8867
Car -1 -1 -9.0785 0.0000 0.0000 1241.0000 374.0000 1.4783 1.5898 3.8391 4.3457 1.4445 1.3750 -7.8744 -5.8867
Car -1 -1 -3.4006 0.0000 0.0000 1241.0000 374.0000 1.5403 1.6143 3.9639 -7.0788 1.6594 1.7255 -4.6948 -5.8867
Car -1 -1 -3.5425 0.0000 187.1121 0.0000 374.0000 1.4911 1.5990 3.9543 -5.4739 1.5723 2.1340 -4.6978 -5.8867
Car -1 -1 -5.9620 1241.0000 67.0872 1241.0000 374.0000 1.4615 1.5884 3.9402 10.1999 1.3218 2.9322 -4.6975 -5.8867
Car -1 -1 -5.9512 1241.0000 146.7708 1241.0000 374.0000 1.5061 1.6022 3.9577 8.5869 1.4866 2.5227 -4.6975 -5.8867
Car -1 -1 -3.4967 0.0000 194.1785 0.0000 374.0000 1.4999 1.6013 3.9554 -8.2902 1.6451 2.9338 -4.6975 -5.8867
Car -1 -1 -7.3801 245.3973 0.0000 1241.0000 374.0000 1.4765 1.5906 3.8399 -0.8817 1.4866 1.3736 -7.8744 -5.8867
Car -1 -1 -4.6668 1040.5524 169.6969 1063.4684 186.2538 1.5045 1.6615 4.0266 41.4691 1.2173 67.6969 -4.1194 -5.8867
Car -1 -1 -6.6822 0.0000 0.0000 1241.0000 374.0000 1.4889 1.5805 3.8977 -2.1197 1.5634 0.5321 -7.8859 -5.8867
Car -1 -1 -5.9315 0.0000 0.0000 1241.0000 374.0000 1.5069 1.6006 3.9579 5.7841 1.5107 1.7283 -4.6972 -5.8867
Car -1 -1 -7.3684 1008.3054 165.5044 1047.9659 181.7490 1.5422 1.6677 4.0140 40.7151 0.8441 70.2742 -6.8453 -5.8867
Car -1 -1 -7.3161 190.0337 177.7438 231.1106 194.3085 1.5577 1.6787 4.0983 -39.3494 2.0536 71.1518 -7.8199 -5.8867
Car -1 -1 -5.7537 1241.0000 162.2821 1241.0000 374.0000 1.4807 1.5902 3.9456 11.4116 1.4192 6.1549 -4.6976 -5.8867
Car -1 -1 -4.8606 710.8466 173.6766 756.9673 205.6321 1.4278 1.5800 3.9209 5.7883 1.4689 34.3140 -4.6954 -5.8867
Car -1 -1 -4.2705 255.8683 173.4547 333.7148 208.2331 1.4007 1.5658 3.8507 -13.5176 1.4279 31.0782 -4.6779 -5.9843
Car -1 -1 -2.2776 0.0000 174.5081 19.3794 241.7466 1.6445 1.7909 4.7749 -18.4614 1.6899 18.8204 -3.0463 -6.4750
