Car -1 -1 -3.0328 579.9503 175.5249 708.3220 228.0576 1.5388 1.6056 3.8195 1.0524 1.6252 22.3326 -2.9871 -2.9034
Car -1 -1 -2.6918 303.7265 182.1702 433.2915 229.7093 1.4742 1.6137 3.7271 -7.9711 1.7949 23.8241 -3.0118 -3.0053
Car -1 -1 -3.4303 771.1678 174.5725 917.3055 229.1265 1.5510 1.6554 3.8073 6.8190 1.6037 21.4233 -3.1267 -3.4650
Car -1 -1 -7.3870 1061.2212 171.5706 1224.3361 242.8525 1.5536 1.6526 3.7810 12.7593 1.5253 17.3289 -6.7609 -3.7530
Car -1 -1 -7.8734 141.1013 186.2633 226.8545 262.2306 1.5874 1.6578 3.5206 -10.5056 1.9518 17.6938 -8.4030 -3.8267
Car -1 -1 -5.8925 655.2657 183.1052 894.9325 278.0901 1.4715 1.6636 4.0033 2.9355 1.6873 13.3884 -5.6823 -4.7223
Car -1 -1 -8.1505 559.0222 139.1409 618.7499 177.7648 1.5179 1.5381 3.4973 -0.9874 0.1927 30.2596 -8.1829 -4.7495
Car -1 -1 -7.9280 708.9840 176.7394 772.8511 232.0958 1.4460 1.5371 3.4187 3.6591 1.5676 20.8721 -7.7576 -4.8231
Car -1 -1 -6.4497 909.4682 177.8462 1075.8262 234.1092 1.4698 1.6032 3.9397 10.6383 1.6204 20.4491 -5.9764 -4.9143
Car -1 -1 -6.1967 629.2466 174.1250 754.9695 222.8110 1.5316 1.6808 4.0227 2.7175 1.5757 23.9809 -6.0859 -4.9240
Car -1 -1 -2.4702 360.8569 180.2085 566.2896 264.4081 1.4956 1.6073 3.9613 -3.0637 1.6617 14.7101 -2.6728 -4.9441
Car -1 -1 -5.9593 1183.1060 162.4603 1241.0000 215.2302 1.4629 1.5078 3.3321 19.6177 1.1744 21.8223 -5.2340 -5.1785
Car -1 -1 -3.4992 500.1784 138.6968 595.5425 176.0012 1.5662 1.7492 3.8315 -2.7883 0.1318 31.9065 -3.5857 -5.2181
Car -1 -1 -4.3826 145.4347 158.5401 211.1192 191.8889 1.6133 1.7423 3.7877 -22.0476 0.9205 36.9364 -4.9177 -5.3144
Car -1 -1 -5.5155 246.7416 186.6002 451.9430 272.7459 1.5191 1.5833 3.9560 -5.3927 1.8289 14.7457 -5.8610 -5.3612
Car -1 -1 -5.7385 591.0590 134.7544 687.0458 173.3071 1.6048 1.6836 3.9226 1.2134 0.0186 31.8174 -5.7008 -5.4205
Car -1 -1 -2.2325 0.0000 187.5048 20.3225 304.3131 1.4093 1.6474 4.3904 -10.9791 1.6321 9.9761 -3.0523 -5.4300
Car -1 -1 -2.0968 0.0000 179.7581 35.2363 358.5992 1.6111 1.8158 4.5737 -9.1583 1.6999 7.9619 -2.9352 -5.5128
Car -1 -1 -7.3947 134.5532 187.9852 228.9443 229.6156 1.4161 1.4971 4.0787 -16.6147 2.0498 28.1475 -7.9241 -5.5910
Car -1 -1 -4.2469 1132.9199 177.1793 1241.0000 374.0000 1.3817 1.6000 3.8933 4.9850 1.4110 3.7346 -3.3565 -5.7093
Car -1 -1 -7.9330 564.7971 142.5012 606.8107 177.3299 1.5516 1.6632 4.1030 -1.2472 0.1991 34.2773 -7.9692 -5.8371
Car -1 -1 -5.8064 1241.0000 127.8465 1241.0000 374.0000 1.4692 1.5839 3.9735 6.9961 1.3846 3.3390 -4.7148 -5.8815
Car -1 -1 -4.0680 190.0246 0.0000 1241.0000 374.0000 1.5090 1.6033 3.9582 -1.4524 1.5932 1.7268 -4.6972 -5.8867
Car -1 -1 -8.9566 0.0000 0.0000 1241.0000 374.0000 1.4745 1.5907 3.8389 3.1375 1.4377 1.3720 -7.8744 -5.8867
Car -1 -1 -3.7336 0.0000 187.4974 155.8093 374.0000 1.4997 1.6011 3.9566 -3.4672 1.5830 2.1287 -4.6975 -5.8867
Car -1 -1 -9.1537 0.0000 0.0000 1241.0000 374.0000 1.4628 1.5856 3.8343 5.5484 1.3746 1.3720 -7.8743 -5.8867
Car -1 -1 -3.5533 0.0000 189.7823 0.0000 374.0000 1.4894 1.5964 3.9497 -7.0816 1.6046 2.9367 -4.6976 -5.8867
Car -1 -1 -4.7670 0.0000 0.0000 1241.0000 374.0000 1.5053 1.6023 3.9578 0.1554 1.5611 1.7279 -4.6973 -5.8867
Car -1 -1 -5.4819 0.0000 0.0000 1241.0000 374.0000 1.4857 1.6451 3.9869 40.6741 0.5924 0.1282 -3.9214 -5.8867
Car -1 -1 -5.6187 1241.0000 0.0000 1241.0000 374.0000 1.5223 1.6623 4.0205 41.4585 0.6951 2.9192 -4.1252 -5.8867
Car -1 -1 -8.7980 0.0000 0.0000 1144.6852 374.0000 1.5388 1.5868 3.8013 1.5035 1.5801 0.9960 -7.9397 -5.8867
Car -1 -1 -3.6580 0.0000 193.6258 0.0000 374.0000 1.5049 1.5988 3.9541 -5.4727 1.6464 2.9364 -4.6975 -5.8867
Car -1 -1 -4.6668 1040.5524 169.6969 1063.4684 186.2538 1.5045 1.6615 4.0266 41.4691 1.2173 67.6969 -4.1194 -5.8867
Car -1 -1 -5.9089 1241.0000 100.7880 1241.0000 374.0000 1.4713 1.5893 3.9435 8.5930 1.3761 2.9337 -4.6974 -5.8867
Car -1 -1 -3.4804 0.0000 176.0329 0.0000 374.0000 1.4734 1.5939 3.9425 -8.6897 1.4948 2.9387 -4.6964 -5.8867
Car -1 -1 -7.3684 1008.3054 165.5044 1047.9659 181.7490 1.5422 1.6677 4.0140 40.7151 0.8441 70.2742 -6.8453 -5.8867
Car -1 -1 -7.3161 190.0337 177.7438 231.1106 194.3085 1.5577 1.6787 4.0983 -39.3494 2.0536 71.1518 -7.8199 -5.8867
Car -1 -1 -4.4561 0.0000 183.8597 0.0000 259.2998 1.4434 1.6152 4.1615 -17.1249 1.7306 16.6491 -5.2476 -5.9996
Car -1 -1 -2.9643 501.5407 170.8585 626.2463 224.6684 1.7698 1.6818 4.0441 -1.5791 1.7038 24.7956 -3.0279 -6.0505
Car -1 -1 -6.5252 382.7931 234.9518 1210.0546 374.0000 1.3385 1.6218 3.8413 0.8079 1.7710 4.0975 -6.3470 -6.0580
Car -1 -1 -7.0300 1241.0000 144.0636 1241.0000 360.4815 1.4772 1.6544 3.9774 8.0738 1.2804 6.0538 -6.1258 -6.1747
Car -1 -1 -5.5947 0.0000 181.5528 9.1800 280.3281 1.4923 1.7598 3.8652 -12.9373 1.6522 12.1913 -6.3988 -6.2590
Car -1 -1 -3.5658 940.6102 169.5354 1099.2252 221.1003 1.5331 1.5377 4.0018 12.5649 1.4342 22.3818 -3.0603 -6.2818
Car -1 -1 -2.3908 0.0000 177.1168 106.4344 215.2440 1.4353 1.6295 3.9125 -22.3086 1.6084 28.3677 -3.0528 -6.4387
Car -1 -1 -2.6809 354.2903 182.6985 470.2775 226.0460 1.4375 1.6502 3.6151 -7.0284 1.8025 25.6142 -2.9465 -6.5799
