Car -1 -1 -3.9934 537.4382 172.9768 701.1490 245.6145 1.5727 1.6289 4.2480 0.2943 1.5758 17.7522 -3.9781 7.7265
Car -1 -1 -4.9761 716.8774 177.3720 946.9969 331.2850 1.4774 1.6333 3.8643 2.3996 1.5455 8.9820 -4.7245 7.3278
Car -1 -1 -8.4113 821.4862 192.1932 1241.0000 374.0000 1.4088 1.5514 3.6918 2.5027 1.5672 4.0471 -7.8905 5.3834
Car -1 -1 -7.2894 298.9192 184.2332 355.1262 210.0227 1.4905 1.5288 3.7377 -17.7861 2.2380 45.4309 -7.6609 -0.0113
Car -1 -1 -4.9488 555.4017 169.8691 619.5730 212.2279 1.5738 1.6536 4.0610 -1.0259 1.4626 28.9853 -4.9844 -2.1753
Car -1 -1 -5.7670 252.9978 179.9958 327.9601 207.8369 1.5751 1.6560 3.6876 -18.7571 2.0040 42.3497 -6.1819 -2.4872
Car -1 -1 -8.2567 946.4236 153.5795 1011.3989 189.9539 1.8066 1.6772 3.7402 19.1791 0.8490 37.7571 -7.7900 -3.2907
Car -1 -1 -9.2940 0.0000 0.0000 1241.0000 374.0000 1.4489 1.6042 4.1813 3.1997 1.5798 0.8209 -8.0589 -4.1213
Car -1 -1 -7.9787 929.9505 171.5066 989.9816 211.2258 1.4782 1.6410 4.1319 13.9638 1.4277 29.0716 -7.5352 -4.4689
Car -1 -1 -2.5454 321.0609 174.9754 389.5963 205.2666 1.7829 1.6665 3.6242 -15.5191 1.9155 43.9148 -2.8835 -4.5570
Car -1 -1 -5.1730 570.2407 177.6209 664.7191 221.2421 1.3955 1.6613 4.2138 0.1216 1.5808 25.8333 -5.1690 -4.6351
Car -1 -1 -3.5458 834.3277 161.2553 918.3932 193.8785 1.7151 1.6229 3.9240 14.2634 1.1051 38.8527 -3.1967 -4.6447
Car -1 -1 -7.9342 299.7712 166.2697 333.4541 193.6143 1.7476 1.7730 4.0217 -19.7081 1.3265 48.3081 -8.3199 -4.7142
Car -1 -1 -5.0061 529.2280 180.0681 615.4224 234.8537 1.5391 1.7009 3.7223 -1.3281 1.7877 22.8481 -5.0642 -4.7614
Car -1 -1 -7.4435 499.8835 174.4747 553.4376 203.4417 1.5095 1.5892 3.7068 -4.5810 1.6032 39.8292 -7.5577 -4.7730
Car -1 -1 -6.8752 1197.0227 139.1834 1241.0000 186.3085 1.6224 1.7475 4.0136 23.9040 0.4629 25.9971 -6.1373 -4.8061
Car -1 -1 -7.4934 375.0681 178.2452 424.1487 204.9951 1.4734 1.5901 3.6139 -12.3281 1.8035 42.3574 -7.7753 -4.8324
Car -1 -1 -3.6657 552.1344 181.7036 641.9402 213.2172 1.4091 1.6413 4.0845 -0.6478 1.8597 35.0078 -3.6847 -4.9666
Car -1 -1 -4.8268 242.2732 183.9750 311.3490 240.5167 1.5355 1.5220 3.8159 -10.4590 1.9119 22.4167 -5.2592 -4.9732
Car -1 -1 -8.1881 383.6830 175.9891 492.3016 252.2082 1.7150 1.6667 3.3060 -4.4669 1.8019 18.2273 -8.4258 -5.0454
Car -1 -1 -5.7571 0.0000 162.7612 0.0000 374.0000 1.4942 1.5624 3.6786 -5.5626 1.4725 3.0987 -6.7823 -5.0720
Car -1 -1 -7.7716 977.8391 168.2776 1029.0819 211.2439 1.4904 1.4297 3.1555 14.5696 1.3314 26.7414 -7.2777 -5.1118
Car -1 -1 -9.2401 0.0000 0.0000 1241.0000 374.0000 1.3835 1.6170 3.4526 1.8494 1.5185 -0.0110 -7.8198 -5.1910
Car -1 -1 -7.7972 759.4474 172.6690 828.1073 229.3930 1.3199 1.5436 3.2683 4.7445 1.3153 18.5786 -7.5515 -5.2923
Car -1 -1 -7.8226 283.7841 182.9913 351.1936 242.4973 1.6058 1.7820 4.2836 -9.1031 1.9552 22.5776 -8.2022 -5.3139
Car -1 -1 -4.9014 905.8910 181.4373 1096.9409 333.1589 1.5321 1.4509 3.2819 4.7328 1.6631 9.2618 -4.4428 -5.3404
Car -1 -1 -8.4132 643.3428 178.6848 726.3851 217.5067 1.3928 1.5615 3.6152 2.8331 1.6382 28.4423 -8.3156 -5.4161
Car -1 -1 -7.2918 581.8559 170.8128 688.3883 226.4127 1.5520 1.6440 3.4971 0.7917 1.4947 22.0494 -7.2571 -5.5334
Car -1 -1 -6.7635 0.0000 0.0000 1241.0000 374.0000 1.7292 1.8439 4.3294 -3.7092 1.6771 1.9823 -7.7866 -5.5681
Car -1 -1 -5.0448 281.4151 173.5083 1241.0000 374.0000 1.4263 1.5122 3.6992 -0.3295 1.4301 2.5323 -5.1658 -5.5808
Car -1 -1 -7.6046 148.8080 184.4653 243.0430 237.4582 1.4104 1.5766 3.9046 -12.6579 1.8012 22.2100 -8.1177 -5.6599
Car -1 -1 -7.5699 736.9535 172.5316 850.5806 240.2017 1.3374 1.5814 3.4024 4.1394 1.3308 16.1280 -7.3237 -5.6664
Car -1 -1 -4.7200 286.2631 178.9023 315.1047 208.8097 1.7729 1.6136 3.6878 -19.5898 2.1717 45.5985 -5.1240 -5.7372
Car -1 -1 -7.6898 316.2419 166.7930 411.6495 247.1929 1.7887 1.6438 3.7273 -6.0666 1.6536 18.0216 -8.0106 -5.7591
Car -1 -1 -8.2118 735.9625 166.4082 895.1721 256.8759 1.3849 1.5833 3.3419 3.4150 1.2860 12.7894 -7.9573 -5.8569
Car -1 -1 -5.7610 1241.0000 77.3909 1241.0000 374.0000 1.4671 1.6004 3.9753 5.3867 1.3957 2.5521 -4.6765 -5.8867
Car -1 -1 -5.2787 178.7597 0.0000 986.0438 374.0000 1.5316 1.5581 3.8291 -0.1370 1.5626 -0.5224 -7.8445 -5.8867
Car -1 -1 -7.0094 0.0000 0.0000 1241.0000 374.0000 1.5282 1.5874 3.8033 -1.7127 1.5614 0.9983 -7.9398 -5.8867
Car -1 -1 -5.3605 0.0000 0.0000 1241.0000 374.0000 1.5003 1.6068 4.0566 40.2351 0.5300 -0.2942 -3.7896 -5.8867
Car -1 -1 -4.2617 166.4044 183.1504 251.7818 221.0504 1.4728 1.6030 4.0754 -17.2795 1.9479 31.2426 -4.7636 -5.9219
