Car -1 -1 -4.0872 47.0174 182.4929 568.1516 374.0000 1.5503 1.6132 4.1505 -1.9234 1.6588 5.9248 -4.3898 7.9406
Car -1 -1 -5.7522 0.0000 0.0000 1241.0000 374.0000 1.3998 1.5427 3.5546 2.3931 1.5685 1.6424 -4.8637 3.6180
Car -1 -1 -5.4545 0.0000 0.0000 1179.1301 374.0000 1.5029 1.6152 3.2295 1.0284 1.6171 0.8039 -4.7075 -2.9821
Car -1 -1 -6.0823 0.0000 149.2476 90.0876 180.2394 1.5558 1.7133 3.5959 -29.6251 0.3704 37.7877 -6.7438 -3.6108
Car -1 -1 -5.1635 1157.3755 193.4912 1241.0000 374.0000 1.4017 1.6479 3.7653 4.2829 1.5627 3.5868 -4.3302 -4.2476
Car -1 -1 -7.4786 56.2449 147.8003 123.6936 178.5785 1.6300 1.7096 3.9803 -29.0199 0.3029 40.3514 -8.0991 -4.4747
Car -1 -1 -7.4945 0.0000 0.0000 1241.0000 374.0000 1.4992 1.5174 3.2451 -1.1142 1.5832 1.1286 -8.1670 -4.8294
Car -1 -1 -6.9209 0.0000 0.0000 1241.0000 374.0000 1.4552 1.4858 3.4174 -2.6593 1.4228 1.2017 -7.9834 -4.8615
Car -1 -1 -7.6875 368.7636 172.3801 505.4309 273.8133 1.4510 1.6189 3.6648 -2.7997 1.4439 12.1956 -7.9092 -5.3181
Car -1 -1 -5.0860 418.3228 182.7640 529.9353 239.9956 1.3985 1.7238 4.1341 -4.0287 1.7115 20.6033 -5.2773 -5.4633
Car -1 -1 -7.8738 416.5733 182.7642 499.6984 256.2220 1.3665 1.5960 3.7931 -3.4535 1.6138 15.9985 -8.0837 -5.5364
Car -1 -1 -6.7278 0.0000 0.0000 65.2967 374.0000 1.6149 1.7305 3.9686 -4.0998 1.5564 2.0909 -7.7744 -5.5790
Car -1 -1 -4.5486 321.0244 180.7019 423.2851 247.1199 1.3905 1.6995 4.2569 -5.7812 1.6087 17.8617 -4.8578 -5.5804
Car -1 -1 -5.8627 203.6288 153.4500 277.7799 175.9537 1.3976 1.6054 3.8642 -23.3833 0.1922 45.7101 -6.3332 -5.6334
Car -1 -1 -4.9270 249.1920 178.9211 402.4032 285.0013 1.5672 1.7644 3.8825 -5.2938 1.6939 13.0022 -5.3071 -5.7824
Car -1 -1 -4.7224 334.5942 180.4421 431.2304 264.0961 1.3922 1.6168 4.0514 -4.6454 1.5682 14.5797 -5.0263 -5.8499
Car -1 -1 -5.7869 1241.0000 182.1122 1241.0000 374.0000 1.5291 1.6114 3.9646 6.1820 1.5920 2.9299 -4.6974 -5.8867
Car -1 -1 -4.3696 0.0000 182.3812 0.0000 266.9774 1.4514 1.6303 4.0639 -15.8782 1.6787 15.0538 -5.1728 -5.8867
Car -1 -1 -4.0892 0.0000 182.3430 11.3723 277.1936 1.5001 1.7107 4.5111 -14.3240 1.7181 14.2443 -4.8680 -5.9634
Car -1 -1 -3.6777 0.0000 180.5931 193.0880 267.8675 1.5277 1.6017 4.1216 -11.3126 1.7145 15.2321 -4.3083 -6.0053
Car -1 -1 -6.6976 665.5231 238.6482 1241.0000 374.0000 1.3096 1.4308 3.3918 1.9935 1.7445 4.0331 -6.2689 -6.0054
Car -1 -1 -6.8970 0.0000 101.2907 0.0000 374.0000 1.5121 1.6717 4.1988 -5.7609 1.3883 3.3820 -7.9019 -6.0770
Car -1 -1 -4.7457 263.1503 179.8107 368.4868 270.5388 1.6669 1.8933 4.1637 -6.5807 1.8419 15.8944 -5.1329 -6.2774
Car -1 -1 -5.5402 0.0000 180.6470 41.0720 308.4997 1.5990 1.8901 4.7997 -11.3831 1.7222 10.2950 -6.3628 -6.3785
Car -1 -1 -7.1144 72.7727 210.1355 858.1257 374.0000 1.4888 1.4950 3.9858 -0.2264 1.7875 3.7663 -7.1744 -7.0627
