Car -1 -1 -4.9144 695.4437 181.7173 827.0879 270.5738 1.4170 1.6287 4.0822 2.6903 1.6135 13.9705 -4.7290 7.7950
Car -1 -1 -4.5239 383.9502 181.2246 501.1196 264.1316 1.4426 1.6663 3.5459 -3.3227 1.6339 14.7157 -4.7429 7.4925
Car -1 -1 -7.9948 672.7068 176.5258 748.2067 234.5575 1.4419 1.5598 3.4430 2.6279 1.5516 19.8780 -7.8660 7.0628
Car -1 -1 -4.8309 658.5397 174.0740 719.0903 220.1100 1.4460 1.5790 3.9717 2.5757 1.4910 24.7688 -4.7291 5.0407
Car -1 -1 -4.0280 0.0000 183.5290 305.6591 374.0000 1.5447 1.6410 4.3447 -3.3313 1.6315 3.7008 -4.7260 4.2038
Car -1 -1 -8.4624 863.5123 200.6297 1241.0000 374.0000 1.3882 1.5825 3.7356 2.6711 1.5989 3.6049 -7.8640 4.1844
Car -1 -1 -6.6380 773.2780 169.9084 861.5397 200.4128 1.5641 1.7344 4.1228 10.8483 1.4127 38.0238 -6.3625 2.2669
Car -1 -1 -3.0700 592.7313 165.7244 651.5753 190.4638 1.9508 1.7379 4.6155 0.9766 1.3883 57.9648 -3.0536 0.8696
Car -1 -1 -6.0720 515.5334 167.5994 570.7517 189.2285 1.7260 1.7672 4.1969 -5.4418 1.3064 58.7044 -6.1644 -0.3235
Car -1 -1 -5.3037 714.3973 170.8912 766.0679 194.2770 1.6336 1.6631 4.1613 9.4152 1.4962 52.6411 -5.1281 -1.6717
Car -1 -1 -7.9170 748.8186 164.6390 773.6401 185.9133 1.6434 1.6871 4.0039 12.0597 1.0085 57.8392 -7.7127 -2.4561
Car -1 -1 -2.8424 562.9785 172.0914 633.3206 199.7184 1.6161 1.6725 3.9281 -0.7384 1.5712 43.5578 -2.8597 -2.8894
Car -1 -1 -6.8744 683.1377 167.8503 732.5475 187.8378 1.4819 1.5934 3.4238 7.4265 1.1106 54.9669 -6.7410 -3.2200
Car -1 -1 -7.6988 558.1653 166.2119 586.6423 188.3600 1.7621 1.7331 4.1179 -3.0897 1.2334 59.5442 -7.7507 -3.4800
Car -1 -1 -7.6809 462.7608 165.1051 494.5545 187.4940 1.8102 1.8938 4.4018 -10.9974 1.1834 60.5435 -7.8600 -3.8222
Car -1 -1 -5.0784 638.3979 173.9411 682.5471 200.9394 1.5193 1.5059 3.3034 2.8986 1.5858 42.5484 -5.0113 -3.9823
Car -1 -1 -4.7883 776.1140 169.6332 812.4284 199.6872 1.6069 1.6540 4.2246 10.3267 1.4344 40.8003 -4.5425 -4.1372
Car -1 -1 -4.7404 555.0729 172.9954 578.7181 195.5364 1.6169 1.6432 3.9811 -3.2769 1.6276 53.8391 -4.8013 -4.2261
Car -1 -1 -4.8618 539.5828 172.2340 573.2740 199.8259 1.6462 1.5835 3.4903 -3.4060 1.6089 44.9273 -4.9374 -4.2899
Car -1 -1 -8.1363 774.4956 165.0513 821.0720 192.3600 1.6104 1.6801 4.1627 11.5209 1.1500 44.6565 -7.8857 -4.3448
Car -1 -1 -7.6722 722.2480 175.9370 757.0195 199.7376 1.4196 1.5271 3.6779 8.1828 1.6224 45.5414 -7.4959 -4.4525
Car -1 -1 -5.7555 691.5060 172.2344 800.8798 213.3327 1.5408 1.5952 4.0611 5.3710 1.5173 28.9783 -5.5746 -4.8755
Car -1 -1 -4.5913 0.0000 0.0000 1241.0000 374.0000 1.4135 1.5627 4.0189 -0.6429 1.3458 2.1982 -4.8492 -5.2214
Car -1 -1 -4.6086 734.0767 171.3304 809.0712 232.2621 1.5300 1.6589 4.0427 4.5815 1.4914 20.2978 -4.3904 -5.2599
Car -1 -1 -5.0239 660.2578 167.8191 718.9401 198.0533 1.5571 1.8363 4.6907 4.2498 1.2975 39.6440 -4.9183 -5.2666
Car -1 -1 -4.9270 579.5083 175.8902 626.7150 207.5627 1.5411 1.5972 4.2079 -0.4608 1.7091 37.7649 -4.9396 -5.3187
Car -1 -1 -6.6198 1099.8308 131.7418 1235.5277 176.0904 1.6362 1.7293 3.8089 21.4865 0.1191 28.0294 -5.9707 -5.4336
Car -1 -1 -4.1484 66.3053 174.6225 197.8480 229.5095 1.5581 1.6528 3.7456 -14.7708 1.6175 22.4859 -4.7244 -5.4625
Car -1 -1 -4.6605 671.4616 172.7720 712.7499 205.7156 1.4327 1.7016 4.1660 3.8335 1.4288 33.5732 -4.5482 -5.4741
Car -1 -1 -4.9474 545.6541 178.4051 592.5236 208.8947 1.4694 1.5583 3.9294 -2.2274 1.7749 37.6457 -5.0067 -5.7323
Car -1 -1 -8.8737 0.0000 0.0000 1020.4075 374.0000 1.4872 1.5682 3.8111 1.0784 1.5379 0.6910 -8.0473 -5.7976
Car -1 -1 -4.7700 656.8184 172.6259 698.6934 214.8646 1.6871 1.5415 3.7702 2.7868 1.6777 30.7284 -4.6810 -5.8211
Car -1 -1 -6.1637 749.0042 172.1752 805.4188 192.2104 1.4406 1.5631 3.9019 12.3202 1.3915 53.2783 -5.9380 -5.8723
Car -1 -1 -4.2490 481.9743 175.2214 548.7955 206.1451 1.4617 1.6605 4.2131 -4.7747 1.5893 36.7150 -4.3778 -5.8791
Car -1 -1 -4.0916 0.0000 138.3806 0.0000 374.0000 1.5020 1.6383 4.0601 -5.1378 1.4876 2.4800 -5.1695 -5.8867
Car -1 -1 -4.8419 697.0574 173.4225 738.2788 202.0493 1.3760 1.5660 3.9100 5.3845 1.4062 36.7267 -4.6979 -5.8867
Car -1 -1 -5.2700 710.4813 172.0309 781.6765 201.7278 1.4220 1.5885 4.1626 6.8154 1.3823 36.7781 -5.0886 -5.9542
Car -1 -1 -2.4335 419.7931 169.9707 514.0652 207.1488 1.6580 1.6919 4.2796 -6.7959 1.5291 33.9622 -2.6299 -5.9716
Car -1 -1 -8.0344 638.9617 162.8851 666.8395 186.3207 1.8563 1.6131 3.8275 3.4561 1.0664 59.1501 -7.9766 -6.0473
Car -1 -1 -4.6946 558.6534 173.9143 582.1749 197.0947 1.4702 1.4934 3.8326 -2.6283 1.5431 47.8840 -4.7495 -6.1024
Car -1 -1 -5.6579 1112.8951 183.7681 1241.0000 374.0000 1.5163 1.5142 3.8195 4.9781 1.6072 4.0571 -4.8066 -6.2256
Car -1 -1 -7.2699 0.0000 175.9066 76.9126 374.0000 1.4042 1.4700 3.5392 -5.7480 1.4345 5.3494 -8.0663 -6.3513
Car -1 -1 -4.1696 0.0000 182.1682 303.2408 325.1180 1.3409 1.6391 3.8350 -5.4975 1.4808 8.9395 -4.7081 -6.4566
