Car -1 -1 -4.4027 206.9127 194.0967 438.5942 345.1395 1.4089 1.6051 3.5533 -3.3673 1.7280 9.0443 -4.7505 7.5755
Car -1 -1 -8.0512 687.6057 184.8057 805.1887 270.1461 1.4154 1.5639 3.5230 2.4985 1.6807 14.2493 -7.8822 7.4016
Car -1 -1 -5.0333 739.7534 193.2700 1017.2091 368.0424 1.4084 1.6391 3.9140 2.6406 1.6975 8.2514 -4.7354 7.3528
Car -1 -1 -4.8549 666.8525 180.5740 748.9604 243.6564 1.4581 1.5876 3.7677 2.4268 1.6819 19.0408 -4.7310 5.8338
Car -1 -1 -3.4965 711.9973 176.3984 810.8135 211.5482 1.4893 1.5330 3.9832 6.6087 1.6507 31.8463 -3.2943 4.7074
Car -1 -1 -2.8641 499.7691 181.3499 552.3854 202.5940 1.5024 1.6165 3.5300 -6.1727 2.1386 52.9749 -2.9799 0.2838
Car -1 -1 -2.8676 393.1397 178.4402 456.8485 203.5923 1.8301 1.7395 4.2941 -13.7956 2.2537 53.8305 -3.1177 0.0111
Car -1 -1 -4.9649 606.6105 176.0125 650.4330 203.3910 1.4622 1.5733 3.8335 0.9655 1.6506 41.0524 -4.9420 -0.7825
Car -1 -1 -7.6250 1102.4617 160.3477 1154.9677 186.0986 1.4110 1.6233 3.8756 29.7683 0.7254 41.4253 -7.0053 -1.0844
Car -1 -1 -2.6548 490.5475 176.9135 543.8975 200.8274 1.6505 1.5628 3.4537 -6.6598 1.9480 51.5915 -2.7829 -2.0163
Car -1 -1 -4.8105 577.3129 176.2785 615.5999 206.0627 1.5019 1.6520 4.2556 -0.8257 1.6977 39.1034 -4.8320 -2.0799
Car -1 -1 -3.0876 585.3176 175.7145 637.8708 201.7915 1.8541 1.7394 3.7363 0.1137 2.0658 52.4881 -3.0859 -2.3848
Car -1 -1 -6.9210 836.6089 171.5467 905.4579 196.2158 1.4819 1.6257 3.7879 16.1151 1.4031 44.6714 -6.5772 -2.3910
Car -1 -1 -4.2844 426.7196 179.1005 473.4738 203.7560 1.6384 1.6562 4.1831 -11.3368 2.1013 51.2899 -4.5012 -2.4753
Car -1 -1 -5.8188 469.5020 180.2136 526.5751 203.3673 1.5073 1.6043 3.4883 -7.6406 2.0209 49.0916 -5.9728 -3.1081
Car -1 -1 -5.9945 796.4342 167.8794 877.1065 198.1424 1.5567 1.6697 3.8312 12.1586 1.3005 38.8745 -5.6939 -3.4419
Car -1 -1 -7.7150 769.8483 181.7531 834.2758 233.3562 1.3933 1.4700 3.1885 5.8181 1.6840 21.8416 -7.4587 -3.4510
Car -1 -1 -4.4573 719.1420 180.0846 808.1461 240.8822 1.4097 1.5321 3.2172 4.0493 1.6170 18.9358 -4.2506 -3.5868
Car -1 -1 -7.7181 520.8055 180.8350 552.5010 204.1727 1.4667 1.6277 3.7752 -4.9291 2.0248 48.5710 -7.8192 -4.0166
Car -1 -1 -7.7782 705.2385 173.3685 738.9207 200.4314 1.4488 1.6164 3.5495 6.3070 1.4788 40.6113 -7.6257 -4.1436
Car -1 -1 -6.3184 1059.4034 164.3033 1241.0000 253.5716 1.3946 1.5070 3.2094 9.8581 1.2607 12.8089 -5.6738 -4.7566
Car -1 -1 -7.7119 744.4349 178.8194 809.3487 232.5715 1.6035 1.6171 3.5793 5.5472 1.8171 23.9197 -7.4874 -5.1685
Car -1 -1 -4.8122 685.4861 178.3635 736.9344 217.8703 1.4246 1.6201 3.7497 3.8780 1.6560 28.4494 -4.6787 -5.3382
Car -1 -1 -4.7933 758.5426 175.8705 803.9084 211.8707 1.3018 1.4319 3.3878 6.5841 1.4267 28.1703 -4.5665 -5.5696
Car -1 -1 -4.7708 469.9526 184.0173 515.4155 220.2469 1.4036 1.7099 4.1468 -5.2267 1.9253 31.5270 -4.9343 -5.5999
Car -1 -1 -4.5818 0.0000 174.7239 15.1891 202.9703 1.7969 1.7817 3.6552 -41.1748 1.9267 48.1868 -5.2863 -5.6688
Car -1 -1 -3.0076 746.2760 168.9948 828.0809 200.1127 1.5914 1.7189 4.0420 9.4028 1.3937 38.4339 -2.7699 -5.7177
Car -1 -1 -4.6821 723.8665 174.6236 773.1623 218.7789 1.4434 1.6064 4.1460 4.9889 1.5122 25.9605 -4.4949 -5.7644
Car -1 -1 -5.7770 0.0000 0.0000 1241.0000 374.0000 1.5112 1.6115 3.9626 3.7630 1.5295 1.7168 -4.6977 -5.8867
Car -1 -1 -7.5637 152.3650 0.0000 1241.0000 374.0000 1.5500 1.5922 3.8059 -0.4941 1.6328 1.0027 -7.9392 -5.8867
Car -1 -1 -2.5875 0.0000 178.5388 24.0442 324.5806 1.6211 1.7266 4.4588 -10.9078 1.7077 9.5728 -3.4240 -6.0627
Car -1 -1 -5.4121 674.4219 180.0611 795.3845 228.5251 1.3499 1.5832 3.9409 3.7940 1.5984 22.8186 -5.2502 -6.4775
Car -1 -1 -4.3153 400.5152 179.4112 442.3109 202.2131 1.6781 1.7226 4.0709 -14.7317 2.2104 56.4674 -4.5697 -6.5784
