Car -1 -1 -4.3716 158.3092 196.3326 425.0636 361.9235 1.3700 1.6037 3.5501 -3.3784 1.6980 8.2840 -4.7486 7.7677
Car -1 -1 -5.0587 749.8210 193.7638 1078.5759 374.0000 1.4065 1.6381 3.9981 2.6307 1.6804 7.4474 -4.7329 7.7606
Car -1 -1 -8.0580 692.1382 184.3595 817.9609 276.4071 1.4292 1.5493 3.5316 2.4944 1.6715 13.4339 -7.8794 6.9932
Car -1 -1 -4.8591 669.2865 179.0255 755.4023 245.2294 1.4681 1.5813 3.7512 2.4254 1.6400 18.2422 -4.7299 5.6032
Car -1 -1 -3.5102 697.4768 174.3952 805.4301 212.3164 1.5586 1.5905 4.2509 5.9869 1.6268 30.9130 -3.3212 4.6341
Car -1 -1 -7.6907 586.3873 175.6303 618.2391 201.8722 1.8277 1.6900 4.1205 -0.5511 2.0391 52.8754 -7.7016 -0.5458
Car -1 -1 -8.2258 1101.2437 155.4918 1164.1506 182.3034 1.4384 1.6102 3.7353 29.3725 0.5066 40.7185 -7.6043 -0.5947
Car -1 -1 -6.0452 587.5793 179.8367 669.1422 213.1113 1.5852 1.6446 3.8120 0.8981 1.9477 36.2015 -6.0212 -1.2489
Car -1 -1 -5.9400 385.6912 180.2165 443.0537 205.0472 1.7745 1.6779 3.7303 -14.4079 2.3264 53.1324 -6.2039 -1.4229
Car -1 -1 -3.0083 499.1548 179.4021 554.8962 201.6478 1.5719 1.7034 3.8295 -6.0239 2.0551 52.3948 -3.1226 -1.6589
Car -1 -1 -4.8403 414.5673 178.1574 445.5234 204.3079 1.6931 1.5994 3.7130 -12.4222 2.0719 49.5559 -5.0851 -2.7790
Car -1 -1 -7.7236 561.5655 178.9331 601.9579 208.8097 1.4579 1.6340 3.9330 -1.4761 1.7955 38.0700 -7.7626 -2.8641
Car -1 -1 -7.9406 881.0753 168.5620 926.0173 202.6313 1.5402 1.6370 4.0578 14.0482 1.3459 34.7980 -7.5602 -3.6869
Car -1 -1 -7.8029 387.4684 164.2718 412.5379 187.8710 1.8835 1.7808 4.2256 -17.4047 1.1983 59.8486 -8.0849 -3.8481
Car -1 -1 -4.3203 452.3421 176.3138 499.2390 202.9176 1.6716 1.6320 4.0882 -8.9147 1.9122 48.0705 -4.5031 -4.1910
Car -1 -1 -2.5555 488.0906 176.2462 544.8976 200.0414 1.6117 1.6178 3.6912 -6.6246 1.8577 50.8515 -2.6847 -4.2449
Car -1 -1 -8.1770 780.3151 177.3812 856.0344 218.7901 1.4442 1.6108 3.8538 7.8074 1.6292 27.5603 -7.9044 -4.3636
Car -1 -1 -7.8578 381.4658 169.0408 402.5540 187.7140 1.7667 1.9181 4.4936 -21.3816 1.4056 70.6932 -8.1506 -4.5704
Car -1 -1 -4.2151 0.0000 193.6615 109.2828 243.2629 1.4274 1.4899 3.6437 -18.6852 2.1827 24.2850 -4.8658 -4.6211
Car -1 -1 -6.1522 807.5886 173.2573 892.2514 203.2102 1.4989 1.6245 4.0304 12.5072 1.5206 37.7566 -5.8351 -4.7980
Car -1 -1 -4.6098 848.0447 166.9148 892.8201 202.2212 1.6360 1.7336 3.4202 12.7550 1.3605 35.3501 -4.2665 -5.0911
Car -1 -1 -5.6476 836.2973 177.1392 952.4896 221.1027 1.3938 1.5275 3.5445 9.7797 1.5542 25.1518 -5.2812 -5.1659
Car -1 -1 -4.8630 686.1996 179.8012 764.4252 229.2637 1.3505 1.7355 4.3143 3.4252 1.5874 22.4666 -4.7144 -5.1962
Car -1 -1 -4.5904 753.9807 182.9634 824.4140 244.7524 1.3953 1.3912 3.2988 4.6488 1.6817 18.6681 -4.3509 -5.2943
Car -1 -1 -4.9341 751.7336 179.1948 815.4630 220.3355 1.4224 1.5277 3.8169 6.4746 1.6802 27.4507 -4.7055 -5.3359
Car -1 -1 -7.0358 815.8287 176.6197 941.7675 216.0115 1.3948 1.6177 4.6657 10.2212 1.5467 27.5197 -6.6841 -5.4450
Car -1 -1 -4.4916 445.3685 186.6304 509.5622 226.7500 1.4619 1.7319 4.1942 -5.4421 2.0730 29.8872 -4.6707 -5.4513
Car -1 -1 -5.0025 675.5186 178.0042 752.3044 216.7912 1.3583 1.7327 4.4880 3.9116 1.5764 28.2428 -4.8669 -5.5423
Car -1 -1 -4.6221 127.7311 194.9997 240.0801 275.2169 1.3460 1.6700 4.3282 -9.1439 1.8986 15.7002 -5.1425 -5.7343
Car -1 -1 -5.7020 1065.3287 132.1428 1241.0000 374.0000 1.4423 1.5695 4.1360 3.7176 1.4195 2.5150 -4.7791 -5.8016
Car -1 -1 -6.7513 681.9942 175.6752 801.0114 216.7365 1.3624 1.5635 3.8335 4.5702 1.4665 25.4204 -6.5760 -5.8569
Car -1 -1 -3.6403 0.0000 188.9471 14.8781 374.0000 1.5043 1.6075 3.9601 -4.2706 1.5959 2.1277 -4.6977 -5.8867
Car -1 -1 -8.9995 0.0000 0.0000 1241.0000 374.0000 1.5370 1.5904 3.8042 2.3075 1.5523 0.9961 -7.9398 -5.8867
Car -1 -1 -4.0210 29.2705 182.1105 173.8189 234.6672 1.5019 1.6147 4.0411 -16.3684 1.8290 23.4363 -4.6255 -5.8867
Car -1 -1 -7.1467 52.1277 0.0000 1241.0000 374.0000 1.5409 1.5872 3.8026 -1.2975 1.6142 1.0048 -7.9391 -5.8867
Car -1 -1 -8.1634 0.0000 0.0000 853.1165 374.0000 1.5413 1.5879 3.8033 0.3103 1.5963 1.0049 -7.9392 -5.8867
Car -1 -1 -5.9100 0.0000 0.0000 1241.0000 374.0000 1.4981 1.6065 3.9579 5.3707 1.4688 1.7174 -4.6977 -5.8867
Car -1 -1 -8.6751 757.7656 170.6382 831.4998 199.8592 1.4793 1.5848 3.7248 9.7608 1.3668 38.5217 -8.4291 -6.4265
Car -1 -1 -4.5037 0.0000 183.5255 27.3619 374.0000 1.4405 2.0202 5.1016 -7.6717 1.5896 7.4128 -5.2882 -6.4866
Car -1 -1 -7.6712 396.5874 170.0425 422.0143 186.0989 1.5409 1.7308 3.9449 -19.8106 1.2708 71.2836 -7.9415 -6.4967
Car -1 -1 -4.2090 338.8624 182.9066 385.8346 203.4266 1.4106 1.6164 3.9138 -18.4006 2.1872 53.6944 -4.5380 -6.5552
Car -1 -1 -5.0041 385.4232 176.0168 426.0918 203.4100 2.0032 1.8703 4.2466 -15.7993 2.2566 55.5870 -5.2801 -6.6317
