Car -1 -1 -4.9554 710.0466 183.8667 878.4563 296.5330 1.4182 1.5819 3.9619 2.6453 1.6235 11.4720 -4.7355 7.7982
Car -1 -1 -8.0244 678.8841 178.5452 769.2073 244.2069 1.4026 1.5556 3.4548 2.6018 1.5538 17.4626 -7.8798 7.0624
Car -1 -1 -4.4865 329.0767 184.9501 479.9655 286.4792 1.4170 1.6797 3.5479 -3.3700 1.6532 12.3039 -4.7492 6.9641
Car -1 -1 -3.4070 746.2177 168.6621 839.5962 199.4381 1.4732 1.5020 4.1827 8.8710 1.2722 35.3346 -3.1634 5.4869
Car -1 -1 -4.8325 663.1276 174.6904 728.9954 226.1786 1.4460 1.5441 3.8268 2.5268 1.5074 22.3208 -4.7220 5.0239
Car -1 -1 -2.9205 512.5122 173.2445 569.5759 195.4327 1.6944 1.7082 4.1556 -5.3802 1.7252 56.2487 -3.0158 0.4247
Car -1 -1 -4.3213 0.0000 0.0000 1241.0000 374.0000 1.4506 1.6061 4.2019 -2.9234 1.6645 2.0892 -5.2117 0.1769
Car -1 -1 -3.6684 576.9227 169.2103 639.9677 194.1814 1.7494 1.7256 4.2918 -0.1282 1.4939 52.3788 -3.6712 -0.1541
Car -1 -1 -6.4090 731.0566 163.5039 791.9131 187.2057 1.7542 1.7416 4.3047 11.3566 1.0619 54.4387 -6.2047 -1.7555
Car -1 -1 -7.8564 638.7153 167.7415 660.9077 189.8048 1.6641 1.6726 3.8929 3.0756 1.2782 56.4086 -7.8026 -2.2810
Car -1 -1 -6.1471 557.1753 170.0783 613.9764 193.0426 1.7438 1.7370 4.1998 -1.8936 1.5327 55.8675 -6.1812 -3.1322
Car -1 -1 -5.0168 0.0000 197.4925 653.7015 374.0000 1.4346 1.6001 3.8649 -1.8333 1.6143 3.3317 -5.4888 -3.2679
Car -1 -1 -6.3997 442.1174 175.7613 496.6342 197.5912 1.6104 1.6446 3.9118 -10.7496 1.8371 54.9725 -6.5923 -3.4607
Car -1 -1 -6.2477 535.4600 171.9858 592.9232 199.0531 1.6412 1.6537 3.4833 -2.8373 1.5883 44.6250 -6.3113 -3.6319
Car -1 -1 -4.5314 499.2750 174.7847 531.9817 198.3302 1.6585 1.7164 3.8927 -6.9367 1.8057 53.1383 -4.6610 -4.2453
Car -1 -1 -6.2036 689.4382 173.3477 810.3145 215.4840 1.4099 1.5452 4.0751 4.9023 1.4279 25.4561 -6.0160 -4.4656
Car -1 -1 -2.9536 593.5767 171.3640 660.1083 196.5037 1.5135 1.7073 3.8690 1.0279 1.4235 44.6777 -2.9312 -4.5435
Car -1 -1 -3.2022 656.2772 165.8722 713.4138 192.1788 1.7754 1.6745 3.8086 5.0779 1.3039 49.6090 -3.1011 -4.5990
Car -1 -1 -7.2454 0.0000 169.5051 2.1439 374.0000 1.4626 1.6169 3.5323 -4.6548 1.4561 3.2581 -8.1667 -4.8809
Car -1 -1 -4.9693 485.5918 180.5090 538.0782 213.2373 1.4587 1.5667 4.0191 -4.9029 1.8560 35.3235 -5.1067 -4.9267
Car -1 -1 -8.0518 711.3812 161.3792 744.0364 185.1440 1.7699 1.6875 4.2223 9.0410 0.9150 55.8802 -7.8925 -5.1371
Car -1 -1 -7.9830 437.1772 179.9979 470.8598 206.6969 1.5340 1.5465 3.8854 -9.7272 1.9967 44.6652 -8.1966 -5.1990
Car -1 -1 -6.9727 1241.0000 178.5910 1241.0000 374.0000 1.4912 1.5933 3.9967 7.3741 1.5391 4.7410 -6.0016 -5.3194
Car -1 -1 -7.8753 666.2708 174.7540 714.2547 217.1495 1.5577 1.7701 4.0372 3.0997 1.6387 28.7840 -7.7698 -5.3811
Car -1 -1 -7.2237 0.0000 155.5207 94.6286 192.9138 1.3866 1.6355 3.8113 -22.6675 0.7436 28.6885 -7.8880 -5.3973
Car -1 -1 -8.0648 520.6862 175.3021 564.3662 207.6193 1.5051 1.4451 3.5131 -3.4306 1.6326 35.7826 -8.1602 -5.4543
Car -1 -1 -3.6782 949.1013 176.1839 1241.0000 267.0255 1.4363 1.6136 4.2475 8.2668 1.4972 12.3670 -3.1005 -5.5982
Car -1 -1 -5.1700 675.8386 172.0187 747.0924 205.1194 1.4361 1.6125 4.1016 4.5867 1.3996 33.5060 -5.0356 -5.8553
Car -1 -1 -4.0739 1064.8063 122.4021 1241.0000 374.0000 1.5172 1.6120 3.8617 4.2316 1.3691 2.9501 -3.1578 -5.8867
Car -1 -1 -7.5640 485.6347 175.5857 543.5107 208.7362 1.3767 1.5599 3.7345 -4.2397 1.5060 32.2570 -7.6940 -5.8976
Car -1 -1 -7.7687 337.7356 170.9783 388.8322 209.2151 1.4125 1.5944 3.8047 -9.7828 1.3429 28.6909 -8.0948 -6.4963
