Car -1 -1 -4.9387 704.8868 182.8228 860.4302 284.1848 1.3780 1.5884 4.1436 2.6684 1.5765 12.3059 -4.7312 7.5291
Car -1 -1 -4.4963 350.0410 181.2591 486.9854 275.3778 1.4311 1.6480 3.5083 -3.3533 1.6037 13.0676 -4.7435 7.0667
Car -1 -1 -8.0123 676.8670 175.5951 760.7249 238.9958 1.4381 1.5386 3.4314 2.6015 1.5137 18.2472 -7.8737 6.7727
Car -1 -1 -4.8379 661.8887 173.0129 726.5443 222.7333 1.4573 1.5594 3.8095 2.5609 1.4625 23.0787 -4.7295 5.6822
Car -1 -1 -3.3731 758.4133 166.7915 852.6971 197.4115 1.4972 1.5908 4.3037 9.6978 1.2005 36.1361 -3.1133 4.6136
Car -1 -1 -3.7840 0.0000 186.7072 200.4683 374.0000 1.5436 1.6609 4.1905 -3.3308 1.6260 2.2086 -4.7136 3.3498
Car -1 -1 -8.7490 0.0000 0.0000 1241.0000 374.0000 1.4184 1.6166 3.9770 2.7129 1.5974 1.9243 -7.8655 2.6366
Car -1 -1 -3.0271 594.3837 165.2361 656.0754 190.4786 1.9274 1.8207 4.6370 1.1859 1.3454 56.3081 -3.0065 2.3327
Car -1 -1 -6.0178 478.6396 170.4104 537.7112 190.9070 1.5943 1.6900 4.3493 -8.0811 1.4039 57.2350 -6.1577 -0.7203
Car -1 -1 -4.5569 582.6951 168.6634 613.6512 192.9991 1.7353 1.6820 4.1372 -0.8668 1.4362 53.6163 -4.5733 -0.7705
Car -1 -1 -5.9846 425.1128 169.6599 475.5334 188.8307 1.5165 1.6293 3.6421 -12.8472 1.2635 58.0371 -6.2017 -2.9082
Car -1 -1 -4.8143 534.2856 170.3950 569.4761 201.0479 1.7487 1.7115 3.8227 -3.5574 1.6081 43.1985 -4.8964 -3.0969
Car -1 -1 -1.8039 0.0000 184.3979 147.8294 374.0000 1.4392 1.6107 3.9918 -5.0497 1.5446 4.8628 -2.5808 -3.6077
Car -1 -1 -6.6876 8.1038 190.5800 1241.0000 374.0000 1.4718 1.6262 3.7028 0.2877 1.5718 2.7366 -6.5977 -3.6513
Car -1 -1 -7.3979 545.0114 176.7228 602.8480 208.0217 1.5142 1.6682 3.3738 -1.8527 1.7237 37.2512 -7.4478 -3.6597
Car -1 -1 -6.1342 523.7848 169.1974 580.9547 189.5466 1.5792 1.6708 4.3007 -4.5512 1.2951 56.9780 -6.2139 -4.2862
Car -1 -1 -7.8059 481.2311 153.7844 505.4075 178.9733 2.0431 1.7986 4.4971 -9.8275 0.4960 60.8590 -7.9655 -4.3770
Car -1 -1 -3.4666 0.0000 183.8317 93.7741 320.8911 1.4048 1.5858 4.0174 -9.7729 1.5876 9.8875 -4.2327 -4.4046
Car -1 -1 -3.4744 643.2819 168.6462 721.2732 196.1085 1.5054 1.6504 4.0750 4.0352 1.2745 40.8313 -3.3770 -4.5648
Car -1 -1 -4.2006 438.1415 172.7215 486.4078 195.9540 1.6952 1.7276 4.2744 -11.2193 1.6853 54.9481 -4.4013 -4.6815
Car -1 -1 -3.7980 810.3052 178.8905 907.2411 218.0125 1.4625 1.4710 3.4612 9.8128 1.7121 28.6170 -3.4714 -4.7737
Car -1 -1 -5.8580 535.9337 172.1093 597.0537 195.2327 1.5909 1.6090 4.0154 -3.1112 1.5394 51.1107 -5.9189 -4.8259
Car -1 -1 -5.0378 675.6465 173.4812 755.0182 212.6022 1.3331 1.6626 4.1255 3.7694 1.3581 26.8396 -4.9003 -5.0138
Car -1 -1 -7.8919 1140.5969 193.9127 1241.0000 374.0000 1.3603 1.6990 4.1977 4.4282 1.5499 4.3699 -7.1337 -5.1057
Car -1 -1 -4.5179 669.0915 170.8131 724.8892 204.6734 1.3927 1.6775 4.1959 3.8742 1.3084 31.9314 -4.3987 -5.4593
Car -1 -1 -3.1116 1135.8883 125.9138 1241.0000 177.0918 1.7210 1.6408 3.8025 21.4244 0.1422 26.1270 -2.4300 -5.4819
Car -1 -1 -4.6660 556.4410 172.7503 581.9194 196.5137 1.4644 1.4679 3.6223 -2.6202 1.4577 46.2835 -4.7226 -5.7575
Car -1 -1 -8.0056 759.8970 168.4131 842.6354 231.3624 1.5635 1.5763 4.0532 5.1353 1.4529 20.0137 -7.7586 -5.8556
Car -1 -1 -3.7083 0.0000 183.0575 0.0000 374.0000 1.5018 1.6216 3.9607 -5.8883 1.5718 2.9443 -4.7781 -5.8867
Car -1 -1 -4.7740 701.7844 168.5045 747.5970 206.1367 1.4335 1.5894 3.8926 4.5803 1.2675 29.4946 -4.6219 -5.8867
Car -1 -1 -5.2888 687.9121 168.8827 764.5051 200.4384 1.4442 1.6175 4.2709 5.5591 1.2621 35.3012 -5.1342 -5.9501
Car -1 -1 -4.8373 1241.0000 160.4562 1241.0000 185.8487 1.4851 1.6427 4.0782 41.3217 0.7597 44.3348 -4.0905 -5.9894
Car -1 -1 -4.4753 722.9355 171.3496 782.5154 208.0777 1.4604 1.6466 3.8330 6.1021 1.4003 30.7761 -4.2818 -6.0869
Car -1 -1 -7.7151 0.0000 174.7192 138.1938 374.0000 1.4124 1.5453 3.5391 -5.6517 1.4351 6.9690 -8.3781 -7.1698
