Car -1 -1 -4.9222 688.7998 184.7864 812.6285 269.0730 1.4149 1.6027 4.0585 2.6522 1.6925 14.7516 -4.7489 7.0731
Car -1 -1 -4.5305 395.1439 184.5786 505.4530 262.2952 1.4224 1.6795 3.5878 -3.3601 1.7046 15.5705 -4.7404 7.0004
Car -1 -1 -8.3722 832.7017 204.5980 1241.0000 374.0000 1.3594 1.5908 3.8235 2.6881 1.6370 4.4046 -7.8548 5.9921
Car -1 -1 -7.9865 669.8356 181.0695 741.6685 235.8656 1.4026 1.5638 3.5507 2.6210 1.6593 20.7863 -7.8637 5.5744
Car -1 -1 -4.8147 658.2318 177.9720 714.1064 223.2359 1.4580 1.5680 3.7370 2.5769 1.6521 25.5365 -4.7160 5.1015
Car -1 -1 -4.0937 0.0000 184.4754 339.2953 374.0000 1.5737 1.6636 4.1718 -3.3153 1.6776 4.3820 -4.7132 4.0962
Car -1 -1 -7.9302 785.5887 176.1108 821.6777 204.1294 1.4441 1.6079 3.9083 10.5745 1.6325 39.7378 -7.6724 1.6414
Car -1 -1 -2.7247 546.3018 173.5335 614.5044 199.9266 1.5785 1.7207 3.8591 -1.8655 1.6217 44.7369 -2.7666 0.2010
Car -1 -1 -3.0364 590.5985 174.6538 642.6898 196.7646 1.7640 1.7656 4.0874 0.5390 1.9132 58.8534 -3.0277 -1.4755
Car -1 -1 -7.6041 635.6133 174.9116 668.7218 196.7167 1.5612 1.6121 3.7121 3.1648 1.7208 54.0529 -7.5464 -1.7805
Car -1 -1 -7.6662 434.2550 171.0249 461.4871 189.3132 1.5077 1.6139 3.5962 -13.7657 1.3566 61.3057 -7.8864 -2.3938
Car -1 -1 -4.3169 620.6414 171.4207 667.7258 196.0753 1.5557 1.6303 4.1844 2.2804 1.4649 47.7683 -4.2699 -2.4353
Car -1 -1 -8.0785 777.6100 167.9428 809.2537 187.6037 1.5337 1.6298 3.9374 14.7434 1.1502 58.2697 -7.8321 -3.2005
Car -1 -1 -7.5844 449.0077 167.7662 482.4231 188.4914 1.7044 1.7273 4.2341 -12.2778 1.2857 61.5129 -7.7809 -3.3286
Car -1 -1 -6.9111 767.9256 167.8745 843.7662 193.3981 1.5247 1.7596 4.3293 12.0950 1.2269 44.6981 -6.6488 -3.7556
Car -1 -1 -5.0909 648.5808 176.5581 696.3344 203.9195 1.5647 1.6126 3.7379 3.7075 1.7999 43.8337 -5.0075 -3.7561
Car -1 -1 -6.4166 1097.7549 143.7254 1241.0000 199.9589 1.6251 1.6217 3.6975 17.4431 0.7830 22.4745 -5.7630 -3.9563
Car -1 -1 -7.8671 627.9059 178.3764 660.2545 208.9746 1.4803 1.5947 3.6806 1.6983 1.7809 37.4454 -7.8227 -4.2853
Car -1 -1 -7.6999 808.2709 174.0087 855.1214 204.9603 1.5755 1.8253 4.1569 12.0431 1.6415 39.1645 -7.4042 -4.3486
Car -1 -1 -4.3308 489.1197 180.9453 557.0016 214.0866 1.4362 1.6809 4.5427 -4.1481 1.8538 34.8574 -4.4489 -4.4830
Car -1 -1 -5.8788 592.9199 175.7216 677.4796 204.5468 1.6432 1.7012 4.7835 1.4613 1.8220 43.2704 -5.8458 -4.6992
Car -1 -1 -4.7424 570.3451 178.6834 603.0370 211.1360 1.6123 1.6186 3.7753 -1.3232 1.9385 38.4794 -4.7772 -4.9778
Car -1 -1 -2.5348 545.5635 176.6812 599.6896 198.5692 1.5574 1.6476 3.7444 -2.8172 1.8504 53.6146 -2.5875 -5.1870
Car -1 -1 -4.6019 663.1073 176.9867 704.6876 206.5047 1.4054 1.6984 4.0412 3.8131 1.6300 37.1117 -4.5009 -5.1917
Car -1 -1 -4.7075 676.4471 176.5640 716.3505 209.3280 1.3699 1.6891 4.1656 3.8892 1.5496 32.8302 -4.5912 -5.3883
Car -1 -1 -4.9068 722.9065 172.7777 773.6907 202.9069 1.5233 1.7709 4.7940 7.3307 1.5191 38.8849 -4.7223 -5.6241
Car -1 -1 -4.8846 0.0000 111.6799 1241.0000 374.0000 1.4068 1.5598 3.9427 -0.3095 1.3918 2.2865 -5.0092 -5.6790
Car -1 -1 -8.9121 0.0000 0.0000 1241.0000 374.0000 1.4505 1.5417 3.6392 1.0551 1.5068 0.2619 -7.8279 -5.7991
Car -1 -1 -7.3878 473.1196 173.3512 542.7365 214.2260 1.5662 1.4598 3.3692 -4.1547 1.5875 29.5209 -7.5269 -6.1246
