Car -1 -1 -4.0943 112.2358 179.7796 583.9164 374.0000 1.5706 1.6612 4.2229 -1.8545 1.6543 6.4799 -4.3640 7.1833
Car -1 -1 -5.5932 889.5010 204.0139 1241.0000 374.0000 1.4248 1.5736 3.6568 2.3332 1.5920 1.9903 -4.7996 4.3391
Car -1 -1 -5.6323 128.6640 169.6741 218.1232 204.3561 1.7003 1.6510 3.5991 -22.0222 1.5441 36.3918 -6.1735 -3.5368
Car -1 -1 -6.9538 0.0000 193.9210 200.8886 374.0000 1.4702 1.5363 3.4697 -2.9141 1.5785 1.9741 -7.8669 -4.1152
Car -1 -1 -7.6031 207.5810 163.5873 254.5171 189.8589 1.6128 1.7549 3.8846 -24.3278 1.0436 46.3861 -8.0839 -4.2243
Car -1 -1 -5.1734 1069.5426 188.1718 1241.0000 374.0000 1.4100 1.5932 3.8116 4.4264 1.5507 4.5950 -4.4389 -4.2298
Car -1 -1 -5.7771 0.0000 192.4534 49.1264 374.0000 1.5128 1.5884 3.9278 -5.3404 1.6480 3.4012 -6.7446 -4.3159
Car -1 -1 -7.6498 251.8622 145.8821 298.2385 175.6644 1.6476 1.6906 3.8697 -19.4630 0.1552 41.9917 -8.0814 -4.4915
Car -1 -1 -7.9960 0.0000 3.6009 1241.0000 374.0000 1.4430 1.5799 3.6062 -0.2984 1.4333 1.9907 -8.1320 -4.7108
Car -1 -1 -5.5960 35.8384 155.2298 117.5346 184.1854 1.5589 1.5461 3.4132 -29.3503 0.6098 39.7098 -6.2294 -4.7486
Car -1 -1 -2.9406 609.1592 175.4537 709.8337 214.0069 1.5345 1.6000 3.9646 2.0445 1.6476 30.1890 -2.8742 -4.7540
Car -1 -1 -5.9930 418.0643 176.2388 503.0514 207.2556 1.4664 1.5728 3.7756 -7.3083 1.6359 35.2659 -6.1962 -4.7588
Car -1 -1 -7.8727 1000.3655 162.8441 1047.1663 204.3762 1.6630 1.6422 3.7509 17.6279 1.2619 30.9310 -7.3591 -4.9464
Car -1 -1 -2.2991 0.0000 186.1362 8.5140 251.4128 1.3943 1.5501 3.8463 -16.4711 1.7181 16.6939 -3.0698 -4.9852
Car -1 -1 -2.6653 397.4645 173.2056 547.1705 227.2418 1.3867 1.6113 3.7180 -3.8097 1.3967 19.8349 -2.8531 -5.2003
Car -1 -1 -2.7073 0.0000 183.3320 108.2003 279.5279 1.6308 1.7130 4.2129 -12.5250 1.8538 13.9598 -3.4292 -5.2606
Car -1 -1 -7.5178 438.4448 179.1829 580.3860 270.8829 1.7073 1.7815 4.2740 -2.0982 1.8675 16.0221 -7.6469 -5.4414
Car -1 -1 -7.6807 385.4029 172.0336 524.6938 274.6418 1.4313 1.5921 3.7296 -2.4390 1.4196 11.9487 -7.8786 -5.4558
Car -1 -1 -6.8364 194.7884 176.2110 421.4551 268.9333 1.5742 1.6020 3.9252 -5.9271 1.6507 14.4545 -7.2197 -5.5424
Car -1 -1 -6.7051 0.0000 179.2807 140.1348 260.3351 1.5033 1.5315 3.6336 -12.5862 1.6600 15.6588 -7.3740 -5.6982
Car -1 -1 -4.6453 362.8189 183.0989 445.1788 249.4410 1.3526 1.6297 4.1176 -4.9420 1.6327 17.5655 -4.9163 -5.7349
Car -1 -1 -6.5150 0.0000 0.0000 1241.0000 374.0000 1.5967 1.7536 4.1538 -4.4726 1.6087 1.6921 -7.6701 -5.7615
Car -1 -1 -4.1609 235.4200 187.8574 475.4606 297.1606 1.3246 1.6798 4.0386 -3.8176 1.6082 11.4969 -4.4754 -5.8048
Car -1 -1 -8.1525 1049.6727 175.2437 1241.0000 364.7961 1.3882 1.5898 3.8989 5.8430 1.4195 7.4407 -7.5064 -5.8150
Car -1 -1 -6.8654 0.0000 0.0000 1241.0000 374.0000 1.4864 1.5906 3.9003 -1.3191 1.5196 0.5260 -7.8878 -5.8867
Car -1 -1 -5.6587 1241.0000 174.5756 1241.0000 374.0000 1.5032 1.6032 3.9564 5.7819 1.5165 3.7385 -4.6977 -5.8867
Car -1 -1 -4.5506 381.5147 176.9259 493.9357 257.5426 1.4264 1.6265 3.9257 -3.4730 1.5220 14.9797 -4.7753 -5.8867
Car -1 -1 -7.7225 387.1039 145.6219 427.5889 176.4238 1.6407 1.6646 4.0859 -11.3727 0.1898 40.5726 -7.9941 -5.9448
Car -1 -1 -4.2457 0.0000 184.6364 0.0000 273.5548 1.3917 1.6118 4.3280 -15.1200 1.6613 14.2143 -5.0526 -5.9579
Car -1 -1 -7.9012 0.0000 177.4434 25.0630 349.0582 1.5185 1.8926 4.4320 -8.7116 1.5876 8.7085 -8.6715 -6.1290
Car -1 -1 -8.3048 948.1305 166.2752 1023.1934 206.5775 1.6642 1.4675 3.6145 16.3233 1.3922 31.6168 -7.8324 -6.3554
