Car -1 -1 -4.9045 687.3190 174.8399 812.9993 264.5131 1.4612 1.5906 3.7644 2.4525 1.5039 13.7388 -4.7325 7.0162
Car -1 -1 -8.1410 730.6473 182.1621 954.3284 333.9517 1.4463 1.5428 3.5895 2.5372 1.5843 8.9065 -7.8734 6.6187
Car -1 -1 -3.7743 634.4803 169.0969 758.5211 218.2080 1.5819 1.5998 4.1127 2.9719 1.4606 24.9524 -3.6577 5.1575
Car -1 -1 -5.4504 867.6979 201.8070 1241.0000 374.0000 1.3851 1.6683 4.2154 2.7090 1.5927 3.0292 -4.7686 4.8039
Car -1 -1 -4.0613 0.0000 209.1197 276.5522 374.0000 1.3768 1.6091 3.8556 -3.3135 1.6556 3.5804 -4.7718 3.6039
Car -1 -1 -3.0223 565.9875 174.0319 629.3167 199.1537 1.6037 1.6645 3.9725 -0.8134 1.6821 47.1873 -3.0399 -1.1632
Car -1 -1 -6.0792 493.8836 173.6031 559.6334 198.3618 1.5973 1.7009 4.0525 -5.4986 1.6475 47.6382 -6.1939 -1.8220
Car -1 -1 -2.8474 374.2881 173.3886 435.5480 200.3059 1.7785 1.6904 3.6342 -13.8078 1.8148 48.5866 -3.1232 -1.8734
Car -1 -1 -7.5223 430.3357 173.1271 474.2472 199.8150 1.7454 1.6865 4.1119 -10.7649 1.7646 49.3746 -7.7362 -2.6157
Car -1 -1 -7.9429 783.7926 157.3047 817.1929 186.0464 1.7817 1.7226 4.1406 12.3013 0.8175 46.9125 -7.6882 -3.0243
Car -1 -1 -7.4180 336.6022 171.8130 371.4875 188.5635 1.4950 1.6978 3.4976 -23.4718 1.4018 66.2188 -7.7576 -3.1507
Car -1 -1 -7.6067 365.4312 165.7709 401.1672 188.0872 1.6462 1.7027 3.9039 -17.3297 1.1234 55.2234 -7.9096 -3.6358
Car -1 -1 -4.3994 320.6023 173.1719 364.6392 196.9034 1.5896 1.7053 4.0973 -18.6698 1.6125 50.4683 -4.7523 -4.0208
Car -1 -1 -8.0518 336.1613 173.3714 375.6146 201.1201 1.7436 1.7134 3.9233 -16.8101 1.7789 47.5404 -8.3903 -4.4187
Car -1 -1 -7.9609 860.6492 165.2508 904.2669 198.5856 1.5431 1.5758 3.9073 13.2970 1.1908 35.4881 -7.6055 -4.5257
Car -1 -1 -2.4361 0.0000 198.3856 239.5865 374.0000 1.4243 1.7273 3.8241 -5.5275 1.6699 6.0637 -3.1536 -4.6227
Car -1 -1 -7.7409 253.6030 170.5407 341.9638 242.8569 1.7751 1.7329 4.4706 -8.6010 1.7180 20.0999 -8.1409 -4.7564
Car -1 -1 -4.4519 691.8107 169.9191 780.2059 219.8270 1.3606 1.6350 4.1436 3.8691 1.2803 21.8950 -4.2798 -4.8666
Car -1 -1 -5.1081 711.5182 175.2989 840.7330 237.7938 1.3362 1.6095 4.0422 3.8660 1.4032 17.7292 -4.8975 -4.9192
Car -1 -1 -8.0049 686.1048 173.0404 732.6866 207.5634 1.4633 1.5564 3.4019 4.3549 1.4718 32.3165 -7.8727 -4.9685
Car -1 -1 -7.7853 815.0071 179.5672 850.8368 210.5990 1.3450 1.3880 3.4756 10.4829 1.6780 33.9537 -7.4888 -4.9828
Car -1 -1 -6.8667 0.0000 0.0000 1241.0000 374.0000 1.4354 1.4551 3.3012 -2.0696 1.5882 0.5749 -8.0446 -5.0089
Car -1 -1 -5.4916 303.4022 191.1963 1241.0000 374.0000 1.4230 1.5263 3.3504 0.3293 1.5192 1.9986 -5.3548 -5.0931
Car -1 -1 -5.0097 699.5114 177.7633 761.2209 215.0159 1.3970 1.5658 3.2477 4.7671 1.6073 29.2268 -4.8502 -5.2640
Car -1 -1 -6.1015 1241.0000 86.8701 1241.0000 374.0000 1.5392 1.5871 3.7115 5.0617 1.4477 2.7814 -5.0772 -5.4547
Car -1 -1 -6.8840 871.8157 176.5152 973.7982 207.4937 1.3830 1.5664 4.2268 14.5314 1.5595 33.6727 -6.4802 -5.5529
Car -1 -1 -6.4770 968.0021 152.1044 1056.6456 181.9402 1.6742 1.6931 4.2477 23.2602 0.5096 41.9410 -5.9737 -5.6290
Car -1 -1 -7.3266 267.6963 182.5950 371.6113 229.5928 1.5826 1.7687 4.2189 -10.9446 1.9826 27.4351 -7.7033 -5.7116
Car -1 -1 -7.4114 202.0376 0.0000 1164.9462 374.0000 1.4459 1.5481 3.8175 -0.5050 1.4522 0.6014 -7.9392 -5.8435
Car -1 -1 -3.7852 0.0000 181.1465 0.0000 374.0000 1.4883 1.6181 3.9599 -5.8816 1.5545 3.7820 -4.7518 -5.8867
Car -1 -1 -4.1863 225.4077 180.7594 322.5228 223.2458 1.4552 1.6061 3.8838 -12.7142 1.7779 27.4709 -4.6164 -5.8867
Car -1 -1 -5.5790 957.3995 198.3004 1241.0000 374.0000 1.3526 1.5343 3.4964 4.7010 1.6296 5.9861 -4.9379 -5.9624
Car -1 -1 -5.0702 667.2519 178.2200 739.3682 217.2366 1.4122 1.6270 3.7020 3.5803 1.6398 28.6533 -4.9477 -6.3646
Car -1 -1 -4.9058 863.1212 178.0495 910.3931 211.4863 1.4031 1.3963 3.0934 12.3422 1.6481 32.4280 -4.5456 -7.9084
