Car -1 -1 -8.1199 722.0745 183.0920 920.4496 318.7829 1.4165 1.5354 3.5650 2.5114 1.5779 9.5996 -7.8727 7.1631
Car -1 -1 -4.8898 684.6024 175.8556 802.2238 261.1484 1.4693 1.6204 3.7110 2.4638 1.5368 14.4268 -4.7250 6.4647
Car -1 -1 -5.3195 832.6522 201.2796 1241.0000 374.0000 1.4006 1.5832 4.1450 2.6081 1.6318 3.7743 -4.7518 4.8897
Car -1 -1 -4.1368 0.0000 202.1292 313.7234 374.0000 1.3861 1.5238 3.6541 -3.3249 1.6407 4.4263 -4.7532 4.8706
Car -1 -1 -3.7442 644.7207 169.6447 765.3277 216.8279 1.5967 1.6091 4.1431 3.4077 1.4878 26.0799 -3.6163 4.5138
Car -1 -1 -3.0233 562.6208 176.8707 626.3947 200.5983 1.5323 1.6825 4.0710 -1.0347 1.8049 47.9804 -3.0452 -2.2551
Car -1 -1 -6.1033 377.3445 174.3026 438.3972 201.3402 1.8062 1.6846 3.7781 -13.8058 1.9069 49.3208 -6.3752 -2.5230
Car -1 -1 -6.1174 459.4543 172.6268 523.7426 199.8168 1.7937 1.7560 4.0288 -7.9500 1.7784 48.4851 -6.2794 -2.6476
Car -1 -1 -5.2424 536.3522 174.0480 592.6863 202.4715 1.5947 1.5481 3.9288 -2.7751 1.6685 42.7153 -5.3073 -3.3117
Car -1 -1 -2.8276 791.5994 177.1927 887.7700 212.6956 1.5468 1.5901 3.9815 10.6448 1.7598 33.6760 -2.5245 -3.3199
Car -1 -1 -8.3424 668.0261 176.6197 762.0695 226.0739 1.4236 1.5545 3.3209 3.1980 1.5522 22.8751 -8.2059 -3.3850
Car -1 -1 -7.6844 671.7506 176.4757 719.5656 209.8774 1.4095 1.5497 3.8369 3.9238 1.5849 32.9536 -7.5675 -3.6343
Car -1 -1 -8.2611 692.4583 167.2701 775.0638 208.5315 1.5497 1.6630 4.4725 4.8981 1.3397 29.4705 -8.0985 -3.6518
Car -1 -1 -7.5881 427.0664 175.3742 465.3903 200.0086 1.6243 1.6311 3.8487 -11.3156 1.8053 49.9352 -7.8102 -3.6909
Car -1 -1 -6.2659 622.9731 166.5612 685.4979 194.3195 1.7889 1.7339 4.0356 2.8868 1.3830 47.5193 -6.2060 -3.7774
Car -1 -1 -7.9739 877.4700 186.3259 1045.9598 323.9320 1.4443 1.5439 3.4487 4.5095 1.6623 9.8155 -7.5556 -4.1563
Car -1 -1 -7.7939 627.4883 173.6937 662.8043 203.3349 1.4762 1.6264 4.1473 1.8704 1.5228 38.2050 -7.7458 -4.1648
Car -1 -1 -7.5695 322.3586 172.9901 365.2962 200.9099 1.7799 1.6755 3.7973 -17.6697 1.7890 47.9669 -7.9209 -4.3388
Car -1 -1 -9.2636 0.0000 0.0000 1241.0000 374.0000 1.4367 1.6491 4.2212 3.9222 1.5660 1.0253 -8.0176 -4.4934
Car -1 -1 -6.5351 966.7116 153.6039 1068.2175 185.1715 1.6509 1.7810 4.4904 21.9783 0.6439 39.1651 -6.0270 -4.6270
Car -1 -1 -4.7393 848.9068 173.2699 883.4604 206.2036 1.5013 1.4609 3.2348 12.2370 1.5220 34.6996 -4.4033 -4.7256
Car -1 -1 -8.4327 872.0602 162.5763 941.7841 194.4812 1.4811 1.5550 3.3623 14.4110 1.0037 35.2943 -8.0482 -4.7807
Car -1 -1 -6.8301 0.0000 0.0000 1241.0000 374.0000 1.4428 1.4801 3.2833 -2.5420 1.6276 0.6208 -8.0590 -4.8081
Car -1 -1 -9.3269 0.0000 0.0000 1241.0000 374.0000 1.4072 1.5170 3.4021 1.8022 1.5466 0.3670 -8.1081 -4.8577
Car -1 -1 -4.6246 829.2610 172.9933 860.6868 199.4891 1.4811 1.4701 3.3301 13.7250 1.4893 42.1739 -4.3124 -4.8684
Car -1 -1 -8.5844 866.9651 197.5898 1241.0000 374.0000 1.3673 1.7165 3.6351 3.9215 1.6469 6.2188 -8.0441 -5.0568
Car -1 -1 -2.4428 337.7645 163.5258 403.1250 185.6266 1.6316 1.8971 4.5834 -18.2867 0.9426 54.9978 -2.7625 -5.0734
Car -1 -1 -5.3486 721.8773 174.4521 884.3607 235.6154 1.3541 1.6964 4.3836 4.6945 1.3998 18.4462 -5.1038 -5.0831
Car -1 -1 -5.5577 972.8647 152.5049 1054.2517 182.2463 1.6928 1.6642 4.2123 24.1030 0.5343 43.3307 -5.0530 -5.1712
Car -1 -1 -6.4981 791.4056 162.4697 858.3414 188.8661 1.6553 1.6870 3.8342 13.6866 1.0038 46.2252 -6.2122 -5.1990
Car -1 -1 -7.8351 596.2424 174.0969 632.1904 204.8595 1.4852 1.7455 4.2644 0.2148 1.5526 37.1621 -7.8299 -5.2183
Car -1 -1 -2.8351 449.6120 171.0374 521.0985 199.1213 1.7830 1.8287 4.2349 -8.1224 1.6674 47.0023 -3.0057 -5.3185
Car -1 -1 -8.0591 373.6688 166.2770 405.0615 186.9619 1.8615 1.9006 4.6291 -20.6710 1.2693 67.4194 -8.3558 -5.3820
Car -1 -1 -5.4323 360.5591 210.4523 1241.0000 374.0000 1.3682 1.5211 3.4154 0.2413 1.6177 2.9744 -5.3633 -5.4633
Car -1 -1 -6.7781 0.0000 0.0000 1241.0000 374.0000 1.4905 1.5576 3.8190 -4.1665 1.4931 0.9012 -8.0719 -5.4845
Car -1 -1 -7.9540 443.7505 177.5386 503.9302 227.9083 1.5454 1.6529 3.4157 -4.7024 1.7154 24.3589 -8.1433 -5.5542
Car -1 -1 -4.7110 731.9580 172.0309 783.5630 216.2696 1.2837 1.4770 3.7074 4.6271 1.2595 22.8997 -4.5146 -5.5946
Car -1 -1 -7.3744 247.8533 0.0000 1241.0000 374.0000 1.3928 1.5301 3.6707 -0.8993 1.4253 1.4154 -7.8663 -5.7131
Car -1 -1 -5.6963 1241.0000 127.1368 1241.0000 374.0000 1.4286 1.5278 3.8565 5.4139 1.3912 2.5796 -4.6137 -5.7313
Car -1 -1 -4.0487 288.3445 182.7819 396.3062 226.0319 1.4966 1.6844 4.2773 -10.4164 1.9175 28.3151 -4.3986 -5.7484
Car -1 -1 -3.5145 0.0000 174.9022 0.0000 374.0000 1.4475 1.5856 3.9357 -7.8869 1.4611 2.9384 -4.6978 -5.8867
Car -1 -1 -10.1503 290.9620 0.0000 1200.6354 374.0000 1.5313 1.5555 3.8275 0.2663 1.5660 -0.5191 -7.8398 -5.8867
Car -1 -1 -5.3605 0.0000 0.0000 1241.0000 374.0000 1.5003 1.6068 4.0566 40.2351 0.5300 -0.2942 -3.7896 -5.8867
Car -1 -1 -4.2232 259.1434 179.1315 349.4152 220.2423 1.4614 1.6096 3.8816 -11.9067 1.7245 28.2695 -4.6188 -5.8867
Car -1 -1 -4.0579 0.0000 178.4274 0.0000 374.0000 1.4359 1.5188 3.7247 -5.9422 1.4807 3.8389 -5.0229 -6.0390
Car -1 -1 -7.9881 680.7458 173.6902 776.8969 243.8353 1.6618 1.8906 4.7217 3.0070 1.6869 19.5263 -7.8384 -6.6387
