Car -1 -1 -4.6870 35.7918 152.8959 83.4579 191.0511 1.6391 1.6237 3.8563 -25.1739 0.7814 33.0361 -5.3344 -2.8691
Car -1 -1 -7.6907 724.6205 171.0554 812.0524 234.9258 1.5813 1.7279 4.2267 4.4709 1.5365 20.1470 -7.4761 -2.9079
Car -1 -1 -2.1823 141.8588 179.3002 252.0600 225.9670 1.5978 1.6281 3.8508 -15.3334 1.8499 26.6940 -2.6997 -3.2040
Car -1 -1 -7.7188 157.8153 171.1901 213.0510 210.1967 1.6166 1.5875 3.8968 -18.7962 1.5474 32.0080 -8.2463 -3.5271
Car -1 -1 -3.1445 890.8582 179.2580 1035.8492 236.1345 1.4687 1.5343 3.5581 9.8574 1.6625 20.4122 -2.7009 -3.5364
Car -1 -1 -6.1964 73.9665 184.8204 258.2393 253.9659 1.5508 1.6141 3.8394 -11.1030 1.8798 18.2896 -6.7358 -4.3764
Car -1 -1 -5.6284 422.7075 187.0053 627.1777 270.2724 1.3737 1.5224 3.8188 -1.7577 1.6814 14.0802 -5.7513 -4.3991
Car -1 -1 -6.7785 1076.5533 160.6683 1241.0000 223.7579 1.5899 1.6368 3.9553 14.9785 1.2825 19.3010 -6.1262 -4.5817
Car -1 -1 -2.8515 0.0000 155.8607 64.7448 192.7058 1.6631 1.9146 4.6527 -29.1315 0.8958 34.3727 -3.5509 -4.6190
Car -1 -1 -7.4153 136.6396 182.4020 219.4035 223.1079 1.4941 1.5468 3.4185 -17.3597 1.9023 29.0920 -7.9495 -4.7154
Car -1 -1 -2.6305 300.1259 178.9103 428.5752 235.6323 1.6683 1.5632 3.4809 -7.6838 1.8664 22.5441 -2.9559 -4.7742
Car -1 -1 -3.7703 0.0000 148.7692 67.1703 189.1942 1.6920 1.7699 4.4938 -27.4456 0.6836 32.5944 -4.4662 -4.7860
Car -1 -1 -6.6302 985.4765 151.3636 1057.9456 175.9442 1.4701 1.5911 3.5250 25.1484 0.1845 44.2299 -6.1160 -4.9336
Car -1 -1 -7.1707 23.5408 157.9584 125.1243 192.7995 1.6405 1.7211 4.3493 -26.7568 0.9388 36.1889 -7.8039 -4.9670
Car -1 -1 -7.8537 1130.2551 171.2700 1225.6780 249.1870 1.5983 1.5879 3.8412 13.1144 1.5655 16.8085 -7.2001 -5.1220
Car -1 -1 -2.3810 0.0000 186.3289 26.1428 319.8386 1.4687 1.6563 4.1542 -10.2182 1.6564 9.0997 -3.2095 -5.2603
Car -1 -1 -6.1781 689.5684 181.1644 948.6538 276.6623 1.4787 1.6762 4.2275 3.6508 1.6459 12.9914 -5.9111 -5.2743
Car -1 -1 -2.6251 115.8417 161.0566 208.1330 190.9501 1.5043 1.6002 3.7397 -23.0661 0.9103 37.1744 -3.1773 -5.2861
Car -1 -1 -7.7081 188.6747 180.3176 253.3247 222.7831 1.5595 1.7511 3.9239 -15.7944 1.8854 29.3923 -8.1977 -5.4624
Car -1 -1 -2.4495 273.7867 186.5114 482.2801 271.3584 1.5080 1.5841 3.9678 -4.8036 1.8153 14.7739 -2.7593 -5.4751
Car -1 -1 -6.9853 1241.0000 185.9964 1241.0000 374.0000 1.4321 1.5839 3.7627 6.8824 1.5345 4.3716 -6.0109 -5.6636
Car -1 -1 -5.6504 175.6769 160.8393 273.3795 191.6386 1.5448 1.7428 4.2599 -19.9608 0.9419 37.3598 -6.1382 -5.6676
Car -1 -1 -6.8464 1241.0000 119.6148 1241.0000 374.0000 1.6077 1.7382 3.9285 8.0570 1.2761 5.9736 -5.9370 -5.6866
Car -1 -1 -6.1988 362.0635 137.9120 455.9182 174.5381 1.6176 1.7586 4.0106 -9.1827 0.0741 33.0991 -6.4674 -5.8281
Car -1 -1 -7.7114 258.8085 179.7175 985.6189 374.0000 1.6257 1.6943 4.1626 0.3303 1.6814 3.6778 -7.6324 -5.8311
Car -1 -1 -4.2454 0.0000 182.8463 0.0000 255.3181 1.4707 1.6074 4.0339 -17.9090 1.7415 17.4086 -5.0374 -5.8374
Car -1 -1 -4.0123 1187.8556 137.5088 1241.0000 374.0000 1.4530 1.6075 4.0258 5.3571 1.3372 3.3616 -3.0407 -5.8632
Car -1 -1 -9.1920 0.0000 0.0000 1241.0000 374.0000 1.5125 1.5791 3.7941 3.9147 1.4610 0.9975 -7.9397 -5.8867
Car -1 -1 -5.2847 0.0000 0.0000 1048.5886 374.0000 1.4950 1.6021 3.9572 1.3507 1.5042 1.7198 -4.6976 -5.8867
Car -1 -1 -3.8203 0.0000 189.9268 171.7867 374.0000 1.5032 1.5994 3.9546 -3.8650 1.6194 2.9364 -4.6976 -5.8867
Car -1 -1 -6.9735 0.0000 0.0000 1241.0000 374.0000 1.4749 1.5887 3.8374 -2.0863 1.5021 1.3756 -7.8744 -5.8867
Car -1 -1 -3.5750 0.0000 190.7534 0.0000 374.0000 1.4955 1.5984 3.9528 -6.6821 1.6173 2.9341 -4.6974 -5.8867
Car -1 -1 -5.4819 0.0000 0.0000 1241.0000 374.0000 1.4857 1.6451 3.9869 40.6741 0.5924 0.1282 -3.9214 -5.8867
Car -1 -1 -5.6039 1241.0000 0.0000 1241.0000 374.0000 1.5439 1.6706 4.0285 41.4571 0.7260 3.3302 -4.1202 -5.8867
Car -1 -1 -9.3076 0.0000 0.0000 1241.0000 374.0000 1.5371 1.5855 3.7957 6.3277 1.4362 0.9956 -7.9376 -5.8867
Car -1 -1 -5.0275 825.9017 172.4266 903.3951 213.1325 1.4160 1.5736 3.9204 9.4026 1.4008 27.0714 -4.6970 -5.8867
Car -1 -1 -7.4298 197.9041 177.4021 295.7095 226.6613 1.7726 1.7751 4.4480 -14.3059 1.9670 28.6355 -7.8898 -5.9324
Car -1 -1 -5.4202 0.0000 184.5903 19.0652 294.4717 1.4833 1.8085 4.2924 -11.8769 1.6778 10.9664 -6.2332 -6.2875
Car -1 -1 -6.9264 1054.2131 149.8405 1131.6824 174.1650 1.4357 1.7058 3.5799 29.0684 0.0771 43.5421 -6.3408 -6.4587
Car -1 -1 -3.7720 0.0000 183.4567 16.1209 259.2735 1.7071 1.8526 5.1340 -19.5430 2.0355 19.6819 -4.5471 -6.4996
