Car -1 -1 -6.0517 223.5820 177.8051 360.8330 229.1186 1.5449 1.6224 3.7405 -10.1012 1.7106 23.0691 -6.4605 -3.3641
Car -1 -1 -7.5510 1143.3514 158.7293 1227.9999 199.6946 1.6209 1.7126 3.9120 24.2021 1.0617 30.3598 -6.8829 -3.5894
Car -1 -1 -2.7578 138.5973 169.0883 254.6467 213.5824 1.6413 1.6529 3.4963 -15.8106 1.5021 27.6651 -3.2731 -3.6896
Car -1 -1 -6.7306 1114.9312 160.1073 1241.0000 197.9817 1.6121 1.7031 4.2181 25.1220 1.0693 31.9920 -6.0695 -4.1869
Car -1 -1 -5.3109 1068.5679 169.9418 1150.9310 202.3521 1.5383 1.5821 3.6602 24.8433 1.3998 36.0775 -4.7119 -4.5450
Car -1 -1 -8.0557 1075.1517 167.9305 1140.4781 206.3068 1.5446 1.5732 3.7236 21.2962 1.3461 31.0622 -7.4594 -4.6007
Car -1 -1 -2.8946 0.0000 175.7693 141.8455 237.8801 1.5006 1.7382 4.2834 -15.2236 1.5848 19.2481 -3.5571 -4.9082
Car -1 -1 -6.8355 442.4310 173.8323 597.7144 235.4241 1.5631 1.7237 4.0309 -2.5173 1.5929 20.3045 -6.9580 -5.0395
Car -1 -1 -2.2624 0.0000 188.2414 9.9858 320.8253 1.4745 1.5874 4.0173 -10.2654 1.6878 9.1240 -3.0919 -5.3118
Car -1 -1 -1.7923 0.0000 180.2771 0.0000 374.0000 1.4214 1.5464 4.0465 -7.4502 1.4922 5.3640 -2.7151 -5.4975
Car -1 -1 -3.1170 420.9788 157.9288 477.1074 178.6728 1.4420 1.6591 3.8379 -11.4478 0.4042 51.3400 -3.3354 -5.5375
Car -1 -1 -1.9575 0.0000 178.9916 0.0000 362.7966 1.4258 1.5765 3.8847 -8.3742 1.4973 7.0693 -2.8084 -5.5768
Car -1 -1 -2.2686 0.0000 188.5789 133.9807 374.0000 1.4261 1.5949 4.0155 -5.0677 1.5258 3.7293 -3.1705 -5.6406
Car -1 -1 -3.0035 336.9795 170.9630 438.5415 212.1237 1.5736 1.6437 3.6650 -8.8024 1.5010 28.6847 -3.2991 -5.6434
Car -1 -1 -5.4154 1241.0000 179.8436 1241.0000 374.0000 1.4223 1.5804 4.1495 9.0700 1.5072 6.6015 -4.4952 -5.8031
Car -1 -1 -5.5171 1241.0000 177.2172 1241.0000 370.6310 1.4975 1.5921 4.0139 10.6306 1.5568 7.7666 -4.5956 -5.8443
Car -1 -1 -2.5015 0.0000 167.7456 11.0249 292.2754 1.7507 1.8821 4.0780 -12.4493 1.6786 11.4278 -3.3179 -5.8825
Car -1 -1 -4.3807 96.6024 0.0000 1241.0000 374.0000 1.4935 1.5961 3.9542 -0.6478 1.5297 1.7318 -4.6974 -5.8867
Car -1 -1 -4.6622 1035.3176 169.4194 1058.1364 185.8965 1.5156 1.6627 4.0396 41.4663 1.1994 68.5104 -4.1200 -5.8867
Car -1 -1 -5.8088 1241.0000 181.1108 1241.0000 374.0000 1.5287 1.6046 3.9612 7.3949 1.5894 3.3371 -4.6949 -5.8867
Car -1 -1 -3.5374 0.0000 186.7730 0.0000 374.0000 1.4798 1.5926 3.9492 -8.2968 1.5821 3.3314 -4.6975 -5.8867
Car -1 -1 -9.1982 0.0000 0.0000 1241.0000 374.0000 1.4978 1.5869 3.9019 3.1021 1.5315 0.5264 -7.8857 -5.8867
Car -1 -1 -5.8528 0.0000 0.0000 1241.0000 374.0000 1.5118 1.6061 3.9627 4.5669 1.5311 1.7191 -4.6976 -5.8867
Car -1 -1 -5.9620 1241.0000 84.5597 1241.0000 374.0000 1.4709 1.5914 3.9438 10.2000 1.3546 2.9317 -4.6975 -5.8867
Car -1 -1 -5.6382 0.0000 0.0000 1241.0000 374.0000 1.5209 1.6625 4.0203 41.4588 0.6944 2.1140 -4.1253 -5.8867
Car -1 -1 -5.8946 1241.0000 178.3814 1241.0000 374.0000 1.5210 1.6078 3.9642 6.1822 1.5522 2.1280 -4.6975 -5.8867
Car -1 -1 -5.6843 1241.0000 166.9637 1241.0000 329.5971 1.4833 1.5913 3.9468 13.4197 1.4293 8.5661 -4.6973 -5.8867
Car -1 -1 -5.1400 925.0873 171.6031 993.1432 201.4672 1.4213 1.5780 3.9219 17.4375 1.3615 36.3142 -4.6958 -5.8867
Car -1 -1 -6.5877 0.0000 0.0000 1241.0000 374.0000 1.4863 1.5786 3.8964 -2.9235 1.5654 0.5328 -7.8859 -5.8867
Car -1 -1 -8.5776 0.0000 0.0000 1037.4615 374.0000 1.4936 1.5867 3.9007 0.6901 1.5400 0.5265 -7.8858 -5.8867
Car -1 -1 -6.6469 0.0000 0.0000 1241.0000 374.0000 1.5344 1.5802 3.7987 -4.5117 1.6377 1.0072 -7.9388 -5.8867
Car -1 -1 -3.4012 0.0000 0.0000 1241.0000 374.0000 1.5299 1.6110 3.9615 -7.0792 1.6503 1.7257 -4.6954 -5.8867
Car -1 -1 -5.1722 951.8307 173.5049 1022.1898 203.2156 1.4274 1.5753 3.9248 19.0529 1.4620 36.7246 -4.6973 -5.8867
Car -1 -1 -7.3684 1008.3054 165.5044 1047.9659 181.7490 1.5422 1.6677 4.0140 40.7151 0.8441 70.2742 -6.8453 -5.8867
Car -1 -1 -7.3161 190.0337 177.7438 231.1106 194.3085 1.5577 1.6787 4.0983 -39.3494 2.0536 71.1518 -7.8199 -5.8867
Car -1 -1 -5.7322 1241.0000 169.8557 1241.0000 374.0000 1.4962 1.5940 3.9508 12.2163 1.4753 6.9589 -4.6975 -5.8867
Car -1 -1 -5.9935 1241.0000 174.6863 1241.0000 374.0000 1.5201 1.6058 3.9629 8.5920 1.5303 2.1259 -4.6974 -5.8867
Car -1 -1 -4.2966 1113.3038 147.5576 1195.0922 184.6609 1.7599 1.7534 4.1288 27.1265 0.5597 36.0009 -3.6548 -5.9427
Car -1 -1 -6.0066 372.0414 157.9033 427.7654 180.6107 1.5659 1.6811 3.4236 -14.7337 0.5346 50.6055 -6.2887 -6.0158
Car -1 -1 -3.3789 681.1961 176.6968 870.9123 245.3632 1.7388 1.8738 4.6441 4.2922 1.8470 19.3730 -3.1650 -6.0193
Car -1 -1 -8.3938 682.4649 186.1589 928.0162 316.4975 1.5777 1.6308 4.4741 2.7641 1.8352 11.5992 -8.1670 -8.7747
