Car -1 -1 -4.5421 493.0345 179.4471 540.6810 213.0468 1.4778 1.6230 3.8783 -4.4295 1.8106 34.4819 -4.6694 5.6016
Car -1 -1 -4.7903 527.8238 176.6456 554.7253 199.0760 1.4687 1.5621 3.6854 -4.8117 1.7407 49.8555 -4.8864 -0.5825
Car -1 -1 -6.6203 474.6995 175.4117 537.0353 199.2539 1.5464 1.5954 3.8572 -7.0585 1.7245 48.7395 -6.7637 -2.6681
Car -1 -1 -4.1232 531.4548 176.6029 586.3532 201.7606 1.5424 1.6863 3.8945 -3.3115 1.7971 46.9737 -4.1937 -2.6719
Car -1 -1 -4.7166 570.9006 173.0786 595.7755 196.6581 1.5621 1.6494 4.0924 -1.8877 1.5780 49.9184 -4.7546 -3.1430
Car -1 -1 -7.6048 525.9034 177.8209 571.4938 207.0077 1.5159 1.6385 3.8214 -3.3960 1.8060 40.1805 -7.6891 -3.7897
Car -1 -1 -7.8795 332.7622 175.3246 352.7088 194.3681 1.7645 1.7016 4.0956 -25.8400 2.0103 69.6485 -8.2338 -3.9446
Car -1 -1 -3.0313 104.4356 167.4507 263.7260 227.9141 1.8628 1.7814 4.3693 -13.9830 1.6961 23.9244 -3.5556 -4.1621
Car -1 -1 -5.6069 718.3926 170.2560 775.5685 192.8107 1.5751 1.6351 3.9137 9.8813 1.3934 52.4068 -5.4219 -4.2180
Car -1 -1 -4.9566 588.8248 173.5952 616.7846 190.2400 1.4892 1.6823 3.9392 -0.7209 1.5598 66.8638 -4.9677 -4.2402
Car -1 -1 -4.2226 606.9042 174.6575 642.0038 191.6071 1.4687 1.5858 3.7474 1.3095 1.6358 64.9735 -4.2028 -4.3111
Car -1 -1 -3.1736 233.0471 179.3974 314.4497 215.7972 1.6030 1.5641 3.3830 -15.7571 1.9221 33.7584 -3.6076 -4.8581
Car -1 -1 -4.5318 598.4195 172.0558 631.1853 196.1581 1.6748 1.6773 4.0493 0.3594 1.6191 52.2841 -4.5254 -4.8659
Car -1 -1 -5.5854 1181.8630 152.7188 1241.0000 218.6650 1.4012 1.6135 3.6208 15.9848 0.9731 17.2324 -4.8461 -4.9039
Car -1 -1 -3.6943 364.5520 177.4704 420.2440 195.9867 1.6064 1.7789 4.6409 -19.9075 2.0438 66.0846 -3.9861 -4.9042
Car -1 -1 -4.6303 368.4919 178.4183 392.3209 199.8869 1.7017 1.5865 3.8387 -19.1793 2.1822 60.3009 -4.9372 -5.2119
Car -1 -1 -6.3644 712.0616 171.2429 771.5419 197.4239 1.5172 1.5334 3.3473 7.7328 1.4236 42.7384 -6.1870 -5.2188
Car -1 -1 -4.1457 340.6615 186.0262 390.1132 209.6844 1.5019 1.5749 3.5485 -16.8772 2.4464 49.8446 -4.4710 -5.2221
Car -1 -1 -6.1787 412.2382 175.3238 458.8595 191.3095 1.5217 1.6606 4.2548 -16.9393 1.7653 70.1291 -6.4151 -5.2642
Car -1 -1 -7.6382 305.8080 182.6868 352.3062 212.4737 1.5394 1.6381 3.9160 -15.8218 2.1219 40.7092 -8.0071 -5.4139
Car -1 -1 -4.9037 394.2634 175.1067 420.2809 191.8749 1.5837 1.7305 4.0037 -19.9670 1.8116 70.9086 -5.1775 -5.4424
Car -1 -1 -6.8080 1031.2709 63.4147 1241.0000 374.0000 1.5106 1.6737 4.2693 4.3468 1.2760 3.1147 -5.9026 -5.5176
Car -1 -1 -4.5695 652.5246 174.0845 688.6518 201.9977 1.6280 1.6562 4.1017 3.7436 1.7072 44.4584 -4.4865 -5.6132
Car -1 -1 -4.3046 345.5386 180.0470 381.4677 195.8255 1.3141 1.5507 4.0142 -21.8507 1.9727 64.0344 -4.6325 -5.7523
Car -1 -1 -4.4173 415.8468 176.7277 445.4761 191.6687 1.2899 1.5248 3.9339 -16.2226 1.6512 65.3381 -4.6600 -5.8375
Car -1 -1 -4.4241 387.9101 180.9373 424.8654 201.8004 1.4489 1.5875 3.9360 -15.1113 2.0715 53.6230 -4.6978 -5.8867
Car -1 -1 -6.7023 0.0000 0.0000 1241.0000 374.0000 1.5582 1.5908 3.8071 -3.7084 1.7033 1.0034 -7.9389 -5.8867
Car -1 -1 -4.8423 365.2909 178.1538 389.7495 194.7889 1.4807 1.6498 4.2951 -21.9509 1.9966 67.9802 -5.1538 -5.8867
Car -1 -1 -3.4938 0.0000 194.4469 0.0000 374.0000 1.5055 1.6060 3.9588 -6.2786 1.6285 2.1304 -4.6977 -5.8867
Car -1 -1 -4.6126 535.1628 177.2327 561.0943 196.5817 1.3830 1.5689 3.9127 -4.6613 1.7249 54.4292 -4.6980 -5.8867
Car -1 -1 -6.9171 0.0000 0.0000 1241.0000 374.0000 1.5607 1.5917 3.8088 -2.1005 1.6916 1.0044 -7.9390 -5.8867
Car -1 -1 -4.1568 277.9480 181.9730 341.8871 209.0854 1.4611 1.6370 3.9228 -17.5673 2.0221 42.3446 -4.5481 -5.8867
Car -1 -1 -9.1923 0.0000 0.0000 1241.0000 374.0000 1.4877 1.5738 3.7851 3.9140 1.3726 0.9970 -7.9398 -5.8867
Car -1 -1 -4.2681 393.1200 178.5743 435.3073 198.4939 1.4861 1.6273 4.0904 -15.5010 1.9566 57.2270 -4.5317 -5.9611
Car -1 -1 -4.1541 341.8070 179.8607 390.8367 202.0527 1.7539 1.8282 4.4724 -20.5325 2.3684 60.9209 -4.4782 -6.0147
Car -1 -1 -7.2085 504.6073 179.0682 591.8633 225.5712 1.4604 1.3767 3.1411 -2.1124 1.6884 24.8091 -7.2932 -6.1167
Car -1 -1 -5.2021 1133.3621 129.5426 1241.0000 172.4898 1.4501 1.6861 3.6644 20.9885 -0.0146 26.3484 -4.5345 -6.3391
Car -1 -1 -4.8701 505.9723 175.8911 532.8976 195.4388 1.6385 1.6657 4.4878 -8.0433 1.9160 63.6099 -4.9957 -7.3203
