Car -1 -1 -9.0033 933.7723 166.2960 988.0131 184.9509 1.7380 1.7301 4.3679 33.7132 1.1267 69.4510 -8.5532 -0.6626
Car -1 -1 -7.7851 716.4102 174.5946 746.9254 199.3254 1.4080 1.5846 3.2383 7.2589 1.5159 43.0861 -7.6197 -0.8621
Car -1 -1 -7.2420 135.4610 184.0142 207.1831 209.6951 1.4960 1.6827 4.4315 -28.0599 2.2465 46.2731 -7.7847 -3.2050
Car -1 -1 -4.6559 396.9814 178.8994 419.3457 199.1217 1.7651 1.7532 4.1424 -18.5923 2.3405 66.5105 -4.9278 -3.2265
Car -1 -1 -5.1348 710.6454 172.9920 742.3078 187.9175 1.4334 1.6232 3.9200 11.4762 1.4471 71.4349 -4.9765 -3.3049
Car -1 -1 -4.7111 126.2163 183.8978 152.9087 206.5690 1.8103 1.8722 4.3506 -40.5773 2.7981 62.2230 -5.2873 -3.5007
Car -1 -1 -6.1566 676.1763 172.2215 777.2290 212.7985 1.6206 1.6707 3.9973 4.8545 1.5951 30.1799 -5.9992 -3.7532
Car -1 -1 -4.9083 398.6372 180.8629 433.6469 205.0628 1.4323 1.5309 3.2802 -12.3434 1.9595 45.7122 -5.1710 -3.8219
Car -1 -1 -7.7194 658.3757 176.3187 715.9626 221.7940 1.5110 1.5904 3.8943 2.8423 1.6473 26.3712 -7.6139 -3.8803
Car -1 -1 -2.6821 296.6785 182.1156 481.4449 249.0496 1.5764 1.7739 4.1929 -5.6646 1.8299 18.5538 -2.9751 -3.9392
Car -1 -1 -4.8219 730.2077 171.6025 750.3632 186.5838 1.4477 1.5697 3.6642 12.8852 1.3265 71.6075 -4.6448 -3.9704
Car -1 -1 -8.3581 669.6199 171.6248 724.3411 199.4724 1.5989 1.6239 3.8161 5.1531 1.5280 43.5012 -8.2414 -4.0587
Car -1 -1 -5.3707 765.4297 164.4658 815.7071 187.2276 1.6896 1.6832 3.9670 13.8630 1.0666 55.7131 -5.1283 -4.2360
Car -1 -1 -7.6501 122.8303 182.6404 170.1729 210.3449 1.6240 1.7064 4.3111 -29.6684 2.2824 46.2510 -8.2181 -4.2361
Car -1 -1 -4.2384 588.7067 172.4318 623.4949 189.1513 1.5205 1.7725 3.6961 -0.3564 1.4818 67.6648 -4.2439 -4.2877
Car -1 -1 -4.5498 192.9442 180.5611 219.1287 196.8800 1.5053 1.6203 3.9270 -39.5520 2.2826 70.6805 -5.0586 -4.4104
Car -1 -1 -6.0640 667.6086 172.2162 717.0978 193.8354 1.6754 1.6035 3.6423 6.5148 1.6257 57.2679 -5.9517 -4.4187
Car -1 -1 -7.2177 1189.1714 159.2023 1241.0000 184.1348 1.5785 1.7059 3.5587 39.8953 0.7139 46.9221 -6.5162 -4.4237
Car -1 -1 -7.8493 949.7355 159.0163 986.7186 191.9842 1.6149 1.6390 3.6676 18.4952 0.9368 37.3516 -7.3928 -4.4259
Car -1 -1 -4.3329 972.5051 158.4371 1032.3662 190.8609 1.6737 1.6433 3.5864 21.2095 0.9292 39.0268 -3.8384 -4.5056
Car -1 -1 -4.7514 529.3837 178.5340 563.6950 211.2063 1.4762 1.5154 3.6166 -3.1723 1.7674 35.1477 -4.8413 -4.5144
Car -1 -1 -7.8592 1124.3148 176.1024 1215.7374 249.4183 1.5441 1.5867 3.9755 13.4121 1.6316 17.4465 -7.2124 -4.6135
Car -1 -1 -8.6861 762.5257 173.2230 857.3003 214.9794 1.5529 1.5524 3.4972 7.8540 1.5683 28.7584 -8.4226 -4.6312
Car -1 -1 -4.7283 833.4652 163.4660 861.7271 191.2719 1.6804 1.6228 3.6555 14.9395 1.1128 45.5911 -4.4138 -4.7309
Car -1 -1 -2.9882 920.1989 159.4263 989.9397 180.1261 1.4907 1.7339 4.4938 25.7408 0.5234 53.9400 -2.5451 -4.7482
Car -1 -1 -7.4201 216.6015 185.0616 252.7457 205.2564 1.8562 1.6151 3.9926 -36.7987 3.0882 70.8042 -7.8981 -4.7521
Car -1 -1 -4.1858 615.5222 175.6076 668.0532 199.2375 1.5226 1.6648 4.2710 2.1874 1.7189 49.2642 -4.1421 -4.7679
Car -1 -1 -4.3527 521.0633 171.7750 561.4554 194.2252 1.5872 1.6630 3.9954 -5.0462 1.5106 53.1581 -4.4472 -4.8157
Car -1 -1 -2.0611 162.5094 181.6436 205.4065 198.3331 1.5091 1.8403 4.0631 -40.7865 2.3721 69.0277 -2.5933 -4.8588
Car -1 -1 -8.0024 1073.5887 161.4006 1134.8165 199.9704 1.4552 1.5189 3.4387 19.8086 1.0228 29.1019 -7.4097 -4.8947
Car -1 -1 -6.8269 523.2106 277.3420 1241.0000 374.0000 1.7349 1.8188 4.0673 1.5848 2.4623 3.7702 -6.4608 -4.9167
Car -1 -1 -4.8255 606.4600 171.8527 628.0409 187.6605 1.4955 1.6435 4.1275 0.6588 1.4005 70.3986 -4.8165 -4.9955
Car -1 -1 -5.1508 418.4385 179.4596 454.7039 196.7712 1.5102 1.7052 4.0331 -16.0700 2.1394 66.6599 -5.3868 -5.0218
Car -1 -1 -4.8570 683.8365 172.6652 712.9109 193.9557 1.5498 1.6002 4.0849 6.6158 1.5357 54.5835 -4.7374 -5.2208
Car -1 -1 -8.0739 651.6312 175.0334 691.1126 200.0731 1.6065 1.8070 4.0582 4.0668 1.7601 48.7992 -7.9917 -5.3674
Car -1 -1 -7.8021 1030.2854 154.7512 1056.1420 174.7827 1.5212 1.5536 3.9864 34.1474 0.1462 56.8833 -7.2638 -5.3920
Car -1 -1 -7.8913 572.4454 173.4950 590.9495 191.4536 1.7023 1.6484 4.2829 -2.8207 1.7668 70.7508 -7.9313 -5.4414
Car -1 -1 -4.8444 791.6122 164.9696 815.7249 183.2087 1.5814 1.6022 3.6719 17.2528 0.8975 64.4820 -4.5843 -5.4855
Car -1 -1 -5.0096 970.3344 156.6221 1014.3449 178.4367 1.5205 1.6697 4.1547 27.7153 0.3888 52.4865 -4.5261 -5.5057
Car -1 -1 -4.6339 484.4718 182.3459 538.2150 221.1986 1.3945 1.8108 4.4913 -3.9665 1.8100 29.3105 -4.7678 -5.5129
Car -1 -1 -4.8316 565.3557 171.4453 592.6907 195.0748 1.6854 1.5726 3.8313 -2.3589 1.5846 53.4818 -4.8759 -5.5187
Car -1 -1 -2.4887 0.0000 195.4152 115.7992 374.0000 1.4098 1.6517 4.3320 -5.7130 1.5816 4.1539 -3.3999 -5.5266
Car -1 -1 -6.8620 1113.2925 78.6119 1241.0000 374.0000 1.4220 1.5356 3.8778 4.5840 1.2078 3.0429 -5.9206 -5.5479
Car -1 -1 -4.1553 492.6147 168.5801 541.7090 194.5865 1.8898 1.7339 4.1983 -7.0143 1.5789 54.7004 -4.2825 -5.5711
Car -1 -1 -5.1377 601.6100 170.8529 642.0261 188.1424 1.4370 1.8092 4.4555 0.9505 1.2704 62.3752 -5.1228 -5.6052
Car -1 -1 -3.7219 740.8713 164.1142 800.8438 186.0774 1.7799 1.8027 4.6544 13.3817 1.0713 60.1418 -3.5042 -5.6375
Car -1 -1 -6.8629 0.0000 179.6251 201.8320 261.5503 1.7244 1.9064 4.4070 -12.8806 1.9154 17.9834 -7.4776 -5.6887
Car -1 -1 -4.7869 434.3762 179.4799 455.1913 195.5587 1.4377 1.6101 4.3611 -15.7887 2.0900 68.7487 -5.0122 -5.7230
Car -1 -1 -6.4818 1085.9447 143.5220 1241.0000 194.6386 1.7513 1.8559 5.0105 20.6565 0.7461 26.6557 -5.8279 -5.7504
Car -1 -1 -7.9614 776.2889 165.5235 799.1137 184.1748 1.6977 1.6311 4.2207 16.6615 1.0302 67.8777 -7.7219 -5.7956
Car -1 -1 -4.7680 1068.2362 161.1852 1093.7125 180.0449 1.6150 1.6801 3.5130 41.5410 0.6155 63.7294 -4.1925 -5.8045
Car -1 -1 -6.0172 442.8377 173.2331 508.4919 197.2220 1.7426 1.7175 4.4917 -9.9571 1.7709 53.4869 -6.2007 -5.8057
Car -1 -1 -4.8581 507.2694 170.1519 540.2944 199.4697 1.8697 1.6368 3.8564 -5.8170 1.6971 48.0913 -4.9782 -5.8499
Car -1 -1 -7.6846 515.1422 181.0845 566.4190 215.8405 1.4129 1.6684 3.7405 -3.0648 1.8016 32.1718 -7.7794 -5.8560
Car -1 -1 -4.5886 1048.3094 163.1557 1078.2231 182.7700 1.7193 1.8009 4.2124 41.1151 0.8689 65.4497 -4.0298 -5.8603
Car -1 -1 -7.4484 969.8784 157.8844 1021.4503 182.0159 1.5142 1.5990 3.8229 25.1604 0.5746 47.0966 -6.9604 -5.8772
Car -1 -1 -3.6035 0.0000 193.7950 0.0000 374.0000 1.5107 1.6069 3.9605 -4.6703 1.6300 2.1305 -4.6977 -5.8867
Car -1 -1 -6.8391 0.0000 0.0000 1241.0000 374.0000 1.5452 1.5897 3.8055 -2.5162 1.6386 0.9971 -7.9397 -5.8867
Car -1 -1 -9.2186 0.0000 0.0000 1241.0000 374.0000 1.4891 1.5718 3.7847 4.3289 1.3779 1.0064 -7.9393 -5.8867
Car -1 -1 -4.8014 1181.5271 163.6622 1218.5936 185.1664 1.4506 1.6517 4.0251 41.4609 0.8303 50.8043 -4.1199 -5.8867
Car -1 -1 -4.6265 547.7151 176.3190 570.3483 193.3709 1.3634 1.5645 3.9036 -4.2651 1.6628 60.4529 -4.6969 -5.8867
Car -1 -1 -4.7549 139.9613 179.2487 165.0507 199.0181 1.6808 1.7341 4.2701 -41.2888 2.2769 65.0488 -5.3188 -5.8867
Car -1 -1 -4.7203 156.7477 181.0758 178.4008 199.2146 1.5919 1.6829 4.1358 -41.4323 2.3861 67.5191 -5.2692 -5.8867
Car -1 -1 -4.5092 0.0000 175.6728 0.0000 202.6213 1.5674 1.6901 4.0916 -41.5233 1.7499 44.6124 -5.2559 -5.8867
Car -1 -1 -8.9993 0.0000 0.0000 1241.0000 374.0000 1.5165 1.5824 3.7969 2.3069 1.4859 0.9974 -7.9398 -5.8867
Car -1 -1 -4.7704 1095.2708 152.8613 1131.0000 179.0678 1.5235 1.5515 3.7669 30.5667 0.3609 43.9572 -4.1659 -5.9235
Car -1 -1 -8.1427 1158.0381 153.3504 1225.3849 186.6402 1.6960 1.6894 4.1883 31.3130 0.7021 39.0180 -7.4702 -5.9265
Car -1 -1 -4.6345 72.8032 183.1437 103.5411 204.8972 1.6075 1.6694 4.0490 -41.5883 2.4585 57.5310 -5.2584 -5.9298
Car -1 -1 -2.9112 674.8329 173.4954 845.1394 235.6200 1.5419 1.7915 4.2471 4.0245 1.5606 19.6410 -2.7128 -6.0030
Car -1 -1 -4.7058 439.6120 175.4324 462.5481 199.2125 1.7375 1.6573 4.2296 -12.2236 1.9433 55.4458 -4.9221 -6.1110
Car -1 -1 -3.6467 178.4711 182.8445 233.4109 200.3931 1.4140 1.5185 3.9089 -35.0016 2.3083 62.5458 -4.1553 -6.1183
Car -1 -1 -5.3771 559.3505 171.6258 600.5037 189.6048 1.5978 1.5484 4.1344 -2.8113 1.4883 66.1977 -5.4197 -6.2862
Car -1 -1 -4.7778 555.3760 174.4079 577.0014 191.6593 1.6232 1.8202 4.4389 -4.3385 1.7799 70.6229 -4.8393 -6.6857
Car -1 -1 -2.8105 91.7004 183.8821 159.5359 205.0582 1.6789 1.5847 4.4021 -40.1864 2.6147 59.9166 -3.3994 -6.7624
