Car -1 -1 -4.7398 1110.5488 165.0844 1141.4850 188.3999 1.6589 1.7318 4.4209 38.2932 1.1058 53.6554 -4.1228 -1.3168
Car -1 -1 -7.0416 164.5498 162.1281 230.4202 191.2105 2.0487 1.7682 4.1137 -30.2840 1.2928 53.0548 -7.5582 -1.9912
Car -1 -1 -4.7095 50.1870 172.8977 79.1779 196.3719 1.6970 1.6890 4.0066 -41.0307 1.7001 54.2804 -5.3545 -2.4556
Car -1 -1 -5.6878 846.1719 170.1367 904.1257 190.0525 1.5065 1.6731 4.0249 20.7624 1.3006 56.6994 -5.3387 -2.8476
Car -1 -1 -4.6687 110.0614 174.2329 136.1945 194.3357 1.6311 1.6609 3.7035 -41.0371 1.7509 60.8333 -5.2603 -2.9652
Car -1 -1 -7.9199 404.5165 173.7293 428.4846 197.5300 2.0373 1.7752 4.3918 -17.2970 2.1179 64.3023 -8.1820 -3.1982
Car -1 -1 -4.8447 92.6872 172.3346 128.7660 195.5831 1.8023 1.8371 4.3602 -40.3013 1.7617 58.1679 -5.4487 -3.2713
Car -1 -1 -4.2738 153.1036 184.8464 254.9117 232.5348 1.5417 1.6382 4.1400 -14.8146 2.0173 26.5130 -4.7793 -3.3574
Car -1 -1 -4.3689 113.4107 169.2886 156.5295 189.3241 1.5753 1.7086 3.9281 -38.7011 1.2947 58.8401 -4.9488 -3.3701
Car -1 -1 -4.0121 460.8239 176.3192 504.2759 195.6488 1.5594 1.7160 3.5681 -10.7470 1.8610 60.8906 -4.1864 -3.6040
Car -1 -1 -3.8801 613.9038 176.1857 653.9805 192.4854 1.5049 1.6342 3.7084 2.2921 1.8326 69.1900 -3.8475 -3.6331
Car -1 -1 -5.4582 784.0932 173.4279 825.6226 189.6216 1.5466 1.7973 3.8771 19.1707 1.6046 71.1945 -5.1965 -3.9689
Car -1 -1 -4.4707 420.0308 179.7528 450.6909 199.9822 1.5419 1.5761 3.6199 -14.0383 2.1140 58.0485 -4.7073 -4.0403
Car -1 -1 -4.4917 750.5005 173.7428 788.7203 196.1189 1.5537 1.7537 4.6906 11.6948 1.6215 52.7932 -4.2753 -4.0727
Car -1 -1 -4.3027 29.0839 196.8564 108.6348 235.1884 1.7680 1.8593 4.1777 -28.6667 3.1176 38.3365 -4.9416 -4.0839
Car -1 -1 -5.0189 632.2208 174.5108 661.2130 192.2117 1.5318 1.5539 3.6865 3.2426 1.6848 64.7918 -4.9695 -4.1045
Car -1 -1 -7.9524 1017.3872 174.3421 1056.5768 203.3109 1.6230 1.6520 3.2861 25.0347 1.7140 42.4507 -7.4230 -4.1059
Car -1 -1 -4.8781 811.0457 172.4874 833.2966 188.7177 1.5623 1.5618 3.3874 20.8989 1.5267 71.2281 -4.5941 -4.1143
Car -1 -1 -4.5750 436.1696 177.6100 466.9612 199.1456 1.4169 1.5694 3.9857 -11.0603 1.7625 50.4264 -4.7901 -4.4697
Car -1 -1 -8.1792 1038.2365 169.9695 1119.2177 209.1249 1.5298 1.6907 3.8063 19.4865 1.4168 30.2410 -7.6115 -4.6228
Car -1 -1 -6.6533 571.4693 173.7341 621.4487 194.8296 1.6362 1.6155 3.6463 -1.1085 1.7079 57.5248 -6.6729 -4.6466
Car -1 -1 -4.5750 644.3177 175.7866 666.0990 191.2382 1.4594 1.6105 4.0196 4.4627 1.7567 71.0887 -4.5129 -4.6482
Car -1 -1 -7.4648 738.2944 176.7065 790.9679 207.0345 1.5145 1.5986 3.3282 8.2076 1.7286 38.3214 -7.2559 -4.7128
Car -1 -1 -4.3661 77.8953 194.3903 137.0151 226.5065 1.5647 1.5921 3.3818 -27.4448 2.7970 39.4578 -4.9709 -4.7833
Car -1 -1 -7.8158 748.3648 171.2917 769.5906 189.5478 1.5597 1.6917 4.0625 13.1794 1.4259 63.8173 -7.6134 -4.7931
Car -1 -1 -5.0698 699.9066 175.3153 749.9014 199.9323 1.4664 1.6153 4.6018 7.1997 1.6308 45.8799 -4.9156 -4.8725
Car -1 -1 -7.4078 319.0892 179.0798 364.9655 209.5937 2.1042 1.7066 3.6699 -19.4503 2.5728 52.4401 -7.7617 -4.9312
Car -1 -1 -2.5819 75.3682 193.8535 284.2740 265.3205 1.4755 1.5999 3.7777 -9.6394 1.9734 16.2603 -3.1102 -4.9726
Car -1 -1 -7.8596 305.0998 164.8490 326.9684 185.8770 1.8931 1.8335 4.5155 -27.4872 1.1722 67.3968 -8.2457 -4.9868
Car -1 -1 -4.9457 363.2430 182.9897 397.9082 204.8588 1.5291 1.6530 3.8171 -17.3628 2.3223 54.4235 -5.2535 -4.9914
Car -1 -1 -7.8112 414.0204 184.1027 495.4168 269.6127 1.5988 1.5554 3.3500 -3.3523 1.8717 15.7391 -8.0185 -5.1595
Car -1 -1 -4.6848 1037.7552 167.3037 1063.1077 188.3567 1.6021 1.6115 4.0515 34.8173 1.1795 57.0479 -4.1394 -5.2694
Car -1 -1 -5.4445 186.8996 171.5247 247.0983 189.8229 1.4224 1.7543 4.3716 -31.4223 1.3188 57.6480 -5.9418 -5.4046
Car -1 -1 -4.8806 433.0171 175.0555 469.8362 202.8042 1.7250 1.7384 3.8157 -10.4613 1.8754 47.2821 -5.0975 -5.4617
Car -1 -1 -4.5674 746.9462 173.1786 788.0197 198.3443 1.4770 1.8374 4.7839 9.8361 1.4980 44.9747 -4.3538 -5.4830
Car -1 -1 -4.4876 1150.2212 167.5447 1195.1340 188.7607 1.4801 1.6975 4.1472 40.7823 1.1094 52.3089 -3.8283 -5.5109
Car -1 -1 -4.6399 706.4256 174.7205 732.9998 194.2542 1.3793 1.6446 4.4756 8.1827 1.5242 53.7650 -4.4900 -5.5638
Car -1 -1 -7.8745 18.8614 173.9684 54.6824 198.0102 1.6398 1.9263 4.7308 -41.2737 1.7234 51.8761 -8.5442 -5.5771
Car -1 -1 -4.6248 653.7651 177.2693 683.3697 199.8122 1.3692 1.5596 4.2388 3.8148 1.6696 46.9149 -4.5447 -5.5989
Car -1 -1 -3.0184 497.7341 176.4286 560.0214 198.6526 1.4969 1.5918 4.0982 -5.5843 1.7468 49.6828 -3.1302 -5.6219
Car -1 -1 -8.1373 341.2494 173.9950 379.5841 204.2686 2.5146 1.7749 5.1701 -21.7730 2.6177 62.7536 -8.4702 -5.7436
Car -1 -1 -4.3459 365.5180 176.7271 414.6662 201.3457 1.4734 1.6427 4.0597 -13.9636 1.7308 45.9233 -4.6398 -5.7791
Car -1 -1 -5.1361 589.0898 173.5922 635.7220 199.2648 1.6750 1.6438 4.1024 0.0832 1.7275 49.4111 -5.1349 -5.7902
Car -1 -1 -5.3155 1241.0000 129.0130 1241.0000 374.0000 1.4383 1.5650 4.1272 4.6051 1.4203 2.4953 -4.2897 -5.8006
Car -1 -1 -4.8270 678.9474 177.1410 711.4151 201.5909 1.4813 1.6191 3.9424 5.3969 1.7683 46.3777 -4.7124 -5.8497
Car -1 -1 -4.8235 689.5173 175.8791 716.1959 195.1179 1.3926 1.5750 3.9169 6.9896 1.6304 54.8179 -4.6978 -5.8867
Car -1 -1 -5.0472 855.2085 171.8621 897.1287 191.7624 1.3471 1.5615 3.8966 18.6525 1.2797 50.8024 -4.6975 -5.8867
Car -1 -1 -4.8323 1204.3365 168.7424 1241.0000 191.1385 1.4481 1.6324 3.9907 41.4693 1.1820 48.7695 -4.1308 -5.8867
Car -1 -1 -4.7273 675.2556 176.1121 696.8229 195.1612 1.3961 1.5845 4.0200 5.8068 1.6565 55.6616 -4.6243 -5.8867
Car -1 -1 -4.7505 1179.9629 167.7958 1213.3920 189.1097 1.4365 1.6511 4.1323 41.2082 1.0953 50.7803 -4.0718 -5.8867
Car -1 -1 -4.6491 469.9211 175.4564 497.0804 196.6818 1.3845 1.5906 4.0045 -8.6978 1.5708 49.6528 -4.8220 -5.8867
Car -1 -1 -8.0655 353.8207 188.9689 420.8963 237.7298 1.3646 1.3381 3.6226 -7.3141 1.9286 23.3599 -8.3663 -5.9210
Car -1 -1 -6.7074 967.6821 159.3107 1043.3253 186.4392 1.8564 1.6563 4.3319 27.5215 0.9294 50.3604 -6.2099 -6.0762
Car -1 -1 -7.0069 1221.7168 174.1371 1241.0000 276.0373 1.5049 1.6324 4.1540 12.6913 1.5271 11.6808 -6.1930 -6.1440
Car -1 -1 -4.5327 556.1371 175.8649 582.4366 195.4799 1.6656 1.6479 3.9669 -3.5987 1.9408 63.9723 -4.5891 -6.2297
Car -1 -1 -4.7851 449.2025 174.6932 472.7346 196.0950 1.6394 1.5466 4.1561 -12.0066 1.7922 57.8591 -4.9891 -6.2331
Car -1 -1 -5.0030 94.1305 174.8419 136.7145 197.0589 1.6457 1.7169 3.7231 -38.1651 1.8037 55.6161 -5.6023 -6.2426
Car -1 -1 -7.9728 258.9850 188.5080 319.4049 244.0818 1.4933 1.2694 3.8852 -10.1108 2.0245 22.5052 -8.3910 -6.6021
Car -1 -1 -8.0851 1069.2655 184.2896 1241.0000 374.0000 1.3694 1.2866 3.7749 5.3156 1.5072 6.7274 -7.4381 -7.2964
Car -1 -1 -5.1463 865.4224 170.5112 905.7363 188.7381 1.6412 1.8182 4.3955 25.5956 1.4300 67.2267 -4.7842 -7.3144
