Car -1 -1 -7.1438 356.0941 170.2638 412.3882 196.2563 1.9357 1.7738 4.3393 -17.5101 1.7425 56.0782 -7.4454 -2.2455
Car -1 -1 -4.4818 401.4211 169.4209 442.2105 195.0469 1.4732 1.6457 3.3090 -11.2435 1.2756 43.1540 -4.7355 -2.3293
Car -1 -1 -5.5053 951.8301 161.9785 1013.6503 184.3137 1.5814 1.6769 4.0281 27.4154 0.8111 53.2639 -5.0324 -2.5344
Car -1 -1 -3.7554 555.0581 165.6712 619.4542 191.1131 1.6163 1.7013 4.0103 -1.5139 1.1597 47.7250 -3.7872 -3.1769
Car -1 -1 -8.0705 979.7448 173.0797 1104.9407 255.5142 1.5131 1.5487 3.0753 8.7590 1.5180 14.9524 -7.5497 -3.3411
Car -1 -1 -8.1486 416.4561 168.3981 459.3691 194.6983 1.6218 1.6683 3.7650 -11.1694 1.3467 46.5399 -8.3831 -3.4791
Car -1 -1 -7.7278 772.9684 170.2238 820.3172 206.9013 1.4978 1.5612 3.6564 8.1392 1.3901 31.4521 -7.4773 -3.5897
Car -1 -1 -7.9042 867.0444 164.0329 891.5703 184.9241 1.6995 1.7186 4.2081 22.6899 0.9816 60.9614 -7.5497 -3.8349
Car -1 -1 -5.3692 530.1966 163.7435 573.5450 182.9291 1.6667 1.7093 4.1326 -5.2706 0.8749 64.7855 -5.4502 -4.0600
Car -1 -1 -4.8527 595.9621 165.0154 623.6511 184.5326 1.6261 1.7911 4.3904 -0.0800 0.9727 62.4169 -4.8542 -4.0962
Car -1 -1 -5.1173 482.3363 183.4781 545.1146 218.0404 1.4694 1.5701 3.7428 -4.6195 1.9981 33.9188 -5.2522 -4.1220
Car -1 -1 -7.2164 422.1502 172.0200 462.3148 189.5860 1.5279 1.6207 3.7130 -15.0481 1.4551 64.7873 -7.4439 -4.1491
Car -1 -1 -5.8230 495.9545 164.6111 544.1978 181.7540 1.5172 1.6690 4.0089 -8.1570 0.7874 65.3061 -5.9470 -4.2214
Car -1 -1 -4.1299 493.1552 168.1194 541.4691 190.2701 1.6390 1.7491 4.0565 -7.1216 1.2883 55.5935 -4.2570 -4.3309
Car -1 -1 -5.8654 392.3167 176.9168 550.3909 239.9413 1.5005 1.6442 3.6369 -3.5728 1.6115 18.5492 -6.0537 -4.3526
Car -1 -1 -4.5014 479.1383 164.3490 507.9276 182.1772 1.5243 1.7103 4.0006 -10.2720 0.7968 63.7344 -4.6607 -4.3915
Car -1 -1 -8.0286 1184.7241 153.4173 1241.0000 194.6656 1.5804 1.5954 3.8909 25.0231 0.8354 29.7290 -7.3339 -4.4401
Car -1 -1 -4.6054 726.6931 171.8637 749.1826 190.2697 1.5152 1.5140 3.5846 10.8737 1.4334 61.3316 -4.4311 -4.5805
Car -1 -1 -8.0554 757.5625 167.2929 809.7621 202.4862 1.6285 1.6874 4.0912 8.4185 1.3709 35.4570 -7.8246 -4.5935
Car -1 -1 -5.0072 633.9974 165.5382 670.4766 186.9243 1.6570 1.7827 4.2027 3.3315 1.0899 58.1587 -4.9505 -4.5956
Car -1 -1 -7.0019 1158.1085 156.7596 1241.0000 184.4212 1.6258 1.7654 3.7526 35.4272 0.6796 43.3592 -6.3203 -4.6081
Car -1 -1 -3.1864 841.7888 166.6362 887.5131 181.0420 1.3748 1.5878 4.1242 24.7184 0.7811 70.2142 -2.8494 -4.6092
Car -1 -1 -3.9770 400.7378 166.8612 460.3709 192.4624 1.6515 1.6208 4.0291 -12.0876 1.2646 48.7042 -4.2192 -4.6477
Car -1 -1 -5.4115 261.7692 160.7860 312.8944 182.1264 1.7576 1.8069 3.9967 -27.3563 0.7634 61.1128 -5.8309 -4.7430
Car -1 -1 -4.6200 607.8729 164.6350 637.7698 189.1986 1.6207 1.6962 4.0505 0.8914 1.0781 49.7132 -4.6024 -4.9097
Car -1 -1 -7.9768 1179.1591 166.3062 1234.0127 198.4037 1.5520 1.6389 4.2624 30.5743 1.2351 37.1287 -7.2920 -4.9269
Car -1 -1 -4.9542 526.8840 162.6546 570.0198 190.2612 1.7871 1.7548 5.1341 -4.3118 1.1265 49.4203 -5.0411 -5.0192
Car -1 -1 -4.9840 1131.7651 161.2978 1183.6202 188.5270 1.6146 1.5954 3.7719 33.9222 0.9291 44.8324 -4.3396 -5.0412
Car -1 -1 -4.3427 485.8891 163.0832 531.6024 188.8221 1.7737 1.7844 4.4352 -7.2775 1.1001 52.0842 -4.4810 -5.0601
Car -1 -1 -4.8867 521.6968 168.0900 559.3429 194.6155 1.4637 1.5243 3.8374 -4.1112 1.2006 41.8691 -4.9843 -5.3284
Car -1 -1 -4.6546 920.6080 165.7010 950.3201 187.0700 1.4455 1.7108 3.6273 22.9132 0.9613 50.8110 -4.2333 -5.3515
Car -1 -1 -4.2024 447.0681 169.0649 492.6977 190.7861 1.5274 1.6453 3.7698 -10.2323 1.2607 52.7867 -4.3932 -5.3610
Car -1 -1 -4.6438 1111.9343 162.1815 1138.8101 180.6503 1.3848 1.4833 3.2308 39.8568 0.5843 55.8198 -4.0263 -5.3893
Car -1 -1 -4.6018 590.2792 163.8618 616.5796 185.5654 1.6779 1.6258 4.5847 -0.5161 0.9824 58.1445 -4.6109 -5.3918
Car -1 -1 -4.6525 613.8930 163.9869 637.7593 184.1555 1.6883 1.8174 4.3614 1.3849 0.9458 62.6481 -4.6308 -5.4194
Car -1 -1 -4.7463 651.7933 167.9556 670.2116 184.7332 1.4613 1.5216 3.4725 4.5215 1.0344 64.6063 -4.6770 -5.4428
Car -1 -1 -5.7339 0.0000 184.5760 65.4457 374.0000 1.4100 1.7173 4.0079 -5.3183 1.4909 3.4042 -6.6992 -5.4720
Car -1 -1 -4.9864 496.2597 166.2790 542.2964 194.1252 1.5127 1.5690 4.0713 -5.2895 1.1553 41.3778 -5.1130 -5.5340
Car -1 -1 -4.7047 454.3663 166.5401 473.9403 184.0339 1.4431 1.5869 3.9872 -12.4640 0.9219 61.6274 -4.9037 -5.6378
Car -1 -1 -5.0335 704.8592 171.0744 737.9433 190.1255 1.5691 1.5929 4.0179 9.4350 1.4222 61.5431 -4.8824 -5.6601
Car -1 -1 -5.3226 559.7280 165.3558 623.7986 193.2289 1.6061 1.6224 4.4590 -1.2018 1.1738 43.8513 -5.3502 -5.8037
Car -1 -1 -6.9159 1224.9497 171.2251 1241.0000 269.8533 1.5012 1.6020 4.0025 13.0822 1.4762 12.1257 -6.1050 -5.8364
Car -1 -1 -4.1992 0.0000 181.0335 48.8695 230.1451 1.4257 1.6115 4.1799 -20.7228 1.7212 23.8873 -4.9083 -5.8630
Car -1 -1 -4.2713 0.0000 181.4612 46.5453 235.5041 1.4094 1.6385 4.3026 -19.1041 1.6970 21.8396 -4.9841 -5.8715
Car -1 -1 -4.7305 1106.0911 161.4808 1131.9047 178.7420 1.3571 1.6332 4.0265 41.4547 0.4626 58.8558 -4.1193 -5.8867
Car -1 -1 -4.5853 0.0000 179.0906 33.1229 201.9934 1.4912 1.6529 4.0169 -41.5740 1.9440 50.2837 -5.2737 -5.8867
Car -1 -1 -6.7657 555.8618 164.0251 610.3629 183.6261 1.6773 1.8658 4.4475 -2.3843 0.9215 63.6570 -6.8032 -5.9357
Car -1 -1 -2.6854 544.8779 163.5282 598.1544 181.7982 1.6533 1.7347 4.6516 -3.5992 0.8091 67.0042 -2.7391 -5.9835
Car -1 -1 -4.4977 798.2653 158.8581 830.9577 182.3261 1.7830 1.6756 4.0065 16.1620 0.7193 56.9802 -4.2229 -6.0684
Car -1 -1 -5.8184 0.0000 176.4371 7.6667 374.0000 1.5626 1.8507 4.0724 -7.7423 1.5995 5.7683 -6.7264 -6.1223
Car -1 -1 -7.1896 1241.0000 177.4236 1241.0000 352.4420 1.3729 1.5368 3.9371 8.3097 1.4190 6.5151 -6.3058 -6.1321
Car -1 -1 -7.3360 1241.0000 163.4068 1241.0000 283.7504 1.4768 1.6290 4.2960 11.6939 1.3606 10.0967 -6.4921 -6.1829
Car -1 -1 -4.7615 534.9885 168.8867 560.7687 189.1097 1.4322 1.6859 4.2102 -4.6538 1.1510 53.3003 -4.8484 -6.2402
Car -1 -1 -7.4228 1241.0000 165.0578 1241.0000 325.6238 1.4757 1.6512 4.3552 9.8313 1.4038 8.0093 -6.5538 -6.2455
Car -1 -1 -7.4550 341.3023 167.0158 379.3831 189.3608 2.1318 1.9368 4.5364 -24.5845 1.5745 71.1656 -7.7867 -6.2511
Car -1 -1 -5.0137 394.3477 178.2929 423.1411 195.8715 1.4859 1.4767 3.5402 -17.9085 1.9826 64.0449 -5.2856 -7.2637
Car -1 -1 -7.9229 0.0000 234.9432 892.6848 374.0000 1.4431 1.9365 6.6814 -1.3784 2.1425 4.6598 -8.1983 -7.8002
