Car -1 -1 -3.7536 955.4122 163.2088 1035.9099 191.1920 1.5258 1.6202 3.7205 21.5132 0.9996 40.3789 -3.2673 -1.5457
Car -1 -1 -7.0702 122.3881 192.4612 204.0600 221.7705 1.5801 1.6952 4.3288 -27.3458 2.8457 44.2810 -7.6210 -2.8312
Car -1 -1 -4.8583 560.1503 175.0405 586.5720 194.6414 1.4830 1.5712 3.5891 -2.9478 1.6611 56.9341 -4.9102 -3.0040
Car -1 -1 -4.9252 455.0466 181.0701 486.2924 201.7567 1.5019 1.5894 3.9404 -10.9117 2.1656 56.1949 -5.1164 -3.0446
Car -1 -1 -5.7811 381.4658 179.6680 456.5110 209.3049 1.5983 1.6567 3.7651 -10.8064 1.9947 40.7485 -6.0391 -3.0543
Car -1 -1 -4.5764 494.8643 179.0970 515.9571 194.5795 1.4472 1.5499 3.8098 -10.2673 2.0768 70.8942 -4.7200 -3.0636
Car -1 -1 -3.7274 0.0000 163.3910 45.7416 194.5834 1.8114 1.7506 4.1052 -37.3000 1.2615 44.1166 -4.4264 -3.1335
Car -1 -1 -7.3865 323.6859 184.1150 391.0382 215.0730 1.5113 1.6802 4.3005 -13.6342 2.1563 39.0994 -7.7203 -3.2127
Car -1 -1 -7.8919 1017.9082 165.2578 1053.2279 191.2399 1.4090 1.5764 3.6541 24.1618 0.9967 41.1108 -7.3639 -3.2310
Car -1 -1 -7.0443 258.7107 167.1940 310.2400 188.9899 1.8753 1.8954 3.9723 -28.9690 1.3880 64.2774 -7.4664 -3.3158
Car -1 -1 -4.9824 598.1473 176.4530 623.6494 192.6964 1.5199 1.5745 3.6110 0.0413 1.8801 70.3294 -4.9822 -3.5950
Car -1 -1 -8.8333 852.7039 163.3337 906.0647 184.9137 1.9057 1.8195 4.2809 24.5697 1.0647 65.9872 -8.4786 -3.7206
Car -1 -1 -4.9224 327.7079 173.6494 366.1532 200.0411 1.7357 1.6688 4.1206 -18.2145 1.7927 49.7757 -5.2718 -3.8764
Car -1 -1 -8.6508 978.8680 159.9841 1033.2792 181.7262 1.9440 1.8303 4.3829 36.6210 0.7930 66.8777 -8.1518 -3.9440
Car -1 -1 -4.5057 515.3312 176.7576 542.1610 195.9559 1.6507 1.6397 3.8628 -7.2914 2.0121 64.8523 -4.6175 -3.9749
Car -1 -1 -8.7620 937.1214 163.7999 982.9565 180.1461 1.5656 1.6662 3.8571 34.4829 0.6981 71.2074 -8.3128 -4.0011
Car -1 -1 -3.8877 557.5374 172.3051 613.0908 194.0265 1.7834 1.8288 4.7623 -2.0914 1.7380 61.5657 -3.9219 -4.2110
Car -1 -1 -4.9992 473.9565 176.8823 505.4911 194.4274 1.6370 1.8916 4.3619 -11.8527 2.0452 70.7880 -5.1648 -4.3247
Car -1 -1 -3.1484 1146.6385 143.9965 1241.0000 179.1423 1.6784 1.7582 3.9658 29.5212 0.3000 36.3786 -2.4706 -4.3440
Car -1 -1 -6.0824 369.5999 184.4119 543.7128 253.1002 1.4782 1.5377 3.6744 -3.4789 1.7557 16.5652 -6.2870 -4.4226
Car -1 -1 -6.1385 644.8798 173.9039 715.8521 200.7361 1.6830 1.6954 4.3756 4.5360 1.7526 46.7054 -6.0428 -4.4459
Car -1 -1 -8.1772 612.7451 174.7687 643.0912 192.5192 1.6646 1.7867 3.9505 1.6919 1.8565 70.2797 -8.1536 -4.4655
Car -1 -1 -4.0116 465.1379 179.5820 507.3048 196.2948 1.4696 1.6656 4.0427 -11.5367 2.1175 67.3527 -4.1809 -4.5157
Car -1 -1 -4.5237 520.7265 180.2230 575.3520 217.8793 1.5135 1.7020 3.8708 -2.7042 1.8586 31.8025 -4.6084 -4.5425
Car -1 -1 -4.7935 597.5887 173.9353 618.2241 191.2366 1.4845 1.5349 3.6455 -0.2339 1.5830 64.0286 -4.7975 -4.5464
Car -1 -1 -4.9488 572.2751 172.2113 609.5717 196.3464 1.5976 1.6566 4.1091 -1.3982 1.5548 49.9612 -4.9771 -4.7196
Car -1 -1 -5.7315 1080.1757 153.1947 1176.0791 184.1995 1.6589 1.6680 4.1436 29.1829 0.6067 40.8379 -5.1145 -4.7502
Car -1 -1 -4.0947 318.8570 186.8620 411.8969 228.4742 1.4939 1.6632 3.8429 -9.9035 2.1045 29.3844 -4.4175 -4.9444
Car -1 -1 -5.0687 702.4995 175.5351 738.1176 195.3810 1.5593 1.6288 3.8966 9.0007 1.7871 59.3246 -4.9193 -4.9506
Car -1 -1 -7.8021 685.3090 174.8267 744.1057 229.9702 1.6794 1.7548 4.3792 3.5827 1.7523 24.4584 -7.6591 -4.9668
Car -1 -1 -4.7135 704.5626 175.4514 735.3495 206.2852 1.5563 1.5533 3.3183 5.8137 1.7008 38.4694 -4.5651 -4.9803
Car -1 -1 -4.4338 403.8101 179.0880 436.7802 201.8733 1.9320 1.7097 4.4008 -16.9610 2.5091 64.6139 -4.6898 -4.9872
Car -1 -1 -4.7529 442.5240 179.6504 463.8070 197.8577 1.5538 1.7107 4.5267 -14.3489 2.1958 65.7787 -4.9672 -5.1185
Car -1 -1 -6.5531 690.5613 177.1784 854.7439 242.4486 1.4415 1.5042 3.4699 3.6847 1.5476 16.9024 -6.3429 -5.1749
Car -1 -1 -2.6925 110.7159 179.4468 179.0282 204.1864 2.0312 1.8201 4.5173 -39.3208 2.5994 61.0449 -3.2630 -5.2005
Car -1 -1 -5.2980 602.6155 173.6667 656.1252 198.7334 1.5574 1.6114 3.8658 1.1843 1.6124 47.0274 -5.2734 -5.2057
Car -1 -1 -6.4630 1140.6418 149.4822 1236.5638 178.0633 1.4504 1.5930 3.7298 30.4850 0.2640 38.1953 -5.7930 -5.2175
Car -1 -1 -4.9913 698.6194 175.3180 733.8820 197.2226 1.5729 1.5919 3.9455 7.9272 1.7652 54.3363 -4.8476 -5.2597
Car -1 -1 -7.7136 327.3897 175.0886 351.4033 191.8200 1.5813 1.6446 4.1563 -26.6057 1.8077 70.9891 -8.0712 -5.3602
Car -1 -1 -4.6028 693.5520 176.3921 716.8757 195.2734 1.5616 1.6362 3.4066 8.2095 1.8754 62.2164 -4.4727 -5.3670
Car -1 -1 -4.6833 759.2865 170.6673 778.3533 188.4071 1.5441 1.5738 3.5564 14.2429 1.3534 64.7180 -4.4679 -5.4089
Car -1 -1 -3.6123 808.7357 177.3376 970.4532 243.4421 1.4543 1.5310 3.1947 6.4486 1.5651 16.9431 -3.2551 -5.4348
Car -1 -1 -4.6218 1016.4614 158.3997 1047.4180 179.3637 1.4793 1.6332 3.8106 30.9516 0.4590 52.9401 -4.0952 -5.5053
Car -1 -1 -7.1612 428.4373 173.2419 490.0920 200.8762 1.7953 1.6967 4.4084 -10.2619 1.8227 49.2848 -7.3658 -5.5386
Car -1 -1 -5.2764 608.3074 170.6295 652.2319 187.6289 1.5118 1.7182 4.8635 1.8021 1.3137 66.6972 -5.2498 -5.5901
Car -1 -1 -7.8735 519.8924 177.7572 565.0279 220.1395 1.5462 1.6721 3.4503 -2.7537 1.7522 28.5524 -7.9694 -5.6458
Car -1 -1 -8.3787 939.7324 171.5991 1241.0000 374.0000 1.5194 1.7707 4.0164 2.5577 1.5184 2.5679 -7.6513 -5.6798
Car -1 -1 -8.2895 907.8110 163.0420 980.0709 197.3070 1.6781 1.7622 4.2305 17.1925 1.1973 37.4603 -7.8624 -5.8141
Car -1 -1 -4.5258 430.3397 181.6476 458.3929 200.3323 1.4648 1.5853 3.9495 -13.8641 2.2257 60.4549 -4.7507 -5.8289
Car -1 -1 -5.0186 1196.0071 173.4282 1241.0000 213.7077 1.5394 1.5033 3.3975 25.4433 1.5641 29.4865 -4.3119 -5.8489
Car -1 -1 -4.6736 1045.9174 167.7791 1068.6285 183.7350 1.4323 1.6446 4.0188 41.4646 0.9764 66.8941 -4.1208 -5.8867
Car -1 -1 -3.6033 0.0000 194.1144 0.0000 374.0000 1.5125 1.6090 3.9615 -4.6708 1.6337 2.1295 -4.6977 -5.8867
Car -1 -1 -3.5476 0.0000 199.2073 0.0000 374.0000 1.5194 1.6091 3.9623 -6.2768 1.6843 2.5297 -4.6972 -5.8867
Car -1 -1 -6.7852 0.0000 0.0000 1241.0000 374.0000 1.5510 1.5895 3.8054 -2.9049 1.6678 1.0041 -7.9390 -5.8867
Car -1 -1 -4.3578 421.6746 178.5190 459.4459 197.7605 1.4081 1.5984 3.9045 -13.1394 1.8638 56.0384 -4.5874 -5.8867
Car -1 -1 -4.6986 146.5632 180.5339 168.4384 197.6021 1.4739 1.6453 4.0143 -41.6184 2.2030 66.3804 -5.2570 -5.8867
Car -1 -1 -9.1924 0.0000 0.0000 1241.0000 374.0000 1.4965 1.5782 3.7893 3.9143 1.3983 0.9966 -7.9398 -5.8867
Car -1 -1 -4.7240 163.9751 178.6294 184.9283 194.9966 1.4748 1.6647 4.1206 -41.5408 2.0424 68.7522 -5.2660 -5.8867
Car -1 -1 -4.8634 696.8705 172.8501 728.4887 193.3901 1.3562 1.5737 3.8804 6.9831 1.3557 49.5919 -4.7247 -5.8867
Car -1 -1 -4.7960 528.6603 173.6366 553.8106 192.2335 1.4007 1.6211 4.1471 -5.4657 1.4643 56.7149 -4.8920 -5.9023
Car -1 -1 -4.5708 480.4024 179.7792 504.6452 198.6868 1.6324 1.6571 3.7988 -10.6727 2.2802 65.6134 -4.7317 -6.0078
Car -1 -1 -5.2309 529.3012 173.1725 571.2990 195.4393 1.8631 1.7124 4.3294 -5.2499 1.8914 62.7049 -5.3144 -6.0144
Car -1 -1 -4.7798 451.9777 179.2909 474.0145 197.8208 1.5072 1.5859 4.2266 -12.7853 2.0845 62.4991 -4.9811 -6.1050
Car -1 -1 -4.8209 742.9251 172.9610 765.0996 190.9632 1.5986 1.5536 4.0665 13.1571 1.6084 66.1903 -4.6258 -6.2641
Car -1 -1 -4.9051 1215.6886 146.6624 1241.0000 174.3106 1.5691 1.6417 3.5776 37.4495 0.0824 42.9078 -4.1908 -6.5001
