Car -1 -1 -7.5818 113.7571 179.7116 175.6322 212.9279 1.4429 1.5531 3.5223 -21.9137 1.7843 34.0440 -8.1503 -3.0392
Car -1 -1 -3.0659 384.7254 157.8029 485.1322 200.7971 1.7346 1.7162 3.9729 -7.3083 1.1271 30.2736 -3.3010 -3.4701
Car -1 -1 -2.4814 0.0000 182.4154 16.4113 209.6757 1.6280 1.8511 4.4377 -40.0090 2.2369 44.9057 -3.2063 -4.3433
Car -1 -1 -8.0470 0.0000 0.0000 1174.9650 374.0000 1.6492 1.8015 4.2497 1.3893 1.4013 2.0997 -7.5241 -4.7182
Car -1 -1 -4.2027 0.0000 180.6705 36.9981 226.1939 1.5029 1.5373 3.9028 -23.1677 1.8131 26.5961 -4.9145 -4.7615
Car -1 -1 -4.5159 0.0000 181.4847 32.5774 207.8269 1.5924 1.5004 3.5223 -38.8158 2.1744 46.7736 -5.2059 -4.7905
Car -1 -1 -7.9064 72.4344 179.7446 123.6394 222.6683 1.5512 1.4755 3.4874 -20.2904 1.8404 28.4876 -8.5211 -4.9129
Car -1 -1 -5.6652 473.6746 173.9162 675.7969 259.2595 1.4665 1.5350 3.7353 -0.7903 1.4894 14.0842 -5.7212 -5.0647
Car -1 -1 -6.5906 743.5009 134.1507 841.1848 171.7063 1.4954 1.5951 3.5804 7.4153 -0.0490 29.6988 -6.3481 -5.1159
Car -1 -1 -4.7247 553.1625 140.6392 596.3289 182.3496 1.6841 1.7444 3.9993 -1.5950 0.3831 31.1843 -4.7755 -5.1548
Car -1 -1 -6.7593 1083.5006 0.0000 1241.0000 374.0000 1.5276 1.8293 4.4032 4.3079 1.1864 2.5389 -5.7701 -5.2134
Car -1 -1 -6.7530 0.0000 128.4993 1058.5310 374.0000 1.4335 1.6715 4.1864 -0.1507 1.3487 3.1365 -6.8007 -5.2564
Car -1 -1 -2.1568 0.0000 180.9707 30.1775 289.6098 1.4602 1.7543 4.5851 -11.8028 1.6000 11.1714 -2.9577 -5.3044
Car -1 -1 -6.9329 0.0000 178.7034 73.1276 230.9095 1.4807 1.6857 3.8511 -19.6564 1.6835 22.9895 -7.6347 -5.3268
Car -1 -1 -6.4681 979.3973 157.6184 1241.0000 292.9536 1.5517 1.6998 3.9422 7.2493 1.3767 9.8724 -5.8494 -5.3723
Car -1 -1 -1.9378 0.0000 189.5214 0.0000 352.2829 1.4689 1.6095 4.2892 -9.7750 1.6953 8.3170 -2.7876 -5.4726
Car -1 -1 -6.9735 128.7164 176.4914 236.4228 213.6443 1.6034 1.6860 4.2420 -19.9774 1.7854 33.8679 -7.5032 -5.5252
Car -1 -1 -4.2411 178.3705 176.7764 256.0905 211.3745 1.4492 1.6109 3.5777 -17.6033 1.6351 32.4392 -4.7350 -5.5598
Car -1 -1 -4.8963 834.5203 135.3660 895.9351 175.3987 1.5800 1.7998 3.5188 10.6126 0.1001 30.3510 -4.5628 -5.6794
Car -1 -1 -2.1153 0.0000 190.0098 0.0000 374.0000 1.4305 1.5562 4.0246 -6.6151 1.5572 4.4196 -3.0687 -5.7091
Car -1 -1 -5.0293 952.3801 131.3078 1047.2220 180.5342 1.5268 1.6970 3.7627 12.9905 0.2379 24.3763 -4.5445 -5.7255
Car -1 -1 -5.6458 0.0000 177.9454 71.7145 204.6579 1.6226 1.5970 4.0525 -36.2800 1.9463 45.0370 -6.3212 -5.7418
Car -1 -1 -4.0238 0.0000 198.8246 56.0198 374.0000 1.3169 1.5737 3.6604 -7.1827 1.6240 6.6312 -4.8290 -5.7690
Car -1 -1 -4.3255 0.0000 182.1309 0.0000 216.0029 1.4692 1.6220 4.1499 -32.3901 1.9443 34.7451 -5.0721 -5.8398
Car -1 -1 -4.4246 0.0000 179.7317 0.0000 220.9856 1.4059 1.6383 4.2095 -25.9462 1.6900 27.5885 -5.1746 -5.8542
Car -1 -1 -4.5522 0.0000 179.7821 29.2570 203.3630 1.5182 1.6623 4.0400 -41.6151 2.0177 49.8889 -5.2450 -5.8867
Car -1 -1 -3.9221 0.0000 182.2165 0.0000 221.5813 1.4064 1.5693 3.9194 -28.3834 1.8039 28.6872 -4.6976 -5.8867
Car -1 -1 -6.8233 0.0000 0.0000 1241.0000 374.0000 1.4696 1.5891 3.8354 -2.8912 1.4904 1.3741 -7.8745 -5.8867
Car -1 -1 -4.4549 0.0000 182.9238 0.0000 212.9562 1.5412 1.6603 4.0271 -41.6127 2.1379 40.6266 -5.2491 -5.8867
Car -1 -1 -5.6382 0.0000 0.0000 1241.0000 374.0000 1.5209 1.6625 4.0203 41.4588 0.6944 2.1140 -4.1253 -5.8867
Car -1 -1 -3.5320 0.0000 0.0000 1241.0000 374.0000 1.5085 1.6046 3.9565 -4.6682 1.5828 1.7273 -4.6964 -5.8867
Car -1 -1 -4.5149 0.0000 180.9332 0.0000 205.1607 1.4551 1.6580 4.1539 -41.4614 2.0061 47.0246 -5.2348 -5.8867
Car -1 -1 -3.4555 0.0000 183.2444 0.0000 374.0000 1.4794 1.5974 3.9494 -7.0827 1.5384 2.1332 -4.6976 -5.8867
Car -1 -1 -4.4877 0.0000 181.7343 0.0000 209.5207 1.5205 1.6590 4.0480 -41.5725 2.0763 43.0267 -5.2529 -5.8867
Car -1 -1 -7.3161 190.0337 177.7438 231.1106 194.3085 1.5577 1.6787 4.0983 -39.3494 2.0536 71.1518 -7.8199 -5.8867
Car -1 -1 -3.9478 0.0000 182.8122 0.0000 219.3566 1.4207 1.5741 3.9243 -29.1866 1.8769 31.1002 -4.6973 -5.8867
Car -1 -1 -4.6622 1035.3176 169.4194 1058.1364 185.8965 1.5156 1.6627 4.0396 41.4663 1.1994 68.5104 -4.1200 -5.8867
Car -1 -1 -3.5433 0.0000 183.5155 0.0000 374.0000 1.4669 1.5883 3.9432 -9.0928 1.5512 3.7426 -4.6975 -5.8867
Car -1 -1 -7.3684 1008.3054 165.5044 1047.9659 181.7490 1.5422 1.6677 4.0140 40.7151 0.8441 70.2742 -6.8453 -5.8867
Car -1 -1 -4.4231 0.0000 182.1588 0.0000 214.3404 1.5524 1.6662 4.0348 -41.6146 2.0728 38.2157 -5.2476 -5.8867
Car -1 -1 -4.3304 0.0000 179.2517 0.0000 209.8219 1.4727 1.6145 4.1495 -34.8230 1.8284 37.9183 -5.0699 -5.8982
Car -1 -1 -7.4804 813.4759 135.8698 895.3107 184.2022 1.6619 1.7158 3.5105 9.0450 0.3899 26.7063 -7.1571 -5.8998
Car -1 -1 -4.4037 0.0000 176.1353 33.3479 218.0101 1.6097 1.7259 4.5025 -26.2850 1.7591 30.5234 -5.1105 -5.9193
Car -1 -1 -6.2444 0.0000 220.7872 543.8995 374.0000 1.3034 1.6779 3.4369 -2.3450 1.6736 4.0647 -6.7412 -5.9196
Car -1 -1 -4.4883 459.7484 159.0488 518.9706 193.6467 1.3811 1.7137 3.6337 -5.0987 0.8297 30.6673 -4.6519 -5.9853
Car -1 -1 -6.9076 1209.8451 109.3794 1241.0000 252.7491 1.9055 1.8654 4.9370 12.5126 1.0616 11.0192 -6.0720 -6.0614
Car -1 -1 -9.1166 907.9399 44.1892 1241.0000 374.0000 1.6453 1.6222 4.5527 4.3255 1.2530 4.5692 -8.3903 -6.8629
Car -1 -1 -7.3782 0.0000 204.2803 225.3497 374.0000 1.5562 1.3075 4.2216 -4.7345 1.9143 6.0380 -8.0224 -8.3341
Car -1 -1 -8.4030 337.7351 232.2865 686.9439 374.0000 1.4795 1.3937 3.7268 -1.1954 2.1861 6.7221 -8.5748 -10.0252
