Car -1 -1 -4.5273 521.6759 178.4312 575.5800 214.2626 1.4122 1.6282 3.8642 -2.6169 1.6675 31.0661 -4.6112 6.4153
Car -1 -1 -4.6380 566.0777 174.4421 595.0660 198.7980 1.4991 1.6035 3.6305 -1.8940 1.6052 46.4914 -4.6789 2.0251
Car -1 -1 -7.2287 292.2451 167.1528 370.1192 211.8363 1.9846 1.7165 3.4519 -13.0767 1.7311 33.9355 -7.5942 -2.3132
Car -1 -1 -5.1261 789.9076 172.7677 823.3412 189.0279 1.4918 1.6873 3.7171 18.5147 1.4836 68.1629 -4.8623 -3.1046
Car -1 -1 -2.7556 759.7628 170.8869 833.3859 199.3047 1.6492 1.6784 3.9806 11.2465 1.5347 43.7307 -2.5059 -3.4443
Car -1 -1 -4.8041 635.4048 170.8819 661.0626 188.4880 1.5231 1.9169 4.0780 3.3593 1.3522 64.4968 -4.7526 -3.7999
Car -1 -1 -6.9812 722.9252 174.6642 767.6498 191.9731 1.5460 1.6281 3.9227 12.4496 1.7167 66.4709 -6.7972 -3.8173
Car -1 -1 -4.4511 376.3896 179.0790 406.8361 198.1884 1.5449 1.6142 3.5425 -18.5404 2.0890 61.2997 -4.7439 -4.0547
Car -1 -1 -4.6922 517.2271 175.0487 541.7080 198.7314 1.5163 1.5613 3.6572 -5.4069 1.6691 48.4389 -4.8031 -4.2318
Car -1 -1 -4.0620 529.8770 173.0636 593.6385 200.6126 1.5782 1.6757 4.1410 -2.8919 1.5912 43.5571 -4.1283 -4.3547
Car -1 -1 -7.6251 330.5237 179.5025 384.2090 211.3012 1.5550 1.7629 4.2962 -13.4169 1.9295 38.4457 -7.9591 -4.3946
Car -1 -1 -4.6438 513.9587 173.0201 545.5497 198.0542 1.4903 1.7031 3.7038 -4.9830 1.5007 44.8640 -4.7541 -4.4882
Car -1 -1 -4.4351 372.3253 180.2798 409.1895 199.7977 1.3938 1.6039 4.2244 -16.7674 1.9841 55.2676 -4.7287 -4.5131
Car -1 -1 -2.4535 473.0575 176.8201 539.3154 204.8444 1.5173 1.5734 3.5420 -5.9626 1.7517 41.1062 -2.5971 -4.6189
Car -1 -1 -4.8265 378.7166 177.3253 415.3806 204.3338 1.4305 1.5549 3.9816 -12.1942 1.6979 41.0600 -5.1138 -4.6845
Car -1 -1 -5.3857 401.8959 174.5529 457.0429 200.8472 1.7582 1.6831 3.8731 -12.6434 1.8808 50.3296 -5.6309 -4.7629
Car -1 -1 -4.9586 417.7025 177.5875 463.8937 205.4986 1.4755 1.6770 3.7698 -9.6698 1.7570 40.9008 -5.1897 -4.9427
Car -1 -1 -5.3280 666.5292 171.3298 718.5353 195.4661 1.6392 1.6314 4.0245 5.7716 1.5354 51.1592 -5.2166 -4.9446
Car -1 -1 -5.3148 763.3351 173.1095 804.0806 189.0573 1.5077 1.7605 4.2671 16.9291 1.5332 70.5947 -5.0807 -5.1439
Car -1 -1 -4.3177 645.5503 173.6666 680.3607 191.7997 1.5365 1.6838 3.9055 4.6663 1.6100 63.4506 -4.2450 -5.2556
Car -1 -1 -6.8363 1060.9301 85.3148 1241.0000 374.0000 1.4175 1.7605 4.3594 4.6779 1.2209 3.2302 -5.9113 -5.4677
Car -1 -1 -6.5132 423.2432 179.4729 512.9347 214.4655 1.5518 1.7093 3.8803 -6.7609 1.8794 34.1715 -6.7075 -5.4801
Car -1 -1 -4.4989 690.4592 173.5001 720.0276 194.4146 1.6077 1.5788 3.7956 7.6134 1.6609 57.6454 -4.3686 -5.5184
Car -1 -1 -2.0865 0.0000 169.9858 42.5576 374.0000 1.4942 1.6513 4.3885 -6.2941 1.4805 4.4961 -3.0086 -5.6093
Car -1 -1 -4.0673 806.1043 170.9059 850.9194 187.3439 1.4757 1.7592 4.2680 20.2095 1.3005 66.7467 -3.7747 -5.6322
Car -1 -1 -7.1283 318.1187 195.2094 1241.0000 374.0000 1.4792 1.9711 4.4085 1.1708 1.6365 3.1356 -6.8031 -5.7363
Car -1 -1 -6.7026 0.0000 0.0000 1241.0000 374.0000 1.5497 1.5877 3.8045 -3.7084 1.6751 1.0047 -7.9389 -5.8867
Car -1 -1 -3.4938 0.0000 193.2165 0.0000 374.0000 1.5028 1.6057 3.9578 -6.2788 1.6188 2.1302 -4.6977 -5.8867
Car -1 -1 -8.9993 0.0000 0.0000 1241.0000 374.0000 1.5264 1.5855 3.8006 2.3072 1.5186 0.9973 -7.9398 -5.8867
Car -1 -1 -7.1473 52.4995 0.0000 1241.0000 374.0000 1.5513 1.5894 3.8067 -1.2969 1.6482 1.0059 -7.9392 -5.8867
Car -1 -1 -9.1922 0.0000 0.0000 1241.0000 374.0000 1.5068 1.5808 3.7936 3.9146 1.4331 0.9970 -7.9398 -5.8867
Car -1 -1 -5.1320 752.8219 171.7028 792.0128 193.6449 1.6724 1.5978 3.8111 12.7614 1.5843 57.0198 -4.9133 -5.9782
Car -1 -1 -6.9458 764.4308 166.8822 835.2814 192.8833 1.8263 1.8155 4.9098 13.7872 1.4065 52.4858 -6.6906 -6.2092
Car -1 -1 -5.6623 0.0000 189.7547 33.9675 374.0000 1.7375 1.7969 4.3686 -9.2506 1.9508 7.7350 -6.5195 -6.4385
Car -1 -1 -4.0495 794.8114 162.8787 854.1769 189.8732 1.8148 1.7426 4.2421 14.9879 1.1439 50.4507 -3.7626 -6.5080
Car -1 -1 -7.6376 160.8510 175.3226 244.8589 225.1411 1.4959 1.6191 3.8455 -13.4382 1.5846 23.9447 -8.1445 -6.5101
Car -1 -1 -4.7291 766.8749 165.4192 790.6381 192.3855 1.9391 1.6529 3.9011 12.5583 1.4042 53.9656 -4.5020 -6.9170
Car -1 -1 -5.2705 538.9492 172.8841 580.1957 192.9427 1.6863 1.6174 4.1672 -4.4493 1.6888 62.8275 -5.3412 -6.9280
