Car -1 -1 -5.8496 858.3356 186.6665 926.3905 211.2564 1.6417 1.6966 4.3149 20.5553 2.6916 52.7186 -5.4803 0.9295
Car -1 -1 -4.6548 225.6327 173.7321 255.7058 198.0225 1.7021 1.7184 4.2683 -27.1247 1.7692 53.0272 -5.1258 -1.9755
Car -1 -1 -4.8025 324.2448 186.2070 345.6339 204.2929 1.6409 1.6168 3.8474 -26.9626 2.9862 70.6248 -5.1662 -2.2306
Car -1 -1 -8.0221 1153.7905 176.5234 1237.2883 222.9574 1.4300 1.5863 3.5933 19.7108 1.5642 24.4866 -7.3506 -2.5072
Car -1 -1 -4.8984 253.1983 189.9778 281.4540 208.5744 1.4865 1.5900 3.6456 -30.0548 3.0320 63.1926 -5.3410 -2.7522
Car -1 -1 -8.0138 907.9824 188.3860 942.3246 212.2468 1.5537 1.6607 3.7487 22.4746 2.7084 51.6354 -7.6060 -2.8186
Car -1 -1 -4.6802 0.0000 187.6525 33.5850 213.4284 1.6134 1.6761 4.0631 -40.8789 2.6764 49.7232 -5.3658 -3.1480
Car -1 -1 -4.3454 454.2345 196.9834 513.2390 233.1030 1.5465 1.6198 3.7687 -6.1973 2.8031 35.5789 -4.5173 -3.2761
Car -1 -1 -4.2084 332.8737 187.3031 370.2084 205.2817 1.6250 1.6948 4.0663 -25.3328 3.0855 70.8036 -4.5511 -3.4078
Car -1 -1 -8.1965 1112.6440 184.9478 1162.7875 207.2878 1.4439 1.6074 3.9725 37.2504 2.3354 51.0755 -7.5696 -3.4433
Car -1 -1 -4.7387 229.9104 188.4936 263.7061 218.9047 1.5549 1.6239 4.0899 -20.8716 2.4977 41.3254 -5.2041 -3.5219
Car -1 -1 -4.7412 1009.4041 177.8886 1035.4780 199.8249 1.6489 1.6693 4.0261 32.7451 2.0642 57.4014 -4.2254 -3.6992
Car -1 -1 -3.8287 1036.1365 169.0658 1118.4429 198.2703 1.4986 1.5657 3.4277 24.5404 1.3039 38.0035 -3.2591 -3.7448
Car -1 -1 -7.9717 266.4555 174.8027 296.8417 198.2852 1.7429 1.6838 4.0834 -25.5851 1.9001 56.1001 -8.3980 -3.9486
Car -1 -1 -4.9901 137.5758 180.1702 179.3183 201.9830 1.8444 2.0052 4.5735 -40.6090 2.5245 64.8167 -5.5482 -3.9735
Car -1 -1 -7.7577 704.4276 196.8013 732.8326 220.1923 1.4438 1.6143 4.1005 7.7117 3.2150 51.1932 -7.6098 -4.0800
Car -1 -1 -4.3381 247.9835 190.5394 298.3870 216.2984 1.4301 1.5466 3.7765 -20.8057 2.5713 44.6404 -4.7723 -4.1096
Car -1 -1 -4.7273 1097.4387 183.6769 1126.1918 205.7894 1.4779 1.6378 4.0847 36.4305 2.2972 52.4867 -4.1237 -4.1252
Car -1 -1 -4.2376 164.5818 188.8742 241.7056 220.9770 1.4976 1.6727 4.5028 -21.4639 2.3963 38.2121 -4.7467 -4.1993
Car -1 -1 -5.3189 723.5137 196.1328 772.7341 219.3038 1.4371 1.5601 3.7075 9.6472 3.1408 50.8030 -5.1330 -4.3144
Car -1 -1 -4.3047 800.7866 192.7782 841.2227 213.2683 1.3912 1.6192 3.6889 15.9917 2.9547 54.6958 -4.0224 -4.3795
Car -1 -1 -4.9337 583.1683 196.7085 611.7549 216.1150 1.5126 1.6482 4.1761 -1.1704 3.6995 63.9317 -4.9526 -4.6271
Car -1 -1 -4.9349 1152.5256 185.7207 1204.5897 214.1113 1.4947 1.5461 3.8409 32.9272 2.2789 41.9279 -4.2730 -4.7082
Car -1 -1 -2.2289 347.4325 174.9488 393.6662 199.0954 1.8567 1.6239 3.6134 -19.1048 2.0280 57.4546 -2.5488 -4.8201
Car -1 -1 -7.3202 606.7975 194.1937 644.6565 214.5009 1.6011 1.6096 3.8002 1.3855 3.5307 63.2147 -7.2991 -4.9161
Car -1 -1 -8.1109 775.9678 174.3710 806.7249 194.2404 1.8540 1.8218 4.3897 17.4943 2.0052 69.8688 -7.8669 -4.9220
Car -1 -1 -4.5486 825.6428 173.5264 855.5690 194.5308 1.7468 1.7917 4.3539 19.9834 1.8069 62.5011 -4.2409 -5.0329
Car -1 -1 -4.7829 372.9206 201.6464 402.9170 227.8228 1.5420 1.6796 4.3658 -15.4534 3.6297 49.9879 -5.0818 -5.2890
Car -1 -1 -4.5401 531.7366 197.8084 565.5679 221.5843 1.5608 1.8214 4.3508 -4.5992 3.5171 54.3280 -4.6248 -5.4428
Car -1 -1 -7.6085 598.2527 190.5655 626.6171 208.2032 1.4224 1.6167 4.0189 0.2298 3.0616 64.6451 -7.6056 -5.5183
Car -1 -1 -2.3408 185.7532 173.1295 248.4146 201.5141 1.8761 1.6108 3.7159 -26.7283 1.8950 49.0407 -2.8377 -5.5539
Car -1 -1 -4.4458 628.4750 193.0029 658.6028 212.7123 1.5595 1.7090 3.7939 2.9551 3.3870 63.3867 -4.4001 -5.5857
Car -1 -1 -4.1716 0.0000 194.2916 517.0772 374.0000 1.5089 1.6056 4.0188 -1.4205 1.6328 2.1624 -4.7014 -5.8649
Car -1 -1 -4.8314 1208.8551 174.7010 1241.0000 199.4234 1.5730 1.6731 4.0022 41.4606 1.7019 48.3569 -4.1260 -5.8867
Car -1 -1 -4.7883 1152.7618 171.7348 1186.1180 192.4719 1.4793 1.6432 3.9933 41.4731 1.3991 53.5911 -4.1326 -5.8867
Car -1 -1 -8.7322 0.0000 0.0000 1210.6814 374.0000 1.5021 1.6026 3.8471 1.9325 1.5462 1.3691 -7.8744 -5.8867
Car -1 -1 -4.6200 64.2777 184.4853 96.4683 206.1574 1.5693 1.6694 4.0184 -41.6070 2.5179 56.7113 -5.2509 -5.8867
Car -1 -1 -4.8687 1241.0000 170.7701 1241.0000 195.8638 1.4964 1.6478 3.9971 41.4724 1.3718 45.1483 -4.1292 -5.8867
Car -1 -1 -9.0792 0.0000 0.0000 1241.0000 374.0000 1.4925 1.5981 3.8438 4.3447 1.4895 1.3707 -7.8744 -5.8867
Car -1 -1 -4.1965 228.3479 184.4428 270.5795 203.5187 1.5782 1.6227 3.9422 -32.0222 2.6406 64.1523 -4.6581 -5.8867
Car -1 -1 -4.7465 1109.5142 172.2927 1136.6007 191.1378 1.4706 1.6368 3.9863 41.4744 1.4265 58.4205 -4.1318 -5.8867
Car -1 -1 -4.7674 1130.2108 171.6853 1160.2836 191.3383 1.4677 1.6417 3.9944 41.4730 1.3801 56.0048 -4.1327 -5.8867
Car -1 -1 -4.6701 99.3910 183.0154 125.8508 202.5336 1.5152 1.6492 3.9961 -41.5965 2.3950 60.3632 -5.2716 -5.8867
Car -1 -1 -4.8122 1181.6343 175.8754 1220.1017 199.7037 1.5882 1.6846 4.0126 41.4900 1.8095 50.7731 -4.1303 -5.8867
Car -1 -1 -4.7504 293.7886 184.8020 315.9807 203.6937 1.5402 1.6520 4.3117 -27.1291 2.6385 64.0423 -5.1499 -5.8867
Car -1 -1 -5.0186 1092.3655 175.7867 1149.9630 203.1871 1.5111 1.6392 3.8996 29.8815 1.6915 42.3493 -4.4078 -5.8867
Car -1 -1 -4.6364 497.3141 193.1478 524.5427 216.7017 1.5066 1.6526 3.3639 -6.9817 2.9853 50.8587 -4.7728 -6.1028
Car -1 -1 -7.0350 92.7074 188.3447 175.1696 211.4911 1.3859 1.9030 4.6099 -32.2240 2.4897 48.9655 -7.6147 -6.2813
Car -1 -1 -7.2607 204.6702 170.9014 269.7592 204.2766 2.5515 1.9182 5.4544 -29.8668 2.4019 57.9828 -7.7347 -6.9706
Car -1 -1 -5.1547 1235.5914 263.8093 1241.0000 374.0000 1.7005 1.8616 3.8735 6.0989 2.5870 4.8872 -4.2909 -7.7294
Car -1 -1 -5.7599 870.4269 301.9641 1241.0000 374.0000 1.6656 1.9020 4.0261 4.1722 3.0586 5.5602 -5.1452 -8.7115
