Car -1 -1 -7.3130 96.3078 158.5038 182.3318 196.4928 1.9456 1.8731 4.4643 -25.4844 1.2104 39.2149 -7.8863 -2.5483
Car -1 -1 -7.0764 720.2188 141.7934 783.5598 174.5758 1.9502 1.7416 3.7225 8.7690 0.1021 44.6951 -6.8839 -4.3961
Car -1 -1 -4.6592 642.1185 145.4016 676.7538 175.3794 1.5044 1.6325 3.8338 2.6225 0.1264 38.2115 -4.5913 -4.4223
Car -1 -1 -4.3499 153.9303 164.0653 231.0629 202.6146 1.6606 1.6754 4.2309 -19.1925 1.2817 33.3018 -4.8694 -4.4312
Car -1 -1 -2.7926 777.1442 144.8948 851.2857 172.6100 1.5699 1.6885 3.8806 12.0320 -0.0154 42.7200 -2.5198 -4.4595
Car -1 -1 -6.6057 648.5420 153.3086 713.6215 177.5981 1.5717 1.7524 3.9545 4.6759 0.3067 47.9854 -6.5093 -4.5009
Car -1 -1 -6.8138 72.9885 169.9417 189.0856 209.6473 1.5584 1.5878 3.7867 -20.0942 1.4438 30.3684 -7.3945 -4.8247
Car -1 -1 -7.4368 481.6810 144.4952 530.1487 173.3479 1.7447 1.6995 3.6477 -6.5636 0.0296 45.6171 -7.5789 -4.9065
Car -1 -1 -7.7843 446.0912 144.6870 477.3887 174.0933 1.8008 1.7163 3.4690 -9.4501 0.0756 46.0186 -7.9858 -5.0002
Car -1 -1 -7.7203 244.4405 163.8083 294.9780 198.7046 1.5988 1.6868 4.1420 -16.6039 1.1840 35.2855 -8.1574 -5.0382
Car -1 -1 -3.1517 798.1149 148.0636 878.5663 176.4410 1.4538 1.5546 3.9904 12.0327 0.1835 38.2844 -2.8494 -5.1729
Car -1 -1 -8.0056 638.9384 144.4039 676.6754 171.8446 1.5730 1.6467 4.2422 2.8070 -0.0645 43.7064 -7.9419 -5.2240
Car -1 -1 -3.9468 84.2255 171.6626 189.6196 205.2969 1.4315 1.6129 4.1057 -21.4624 1.3805 32.8778 -4.5216 -5.2588
Car -1 -1 -3.9015 1225.0673 145.4783 1241.0000 177.9816 1.4682 1.6866 3.5251 30.9559 0.2313 33.4661 -3.1594 -5.4922
Car -1 -1 -6.9745 494.0548 144.0125 563.2120 174.8679 1.7407 1.7023 3.8691 -4.8117 0.1133 42.6891 -7.0862 -5.5202
Car -1 -1 -7.6161 550.4124 147.2861 593.2882 174.5265 1.6191 1.7718 4.0321 -2.3616 0.0991 45.0321 -7.6682 -5.5225
Car -1 -1 -7.9901 210.0267 161.5810 259.2743 196.0820 1.5527 1.6322 3.4329 -17.9392 1.0450 34.3444 -8.4684 -5.5312
Car -1 -1 -2.8645 601.5651 147.0891 682.1324 172.4934 1.3776 1.6532 4.2413 1.7621 -0.0213 40.6190 -2.8215 -5.5567
Car -1 -1 -5.5512 471.2510 154.4018 525.9373 178.8352 1.5996 1.8255 3.2835 -7.5874 0.3913 48.8989 -5.7044 -5.6007
Car -1 -1 -2.1733 0.0000 170.3397 26.5430 374.0000 1.3953 1.5609 3.9728 -5.6415 1.3850 3.6750 -3.1330 -5.6244
Car -1 -1 -7.0451 506.2994 112.6238 1241.0000 374.0000 1.5873 2.0736 5.1793 2.1578 1.4436 3.3034 -6.5070 -5.6517
Car -1 -1 -7.8539 783.9056 147.0299 814.1964 176.2734 1.9086 1.9219 3.7211 12.8306 0.2229 49.1328 -7.6000 -5.6813
Car -1 -1 -2.7662 0.0000 184.2392 554.1865 374.0000 1.3134 1.6042 4.0230 -2.4293 1.3856 3.3887 -3.3527 -5.6965
Car -1 -1 -8.4487 761.0638 138.3407 823.9739 169.0458 1.6482 1.6350 3.7960 10.3464 -0.2292 41.3065 -8.2048 -5.7415
Car -1 -1 -6.6884 1142.7720 135.6919 1241.0000 171.2595 1.6841 1.7065 3.8461 28.8755 -0.0820 35.6233 -6.0111 -5.7572
Car -1 -1 -5.2058 168.4250 166.2439 231.8554 195.8206 1.5145 1.4886 3.4534 -21.9195 1.1757 38.4975 -5.7206 -5.7597
Car -1 -1 -5.0352 729.3881 140.4692 786.4954 169.9488 1.5359 1.8905 4.1196 8.1247 -0.1708 40.1809 -4.8370 -5.7944
Car -1 -1 -2.1311 338.2826 165.8566 407.6168 198.7470 1.7255 1.6211 4.2577 -13.1609 1.3581 39.8366 -2.4485 -5.8086
Car -1 -1 -6.5302 1210.1010 126.0203 1241.0000 170.4730 1.5908 1.6845 3.8127 25.5947 -0.0970 27.6445 -5.7883 -5.8238
Car -1 -1 -4.6735 174.4757 153.7623 208.2679 183.1941 1.8422 1.7609 3.7794 -27.3952 0.6469 47.2444 -5.1967 -5.8478
Car -1 -1 -3.0875 905.6877 145.7170 981.3074 171.3090 1.3701 1.6016 3.7676 18.6293 -0.0902 40.4054 -2.6581 -5.8571
Car -1 -1 -7.3796 244.9558 0.0000 1241.0000 374.0000 1.4691 1.5906 3.8376 -0.8824 1.4574 1.3724 -7.8744 -5.8867
Car -1 -1 -4.6896 129.6724 175.9047 153.7936 194.6514 1.5851 1.6941 4.0613 -41.4508 1.8641 63.8906 -5.2634 -5.8867
Car -1 -1 -9.2806 0.0000 0.0000 1241.0000 374.0000 1.4927 1.5755 3.7854 5.5221 1.3360 0.9970 -7.9390 -5.8867
Car -1 -1 -3.4670 0.0000 174.9507 0.0000 374.0000 1.5016 1.6088 3.9525 -7.8854 1.5144 2.5316 -4.6951 -5.8867
Car -1 -1 -8.7979 0.0000 0.0000 1143.8940 374.0000 1.5108 1.5812 3.7962 1.5027 1.4716 0.9982 -7.9398 -5.8867
Car -1 -1 -9.0457 0.0000 0.0000 1241.0000 374.0000 1.4357 1.5814 3.8253 3.9398 1.2879 1.3715 -7.8745 -5.8867
Car -1 -1 -5.7111 502.7899 152.2814 566.9435 179.8139 1.7501 1.7905 3.8461 -4.9855 0.4421 47.5306 -5.8152 -6.2534
Car -1 -1 -4.6167 280.4550 161.6573 319.1499 194.0751 1.5172 1.4475 3.1590 -15.2533 0.9929 35.4935 -5.0201 -6.3685
Car -1 -1 -5.6401 212.2013 164.8673 307.3058 194.0732 1.5413 1.5829 4.6418 -19.0938 1.1195 39.3012 -6.0899 -6.3922
Car -1 -1 -5.4720 0.0000 166.5143 9.1298 334.5974 1.5697 1.7836 4.5200 -9.5831 1.5102 7.7674 -6.3447 -6.3988
Car -1 -1 -5.5357 0.0000 173.5589 18.1752 310.2872 1.6484 1.7629 4.1668 -10.9214 1.6587 9.7559 -6.3637 -6.4042
Car -1 -1 -2.7187 120.7259 151.9115 192.9703 180.4124 1.8347 1.6842 3.6625 -29.8288 0.4863 47.5287 -3.2767 -6.4176
Car -1 -1 -2.7580 233.9140 153.9400 313.0918 181.4011 1.5530 1.6853 3.7971 -19.4516 0.4830 41.7408 -3.1917 -6.4329
Car -1 -1 -2.2279 274.7792 159.0869 363.3517 199.0311 1.6543 1.6413 3.7548 -12.7763 1.0839 31.5425 -2.6100 -6.5757
Car -1 -1 -4.8192 206.7115 164.4446 252.8293 197.6089 1.6107 1.6902 3.9790 -19.6632 1.2020 37.1671 -5.3030 -6.6120
Car -1 -1 -5.4471 0.0000 176.0528 7.8593 374.0000 1.6526 1.7186 4.0229 -8.2170 1.6852 6.4645 -6.3310 -6.6396
Car -1 -1 -6.6293 428.8242 148.6534 483.0685 173.3301 1.6225 1.5745 3.2599 -10.4803 0.0310 48.9691 -6.8391 -6.9409
Car -1 -1 -4.9992 358.5021 145.4865 416.5957 179.7772 1.5396 1.6436 3.7844 -10.7002 0.3105 34.4269 -5.2984 -7.3846
