Car -1 -1 -5.9394 889.6997 184.0794 955.9003 208.0493 1.5605 1.7128 3.9271 21.9489 2.3807 50.7767 -5.5340 -0.2327
Car -1 -1 -4.4914 252.5651 188.1683 281.9308 207.0379 1.5140 1.6173 3.2821 -29.7050 2.8793 62.5587 -4.9334 -1.1754
Car -1 -1 -3.8471 0.0000 182.0513 39.7862 214.4446 1.9621 1.7559 3.8982 -39.7253 2.5866 46.9464 -4.5467 -2.3226
Car -1 -1 -7.4647 318.7132 183.1035 352.0444 200.7066 1.6119 1.6549 3.9709 -26.7733 2.6403 70.4126 -7.8271 -2.3332
Car -1 -1 -4.0859 198.7094 175.9451 255.3806 200.8505 1.6745 1.7204 3.6424 -26.9874 1.9006 50.9136 -4.5714 -2.5456
Car -1 -1 -5.5924 1046.0502 171.4940 1165.2822 212.3601 1.4516 1.5867 3.5430 18.7605 1.4030 27.5528 -4.9999 -2.8926
Car -1 -1 -4.8815 324.2473 180.6365 351.2156 200.7895 1.6917 1.6248 3.8273 -24.2800 2.4063 64.2219 -5.2419 -3.1647
Car -1 -1 -5.0771 337.4531 178.3775 375.4015 203.9524 2.0937 1.7000 4.1915 -21.8920 2.5856 62.1459 -5.4148 -3.4437
Car -1 -1 -4.7955 226.5432 191.5267 263.6454 218.9696 1.4433 1.6435 4.1252 -21.8730 2.6153 43.1117 -5.2628 -3.5673
Car -1 -1 -7.3283 61.9601 188.3624 158.6715 230.0039 1.5555 1.6382 3.8234 -20.9544 2.2506 30.3853 -7.9281 -3.9318
Car -1 -1 -4.6255 2.1272 188.8586 43.9901 218.1156 1.8365 1.8713 4.4706 -40.8537 3.0039 50.2683 -5.3055 -4.0011
Car -1 -1 -7.8594 848.4286 185.2209 872.5090 207.8897 1.5851 1.6713 3.8806 18.9903 2.5611 54.8551 -7.5284 -4.0892
Car -1 -1 -8.1617 725.4309 187.2400 758.3482 207.6246 1.5890 1.6553 3.8050 11.0942 2.8457 61.0518 -7.9834 -4.2775
Car -1 -1 -4.8775 1131.4576 178.6942 1169.8723 200.5546 1.4377 1.5610 3.6178 37.7357 1.8619 50.4714 -4.2387 -4.3536
Car -1 -1 -4.5684 1101.2516 178.0595 1137.3625 198.3815 1.3779 1.5908 3.9015 36.6223 1.7662 51.8951 -3.9569 -4.4331
Car -1 -1 -7.9519 307.1495 180.7304 330.2764 198.7709 1.6399 1.6716 4.2106 -28.2259 2.4263 69.8103 -8.3351 -4.5440
Car -1 -1 -1.9738 160.2533 183.5378 202.1025 201.9490 1.6482 1.8434 4.4621 -41.0738 2.7008 69.0492 -2.5090 -4.6430
Car -1 -1 -3.2406 475.1561 195.4419 534.2266 216.1104 1.5586 1.8312 4.6220 -8.6543 3.4514 59.0247 -3.3861 -4.7598
Car -1 -1 -4.3904 265.0408 199.2887 324.5470 231.4609 1.4148 1.6412 3.9065 -16.1470 2.8462 37.0619 -4.7991 -4.7633
Car -1 -1 -7.8508 1050.4376 170.4411 1077.0835 193.7461 1.7554 1.7128 4.0688 35.5111 1.5733 56.5260 -7.2925 -4.8864
Car -1 -1 -4.0357 361.5072 201.4289 410.6700 224.2753 1.4023 1.5596 3.3270 -15.7241 3.4828 50.7075 -4.3354 -4.9314
Car -1 -1 -4.5395 381.1306 199.0009 417.3448 223.3720 1.3414 1.5606 3.9939 -13.4852 3.0914 46.2279 -4.8223 -4.9332
Car -1 -1 -4.5833 684.3143 196.3963 712.1603 215.9636 1.4169 1.7555 4.5168 7.4041 3.4671 60.4404 -4.4627 -5.3191
Car -1 -1 -2.4048 169.5189 170.0853 246.1240 201.0245 2.0062 1.6893 4.4981 -26.8398 1.8264 48.1232 -2.9114 -5.3484
Car -1 -1 -5.5149 146.6275 195.3517 208.2016 216.1479 1.4062 1.5886 3.8242 -31.5599 3.0841 52.6147 -6.0532 -5.5224
Car -1 -1 -4.3539 1066.6077 173.4406 1114.8605 196.4798 1.6435 1.6440 4.1183 35.5939 1.6882 53.4402 -3.7691 -5.6455
Car -1 -1 -5.6280 1115.1742 173.3439 1210.9982 203.2180 1.5600 1.6745 4.0063 30.4344 1.5882 39.9012 -4.9803 -5.7427
Car -1 -1 -5.4973 1051.3171 174.5510 1130.5228 200.7690 1.5079 1.6520 4.0048 29.1279 1.6159 43.9023 -4.9150 -5.7804
Car -1 -1 -4.5670 43.0298 197.5327 80.9802 226.2455 1.7952 1.6343 3.2785 -38.0247 3.5707 50.0885 -5.2140 -5.8081
Car -1 -1 -5.3430 1120.1824 174.0098 1199.5442 201.0853 1.4782 1.5986 3.9486 31.5165 1.5476 41.5480 -4.6978 -5.8867
Car -1 -1 -4.7645 1133.8853 170.6790 1164.0560 190.4612 1.4667 1.6410 3.9953 41.4706 1.3051 55.6151 -4.1266 -5.8867
Car -1 -1 -4.8422 1213.7922 171.9604 1241.0000 195.8259 1.5159 1.6521 3.9996 41.4738 1.4589 47.9576 -4.1325 -5.8867
Car -1 -1 -7.5847 41.4285 0.0000 1241.0000 374.0000 1.5042 1.6040 3.8481 -0.4796 1.5766 1.3690 -7.8745 -5.8867
Car -1 -1 -8.4658 0.0000 0.0000 1035.1936 374.0000 1.4981 1.6013 3.8459 1.1285 1.5404 1.3697 -7.8745 -5.8867
Car -1 -1 -4.5327 0.0000 184.8421 0.0000 213.2382 1.5996 1.6818 4.0464 -41.4389 2.3766 44.6262 -5.2783 -5.8867
Car -1 -1 -4.8848 1241.0000 169.8342 1241.0000 195.4096 1.4823 1.6399 3.9909 41.4717 1.3070 43.9380 -4.1319 -5.8867
Car -1 -1 -5.6700 0.0000 0.0000 1241.0000 374.0000 1.5102 1.6089 3.9620 2.9589 1.5381 1.7178 -4.6976 -5.8867
Car -1 -1 -4.6177 64.2722 181.9119 96.5165 202.8869 1.5321 1.6637 4.0246 -41.6104 2.2708 56.7183 -5.2486 -5.8867
Car -1 -1 -4.8036 1173.1256 171.7225 1209.4396 193.4382 1.4886 1.6470 3.9976 41.4733 1.4108 51.5845 -4.1295 -5.8867
Car -1 -1 -6.9720 0.0000 0.0000 1241.0000 374.0000 1.5072 1.6014 3.8476 -2.0865 1.6124 1.3703 -7.8744 -5.8867
Car -1 -1 -4.6760 705.9140 191.8415 731.3428 216.3886 1.6648 1.7604 4.2835 8.2419 3.1638 54.7082 -4.5280 -6.1983
Car -1 -1 -4.9019 860.3655 187.6942 893.1147 208.5738 1.3843 1.6123 3.3025 19.1897 2.4918 52.0987 -4.5513 -6.2668
Car -1 -1 -5.5531 1074.1788 173.0154 1153.2155 203.9115 1.6350 1.5551 3.4251 27.8395 1.6441 40.0499 -4.9495 -6.3338
Car -1 -1 -4.5452 711.4479 189.5170 737.9002 209.9445 1.7133 1.7537 4.0817 10.5523 3.2962 66.3412 -4.3888 -6.4848
