Car -1 -1 -4.6236 627.0668 174.7795 650.6877 193.6062 1.5746 1.6978 4.2114 2.5299 1.7483 62.9951 -4.5840 0.8941
Car -1 -1 -9.0481 869.7141 168.5067 939.1014 192.7029 1.5620 1.6783 3.9853 19.7442 1.2810 48.5592 -8.6643 0.4589
Car -1 -1 -5.7952 804.2889 169.6115 868.8436 192.6674 1.5958 1.6716 4.1349 16.2576 1.3711 51.9971 -5.4941 -1.9453
Car -1 -1 -7.8826 1163.9811 166.8779 1197.9012 191.0330 1.5245 1.6245 3.9376 37.5867 1.1470 47.6041 -7.2174 -2.2123
Car -1 -1 -4.6929 98.3581 177.4201 123.7316 199.6634 1.7439 1.6408 3.5876 -41.0115 2.1313 59.3186 -5.2959 -2.9692
Car -1 -1 -3.1335 655.8208 175.7635 708.0347 196.7351 1.6735 1.7189 4.1833 5.8479 1.9153 58.9521 -3.0355 -2.9862
Car -1 -1 -8.0538 1118.1000 164.7798 1197.0649 207.8395 1.4652 1.5902 3.6426 19.9856 1.1902 26.5384 -7.4139 -3.0339
Car -1 -1 -5.3838 492.5714 176.4037 558.0504 203.4781 1.5264 1.6345 4.2065 -5.1566 1.7492 43.2809 -5.5021 -3.0897
Car -1 -1 -4.5930 0.0000 180.1577 37.2579 203.6218 1.5241 1.6254 3.7460 -41.1140 2.0517 50.1387 -5.2774 -3.3384
Car -1 -1 -7.8775 175.1624 167.6125 199.0970 187.7701 1.7547 1.7657 4.3205 -38.2043 1.2981 65.1104 -8.4065 -3.3857
Car -1 -1 -4.0319 758.5779 171.0789 801.2739 187.9542 1.5089 1.6164 4.0883 15.6359 1.3499 66.4076 -3.8020 -3.5766
Car -1 -1 -4.4274 232.0260 190.2557 275.0484 215.0978 1.4681 1.5651 3.6237 -23.3186 2.6536 47.2489 -4.8839 -3.6205
Car -1 -1 -4.4883 326.8921 182.7665 362.5478 205.3825 1.4675 1.5546 3.6934 -18.5291 2.1867 50.4420 -4.8390 -3.6895
Car -1 -1 -8.2204 692.1249 175.6935 748.1734 207.5653 1.6017 1.6856 3.8599 5.8028 1.7618 38.6964 -8.0732 -4.0500
Car -1 -1 -6.0256 450.3247 178.4208 515.2458 202.9456 1.4731 1.5725 3.6824 -7.8880 1.8249 44.7020 -6.1997 -4.1548
Car -1 -1 -8.2467 1070.2986 164.2182 1176.9128 213.2326 1.6159 1.7724 3.7576 18.1776 1.3309 25.8121 -7.6388 -4.1660
Car -1 -1 -4.6110 223.1719 180.8450 270.6864 215.9860 1.5572 1.6426 4.2453 -17.7200 1.9728 35.2835 -5.0737 -4.2697
Car -1 -1 -6.3243 431.8956 180.5242 527.1335 215.8258 1.5275 1.6882 4.1911 -6.0265 1.8922 33.0592 -6.5037 -4.3607
Car -1 -1 -4.6102 534.3136 177.2094 564.2053 200.8498 1.4972 1.6260 3.6787 -4.0553 1.7992 48.2328 -4.6940 -4.4776
Car -1 -1 -4.9984 490.7881 173.9842 532.4950 199.3931 1.7645 1.8282 4.4650 -7.2662 1.8505 52.7315 -5.1351 -4.6209
Car -1 -1 -4.6396 671.2421 177.8265 701.9819 202.3139 1.4697 1.6690 4.2714 4.9420 1.8052 46.4702 -4.5348 -4.6643
Car -1 -1 -6.9572 0.0000 165.4482 80.2081 193.0489 1.5881 1.6136 3.8456 -34.4917 1.1617 43.5730 -7.6240 -4.8109
Car -1 -1 -4.1650 553.6602 172.8845 596.6204 193.9669 1.6843 1.7866 3.9041 -2.8762 1.6867 59.7934 -4.2133 -4.8342
Car -1 -1 -4.1171 244.8532 183.9933 282.6756 201.3823 1.6107 1.6044 3.6295 -34.1416 2.7392 71.2020 -4.5630 -4.8734
Car -1 -1 -4.7305 699.4473 177.5093 726.5162 202.3924 1.4912 1.6268 4.2553 6.5297 1.8038 46.2781 -4.5917 -5.0280
Car -1 -1 -4.6873 695.1075 173.3146 721.9572 200.2610 1.7788 1.7416 4.3784 6.8352 1.8119 50.0091 -4.5527 -5.2241
Car -1 -1 -4.6724 437.4369 179.8002 471.5702 211.0957 1.5346 1.6140 4.2293 -8.3020 1.9272 38.5879 -4.8834 -5.2471
Car -1 -1 -4.3408 302.0273 180.3577 363.3570 213.9638 1.5988 1.6233 3.9398 -14.2472 2.0057 37.1848 -4.7047 -5.2501
Car -1 -1 -5.4187 19.1866 178.3613 97.8122 202.2136 1.5624 1.7276 4.5470 -37.6194 1.9477 49.2019 -6.0690 -5.2769
Car -1 -1 -4.9998 294.6003 180.2189 338.8109 203.8235 1.5145 1.6532 4.4051 -20.3643 2.0467 49.9297 -5.3855 -5.3952
Car -1 -1 -2.6015 782.1019 172.5455 839.5391 193.3499 1.7261 1.6001 4.5866 17.2085 1.7002 62.0747 -2.3327 -5.4492
Car -1 -1 -4.8967 659.8568 176.3920 690.7037 196.0082 1.4088 1.5868 4.1451 4.8804 1.6873 54.7296 -4.8087 -5.4824
Car -1 -1 -2.8366 347.3794 176.8969 451.4268 214.7183 1.6587 1.7354 4.2075 -9.5437 1.8471 32.7558 -3.1184 -5.4845
Car -1 -1 -5.0631 528.7297 177.9778 573.3438 205.0885 1.5308 1.5510 3.5260 -3.6212 1.8523 43.3951 -5.1463 -5.4860
Car -1 -1 -4.4616 0.0000 181.1978 15.8168 205.6948 1.4898 1.8227 4.4172 -41.2725 2.0709 47.8896 -5.1703 -5.5847
Car -1 -1 -6.3402 1124.3400 157.9941 1216.7197 188.0473 1.5304 1.5539 3.7957 29.7243 0.7734 38.4530 -5.6859 -5.6071
Car -1 -1 -4.7294 371.2711 176.9147 395.7602 199.9612 1.6184 1.6659 3.9001 -16.8577 1.9312 53.5257 -5.0334 -5.6090
Car -1 -1 -2.2836 456.6601 174.9960 505.1781 194.9451 1.7153 1.7853 4.4699 -11.6017 1.9129 64.5903 -2.4609 -5.6938
Car -1 -1 -5.2095 272.1317 178.4343 319.0502 202.7301 2.0890 1.9243 4.6081 -28.4617 2.6099 65.2162 -5.6198 -5.7100
Car -1 -1 -4.2581 730.8064 173.6833 772.5803 193.9058 1.7211 1.8373 4.5293 12.5738 1.7970 63.9620 -4.0652 -5.7416
Car -1 -1 -4.6916 617.7308 178.4082 642.4273 201.0202 1.3863 1.5398 4.0647 1.3177 1.7662 47.3200 -4.6644 -5.8852
Car -1 -1 -4.7586 643.5848 177.1655 666.9580 196.8182 1.4159 1.5832 3.9253 3.3792 1.7550 54.8246 -4.6978 -5.8867
Car -1 -1 -4.8828 1241.0000 166.5459 1241.0000 192.0562 1.4648 1.6412 4.0005 41.4669 1.1023 43.5504 -4.1254 -5.8867
Car -1 -1 -4.8471 1228.7633 166.1605 1241.0000 189.5090 1.4449 1.6366 4.0012 41.4661 1.0304 46.7709 -4.1250 -5.8867
Car -1 -1 -4.8290 641.6983 178.5356 672.4706 201.2780 1.3829 1.5399 3.8962 2.9833 1.7672 46.8539 -4.7663 -5.9017
Car -1 -1 -5.0188 751.5698 173.6069 778.8827 189.0346 1.4766 1.5751 3.7279 15.2608 1.5526 71.1802 -4.8088 -5.9499
Car -1 -1 -4.6362 1048.8540 161.1360 1083.6655 184.9530 1.6439 1.8069 4.4183 32.9534 0.8348 52.1139 -4.0751 -6.1319
Car -1 -1 -4.5636 67.5413 176.4369 102.8574 196.8501 1.5357 1.6602 4.1793 -41.6511 1.8310 57.3031 -5.1901 -6.2372
Car -1 -1 -4.4297 267.5135 188.4919 310.1213 214.1130 1.6020 1.6567 3.8783 -22.0632 2.7213 49.6283 -4.8464 -6.6202
Car -1 -1 -5.7457 847.2321 164.9991 907.8583 187.5973 1.8065 1.6502 4.5102 22.1528 1.1783 59.9521 -5.3936 -7.8134
