Car -1 -1 -6.4428 672.5703 175.1869 785.9389 212.8261 1.4649 1.6351 4.2846 4.6856 1.5611 29.0054 -6.2848 6.4656
Car -1 -1 -3.1733 646.8734 176.5697 702.7603 197.4894 1.4450 1.6231 3.8803 4.5256 1.7125 51.0826 -3.0859 3.3909
Car -1 -1 -7.4476 150.9041 173.8945 203.0745 196.9578 1.4531 1.5956 3.7421 -28.5255 1.5242 47.5956 -7.9853 -1.8251
Car -1 -1 -4.6402 638.2296 176.1094 663.4454 195.9820 1.4900 1.6788 4.5368 3.2492 1.7585 57.2274 -4.5842 -1.9088
Car -1 -1 -4.7077 739.5634 169.1321 762.7828 191.1857 1.5686 1.6256 4.1714 10.4449 1.3035 53.5231 -4.5163 -2.0384
Car -1 -1 -4.3669 650.9207 176.5778 688.8099 196.5835 1.4755 1.6508 4.1181 4.6799 1.7769 56.2559 -4.2847 -2.2451
Car -1 -1 -4.6718 633.7070 181.1064 652.9473 197.5216 1.4005 1.5980 3.6709 3.0203 2.1695 65.3639 -4.6263 -2.6278
Car -1 -1 -7.2869 726.1523 174.8204 843.0651 231.1720 1.5301 1.6732 3.7280 5.2398 1.5939 21.6218 -7.0530 -3.1827
Car -1 -1 -4.8688 561.1945 179.3353 582.7011 194.7344 1.4476 1.5578 3.7556 -3.8148 2.1077 71.5118 -4.9223 -4.0513
Car -1 -1 -7.6173 118.2669 173.6101 166.7582 200.8810 1.4653 1.5495 3.3339 -26.3449 1.5095 40.6989 -8.1890 -4.3522
Car -1 -1 -7.9827 710.5320 163.4179 735.8584 185.0698 1.9692 1.8057 4.2851 10.5755 1.1107 67.7857 -7.8289 -4.5934
Car -1 -1 -5.1924 554.6542 176.1795 600.9773 198.0526 1.6080 1.6874 4.5437 -2.5823 1.8775 56.1586 -5.2385 -4.5956
Car -1 -1 -4.3288 489.4527 181.2470 530.8547 203.3199 1.4019 1.6009 3.5006 -6.7916 1.9954 49.1586 -4.4658 -4.7001
Car -1 -1 -4.7247 715.6386 173.9538 740.2485 194.2778 1.4524 1.7478 4.0788 8.7543 1.5376 53.9410 -4.5650 -4.7066
Car -1 -1 -4.8679 638.8128 173.5013 677.3124 201.8637 1.6088 1.6440 4.2825 2.7895 1.6493 43.2373 -4.8044 -4.8163
Car -1 -1 -4.3673 729.4846 175.3497 781.6515 203.9346 1.5252 1.6751 3.9479 8.2784 1.6740 40.9923 -4.1699 -4.9524
Car -1 -1 -4.8202 667.1414 175.3238 697.6561 201.1921 1.4799 1.4664 3.2603 4.2676 1.6332 43.2303 -4.7229 -5.0424
Car -1 -1 -5.0827 647.0317 176.7636 689.7897 199.9575 1.4426 1.5357 3.7861 3.7730 1.7113 47.5983 -5.0045 -5.2319
Car -1 -1 -4.9473 611.4899 176.9030 645.1580 196.8900 1.3924 1.5778 4.0469 1.2811 1.7031 53.2788 -4.9238 -5.2860
Car -1 -1 -4.6368 527.5333 176.7149 557.2612 202.1525 1.6431 1.6971 4.5418 -4.6306 1.9204 49.5858 -4.7299 -5.4437
Car -1 -1 -5.1641 561.5340 175.8297 610.8741 196.0253 1.3466 1.6516 4.5999 -1.7772 1.5676 51.2438 -5.1989 -5.5708
Car -1 -1 -4.4259 597.2198 178.1125 640.1150 203.1273 1.4214 1.5843 3.8810 0.5410 1.7568 43.9661 -4.4142 -5.6074
Car -1 -1 -6.9336 1241.0000 154.4352 1241.0000 374.0000 1.4809 1.6164 3.7059 8.0147 1.3595 5.9955 -6.0285 -5.6085
Car -1 -1 -4.7826 579.5631 177.7481 609.8089 202.4940 1.4000 1.5465 3.9516 -1.0020 1.7098 43.6681 -4.8059 -5.6635
Car -1 -1 -4.9173 578.1797 176.3194 608.1675 194.1515 1.3872 1.6269 4.2330 -1.4467 1.6822 59.2491 -4.9420 -5.6705
Car -1 -1 -6.7229 0.0000 76.3334 61.4225 374.0000 1.7061 1.9407 4.6286 -5.3319 1.6131 3.1117 -7.7273 -5.7287
Car -1 -1 -5.9707 1241.0000 0.0000 1241.0000 374.0000 1.4110 1.6091 4.1806 5.3699 1.1724 2.6497 -4.9011 -5.7907
Car -1 -1 -4.5098 595.6387 176.4904 626.5320 195.5621 1.4491 1.6665 4.2265 0.1010 1.7520 57.9169 -4.5085 -5.8241
Car -1 -1 -4.6777 584.1729 176.6112 607.2925 196.4117 1.3857 1.5733 3.9140 -1.0506 1.6727 53.2097 -4.6978 -5.8867
Car -1 -1 -4.6157 597.9699 176.5625 625.5945 197.3298 1.3955 1.5972 3.8808 0.1311 1.6687 51.2115 -4.6136 -5.8867
Car -1 -1 -6.9167 0.0000 0.0000 1241.0000 374.0000 1.5455 1.5907 3.8047 -2.1021 1.6337 1.0037 -7.9392 -5.8867
Car -1 -1 -4.9065 688.5685 174.7490 720.2689 195.2880 1.4693 1.5982 4.0210 7.0013 1.6163 54.0542 -4.7787 -5.8867
Car -1 -1 -6.7244 0.0000 0.0000 1241.0000 374.0000 1.4959 1.5986 3.8447 -3.6949 1.5870 1.3717 -7.8744 -5.8867
Car -1 -1 -9.1171 0.0000 0.0000 1241.0000 374.0000 1.5241 1.5861 3.7997 3.1111 1.5008 0.9966 -7.9398 -5.8867
Car -1 -1 -4.8699 697.2037 174.4273 741.9893 204.4854 1.4067 1.5858 3.9673 5.3618 1.4892 35.9680 -4.7236 -5.8867
Car -1 -1 -5.0087 597.2118 176.7334 627.5792 193.1571 1.3956 1.5981 4.0400 0.1556 1.7537 64.4986 -5.0067 -5.9307
Car -1 -1 -2.5946 463.4386 168.9230 524.0488 191.5434 1.7872 1.8863 4.5549 -9.4902 1.4763 58.7404 -2.7544 -5.9827
Car -1 -1 -5.1877 541.2966 176.0484 595.7953 199.0337 1.3331 1.5803 4.2800 -2.6582 1.5407 44.7148 -5.2472 -6.1442
Car -1 -1 -4.2549 697.3463 173.2729 752.6840 200.4578 1.4461 1.4971 3.9115 6.4590 1.4705 40.4739 -4.0982 -6.2601
