Car -1 -1 -6.4454 528.0446 191.7621 606.8058 218.2246 1.4046 1.5813 4.3026 -2.4916 2.5199 41.3261 -6.5059 5.2460
Car -1 -1 -3.3985 907.8534 166.6398 964.4801 185.2202 1.4554 1.6278 3.8307 25.9828 0.9684 57.6351 -2.9770 -0.2504
Car -1 -1 -5.1580 597.7926 182.2180 645.4434 207.2172 1.6289 1.6829 4.2725 0.7381 2.3205 51.0239 -5.1442 -0.6153
Car -1 -1 -7.8888 520.6283 191.3328 541.0746 210.7752 1.5649 1.6626 3.7954 -7.0544 3.2515 63.8712 -7.9989 -1.1702
Car -1 -1 -4.3081 427.7639 191.8542 460.5265 209.9470 1.5047 1.5615 3.8029 -15.2084 3.3016 66.2396 -4.5334 -2.1734
Car -1 -1 -4.3611 379.3045 191.3178 414.2293 211.5034 1.4908 1.5737 3.5969 -17.2762 3.0351 58.5126 -4.6474 -2.2713
Car -1 -1 -4.9797 623.4030 187.5011 663.8319 212.6857 1.4957 1.6473 4.0008 2.1288 2.5022 47.4656 -4.9358 -2.5053
Car -1 -1 -5.3289 1162.1418 158.2035 1239.2098 188.4731 1.7851 1.7255 3.9112 36.3355 0.9208 44.5591 -4.6482 -2.5531
Car -1 -1 -8.1784 626.1067 177.3281 666.9468 201.2306 1.6766 1.7091 4.4373 2.6437 2.0250 53.8647 -8.1301 -3.1142
Car -1 -1 -3.2801 803.2784 168.6525 857.9370 187.7502 1.5574 1.7017 4.1472 18.2761 1.2145 60.0027 -2.9861 -3.1266
Car -1 -1 -8.0134 794.3373 160.3145 821.8611 180.2070 1.7773 1.7648 4.4200 18.2633 0.6567 66.7577 -7.7476 -3.3844
Car -1 -1 -8.0676 814.7396 158.3145 846.5933 179.6835 1.8964 1.8463 4.6576 20.2408 0.6058 66.4273 -7.7732 -4.2689
Car -1 -1 -5.0050 391.0386 178.2749 418.7145 196.1679 1.6794 1.5612 3.9003 -20.2362 2.2282 71.0340 -5.2818 -4.4267
Car -1 -1 -7.9144 843.9010 167.7152 870.5848 188.7146 1.5267 1.6430 4.3045 18.6897 1.1528 54.7503 -7.5873 -4.4481
Car -1 -1 -8.3550 1074.4437 174.1663 1154.9419 206.2538 1.5152 1.5653 4.0089 25.2457 1.5847 36.3153 -7.7517 -4.5089
Car -1 -1 -3.1648 794.1758 166.2490 856.3288 187.0524 1.5200 1.7712 4.3999 16.0752 1.0371 54.1482 -2.8779 -4.5452
Car -1 -1 -7.0499 466.6428 255.2542 1241.0000 374.0000 1.4986 1.6099 4.2026 1.4898 2.0896 3.6072 -6.6898 -4.6762
Car -1 -1 -4.6920 569.1887 182.0018 590.8438 202.0100 1.7865 1.9748 4.5965 -2.8470 2.6886 68.8635 -4.7336 -4.7785
Car -1 -1 -8.5748 873.2803 154.0661 945.5318 180.2175 1.5909 1.7665 4.4575 19.0826 0.4476 46.2884 -8.1861 -4.8329
Car -1 -1 -4.7212 587.4725 181.8085 606.2006 200.0733 1.6543 1.7460 3.8292 -1.3017 2.5367 69.1895 -4.7404 -4.9517
Car -1 -1 -6.8651 929.2509 155.1352 1000.7194 182.2389 1.6429 1.6566 3.6777 21.9736 0.5686 44.7930 -6.4117 -5.1197
Car -1 -1 -4.4990 618.0350 181.3364 648.3958 202.4139 1.5476 1.5770 4.0310 1.8389 2.2409 56.8531 -4.4673 -5.1467
Car -1 -1 -5.0371 1193.2347 153.3453 1241.0000 184.8821 1.6131 1.7092 3.5215 33.0965 0.6149 38.8582 -4.3353 -5.1505
Car -1 -1 -6.4430 1237.7654 151.6129 1241.0000 192.7395 1.6508 1.5716 4.3004 29.7289 0.7979 30.8280 -5.6806 -5.5800
Car -1 -1 -4.3738 513.3208 192.9713 547.6990 213.8322 1.4641 1.5205 3.7402 -6.2106 3.0941 56.4794 -4.4834 -5.6570
Car -1 -1 -4.8163 351.0509 187.6373 379.0011 211.0025 1.7534 1.7530 4.1213 -20.1607 3.0123 59.2180 -5.1435 -5.6727
Car -1 -1 -7.4825 378.9242 188.2478 430.8328 216.3943 1.6292 1.7479 4.3655 -13.1749 2.6689 46.4898 -7.7577 -5.8207
Car -1 -1 -4.8117 866.5566 177.8616 919.3046 217.2796 1.5130 1.6569 3.8925 11.7701 1.7377 30.3231 -4.4452 -5.8586
Car -1 -1 -4.4946 556.4930 183.4798 594.3626 209.5744 1.5692 1.6635 3.9369 -2.2461 2.2942 47.1656 -4.5425 -5.8686
Car -1 -1 -9.1923 0.0000 0.0000 1241.0000 374.0000 1.5091 1.5817 3.7938 3.9147 1.4421 0.9964 -7.9398 -5.8867
Car -1 -1 -3.6841 0.0000 196.1334 86.9214 374.0000 1.5212 1.6114 3.9649 -3.8665 1.6539 2.1294 -4.6977 -5.8867
Car -1 -1 -7.0090 0.0000 0.0000 1241.0000 374.0000 1.5598 1.5924 3.8092 -1.7118 1.6841 0.9966 -7.9397 -5.8867
Car -1 -1 -9.2813 0.0000 0.0000 1241.0000 374.0000 1.4962 1.5755 3.7880 5.5222 1.3870 0.9969 -7.9397 -5.8867
Car -1 -1 -8.6429 0.0000 0.0000 1048.5139 374.0000 1.5438 1.5858 3.8035 1.1153 1.6012 1.0062 -7.9391 -5.8867
Car -1 -1 -3.6010 0.0000 201.9001 0.0000 374.0000 1.5319 1.6140 3.9678 -5.4732 1.7138 2.5295 -4.6974 -5.8867
Car -1 -1 -4.7517 551.4538 181.8237 570.7387 198.5845 1.4741 1.6460 3.9521 -4.6351 2.3411 67.7109 -4.8202 -5.8867
Car -1 -1 -4.7914 601.9019 180.9707 622.1432 197.7601 1.4929 1.5977 3.9642 0.1437 2.2823 68.1664 -4.7897 -5.8867
Car -1 -1 -4.4462 483.6412 184.9156 514.4438 204.6556 1.6250 1.6966 4.0609 -9.8383 2.7314 64.0936 -4.5983 -5.8867
Car -1 -1 -3.5530 0.0000 208.9174 0.0000 374.0000 1.5462 1.6149 3.9707 -7.0808 1.7924 2.9333 -4.6975 -5.8867
Car -1 -1 -2.9417 70.1744 177.9550 194.3347 226.1662 1.5131 1.3974 3.2501 -15.9364 1.6924 24.1595 -3.5199 -5.9028
Car -1 -1 -4.8849 867.0096 180.9741 934.4767 227.2388 1.5442 1.6628 3.8218 10.6729 1.8688 26.8371 -4.5108 -5.9129
Car -1 -1 -5.1121 864.2649 173.8984 946.8307 210.6652 1.6020 1.7453 5.0659 13.7956 1.6548 34.1322 -4.7315 -6.6533
Car -1 -1 -7.7267 1052.0985 60.0896 1241.0000 374.0000 1.8956 2.1634 5.2448 4.8496 1.6257 4.1168 -6.8952 -7.2241
