Car -1 -1 -4.5559 567.6940 154.1842 603.1085 182.6694 1.7644 1.6998 3.9516 -1.5821 0.6077 46.7588 -4.5897 2.7018
Car -1 -1 -2.6060 704.0630 160.0933 758.9487 182.1346 1.6894 1.7569 3.9488 9.5902 0.7110 57.2470 -2.4411 -3.0655
Car -1 -1 -2.1280 112.1775 170.6413 162.2663 190.3258 1.6226 1.6761 4.0240 -40.0519 1.4399 61.0833 -2.7065 -3.1012
Car -1 -1 -5.5969 231.5811 172.0874 282.2202 189.9029 1.5783 1.6663 3.9496 -31.9110 1.5101 65.1881 -6.0507 -3.3291
Car -1 -1 -7.6380 244.5556 160.9169 281.5948 186.1300 1.9529 1.8071 4.2992 -27.9440 1.0280 58.1855 -8.0841 -3.5374
Car -1 -1 -8.7818 1188.1458 141.8259 1241.0000 195.7127 1.4670 1.5900 3.1579 19.2638 0.6220 21.3482 -8.0544 -3.5449
Car -1 -1 -7.1721 76.1187 168.9079 162.6070 204.7019 1.8016 1.7330 3.8826 -25.9892 1.6027 38.3267 -7.7649 -4.1419
Car -1 -1 -7.5467 219.4748 173.0999 253.9833 190.3123 1.5287 1.6593 4.0679 -34.2630 1.5517 66.2879 -8.0223 -4.1453
Car -1 -1 -6.5202 218.5505 162.5396 323.1808 195.9787 1.6023 1.8311 4.5152 -17.2380 1.1078 36.6976 -6.9567 -4.2470
Car -1 -1 -3.9714 187.1564 168.8079 238.6017 187.8073 1.7355 1.8427 4.2953 -37.4967 1.3656 68.2122 -4.4726 -4.2886
Car -1 -1 -8.5477 1220.6530 145.9350 1241.0000 172.7094 1.4305 1.6263 3.4093 36.2908 -0.0087 40.3031 -7.8181 -4.4612
Car -1 -1 -4.6706 596.1783 157.7032 623.7453 182.0766 1.5056 1.6154 4.0951 0.0023 0.5694 46.6512 -4.6707 -4.6778
Car -1 -1 -8.7964 1224.2727 142.9359 1241.0000 170.7397 1.4745 1.6379 4.3751 37.7279 -0.1270 40.9225 -8.0550 -4.7415
Car -1 -1 -4.5923 275.9886 167.3910 310.5493 191.8890 1.5170 1.6238 3.5721 -20.4534 1.1784 46.6236 -5.0038 -4.7475
Car -1 -1 -4.1271 228.6271 162.8673 303.5873 192.9571 1.6393 1.7571 4.3996 -19.7638 1.0949 41.6137 -4.5682 -4.7618
Car -1 -1 -2.5313 150.5390 160.6867 234.2993 187.6734 1.8130 1.7831 4.8358 -28.6838 0.9953 49.5754 -3.0536 -4.8141
Car -1 -1 -7.3494 70.3700 182.2786 166.3787 219.7290 1.3590 1.5771 3.7320 -19.7306 1.7637 29.0808 -7.9415 -5.0064
Car -1 -1 -4.4349 214.8714 163.4630 275.9504 194.1527 1.5179 1.6499 4.6772 -19.2056 1.0531 38.1370 -4.8988 -5.1412
Car -1 -1 -6.3476 1153.8397 136.3672 1241.0000 175.3591 1.6851 1.6191 4.1233 27.4689 0.1080 33.0458 -5.6583 -5.2367
Car -1 -1 -5.8879 575.1695 164.3339 628.2587 184.3135 1.1843 1.4269 2.9107 -0.5360 0.6790 43.9747 -5.9002 -5.2748
Car -1 -1 -2.5863 404.7914 160.0138 477.7274 187.1055 1.6810 1.7671 4.2663 -10.8516 0.8840 46.2901 -2.8155 -5.3067
Car -1 -1 -3.0757 145.6463 165.3640 239.9594 198.9442 1.5023 1.6450 3.7237 -19.5036 1.1669 33.8353 -3.5953 -5.3606
Car -1 -1 -4.8427 130.0577 171.5404 161.8567 190.4551 1.6037 1.8053 4.3466 -40.8338 1.4920 63.4189 -5.4130 -5.3971
Car -1 -1 -5.3660 808.2740 149.7802 867.5317 170.7151 1.4444 1.7093 4.5381 16.5407 -0.1637 52.7014 -5.0634 -5.4644
Car -1 -1 -2.3820 118.1040 167.9473 208.0177 202.7195 1.6526 1.6365 3.6334 -21.9835 1.4191 35.4675 -2.9337 -5.5057
Car -1 -1 -7.4143 97.7907 178.7651 191.0097 222.4362 1.5728 1.5760 3.8998 -18.3498 1.8232 28.5709 -7.9812 -5.5817
Car -1 -1 -6.7653 1227.3154 135.0924 1241.0000 178.1408 1.4133 1.5862 4.1133 24.2581 0.1733 25.0224 -6.0010 -5.6056
Car -1 -1 -2.1026 0.0000 184.2028 0.0000 374.0000 1.4094 1.5622 3.9618 -6.0736 1.4884 4.0845 -3.0506 -5.6546
Car -1 -1 -2.2274 259.8401 161.1944 338.9967 190.9271 1.5582 1.7440 4.2805 -17.1062 0.9468 39.6169 -2.6328 -5.6579
Car -1 -1 -2.1127 0.0000 190.2220 0.0000 367.3451 1.4973 1.5664 4.0195 -8.9114 1.7027 7.4319 -2.9705 -5.6813
Car -1 -1 -7.2698 600.3354 101.8210 1241.0000 374.0000 1.4694 1.9708 4.6171 2.4060 1.3303 3.1880 -6.6667 -5.6895
Car -1 -1 -7.6537 803.7383 157.3063 836.0756 181.5590 1.8479 1.6123 4.4989 16.6917 0.6630 57.3448 -7.3719 -5.7821
Car -1 -1 -3.4686 0.0000 186.7857 0.0000 374.0000 1.4970 1.6055 3.9538 -7.8859 1.5840 2.5307 -4.6968 -5.8867
Car -1 -1 -4.5632 0.0000 0.0000 1241.0000 374.0000 1.4984 1.6052 3.9579 -0.2571 1.5315 1.7187 -4.6976 -5.8867
Car -1 -1 -9.2187 0.0000 0.0000 1241.0000 374.0000 1.4877 1.5720 3.7844 4.3286 1.3719 1.0063 -7.9393 -5.8867
Car -1 -1 -3.9451 108.3551 0.0000 1241.0000 374.0000 1.4988 1.6060 3.9583 -1.8651 1.5483 1.7187 -4.6977 -5.8867
Car -1 -1 -6.6894 374.1328 158.3619 451.4891 186.7075 1.6562 1.7190 4.2315 -12.0661 0.8092 44.1487 -6.9548 -5.9356
Car -1 -1 -6.5867 927.6921 147.4689 1011.3091 175.4188 1.5980 1.6645 4.0831 21.0181 0.1463 42.3895 -6.1290 -5.9426
Car -1 -1 -6.3559 305.3961 162.4331 381.0680 192.6221 1.4951 1.5300 3.5556 -13.7778 0.9787 37.1639 -6.7088 -5.9682
Car -1 -1 -1.9599 87.3438 171.8070 132.3934 190.4538 1.4836 1.5928 4.1349 -41.0771 1.4000 59.2035 -2.5645 -5.9782
Car -1 -1 -7.9630 704.1340 154.9335 739.9559 182.5258 1.4456 1.5628 3.4385 6.0605 0.5064 39.5526 -7.8122 -5.9930
Car -1 -1 -7.5554 210.3506 164.5158 275.5568 198.7923 1.5150 1.5745 4.1729 -17.2789 1.1462 34.0799 -8.0217 -6.0154
Car -1 -1 -8.1255 848.7908 151.7804 887.7179 178.5948 2.0784 1.9049 4.1024 20.6900 0.4447 58.0396 -7.7848 -6.1391
Car -1 -1 -5.7536 0.0000 179.2436 6.2175 304.3040 1.6194 1.7739 3.8727 -11.9434 1.7279 10.8895 -6.5729 -6.3116
Car -1 -1 -3.5688 258.1823 169.4668 310.9827 187.9075 1.3648 1.5648 3.3322 -24.8831 1.1138 55.1688 -3.9909 -6.3188
Car -1 -1 -6.1429 876.6161 147.3051 951.7344 169.4866 1.4286 1.7028 4.5023 20.5708 -0.2374 48.9245 -5.7469 -6.3564
Car -1 -1 -5.6368 0.0000 177.5974 1.1152 319.5730 1.5794 1.7819 4.4424 -11.1365 1.6499 9.4437 -6.4902 -6.4473
Car -1 -1 -5.2442 321.2770 161.9447 384.1264 190.3802 1.4690 1.5457 3.6925 -13.9901 0.9051 39.0524 -5.5862 -6.4642
Car -1 -1 -4.8604 670.0007 152.6095 704.3449 179.1540 1.6242 1.6487 3.6370 4.8438 0.3852 46.0024 -4.7562 -6.6753
Car -1 -1 -5.7576 1014.3854 135.2030 1111.6847 170.3897 1.7024 1.7520 3.9098 23.3203 -0.1351 37.3452 -5.2027 -6.7169
Car -1 -1 -4.2539 190.4026 166.1794 234.4005 186.2005 1.5153 1.5478 3.6702 -31.0913 1.0098 56.4756 -4.7553 -6.8375
Car -1 -1 -4.5251 691.0250 158.9400 737.9772 196.7221 1.6097 1.4555 3.6694 4.7445 1.0166 32.7129 -4.3827 -6.9638
Car -1 -1 -3.0799 356.8389 166.5898 415.9951 189.8667 1.4546 1.7266 3.5284 -14.3431 1.0629 46.3438 -3.3787 -7.8768
Car -1 -1 -8.3212 653.8218 157.9571 694.9622 184.7603 1.7464 1.3739 3.4215 4.2898 0.7755 48.8567 -8.2344 -8.4122
