Car -1 -1 -4.6284 575.9976 171.1004 610.2025 201.7080 1.7601 1.7475 3.8210 -1.0094 1.6589 43.4511 -4.6519 1.6286
Car -1 -1 -4.5956 382.9683 176.6441 414.6785 200.5919 1.5507 1.6289 4.0110 -14.4741 1.8215 49.5038 -4.8789 -0.3018
Car -1 -1 -5.7587 767.0272 162.4000 837.1385 187.4167 1.6073 1.7444 4.2458 12.8291 0.9354 48.4734 -5.5017 -0.9645
Car -1 -1 -7.8762 0.0000 190.2333 50.3462 231.8642 1.4952 1.6479 4.2018 -24.3395 2.2649 29.8333 -8.5563 -1.0508
Car -1 -1 -4.2147 365.2748 177.2082 404.4349 195.4478 1.5402 1.6352 3.9352 -19.9504 1.9388 64.0164 -4.5159 -1.5978
Car -1 -1 -4.9135 15.4606 164.8064 63.2532 191.4081 1.7276 1.7566 4.1228 -38.6981 1.2047 48.8624 -5.5808 -2.4660
Car -1 -1 -4.2756 217.1680 188.2239 256.1568 205.3401 1.5109 1.7227 4.2060 -36.0059 3.0400 69.6611 -4.7514 -2.9151
Car -1 -1 -4.4934 58.8386 176.6382 96.5610 198.7042 1.6025 1.5873 3.4882 -40.5331 1.9005 54.9721 -5.1266 -3.0878
Car -1 -1 -8.7612 791.1132 161.1687 837.9447 179.8887 1.6075 1.7292 3.7147 18.0777 0.6038 63.9688 -8.4871 -3.1006
Car -1 -1 -4.3482 438.8451 178.2855 489.7538 207.0928 1.4833 1.5554 3.6427 -8.0163 1.7971 39.8019 -4.5461 -3.2164
Car -1 -1 -4.9168 896.7121 161.0783 936.0439 187.1765 1.5314 1.5773 3.2169 18.6300 0.8401 44.0687 -4.5194 -3.5468
Car -1 -1 -4.7282 677.2355 173.5075 694.7015 188.5828 1.4377 1.6407 3.8036 7.4274 1.5035 70.9494 -4.6246 -3.8104
Car -1 -1 -4.6679 98.2970 182.9876 126.0477 205.9772 1.7293 1.6666 3.8389 -40.1213 2.5751 58.1697 -5.2698 -3.8390
Car -1 -1 -7.2813 299.1435 176.5497 354.6367 201.6591 1.7846 1.8160 4.3475 -21.2489 2.0741 54.2723 -7.6531 -4.1557
Car -1 -1 -5.0446 538.6857 176.2551 570.7283 195.0020 1.5311 1.5880 3.7618 -4.7850 1.8314 61.7134 -5.1220 -4.1828
Car -1 -1 -4.3264 561.3487 175.3678 595.3383 194.2772 1.5551 1.5926 3.8314 -2.7067 1.7779 61.9631 -4.3702 -4.2043
Car -1 -1 -2.5801 211.6042 184.0249 294.2334 211.5888 1.5728 1.7305 4.1426 -21.3381 2.2567 43.1191 -3.0375 -4.3469
Car -1 -1 -4.8815 305.5691 181.8912 355.1613 213.5587 1.5205 1.7388 4.3925 -14.9341 2.0292 38.3067 -5.2512 -4.4635
Car -1 -1 -4.4680 375.6859 179.9438 421.3386 208.9683 1.5381 1.6174 3.8165 -12.0285 1.9609 41.1208 -4.7512 -4.5179
Car -1 -1 -4.3053 226.3890 185.7444 290.7780 217.3416 1.5710 1.6808 4.1198 -19.2686 2.3169 39.6767 -4.7550 -4.5938
Car -1 -1 -5.8498 721.8839 168.6391 769.7291 188.2044 1.6216 1.6199 3.6673 11.5417 1.2719 61.5223 -5.6655 -4.6484
Car -1 -1 -4.2592 392.7267 178.1646 426.5726 193.7628 1.4513 1.5861 4.0413 -19.6116 1.9871 70.7159 -4.5291 -4.6507
Car -1 -1 -4.4175 186.2039 187.8048 242.3835 220.1171 1.5050 1.5850 3.4956 -20.3734 2.3145 37.2101 -4.9157 -4.7155
Car -1 -1 -5.6571 755.7153 164.7234 803.5343 183.7479 1.5925 1.6425 3.7737 14.6071 0.9116 62.3616 -5.4283 -4.7214
Car -1 -1 -4.6525 196.9035 189.5624 228.5586 215.0860 1.5292 1.6027 4.2886 -26.6841 2.7047 48.4965 -5.1535 -4.7410
Car -1 -1 -5.2476 679.2781 170.8743 732.6079 197.1141 1.5401 1.6507 3.5649 5.8086 1.4236 44.3118 -5.1185 -4.7458
Car -1 -1 -4.3091 264.5258 181.8558 305.5247 203.6528 1.6432 1.6069 3.8767 -26.0750 2.3903 57.9576 -4.7304 -4.7615
Car -1 -1 -4.8435 742.2303 165.6447 767.8432 184.1239 1.6335 1.7492 4.2116 13.1948 0.9959 65.9416 -4.6470 -4.9395
Car -1 -1 -4.7670 655.2205 173.9577 688.9228 202.5701 1.5043 1.6385 3.9229 3.3632 1.5683 40.0714 -4.6844 -4.9492
Car -1 -1 -6.0257 391.2950 175.0668 457.7659 195.5163 1.6301 1.7679 4.9430 -15.0529 1.8124 58.6134 -6.2763 -4.9939
Car -1 -1 -4.2685 699.5703 171.3022 738.3552 189.3417 1.5770 1.7679 4.3844 9.8877 1.4410 65.3867 -4.1194 -5.1028
Car -1 -1 -6.0203 831.1863 159.3192 917.0900 186.5405 1.6239 1.7221 4.7606 16.4412 0.8162 45.1134 -5.6731 -5.1332
Car -1 -1 -4.3163 375.9325 176.4125 408.6865 193.4678 1.5785 1.6136 3.9909 -21.0084 1.9322 69.7107 -4.6082 -5.1752
Car -1 -1 -4.8301 734.4921 170.3474 755.7610 186.0465 1.4902 1.5826 3.9388 13.1558 1.2520 70.5088 -4.6466 -5.2388
Car -1 -1 -4.4197 689.1346 171.9270 721.9709 190.2799 1.6279 1.7858 4.4728 8.8105 1.5454 66.4057 -4.2887 -5.3249
Car -1 -1 -4.6139 450.3430 174.2939 476.6244 196.0737 1.7593 1.7529 4.3360 -12.3354 1.8849 60.8253 -4.8135 -5.3508
Car -1 -1 -4.7157 34.2036 173.5204 66.9771 198.5865 1.7776 1.8619 3.8517 -41.4000 1.8285 53.3719 -5.3731 -5.3653
Car -1 -1 -6.6431 1073.0630 109.4287 1241.0000 374.0000 1.4404 1.7065 4.1756 4.6392 1.2992 3.4048 -5.7458 -5.4298
Car -1 -1 -8.3879 799.3444 157.9055 840.1703 179.6085 1.7443 1.6033 3.6757 17.3645 0.5426 59.9728 -8.1075 -5.7383
Car -1 -1 -6.7851 0.0000 0.0000 1241.0000 374.0000 1.5515 1.5902 3.8057 -2.9051 1.6683 1.0038 -7.9390 -5.8867
Car -1 -1 -9.1924 0.0000 0.0000 1241.0000 374.0000 1.5024 1.5804 3.7920 3.9145 1.4170 0.9966 -7.9398 -5.8867
Car -1 -1 -4.5401 0.0000 173.3040 0.0000 197.2523 1.4606 1.6593 4.0581 -41.5675 1.4905 46.2496 -5.2695 -5.8867
Car -1 -1 -4.6788 596.0154 173.0744 617.5665 190.6021 1.3320 1.5725 3.8519 -0.2518 1.3496 56.8283 -4.6836 -5.8867
Car -1 -1 -5.1287 563.9059 173.4990 601.6849 192.0904 1.4690 1.7955 3.5822 -2.2882 1.5234 59.1556 -5.1675 -5.9447
Car -1 -1 -4.5447 0.0000 172.0341 21.0388 194.0668 1.4313 1.6553 4.0525 -41.5111 1.3777 49.0376 -5.2447 -6.0464
Car -1 -1 -5.1591 463.1317 173.1550 508.4897 200.7030 1.8014 1.5936 3.7220 -8.5342 1.8225 49.2044 -5.3303 -6.0636
Car -1 -1 -8.0897 787.2997 182.8410 1241.0000 374.0000 1.4967 1.6523 3.5720 1.4473 1.5587 2.5739 -7.6259 -6.1645
Car -1 -1 -1.8404 165.7711 180.9978 197.3258 197.6557 1.5102 1.6303 3.8872 -41.1534 2.3133 69.2432 -2.3751 -6.2483
Car -1 -1 -4.1324 185.4244 181.0747 226.1667 196.3358 1.4141 1.7180 3.7444 -39.6656 2.2431 70.8636 -4.6413 -6.3109
Car -1 -1 -4.9903 470.7610 171.1204 507.2849 198.0525 1.9930 1.6400 4.3731 -9.4118 1.8644 55.7222 -5.1572 -6.3368
