Car -1 -1 -4.6188 760.2729 171.9620 806.1781 212.3199 1.7490 1.7246 3.8180 8.0145 1.7100 33.3541 -4.3856 4.7727
Car -1 -1 -4.9904 567.4188 178.2720 606.9976 202.0132 1.5131 1.6248 4.1028 -1.6327 1.8987 49.1925 -5.0238 -0.9401
Car -1 -1 -5.8861 1050.7263 159.8932 1142.0001 189.7082 1.5245 1.6015 3.7519 26.1111 0.8615 38.8988 -5.2986 -1.1468
Car -1 -1 -4.8806 319.4702 180.0236 343.7805 197.9274 1.6424 1.5760 3.8441 -27.0046 2.3570 69.8899 -5.2483 -1.6462
Car -1 -1 -5.0063 576.6387 176.0589 607.8541 196.1424 1.8052 1.7521 4.3303 -1.7306 2.1170 67.9291 -5.0321 -2.0103
Car -1 -1 -4.5160 353.6460 188.6296 404.1790 223.0475 1.4572 1.5836 3.7199 -10.9461 2.2483 34.2604 -4.8234 -2.0241
Car -1 -1 -4.1580 622.2996 177.8185 682.3525 208.6300 1.5109 1.5137 3.5390 2.2247 1.7841 37.8720 -4.1003 -3.0210
Car -1 -1 -4.2658 443.1731 184.9389 498.6836 210.6071 1.4687 1.6815 4.5184 -8.8133 2.2780 45.9417 -4.4547 -3.2008
Car -1 -1 -7.7113 1201.6150 156.1541 1241.0000 189.9122 1.5482 1.6173 3.8504 30.0646 0.7820 34.9694 -7.0054 -3.2021
Car -1 -1 -3.9534 715.5750 173.6604 764.1672 194.4727 1.5106 1.5645 3.5739 9.7393 1.5727 54.1903 -3.7769 -3.2859
Car -1 -1 -4.3673 646.5385 176.9027 677.2532 195.1345 1.6367 1.6562 3.9187 4.8899 2.0290 67.8448 -4.2961 -3.4488
Car -1 -1 -5.4855 215.1040 175.6462 260.2797 194.2664 1.7659 1.6901 3.8691 -36.2713 2.0430 70.2682 -5.9607 -3.6471
Car -1 -1 -4.6170 86.9344 191.3439 156.7173 243.1369 1.5430 1.6288 3.8245 -16.8909 2.2375 25.0439 -5.2057 -3.7723
Car -1 -1 -4.7443 727.5592 174.2630 749.4785 193.4954 1.5574 1.6771 4.2669 10.8038 1.6805 60.9856 -4.5701 -3.8067
Car -1 -1 -7.7286 387.5810 188.9622 432.9890 222.5489 1.4331 1.6259 3.9614 -9.6229 2.2573 34.8544 -7.9965 -3.8889
Car -1 -1 -4.8789 749.1530 173.2218 778.5367 194.3567 1.5724 1.6076 3.7405 11.7983 1.6014 55.6481 -4.6714 -3.9998
Car -1 -1 -3.7806 68.7293 176.9193 140.1738 201.4559 1.6096 1.6635 3.8237 -35.0557 1.9032 50.0972 -4.3888 -4.0367
Car -1 -1 -4.5289 673.0248 179.7051 697.9084 195.8742 1.4795 1.7407 3.7683 7.3096 2.1616 69.8165 -4.4254 -4.1230
Car -1 -1 -4.2680 398.3635 187.4186 435.8900 205.6076 1.6230 1.8224 4.4044 -18.7984 3.0917 70.4474 -4.5282 -4.2302
Car -1 -1 -4.6603 526.0774 179.8699 551.8889 202.0715 1.4786 1.6222 4.1157 -5.0592 1.9992 51.4705 -4.7582 -4.2487
Car -1 -1 -7.8535 902.9245 172.9157 942.3046 207.1953 1.5540 1.6544 3.7504 15.0029 1.5569 34.7665 -7.4496 -4.2652
Car -1 -1 -7.1309 323.7346 191.7163 388.3825 220.2641 1.4492 1.5053 3.5400 -14.4385 2.5734 41.0922 -7.4672 -4.3368
Car -1 -1 -4.8468 930.0559 184.7614 980.7990 220.5406 1.3075 1.4088 3.2782 13.9315 1.8204 29.3233 -4.4078 -4.7021
Car -1 -1 -4.8587 830.7350 174.1735 864.3088 196.4277 1.4797 1.5921 4.4026 16.5565 1.5761 50.5528 -4.5443 -4.8657
Car -1 -1 -4.9928 873.5385 175.1454 905.3649 195.2154 1.5563 1.5093 3.3535 22.4304 1.7460 58.0826 -4.6264 -4.9986
Car -1 -1 -6.6199 325.1794 176.9994 379.8388 206.4440 2.4913 1.8539 4.1634 -22.7146 2.8683 63.6473 -6.9617 -5.0245
Car -1 -1 -4.6468 686.8696 170.6538 716.8369 195.9646 1.7171 1.8284 4.5413 6.5491 1.5675 51.3524 -4.5211 -5.1789
Car -1 -1 -8.4167 750.2257 173.9445 808.1630 196.5240 1.4116 1.7037 4.2543 11.0640 1.4868 47.6200 -8.1901 -5.2226
Car -1 -1 -4.7291 886.7370 171.9064 904.9160 189.6700 1.6587 1.5517 3.8423 27.4635 1.5699 69.4444 -4.3542 -5.2467
Car -1 -1 -4.8124 643.8801 174.1211 671.9803 196.0336 1.7053 1.8094 4.7502 3.8365 1.8125 58.8355 -4.7480 -5.3072
Car -1 -1 -4.7151 979.0023 166.2639 1003.5751 187.3006 1.4926 1.5520 3.7384 28.0700 1.0247 53.2119 -4.2322 -5.3242
Car -1 -1 -4.6617 673.1494 176.8089 695.3781 196.4493 1.5704 1.6710 3.7442 6.2248 1.9124 60.4669 -4.5601 -5.3861
Car -1 -1 -4.6990 0.0000 186.7082 27.9099 210.3158 1.4737 1.7315 4.1586 -41.2796 2.4701 49.7452 -5.3892 -5.4843
Car -1 -1 -3.5310 291.0496 175.4347 346.0690 199.1148 1.9186 1.7591 3.9334 -24.5945 2.1433 60.8983 -3.9136 -5.5027
Car -1 -1 -4.5141 588.0937 180.1084 611.0452 195.7528 1.4604 1.5729 3.6668 -1.0203 2.1946 71.1085 -4.5288 -5.6315
Car -1 -1 -4.6905 0.0000 185.3043 0.0000 210.7175 1.4913 1.6657 4.2334 -41.1709 2.3324 46.6093 -5.4113 -5.7269
Car -1 -1 -5.2368 624.8749 177.0491 665.6279 195.4738 1.5136 1.6455 4.1874 2.9892 1.8899 62.5311 -5.1897 -5.7419
Car -1 -1 -4.9578 491.8115 180.8804 523.4186 200.4233 1.5265 1.6735 4.0769 -8.6266 2.2223 60.3737 -5.0995 -5.7927
Car -1 -1 -5.2171 800.5497 174.1312 859.2764 199.8931 1.4549 1.6051 4.0014 13.0230 1.5346 43.0847 -4.9258 -5.8302
Car -1 -1 -4.7239 813.6528 172.9783 838.2864 193.1734 1.3828 1.6239 4.0341 15.3768 1.3918 51.5944 -4.4362 -5.8442
Car -1 -1 -4.5779 90.5463 182.5554 132.0597 209.5280 1.6367 1.7054 4.1405 -32.8831 2.3067 47.6219 -5.1798 -5.8750
Car -1 -1 -4.5094 0.0000 181.6732 0.0000 208.6626 1.5346 1.6628 4.0862 -41.5256 2.1064 44.6289 -5.2559 -5.8867
Car -1 -1 -4.4713 0.0000 185.1360 0.0000 214.1378 1.5220 1.6517 4.0141 -41.6090 2.2703 41.8303 -5.2510 -5.8867
Car -1 -1 -4.8278 1208.9224 158.1319 1241.0000 179.7879 1.3879 1.6455 4.0631 41.4681 0.4441 48.3879 -4.1223 -5.8867
Car -1 -1 -3.5413 0.0000 203.8938 0.0000 374.0000 1.5338 1.6180 3.9690 -5.4753 1.7108 2.1263 -4.6977 -5.8867
Car -1 -1 -4.6012 479.9348 179.7560 511.7851 206.8923 1.6284 1.5868 4.0120 -7.3251 2.0913 46.3764 -4.7575 -6.2429
Car -1 -1 -5.7693 1029.4017 168.6444 1100.1904 192.1244 1.4871 1.4294 3.7327 29.9554 1.2201 47.6778 -5.2113 -6.2610
Car -1 -1 -8.2229 260.5922 177.2078 303.1212 199.4811 1.6160 1.7138 3.7595 -25.0770 1.9594 55.0320 -8.6489 -7.2979
