Car -1 -1 -6.4623 175.8914 193.9118 265.8628 222.7169 1.4363 1.5941 4.2623 -21.9846 2.6829 40.7772 -6.9544 3.4125
Car -1 -1 -6.4996 548.9470 166.3575 593.6659 182.7902 1.5124 1.6293 3.9321 -3.6603 0.9142 67.7169 -6.5537 -0.5419
Car -1 -1 -7.5327 1131.9332 167.0850 1189.1123 193.5603 1.5015 1.6181 3.6813 32.5053 1.1741 42.6306 -6.8848 -1.9579
Car -1 -1 -4.1880 137.6252 191.4133 182.6422 210.6863 1.5143 1.5797 3.8618 -38.8753 3.1696 62.4111 -4.7434 -2.1951
Car -1 -1 -4.3849 0.0000 197.7439 41.9696 232.9556 1.4985 1.6200 3.9821 -30.0326 2.8105 35.8938 -5.0781 -2.5546
Car -1 -1 -8.4519 767.7625 154.1217 821.8256 180.7671 1.8871 1.8176 4.1981 13.5808 0.5601 53.3851 -8.2042 -2.6893
Car -1 -1 -1.9271 283.8580 179.2570 324.1004 202.8139 1.6417 1.6270 3.4453 -22.5619 2.1285 53.0807 -2.3275 -2.9966
Car -1 -1 -3.5035 1046.2968 170.2491 1140.6891 199.5586 1.5480 1.6414 3.9486 26.2458 1.4101 39.3454 -2.9190 -3.1202
Car -1 -1 -5.1248 131.3032 195.8946 177.7831 217.2992 1.5619 1.6953 4.0810 -36.9522 3.4878 58.4754 -5.6865 -3.1352
Car -1 -1 -6.9191 405.5713 183.0982 643.8625 283.1323 1.5277 1.5637 4.3299 -1.4997 1.7479 13.4812 -7.0288 -3.2302
Car -1 -1 -5.2552 674.7219 156.4779 726.4383 179.7386 1.6045 1.7305 4.2846 6.4503 0.4746 52.0810 -5.1328 -3.4645
Car -1 -1 -7.1649 1116.0974 170.6885 1198.7396 198.8716 1.4703 1.6725 3.5612 29.4327 1.3571 38.8748 -6.5208 -3.8174
Car -1 -1 -4.6210 122.5628 190.8023 152.3538 210.1473 1.5199 1.8117 3.9958 -41.2013 3.1399 62.9443 -5.1988 -3.8217
Car -1 -1 -6.3071 1103.0330 165.3724 1215.9042 201.7880 1.5217 1.6291 3.8939 24.1628 1.2088 31.9448 -5.6641 -3.8798
Car -1 -1 -4.8585 1124.1370 168.3996 1169.5195 192.1792 1.5674 1.8648 4.5085 37.0823 1.2735 49.9866 -4.2233 -3.9024
Car -1 -1 -8.1511 652.5170 159.4274 692.0427 184.7431 1.8875 1.8463 4.4017 4.7645 0.8861 56.1422 -8.0671 -4.0121
Car -1 -1 -7.6906 491.7952 165.3006 517.4769 182.8488 1.4594 1.6549 3.3201 -9.0026 0.8309 61.6828 -7.8351 -4.1004
Car -1 -1 -4.3261 1104.3271 167.6144 1146.5928 185.4508 1.3775 1.6462 3.2180 40.9010 0.9726 57.2841 -3.7086 -4.1551
Car -1 -1 -5.9687 1072.2684 165.8548 1159.7883 194.0577 1.5999 1.6150 3.9655 30.0534 1.2025 42.9982 -5.3621 -4.2017
Car -1 -1 -2.3722 436.0082 164.6271 480.4054 181.5352 1.4937 1.7641 3.7815 -13.8088 0.7666 65.4956 -2.5794 -4.2286
Car -1 -1 -8.3262 1143.5081 161.9881 1216.9465 191.3679 1.6997 1.7023 4.3564 34.6543 1.0708 44.0426 -7.6630 -4.4227
Car -1 -1 -7.2266 902.8938 166.0574 991.8747 205.7488 1.5408 1.5666 3.4784 13.7806 1.2767 29.5439 -6.7943 -4.4389
Car -1 -1 -4.7782 1175.3962 169.0132 1219.0607 198.9827 1.6236 1.6665 3.7312 33.3483 1.4153 41.0958 -4.1003 -4.7376
Car -1 -1 -8.0276 929.3367 153.0229 965.0405 178.2886 1.8552 1.7644 4.1856 25.7264 0.3988 55.2309 -7.5937 -4.8214
Car -1 -1 -4.7664 239.0245 187.5759 261.9784 204.9049 1.3957 1.6099 3.8605 -31.7901 2.7378 63.7173 -5.2278 -5.0172
Car -1 -1 -8.4113 919.9379 151.8624 978.1910 179.3135 1.7420 1.6321 3.9688 22.3803 0.4096 47.8565 -7.9762 -5.0585
Car -1 -1 -4.4545 1124.7267 168.2715 1169.5728 187.9430 1.4634 1.7403 4.3358 41.4666 1.1222 55.7105 -3.8173 -5.2438
Car -1 -1 -4.8603 258.1407 185.9454 289.6649 206.9356 1.4846 1.6206 4.1659 -26.1153 2.5390 55.9439 -5.2955 -5.3187
Car -1 -1 -7.8192 1096.2572 161.3523 1124.6290 183.5465 1.7550 1.7727 4.6512 41.2353 0.8452 59.4523 -7.2152 -5.5999
Car -1 -1 -4.8742 211.6653 185.6066 243.1206 204.0776 1.4766 1.7876 4.0873 -33.3710 2.6253 62.8429 -5.3608 -5.6219
Car -1 -1 -4.1930 192.6437 167.9040 250.9510 206.7162 2.5695 1.8021 3.9756 -26.7357 2.2415 49.7808 -4.6839 -5.6853
Car -1 -1 -4.5955 447.7051 183.1122 493.5413 217.0051 1.4639 1.6913 3.9961 -6.6326 1.9827 34.4611 -4.7847 -5.6969
Car -1 -1 -4.8943 1084.7347 170.9919 1125.4481 193.3192 1.5297 1.6153 4.4308 35.4382 1.4018 51.7883 -4.2971 -5.7242
Car -1 -1 -4.7330 94.2533 192.7826 120.1723 213.0895 1.4872 1.6640 4.0221 -41.2369 3.1779 59.1114 -5.3402 -5.8648
Car -1 -1 -4.3821 55.9917 190.1401 110.8571 218.3877 1.6567 1.6683 4.0392 -34.3649 2.8383 47.1559 -5.0094 -5.8861
Car -1 -1 -4.8252 1195.1167 168.8418 1234.6842 190.6145 1.4321 1.6269 3.9885 41.4695 1.1679 49.5728 -4.1317 -5.8867
Car -1 -1 -4.6007 39.2297 184.3598 74.3705 206.5408 1.5348 1.6546 4.0107 -41.6058 2.4345 54.2967 -5.2523 -5.8867
Car -1 -1 -4.7772 1152.4016 168.6507 1184.9325 188.8389 1.4401 1.6372 4.0160 41.4195 1.1400 53.5945 -4.1221 -5.8867
Car -1 -1 -4.4991 0.0000 188.2755 0.0000 217.1039 1.5895 1.6745 4.0147 -41.6082 2.5808 44.2401 -5.2509 -5.8867
Car -1 -1 -4.5473 0.0000 188.9405 20.1004 215.4275 1.6255 1.6869 4.0223 -41.6092 2.7673 49.0654 -5.2481 -5.8867
Car -1 -1 -4.3554 474.8072 181.6148 534.7393 215.0038 1.4784 1.6316 3.8741 -5.0878 1.9293 35.0974 -4.4988 -5.8867
Car -1 -1 -4.7091 160.6393 181.7358 181.4905 198.5243 1.4883 1.6463 4.0189 -41.6038 2.3562 68.3831 -5.2541 -5.8867
Car -1 -1 -4.0845 1195.5547 87.0954 1241.0000 374.0000 1.5132 1.6188 3.9611 5.0267 1.2679 2.9715 -3.0900 -5.8867
Car -1 -1 -7.1459 51.4793 0.0000 1241.0000 374.0000 1.5461 1.5901 3.8043 -1.2978 1.6301 1.0033 -7.9391 -5.8867
Car -1 -1 -4.2884 165.2206 186.2902 207.6020 205.8567 1.5489 1.6263 4.0305 -36.4059 2.7435 62.0768 -4.8172 -5.8867
Car -1 -1 -4.9323 1241.0000 167.9247 1241.0000 195.8645 1.4638 1.6343 3.9864 41.4697 1.2052 39.9168 -4.1317 -5.8867
Car -1 -1 -4.4514 0.0000 186.3469 0.0000 217.1296 1.5439 1.6579 4.0149 -41.6081 2.3359 40.2201 -5.2506 -5.8867
Car -1 -1 -4.5792 11.4895 185.5743 50.4964 209.2941 1.5592 1.6615 4.0122 -41.6047 2.5114 51.8806 -5.2528 -5.8867
Car -1 -1 -4.8941 1241.0000 168.8370 1241.0000 194.5772 1.4633 1.6353 3.9882 41.4701 1.2346 43.1344 -4.1320 -5.8867
Car -1 -1 -4.6200 65.2161 187.0652 97.4417 208.5778 1.5390 1.6651 4.0894 -41.5121 2.6982 56.6852 -5.2500 -5.8867
Car -1 -1 -4.6890 140.5747 183.6868 163.4129 201.8324 1.5303 1.6540 4.0122 -41.6029 2.5465 65.5593 -5.2529 -5.8867
Car -1 -1 -4.8595 1239.2328 168.6367 1241.0000 192.3276 1.4396 1.6294 3.9865 41.4694 1.1831 45.9581 -4.1287 -5.8867
Car -1 -1 -4.3710 50.1423 189.6918 103.3401 216.8021 1.6515 1.6532 3.9552 -35.9712 2.8382 48.7342 -5.0044 -5.8962
Car -1 -1 -4.8332 559.5670 185.6108 603.1710 218.9668 1.4727 1.6581 4.0875 -1.5120 2.1408 35.6532 -4.8760 -6.0574
Car -1 -1 -7.4287 1220.4783 153.9257 1241.0000 192.9389 1.7020 1.7624 4.2132 30.2414 0.8759 33.1258 -6.6933 -6.1306
