Car -1 -1 -7.4359 102.4999 179.9638 407.9543 366.1043 1.5778 1.6074 3.4820 -3.5331 1.5334 7.8400 -7.8468 7.7695
Car -1 -1 -7.6170 366.0634 181.4596 488.6340 260.4593 1.4719 1.6120 4.0284 -3.7467 1.4021 15.4094 -7.8519 7.2784
Car -1 -1 -8.0581 696.1484 186.1364 799.3504 254.3742 1.3493 1.5366 3.4907 2.9467 1.3722 16.0265 -7.8798 7.2531
Car -1 -1 -7.7133 461.9506 178.2579 519.5599 221.3969 1.5146 1.6405 3.6593 -4.3762 1.2705 27.0838 -7.8723 6.4326
Car -1 -1 -7.9102 585.4761 177.3305 615.1275 201.3891 1.4578 1.6558 3.8274 -0.5377 0.9802 45.5243 -7.9223 5.0817
Car -1 -1 -7.9481 638.0995 177.6239 674.3770 205.3653 1.4764 1.6421 4.0473 2.6364 1.0725 40.3054 -7.8836 4.7556
Car -1 -1 -7.8084 510.3051 179.4843 541.7663 205.7197 1.3743 1.5599 3.4467 -4.4755 1.0742 39.4266 -7.9210 4.3540
Car -1 -1 -7.4779 234.2836 183.1826 356.4112 243.9154 1.4375 1.6112 3.8976 -8.1309 1.3896 18.9827 -7.8778 3.6072
Car -1 -1 -7.1392 0.0000 191.0321 151.7680 343.3459 1.4209 1.6116 4.0276 -7.7866 1.5093 8.8820 -7.8441 3.4321
Car -1 -1 -7.5812 350.7370 181.1470 418.0961 221.2209 1.4355 1.5568 3.5515 -8.5154 1.2899 27.5451 -7.8786 3.0763
Car -1 -1 -7.5700 453.2418 170.7003 494.2133 196.1494 1.5855 1.6345 3.7410 -8.6884 0.6814 46.7297 -7.7531 0.8625
Car -1 -1 -4.6075 576.2404 175.3431 602.7750 197.4540 1.5757 1.5843 3.7090 -1.3375 0.8723 53.1384 -4.6330 -0.1861
Car -1 -1 -7.6769 526.7104 176.0401 559.9148 199.0558 1.5297 1.6314 3.8945 -4.4446 0.9200 49.7906 -7.7658 -0.9997
Car -1 -1 -4.5177 622.0550 178.9356 659.7341 204.4388 1.4694 1.5597 3.8810 2.0203 1.1077 43.4891 -4.4720 -2.2564
Car -1 -1 -5.2175 676.6320 171.9547 733.8622 198.7375 1.5868 1.6882 4.2377 5.9913 0.8013 44.8721 -5.0860 -2.3730
Car -1 -1 -4.5793 0.0000 186.2401 68.1045 308.3139 1.4655 1.6362 3.9012 -9.3248 1.4840 10.7490 -5.2816 -3.2486
Car -1 -1 -8.0409 700.4265 172.9343 749.6963 207.5403 1.6179 1.6348 4.2606 5.7283 1.0439 35.7608 -7.8837 -3.3050
Car -1 -1 -3.3007 678.2220 169.9916 720.6302 186.2997 1.5746 1.6612 3.8977 8.9346 0.1048 70.3035 -3.1751 -3.3661
Car -1 -1 -8.0076 693.1315 173.8859 732.1330 206.1533 1.6859 1.5658 3.6083 5.6631 1.0941 39.3717 -7.8662 -4.2229
Car -1 -1 -2.8632 573.3870 177.6061 644.0603 204.4965 1.5174 1.6375 3.8148 0.0389 1.0882 41.8772 -2.8627 -4.2931
Car -1 -1 -6.1807 405.7655 171.9154 476.5406 206.7487 1.6945 1.6907 3.2975 -8.3296 1.0476 36.0113 -6.4067 -4.3299
Car -1 -1 -8.1847 666.9343 174.2436 725.8740 208.4746 1.5860 1.6312 4.0848 4.2644 1.0778 35.4737 -8.0664 -4.3864
Car -1 -1 -4.2275 297.8671 187.6166 366.0901 219.0615 1.2609 1.4010 3.1731 -11.7611 1.3693 30.7397 -4.5904 -4.4763
Car -1 -1 -5.0741 602.7020 178.7709 637.3972 196.9771 1.4795 1.5776 4.0741 0.9809 0.9559 60.6008 -5.0584 -4.6333
Car -1 -1 -7.6862 3.0573 191.6761 144.0324 278.3856 1.4039 1.5643 3.5486 -10.1660 1.5461 13.8650 -8.3098 -4.8489
Car -1 -1 -7.9160 337.8391 178.7137 407.7310 238.2789 1.4341 1.5585 3.3770 -6.3744 1.2777 19.1637 -8.2332 -4.8582
Car -1 -1 -7.9688 393.4271 176.4132 464.4984 229.2354 1.4300 1.6285 3.8125 -5.4757 1.1919 21.5322 -8.2151 -5.2146
Car -1 -1 -4.5337 155.3535 181.0781 336.8726 304.3912 1.5217 1.6677 4.4336 -5.4053 1.4708 11.2280 -4.9733 -5.2470
Car -1 -1 -8.2264 577.7064 175.6710 633.2573 205.3741 1.4748 1.7307 3.5424 -0.2040 1.0011 37.6582 -8.2322 -5.2552
Car -1 -1 -2.6866 0.0000 196.0396 68.9729 294.3953 1.4322 1.5520 3.9745 -11.7871 1.6347 12.1015 -3.4479 -5.6474
Car -1 -1 -3.6028 0.0000 194.8837 0.0000 375.0000 1.5030 1.6114 3.9595 -4.6854 1.5587 2.1367 -4.6978 -5.8867
Car -1 -1 -5.0153 699.5888 181.7239 764.3596 215.7550 1.3793 1.6255 4.0229 5.2748 1.2379 31.2398 -4.8500 -5.8876
Car -1 -1 -4.9159 707.9363 182.9163 785.2766 225.4442 1.3666 1.7719 4.4783 4.7351 1.2928 25.3569 -4.7337 -5.9006
