Car -1 -1 -7.3262 71.9563 185.5389 272.5403 275.8368 1.4495 1.5440 3.5937 -7.8907 1.4564 13.3509 -7.8514 8.0205
Car -1 -1 -7.5754 326.6397 179.2433 472.0111 280.3307 1.5755 1.5852 3.4664 -3.6320 1.4826 12.9452 -7.8439 7.5318
Car -1 -1 -7.6656 430.5629 178.4429 513.9323 235.9287 1.5018 1.6328 4.0018 -3.8496 1.3250 20.7868 -7.8467 7.2043
Car -1 -1 -7.7045 481.6960 177.3602 530.2171 213.0768 1.4968 1.6228 3.5233 -4.4957 1.1677 31.8946 -7.8437 6.3642
Car -1 -1 -8.0594 696.8701 185.7073 804.1758 256.1943 1.3493 1.5408 3.5429 2.9116 1.3614 15.5755 -7.8782 6.2178
Car -1 -1 -7.9671 641.1337 176.6724 683.9757 208.1162 1.5009 1.6917 4.1242 2.6804 1.0932 36.4074 -7.8946 5.8720
Car -1 -1 -7.5174 308.6297 180.0721 398.6241 228.3539 1.4529 1.5934 3.8113 -8.2472 1.2983 23.5394 -7.8512 4.7089
Car -1 -1 -7.8857 585.4606 175.7302 612.0867 199.0050 1.5342 1.6976 3.8613 -0.6761 0.9091 49.3528 -7.8997 3.1660
Car -1 -1 -7.8346 517.9771 177.9629 544.8846 202.4093 1.4358 1.5729 3.6109 -4.6746 1.0100 44.0870 -7.9400 1.8815
Car -1 -1 -6.9570 0.0000 218.3867 114.4215 375.0000 1.4300 1.5867 3.7414 -3.4522 1.6146 2.0723 -7.9303 1.6180
Car -1 -1 -7.8427 575.8253 176.0993 597.0615 196.0946 1.5140 1.6078 3.7480 -1.6694 0.8239 56.3191 -7.8726 -0.1532
Car -1 -1 -4.5197 386.0683 179.0507 436.3902 214.1033 1.4496 1.5010 3.3756 -8.5800 1.1948 31.4655 -4.7840 -0.2891
Car -1 -1 -7.7178 493.1981 168.4066 516.0915 185.7591 1.6230 1.6727 3.8625 -9.8998 0.0510 69.1705 -7.8597 -1.6789
Car -1 -1 -4.7922 537.9776 174.2458 563.6326 194.9746 1.4943 1.6028 3.9289 -4.3226 0.7037 53.8894 -4.8722 -1.7803
Car -1 -1 -7.6842 429.2672 169.1639 470.2917 197.8819 1.5642 1.6375 4.0192 -9.0264 0.6901 41.1987 -7.8988 -2.4966
Car -1 -1 -7.7784 698.3295 178.4974 743.0340 215.3429 1.4923 1.6268 4.0710 4.9315 1.2204 31.2827 -7.6238 -3.1745
Car -1 -1 -4.3846 164.4422 191.9676 262.7738 237.7732 1.2342 1.4886 3.7153 -11.9206 1.4585 21.9010 -4.8782 -3.3926
Car -1 -1 -8.0168 682.2219 174.2457 719.7062 201.6992 1.5704 1.6146 3.8239 5.5048 0.9430 43.0604 -7.8909 -3.4105
Car -1 -1 -7.8853 405.1829 155.7970 432.4469 182.3253 1.6457 1.6126 3.3254 -12.3572 -0.1954 46.8158 -8.1421 -3.5343
Car -1 -1 -4.9109 612.4131 175.5495 636.2163 190.3178 1.4318 1.6226 3.9509 1.6167 0.4948 71.7805 -4.8888 -3.6223
Car -1 -1 -7.1971 581.9715 178.1527 649.9576 208.1085 1.4828 1.6203 3.7160 0.4402 1.1333 37.5428 -7.1859 -3.9513
Car -1 -1 -5.2835 677.6061 172.1784 725.2852 194.5471 1.5703 1.5532 3.9661 6.7837 0.6552 52.5889 -5.1562 -4.2352
Car -1 -1 -4.8972 720.4922 180.9791 788.7175 219.6379 1.3638 1.7596 4.3457 5.4809 1.2145 27.5404 -4.7032 -5.0085
Car -1 -1 -6.6223 708.4230 172.3940 762.9521 194.0918 1.5685 1.6261 3.6273 9.4032 0.6418 53.0660 -6.4482 -5.0647
Car -1 -1 -4.3678 321.8257 181.4556 452.4858 251.4254 1.4831 1.7985 3.7329 -5.1483 1.4035 17.1512 -4.6555 -5.3661
Car -1 -1 -4.5930 399.6637 178.2923 460.3077 222.0450 1.3457 1.5211 3.7855 -5.9160 1.1329 24.0796 -4.8316 -5.6055
Car -1 -1 -5.1823 477.5426 168.3175 534.6036 197.0104 1.8632 1.7932 5.0005 -7.0507 0.7661 49.2424 -5.3241 -5.8115
Car -1 -1 -4.4628 552.5803 175.0760 596.3815 200.9493 1.4070 1.5834 3.9401 -1.8832 0.8557 41.1801 -4.5085 -5.8867
Car -1 -1 -4.7611 432.5869 178.8446 479.4825 219.0052 1.4281 1.5698 3.8014 -5.9201 1.2017 27.5996 -4.9708 -5.9807
