Car -1 -1 -8.0636 702.6867 188.9286 820.1940 266.5538 1.3367 1.5487 3.4207 2.8592 1.4194 14.2661 -7.8700 8.0410
Car -1 -1 -7.9880 651.7661 181.2786 710.9425 222.5343 1.4575 1.6930 4.0871 2.6882 1.3186 27.4710 -7.8919 7.5849
Car -1 -1 -7.3244 4.8486 181.5704 238.3486 288.5789 1.5725 1.6535 3.7003 -8.1648 1.5190 12.4461 -7.8953 7.4915
Car -1 -1 -7.5405 257.3072 188.0388 446.9570 301.2231 1.4463 1.6278 3.7679 -3.7767 1.4977 11.1683 -7.8597 7.1895
Car -1 -1 -7.7038 439.9260 178.4625 512.7897 235.8540 1.5997 1.6675 3.4338 -3.9382 1.4116 21.7754 -7.8810 6.7017
Car -1 -1 -7.5946 380.6194 181.2295 441.8400 216.2439 1.4247 1.6160 3.8704 -8.4828 1.2627 31.1888 -7.8583 5.2661
Car -1 -1 -7.7097 481.4599 181.0394 535.1148 219.0825 1.4732 1.6280 4.1484 -4.1025 1.3117 29.9195 -7.8452 5.2459
Car -1 -1 -7.4519 272.2794 183.8367 381.8581 239.7621 1.4966 1.6457 3.7529 -8.1616 1.4598 21.1431 -7.8164 4.1218
Car -1 -1 -7.7753 503.9254 179.6133 537.4102 206.4045 1.4456 1.6080 3.4715 -4.9033 1.1434 40.5544 -7.8952 3.4392
Car -1 -1 -7.8352 583.7967 178.6015 608.5239 200.8873 1.5335 1.6991 3.9031 -0.8188 1.0786 51.4202 -7.8515 3.1664
Car -1 -1 -7.9757 622.4041 179.9557 649.6931 200.5540 1.5112 1.6285 3.6897 2.0968 1.1254 54.6450 -7.9380 2.7483
Car -1 -1 -7.6872 433.4841 180.5666 471.7391 206.8201 1.4344 1.5534 3.6504 -8.8593 1.1806 41.1350 -7.8983 1.8645
Car -1 -1 -7.9722 608.6710 179.3146 631.7983 196.6731 1.5317 1.6456 3.9409 1.0945 1.0111 65.4739 -7.9560 0.1736
Car -1 -1 -8.0825 521.5922 181.3024 555.6887 202.6439 1.4938 1.6252 3.9129 -5.1009 1.2201 52.4311 -8.1794 0.1550
Car -1 -1 -4.5237 574.1700 177.5692 601.4623 196.3839 1.5343 1.6129 3.8398 -1.6643 0.9109 60.6468 -4.5515 -0.2171
Car -1 -1 -7.7136 455.7874 169.1128 488.1657 193.2502 1.5958 1.6556 3.9450 -9.3353 0.5314 49.5346 -7.8991 -1.3142
Car -1 -1 -7.9075 480.4496 162.5103 504.0513 182.8892 1.6352 1.7243 4.4316 -9.7800 -0.2035 60.5662 -8.0671 -1.8671
Car -1 -1 -7.4887 311.3113 162.9002 354.4124 189.9054 2.1203 1.7785 4.5434 -22.4015 0.3684 58.7138 -7.8519 -1.9666
Car -1 -1 -4.7842 560.0037 176.5746 583.1926 196.7782 1.6511 1.6903 3.6608 -3.0948 0.9451 60.6676 -4.8354 -3.0319
Car -1 -1 -4.5774 691.0215 181.6596 729.5905 209.7535 1.4973 1.6167 4.1391 5.7971 1.3079 40.5234 -4.4367 -3.4199
Car -1 -1 -7.9005 445.4218 161.5784 468.1150 180.6578 1.5836 1.7588 3.8616 -13.2203 -0.4110 62.7519 -8.1074 -3.8463
Car -1 -1 -4.9379 272.3304 185.4467 375.5505 251.2578 1.4496 1.6179 3.5383 -7.1342 1.4561 17.7634 -5.3149 -4.0142
Car -1 -1 -4.7583 623.2469 185.4959 655.2792 210.1873 1.3421 1.6257 4.3672 1.7313 1.3592 41.3110 -4.7171 -4.4833
Car -1 -1 -4.7030 611.4070 181.6969 637.1122 205.3266 1.4617 1.5906 4.2069 1.0591 1.2442 46.5950 -4.6808 -4.8068
Car -1 -1 -5.0034 529.3571 176.1985 560.9952 195.3347 1.5667 1.5844 4.0158 -5.3613 0.8286 61.0115 -5.0910 -5.2708
Car -1 -1 -4.6809 649.9131 177.1970 670.5869 196.1386 1.5098 1.5829 4.0095 4.3468 0.8708 59.3759 -4.6086 -5.3663
Car -1 -1 -6.5692 619.1830 182.7071 693.5712 206.5678 1.4481 1.6246 4.3527 2.9923 1.2960 44.8967 -6.5036 -5.4106
Car -1 -1 -4.7513 318.9630 180.1291 416.0964 259.7496 1.4215 1.6850 4.3007 -5.1865 1.3308 15.1430 -5.0761 -5.4315
Car -1 -1 -4.4729 192.2494 182.4244 227.7808 201.4935 1.4661 1.6593 3.6238 -31.6365 1.2516 57.2328 -4.9762 -5.8581
Car -1 -1 -4.9194 1223.6914 136.8883 1240.0000 244.2797 1.5539 1.6600 4.1291 12.2410 0.8548 12.5943 -4.1597 -5.9149
Car -1 -1 -7.8957 647.3687 173.3767 668.5414 198.1881 2.1374 1.7107 3.7993 4.4172 1.1177 63.8478 -7.8274 -7.8642
