Car -1 -1 -8.0536 705.7858 187.3657 828.4593 270.1662 1.3797 1.5716 3.5610 2.8666 1.4266 13.8516 -7.8540 7.8201
Car -1 -1 -7.9978 652.9246 179.6060 715.3547 223.0273 1.4801 1.6960 4.1272 2.6965 1.2890 26.6024 -7.8983 7.8039
Car -1 -1 -7.6786 441.8454 177.5582 515.4102 233.8952 1.5916 1.6412 3.3968 -3.9124 1.3755 22.0085 -7.8528 7.5654
Car -1 -1 -7.3388 38.6874 180.0045 256.6048 278.6481 1.5429 1.6362 3.8378 -8.1991 1.4615 13.1878 -7.8861 6.9419
Car -1 -1 -7.5460 261.2946 187.0009 449.5356 300.1074 1.4643 1.6539 3.7576 -3.7568 1.4970 11.2506 -7.8615 6.6135
Car -1 -1 -7.7111 481.3837 177.9303 534.9147 217.7353 1.5488 1.6492 4.0451 -4.1213 1.2655 29.9993 -7.8468 5.9324
Car -1 -1 -7.5828 379.8769 179.5036 443.3040 215.5936 1.4743 1.6885 3.8433 -8.4936 1.2411 31.2931 -7.8460 5.5653
Car -1 -1 -7.8942 583.6661 176.4496 610.1282 200.4065 1.6219 1.7005 3.9067 -0.8238 1.0286 50.6653 -7.9108 4.2032
Car -1 -1 -7.9299 626.0616 176.9837 651.5718 197.8676 1.4826 1.5812 3.8635 2.2342 0.8983 52.9904 -7.8883 3.0318
Car -1 -1 -7.7050 504.4532 178.5152 541.9160 204.3899 1.4014 1.5697 3.7865 -4.7886 1.0387 40.8518 -7.8213 2.9606
Car -1 -1 -7.7265 435.9663 179.2268 471.4377 204.6578 1.3951 1.5571 3.4902 -8.8242 1.0668 41.2396 -7.9363 2.5414
Car -1 -1 -7.5341 277.8789 181.4075 377.2956 235.9124 1.4701 1.6258 3.7585 -8.2167 1.3676 21.3027 -7.8983 2.4736
Car -1 -1 -7.8438 527.7092 177.5543 550.7195 198.8876 1.4975 1.6103 3.7471 -4.9990 0.9599 52.3952 -7.9388 1.5276
Car -1 -1 -7.7207 458.7793 166.5972 489.7371 189.9693 1.5501 1.6142 3.7551 -9.1925 0.3154 49.5909 -7.9032 1.0614
Car -1 -1 -4.7706 614.5023 176.0723 635.9106 193.7565 1.5179 1.6549 4.1078 1.5051 0.7332 63.7833 -4.7475 -0.8588
Car -1 -1 -7.7412 574.5433 177.5352 598.4487 195.4468 1.4498 1.5940 3.7009 -1.7638 0.8283 60.0954 -7.7708 -1.0227
Car -1 -1 -4.8678 536.9525 176.1781 562.9865 194.7019 1.5185 1.6066 3.9447 -4.9530 0.7778 61.0344 -4.9488 -2.5272
Car -1 -1 -4.6261 447.8034 159.0288 472.3798 180.0883 1.7705 1.7812 4.1300 -13.0489 -0.4691 63.6387 -4.8277 -2.8436
Car -1 -1 -4.4844 552.2828 176.3396 583.2988 194.7297 1.5042 1.7369 4.1479 -3.3653 0.7783 60.9906 -4.5397 -3.0849
Car -1 -1 -4.7114 314.7933 181.7507 392.6114 246.3690 1.5054 1.7389 4.1640 -6.7401 1.4248 18.9989 -5.0482 -3.7982
Car -1 -1 -5.1849 648.8246 171.9186 682.6721 188.2172 1.5210 1.6124 3.9710 5.5400 0.2803 69.2278 -5.1057 -3.8019
Car -1 -1 -4.9518 696.0266 181.9161 739.3746 208.0631 1.4671 1.5910 4.0856 6.4020 1.2821 42.4409 -4.8035 -4.0097
Car -1 -1 -2.3167 104.6657 173.8006 245.9627 229.9004 1.6239 1.6303 3.7370 -13.3284 1.2937 22.1210 -2.8538 -4.0784
Car -1 -1 -7.5228 358.3664 166.6655 391.1594 187.1328 1.9441 1.7747 4.2317 -22.7825 0.1823 70.4141 -7.8349 -4.1270
Car -1 -1 -5.0917 696.7484 159.4588 731.0422 183.0744 2.0652 1.8024 3.7789 9.5881 -0.2004 65.2820 -4.9468 -4.2890
Car -1 -1 -4.5934 613.9924 183.5974 646.8936 206.5084 1.3519 1.5623 4.1488 1.4231 1.2565 44.5837 -4.5622 -4.3911
Car -1 -1 -6.7568 704.8459 182.1469 781.3059 210.1374 1.3655 1.5085 3.4900 6.7850 1.2159 36.2912 -6.5738 -4.5739
Car -1 -1 -6.0515 406.2293 182.6277 535.1127 224.8494 1.4836 1.7049 4.3400 -4.9733 1.3928 26.2097 -6.2375 -4.8373
Car -1 -1 -3.8527 678.2189 168.5012 717.9626 185.3038 1.6045 1.6022 3.7148 8.8414 0.0086 70.3414 -3.7285 -4.8438
Car -1 -1 -7.6593 218.3300 177.3577 308.9521 241.1921 1.6916 1.6169 4.1537 -10.0844 1.4835 21.2602 -8.0976 -4.9569
Car -1 -1 -4.5714 529.4452 175.8022 566.8766 203.0328 1.4725 1.5987 3.8179 -3.3672 0.9636 40.8245 -4.6535 -5.2257
Car -1 -1 -5.1668 557.6789 176.7760 624.5636 206.5179 1.4964 1.8033 4.4527 -0.9976 1.0719 38.5583 -5.1929 -5.8107
Car -1 -1 -4.5200 654.3364 176.6523 691.2409 199.9947 1.4110 1.6297 3.8317 4.1320 0.8935 45.5204 -4.4305 -5.8867
Car -1 -1 -4.4183 567.5838 176.4312 611.2493 201.0804 1.4609 1.6312 3.9938 -1.1178 0.9404 44.7469 -4.4435 -5.8867
Car -1 -1 -4.7732 326.6458 183.6222 421.4971 259.3479 1.3874 1.6642 4.1553 -5.1669 1.3583 15.4081 -5.0918 -5.9812
Car -1 -1 -4.6619 204.2094 182.1416 229.9453 201.4898 1.5071 1.6382 3.6564 -31.5023 1.2678 57.9983 -5.1579 -6.1080
