Car -1 -1 -8.0373 688.5454 186.2012 781.4916 249.8287 1.3747 1.5536 3.5200 2.9114 1.4011 17.3620 -7.8743 7.7437
Car -1 -1 -7.6752 441.9608 179.5841 510.0288 228.0217 1.5134 1.6375 3.6017 -4.4059 1.3376 24.2618 -7.8532 7.1681
Car -1 -1 -7.5551 289.2109 183.8172 462.4748 289.4298 1.4968 1.6080 4.0952 -3.7566 1.4772 12.2412 -7.8471 6.9589
Car -1 -1 -7.3755 148.7877 184.9042 313.7646 258.9666 1.4298 1.6212 3.7586 -8.0929 1.4239 15.7656 -7.8431 6.8324
Car -1 -1 -7.1858 0.0000 179.7895 312.1604 375.0000 1.6316 1.6461 3.6040 -3.5705 1.6108 4.6097 -7.8172 4.6574
Car -1 -1 -7.9591 631.1304 177.4462 666.1960 203.9920 1.5334 1.6974 4.0165 2.4027 1.0848 43.5731 -7.9048 4.0276
Car -1 -1 -7.7632 499.4631 181.8604 537.1975 210.2904 1.3868 1.6008 3.6146 -4.5760 1.2232 36.8963 -7.8861 3.8437
Car -1 -1 -7.9015 584.8386 177.0606 615.8668 203.6465 1.5377 1.6851 3.9632 -0.5197 1.0662 43.6075 -7.9138 3.6749
Car -1 -1 -7.7449 439.7576 168.6631 475.6362 196.7022 1.6369 1.7307 3.9252 -9.1632 0.6707 44.0025 -7.9493 1.9354
Car -1 -1 -7.5615 324.2853 182.6372 401.3075 225.6834 1.3964 1.5158 3.7989 -8.5417 1.3129 25.2412 -7.8849 1.5232
Car -1 -1 -7.8184 525.1575 177.8925 551.0369 201.2225 1.4778 1.5702 3.7285 -4.5889 1.0141 47.4425 -7.9147 0.6172
Car -1 -1 -7.7411 575.7125 178.2909 604.3519 199.7294 1.4829 1.6253 3.9983 -1.2611 1.0041 51.7864 -7.7657 0.5160
Car -1 -1 -7.6202 395.4140 171.0756 450.1656 209.7015 1.7325 1.6655 3.8670 -8.7594 1.0984 34.1895 -7.8694 -0.1995
Car -1 -1 -4.7817 478.3853 176.0475 504.8046 197.2366 1.4787 1.6355 3.7006 -8.4797 0.8391 52.1546 -4.9424 -1.9210
Car -1 -1 -4.5679 668.6454 174.3977 691.3344 191.1317 1.5802 1.6568 3.9087 7.0502 0.5588 69.9787 -4.4683 -2.5936
Car -1 -1 -5.3512 528.8690 181.8818 594.5745 210.1996 1.4036 1.5519 3.6416 -2.4769 1.2385 37.5204 -5.4171 -3.3002
Car -1 -1 -8.3426 689.9781 174.4585 750.3728 203.6721 1.5458 1.6546 3.9655 6.1853 0.9768 40.1829 -8.1914 -3.4735
Car -1 -1 -4.3769 491.8438 175.3909 530.4257 196.7608 1.5047 1.6032 3.9166 -7.0576 0.8131 52.6967 -4.5097 -3.5712
Car -1 -1 -4.1711 678.3030 172.4339 716.6451 191.3666 1.7064 1.6272 4.1757 8.3737 0.5545 66.9348 -4.0475 -3.6175
Car -1 -1 -8.0446 696.6779 168.7668 726.3649 190.7294 1.8523 1.7544 4.4153 9.0175 0.4652 62.8759 -7.9031 -4.0167
Car -1 -1 -7.3115 53.6072 182.9419 137.5716 213.4942 1.4004 1.5371 3.8681 -24.8094 1.2963 34.9339 -7.9256 -4.1908
Car -1 -1 -7.7836 732.2806 177.6090 776.2162 214.2850 1.4641 1.5844 3.8602 6.2816 1.1606 30.7685 -7.5844 -4.2376
Car -1 -1 -8.0216 524.6748 175.7664 552.6537 194.7273 1.4875 1.6339 3.8954 -5.6714 0.7464 58.4894 -8.1181 -4.2524
Car -1 -1 -4.6057 543.6648 176.7652 567.3417 196.5068 1.5649 1.5547 3.6541 -4.2640 0.8952 58.8348 -4.6781 -4.3465
Car -1 -1 -7.8974 32.1188 181.0478 77.9748 214.4662 1.4980 1.5718 3.8444 -26.3643 1.3113 34.2020 -8.5505 -4.3834
Car -1 -1 -4.8771 227.6260 196.5885 298.5912 238.9540 1.2618 1.6080 3.5580 -11.7715 1.6777 24.3583 -5.3233 -4.8146
Car -1 -1 -4.5122 575.5123 180.4542 617.2122 207.9676 1.4190 1.5957 3.5078 -0.6041 1.1736 38.9459 -4.5280 -4.8255
Car -1 -1 -7.6337 528.3176 181.7116 569.0704 208.0245 1.4650 1.5697 3.8666 -3.4336 1.2701 42.0472 -7.7151 -4.9660
Car -1 -1 -3.2791 746.1348 172.8887 814.7877 200.7688 1.5563 1.5795 3.6274 9.7939 0.8683 41.0844 -3.0471 -5.1772
Car -1 -1 -4.5915 329.4478 181.8912 419.7243 247.4139 1.4738 1.6626 4.3271 -5.8895 1.3992 18.4482 -4.8966 -5.2207
Car -1 -1 -4.2909 531.4841 177.4310 575.4236 198.9979 1.4982 1.6427 4.1072 -3.9109 0.9575 52.1461 -4.3658 -5.8867
Car -1 -1 -5.1912 574.1277 176.9904 624.4888 201.1407 1.5647 1.7874 3.9529 -0.6439 1.0320 48.7401 -5.2047 -5.8870
Car -1 -1 -5.2293 438.6979 179.5239 509.5745 210.7611 1.4212 1.6981 3.8122 -6.5322 1.1624 34.7085 -5.4143 -6.4918
Car -1 -1 -3.9921 726.6390 170.8722 784.0289 198.9280 1.4949 1.4011 3.1288 8.1559 0.7308 39.8074 -3.7918 -6.9024
Car -1 -1 -8.1671 686.8425 178.0809 748.0583 217.5477 1.6105 1.6338 3.4155 4.6491 1.3195 31.1529 -8.0207 -6.9094
