Car -1 -1 -7.6547 431.5684 182.3563 514.7889 242.4821 1.5735 1.6790 3.4458 -3.7956 1.4989 20.5512 -7.8354 7.8711
Car -1 -1 -8.0517 700.1938 190.1882 805.8442 263.2361 1.3706 1.5275 3.4755 2.9488 1.4899 15.4732 -7.8672 7.2786
Car -1 -1 -7.5104 226.9852 189.5473 440.5791 316.5019 1.4712 1.6291 3.7371 -3.7159 1.5449 10.3317 -7.8477 7.0747
Car -1 -1 -7.9763 650.9834 183.9762 701.6398 219.8738 1.4301 1.6529 4.0114 2.8160 1.3808 30.6685 -7.8861 6.9898
Car -1 -1 -7.5878 379.4290 183.1833 443.0737 221.5056 1.5267 1.6745 3.7362 -8.2964 1.4459 30.5088 -7.8515 5.2198
Car -1 -1 -7.2044 0.0000 186.3074 172.6928 322.9571 1.5325 1.6438 3.8782 -8.1049 1.5509 10.0453 -7.8704 4.9213
Car -1 -1 -7.6918 479.5598 183.2775 536.9180 222.3762 1.4647 1.6577 4.0114 -3.9700 1.3922 28.9562 -7.8272 4.7762
Car -1 -1 -7.8015 508.6746 182.8479 539.9185 209.7672 1.4147 1.5268 3.5402 -4.5893 1.2904 39.5920 -7.9166 3.8778
Car -1 -1 -7.9174 585.8507 181.0813 611.8397 201.3572 1.4496 1.6851 3.7641 -0.7152 1.1541 53.3339 -7.9312 3.2540
Car -1 -1 -7.8565 531.7454 180.9183 554.9890 202.4733 1.4861 1.5986 3.9048 -4.6490 1.1900 51.5793 -7.9463 1.3180
Car -1 -1 -4.3332 240.5563 186.7692 360.2366 246.5713 1.4303 1.5757 3.9454 -8.1263 1.4764 19.2799 -4.7274 -0.1971
Car -1 -1 -6.4320 432.6548 181.6436 511.3232 209.0010 1.4464 1.5661 4.0506 -7.4798 1.2577 39.4122 -6.6187 -0.3799
Car -1 -1 -7.7713 458.9038 171.1070 488.2587 195.1894 1.5605 1.6368 3.8545 -9.0516 0.6464 48.5794 -7.9548 -0.5390
Car -1 -1 -7.9445 620.2424 180.9893 644.5659 200.4235 1.5787 1.6728 4.1044 2.0246 1.2355 60.4918 -7.9116 -0.7513
Car -1 -1 -4.7889 541.0537 182.1943 564.0945 200.5914 1.4796 1.6149 3.8803 -4.6397 1.2368 59.8556 -4.8664 -2.3537
Car -1 -1 -4.8834 608.5754 179.3067 631.5214 195.3457 1.5468 1.6584 3.7335 1.1845 0.9771 71.2972 -4.8672 -2.4335
Car -1 -1 -5.4448 700.9391 164.0466 746.6209 190.0873 2.1696 1.7614 3.8497 9.9541 0.4060 61.9873 -5.2867 -2.6020
Car -1 -1 -4.5592 571.5320 180.6413 597.5455 198.8972 1.5055 1.6297 4.0096 -1.9630 1.1284 61.3712 -4.5914 -2.6530
Car -1 -1 -3.6798 656.4816 176.9273 714.3552 198.5950 1.6273 1.6701 4.1893 5.9943 1.0049 55.6214 -3.5734 -3.2491
Car -1 -1 -7.4181 134.2451 180.6226 184.5051 202.3128 1.4831 1.6366 3.6500 -31.8056 1.1692 51.0616 -7.9731 -3.2566
Car -1 -1 -8.0819 696.4413 184.3263 736.6261 209.4791 1.5191 1.6223 4.0750 6.8045 1.4656 45.5122 -7.9349 -3.4133
Car -1 -1 -7.3545 415.6359 169.6264 458.0496 190.8761 1.5515 1.5922 3.6039 -12.9174 0.4134 54.4338 -7.5866 -3.6824
Car -1 -1 -4.8310 668.4557 172.0885 691.7162 189.3552 1.5239 1.6197 4.1634 6.5493 0.3655 65.5400 -4.7322 -4.4254
Car -1 -1 -4.5648 703.2537 182.8178 740.4299 210.5031 1.5546 1.6332 3.7965 6.7430 1.4201 42.4207 -4.4087 -4.6960
Car -1 -1 -5.2569 635.3956 176.9601 675.2196 198.0529 1.5714 1.5381 3.3620 3.6135 0.9565 55.4006 -5.1925 -4.7936
Car -1 -1 -8.2469 717.9174 184.9460 799.4257 226.8992 1.4842 1.5778 4.1233 5.6480 1.4748 27.6062 -8.0475 -5.0180
Car -1 -1 -4.5196 282.5238 185.5223 384.6771 252.6554 1.4518 1.6232 3.6747 -6.5883 1.4602 17.5076 -4.8747 -5.5142
Car -1 -1 -4.3529 636.0599 176.4977 675.7779 198.0431 1.5138 1.6597 3.8354 3.5407 0.9014 52.5955 -4.2864 -5.5225
Car -1 -1 -8.1175 434.6887 158.5867 468.2085 182.0967 1.8704 1.7548 3.9719 -13.0798 -0.2693 59.9336 -8.3316 -5.6648
Car -1 -1 -4.7209 290.7629 181.3913 397.5623 266.6342 1.4033 1.6924 4.4251 -5.2524 1.3405 14.2031 -5.0692 -5.8056
