Car -1 -1 -7.4473 130.3669 179.9001 414.3264 354.8259 1.5802 1.6123 3.4604 -3.5577 1.5323 8.2323 -7.8437 8.1859
Car -1 -1 -7.6271 372.2833 180.7162 490.3914 258.4424 1.4896 1.6144 4.0731 -3.7647 1.4035 15.8159 -7.8573 7.4618
Car -1 -1 -8.0506 696.3516 185.5267 799.0281 254.5629 1.3621 1.5358 3.5107 2.9334 1.3699 15.9681 -7.8724 7.3378
Car -1 -1 -7.7055 464.1205 177.6674 520.2655 220.9610 1.5435 1.5897 3.6581 -4.3852 1.2746 27.4652 -7.8627 6.9573
Car -1 -1 -7.8502 586.8256 175.7686 614.6085 201.1942 1.5512 1.6952 3.9412 -0.4716 0.9750 45.8344 -7.8608 4.7233
Car -1 -1 -7.7621 508.0216 179.4184 542.7966 205.5274 1.3814 1.5947 3.5650 -4.5515 1.0749 39.8341 -7.8755 4.6174
Car -1 -1 -7.9675 636.4615 176.7890 675.3325 205.2432 1.5010 1.6974 4.0219 2.5918 1.0566 39.9711 -7.9036 4.2765
Car -1 -1 -7.1764 0.0000 189.0589 161.3771 324.2384 1.4131 1.5622 3.6311 -7.8199 1.4734 9.4338 -7.8546 3.7663
Car -1 -1 -7.5849 354.3766 180.2892 420.4469 218.7232 1.3940 1.5372 3.6145 -8.5090 1.2155 27.8989 -7.8786 2.6496
Car -1 -1 -7.7520 453.5092 169.4337 485.5846 196.4624 1.6976 1.6781 3.8871 -9.0481 0.7065 47.1583 -7.9408 2.1059
Car -1 -1 -7.7325 526.1691 176.0444 556.4813 199.2176 1.5519 1.6454 3.8977 -4.6145 0.9379 50.1150 -7.8242 1.6274
Car -1 -1 -7.9711 574.3151 176.6825 601.6956 198.1051 1.5360 1.6109 3.6746 -1.5229 0.9243 53.4778 -7.9998 0.9723
Car -1 -1 -7.4986 246.9872 184.0788 360.1746 242.8197 1.4226 1.5692 3.7501 -8.0696 1.3952 19.3114 -7.8897 0.3158
Car -1 -1 -4.6941 670.4945 179.1109 694.2701 200.3534 1.4741 1.6424 4.3903 5.4272 1.0506 52.1624 -4.5914 -1.0099
Car -1 -1 -4.5771 672.6282 171.5839 694.7267 187.2356 1.4851 1.6280 4.0206 7.4496 0.1918 70.3558 -4.4723 -1.6046
Car -1 -1 -4.6479 624.3166 179.5765 654.9951 204.6355 1.4474 1.6027 4.1440 1.9509 1.1218 43.6660 -4.6040 -2.5314
Car -1 -1 -7.7198 485.3235 169.3407 509.4344 187.0743 1.5397 1.6386 3.8101 -9.8588 0.1615 64.3346 -7.8715 -2.6187
Car -1 -1 -3.5853 683.1467 174.6696 749.0429 199.0139 1.4507 1.5399 3.6955 6.6108 0.8224 44.1135 -3.4379 -2.6522
Car -1 -1 -5.0049 671.9763 177.3692 713.6483 200.8310 1.4553 1.6270 3.8673 5.4405 0.9688 46.6365 -4.8899 -2.9280
Car -1 -1 -7.6547 20.8269 194.9243 156.7945 273.7749 1.3641 1.5436 3.6994 -10.6423 1.5930 14.9332 -8.2657 -2.9912
Car -1 -1 -4.3097 693.0182 176.8870 731.5000 198.1851 1.5733 1.6581 3.5606 8.0126 0.9582 55.0537 -4.1664 -3.3334
Car -1 -1 -3.5217 617.6321 179.9021 684.8605 201.6231 1.4745 1.6626 4.3901 3.0136 1.1139 50.2796 -3.4626 -3.3334
Car -1 -1 -4.9959 506.6881 176.9043 553.9062 204.3402 1.5504 1.6599 4.2938 -4.7093 1.0809 42.9233 -5.1049 -3.8526
Car -1 -1 -7.6300 410.6632 171.2108 462.2628 205.4927 1.6768 1.7091 4.1864 -8.8371 0.9919 37.2602 -7.8616 -4.0926
Car -1 -1 -4.6479 216.4254 190.1508 306.7324 260.1140 1.3062 1.5105 3.5491 -7.4523 1.4268 15.6209 -5.0866 -4.7197
Car -1 -1 -2.7582 320.0257 164.9844 394.2128 193.0356 1.5364 1.5892 3.5899 -14.0311 0.4285 40.2564 -3.0916 -4.7948
Car -1 -1 -5.3540 612.4681 179.6484 659.2391 199.7089 1.5583 1.6592 4.0690 2.2097 1.1260 57.9869 -5.3165 -4.9392
Car -1 -1 -4.2481 558.6968 178.2940 608.8948 200.9545 1.4824 1.7065 4.2838 -1.6132 1.0298 49.3285 -4.2810 -4.9765
Car -1 -1 -8.3002 328.7304 179.0793 441.8066 234.9024 1.3844 1.5221 3.6611 -6.2057 1.2324 19.6870 -8.6019 -4.9799
Car -1 -1 -4.9400 586.5733 175.5356 631.8174 205.6257 1.5624 1.6626 3.7458 -0.0050 1.0599 39.3380 -4.9405 -5.2308
Car -1 -1 -2.7143 636.7181 173.8822 721.4543 208.6226 1.5985 1.5705 3.7560 3.3916 1.0772 34.6962 -2.6180 -5.3279
Car -1 -1 -7.8962 396.8514 178.1432 457.3530 229.6120 1.3998 1.5932 3.8374 -5.5467 1.2076 21.6179 -8.1446 -5.3301
Car -1 -1 -4.9451 560.3899 177.0114 606.6413 206.6377 1.5407 1.6342 4.0899 -1.4230 1.1142 39.5718 -4.9812 -5.6769
Car -1 -1 -5.4198 436.8216 177.7089 520.7040 206.4997 1.4245 1.7083 4.6587 -6.8461 1.0532 37.7011 -5.5986 -5.8094
Car -1 -1 -4.5684 181.1973 184.3804 339.1275 298.8326 1.5108 1.6290 4.4951 -5.5337 1.4999 11.8749 -4.9961 -5.8670
Car -1 -1 -5.4779 755.3428 166.3244 820.2841 196.5563 1.6805 1.5839 3.6439 10.4193 0.6305 41.9316 -5.2363 -6.3318
Car -1 -1 -4.5341 681.3857 176.5723 708.6166 195.2859 1.5633 1.6314 4.1841 7.5790 0.8414 62.2907 -4.4139 -6.3867
