Car -1 -1 -7.6769 425.8564 180.0560 500.1921 232.7038 1.5057 1.6517 3.5840 -4.4552 1.3583 22.3657 -7.8716 8.0496
Car -1 -1 -8.0207 680.0603 184.1445 762.4183 242.5907 1.3971 1.5527 3.4776 2.8426 1.3716 18.9377 -7.8743 8.0318
Car -1 -1 -7.4917 199.6713 186.4408 435.9531 321.7184 1.4858 1.6048 4.0568 -3.7447 1.5064 9.9698 -7.8425 7.7678
Car -1 -1 -7.3255 55.4052 186.4150 264.8829 276.9947 1.4405 1.5722 3.7739 -8.1051 1.4661 13.3750 -7.8617 7.4795
Car -1 -1 -7.7528 492.9626 180.0087 533.1661 211.0144 1.4354 1.5885 3.6195 -4.6094 1.1945 35.1109 -7.8827 4.2035
Car -1 -1 -7.8228 583.6755 177.1767 614.3273 204.7959 1.5499 1.6853 4.0010 -0.5035 1.0989 42.3551 -7.8350 4.0717
Car -1 -1 -7.7602 519.9789 177.4733 550.3548 201.5909 1.4756 1.5734 3.9130 -4.6251 1.0021 45.9447 -7.8604 2.8473
Car -1 -1 -4.7559 629.2654 175.2973 658.5671 201.1356 1.5933 1.7016 4.0193 2.2632 0.9819 46.3413 -4.7078 2.4973
Car -1 -1 -7.5109 295.2135 182.5816 386.8691 230.6386 1.4300 1.5602 3.8721 -8.5777 1.3518 23.3313 -7.8598 1.5561
Car -1 -1 -6.8334 0.0000 203.3982 138.6149 375.0000 1.4926 1.5637 3.4529 -3.5525 1.5958 2.2937 -7.7778 1.1445
Car -1 -1 -7.8183 575.1180 178.8110 599.4380 200.2597 1.4506 1.5780 3.7620 -1.4305 1.0176 50.5034 -7.8469 0.7179
Car -1 -1 -7.6492 429.9449 170.5282 475.7331 200.6643 1.6766 1.7614 4.4238 -9.0561 0.8597 42.2110 -7.8596 -0.0007
Car -1 -1 -7.6428 471.9960 175.9663 507.1223 199.2023 1.5721 1.6463 3.9722 -8.3058 0.9465 50.6609 -7.8048 -0.8669
Car -1 -1 -7.5946 385.5708 179.3966 445.3958 214.0533 1.4904 1.6247 4.1931 -8.7795 1.2403 33.0107 -7.8528 -1.0026
Car -1 -1 -4.7849 651.1239 173.6196 677.2082 196.3979 1.7124 1.7116 4.3556 4.3531 0.8408 56.2213 -4.7084 -2.6602
Car -1 -1 -8.0622 525.1915 178.1230 575.6538 210.9911 1.5363 1.6618 4.2144 -2.9575 1.2050 35.8580 -8.1442 -2.8990
Car -1 -1 -7.5385 504.1176 177.2773 558.8021 208.0010 1.5352 1.6429 4.2685 -4.0126 1.1387 38.1795 -7.6429 -3.8410
Car -1 -1 -7.6442 362.3907 177.6930 416.7761 214.5603 1.6310 1.6248 4.1230 -10.2521 1.2984 33.9236 -7.9358 -3.9135
Car -1 -1 -7.7720 474.5687 166.9567 499.6028 187.1003 1.5925 1.6798 4.3187 -9.8910 0.1491 59.0523 -7.9374 -4.0731
Car -1 -1 -8.4366 622.7443 175.5609 669.1383 195.8280 1.5034 1.7350 3.8481 2.8849 0.7874 55.4213 -8.3852 -4.1198
Car -1 -1 -4.8655 663.2935 174.9601 687.7126 192.8546 1.6107 1.6606 3.9856 6.2463 0.6877 66.7427 -4.7729 -4.1376
Car -1 -1 -7.5211 458.5641 173.2786 511.4393 204.6565 1.7523 1.8413 4.0524 -7.1844 1.0858 42.2947 -7.6887 -4.1536
Car -1 -1 -4.6413 382.1399 181.5404 420.5389 212.5626 1.5196 1.6418 3.8034 -10.6738 1.3397 37.2425 -4.9189 -4.6260
Car -1 -1 -7.7147 314.7769 184.6016 360.9574 218.4671 1.4191 1.4720 3.2641 -11.9492 1.3935 31.8752 -8.0710 -4.7267
Car -1 -1 -4.7651 581.5198 178.4336 615.6255 206.8558 1.4255 1.5951 3.7469 -0.5616 1.0855 37.9778 -4.7802 -4.7534
Car -1 -1 -3.0056 676.3134 174.1878 762.2028 206.8897 1.6079 1.5990 4.1574 5.6690 1.0658 36.7016 -2.8539 -5.2512
Car -1 -1 -5.4523 535.5365 177.6035 592.4442 198.4532 1.5070 1.6748 4.5029 -3.3542 0.9570 54.1267 -5.5143 -5.2875
Car -1 -1 -4.8040 715.8140 174.0840 743.0580 197.1602 1.5088 1.4757 3.7941 8.2236 0.7811 48.9474 -4.6389 -5.3629
Car -1 -1 -4.4691 425.2327 180.1223 491.0915 217.8605 1.5134 1.7390 4.5458 -6.4157 1.3093 31.1358 -4.6709 -5.3698
Car -1 -1 -4.5981 259.6434 179.6412 378.2935 268.8067 1.4779 1.6280 4.4870 -5.5970 1.3857 14.2908 -4.9653 -5.4381
Car -1 -1 -4.7184 572.4771 177.1986 597.0759 200.0157 1.3842 1.4926 3.5631 -1.4929 0.8980 45.4192 -4.7514 -5.4495
Car -1 -1 -4.3717 468.6191 177.0363 523.9240 205.8541 1.4609 1.6225 4.2113 -5.9550 1.0464 38.6614 -4.5239 -5.8867
Car -1 -1 -3.1663 686.3365 179.0647 754.4540 205.7930 1.4625 1.6498 3.7053 6.2618 1.1261 40.3865 -3.0139 -6.0036
Car -1 -1 -4.7843 303.6182 186.5780 390.9516 251.7257 1.4112 1.7285 4.6000 -6.7227 1.4503 18.1261 -5.1349 -6.0176
Car -1 -1 -5.0467 916.7404 149.9424 1014.2482 202.2965 1.6681 1.7565 4.0928 12.2720 0.5444 25.0383 -4.5957 -6.1503
