Car -1 -1 -7.2912 0.0000 182.7834 220.3444 297.6769 1.5754 1.5984 3.7782 -8.1643 1.5422 11.7713 -7.8871 7.4618
Car -1 -1 -8.0690 699.2601 188.7631 815.4311 265.5010 1.3622 1.5613 3.4961 2.8662 1.4436 14.6920 -7.8803 7.4547
Car -1 -1 -7.5340 251.5249 189.3633 445.3791 304.1487 1.4410 1.6345 3.7596 -3.7840 1.5157 11.0428 -7.8570 7.3624
Car -1 -1 -7.6803 436.3338 179.8032 511.9902 237.9468 1.5962 1.6447 3.4154 -3.9421 1.4478 21.4479 -7.8602 7.1360
Car -1 -1 -8.0058 647.8912 181.0834 706.7055 221.5122 1.4782 1.6601 4.3155 2.6290 1.3272 28.4874 -7.9151 6.9438
Car -1 -1 -7.5852 379.6762 182.4773 441.8435 217.8551 1.4354 1.6470 3.7435 -8.4649 1.3245 31.0421 -7.8495 5.3005
Car -1 -1 -7.7079 479.3685 181.0636 533.8826 220.0153 1.4971 1.6451 4.1013 -4.1388 1.3377 29.6870 -7.8456 5.2047
Car -1 -1 -7.7908 504.4634 179.2693 538.2751 207.6372 1.5238 1.6633 3.6581 -4.8527 1.2045 40.4864 -7.9097 4.3320
Car -1 -1 -7.8715 584.1660 179.3559 608.0444 201.4564 1.5437 1.6567 3.9191 -0.9003 1.1345 52.1984 -7.8891 3.4278
Car -1 -1 -7.4205 265.3970 184.6135 379.9522 241.6799 1.4831 1.6145 3.7288 -8.0702 1.4676 20.5946 -7.7899 2.1932
Car -1 -1 -7.8633 528.7875 181.8322 551.7593 202.3761 1.4328 1.5980 3.8462 -4.9358 1.1970 52.1320 -7.9577 1.6027
Car -1 -1 -7.7253 432.3638 180.0287 469.2532 206.9572 1.4572 1.5675 3.8410 -8.9059 1.1767 40.8811 -7.9388 1.2724
Car -1 -1 -7.9068 623.9036 180.5765 647.4050 199.4959 1.4340 1.6459 3.5395 2.1360 1.0825 56.2685 -7.8694 0.7656
Car -1 -1 -7.9101 572.8608 179.4958 593.5059 197.6026 1.4888 1.5424 3.6501 -2.1254 1.0187 60.9955 -7.9452 -0.1772
Car -1 -1 -4.6593 610.3439 177.9573 630.0421 195.7103 1.6131 1.6403 3.9873 1.1816 0.9537 67.3638 -4.6422 -0.2479
Car -1 -1 -7.8209 456.4670 167.5937 484.1502 194.7888 1.7854 1.7274 4.3535 -9.4407 0.6286 49.4781 -8.0088 -0.8678
Car -1 -1 -4.8076 536.4686 177.9865 559.8793 196.7926 1.5320 1.6073 3.7898 -5.0637 0.9432 60.5660 -4.8910 -1.7753
Car -1 -1 -7.7235 449.8518 168.0725 474.4566 187.3902 1.7223 1.7055 4.0657 -13.3796 0.1940 66.1777 -7.9225 -2.3591
Car -1 -1 -4.4357 669.2258 184.8248 721.8839 217.4885 1.4148 1.5353 3.3970 4.0397 1.3980 32.9996 -4.3153 -2.5227
Car -1 -1 -4.4357 672.2782 179.6066 725.5351 211.7996 1.5033 1.5951 4.0146 4.5520 1.2415 35.7279 -4.3104 -2.8417
Car -1 -1 -4.1494 327.8630 174.4203 391.5826 202.8191 1.4636 1.6782 3.4450 -13.3948 0.9074 38.9168 -4.4790 -3.3466
Car -1 -1 -4.5476 675.2147 178.3633 712.9044 205.2347 1.5864 1.6714 4.1611 5.3811 1.1820 44.6706 -4.4289 -3.6196
Car -1 -1 -7.4992 694.8846 180.0637 756.5569 212.3922 1.4820 1.6302 4.1883 5.7979 1.2460 35.1771 -7.3375 -3.7758
Car -1 -1 -7.7877 445.4948 160.2944 469.9983 182.6478 1.8501 1.7901 4.4281 -12.9850 -0.2308 62.3458 -7.9924 -3.8271
Car -1 -1 -4.8696 701.7148 181.9051 741.9135 209.5596 1.5171 1.6398 4.1988 6.5015 1.3356 41.5382 -4.7158 -3.9589
Car -1 -1 -4.4744 624.7829 178.8476 652.8195 196.2666 1.5732 1.6769 4.2068 2.9255 0.9982 67.1760 -4.4315 -4.0914
Car -1 -1 -4.4934 621.8310 186.2477 664.9948 211.0028 1.3634 1.6666 4.1185 2.1051 1.4270 41.9819 -4.4441 -4.7209
Car -1 -1 -4.5619 305.0290 183.1297 400.9489 253.9830 1.6041 1.6843 4.1956 -6.4538 1.5570 18.4900 -4.8936 -4.8035
Car -1 -1 -7.4411 244.5104 157.7559 296.7509 184.0277 1.6614 1.7297 3.8393 -22.2658 -0.0817 47.5726 -7.8768 -4.8098
Car -1 -1 -4.3138 612.7291 183.8155 661.0414 206.9584 1.4491 1.6201 4.3488 1.9461 1.3616 47.3232 -4.2735 -4.8577
Car -1 -1 -3.0796 374.2878 175.1289 430.2005 197.2801 1.4545 1.7066 3.5209 -13.8183 0.7923 48.4112 -3.3565 -4.9416
Car -1 -1 -4.6174 105.9812 180.1997 191.1784 243.2292 1.6276 1.6780 3.8580 -13.1213 1.4982 20.6632 -5.1776 -5.0327
Car -1 -1 -4.9262 444.1811 179.1060 496.7066 211.0952 1.4431 1.6518 4.0670 -6.7059 1.1676 34.6225 -5.1164 -5.4498
Car -1 -1 -4.6886 305.7067 181.1494 405.1770 261.3520 1.4005 1.6731 4.2505 -5.1710 1.3297 14.8316 -5.0187 -5.6683
Car -1 -1 -4.5083 652.5068 177.2512 688.7393 199.7122 1.4088 1.6278 3.8415 4.1387 0.9094 47.1603 -4.4217 -5.8867
Car -1 -1 -7.8386 652.9943 165.4134 672.3802 187.2130 1.8293 1.6218 3.4222 4.7528 0.1678 62.0986 -7.7629 -6.1082
