Car -1 -1 -7.6794 423.4467 179.7316 498.7864 234.1747 1.5304 1.6487 3.6164 -4.4447 1.3764 22.0333 -7.8765 7.8832
Car -1 -1 -7.4707 180.6235 186.5845 431.4362 327.0618 1.4722 1.5900 4.0373 -3.7394 1.4945 9.6083 -7.8327 7.3995
Car -1 -1 -8.0172 679.4391 183.9193 760.1132 240.8225 1.3835 1.5530 3.4858 2.8523 1.3521 19.2344 -7.8725 6.9888
Car -1 -1 -7.2928 35.4437 186.4977 260.7964 280.5478 1.4408 1.5837 3.8335 -8.0625 1.4676 12.9936 -7.8391 6.6259
Car -1 -1 -7.7532 491.5743 181.4977 531.7451 211.8468 1.3926 1.5697 3.6451 -4.6406 1.2222 34.8320 -7.8850 4.7489
Car -1 -1 -7.8253 583.3423 177.1853 615.1174 205.3789 1.5766 1.7538 4.1639 -0.4860 1.1277 42.2964 -7.8371 4.0954
Car -1 -1 -7.9205 628.5270 178.8210 657.8787 201.9950 1.4459 1.6504 3.7410 2.2403 1.0471 46.7382 -7.8734 3.7817
Car -1 -1 -7.6222 377.6131 170.2081 439.0185 213.1990 1.7879 1.6848 4.3159 -8.8455 1.1639 32.0821 -7.8895 3.4152
Car -1 -1 -7.7232 518.8032 177.7792 551.4687 203.2849 1.5494 1.5800 3.8021 -4.5906 1.0978 45.5919 -7.8234 2.5251
Car -1 -1 -7.4780 290.5736 182.9491 386.1958 231.1635 1.4162 1.5771 3.7686 -8.5461 1.3498 23.0173 -7.8300 2.0459
Car -1 -1 -7.7602 429.8306 173.1961 467.8148 204.0413 1.6973 1.7750 4.0598 -9.1891 1.0360 41.6781 -7.9762 1.1757
Car -1 -1 -7.9242 573.2429 179.0962 599.8419 200.7351 1.4562 1.5955 3.7247 -1.5412 1.0446 50.3106 -7.9551 1.0884
Car -1 -1 -7.0654 0.0000 0.0000 1240.0000 375.0000 1.4671 1.5801 3.7402 -3.1289 1.5948 1.6923 -8.0743 -1.0546
Car -1 -1 -8.0013 471.7572 175.3868 504.2595 198.2104 1.5248 1.6340 4.2297 -8.4405 0.8683 50.2876 -8.1671 -1.4605
Car -1 -1 -5.0846 657.1924 175.9450 688.6533 192.7824 1.5045 1.5966 3.8368 5.9635 0.6763 66.2980 -4.9957 -2.1260
Car -1 -1 -7.6171 470.0600 169.8452 501.7837 189.9636 1.5841 1.6908 3.8574 -9.9051 0.3740 58.5843 -7.7841 -2.2110
Car -1 -1 -7.5555 524.6779 177.1242 580.2463 209.9181 1.6090 1.6873 4.3610 -2.8495 1.2121 37.5823 -7.6310 -2.2933
Car -1 -1 -7.4797 449.4623 173.6210 507.3958 203.8645 1.6673 1.8340 4.4294 -7.5028 1.0283 41.9819 -7.6558 -2.7113
Car -1 -1 -8.2686 702.0241 172.0901 767.3057 205.2883 1.5902 1.6700 4.3123 6.3638 0.9616 36.7276 -8.0988 -2.8680
Car -1 -1 -7.5910 0.0000 0.0000 1240.0000 375.0000 1.4612 1.5768 3.8021 -1.6974 1.5990 2.0283 -8.2259 -3.4020
Car -1 -1 -4.4346 389.7297 158.7841 431.5152 184.7325 1.7685 1.7890 4.1737 -13.9951 -0.0356 51.1698 -4.7004 -3.4763
Car -1 -1 -3.8133 649.7644 177.2364 699.1827 196.1713 1.5054 1.6149 3.8679 5.4617 0.8712 58.8886 -3.7216 -3.6705
Car -1 -1 -4.8706 655.5775 176.2927 693.7524 203.8438 1.5590 1.6277 4.0589 3.8979 1.0543 42.7582 -4.7807 -3.8420
Car -1 -1 -7.8382 539.5085 175.1297 560.9135 195.3267 1.5295 1.6161 3.7718 -4.5029 0.7659 56.3730 -7.9179 -4.3053
Car -1 -1 -7.6716 424.6788 181.0157 472.5748 212.6872 1.4145 1.5600 3.7091 -7.4968 1.2271 33.9842 -7.8874 -4.3991
Car -1 -1 -7.9591 678.6443 176.6258 716.4061 203.6778 1.5501 1.7756 4.6176 5.3438 1.0580 43.5132 -7.8381 -4.4887
Car -1 -1 -7.6105 400.7014 173.7527 449.3633 202.5134 1.5814 1.6567 4.7020 -10.5962 0.9513 41.8810 -7.8570 -4.8976
Car -1 -1 -5.8091 483.0409 165.0848 542.5485 185.5828 1.5770 1.7680 4.3384 -7.5264 0.0284 56.8663 -5.9404 -4.9230
Car -1 -1 -4.8031 579.4865 180.3865 615.3009 208.2523 1.3792 1.5211 3.7989 -0.6200 1.1403 37.5497 -4.8199 -4.9480
Car -1 -1 -7.9513 578.0451 164.6918 599.1411 184.1100 1.7586 1.6583 3.1929 -1.8180 -0.1055 66.9835 -7.9786 -4.9854
Car -1 -1 -4.6973 255.4422 181.8966 366.0362 277.6989 1.4711 1.6116 4.2527 -5.4787 1.4203 13.3122 -5.0809 -4.9927
Car -1 -1 -4.5157 426.0172 178.2773 488.6963 217.4283 1.5639 1.7741 4.5915 -6.4277 1.2869 31.0162 -4.7187 -5.1442
Car -1 -1 -6.1797 759.9160 161.5021 829.5196 188.2815 1.6674 1.6870 4.1877 12.0124 0.1910 46.2787 -5.9275 -5.1848
Car -1 -1 -4.2530 370.7304 179.2089 440.6265 212.3935 1.6470 1.6996 4.5889 -10.6393 1.3490 38.0913 -4.5239 -5.2841
Car -1 -1 -4.7294 529.8053 182.0973 552.3461 202.7310 1.4910 1.6148 3.3301 -5.0256 1.2658 53.6873 -4.8227 -5.3250
Car -1 -1 -4.8799 626.2205 176.8044 669.2607 204.1218 1.4768 1.6853 4.7423 2.1997 1.0223 41.3149 -4.8275 -5.4433
Car -1 -1 -4.6488 569.0198 178.6293 596.3431 202.2638 1.4316 1.5060 3.4760 -1.5752 1.0328 45.3019 -4.6837 -5.5433
Car -1 -1 -4.5333 264.0076 182.6979 368.7281 248.6527 1.4309 1.6585 4.1136 -7.0956 1.3765 17.7749 -4.9082 -5.9229
Car -1 -1 -4.7253 717.5099 171.2796 739.2413 195.5138 1.5633 1.3803 3.9747 8.0716 0.6645 48.4405 -4.5615 -6.3747
