Car -1 -1 -8.0604 696.5382 192.3487 800.6546 262.5018 1.3482 1.5325 3.5156 2.9495 1.5243 15.9546 -7.8812 7.3788
Car -1 -1 -7.3728 0.0000 195.5613 372.4295 375.0000 1.4708 1.5823 3.7705 -3.6310 1.5936 6.6324 -7.8570 7.1901
Car -1 -1 -7.6223 397.7220 183.9818 500.7499 259.4591 1.6051 1.6101 3.4862 -3.6853 1.5790 17.0471 -7.8324 7.0938
Car -1 -1 -7.4548 206.7951 188.8625 338.4677 256.8468 1.4485 1.5986 3.5289 -7.9476 1.5454 17.2921 -7.8800 6.4563
Car -1 -1 -7.6925 463.7363 185.9309 529.2928 231.8465 1.4879 1.6359 4.1721 -3.8875 1.5154 25.4544 -7.8430 5.9041
Car -1 -1 -7.9717 646.2151 184.8661 690.9998 217.2018 1.4516 1.6495 4.0350 2.8068 1.4360 34.3165 -7.8913 5.4717
Car -1 -1 -7.7753 497.5508 185.6428 535.0387 215.0304 1.4001 1.5871 3.6767 -4.5888 1.4229 36.1770 -7.9009 4.9945
Car -1 -1 -7.6097 354.8179 186.9653 424.1447 227.1248 1.4163 1.6331 3.8991 -8.2992 1.4883 27.5105 -7.9004 4.1160
Car -1 -1 -7.8913 587.2298 183.1779 612.3816 204.6170 1.5018 1.6796 3.8506 -0.6337 1.3592 52.3200 -7.9038 3.5446
Car -1 -1 -7.9876 524.5739 185.0700 554.5333 206.4782 1.3782 1.5479 3.4292 -4.6224 1.3690 48.1244 -8.0833 1.8334
Car -1 -1 -4.5197 572.1412 180.4057 598.7714 199.7198 1.5466 1.5680 3.4634 -1.8299 1.1616 59.4005 -4.5508 0.6195
Car -1 -1 -4.7220 542.2540 180.7124 563.3065 199.8815 1.4668 1.6084 3.7403 -4.3927 1.1224 56.9380 -4.7990 -1.8947
Car -1 -1 -5.0598 671.8122 176.6071 709.6226 198.1589 1.7112 1.7008 4.3900 6.7887 1.0278 59.4085 -4.9470 -2.3788
Car -1 -1 -4.9945 466.6958 171.4731 502.1511 192.9177 1.5951 1.6438 4.0307 -9.6020 0.5731 55.6436 -5.1649 -2.7378
Car -1 -1 -7.7138 448.0780 177.5635 482.6152 203.8341 1.5805 1.6198 3.7466 -8.9285 1.1203 45.1617 -7.9082 -2.7934
Car -1 -1 -6.5404 429.7510 171.4033 485.0338 191.8070 1.5605 1.6443 3.9737 -11.8527 0.5043 56.6034 -6.7462 -3.4700
Car -1 -1 -8.0492 437.3840 166.9859 465.5243 186.4868 1.7070 1.7169 4.1550 -14.2130 0.1114 65.1715 -8.2634 -3.4743
Car -1 -1 -4.7193 677.9497 180.1688 694.4385 196.2361 1.4973 1.5292 3.8820 7.5014 1.0272 68.9989 -4.6119 -3.5138
Car -1 -1 -5.0741 666.3789 179.3831 714.9280 204.6021 1.4723 1.5954 4.1192 5.0034 1.1320 44.1613 -4.9624 -3.9072
Car -1 -1 -7.8966 618.9987 183.3465 639.9704 200.6042 1.5576 1.7643 4.3253 1.9849 1.3891 67.0568 -7.8676 -3.9614
Car -1 -1 -4.2990 294.2459 186.4400 379.4054 228.4446 1.4885 1.6011 3.9364 -10.3312 1.5391 27.6030 -4.6543 -4.2074
Car -1 -1 -4.6478 434.1118 176.3306 469.6992 209.4659 1.6508 1.5832 3.8397 -8.1850 1.2083 37.8289 -4.8598 -4.2420
Car -1 -1 -6.7261 0.0000 199.4126 23.0698 375.0000 1.4874 1.4837 3.2622 -3.7718 1.5589 1.9217 -7.7690 -4.3244
Car -1 -1 -4.1068 250.6333 193.5654 342.4444 231.7545 1.3315 1.5302 3.4883 -11.9514 1.6755 27.7394 -4.5105 -4.5849
Car -1 -1 -8.1320 658.8777 181.3603 694.7867 203.1882 1.5577 1.7063 3.6357 5.0541 1.2827 53.2431 -8.0383 -4.6106
Car -1 -1 -4.2429 241.3370 177.4904 274.8042 191.8542 1.3794 1.4798 3.6372 -34.4386 0.6377 70.8668 -4.6940 -4.8300
Car -1 -1 -7.7705 611.7905 185.9637 650.8557 217.6094 1.4397 1.5849 3.7452 1.1513 1.4781 34.7484 -7.7382 -4.8770
Car -1 -1 -4.4412 98.9994 188.3397 258.3313 282.7936 1.4156 1.4866 3.5587 -7.4864 1.4797 12.8071 -4.9612 -5.2855
Car -1 -1 -4.6311 427.1735 182.5912 466.1538 214.5961 1.4702 1.5629 3.5028 -7.7989 1.3498 34.8645 -4.8499 -5.3947
Car -1 -1 -4.3398 616.4188 185.7263 662.9093 209.8141 1.5027 1.6366 4.1973 2.1199 1.5380 47.1918 -4.2957 -5.7383
Car -1 -1 -6.9708 0.0000 0.0000 1240.0000 375.0000 1.4990 1.6071 3.8484 -2.1018 1.5516 1.3767 -7.8746 -5.8867
