Car -1 -1 -7.9653 526.6739 178.9772 601.1007 240.7034 1.6257 1.7252 3.8636 -1.4179 1.4616 20.9872 -8.0324 8.1559
Car -1 -1 -7.8382 430.0188 180.8942 490.8188 234.3635 1.5540 1.7449 3.7933 -4.7032 1.4286 22.9171 -8.0387 7.5357
Car -1 -1 -7.5689 207.7157 187.7582 329.6295 250.2442 1.4242 1.6644 4.4918 -8.7730 1.4996 18.9173 -7.9980 7.1722
Car -1 -1 -7.4209 0.0000 197.9832 229.5480 325.1302 1.3524 1.5432 3.9118 -6.9131 1.5686 10.1096 -8.0085 7.0389
Car -1 -1 -7.6652 329.7294 184.6350 389.7219 220.7721 1.4178 1.6177 4.2610 -10.4447 1.3952 30.4263 -7.9936 5.3664
Car -1 -1 -7.4582 99.9278 186.3556 229.4075 246.4745 1.5095 1.6592 3.9963 -12.3254 1.5450 20.2262 -7.9999 4.1937
Car -1 -1 -7.7104 369.2560 184.2460 409.5443 211.3135 1.4016 1.5548 3.9361 -11.9075 1.3515 39.2846 -8.0032 3.9680
Car -1 -1 -7.9042 502.4543 184.3347 524.7451 202.3048 1.4233 1.6226 3.6977 -7.7577 1.3537 58.9003 -8.0350 2.0858
Car -1 -1 -7.5528 199.1408 170.0150 282.9003 217.8448 1.7986 1.8340 4.2855 -14.8539 1.2271 29.2957 -8.0186 0.3093
Car -1 -1 -7.6345 332.8217 182.4157 366.8818 203.5835 1.4879 1.5838 3.6284 -18.7865 1.2913 52.4274 -7.9773 0.1057
Car -1 -1 -7.5457 294.2670 185.5418 345.7148 211.8111 1.4301 1.5796 4.0543 -16.4742 1.4499 41.2625 -7.9237 -0.4759
Car -1 -1 -7.7796 407.9731 178.9797 435.1407 201.1483 1.6033 1.6942 3.8506 -13.9782 1.1524 54.0344 -8.0319 -1.8922
Car -1 -1 -7.3969 589.7156 181.7255 661.0558 220.2119 1.5250 1.5963 3.6037 0.7684 1.3868 30.4500 -7.3723 -2.2517
Car -1 -1 -7.7062 376.8106 181.7979 411.9994 207.5449 1.6116 1.6398 3.9690 -13.9467 1.3978 47.0745 -7.9931 -2.3137
Car -1 -1 -8.1487 541.6878 180.6686 605.1203 217.3911 1.4857 1.6747 3.9054 -1.5984 1.3019 31.2049 -8.1999 -3.0789
Car -1 -1 -4.9369 481.3984 183.1252 521.5892 207.5600 1.5256 1.6845 4.3177 -7.0510 1.3953 47.2002 -5.0848 -4.1898
Car -1 -1 -4.9243 344.6253 177.7552 375.3394 196.3824 1.4683 1.5920 3.8788 -20.2884 0.8804 58.7349 -5.2558 -4.2723
Car -1 -1 -7.6492 396.5563 178.7061 438.2917 205.1140 1.6551 1.8144 4.2839 -12.4702 1.2472 47.2392 -7.9062 -4.4451
Car -1 -1 -6.4783 651.5864 170.9800 742.5917 210.2441 1.6778 1.6345 3.7284 3.8550 1.0696 31.6728 -6.3587 -4.5518
Car -1 -1 -3.6144 0.0000 197.0120 46.0607 314.9199 1.5099 1.6724 4.1138 -12.0801 1.7411 11.8635 -4.3978 -4.6111
Car -1 -1 -4.4320 428.1867 175.9072 455.3292 192.3159 1.5428 1.5757 3.7705 -16.0257 0.6677 69.5123 -4.6581 -4.8729
Car -1 -1 -4.9914 0.0000 190.7615 180.7514 297.2933 1.4710 1.8632 4.9443 -9.5044 1.5840 12.3935 -5.6354 -5.1234
Car -1 -1 -4.3776 485.6165 187.6225 532.7263 213.0850 1.4405 1.5516 4.0798 -5.8970 1.5926 43.2274 -4.5128 -5.1622
Car -1 -1 -7.4382 452.7947 184.2699 500.1111 208.9470 1.5275 1.6568 3.6986 -8.4651 1.4691 46.4874 -7.6178 -5.4155
Car -1 -1 -4.3013 360.6295 176.0249 398.6267 194.7306 1.4909 1.5708 3.8695 -18.7872 0.7585 59.3013 -4.6071 -5.6706
Car -1 -1 -4.8988 531.7189 176.7593 575.5690 207.4456 1.5817 1.6732 3.9315 -3.0320 1.1460 39.1677 -4.9759 -5.7823
Car -1 -1 -4.6461 556.1628 178.8127 590.7387 207.1240 1.5163 1.6715 4.3618 -1.9213 1.1735 40.6971 -4.6933 -5.8451
Car -1 -1 -4.7030 527.9963 177.5818 556.6155 202.8778 1.4190 1.6016 4.0053 -3.8706 0.9910 42.3872 -4.7938 -5.8867
Car -1 -1 -4.6601 227.4906 188.1705 293.7036 236.7329 1.4481 1.7464 4.4500 -11.5811 1.5573 24.1171 -5.1038 -6.0828
