Car -1 -1 -7.5945 347.6671 180.2623 469.7807 259.6083 1.4955 1.6229 3.5581 -4.1439 1.4023 15.3279 -7.8545 8.7555
Car -1 -1 -7.3911 145.8130 183.3959 304.2723 255.6484 1.4120 1.5740 3.7010 -8.3151 1.3766 15.9083 -7.8660 7.7624
Car -1 -1 -7.7264 472.5864 180.3115 525.7352 218.1393 1.3812 1.6211 3.4076 -4.2027 1.2023 27.9682 -7.8745 7.1226
Car -1 -1 -7.9580 659.7011 180.0493 705.3713 213.8004 1.3532 1.5578 3.5254 3.0870 1.1463 30.5887 -7.8588 6.7730
Car -1 -1 -7.8533 593.7448 175.0115 627.4935 206.6021 1.5647 1.6717 3.7945 0.1127 1.0594 37.5045 -7.8507 5.1132
Car -1 -1 -7.7287 514.2643 176.7551 552.7112 205.4438 1.4771 1.6071 3.8194 -4.0051 1.0416 38.9398 -7.8309 4.5771
Car -1 -1 -7.8754 628.1781 175.1533 648.2197 193.4143 1.5070 1.6191 3.5838 2.5484 0.6768 61.1315 -7.8343 2.4020
Car -1 -1 -7.6477 449.3865 176.5511 493.0674 204.2036 1.4692 1.5970 4.0868 -7.6150 1.0090 40.2525 -7.8338 2.2528
Car -1 -1 -7.9369 581.7385 178.1133 612.2783 201.9895 1.4359 1.6210 3.5001 -0.7367 1.0089 45.0532 -7.9536 1.6288
Car -1 -1 -7.6771 496.8067 174.2525 520.2169 189.6466 1.4503 1.6344 3.6165 -9.5835 0.4176 69.5629 -7.8138 0.7497
Car -1 -1 -7.6930 321.7733 173.2161 393.9828 225.2225 1.6362 1.6859 4.2053 -8.5638 1.2589 24.8308 -8.0221 -0.5324
Car -1 -1 -7.6500 671.8014 179.3147 714.2839 205.4391 1.4127 1.6173 4.1090 4.8926 1.0937 41.0771 -7.5327 -1.3779
Car -1 -1 -7.6877 460.1110 163.6421 493.1684 185.5955 1.4792 1.6619 3.8606 -9.1674 0.0257 50.3758 -7.8670 -1.8644
Car -1 -1 -4.8321 541.7574 172.0464 565.0825 189.7979 1.4759 1.5751 3.5747 -4.7024 0.3811 61.6729 -4.9082 -1.9652
Car -1 -1 -4.6709 653.4035 173.5393 673.7288 191.9505 1.5370 1.5957 3.8239 4.8247 0.5624 62.0025 -4.5940 -2.6520
Car -1 -1 -4.8313 439.8155 176.4114 486.3549 213.2512 1.5899 1.6185 4.1783 -6.7869 1.2101 33.2612 -5.0313 -2.7954
Car -1 -1 -4.6257 438.7081 162.2481 462.3050 181.4060 1.5451 1.6229 3.8247 -13.2764 -0.3325 60.7712 -4.8400 -2.9091
Car -1 -1 -4.5562 698.7155 178.1453 738.3391 206.0432 1.5024 1.6171 4.1035 6.3207 1.1218 40.9142 -4.4044 -3.0626
Car -1 -1 -3.1129 378.9934 177.7393 459.9235 211.0512 1.5482 1.6362 3.6857 -9.0555 1.2009 34.6183 -3.3672 -3.6456
Car -1 -1 -4.9532 617.6249 182.3637 661.6146 206.4656 1.3624 1.6514 4.2064 1.8121 1.2013 42.8584 -4.9117 -4.1675
Car -1 -1 -7.6945 445.6716 169.4987 473.8541 188.5344 1.4685 1.6669 3.4731 -11.7652 0.2562 57.2275 -7.8966 -4.4763
Car -1 -1 -4.8849 449.4443 177.5688 492.2440 208.9241 1.5218 1.5995 3.3037 -7.0649 1.1508 36.7163 -5.0740 -4.4887
Car -1 -1 -4.9031 532.8496 178.6297 574.3768 203.9847 1.4078 1.5905 4.5641 -3.2752 1.0422 42.3235 -4.9802 -4.5288
Car -1 -1 -7.7271 354.2537 172.0089 394.0213 201.7196 1.5719 1.6335 3.8093 -12.9932 0.8733 40.0552 -8.0391 -4.6768
Car -1 -1 -4.9302 544.5627 171.5814 568.8238 188.1819 1.5566 1.5705 3.6964 -4.9647 0.2783 69.4017 -5.0017 -4.6842
Car -1 -1 -5.9311 377.9788 178.7411 486.9390 216.9785 1.6007 1.5846 4.3018 -7.5879 1.3298 31.1258 -6.1686 -5.5331
Car -1 -1 -4.7892 359.9249 182.1372 440.3740 239.4719 1.4199 1.8152 4.5596 -5.9985 1.3438 20.2557 -5.0738 -5.9421
