Car -1 -1 -8.0463 617.7685 180.5128 732.2422 265.7308 1.6131 1.7098 3.9220 1.2660 1.5242 15.6525 -7.9676 8.0632
Car -1 -1 -7.5328 187.5758 194.4333 353.9831 285.0494 1.3424 1.6260 3.4866 -5.8591 1.5304 12.8339 -7.9534 8.0584
Car -1 -1 -7.6412 323.8692 188.2493 418.7708 246.4228 1.3819 1.6019 3.9509 -6.2720 1.4723 19.3335 -7.9511 6.2955
Car -1 -1 -7.8546 508.6528 180.4849 555.1116 223.1432 1.5513 1.6861 3.8143 -3.0115 1.3794 28.1282 -7.9607 5.9408
Car -1 -1 -7.6975 377.3659 185.6039 439.4405 225.6251 1.4067 1.6146 4.4165 -7.5957 1.4230 27.5954 -7.9640 4.9815
Car -1 -1 -7.1738 0.0000 195.2622 135.1892 375.0000 1.5325 1.6442 3.5484 -5.1010 1.6264 4.8546 -7.9565 3.9847
Car -1 -1 -7.5809 276.8641 185.0391 355.4730 228.0860 1.5003 1.6864 4.1395 -10.9583 1.4943 27.2022 -7.9608 3.0121
Car -1 -1 -7.7369 427.1603 184.3225 465.3259 211.0622 1.3954 1.5850 4.0669 -8.8773 1.3489 39.6166 -7.9563 2.3625
Car -1 -1 -7.8620 554.2337 182.6695 575.4255 201.3385 1.4357 1.6287 3.6856 -3.4496 1.2401 57.1779 -7.9224 1.8931
Car -1 -1 -7.9390 496.6178 183.8277 533.8005 213.3667 1.4532 1.6085 3.5587 -4.8734 1.3851 37.2753 -8.0685 1.6327
Car -1 -1 -4.6116 402.9956 174.3071 427.5137 194.2740 1.6519 1.6424 3.8989 -16.4563 0.7496 61.5279 -4.8722 1.5555
Car -1 -1 -7.4264 76.1975 166.3694 252.4473 254.4678 1.8671 1.8754 4.6323 -10.6356 1.4679 17.6394 -7.9625 1.0979
Car -1 -1 -7.5949 322.3992 171.7736 376.9038 206.8555 1.6945 1.7042 3.7563 -13.1249 1.0454 36.6640 -7.9366 0.2863
Car -1 -1 -7.7962 445.0743 181.6216 472.3280 204.5616 1.4881 1.5823 3.9358 -10.0825 1.2551 48.6933 -7.9996 -0.2615
Car -1 -1 -7.9182 465.4821 176.7912 487.2625 195.9416 1.6356 1.6492 3.7600 -11.6290 0.9162 63.4192 -8.0992 -0.3857
Car -1 -1 -4.6747 596.2596 183.8705 620.3413 205.3258 1.5057 1.6114 4.0630 0.0513 1.4114 52.5087 -4.6742 -1.8682
Car -1 -1 -4.5439 15.7781 172.2592 56.4841 196.2686 1.6495 1.6373 3.9449 -40.9227 0.7595 51.5099 -5.2130 -2.2102
Car -1 -1 -4.2205 0.0000 175.3656 43.9374 199.1560 1.5337 1.6488 3.6930 -39.9137 0.8989 48.3149 -4.9085 -2.8288
Car -1 -1 -7.5523 676.4412 173.0423 726.3970 201.9494 1.5678 1.6848 4.1652 5.3951 0.9077 41.2323 -7.4235 -3.2026
Car -1 -1 -2.8837 544.7239 183.0056 621.7118 208.4524 1.4088 1.6576 4.1089 -1.4136 1.2866 41.0603 -2.9184 -3.4074
Car -1 -1 -7.5090 26.1360 172.4487 78.4171 196.2768 1.6105 1.6676 3.9723 -39.1485 0.7478 50.7335 -8.1639 -3.4163
Car -1 -1 -4.9108 613.5727 182.2020 657.7802 210.4713 1.4765 1.6513 4.0917 1.4519 1.3192 39.6982 -4.8750 -3.5443
Car -1 -1 -8.5889 605.3454 179.8452 658.9661 202.5919 1.5649 1.6783 3.8587 1.6895 1.1956 51.4693 -8.5568 -4.2885
Car -1 -1 -6.2377 608.6805 181.3638 680.8863 208.5412 1.5738 1.7422 4.1998 2.1977 1.3509 42.6957 -6.1871 -4.6511
Car -1 -1 -2.4023 0.0000 180.1037 10.8941 202.3521 1.4238 1.7165 3.6719 -41.4966 1.0968 46.8922 -3.1242 -4.7728
Car -1 -1 -4.7716 563.8859 182.7374 581.7381 196.8325 1.3611 1.5584 3.4878 -3.4905 1.1219 71.2329 -4.8209 -4.9424
Car -1 -1 -4.6786 364.8097 179.6962 390.7117 202.5003 1.5084 1.5748 3.6618 -15.8338 1.1434 49.5241 -4.9869 -5.0498
Car -1 -1 -4.9885 410.1566 176.6205 437.0940 192.8492 1.4927 1.5424 3.6159 -17.4675 0.7023 68.0698 -5.2391 -5.1730
Car -1 -1 -4.7882 504.3690 180.4927 529.3245 199.4887 1.4892 1.7046 4.1063 -7.4522 1.1191 58.5384 -4.9146 -5.7297
Car -1 -1 -4.3740 520.1628 179.7063 556.4035 198.9525 1.4853 1.6254 4.1011 -5.5453 1.0602 57.6608 -4.4699 -5.7409
Car -1 -1 -4.9089 493.4827 179.1244 533.2749 206.7344 1.6064 1.6639 3.9659 -5.8460 1.2522 43.9708 -5.0407 -5.8372
