Car -1 -1 -7.9939 549.7301 177.3722 635.1724 245.5340 1.6194 1.7178 3.8806 -0.5606 1.4332 19.1357 -8.0232 8.0647
Car -1 -1 -7.8827 454.4654 179.7436 507.9741 228.7224 1.5697 1.7028 3.7484 -4.5065 1.3945 25.0472 -8.0593 7.1560
Car -1 -1 -7.5316 152.0416 191.2608 318.0178 279.4594 1.4005 1.5954 3.9531 -6.9510 1.5338 13.7653 -7.9917 6.8759
Car -1 -1 -7.6458 278.6854 184.7605 368.8645 236.9316 1.4437 1.6719 4.5115 -8.6886 1.4313 22.2529 -8.0143 5.7784
Car -1 -1 -7.6845 360.3272 183.3408 411.2457 215.2954 1.4159 1.6044 4.2407 -10.4746 1.3330 34.0571 -7.9810 5.4351
Car -1 -1 -7.2993 0.0000 200.3670 161.1448 375.0000 1.3676 1.5585 3.4593 -6.3034 1.5614 7.3690 -7.9890 4.3131
Car -1 -1 -7.3789 0.0000 167.3220 129.5928 267.6075 1.7479 1.6586 3.6945 -11.4771 1.4362 14.4976 -8.0397 2.7260
Car -1 -1 -7.7167 350.2684 180.2941 379.5030 200.7052 1.5330 1.6560 3.7617 -18.8955 1.1635 55.9910 -8.0411 1.9233
Car -1 -1 -7.4860 170.9766 183.8001 270.8990 234.4806 1.4727 1.5788 3.6023 -12.1676 1.4317 22.7709 -7.9721 1.6789
Car -1 -1 -4.6575 391.7303 177.9334 423.3526 204.7867 1.5178 1.5922 3.9787 -11.8882 1.1063 42.7440 -4.9275 1.5640
Car -1 -1 -7.8631 513.5386 180.1913 533.9368 199.2607 1.5036 1.6006 3.6815 -6.8851 1.1076 58.6094 -7.9799 0.9906
Car -1 -1 -7.7920 450.8454 181.9684 490.5809 214.8749 1.4638 1.6137 3.6786 -6.4466 1.3195 33.9031 -7.9789 0.8672
Car -1 -1 -7.5175 243.4701 174.4681 318.9947 215.5992 1.7322 1.7301 4.4439 -14.7074 1.2797 32.5608 -7.9390 -0.3301
Car -1 -1 -7.8533 419.5231 174.8582 442.8018 198.6121 1.8351 1.7533 4.3487 -14.2260 1.0351 57.8547 -8.0937 -0.7614
Car -1 -1 -3.1918 498.8803 183.7312 568.8926 210.5400 1.4865 1.6708 3.8890 -4.2680 1.4043 40.9820 -3.2954 -3.8747
Car -1 -1 -4.9449 402.3283 180.9091 457.6642 214.3233 1.5029 1.6258 4.3350 -8.6594 1.3093 34.6308 -5.1885 -3.8927
Car -1 -1 -4.2086 4.6251 190.4602 150.2298 247.9323 1.4144 1.6490 3.7060 -14.5943 1.5745 19.9843 -4.8333 -4.0630
Car -1 -1 -2.2818 455.1580 184.6677 516.7307 207.9348 1.4479 1.6405 4.1329 -7.9666 1.4140 46.6838 -2.4503 -4.1551
Car -1 -1 -4.9715 566.1868 179.1121 619.8483 210.6188 1.4497 1.5698 4.3224 -0.8299 1.1691 35.3717 -4.9952 -4.2288
Car -1 -1 -4.0194 546.1835 178.5533 583.2215 194.9809 1.5575 1.5749 3.7517 -4.1815 0.9260 70.1317 -4.0791 -4.4912
Car -1 -1 -4.7921 377.3722 181.4756 398.7155 198.2055 1.4159 1.5279 3.1855 -19.1653 1.0995 62.6006 -5.0884 -4.6352
Car -1 -1 -4.3579 335.2558 171.3513 366.8525 187.9958 1.5527 1.5901 3.9317 -24.6179 0.2595 69.0338 -4.6994 -4.7564
Car -1 -1 -4.4430 187.1720 187.0717 307.5706 254.8158 1.4630 1.7297 3.4700 -8.6620 1.5131 17.4909 -4.8970 -4.9535
Car -1 -1 -4.5282 499.5518 185.6747 535.2208 208.3546 1.4176 1.5724 4.2444 -5.9067 1.4493 47.1864 -4.6524 -5.0638
Car -1 -1 -5.2862 551.4042 185.1504 627.7697 219.4017 1.4645 1.6676 3.8165 -0.9244 1.4618 32.7805 -5.3146 -5.2930
Car -1 -1 -4.2954 441.6434 179.2964 496.0532 205.6146 1.4308 1.6292 3.8674 -7.9181 1.1092 41.1495 -4.4846 -5.8867
Car -1 -1 -4.8788 562.1287 180.3344 603.9325 206.9548 1.4262 1.6726 4.2750 -1.4896 1.1648 40.7744 -4.9155 -5.8933
Car -1 -1 -4.2324 405.2348 176.8097 465.7635 204.3658 1.4317 1.5716 3.9718 -9.4166 0.9951 39.4670 -4.4654 -5.9095
Car -1 -1 -4.6347 277.1064 182.0062 336.1967 226.5921 1.5189 1.6889 4.2415 -11.1604 1.4097 26.7671 -5.0265 -5.9682
Car -1 -1 -4.4069 435.4426 185.3651 469.9804 208.7849 1.7216 1.6304 3.3584 -11.7611 1.7334 54.6132 -4.6184 -6.0494
Car -1 -1 -7.3040 1.2043 162.9253 207.8820 265.8051 1.8221 1.5712 4.0003 -10.0937 1.4275 14.7625 -7.8954 -6.4667
