Car -1 -1 -7.5319 274.3287 183.4338 442.5830 286.1413 1.5043 1.6270 3.5845 -4.1188 1.4783 12.3254 -7.8482 8.0453
Car -1 -1 -7.2885 9.3815 185.5801 242.4974 281.6087 1.4409 1.6135 3.7336 -8.2418 1.4485 12.6690 -7.8557 7.3649
Car -1 -1 -7.7119 454.9440 183.1947 518.2124 225.3245 1.3534 1.6703 3.5240 -4.1580 1.2886 24.8722 -7.8762 6.4113
Car -1 -1 -7.8469 595.2316 176.7516 632.1511 209.7476 1.5172 1.6982 3.9116 0.2631 1.1282 35.0215 -7.8399 4.8857
Car -1 -1 -7.9654 645.2365 178.9893 680.4225 204.7965 1.3889 1.5794 3.5501 3.0282 1.0540 40.4925 -7.8917 4.7556
Car -1 -1 -7.7500 503.9256 178.5596 545.4987 210.1593 1.4278 1.5794 3.9247 -3.9589 1.1272 34.4498 -7.8640 4.5146
Car -1 -1 -7.6553 426.1859 177.5187 476.1042 209.9054 1.5133 1.6374 4.0979 -7.7304 1.1538 35.6498 -7.8677 4.2653
Car -1 -1 -7.9316 581.7918 178.9899 613.7980 205.3504 1.5016 1.6174 3.6879 -0.6626 1.1471 42.8598 -7.9474 1.5183
Car -1 -1 -7.7884 535.3474 176.7014 559.2853 196.4912 1.4646 1.5846 3.8135 -4.6225 0.8346 55.1225 -7.8720 0.8562
Car -1 -1 -7.4574 254.4378 165.0695 366.1002 236.6464 1.8459 1.6015 3.7025 -8.3463 1.3265 20.3997 -7.8414 0.4490
Car -1 -1 -7.5516 366.3487 173.8895 433.9813 217.3955 1.6334 1.6117 3.5439 -8.2693 1.2083 28.7800 -7.8292 0.0758
Car -1 -1 -8.0776 614.5620 176.3469 638.8641 192.2256 1.5205 1.6073 3.6969 1.8316 0.6714 70.8062 -8.0522 0.0410
Car -1 -1 -7.6877 449.6652 165.8822 488.0494 194.0269 1.7568 1.7684 4.3571 -9.0624 0.5502 47.0694 -7.8771 -0.2868
Car -1 -1 -7.4506 606.7186 179.3890 654.8731 205.5110 1.4122 1.5169 3.3991 1.3149 1.0973 40.7224 -7.4190 -2.1931
Car -1 -1 -7.3363 464.7557 168.1407 518.7479 194.5728 1.6339 1.6682 4.0553 -7.4908 0.5786 46.6279 -7.4950 -2.6894
Car -1 -1 -5.0210 478.6950 175.7991 509.6265 192.7910 1.4512 1.6224 3.7781 -10.0677 0.6471 63.4452 -5.1781 -3.3498
Car -1 -1 -4.2315 603.4208 175.9357 638.5410 193.7168 1.6189 1.7078 3.8656 1.2641 0.7741 67.5537 -4.2133 -3.9066
Car -1 -1 -4.2746 399.3649 179.2322 452.3252 206.8946 1.4844 1.5060 3.5974 -10.2162 1.1635 40.4833 -4.5206 -4.0730
Car -1 -1 -8.1714 651.3757 174.3560 687.4648 194.8470 1.5116 1.6167 3.8821 4.6644 0.7107 55.1060 -8.0878 -4.0879
Car -1 -1 -4.8086 429.4089 167.2470 461.2180 194.7689 1.7129 1.6659 3.7198 -10.6280 0.5947 46.7675 -5.0310 -4.1507
Car -1 -1 -7.5360 434.0179 177.8185 499.4769 215.8654 1.5229 1.5996 3.9316 -6.0015 1.2270 30.8257 -7.7270 -4.3030
Car -1 -1 -7.7015 136.5282 159.4899 183.5699 188.2064 1.5692 1.7078 3.9765 -25.7718 0.1636 41.4447 -8.2550 -4.3264
Car -1 -1 -4.6027 321.8205 175.2133 412.7264 242.9281 1.5460 1.7281 4.6339 -6.2018 1.3178 18.8559 -4.9165 -4.4133
Car -1 -1 -5.0980 690.5857 169.7551 722.2664 188.8847 1.7378 1.7058 3.5869 9.1871 0.3335 67.2531 -4.9632 -4.7164
Car -1 -1 -4.5289 572.4777 179.8103 594.0410 194.2319 1.4001 1.5524 3.4111 -2.4231 0.8755 71.5896 -4.5630 -4.7703
Car -1 -1 -4.9738 552.4471 179.7509 580.8015 194.0613 1.3696 1.7212 4.3854 -4.1141 0.8467 71.1489 -5.0317 -4.7958
Car -1 -1 -4.8709 342.6556 168.9563 415.5844 223.7795 1.7421 1.7464 4.4681 -8.1491 1.2256 25.2301 -5.1805 -5.0888
Car -1 -1 -7.8054 0.0000 190.1660 0.0000 342.0247 1.4251 1.6548 3.4597 -8.6823 1.4980 8.7128 -8.5737 -5.4416
Car -1 -1 -6.5238 279.8413 170.5318 403.8568 209.6091 1.5611 1.7600 4.6950 -11.3661 0.9746 30.7569 -6.8752 -5.5295
Car -1 -1 -7.7875 318.9035 172.9534 355.6940 204.5705 1.5116 1.5061 3.4135 -13.6147 0.9255 36.2204 -8.1449 -5.6146
Car -1 -1 -8.0695 707.1094 177.8032 755.5877 211.1002 1.7727 1.7344 4.6013 6.8750 1.3782 40.6117 -7.9035 -5.6842
Car -1 -1 -8.4803 538.3463 172.8938 590.1216 193.8135 1.5728 1.6561 4.6137 -3.4760 0.6466 56.3531 -8.5420 -5.9655
Car -1 -1 -4.5624 314.3959 176.0422 376.6546 215.2522 1.4427 1.6925 4.3538 -10.4285 1.1053 28.7493 -4.9076 -6.4789
