Car -1 -1 -7.6660 406.1599 178.5359 489.8264 238.1798 1.5349 1.6476 3.6254 -4.4595 1.3632 20.3330 -7.8795 7.3907
Car -1 -1 -7.4000 15.5954 188.4967 389.6869 375.0000 1.4900 1.6061 3.9991 -3.7255 1.5332 7.4310 -7.8506 7.3669
Car -1 -1 -8.0101 671.8890 182.0970 742.4993 232.3672 1.3604 1.5148 3.4620 2.8026 1.2762 21.2042 -7.8808 6.5874
Car -1 -1 -7.4899 264.1820 182.4151 367.0088 235.4522 1.4319 1.5982 3.6615 -8.5514 1.3565 21.2503 -7.8684 4.9734
Car -1 -1 -7.7462 484.8638 181.4027 527.9627 213.1586 1.3816 1.5850 3.6088 -4.6493 1.2159 33.1040 -7.8850 4.9509
Car -1 -1 -7.2531 0.0000 188.4889 206.1424 306.3134 1.4595 1.5933 3.9841 -8.0891 1.5190 11.0244 -7.8747 3.9184
Car -1 -1 -7.8788 583.8998 177.1570 615.2151 204.1116 1.4686 1.6851 3.9072 -0.5420 1.0297 41.1507 -7.8923 3.8993
Car -1 -1 -7.6334 363.4268 169.6253 424.4036 215.7259 1.7939 1.6368 3.7756 -8.8549 1.1874 29.9098 -7.9191 3.6495
Car -1 -1 -7.7940 517.5494 177.0617 546.9978 202.6879 1.5005 1.5711 3.7681 -4.6104 1.0232 44.0084 -7.8981 2.7573
Car -1 -1 -4.7606 624.3320 173.7117 651.8236 198.1882 1.6244 1.6965 4.0533 2.0353 0.8611 49.7408 -4.7203 2.1926
Car -1 -1 -7.6743 465.6262 177.1611 499.9514 200.5012 1.4871 1.5749 3.8989 -8.2817 0.9741 47.7581 -7.8455 1.3960
Car -1 -1 -7.7630 575.2890 178.4651 602.6823 200.2704 1.4299 1.5480 3.6077 -1.2706 0.9874 48.9911 -7.7892 0.7413
Car -1 -1 -4.8706 668.1307 173.0780 694.1298 192.1535 1.6168 1.6490 3.9878 6.3784 0.5882 62.9693 -4.7705 -1.6140
Car -1 -1 -7.4441 511.1861 175.9463 576.7309 209.1173 1.5694 1.7014 4.3632 -3.1786 1.1310 36.3494 -7.5311 -2.0615
Car -1 -1 -4.6306 536.7502 175.6112 556.6773 191.3572 1.4867 1.6441 3.5094 -5.8968 0.5800 69.6285 -4.7151 -2.1890
Car -1 -1 -7.6271 418.6240 172.5920 466.6432 204.4438 1.6581 1.7231 3.9173 -9.0133 1.0011 39.3830 -7.8509 -2.2441
Car -1 -1 -4.9617 658.1447 173.3136 693.6046 196.6055 1.6263 1.6375 3.9290 4.8854 0.7954 52.2612 -4.8694 -2.6053
Car -1 -1 -7.7514 278.3771 188.6193 332.9813 225.1098 1.3100 1.5828 3.8247 -11.8340 1.4537 28.2501 -8.1451 -2.9662
Car -1 -1 -8.0180 325.1194 178.8868 372.0956 208.3092 1.4270 1.6252 4.1229 -13.4400 1.1202 37.0596 -8.3639 -3.4524
Car -1 -1 -4.8616 659.9536 175.1897 693.3131 199.4345 1.5492 1.6181 4.0745 4.5287 0.9087 48.0129 -4.7685 -3.7095
Car -1 -1 -7.7059 583.4540 177.2109 623.8264 206.1540 1.3999 1.5720 3.3969 -0.1997 1.0129 36.5609 -7.7117 -3.9255
Car -1 -1 -4.6294 355.1430 179.0498 394.0272 207.2406 1.3896 1.5954 4.0882 -12.1726 1.0858 37.6048 -4.9407 -3.9659
Car -1 -1 -4.5196 392.8910 168.5903 426.1116 195.1103 1.6966 1.5367 3.1978 -13.1267 0.6332 47.6414 -4.7873 -4.0508
Car -1 -1 -4.3860 642.4526 176.4533 677.6232 196.8622 1.6020 1.6485 4.0636 4.2842 0.9144 58.6204 -4.3138 -4.3243
Car -1 -1 -4.5804 532.7375 171.6729 561.0139 193.7486 1.6057 1.6303 3.8957 -4.5794 0.6208 54.2720 -4.6645 -4.3406
Car -1 -1 -4.3241 303.4955 187.6353 368.5293 218.0129 1.2727 1.5199 3.4516 -12.1119 1.3869 32.1433 -4.6821 -4.4172
Car -1 -1 -4.4101 368.8904 182.4527 427.3903 212.9809 1.3582 1.5674 3.8555 -9.8514 1.2354 33.9256 -4.6910 -4.5011
Car -1 -1 -5.1194 635.0647 174.7327 676.6738 196.9898 1.5424 1.6004 3.8368 3.4062 0.8161 51.8926 -5.0546 -4.5184
Car -1 -1 -3.8024 0.0000 198.8190 56.1904 375.0000 1.3980 1.4727 3.4621 -7.2096 1.5551 6.5013 -4.6188 -4.6245
Car -1 -1 -4.3915 125.6411 187.4448 330.2201 299.6886 1.4381 1.5702 4.1357 -5.7984 1.4804 11.4523 -4.8510 -4.6276
Car -1 -1 -4.7386 423.1686 180.3391 461.3368 213.9338 1.4334 1.5877 3.7337 -7.6038 1.2255 32.6784 -4.9658 -4.7448
Car -1 -1 -4.8386 278.9359 189.7289 342.0554 230.9295 1.3155 1.6063 3.7016 -10.5983 1.4876 25.3966 -5.2306 -4.8261
Car -1 -1 -4.7848 406.4202 166.1018 434.6970 189.5699 1.6123 1.6757 3.9917 -13.4780 0.2993 51.5471 -5.0395 -4.8451
Car -1 -1 -4.9944 421.8530 173.5053 482.9434 206.2224 1.5191 1.8036 4.4184 -7.8256 0.9755 35.7499 -5.2087 -5.0234
Car -1 -1 -4.2277 361.5630 176.2749 437.6762 211.2093 1.6590 1.7568 4.6320 -10.5169 1.2346 36.5856 -4.5061 -5.2180
Car -1 -1 -7.5659 440.3597 174.9611 485.8336 202.3711 1.5665 1.6229 3.9256 -8.6454 0.9806 43.1115 -7.7629 -5.5964
Car -1 -1 -3.7071 0.0000 218.6085 0.0000 375.0000 1.4394 1.4873 3.3982 -4.7055 1.6311 2.3904 -4.7623 -5.6685
Car -1 -1 -5.2423 656.0650 171.9669 690.2532 189.1455 1.6408 1.6259 3.8428 6.3957 0.3755 70.7442 -5.1529 -5.6865
Car -1 -1 -4.7678 972.7291 155.6588 1047.8972 210.0883 1.4992 1.7318 4.2652 12.2088 0.6852 22.0979 -4.2688 -5.7154
Car -1 -1 -4.7057 494.5838 180.8089 523.7693 206.6237 1.3449 1.5105 3.4145 -5.4015 1.1155 39.2411 -4.8420 -5.7412
Car -1 -1 -4.6012 198.2824 178.9225 309.9532 256.4989 1.4213 1.6435 4.2198 -7.4677 1.3062 15.4334 -5.0452 -5.8758
