Car -1 -1 -7.5293 251.2688 184.2041 432.9515 296.0752 1.5222 1.6251 3.6142 -4.1098 1.5086 11.5956 -7.8630 8.1584
Car -1 -1 -7.7033 449.3234 184.1921 513.7001 227.9725 1.3421 1.5817 3.5308 -4.1475 1.3109 23.8172 -7.8741 7.8613
Car -1 -1 -7.2512 0.0000 188.2550 220.2795 293.1467 1.4226 1.5639 3.7704 -8.1894 1.4804 11.7476 -7.8495 7.5222
Car -1 -1 -7.8916 594.0964 178.0322 633.0106 211.5894 1.5021 1.6903 3.8013 0.1880 1.1807 34.1046 -7.8865 5.4627
Car -1 -1 -7.7271 497.1523 179.3919 543.8914 213.4664 1.4482 1.6125 3.9315 -3.9207 1.2008 32.5232 -7.8465 4.4988
Car -1 -1 -7.9151 644.1066 178.9664 673.0078 202.6874 1.3955 1.5452 3.4922 3.0485 1.0280 44.0412 -7.8469 4.0725
Car -1 -1 -7.6682 421.9320 179.0988 471.5930 211.6500 1.4772 1.6146 4.0323 -7.7284 1.1997 34.6627 -7.8863 3.9018
Car -1 -1 -7.9176 582.7861 178.7127 613.6268 205.3443 1.4969 1.5848 3.4481 -0.6260 1.1315 42.1863 -7.9328 3.3016
Car -1 -1 -7.5083 349.4110 176.5356 424.3137 220.4926 1.5522 1.5682 3.6241 -8.3182 1.2458 27.2339 -7.8023 1.3507
Car -1 -1 -7.8149 508.1115 178.9433 540.5071 207.5012 1.5007 1.6343 3.6731 -4.5944 1.1713 39.6697 -7.9299 1.2588
Car -1 -1 -7.4142 225.4866 164.8441 352.6030 241.6007 1.8231 1.5768 3.8047 -8.3067 1.3394 19.0012 -7.8214 1.0526
Car -1 -1 -4.8215 528.0981 175.0322 555.7217 197.1797 1.5663 1.6107 3.8191 -4.8974 0.8463 52.8699 -4.9138 0.3832
Car -1 -1 -7.6678 482.3080 177.2605 510.3369 195.1405 1.4988 1.6513 4.2253 -9.6463 0.8321 62.3985 -7.8209 -1.0077
Car -1 -1 -4.7699 665.9200 177.3437 691.9281 200.0023 1.6130 1.6708 4.1541 5.2153 1.0527 53.2801 -4.6732 -1.0192
Car -1 -1 -3.0510 413.0522 170.8809 477.2293 196.8685 1.5653 1.5378 3.7338 -10.0056 0.7020 44.3036 -3.2721 -1.2865
Car -1 -1 -4.1892 744.7696 178.5718 800.3289 206.4921 1.5492 1.5411 3.6335 9.5706 1.1807 41.7447 -3.9657 -1.4745
Car -1 -1 -4.9450 681.4128 177.6120 722.7734 204.1464 1.6321 1.6728 4.3762 6.0129 1.1646 46.4798 -4.8176 -2.0874
Car -1 -1 -7.4878 677.2180 175.2090 719.7658 198.7466 1.6468 1.6751 4.2670 6.6577 0.9468 52.5708 -7.3630 -3.5559
Car -1 -1 -5.8164 422.8609 168.9086 493.2517 196.3840 1.6916 1.8923 3.9514 -9.5215 0.6878 45.6852 -6.0210 -3.6411
Car -1 -1 -4.4658 548.9459 178.4189 582.8882 200.3262 1.5320 1.6165 3.6702 -3.0228 1.0568 52.2241 -4.5237 -3.8215
Car -1 -1 -7.7951 474.9016 168.7015 507.9021 197.3873 1.7463 1.8410 4.0943 -7.4061 0.7411 45.8903 -7.9545 -4.5481
Car -1 -1 -4.8980 283.6257 170.8820 343.9385 214.6427 1.7163 1.6501 3.9617 -12.4839 1.1543 30.3060 -5.2859 -4.5528
Car -1 -1 -4.4272 707.9989 170.6810 744.5665 196.8381 1.8569 1.6831 3.7483 8.7653 0.8253 53.0869 -4.2648 -4.6487
Car -1 -1 -4.8732 691.3068 177.0232 734.1832 206.3111 1.6084 1.7511 4.4722 5.9982 1.1587 41.7311 -4.7318 -4.7494
Car -1 -1 -4.4722 551.3058 176.5173 580.3635 194.7457 1.5162 1.5853 4.0403 -3.5885 0.7928 61.9226 -4.5302 -4.7914
Car -1 -1 -4.7328 540.6261 176.5669 559.9011 194.0028 1.4443 1.5610 3.8863 -4.9631 0.7280 61.5583 -4.8132 -4.8210
Car -1 -1 -4.9003 300.7550 179.9859 418.8354 254.9819 1.3882 1.6602 4.0409 -5.4970 1.2915 15.4708 -5.2364 -5.8620
Car -1 -1 -4.8072 591.3251 177.5674 619.0101 198.3880 1.4244 1.5938 3.9920 -0.2442 0.9013 51.2444 -4.8124 -5.8867
Car -1 -1 -4.5448 306.6357 172.2359 369.3135 212.9541 1.5122 1.7045 3.9389 -10.7545 1.0303 28.7913 -4.8994 -6.1037
