Car -1 -1 -7.9980 564.2233 179.3446 654.9917 249.6971 1.5964 1.7397 3.9207 -0.1155 1.4633 18.3805 -8.0047 8.5953
Car -1 -1 -7.5639 206.2208 190.5559 346.2930 268.4092 1.3943 1.5917 3.9150 -6.8606 1.5226 15.1977 -7.9816 7.5288
Car -1 -1 -7.3700 0.0000 197.4920 224.5227 346.5854 1.3683 1.5650 3.4604 -6.2291 1.5481 8.7086 -7.9766 7.5197
Car -1 -1 -7.6528 304.3163 185.8175 387.4987 233.4270 1.4110 1.7012 4.4232 -8.5338 1.4329 23.6725 -7.9955 5.7526
Car -1 -1 -7.8448 465.6273 179.7266 517.6147 226.7818 1.5625 1.7136 3.8658 -4.2066 1.3803 25.9089 -8.0046 5.7165
Car -1 -1 -7.7507 378.7740 184.4462 421.3479 214.8276 1.4044 1.5792 4.2761 -10.2181 1.3690 35.4737 -8.0295 4.9830
Car -1 -1 -7.5348 197.8568 185.4463 291.8987 232.3414 1.4273 1.6251 3.9356 -12.0050 1.4358 23.9612 -7.9951 4.5142
Car -1 -1 -7.7780 362.1970 180.8399 387.4504 200.5414 1.5166 1.6399 3.6695 -18.5544 1.1799 57.3118 -8.0901 2.0907
Car -1 -1 -4.1907 0.0000 167.6555 153.0974 260.5136 1.5883 1.6137 4.2435 -11.1531 1.2881 14.5017 -4.8374 1.3644
Car -1 -1 -8.0013 514.6565 182.1366 542.0563 200.3012 1.4202 1.6397 3.9677 -6.4928 1.1796 58.3304 -8.1121 0.9528
Car -1 -1 -7.9580 456.3355 182.8564 497.8590 214.7082 1.4499 1.6003 3.5814 -6.3798 1.3426 34.6651 -8.1391 0.5905
Car -1 -1 -7.7477 401.0538 182.2480 434.2452 207.1926 1.4682 1.5738 3.8849 -11.7098 1.2937 44.3493 -8.0047 0.5191
Car -1 -1 -7.5792 260.1185 170.1118 330.4603 213.3874 1.8749 1.8422 4.4892 -14.4792 1.2207 33.4898 -7.9846 -0.1017
Car -1 -1 -7.8176 428.4827 176.1577 452.5141 198.4614 1.7702 1.7801 4.1085 -13.7638 1.0514 59.2405 -8.0452 -0.3641
Car -1 -1 -4.4780 87.7194 189.4353 167.7718 230.7694 1.2956 1.5340 3.3791 -16.4742 1.4520 24.7602 -5.0604 -3.1248
Car -1 -1 -5.2853 642.6699 189.4603 759.6098 241.8983 1.4300 1.6727 3.9347 2.7089 1.5732 22.0840 -5.1653 -3.1536
Car -1 -1 -4.5605 531.3010 179.4147 561.6642 199.3651 1.5638 1.7819 4.7128 -4.9772 1.1093 58.7590 -4.6451 -3.1895
Car -1 -1 -4.8343 553.8809 181.2854 583.2714 204.4228 1.4915 1.5649 3.3277 -2.6785 1.2383 48.1145 -4.8900 -3.4541
Car -1 -1 -4.9447 537.3060 178.1358 565.9223 199.1250 1.8151 1.6436 4.1258 -5.0748 1.2030 64.3801 -5.0235 -4.1037
Car -1 -1 -7.6020 228.8518 183.5890 330.2917 243.3746 1.4489 1.6530 3.3955 -8.7010 1.4096 19.2334 -8.0218 -4.1145
Car -1 -1 -4.2762 420.7096 179.9450 484.9918 206.0499 1.3346 1.7049 4.4204 -8.3696 1.0653 39.0966 -4.4860 -4.3094
Car -1 -1 -7.9652 345.2982 172.8513 369.9409 190.0100 1.6312 1.8412 4.1002 -24.5944 0.4559 70.5868 -8.2996 -4.3400
Car -1 -1 -7.7344 86.8995 192.5886 209.2898 281.7654 1.4500 1.5365 3.6485 -8.8319 1.6140 13.9938 -8.2890 -4.5355
Car -1 -1 -2.6348 579.7848 177.8118 667.8490 209.9869 1.5368 1.6697 4.1274 0.7522 1.1833 36.0942 -2.6146 -4.8609
Car -1 -1 -3.7913 0.0000 193.4156 163.7406 310.0692 1.4162 1.5245 3.5626 -8.9189 1.5626 10.9097 -4.4647 -4.9261
Car -1 -1 -4.4893 498.2411 184.9605 532.7996 206.7213 1.4041 1.5013 3.8055 -6.1852 1.3878 48.3500 -4.6162 -5.0504
Car -1 -1 -4.5368 508.1481 186.6359 546.7007 211.8659 1.4012 1.5596 4.1037 -4.6988 1.4890 42.2580 -4.6473 -5.2564
Car -1 -1 -7.9372 586.6714 188.5474 644.7439 235.2509 1.3846 1.5730 3.6926 0.1432 1.5024 23.4850 -7.9317 -5.3052
Car -1 -1 -4.3416 636.5231 171.3558 678.3986 195.5524 1.5447 1.5163 3.7963 3.3292 0.6600 47.9308 -4.2730 -5.4326
Car -1 -1 -7.7509 143.3306 188.6398 201.3489 230.0300 1.3727 1.3983 3.9319 -15.8660 1.5079 26.2623 -8.2901 -5.4459
Car -1 -1 -3.9923 263.8739 178.2568 367.9578 216.7832 1.4906 1.6197 4.2623 -12.1301 1.2215 30.0915 -4.3727 -5.5298
Car -1 -1 -3.9018 353.4716 181.9985 427.8629 209.7028 1.5100 1.7011 4.0333 -12.4502 1.3348 41.3527 -4.1928 -5.5608
Car -1 -1 -4.3189 191.9365 171.0941 256.8020 203.2918 1.5252 1.5764 3.6438 -19.1176 0.8564 35.9399 -4.8048 -5.6467
Car -1 -1 -4.6807 507.3998 183.5715 525.1877 199.6657 1.4222 1.4979 3.3858 -8.2959 1.2770 65.2788 -4.8071 -5.7063
Car -1 -1 -7.7489 16.2104 164.5690 110.7802 232.3375 1.9047 1.8228 5.2321 -17.2197 1.3246 22.9199 -8.3878 -5.7124
Car -1 -1 -4.7373 226.1341 183.6967 277.9512 226.6393 1.5319 1.6830 4.0954 -13.8633 1.4779 27.8484 -5.1957 -5.7409
Car -1 -1 -4.9650 565.2549 177.0111 614.7393 208.0503 1.5769 1.6962 4.0353 -1.0474 1.1602 38.6934 -4.9923 -5.7813
Car -1 -1 -4.3206 458.6524 179.3346 512.3264 205.7035 1.4703 1.6635 4.1177 -7.1525 1.1426 42.2760 -4.4875 -5.8722
Car -1 -1 -7.1452 49.1835 0.0000 1240.0000 375.0000 1.5532 1.5951 3.8076 -1.3119 1.6427 1.0124 -7.9393 -5.8867
Car -1 -1 -4.3575 343.4666 182.1471 394.1978 208.4163 1.5058 1.6190 3.9463 -14.3214 1.3301 43.2072 -4.6761 -5.8867
Car -1 -1 -6.2419 521.3032 179.8249 594.3124 209.4516 1.6433 1.6354 4.0493 -2.8263 1.3445 40.7478 -6.3111 -6.0714
Car -1 -1 -4.9911 479.0139 179.7955 514.3581 200.4388 1.5372 1.6408 4.0922 -8.6675 1.1337 55.7301 -5.1451 -6.1146
Car -1 -1 -5.1919 564.5389 180.4757 643.8137 214.2576 1.4676 1.7096 4.7361 -0.2978 1.2619 33.7228 -5.2011 -6.1460
Car -1 -1 -5.1011 562.0357 181.0078 647.9635 220.0242 1.5229 1.8943 5.0029 -0.2728 1.3588 30.7312 -5.1104 -6.3416
