Car -1 -1 -7.5683 301.1068 180.1507 449.6549 276.1335 1.5270 1.6178 3.5849 -4.1461 1.4466 13.2389 -7.8664 8.3676
Car -1 -1 -7.7130 460.8675 180.7004 519.4536 221.5123 1.3722 1.6033 3.5145 -4.2142 1.2205 25.9409 -7.8727 7.9775
Car -1 -1 -7.3090 60.1049 184.4437 265.4966 271.0642 1.4227 1.5694 3.7392 -8.2569 1.4102 13.6846 -7.8434 7.0619
Car -1 -1 -7.9596 649.1251 178.5642 686.6444 206.4117 1.3589 1.5394 3.5423 3.0039 1.0345 36.8682 -7.8793 5.9298
Car -1 -1 -7.9085 590.5044 174.7548 628.9242 208.6208 1.5974 1.6953 3.8882 0.0121 1.1041 35.8951 -7.9086 4.3955
Car -1 -1 -7.7257 507.4199 178.1335 549.3165 208.3966 1.4422 1.5860 4.1573 -3.9890 1.1048 36.3508 -7.8346 4.1218
Car -1 -1 -7.6545 431.1884 177.3563 480.3192 208.6385 1.5168 1.6872 4.0864 -7.7678 1.1359 36.9052 -7.8609 3.9626
Car -1 -1 -7.7930 583.3668 178.0238 612.3168 202.4549 1.4149 1.5450 3.4073 -0.5938 0.9986 43.3706 -7.8070 1.8217
Car -1 -1 -7.7097 451.7868 162.2181 487.4163 189.3329 1.7331 1.7429 4.2799 -9.2203 0.2633 48.1241 -7.8982 0.5294
Car -1 -1 -7.7472 542.1060 174.4324 567.4391 193.8215 1.4932 1.6162 3.8363 -4.2085 0.6629 57.3037 -7.8205 0.3768
Car -1 -1 -8.0776 616.1689 175.0413 641.3807 192.5500 1.5938 1.5938 3.6140 1.9309 0.6678 67.3624 -8.0495 0.3679
Car -1 -1 -7.4701 274.9609 166.2370 377.2735 230.9524 1.7795 1.5894 3.6653 -8.3844 1.2578 21.6127 -7.8362 -0.5855
Car -1 -1 -4.5455 387.6257 177.4454 439.9001 214.5371 1.4990 1.6025 3.4990 -8.3033 1.1852 30.8691 -4.8064 -0.7617
Car -1 -1 -4.9571 669.5204 177.1932 711.8293 202.3889 1.5226 1.6564 4.3357 5.1839 1.0379 45.6986 -4.8452 -2.1880
Car -1 -1 -4.6647 490.2596 172.0983 510.2526 189.1499 1.5186 1.6337 3.8974 -9.8594 0.3505 66.0418 -4.8126 -2.2379
Car -1 -1 -4.7702 699.3685 171.0739 723.6476 193.8281 1.7068 1.6276 4.0937 8.0318 0.6462 56.0289 -4.6289 -3.0763
Car -1 -1 -5.3328 641.7974 177.0809 699.6227 201.7246 1.4691 1.6242 3.9087 3.8574 0.9843 44.9474 -5.2481 -3.4129
Car -1 -1 -3.0887 657.1901 169.6239 710.8481 190.9987 1.7016 1.7002 4.2529 6.1971 0.4605 58.4000 -2.9838 -4.1549
Car -1 -1 -7.7202 427.1636 164.5303 456.8107 187.9127 1.6515 1.6558 3.5420 -12.1168 0.1907 52.6138 -7.9457 -4.5966
Car -1 -1 -7.9250 535.3455 174.5492 564.9550 200.1085 1.5455 1.5969 3.7399 -3.7042 0.9007 45.4374 -8.0063 -4.7377
Car -1 -1 -4.5710 619.3787 180.9126 655.6495 206.7883 1.4607 1.5805 4.2387 1.7915 1.2180 42.8084 -4.5299 -4.9055
Car -1 -1 -7.9646 431.7747 175.7060 477.3911 211.4229 1.5396 1.6239 3.9290 -7.1425 1.1298 33.1064 -8.1758 -5.0167
Car -1 -1 -5.8064 309.0350 169.7269 418.6818 213.4495 1.6310 1.6913 3.6686 -9.4749 1.0534 27.9299 -6.1308 -5.1128
Car -1 -1 -3.9820 485.1940 178.4014 548.0247 203.7377 1.4319 1.5981 3.7559 -5.3867 1.0469 42.6251 -4.1073 -5.1273
Car -1 -1 -4.5165 330.8969 176.3236 452.8771 247.0869 1.4416 1.8452 4.6972 -4.9682 1.2606 17.0617 -4.7959 -5.2256
Car -1 -1 -4.4356 316.4954 180.8687 431.1368 242.4176 1.4689 1.7287 4.5894 -6.2004 1.3653 19.4737 -4.7402 -5.3112
Car -1 -1 -7.5341 0.0000 182.8754 50.1610 328.9609 1.7259 1.9748 4.6744 -10.5003 1.6984 11.0289 -8.2830 -6.1424
Car -1 -1 -4.9878 530.4783 180.6582 572.5565 207.1559 1.4927 1.5438 3.6227 -3.3936 1.2361 42.4614 -5.0675 -6.2759
Car -1 -1 -7.5989 351.4251 174.6525 413.5335 209.9541 1.5162 1.7014 4.2270 -10.2937 1.0627 33.0245 -7.8990 -6.5127
