Car -1 -1 -7.5456 282.6641 181.6967 446.0464 282.5908 1.5180 1.6501 3.6231 -4.1230 1.4652 12.6281 -7.8553 8.2056
Car -1 -1 -7.7201 456.6075 181.9555 518.1862 223.0848 1.3392 1.6718 3.4751 -4.1818 1.2332 25.1676 -7.8834 7.5836
Car -1 -1 -7.2913 27.4523 184.9205 252.4703 277.1112 1.4272 1.5879 3.8000 -8.2392 1.4228 13.0352 -7.8458 6.4603
Car -1 -1 -7.9508 647.3857 178.0449 682.6711 205.2829 1.4207 1.5782 3.4939 3.0527 1.0468 39.2560 -7.8742 6.1330
Car -1 -1 -7.9006 592.8662 176.0443 631.0674 209.7015 1.5584 1.6820 3.8370 0.1209 1.1339 35.2383 -7.8976 6.0545
Car -1 -1 -7.7440 505.5360 179.2648 547.2697 209.5946 1.4000 1.6027 3.9548 -3.9572 1.1255 35.1602 -7.8556 4.5371
Car -1 -1 -7.6646 428.7701 176.1638 477.7119 209.8099 1.5896 1.6521 4.0953 -7.7084 1.1621 36.0267 -7.8743 4.1341
Car -1 -1 -7.9888 576.3069 177.9132 610.6491 203.2957 1.4508 1.5682 3.6573 -0.9240 1.0335 43.0158 -8.0105 1.0502
Car -1 -1 -7.5614 366.6682 174.7798 434.9982 216.4425 1.5807 1.6381 3.7713 -8.3487 1.1849 29.1728 -7.8380 0.8113
Car -1 -1 -7.9959 619.8386 175.5726 641.1140 192.0329 1.5512 1.5696 3.5253 2.1660 0.6426 69.5831 -7.9653 0.7169
Car -1 -1 -7.4641 260.6360 165.4130 369.9356 234.4840 1.8216 1.5925 3.8022 -8.3932 1.2995 20.8680 -7.8423 0.4474
Car -1 -1 -7.8883 537.7659 175.4787 560.2908 195.6536 1.5167 1.6151 3.7645 -4.6224 0.7848 56.0039 -7.9706 0.3582
Car -1 -1 -3.1897 461.5612 166.6305 525.9681 193.5039 1.6850 1.7285 4.0201 -7.3930 0.5198 46.3299 -3.3473 -1.7604
Car -1 -1 -5.0115 546.9903 176.9962 592.6114 203.5728 1.5073 1.6132 3.9680 -2.3454 1.0413 42.9109 -5.0661 -2.2483
Car -1 -1 -7.7511 416.0713 174.3736 467.1959 217.6082 1.6475 1.6368 3.9462 -6.7726 1.2345 29.4501 -7.9754 -2.7545
Car -1 -1 -8.2331 654.9431 176.4041 697.5348 198.9360 1.5325 1.6216 4.0399 4.7905 0.9333 51.0591 -8.1404 -3.1538
Car -1 -1 -2.7183 401.0215 162.9011 455.1633 183.3723 1.7115 1.7763 4.1348 -15.3835 -0.1609 61.5678 -2.9624 -3.1658
Car -1 -1 -4.9041 707.5165 174.6057 756.0358 208.5765 1.6143 1.6418 4.0816 6.1461 1.1103 36.2209 -4.7377 -3.4159
Car -1 -1 -4.7088 686.9115 167.9299 704.2675 185.6085 1.6828 1.6422 3.8490 8.6011 0.0375 70.4384 -4.5881 -3.5000
Car -1 -1 -4.7353 680.0645 173.5941 707.5094 200.7144 1.6957 1.6749 4.4213 5.5823 0.9692 47.2264 -4.6187 -3.6036
Car -1 -1 -7.0605 395.9028 158.8904 449.6141 181.5010 1.6485 1.7030 3.9305 -14.1869 -0.2962 55.2301 -7.3109 -3.8192
Car -1 -1 -7.7987 634.8340 175.8676 666.5902 203.9453 1.5726 1.6601 3.8148 2.5346 1.0492 42.2520 -7.7396 -3.9205
Car -1 -1 -4.5965 500.2474 175.0143 522.8607 192.9075 1.5656 1.5985 3.7496 -8.6527 0.6732 64.7857 -4.7291 -4.4707
Car -1 -1 -4.4096 604.4714 177.7877 653.8233 206.3137 1.4779 1.5967 3.9590 1.1947 1.0932 39.3749 -4.3799 -4.4966
Car -1 -1 -4.5745 529.3001 178.4353 566.7964 206.6139 1.4909 1.5849 3.6827 -3.3005 1.1323 39.9160 -4.6569 -4.5465
Car -1 -1 -7.6082 465.4809 178.2272 524.0698 217.1402 1.5345 1.5723 3.7363 -4.7255 1.2591 30.2794 -7.7621 -4.8628
Car -1 -1 -4.8552 559.4488 177.7552 598.8835 206.3316 1.4746 1.5676 4.1409 -1.6462 1.0898 39.2740 -4.8972 -4.8720
Car -1 -1 -7.3510 433.9845 165.7175 487.6869 190.7909 1.5805 1.7961 3.9383 -9.6658 0.3516 47.4604 -7.5510 -4.9113
Car -1 -1 -6.2601 347.1044 175.9996 449.2187 219.4725 1.5726 1.5740 3.6110 -7.9268 1.2394 27.2262 -6.5410 -4.9576
Car -1 -1 -4.5877 331.2285 175.4358 423.8299 239.0018 1.4813 1.7502 4.7083 -6.0453 1.2535 19.2225 -4.8887 -4.9669
Car -1 -1 -5.3667 655.0650 177.5909 721.9339 209.8006 1.5078 1.5976 3.2930 3.9029 1.1510 35.4727 -5.2584 -5.1080
Car -1 -1 -5.1233 501.4380 175.2468 537.3616 192.9654 1.4814 1.7836 3.6112 -7.6760 0.6481 62.1100 -5.2461 -5.4415
Car -1 -1 -4.4446 305.8978 173.0161 370.6731 208.4400 1.5825 1.7882 4.4028 -12.8236 1.0377 34.3853 -4.7992 -5.4937
Car -1 -1 -1.9943 0.0000 186.0654 0.0000 341.7267 1.4217 1.5405 3.9083 -9.3719 1.4327 7.8810 -2.8491 -5.6046
Car -1 -1 -4.8513 1240.0000 156.6712 1240.0000 267.2547 1.5579 1.5596 3.9055 12.3468 1.1559 12.1577 -4.0701 -6.0947
Car -1 -1 -4.3687 345.0754 177.3617 407.9521 210.3973 1.3914 1.5133 3.6948 -10.3004 1.0607 32.1499 -4.6766 -6.5274
Car -1 -1 -6.4301 805.8353 169.0530 893.2123 201.2258 1.6251 1.5934 4.1188 12.4916 0.8088 37.4477 -6.1108 -6.5849
