Car -1 -1 -7.6541 403.6323 178.5703 490.0016 239.0082 1.5345 1.6513 3.6321 -4.4330 1.3659 20.0795 -7.8690 7.7647
Car -1 -1 -7.3850 0.0000 187.9124 383.5204 375.0000 1.4987 1.6029 4.0809 -3.7193 1.5332 7.1189 -7.8513 7.6440
Car -1 -1 -8.0309 668.0579 182.2390 740.5502 231.4990 1.3584 1.5372 3.5174 2.7708 1.2765 21.6190 -7.9055 6.9957
Car -1 -1 -7.4934 260.1743 182.8385 364.5958 236.0817 1.4190 1.5946 3.7264 -8.5548 1.3558 21.0388 -7.8755 5.8151
Car -1 -1 -7.7610 483.6607 181.5723 526.5417 213.6361 1.3820 1.6134 3.5369 -4.6661 1.2252 32.7898 -7.9016 5.0584
Car -1 -1 -7.8601 584.0709 177.2680 614.9832 204.9554 1.5036 1.6793 3.9314 -0.5167 1.0721 41.0187 -7.8730 4.6294
Car -1 -1 -7.2245 0.0000 188.9256 193.7059 309.3601 1.4504 1.5885 3.8858 -8.1335 1.5160 10.7261 -7.8614 4.4822
Car -1 -1 -7.7098 515.3257 176.2290 552.0080 203.2018 1.5700 1.6449 4.2082 -4.5088 1.0471 43.9805 -7.8117 3.4041
Car -1 -1 -7.8883 625.3322 175.1303 651.5630 198.9302 1.6005 1.6887 4.0030 2.0894 0.9224 50.3490 -7.8475 2.3351
Car -1 -1 -7.6486 464.6944 177.7319 500.7479 201.2544 1.4872 1.5793 3.9071 -8.2273 1.0142 47.4291 -7.8198 2.0654
Car -1 -1 -7.7124 418.1459 172.4444 461.1653 205.1867 1.6925 1.7177 4.1461 -9.1580 1.0325 39.2983 -7.9401 1.4657
Car -1 -1 -7.5614 360.4814 170.1529 427.1992 216.5737 1.7845 1.6165 3.7008 -8.7302 1.2056 29.4908 -7.8471 0.9155
Car -1 -1 -7.5752 258.6095 188.9259 329.2642 226.7442 1.3249 1.5195 3.6346 -11.9340 1.4765 27.4553 -7.9820 0.1743
Car -1 -1 -7.8312 575.9570 178.2627 600.1867 200.1581 1.4328 1.5665 3.7533 -1.3327 0.9780 48.9204 -7.8587 -0.2631
Car -1 -1 -2.9685 647.6027 173.6037 692.7217 192.3938 1.5800 1.6310 3.6329 5.3519 0.6038 61.7015 -2.8827 -2.6747
Car -1 -1 -4.5371 519.2101 175.7894 568.4569 209.6274 1.5824 1.7080 4.3844 -3.1530 1.1418 35.8761 -4.6245 -3.0378
Car -1 -1 -4.2913 295.5899 188.2274 367.7152 219.3907 1.2731 1.5167 3.8600 -12.1266 1.4144 31.7186 -4.6540 -3.1886
Car -1 -1 -2.3722 367.2513 158.8360 428.8773 184.0653 1.7783 1.7996 4.2878 -15.3827 -0.0869 52.6288 -2.6554 -3.2217
Car -1 -1 -4.6098 328.2386 177.8717 367.4715 207.4580 1.4237 1.5175 3.4835 -13.1672 1.0705 36.4647 -4.9543 -3.3082
Car -1 -1 -5.9634 353.6044 162.1885 422.1483 189.6996 1.7442 1.7073 3.8994 -14.2047 0.2844 46.4779 -6.2586 -3.5463
Car -1 -1 -7.7791 554.1552 177.9904 581.5428 200.1138 1.4455 1.5885 3.6870 -2.7007 0.9736 48.8269 -7.8345 -3.5488
Car -1 -1 -2.3416 129.0173 182.4066 324.1934 249.9664 1.4651 1.6490 4.1766 -9.0583 1.4043 17.0238 -2.8243 -3.9573
Car -1 -1 -4.7929 540.3167 175.9846 559.8941 192.6407 1.5698 1.5914 3.7563 -5.6243 0.6999 69.7316 -4.8735 -4.1230
Car -1 -1 -4.7358 409.5866 160.6616 435.8796 185.7926 1.7031 1.7100 3.5763 -13.0923 0.0393 50.6696 -4.9875 -4.2079
Car -1 -1 -6.7451 0.0000 193.2787 0.0000 375.0000 1.4594 1.4812 3.2421 -4.5771 1.5046 2.3536 -7.7941 -4.5953
Car -1 -1 -6.5823 698.3387 172.8082 783.2491 209.9603 1.5953 1.5528 3.3883 5.8211 1.0627 31.8411 -6.4034 -4.6343
Car -1 -1 -4.6143 567.5092 177.4762 607.1622 208.8347 1.5088 1.6488 3.8527 -1.0218 1.1365 36.5657 -4.6424 -4.7920
Car -1 -1 -4.6311 410.3763 170.8601 453.5702 206.4638 1.6547 1.7247 4.4331 -8.7030 0.9877 35.7324 -4.8685 -4.9430
Car -1 -1 -7.9403 451.3531 172.5351 474.0145 188.8187 1.5325 1.8008 4.2228 -14.1500 0.3393 69.9355 -8.1395 -5.0033
Car -1 -1 -6.5517 436.0683 172.8501 523.9517 204.9521 1.6540 1.6501 4.3807 -6.9022 1.0170 38.7231 -6.7273 -5.1194
Car -1 -1 -4.5651 350.9687 183.7046 399.9661 215.0769 1.3673 1.5860 4.0397 -10.7741 1.3016 33.4519 -4.8747 -5.1392
Car -1 -1 -4.8881 968.9389 153.8066 1064.7200 213.0626 1.6051 1.7325 4.3887 12.2186 0.7544 21.8282 -4.3836 -5.7615
Car -1 -1 -4.8690 647.1396 174.8592 684.5147 199.5578 1.3863 1.5819 3.9846 3.3451 0.8052 42.3977 -4.7912 -5.8867
Car -1 -1 -6.7366 0.0000 0.0000 1240.0000 375.0000 1.5324 1.5919 3.8024 -3.3334 1.5824 1.0053 -7.9398 -5.8867
Car -1 -1 -4.6906 610.1273 177.0577 637.9018 204.0204 1.5836 1.6270 4.0354 1.0111 1.1046 44.2730 -4.6683 -5.9273
