Car -1 -1 -8.0243 590.4858 180.0862 690.9354 256.4977 1.6028 1.7165 3.8574 0.6091 1.4954 17.1057 -7.9898 8.3556
Car -1 -1 -7.4713 77.5920 195.4688 298.8442 309.1151 1.3693 1.6297 3.4750 -6.0847 1.5497 10.8126 -7.9735 8.1991
Car -1 -1 -7.6170 273.6933 189.7207 385.8636 256.2040 1.3838 1.6007 3.9575 -6.5796 1.5053 17.3028 -7.9755 6.5566
Car -1 -1 -7.8721 488.1702 179.6038 537.8740 225.5945 1.6032 1.7272 3.8066 -3.6447 1.4077 27.0698 -8.0050 6.0707
Car -1 -1 -7.6616 342.8881 184.8263 415.6962 228.1289 1.4092 1.6420 4.4499 -8.0929 1.3967 25.6956 -7.9641 5.7682
Car -1 -1 -7.5703 239.7731 185.2351 322.1324 231.1807 1.5025 1.6671 3.7156 -11.5075 1.5034 25.4639 -7.9911 4.1186
Car -1 -1 -7.7805 402.8089 183.7275 440.3415 212.5556 1.4182 1.5955 4.1050 -9.6963 1.3452 37.5258 -8.0321 2.8768
Car -1 -1 -7.8443 482.8658 183.1831 516.7418 213.7966 1.4559 1.5986 3.5066 -5.4275 1.3594 36.0344 -7.9931 2.6980
Car -1 -1 -7.9351 534.8553 182.5234 559.3478 200.8022 1.4174 1.6449 3.9099 -4.9258 1.2088 57.8052 -8.0202 1.8919
Car -1 -1 -4.6527 385.4697 176.2065 408.3330 195.9624 1.5782 1.6073 3.4135 -17.3716 0.8586 59.2670 -4.9370 1.5005
Car -1 -1 -7.3924 5.2685 161.9319 208.7861 260.4427 1.8964 1.8767 4.5518 -11.0091 1.4484 16.2154 -7.9813 1.1929
Car -1 -1 -7.9246 447.2125 178.3849 469.9957 197.5549 1.5810 1.6379 3.7760 -12.7642 1.0178 61.3243 -8.1293 1.0327
Car -1 -1 -7.6058 294.0355 170.7002 354.0849 209.7912 1.7916 1.7951 3.9567 -13.7700 1.1265 35.0209 -7.9781 0.5321
Car -1 -1 -7.7196 422.1518 181.0973 455.6508 204.6575 1.4598 1.5992 3.9294 -10.9188 1.2048 46.5721 -7.9490 -0.7573
Car -1 -1 -6.0224 585.5568 177.3068 647.2758 202.2430 1.6477 1.6818 3.8912 0.5758 1.1253 48.8327 -6.0111 -2.7183
Car -1 -1 -4.9372 577.0167 180.4824 617.1025 205.4539 1.5405 1.6672 4.3273 -0.7737 1.2486 46.6455 -4.9541 -2.9855
Car -1 -1 -5.3547 595.1956 175.2700 645.1633 203.4723 2.1888 1.8500 4.2536 0.9447 1.4170 58.0555 -5.3390 -3.2234
Car -1 -1 -4.5321 585.1423 180.3196 627.4562 211.0339 1.5360 1.5812 3.8010 -0.0594 1.2913 37.9609 -4.5341 -3.3467
Car -1 -1 -4.3662 346.8741 177.8290 390.1684 201.4672 1.5184 1.5867 3.6829 -15.9576 1.0441 48.0375 -4.6855 -3.9343
Car -1 -1 -5.0114 562.3709 183.5491 599.9429 205.2724 1.4468 1.6309 3.5189 -1.9034 1.3360 49.8079 -5.0498 -4.0049
Car -1 -1 -2.4141 98.7595 186.7060 222.2035 227.3069 1.4876 1.6074 3.9574 -17.1500 1.5473 27.5583 -2.9667 -4.1172
Car -1 -1 -4.7883 569.0850 179.5565 601.6121 207.7257 1.6082 1.6303 4.1857 -1.4212 1.2852 43.2080 -4.8214 -4.2644
Car -1 -1 -4.6994 400.3109 183.4543 428.2994 206.3219 1.3985 1.6610 3.9196 -12.3928 1.2909 46.0667 -4.9611 -4.3523
Car -1 -1 -7.2760 630.4013 181.0010 713.9582 221.8828 1.5092 1.5901 3.5955 2.5617 1.3538 28.4419 -7.1875 -4.3837
Car -1 -1 -7.9220 495.6268 178.7454 522.0369 204.3638 1.7545 1.6265 3.3995 -7.0775 1.3115 51.0620 -8.0595 -4.6819
Car -1 -1 -4.4324 329.8878 182.8684 362.8240 202.2030 1.3881 1.5032 3.0533 -19.3240 1.2197 53.1815 -4.7796 -4.8279
Car -1 -1 -4.8036 332.5676 177.1549 362.3851 201.1108 1.5159 1.5198 3.7192 -17.2509 1.0060 47.4950 -5.1505 -4.8715
Car -1 -1 -4.8229 592.0618 180.8578 625.5420 207.8397 1.5491 1.5798 3.9621 -0.0100 1.2991 43.3282 -4.8236 -5.2461
Car -1 -1 -5.1229 597.3860 181.2168 664.2821 212.1582 1.4058 1.6665 4.2802 1.0086 1.2243 34.9568 -5.0947 -5.4546
Car -1 -1 -4.5766 234.3627 168.9597 277.6618 201.2969 1.6188 1.5742 3.5816 -18.5356 0.8052 37.9326 -5.0285 -5.4840
Car -1 -1 -7.3257 654.8253 171.2217 711.3131 198.7720 1.5707 1.6384 3.8717 4.5211 0.7730 43.0302 -7.2221 -5.6019
Car -1 -1 -5.1154 348.5412 177.1637 400.9529 201.9464 1.4859 1.6622 4.0894 -14.7110 1.0033 45.1874 -5.4288 -5.7052
Car -1 -1 -4.5771 496.9687 179.5954 523.7299 198.9162 1.5076 1.6203 3.9935 -7.8520 1.0692 58.0918 -4.7112 -5.8867
