Car -1 -1 -8.0366 608.7809 179.8761 717.9932 262.6042 1.6241 1.7026 4.0113 1.0601 1.5195 16.2053 -7.9729 8.0008
Car -1 -1 -7.5168 155.5880 194.9755 335.9887 293.4550 1.3645 1.6041 3.4958 -5.9409 1.5543 12.1468 -7.9632 7.7669
Car -1 -1 -7.6300 307.1895 189.0675 408.6153 250.7746 1.4026 1.6099 4.0148 -6.3938 1.5140 18.6779 -7.9558 6.5944
Car -1 -1 -7.8774 501.5464 179.9135 549.8606 224.3018 1.5934 1.7319 3.7855 -3.2611 1.4032 27.7988 -7.9935 6.0570
Car -1 -1 -7.6822 364.3463 185.4261 431.8574 227.2529 1.4318 1.6768 4.4505 -7.7889 1.4405 26.9329 -7.9614 4.9317
Car -1 -1 -7.7370 417.3982 183.7328 456.7277 211.7149 1.4355 1.6109 4.0394 -9.2304 1.3596 38.9773 -7.9684 4.4542
Car -1 -1 -7.5705 266.6219 185.3337 346.1980 229.0238 1.4919 1.6353 4.0620 -11.1038 1.4968 26.6653 -7.9619 3.1940
Car -1 -1 -7.1987 0.0000 193.1648 93.2951 375.0000 1.5321 1.6641 3.7621 -5.0239 1.6016 4.2668 -8.0345 2.9307
Car -1 -1 -7.8949 493.8159 185.1762 528.0859 214.1642 1.4113 1.5933 3.4637 -5.0330 1.4095 36.8423 -8.0301 2.4700
Car -1 -1 -7.3950 54.5109 165.6103 237.4313 257.3675 1.8891 1.8775 4.3302 -10.7133 1.4856 17.0444 -7.9493 2.1595
Car -1 -1 -7.9647 544.6302 182.6551 569.9628 201.1323 1.4230 1.6132 3.6696 -4.0705 1.2260 57.3128 -8.0357 2.1223
Car -1 -1 -4.6079 396.3734 174.3626 421.1686 194.3972 1.6406 1.6305 3.8557 -16.8386 0.7520 60.9025 -4.8769 1.6220
Car -1 -1 -4.6308 586.1873 185.0094 614.7952 207.2299 1.5361 1.7138 4.4680 -0.5046 1.5220 51.9833 -4.6410 1.1494
Car -1 -1 -7.6553 313.1205 171.1870 369.3865 208.0456 1.7424 1.8236 4.3830 -13.3973 1.0794 36.2873 -8.0068 0.6784
Car -1 -1 -8.0114 608.3264 181.3186 648.8121 209.4045 1.4648 1.6081 3.9977 1.0609 1.2617 39.5771 -7.9852 0.2471
Car -1 -1 -4.9023 597.6340 181.9444 634.6705 207.0190 1.4990 1.5748 4.0604 0.4513 1.3036 45.1136 -4.8929 -0.2216
Car -1 -1 -7.9166 458.2483 177.1040 481.3629 198.3155 1.7885 1.7255 4.1214 -12.0982 1.1047 62.8220 -8.1065 -0.3201
Car -1 -1 -7.8519 363.5364 170.4717 383.9633 188.5204 1.5724 1.6996 4.2861 -21.1389 0.2881 64.9273 -8.1657 -1.3800
Car -1 -1 -7.7679 434.9059 181.7219 464.6502 205.0730 1.4914 1.6028 3.9673 -10.5276 1.2684 47.9831 -7.9831 -1.4285
Car -1 -1 -4.7367 629.8851 181.9446 654.5787 205.0054 1.5083 1.5824 3.2577 2.2805 1.2945 48.6612 -4.6906 -3.7117
Car -1 -1 -4.8790 575.6215 178.8780 613.5229 206.8222 1.6410 1.6600 4.1839 -0.8932 1.2690 44.4247 -4.8994 -3.8336
Car -1 -1 -4.5010 451.0150 180.7659 487.5572 204.4755 1.5168 1.6087 3.9080 -9.2143 1.2322 47.9581 -4.6902 -3.8604
Car -1 -1 -7.0952 661.1625 178.1033 720.5214 203.8210 1.5065 1.5850 3.5614 5.0629 1.0900 43.8605 -6.9814 -4.5191
Car -1 -1 -5.2303 481.9949 183.4319 526.1771 204.7335 1.6275 1.7054 4.0073 -8.2753 1.4914 57.0286 -5.3742 -4.9062
Car -1 -1 -4.4455 518.4218 179.2085 551.3934 197.6279 1.4354 1.6415 4.0645 -5.8685 0.9674 58.1590 -4.5460 -5.0452
Car -1 -1 -4.6523 379.8884 168.3385 398.5279 185.5446 1.6383 1.5314 3.6025 -21.3787 0.0315 70.3756 -4.9464 -5.1637
Car -1 -1 -4.6165 418.7018 175.2468 440.1327 192.0992 1.5390 1.6119 3.6625 -16.7460 0.6288 67.5752 -4.8588 -5.2249
Car -1 -1 -7.8260 581.2954 183.6481 611.8536 210.0265 1.3883 1.5873 3.7841 -0.6101 1.3060 39.7358 -7.8417 -5.4337
Car -1 -1 -4.6867 496.4243 182.0188 518.3538 200.5351 1.4831 1.7013 4.0564 -8.3178 1.2272 59.6878 -4.8250 -5.6996
Car -1 -1 -4.9783 370.0386 179.8457 410.0816 203.2137 1.4496 1.6261 3.4575 -14.1346 1.1167 46.4908 -5.2722 -5.8647
Car -1 -1 -4.4627 253.0424 171.6884 302.3643 201.6304 1.5638 1.6638 3.3827 -18.0404 0.8575 39.3570 -4.8901 -5.9561
