Car -1 -1 -7.4296 150.3185 188.7198 313.3307 260.5637 1.3932 1.6066 4.2979 -8.3449 1.4836 16.3336 -7.8955 7.9549
Car -1 -1 -7.6639 343.2657 178.9657 477.3502 278.5677 1.6069 1.6981 3.8706 -3.5982 1.5062 13.5832 -7.9183 7.2826
Car -1 -1 -7.8779 543.8804 175.1850 594.3951 221.9423 1.6210 1.7545 3.8713 -1.5402 1.2734 26.9219 -7.9349 6.2973
Car -1 -1 -7.7042 413.7978 184.7477 481.2174 234.5457 1.3826 1.4929 3.3460 -4.7980 1.3698 21.6776 -7.9198 4.1319
Car -1 -1 -7.6256 311.4393 181.9699 386.4502 227.1933 1.4905 1.6219 4.1587 -9.2371 1.3837 25.8499 -7.9658 3.9432
Car -1 -1 -7.6713 310.1071 180.7918 354.4724 208.6710 1.4324 1.6038 3.6129 -14.8623 1.2052 38.8540 -8.0346 2.1482
Car -1 -1 -7.4960 215.3812 181.5880 299.1183 221.4388 1.4908 1.6431 4.2517 -14.0930 1.3552 29.0825 -7.9439 -0.2141
Car -1 -1 -3.0013 383.7642 164.4671 452.9729 198.4193 1.7943 1.6583 3.4333 -10.2614 0.6980 39.0122 -3.2571 -0.4443
Car -1 -1 -4.7100 286.3516 182.0851 331.8044 221.0142 1.4868 1.6215 4.0107 -12.3273 1.3674 29.6172 -5.1016 -2.3743
Car -1 -1 -4.5309 562.1013 176.6403 596.4389 201.4762 1.5119 1.5634 3.5596 -1.7962 0.9900 45.6332 -4.5704 -2.5952
Car -1 -1 -4.8966 439.6283 176.1603 470.4080 196.6256 1.5041 1.6301 3.7860 -11.7142 0.8387 54.8930 -5.1062 -2.6369
Car -1 -1 -4.9612 509.9826 184.3484 543.4700 204.6406 1.4126 1.5503 3.6575 -5.9204 1.3524 52.0281 -5.0744 -2.9101
Car -1 -1 -2.3986 562.7256 175.6908 607.8053 193.7520 1.5615 1.6323 3.9494 -2.0380 0.7382 64.0546 -2.4306 -2.9236
Car -1 -1 -4.3431 578.1490 176.3063 621.5952 202.2988 1.5764 1.5737 3.5656 -0.4848 1.0362 45.5440 -4.3541 -3.0452
Car -1 -1 -7.7999 475.1505 174.4860 513.4177 208.3671 1.6710 1.7389 4.6407 -5.9445 1.1420 37.8509 -7.9550 -3.3341
Car -1 -1 -4.9429 531.0452 177.1855 562.0130 196.1373 1.5046 1.6426 4.1110 -5.1021 0.8672 59.2779 -5.0288 -3.5724
Car -1 -1 -4.7053 385.0329 174.9007 408.3824 195.2870 1.4428 1.5928 3.7165 -15.5294 0.7129 52.8813 -4.9899 -3.5850
Car -1 -1 -4.6568 591.9010 169.0441 612.2808 188.2688 1.7332 1.6781 4.0100 -0.5098 0.2754 66.8498 -4.6647 -3.9054
Car -1 -1 -4.9576 431.3519 178.1036 458.0680 193.7075 1.4946 1.6641 3.9391 -16.1337 0.8135 70.9855 -5.1807 -4.2843
Car -1 -1 -4.5371 201.0943 181.7571 280.0310 224.4684 1.3884 1.7450 4.4499 -13.0647 1.2761 25.7487 -5.0027 -4.3232
Car -1 -1 -2.9630 532.6623 180.8556 605.3851 206.3691 1.5014 1.6479 4.1565 -2.3382 1.2450 43.3801 -3.0169 -4.4876
Car -1 -1 -6.6693 593.2430 173.7197 650.8192 197.2032 1.6387 1.6636 3.7855 0.9985 0.8367 51.6197 -6.6505 -4.4988
Car -1 -1 -5.0157 512.2701 176.5128 547.0854 195.9656 1.5267 1.6487 4.1707 -6.4267 0.8439 58.6596 -5.1247 -4.5967
Car -1 -1 -4.6931 518.6299 184.5135 544.9893 207.7802 1.3809 1.5561 3.7981 -4.7067 1.3394 44.6239 -4.7980 -4.6128
Car -1 -1 -4.5777 591.6392 176.7659 613.2249 192.5532 1.5051 1.6194 3.8472 -0.5032 0.6997 70.5426 -4.5852 -4.6647
Car -1 -1 -5.0034 341.0726 161.1200 376.9155 182.4663 1.7626 1.7577 4.3500 -21.5782 -0.2465 62.2234 -5.3361 -4.7685
Car -1 -1 -4.1251 327.8223 175.7437 417.8102 216.2532 1.6647 1.7628 4.1629 -10.3153 1.2756 31.7830 -4.4368 -4.8127
Car -1 -1 -4.2266 448.6112 177.7232 483.0657 193.1091 1.4768 1.6392 4.0652 -14.0192 0.7578 71.1819 -4.4207 -4.8618
Car -1 -1 -5.2924 589.8126 179.2950 647.1312 207.0622 1.5320 1.6041 3.5928 0.5465 1.2055 41.6085 -5.2798 -5.3482
Car -1 -1 -8.6302 634.8149 169.3833 702.1129 199.9158 1.6791 1.7902 3.6990 3.4366 0.8086 41.5257 -8.5486 -6.6122
Car -1 -1 -5.1775 378.6061 182.7262 449.3123 216.6290 1.3993 1.6033 3.4697 -8.5676 1.2967 31.4987 -5.4413 -6.8063
