Car -1 -1 -7.3422 110.5329 184.4135 281.9903 271.6668 1.5060 1.5014 3.1885 -7.8808 1.4923 14.0071 -7.8468 7.2530
Car -1 -1 -7.8520 574.6464 176.8941 619.5729 217.5477 1.5913 1.7592 3.9272 -0.4859 1.2657 30.1145 -7.8684 6.6549
Car -1 -1 -7.6830 417.9415 187.1543 505.3384 245.0899 1.3729 1.6330 3.8042 -3.8104 1.4297 19.0838 -7.8777 4.7896
Car -1 -1 -7.3893 157.1521 181.7263 268.7331 235.2725 1.5238 1.5718 3.5865 -12.1371 1.4246 22.2720 -7.8834 3.2052
Car -1 -1 -7.1682 0.0000 192.9837 57.3864 375.0000 1.4564 1.6404 4.0916 -7.6215 1.5553 7.0133 -7.9761 1.4655
Car -1 -1 -7.9567 639.6009 178.1094 683.0886 214.0380 1.4768 1.5298 3.4112 2.2421 1.1848 31.2765 -7.8862 1.2977
Car -1 -1 -6.5932 558.0273 180.7099 629.3859 206.0275 1.5283 1.6564 4.1429 -0.9100 1.2565 44.8501 -6.6138 -1.1394
Car -1 -1 -4.2595 531.6576 179.4975 577.7650 201.5614 1.5287 1.6845 4.1492 -3.8110 1.1327 52.0451 -4.3327 -1.9404
Car -1 -1 -5.6999 603.4908 174.5104 654.4985 194.3963 1.6275 1.6364 4.0737 1.7592 0.7515 60.6713 -5.6715 -2.3632
Car -1 -1 -2.9512 501.7061 184.0357 581.0983 213.5485 1.4181 1.5920 3.6715 -3.2796 1.3615 35.5136 -3.0431 -2.4282
Car -1 -1 -5.1758 525.4558 180.8349 577.4285 204.9423 1.4746 1.6281 4.1722 -3.6937 1.2068 46.1767 -5.2556 -2.5087
Car -1 -1 -4.7448 599.2957 177.0011 620.7051 195.5109 1.4669 1.6245 3.8004 0.1390 0.8161 58.8937 -4.7428 -2.7064
Car -1 -1 -4.4209 638.7155 172.1302 668.1017 192.1523 1.7056 1.5665 3.7744 4.0356 0.5910 63.2767 -4.3579 -3.0681
Car -1 -1 -4.5851 522.9797 179.0464 559.9295 206.7838 1.5874 1.6982 4.1744 -3.9660 1.2345 43.2562 -4.6764 -3.7317
Car -1 -1 -4.3305 558.7241 174.9749 592.1216 192.5856 1.5164 1.6222 3.9389 -2.8557 0.6347 64.0236 -4.3752 -3.8290
Car -1 -1 -4.9953 530.3054 174.4886 559.6034 191.4173 1.5346 1.6402 4.1419 -5.9312 0.5623 67.3916 -5.0831 -4.0547
Car -1 -1 -5.0215 537.3687 173.5849 569.0404 192.0264 1.5775 1.7185 3.7842 -4.8687 0.5827 63.5672 -5.0980 -4.1902
Car -1 -1 -4.3284 618.3185 173.9887 663.1354 200.3813 1.8006 1.7037 4.3303 2.3833 1.0348 51.3648 -4.2827 -4.5554
Car -1 -1 -4.2246 145.8871 174.5524 200.0385 193.9159 1.5224 1.7362 4.8255 -35.5943 0.6842 58.9740 -4.7659 -4.6915
Car -1 -1 -4.7562 314.2495 184.5340 377.8294 234.5176 1.3703 1.6325 4.5022 -8.1695 1.3517 22.0990 -5.1067 -4.7448
Car -1 -1 -5.3293 545.5124 176.0159 597.4989 199.0007 1.5088 1.6640 3.7878 -2.5403 0.9051 49.1907 -5.3810 -4.7925
Car -1 -1 -4.2047 260.5555 186.4690 348.2784 221.2130 1.4720 1.7280 4.4893 -13.8117 1.5336 32.9511 -4.5990 -5.0232
Car -1 -1 -7.4397 435.0610 182.8652 510.6366 219.8383 1.4505 1.6455 4.0342 -5.6425 1.3584 30.3533 -7.6223 -5.1518
Car -1 -1 -6.9997 178.1201 171.7186 225.2161 190.9418 1.8229 1.6051 3.9182 -39.6606 0.5432 70.2843 -7.5121 -5.3736
Car -1 -1 -4.5319 640.5035 175.2561 671.1644 200.1966 1.6842 1.5369 3.5648 3.3840 1.0118 50.4584 -4.4658 -5.4542
Car -1 -1 -4.4468 378.7993 183.0137 454.5783 223.9480 1.3968 1.6637 4.1683 -7.0090 1.3219 26.6227 -4.7021 -5.5286
Car -1 -1 -4.9146 338.9339 183.5090 439.2013 250.0797 1.5076 1.6885 3.9290 -5.7407 1.4691 18.4082 -5.2131 -5.7382
Car -1 -1 -7.8101 406.5001 179.7545 463.2818 227.0872 1.4377 1.6549 3.9662 -5.7179 1.2720 23.9384 -8.0424 -5.7784
Car -1 -1 -4.6211 40.6991 175.6187 74.4688 195.6560 1.4568 1.6720 3.9087 -41.5782 0.7592 54.3638 -5.2719 -6.0998
Car -1 -1 -4.5453 0.0000 172.2095 0.0000 198.5171 1.5965 1.6448 4.0912 -41.3441 0.8074 45.7937 -5.2770 -6.1369
