Car -1 -1 -7.8866 549.0822 175.8573 598.5280 220.3845 1.5850 1.7532 3.8702 -1.4084 1.2520 27.5899 -7.9375 7.5168
Car -1 -1 -7.6480 324.1019 179.3477 474.1281 288.4979 1.5990 1.6877 3.9529 -3.4859 1.5132 12.5543 -7.9137 7.3156
Car -1 -1 -7.4155 112.9216 189.4363 295.0001 270.0737 1.4032 1.5709 4.2738 -8.1530 1.5037 14.9135 -7.9085 7.1896
Car -1 -1 -7.6972 410.5154 184.4186 482.9683 237.6289 1.3990 1.5049 3.4200 -4.5845 1.3782 20.6520 -7.9133 5.0090
Car -1 -1 -7.5556 299.9937 182.4197 386.7402 229.2930 1.4580 1.6025 4.1552 -8.9175 1.3712 24.4733 -7.9018 4.2112
Car -1 -1 -7.6007 306.2654 180.6966 357.3908 210.7031 1.4887 1.6396 3.5878 -14.3754 1.2646 37.5370 -7.9643 3.6777
Car -1 -1 -4.3167 201.9535 181.9623 292.6818 223.9539 1.4943 1.6065 4.2285 -13.8149 1.3787 27.7418 -4.7751 2.9400
Car -1 -1 -2.9929 373.5104 164.2050 453.6819 200.9695 1.8663 1.7365 3.8292 -10.1210 0.7999 37.5697 -3.2545 -0.5992
Car -1 -1 -7.8460 605.7302 174.6390 629.5624 197.3795 1.5380 1.6123 3.5920 0.6816 0.8228 50.4312 -7.8330 -1.6792
Car -1 -1 -5.1068 576.8489 179.9179 621.7548 206.3087 1.4883 1.4551 3.3745 -0.5677 1.1897 42.3775 -5.1205 -2.1573
Car -1 -1 -4.6608 599.9867 172.2399 620.6725 190.5669 1.5927 1.6538 4.0569 0.2470 0.4652 64.5432 -4.6573 -2.6280
Car -1 -1 -7.1361 601.0932 168.4128 645.0776 188.8114 1.6209 1.6114 3.6452 1.2661 0.2859 59.0097 -7.1151 -2.8267
Car -1 -1 -4.7600 446.6508 175.3976 470.9242 195.8766 1.4738 1.5966 3.7676 -11.1885 0.7674 53.7568 -4.9646 -3.0228
Car -1 -1 -4.4756 543.8929 176.9250 575.6385 195.4184 1.4607 1.6496 4.2567 -3.9134 0.8060 59.0147 -4.5419 -3.2453
Car -1 -1 -4.7971 373.5929 187.4803 458.3086 249.3538 1.3780 1.7357 4.1001 -5.0530 1.4431 18.3954 -5.0618 -3.4958
Car -1 -1 -4.7797 446.6080 177.9628 465.3653 194.3015 1.5556 1.5618 3.4968 -14.8767 0.8652 70.3349 -4.9878 -3.5347
Car -1 -1 -4.5807 390.5331 169.9603 421.5164 191.9538 1.5279 1.6641 3.8402 -14.5596 0.4683 51.9574 -4.8528 -3.8345
Car -1 -1 -4.9491 432.8940 201.2757 473.1269 228.6950 1.5050 1.5930 3.5744 -9.4724 2.5253 43.7048 -5.1620 -4.1022
Car -1 -1 -4.8979 520.5148 183.4756 551.3634 204.2670 1.4450 1.5539 3.7175 -5.2472 1.3242 51.9623 -4.9985 -4.3938
Car -1 -1 -4.6404 141.2318 174.0886 167.0825 192.5851 1.5317 1.5989 3.8049 -38.8366 0.6104 61.5826 -5.2014 -4.4709
Car -1 -1 -4.4127 286.8202 178.7961 354.4419 218.2715 1.6031 1.6679 3.7845 -12.3864 1.3426 31.1438 -4.7886 -4.7194
Car -1 -1 -7.8543 531.8095 177.3905 552.7736 196.9106 1.5373 1.6465 4.3757 -5.3797 0.9212 58.8659 -7.9454 -4.8671
Car -1 -1 -4.6321 360.7489 179.0942 405.3779 217.9958 1.6076 1.5834 3.6237 -9.8702 1.3548 31.6476 -4.9324 -4.9725
Car -1 -1 -4.3126 57.7228 178.1939 168.6414 226.1200 1.4324 1.5579 3.9532 -16.1030 1.2227 23.5749 -4.9067 -5.2645
Car -1 -1 -4.6125 348.0438 180.5497 401.5805 218.5015 1.4073 1.6555 3.7503 -9.2542 1.2345 28.6632 -4.9224 -5.2659
Car -1 -1 -4.7142 393.3728 181.4666 443.9349 227.9549 1.4454 1.5340 3.9997 -6.4802 1.3290 24.4799 -4.9706 -6.2525
Car -1 -1 -4.4050 596.6516 175.4967 624.0590 193.0935 1.6333 1.5779 3.6989 0.2682 0.7314 68.7265 -4.4015 -6.9081
