Car -1 -1 -7.6456 367.7814 187.8244 469.7955 257.9709 1.3822 1.5192 3.3188 -4.1314 1.4465 15.9797 -7.8948 8.1382
Car -1 -1 -7.5130 146.6538 182.6288 435.4804 366.8593 1.5930 1.6522 3.9521 -3.2739 1.5708 8.2138 -7.8815 7.3408
Car -1 -1 -7.8632 559.0760 176.4511 603.4606 215.9081 1.5771 1.7757 3.9095 -1.1936 1.2269 30.7280 -7.9021 7.0489
Car -1 -1 -7.2046 0.0000 195.3968 127.7219 359.5186 1.4116 1.6374 3.9463 -7.7299 1.5603 8.4634 -7.9291 4.7628
Car -1 -1 -7.5218 214.6389 185.5111 336.4315 250.6858 1.4681 1.5915 3.8831 -8.2975 1.4766 18.2159 -7.9440 3.6811
Car -1 -1 -7.3556 110.4466 186.6423 239.4979 236.0094 1.3588 1.6267 4.0203 -13.0722 1.4065 21.9404 -7.8878 3.5050
Car -1 -1 -7.5471 304.5406 182.8641 384.2110 227.0408 1.4274 1.5538 3.7017 -9.1379 1.3515 25.1063 -7.8930 2.1442
Car -1 -1 -7.7297 445.6976 180.5351 477.7158 203.9754 1.4931 1.6116 3.9237 -9.6932 1.1951 47.8049 -7.9290 1.7367
Car -1 -1 -4.2792 373.7393 178.6230 424.3895 203.2939 1.4915 1.5942 3.8804 -13.1725 1.0931 45.4970 -4.5598 -0.5222
Car -1 -1 -4.3296 620.4409 166.2882 660.7626 189.9742 1.6647 1.6742 3.7359 2.4179 0.3346 52.5689 -4.2842 -0.7833
Car -1 -1 -4.3085 129.8020 176.4810 169.6911 196.2273 1.6767 1.6224 3.6972 -40.0966 0.9352 62.9960 -4.8737 -1.4109
Car -1 -1 -4.6962 361.4314 178.3996 389.6486 203.7188 1.5236 1.6252 4.0027 -14.6553 1.1136 45.4078 -5.0070 -1.6150
Car -1 -1 -4.6369 429.5370 179.2115 462.4395 206.3208 1.4911 1.5808 3.6166 -9.3134 1.1610 41.4438 -4.8570 -1.7089
Car -1 -1 -3.8246 620.4951 176.9137 687.0562 203.1501 1.5239 1.6309 3.8623 2.7796 1.0419 43.5402 -3.7617 -1.8828
Car -1 -1 -6.1559 379.4621 164.5262 467.5233 208.4294 1.8429 1.6593 3.5201 -7.9756 0.9746 31.2115 -6.4043 -2.1408
Car -1 -1 -4.6867 91.2548 176.1512 117.2936 196.1251 1.5803 1.6453 3.8291 -41.2514 0.8633 58.9263 -5.2956 -2.4161
Car -1 -1 -5.1693 609.9081 165.3625 646.6234 190.4358 2.3128 1.8270 4.2086 1.9087 0.4817 68.6013 -5.1420 -2.5864
Car -1 -1 -4.5563 352.0271 178.0685 391.7363 204.4766 1.4558 1.5988 3.8804 -13.6475 1.0620 41.6713 -4.8712 -2.8884
Car -1 -1 -7.7020 451.6646 178.7233 489.5818 205.5670 1.4820 1.5918 3.8454 -7.9219 1.1237 41.6366 -7.8892 -2.8948
Car -1 -1 -4.3794 512.4689 171.8857 553.1896 197.5622 1.7064 1.6534 3.8079 -5.1692 0.8207 49.8156 -4.4826 -2.9147
Car -1 -1 -4.9070 430.6961 176.0459 475.6703 207.5483 1.5807 1.6200 3.8194 -8.2800 1.1207 38.1438 -5.1196 -3.4317
Car -1 -1 -4.8150 36.4254 169.5661 72.4515 192.6768 1.6441 1.7109 4.0664 -40.9959 0.5309 53.2040 -5.4693 -3.4738
Car -1 -1 -4.4020 253.0125 183.4393 325.6651 221.6976 1.4807 1.6006 4.0128 -13.1785 1.4121 29.8991 -4.8141 -3.7088
Car -1 -1 -4.6996 445.2679 172.4983 481.6806 210.1973 1.7373 1.6531 3.8462 -7.0653 1.1514 35.1696 -4.8968 -3.9611
Car -1 -1 -4.8195 115.0313 161.9042 176.9178 205.8089 1.6202 1.6606 3.9984 -18.4622 0.7601 28.6070 -5.3884 -4.0260
Car -1 -1 -4.9676 611.0067 176.6594 637.2590 193.5439 1.4769 1.5332 3.4643 1.4350 0.7286 64.7406 -4.9459 -4.0826
Car -1 -1 -4.3881 99.6850 172.7972 142.2760 193.2942 1.5225 1.5751 3.8364 -37.5092 0.6002 55.4535 -4.9808 -4.1416
Car -1 -1 -4.7992 609.7909 175.3183 639.6672 200.4535 1.6094 1.6843 3.4606 1.0684 0.9758 47.8095 -4.7774 -4.1428
Car -1 -1 -7.9154 270.0110 185.3538 392.1039 291.8862 1.4281 1.5846 3.5236 -4.6043 1.4308 11.5728 -8.2864 -4.2822
Car -1 -1 -7.3882 177.8062 175.5765 235.9427 200.5097 1.5258 1.6546 3.9277 -25.5911 0.9361 45.9856 -7.8938 -4.5200
Car -1 -1 -5.1019 523.5451 183.5226 563.6280 203.2823 1.3887 1.5183 3.9843 -4.7601 1.2698 52.6372 -5.1921 -4.6645
Car -1 -1 -4.8247 530.9462 184.0586 567.9664 212.1802 1.4921 1.6095 4.1013 -3.3485 1.4309 40.3101 -4.9075 -5.2382
Car -1 -1 -2.2817 0.0000 170.9061 63.6246 192.3740 1.4944 1.7903 4.2725 -41.4968 0.4985 51.3089 -2.9594 -5.5228
Car -1 -1 -7.7367 356.8589 181.9538 431.5995 238.3424 1.4140 1.5596 3.5962 -5.8681 1.3324 19.9284 -8.0197 -5.5514
Car -1 -1 -4.8427 385.2709 180.3690 453.8311 231.1239 1.5918 1.7159 4.5303 -6.6644 1.4399 24.9660 -5.1013 -5.7977
Car -1 -1 -3.6028 0.0000 197.2053 0.0000 375.0000 1.5087 1.6133 3.9616 -4.6854 1.5778 2.1367 -4.6978 -5.8867
Car -1 -1 -4.7586 575.2456 174.9084 600.2435 195.8104 1.4189 1.5784 3.9316 -1.4711 0.7194 50.8192 -4.7878 -5.8867
Car -1 -1 -4.9853 835.1547 164.7158 940.5248 224.0191 1.5265 1.7154 4.1437 7.8384 0.9989 20.6405 -4.6272 -6.3191
Car -1 -1 -4.8006 317.5929 176.6112 349.2950 204.5855 1.5369 1.4274 3.1436 -15.7846 1.0644 41.2203 -5.1645 -7.0572
Car -1 -1 -5.0375 534.5057 184.7564 564.4841 203.1545 1.5504 1.5131 3.6359 -5.1118 1.5118 62.5452 -5.1192 -7.8649
