Car -1 -1 -7.8691 530.0917 175.8880 585.6031 226.0738 1.6048 1.7771 3.7973 -1.8086 1.3066 24.9551 -7.9411 7.5747
Car -1 -1 -7.5455 236.9242 186.0863 344.5118 240.3776 1.3928 1.5941 4.2364 -9.0118 1.4207 20.6979 -7.9517 7.2033
Car -1 -1 -7.7123 378.6016 178.8637 480.3009 258.7499 1.6034 1.6985 3.8799 -3.9855 1.4761 16.4388 -7.9468 7.0545
Car -1 -1 -7.6351 334.5049 183.0154 399.5093 219.4473 1.4126 1.6344 4.5152 -10.0486 1.3274 30.2007 -7.9540 5.0434
Car -1 -1 -7.2794 0.0000 195.2298 165.7288 334.2090 1.3715 1.6251 4.3412 -7.9605 1.5375 9.6587 -7.9552 5.0047
Car -1 -1 -7.6003 316.3412 181.3445 361.4527 207.9713 1.5237 1.6325 3.7781 -16.0868 1.3023 43.0979 -7.9559 2.7188
Car -1 -1 -7.7807 463.7136 173.8927 500.2672 204.1326 1.6065 1.7272 3.9881 -7.0223 1.0051 40.2583 -7.9526 2.6987
Car -1 -1 -7.6128 518.2104 178.3677 549.1500 197.5499 1.5257 1.6445 3.9392 -6.0817 0.9812 59.2397 -7.7151 0.0188
Car -1 -1 -7.2957 232.8821 180.7600 315.0257 214.8648 1.4511 1.5456 3.8902 -15.0774 1.2617 32.6142 -7.7259 -0.3321
Car -1 -1 -7.7473 418.7010 184.4277 476.6581 228.5060 1.3862 1.5464 3.5659 -5.4168 1.3616 24.4638 -7.9632 -0.3770
Car -1 -1 -7.5016 570.6099 168.5802 605.0032 187.8616 1.7036 1.7409 4.4000 -1.7964 0.2339 65.8752 -7.5291 -1.0148
Car -1 -1 -5.4335 576.2222 171.3124 628.3714 194.1972 1.6687 1.6577 4.0955 -0.4696 0.6551 54.4950 -5.4425 -2.2516
Car -1 -1 -2.6032 329.7727 181.5192 412.3120 211.5501 1.4878 1.6158 3.7124 -12.1335 1.3048 36.8093 -2.9198 -2.2932
Car -1 -1 -4.8302 433.8884 178.7144 459.1834 197.3390 1.4831 1.6040 3.7402 -13.3361 0.9655 59.2718 -5.0509 -2.9664
Car -1 -1 -4.7922 436.9907 192.3244 465.9159 216.6800 1.5565 1.6386 3.6820 -10.7328 2.0621 49.1073 -5.0068 -2.9830
Car -1 -1 -3.0876 400.1939 173.2200 472.3336 201.0978 1.6439 1.6932 4.1692 -10.3680 0.9367 43.5918 -3.3201 -3.1791
Car -1 -1 -4.7489 578.4536 171.6517 599.5165 191.6788 1.6582 1.6525 3.9674 -1.6504 0.5353 61.5508 -4.7759 -3.5700
Car -1 -1 -7.8701 556.9503 178.7130 593.1379 211.8394 1.5102 1.6510 4.0628 -1.6591 1.2139 34.8512 -7.9177 -4.6774
Car -1 -1 -4.7478 506.8428 184.2563 530.3828 204.1514 1.4045 1.5723 3.9243 -6.6005 1.3370 52.8118 -4.8720 -4.8128
Car -1 -1 -4.5369 396.7186 180.8876 460.2929 220.4170 1.4438 1.6743 4.5261 -7.0623 1.2859 28.5691 -4.7774 -5.2668
Car -1 -1 -4.6967 508.5727 183.6190 526.5347 200.9908 1.4632 1.4927 3.7541 -7.8319 1.3289 62.4963 -4.8212 -5.6059
Car -1 -1 -4.8882 234.3369 183.2912 304.5624 227.6774 1.5451 1.6928 4.2376 -12.9231 1.4782 27.2422 -5.3276 -5.7154
Car -1 -1 -4.0633 348.2013 176.7360 404.1384 202.2218 1.8540 1.7739 4.3547 -17.5554 1.2373 54.6420 -4.3732 -5.8013
Car -1 -1 -2.7412 251.2467 171.3243 316.8815 196.1263 1.6489 1.6997 3.6825 -21.9042 0.7255 48.6793 -3.1622 -5.8463
Car -1 -1 -4.5098 396.0587 179.4032 455.9620 213.9739 1.4986 1.8265 4.4893 -8.3972 1.2468 33.4431 -4.7542 -6.0131
Car -1 -1 -4.6489 383.8343 183.1206 409.6462 204.9123 1.5766 1.6332 3.5798 -15.8180 1.4252 53.9328 -4.9333 -6.2388
Car -1 -1 -8.8255 600.6617 167.7057 666.2338 195.5692 1.7334 1.7714 3.9320 1.6183 0.6443 46.5980 -8.7913 -6.8908
Car -1 -1 -5.1700 392.8217 176.1430 443.0975 202.5319 1.9304 1.7594 4.8376 -14.5822 1.2669 54.9891 -5.4284 -7.3631
