Car -1 -1 -7.8325 568.8625 173.5456 624.4692 223.8826 1.5821 1.7483 3.8860 -0.3833 1.2155 24.5415 -7.8484 6.9851
Car -1 -1 -7.5544 332.8309 180.7096 411.5204 223.7420 1.3792 1.6070 3.5013 -8.0748 1.2350 24.8004 -7.8663 6.4333
Car -1 -1 -7.4578 52.4043 195.7118 394.2863 375.0000 1.3840 1.5941 4.1661 -3.7112 1.5285 7.7719 -7.8902 4.7403
Car -1 -1 -7.5780 315.9722 176.1901 373.1339 209.5075 1.4971 1.6311 3.5719 -12.4641 1.0917 34.1423 -7.9258 4.1431
Car -1 -1 -7.5248 537.7252 174.7097 577.3636 197.5742 1.4894 1.5794 3.6861 -3.3907 0.8052 48.8098 -7.5942 0.4619
Car -1 -1 -3.1279 480.9145 178.4810 551.0770 204.3840 1.5401 1.6598 4.1615 -5.5973 1.1398 43.7998 -3.2546 -0.9667
Car -1 -1 -4.8687 609.1391 171.1042 638.2802 192.7543 1.6841 1.7135 4.2005 1.2323 0.5866 58.1153 -4.8480 -1.2111
Car -1 -1 -7.6402 626.1303 172.0519 665.9985 199.0041 1.5834 1.6377 4.0669 2.3867 0.8102 44.4095 -7.5872 -1.4885
Car -1 -1 -4.6513 627.9744 170.3199 664.8986 204.8579 1.6967 1.6750 4.1834 2.0343 0.9651 37.4876 -4.5979 -1.6895
Car -1 -1 -5.2390 607.3369 174.3427 642.6191 190.2233 1.5199 1.6746 4.0385 1.6594 0.4794 70.9744 -5.2161 -3.0840
Car -1 -1 -4.7185 301.7425 181.0382 345.6060 218.2880 1.4630 1.6197 3.7707 -12.0088 1.2991 30.2844 -5.0933 -3.1612
Car -1 -1 -2.9342 563.7655 176.5958 644.6368 207.0297 1.5047 1.6268 3.8810 -0.1930 1.0786 36.7260 -2.9399 -3.3043
Car -1 -1 -4.6922 630.1923 172.4500 660.5624 201.5166 1.5647 1.6354 4.2771 2.1481 0.8777 40.8900 -4.6404 -3.3564
Car -1 -1 -7.9032 503.5522 179.9984 541.8666 211.8612 1.4194 1.6023 3.9647 -4.1206 1.1871 34.1116 -8.0229 -3.6383
Car -1 -1 -4.3618 472.3594 176.4148 550.4843 218.2256 1.5053 1.6501 4.2962 -3.7104 1.1886 28.1579 -4.4919 -3.6966
Car -1 -1 -7.7156 539.2281 174.0961 567.1168 193.7661 1.4650 1.6833 3.4390 -4.1871 0.6370 55.3080 -7.7912 -3.8676
Car -1 -1 -5.0157 176.0244 174.3362 211.7145 190.7845 1.5522 1.8320 4.2315 -40.3003 0.5257 69.9480 -5.5370 -4.0588
Car -1 -1 -5.0440 639.2670 165.9073 677.4958 191.6179 2.0314 1.7960 4.3931 4.0988 0.5060 59.1522 -4.9755 -4.0818
Car -1 -1 -7.5897 199.7711 172.8913 229.2422 188.3771 1.4775 1.5908 3.8364 -38.6087 0.3018 70.6388 -8.0885 -4.1292
Car -1 -1 -4.4147 628.6525 174.3266 656.0980 189.2982 1.4388 1.6561 3.8685 3.4502 0.3925 71.1843 -4.3669 -4.2866
Car -1 -1 -4.9617 630.5644 174.0140 687.4502 209.8344 1.5769 1.6757 4.1729 2.3015 1.0839 33.8493 -4.8948 -4.3760
Car -1 -1 -7.7234 142.3953 187.8571 278.8358 280.1743 1.3593 1.5934 3.6239 -6.8675 1.4133 12.6738 -8.2113 -4.6322
Car -1 -1 -7.6233 257.1844 177.1646 355.8033 234.1730 1.4792 1.7779 3.7539 -8.5623 1.2704 20.6451 -8.0121 -4.9010
Car -1 -1 -6.3528 321.6681 181.4034 469.2061 234.6085 1.4318 1.5637 3.9530 -6.1652 1.3293 20.7647 -6.6382 -4.9366
Car -1 -1 -4.8175 286.9438 183.2288 341.4703 223.0511 1.4145 1.5504 3.7331 -11.3380 1.3440 27.5445 -5.2049 -5.0346
Car -1 -1 -5.2632 186.7167 181.4111 292.7871 222.0309 1.5103 1.7164 4.3918 -14.7154 1.3690 28.6060 -5.7348 -5.0758
Car -1 -1 -7.9668 599.4484 171.4650 633.3890 198.8277 1.6131 1.6348 4.1376 0.4616 0.8026 44.5190 -7.9569 -5.2425
Car -1 -1 -7.7482 241.1135 174.3357 306.0853 221.5876 1.4444 1.5651 3.7179 -11.1032 1.1120 23.9859 -8.1777 -5.2855
Car -1 -1 -4.9273 553.6067 180.0212 579.5438 197.2084 1.5119 1.5624 3.8463 -3.7824 1.0551 65.2999 -4.9854 -5.3556
Car -1 -1 -6.9292 0.0000 174.9336 248.8769 282.0780 1.5529 1.6257 3.9826 -8.5554 1.4041 12.5669 -7.5171 -5.4329
Car -1 -1 -4.8029 427.6189 177.7288 480.5087 217.8604 1.3948 1.5810 4.1017 -5.9157 1.1347 27.1772 -5.0154 -5.4824
Car -1 -1 -4.7650 166.6144 171.9674 190.0108 189.1056 1.5842 1.7049 4.1546 -41.0416 0.3597 68.6508 -5.3024 -5.4983
Car -1 -1 -2.7501 476.7441 180.0148 552.2435 206.4680 1.4439 1.5592 3.9202 -5.2728 1.1602 40.4992 -2.8791 -5.6955
Car -1 -1 -7.5269 677.7831 167.8477 727.5190 196.0335 1.6356 1.7491 4.2548 5.8338 0.6279 44.0108 -7.3963 -6.1446
Car -1 -1 -4.1254 0.0000 182.6579 179.4050 358.4147 1.4436 1.4743 3.6632 -6.4035 1.4227 7.7914 -4.7964 -6.2487
