Car -1 -1 -7.8459 581.5021 175.0659 620.7379 212.1100 1.6371 1.7340 3.9125 -0.3359 1.1887 33.7266 -7.8562 6.3411
Car -1 -1 -7.7518 489.8553 182.9937 539.3872 219.7102 1.3832 1.6003 3.7890 -3.7311 1.2997 28.9951 -7.8790 1.6909
Car -1 -1 -7.5838 0.0000 186.8101 66.8459 273.4114 1.4273 1.5817 3.5112 -11.9027 1.4624 13.8439 -8.2845 0.3719
Car -1 -1 -7.7072 417.8342 176.5110 463.9029 212.2437 1.5905 1.6123 3.4971 -7.8264 1.2032 33.8031 -7.9333 -0.5791
Car -1 -1 -7.9820 648.4731 177.2672 675.9008 198.1061 1.4649 1.5379 3.5855 3.9095 0.9063 52.3649 -7.9083 -2.2061
Car -1 -1 -5.2283 633.6147 175.7836 685.9698 201.6726 1.5747 1.6494 3.8192 3.2386 1.0012 45.8037 -5.1586 -2.4649
Car -1 -1 -7.2845 0.0000 186.3833 178.6685 267.0235 1.4287 1.6173 3.8880 -10.7611 1.4560 14.7761 -7.9055 -2.6223
Car -1 -1 -7.9965 618.7645 176.2572 653.4330 203.9003 1.6404 1.5892 4.0228 1.6898 1.1089 44.7427 -7.9594 -3.1251
Car -1 -1 -4.7654 414.0257 183.0947 460.3953 222.4535 1.4702 1.6047 3.9103 -6.9631 1.3912 28.9552 -4.9997 -3.2136
Car -1 -1 -3.0027 562.1852 181.4612 640.2759 209.4299 1.4817 1.6670 4.0649 -0.3574 1.2830 39.1717 -3.0122 -3.6608
Car -1 -1 -4.3060 602.2932 177.3072 642.1067 198.1680 1.5705 1.6663 4.0206 1.1533 0.9753 56.2952 -4.2860 -3.7701
Car -1 -1 -7.6448 378.7987 185.5527 448.5825 228.9364 1.3844 1.5608 3.8411 -6.6779 1.3971 24.9265 -7.9042 -4.0903
Car -1 -1 -4.7106 551.7135 177.6491 572.7836 197.3483 1.4714 1.5722 4.2819 -3.5549 0.9064 55.8802 -4.7742 -4.1097
Car -1 -1 -4.6296 454.6751 177.2392 499.1830 208.0359 1.3892 1.7443 4.5173 -6.2895 1.0296 34.7582 -4.8076 -4.2007
Car -1 -1 -4.0725 0.0000 186.7998 203.9238 274.3272 1.4114 1.5664 3.7344 -9.5468 1.4456 13.5540 -4.6770 -4.2045
Car -1 -1 -4.8428 457.8212 180.4333 513.7938 216.2579 1.3802 1.7425 4.3430 -5.2043 1.1961 30.0279 -5.0132 -4.4401
Car -1 -1 -4.1776 336.0729 187.1521 439.3139 227.9923 1.3627 1.6540 4.3220 -8.0187 1.4405 26.5008 -4.4690 -4.6090
Car -1 -1 -4.3447 611.6988 176.9906 649.3369 197.5882 1.6773 1.7215 4.4060 1.9574 1.0077 60.9019 -4.3132 -4.6744
Car -1 -1 -4.1937 0.0000 163.5033 35.3886 194.0828 1.9233 1.6990 3.6719 -39.6515 0.5578 47.1691 -4.8902 -4.9062
Car -1 -1 -7.8201 529.8801 178.7928 572.9202 218.5797 1.5125 1.6176 3.9412 -2.2796 1.2685 29.3310 -7.8974 -5.0479
Car -1 -1 -2.4945 260.1561 184.6622 390.0922 232.2256 1.4604 1.5695 3.7381 -9.1974 1.4436 23.3358 -2.8664 -5.2416
Car -1 -1 -7.8541 673.5225 171.5103 702.0098 199.9233 1.6830 1.6805 4.3305 4.9532 0.8713 44.8240 -7.7451 -5.3289
Car -1 -1 -4.2716 83.1533 181.8701 272.4858 269.4519 1.4814 1.6136 3.9818 -8.2793 1.4249 14.2071 -4.7912 -5.8867
Car -1 -1 -4.2759 185.1361 180.7285 371.9425 270.2794 1.4218 1.6104 3.9049 -5.9324 1.3507 13.3863 -4.6858 -5.8926
Car -1 -1 -4.5670 0.0000 172.6969 0.0000 198.0056 1.5579 1.6846 3.7312 -41.0008 0.7874 46.2724 -5.2894 -5.9288
Car -1 -1 -2.6411 278.1057 176.7081 438.1103 244.2882 1.8455 1.6319 4.0909 -7.2128 1.6133 20.7809 -2.9716 -6.0756
