Car -1 -1 -7.8858 571.8287 174.7080 620.9196 219.5172 1.5887 1.7348 3.8050 -0.5393 1.2163 27.4318 -7.9057 5.9100
Car -1 -1 -7.6113 326.1267 186.5549 471.5262 275.0658 1.4057 1.6312 4.1657 -3.7875 1.4351 13.5823 -7.8785 5.0815
Car -1 -1 -4.5531 424.7180 176.6579 463.2364 203.2705 1.4762 1.5637 4.0678 -9.5333 1.0017 41.9549 -4.7755 0.4637
Car -1 -1 -7.6379 422.0794 178.8777 455.9316 198.8106 1.4692 1.6739 4.1426 -12.8978 1.0022 55.0667 -7.8672 0.3663
Car -1 -1 -4.6993 524.9034 174.9413 550.4965 198.1744 1.4904 1.6367 3.9388 -4.6914 0.8314 48.1451 -4.7962 -0.4327
Car -1 -1 -7.9914 613.1490 173.7575 643.9553 197.0661 1.6253 1.6762 4.1544 1.4481 0.8265 52.2838 -7.9643 -1.5337
Car -1 -1 -5.1894 659.3523 161.2651 703.0966 190.5913 2.2357 1.8434 3.9282 5.7584 0.4100 56.9669 -5.0895 -1.6449
Car -1 -1 -7.7796 492.7810 181.0955 541.1841 219.9546 1.3963 1.5721 3.8360 -3.4840 1.2484 27.7842 -7.9035 -2.1643
Car -1 -1 -4.6118 597.5798 177.6510 630.7213 203.7534 1.4384 1.5656 3.5590 0.3770 1.0217 41.4668 -4.6031 -2.1758
Car -1 -1 -4.3191 442.0877 176.4025 495.1896 203.0973 1.4776 1.5955 4.0869 -8.0812 0.9899 41.9526 -4.5085 -2.4282
Car -1 -1 -7.8433 551.6841 179.1591 574.2723 199.2943 1.3396 1.5012 3.5960 -3.0993 0.9368 49.6591 -7.9057 -2.7295
Car -1 -1 -7.8501 415.3552 171.0354 432.8445 186.6747 1.4606 1.5874 3.5130 -17.6368 0.1364 69.0340 -8.0995 -2.8959
Car -1 -1 -7.4794 401.5237 180.2474 484.9808 223.7484 1.5050 1.6465 4.1485 -6.1195 1.3333 27.0459 -7.7002 -3.3851
Car -1 -1 -7.4040 628.1595 174.5427 691.8803 205.3639 1.5439 1.6801 4.3122 2.8155 1.0094 38.2971 -7.3316 -4.0432
Car -1 -1 -7.5287 628.7084 170.9613 655.6322 187.6184 1.5799 1.5385 3.6623 3.3778 0.2281 70.1693 -7.4812 -4.0474
Car -1 -1 -4.6436 619.2870 174.3413 650.1128 200.7984 1.5629 1.6440 3.9592 1.6808 0.9207 44.5194 -4.6065 -4.1996
Car -1 -1 -1.9649 393.1133 169.1199 427.3698 186.3002 1.5456 1.6903 3.9201 -18.3723 0.0977 66.7378 -2.2328 -4.2842
Car -1 -1 -4.6009 418.8579 179.8868 468.3582 217.9051 1.5595 1.6949 3.7988 -7.1561 1.3411 31.4693 -4.8230 -4.3025
Car -1 -1 -7.6815 521.8704 178.2625 563.8431 206.9638 1.5107 1.6310 4.1866 -3.5833 1.1449 39.9906 -7.7707 -4.3979
Car -1 -1 -5.0497 616.6277 175.7476 665.0821 203.5288 1.5100 1.6587 3.5887 1.8084 0.9956 41.0306 -5.0063 -4.4908
Car -1 -1 -4.8515 559.6119 181.4495 583.6853 199.2391 1.3993 1.5301 3.0771 -2.9638 1.1033 58.2015 -4.9026 -4.7624
Car -1 -1 -4.9975 556.4455 181.9948 582.6137 196.7954 1.3941 1.5503 3.7040 -3.7427 1.0908 69.7128 -5.0514 -4.9947
Car -1 -1 -4.4100 371.7431 184.1183 439.4229 220.3001 1.3683 1.6014 3.6814 -8.1250 1.3269 29.0499 -4.6807 -5.0261
Car -1 -1 -8.6390 0.0000 0.0000 1240.0000 375.0000 1.6879 1.6379 3.7790 1.2653 1.7353 0.7880 -7.7703 -5.0755
Car -1 -1 -7.3987 327.7061 183.1718 421.9494 228.7714 1.4186 1.5966 3.5947 -7.7955 1.3551 24.2580 -7.7068 -5.1502
Car -1 -1 -9.0236 0.0000 0.0000 1240.0000 375.0000 1.5553 1.5881 3.9281 2.8864 1.5035 0.7478 -7.7956 -5.2441
Car -1 -1 -7.9131 596.3096 174.1093 622.2726 197.8696 1.6559 1.6293 4.2643 0.0519 0.8821 52.2756 -7.9125 -5.2517
Car -1 -1 -4.8379 431.3532 177.2045 471.0638 204.9145 1.4380 1.7243 3.1598 -8.5766 1.0224 39.0817 -5.0528 -5.3297
Car -1 -1 -5.0591 591.2083 174.4309 622.5499 192.0770 1.5535 1.5836 3.9945 -0.1267 0.6042 65.4341 -5.0615 -5.9215
