Car -1 -1 -7.3761 0.0000 201.9131 344.7104 375.0000 1.3748 1.4817 3.4155 -3.8385 1.5708 6.7035 -7.8793 7.8071
Car -1 -1 -7.8597 569.2267 176.8500 606.7362 212.1979 1.6195 1.7196 3.8045 -1.0097 1.2364 34.8667 -7.8889 6.3249
Car -1 -1 -7.5768 349.7783 182.5760 423.0429 225.7504 1.5229 1.6430 3.9103 -8.3555 1.4300 27.3261 -7.8712 4.7575
Car -1 -1 -7.1919 0.0000 191.2320 201.2423 299.6018 1.4422 1.5932 3.6454 -8.5095 1.5552 11.6263 -7.8129 4.5784
Car -1 -1 -7.2469 1.9442 187.0062 181.3132 255.5827 1.4908 1.6211 3.8954 -12.4987 1.5398 17.6780 -7.8554 4.3936
Car -1 -1 -7.3811 211.1234 183.0812 313.0691 228.3299 1.5266 1.6515 4.1265 -12.5639 1.4547 26.3405 -7.8225 1.5933
Car -1 -1 -7.6366 392.8270 174.9617 429.0856 200.0341 1.6574 1.6249 3.7875 -13.5133 0.9797 49.4493 -7.9023 0.1997
Car -1 -1 -6.4675 407.4974 179.5998 505.2467 213.3044 1.5012 1.6550 4.2386 -7.1081 1.2513 33.5925 -6.6748 -1.5799
Car -1 -1 -4.6763 373.5214 170.5314 396.0785 189.6190 1.5424 1.6683 3.6371 -18.6134 0.3560 60.0614 -4.9758 -2.4760
Car -1 -1 -4.1521 178.3354 175.0232 219.1075 192.9040 1.6792 1.6113 3.8731 -39.4895 0.7222 69.4800 -4.6676 -2.5814
Car -1 -1 -6.2494 3.5268 170.2463 74.6536 193.2970 1.5232 1.6701 3.7677 -38.9273 0.5342 49.2891 -6.9154 -2.6382
Car -1 -1 -4.7824 646.0777 180.1142 676.2354 204.5367 1.3969 1.5293 3.7262 3.1242 1.1052 42.9801 -4.7108 -2.6995
Car -1 -1 -4.9183 378.9022 182.8186 431.8694 214.8714 1.4375 1.6245 4.1503 -9.7893 1.3301 34.4536 -5.1934 -2.7005
Car -1 -1 -7.9268 535.1923 177.9603 559.3382 198.8445 1.6317 1.6543 4.0569 -4.9546 1.0650 58.2973 -8.0116 -2.8316
Car -1 -1 -4.6657 606.3671 178.3821 634.9560 203.1355 1.5329 1.6675 4.1288 0.8504 1.1098 46.6290 -4.6480 -2.9800
Car -1 -1 -3.1620 361.9422 188.0865 436.0995 218.2371 1.4742 1.5939 3.5603 -10.6759 1.6260 36.6843 -3.4437 -3.0427
Car -1 -1 -8.1822 500.9442 183.3958 580.2317 227.6294 1.4254 1.6119 3.8174 -2.4788 1.3669 25.2354 -8.2795 -3.4119
Car -1 -1 -3.4838 113.9092 175.3679 171.8195 194.8502 1.6255 1.6536 3.8660 -40.0772 0.8040 62.0122 -4.0559 -3.5686
Car -1 -1 -8.1070 486.4388 171.8799 514.4695 188.8004 1.4975 1.6234 3.8298 -9.8465 0.3174 65.6985 -8.2555 -3.6199
Car -1 -1 -7.6298 98.9348 170.8867 135.0043 191.0276 1.5969 1.6452 3.7701 -40.2818 0.4610 59.0517 -8.2266 -3.7725
Car -1 -1 -4.7191 51.0393 170.8217 79.7753 193.5364 1.6591 1.6925 4.1376 -41.2653 0.6079 54.6634 -5.3636 -3.8006
Car -1 -1 -7.6583 583.2583 176.7930 612.9475 197.3026 1.6228 1.6624 4.1777 -0.7709 0.9565 59.0827 -7.6717 -3.9823
Car -1 -1 -2.3068 60.1867 171.3249 125.0710 194.7327 1.8231 1.8315 4.2504 -41.0834 0.7414 57.3340 -2.9266 -4.0899
Car -1 -1 -7.1153 53.2191 165.0294 122.5008 190.8413 1.8660 1.8200 4.2826 -39.1218 0.4068 54.1995 -7.7383 -4.1847
Car -1 -1 -5.0569 606.9857 177.7037 658.2160 205.8066 1.5724 1.6912 4.2092 1.3764 1.1522 42.4832 -5.0252 -4.2249
Car -1 -1 -4.1122 644.7151 180.0535 701.1044 204.9626 1.5748 1.6388 4.1938 4.3302 1.2486 47.5875 -4.0224 -4.3056
Car -1 -1 -8.0920 459.3024 180.4265 527.0007 226.0736 1.5605 1.6573 3.5998 -4.3388 1.3969 26.5546 -8.2527 -4.4543
Car -1 -1 -1.8980 0.0000 168.8125 29.7947 193.1843 1.5637 1.8904 4.4971 -40.8237 0.5114 48.0927 -2.5992 -4.5226
Car -1 -1 -7.2743 396.1953 165.7535 437.9109 185.8698 1.7405 1.6994 3.9935 -17.0391 0.0567 64.3588 -7.5323 -4.5777
Car -1 -1 -4.5215 610.6502 176.8364 646.6786 201.3042 1.6367 1.7237 4.4117 1.4923 1.0763 50.4252 -4.4925 -4.5940
Car -1 -1 -4.9575 628.1693 184.0582 673.9883 212.6588 1.3850 1.5033 3.5613 2.1261 1.3291 36.6998 -4.9005 -4.6303
Car -1 -1 -2.4742 159.9303 169.2527 257.7921 203.5995 1.5304 1.6721 3.7125 -18.4008 0.8193 33.1575 -2.9776 -4.6828
Car -1 -1 -6.8012 0.0000 197.3074 24.4534 375.0000 1.4700 1.4774 3.3129 -3.7925 1.5320 2.0028 -7.8305 -4.7584
Car -1 -1 -2.3864 503.0930 184.3724 569.0956 207.9201 1.4732 1.6314 4.3504 -4.7373 1.4206 46.9442 -2.4869 -4.7940
Car -1 -1 -6.6578 654.6982 186.2023 732.9355 215.6504 1.4345 1.6159 3.5831 4.2981 1.4862 36.3385 -6.5415 -4.9075
Car -1 -1 -4.1280 76.9679 187.9256 336.1248 301.8713 1.4501 1.5558 3.9760 -6.0218 1.5006 11.3046 -4.6079 -5.1303
Car -1 -1 -3.8158 254.3976 190.8670 386.7790 243.0119 1.5089 1.7583 3.6862 -9.2375 1.7081 23.2785 -4.1900 -5.1354
Car -1 -1 -5.0754 636.5291 166.0455 679.9402 199.6467 2.4287 1.8421 4.3340 3.7380 1.0432 54.3010 -5.0074 -5.1691
Car -1 -1 -4.6840 448.8497 183.3678 492.7650 219.8024 1.4501 1.7249 4.5674 -5.8718 1.3767 31.0012 -4.8700 -5.2581
Car -1 -1 -6.6074 0.0000 192.8691 0.0000 375.0000 1.4637 1.5473 3.6921 -5.3382 1.5064 2.0858 -7.7613 -5.4706
Car -1 -1 -7.6042 598.4845 173.3577 630.7214 197.8937 1.9243 1.6902 4.0045 0.5787 0.9945 58.5303 -7.5947 -5.4962
Car -1 -1 -7.7733 504.8981 172.3621 526.1052 190.3528 1.6107 1.6618 3.4745 -8.4722 0.4601 66.1321 -7.9005 -5.5391
Car -1 -1 -3.9164 0.0000 171.7863 154.6468 371.5148 1.4689 1.6037 3.8743 -6.7532 1.3703 7.2728 -4.6463 -5.7067
Car -1 -1 -7.7157 397.8357 182.7626 454.0443 224.0679 1.4707 1.5694 3.8333 -6.9403 1.3835 27.5835 -7.9603 -5.8030
Car -1 -1 -6.8389 0.0000 0.0000 1240.0000 375.0000 1.5331 1.5936 3.8054 -2.5294 1.5708 1.0057 -7.9399 -5.8867
Car -1 -1 -4.7063 830.4861 175.6334 923.7491 255.6081 1.5665 1.7470 4.2130 6.0488 1.3789 16.3590 -4.3581 -5.9170
Car -1 -1 -5.2214 555.0367 179.1535 608.6368 204.2505 1.5994 1.7046 4.2823 -1.8108 1.2132 48.0835 -5.2593 -6.2905
