Car -1 -1 -7.8854 579.2929 175.2398 620.8598 212.4900 1.5878 1.7504 3.8268 -0.4399 1.1627 32.5928 -7.8992 6.8713
Car -1 -1 -7.5013 308.4967 179.8130 396.1217 232.1529 1.5172 1.5329 3.2801 -7.9385 1.3608 22.4907 -7.8372 6.2003
Car -1 -1 -7.7330 470.2622 182.6075 529.3221 225.0546 1.3847 1.6026 3.8662 -3.7782 1.2997 25.4027 -7.8795 2.9062
Car -1 -1 -2.2541 320.0487 174.6813 424.6620 219.5728 1.7003 1.6826 4.3067 -9.6024 1.3014 29.0988 -2.5705 -0.3341
Car -1 -1 -3.1436 620.7183 176.1053 678.4360 200.3832 1.5338 1.6294 3.6481 2.6609 0.9584 46.3280 -3.0870 -2.1192
Car -1 -1 -5.2558 540.1793 180.3001 584.0123 201.8176 1.5218 1.5707 3.6019 -3.4047 1.1743 52.7653 -5.3203 -2.1258
Car -1 -1 -7.9831 635.0181 176.0840 670.1315 204.3288 1.4875 1.5369 3.0126 2.3897 1.0067 39.4132 -7.9234 -2.3420
Car -1 -1 -4.2467 351.2832 163.0523 397.8702 185.8976 1.5368 1.6116 3.6937 -16.2867 0.0460 50.3064 -4.5584 -3.0470
Car -1 -1 -4.5188 631.3105 176.9863 653.6632 192.6894 1.5173 1.5599 3.5870 3.4659 0.7223 71.3850 -4.4709 -3.2933
Car -1 -1 -4.9061 547.1144 184.6861 584.5901 211.7210 1.4261 1.4594 3.2489 -2.3811 1.3984 39.6763 -4.9661 -3.3231
Car -1 -1 -4.7772 600.2136 175.8144 619.5450 192.5504 1.5357 1.6055 3.2709 0.1684 0.6732 67.6450 -4.7751 -3.3348
Car -1 -1 -4.4971 640.3588 174.6982 670.1252 195.3582 1.6946 1.7033 4.0573 4.0596 0.8321 61.1496 -4.4316 -3.4562
Car -1 -1 -5.4425 215.2481 165.8228 337.6795 208.1176 1.6061 1.7695 4.7695 -13.4454 0.8698 29.0609 -5.8724 -3.8089
Car -1 -1 -7.7048 412.2294 179.0225 466.1690 216.2917 1.4509 1.6451 3.7083 -6.9785 1.2100 29.8982 -7.9324 -3.9181
Car -1 -1 -5.1588 530.0115 176.3372 563.4848 191.9299 1.4953 1.7299 4.0192 -6.0724 0.6440 71.1090 -5.2441 -4.0326
Car -1 -1 -4.2630 610.9727 175.5969 652.9867 196.9226 1.5864 1.6379 4.0958 1.8983 0.8710 55.6699 -4.2295 -4.1328
Car -1 -1 -5.0533 670.8259 174.9735 722.1602 203.2788 1.5162 1.6427 3.9365 4.9192 0.9677 40.6072 -4.9339 -4.2011
Car -1 -1 -7.6730 476.3255 180.2544 531.9912 219.3130 1.4772 1.5751 3.7614 -4.1621 1.2897 29.0970 -7.8142 -4.3243
Car -1 -1 -4.8581 665.0370 176.6273 696.3217 199.4470 1.4440 1.5257 3.6480 4.7382 0.9007 47.3473 -4.7594 -4.4331
Car -1 -1 -7.6776 612.1957 175.8944 637.3262 192.4741 1.5125 1.6646 4.1828 1.6266 0.6623 67.7935 -7.6541 -4.4347
Car -1 -1 -2.4816 298.9313 177.7489 400.2998 221.1045 1.5872 1.6363 3.3726 -9.9420 1.3140 27.6196 -2.8243 -4.5798
Car -1 -1 -4.8040 437.2082 182.7749 499.6654 228.3253 1.5514 1.8891 4.2652 -5.3127 1.4684 26.7959 -4.9983 -4.6021
Car -1 -1 -4.4306 275.2766 159.9444 333.4430 190.3039 1.5114 1.6597 4.4381 -16.0146 0.2535 38.0859 -4.8262 -4.6354
Car -1 -1 -4.2475 553.7758 176.1188 585.2667 190.7616 1.4093 1.5813 3.8027 -3.7655 0.5339 71.2458 -4.3004 -4.7205
Car -1 -1 -7.5805 209.3661 178.9361 320.5039 242.8714 1.4475 1.6207 3.4940 -8.5513 1.3054 18.1292 -8.0158 -4.8022
Car -1 -1 -4.5634 616.7409 177.5873 647.9171 202.2161 1.6424 1.6189 3.8316 1.7218 1.1338 49.9680 -4.5296 -4.8807
Car -1 -1 -3.7017 184.6140 177.4517 328.7509 223.1411 1.5322 1.7162 4.5520 -12.8325 1.2720 26.4899 -4.1491 -4.9291
Car -1 -1 -4.4690 568.9106 182.6254 596.1944 200.9146 1.5657 1.5514 3.7641 -2.2092 1.3441 63.5409 -4.5040 -4.9905
Car -1 -1 -5.9609 314.3221 160.6755 404.3936 188.8814 1.5469 1.7621 4.4468 -13.9086 0.2012 40.3228 -6.2911 -5.0384
Car -1 -1 -4.4596 362.5006 178.0990 436.4652 226.4306 1.5854 1.6151 3.7725 -7.3292 1.3521 25.4861 -4.7372 -5.1413
Car -1 -1 -5.2925 653.9639 171.3800 702.0742 198.2269 1.8516 1.7138 3.6423 4.9792 0.8975 51.5887 -5.1972 -5.2107
Car -1 -1 -4.6830 452.7954 185.5407 493.2627 220.2347 1.3479 1.5433 3.7954 -5.5986 1.3625 29.9598 -4.8665 -5.2350
Car -1 -1 -2.4105 148.2210 157.1979 249.1451 194.9253 1.5254 1.5684 3.5521 -17.2064 0.3927 30.2143 -2.9244 -5.2959
Car -1 -1 -4.9375 458.1791 177.8324 515.4398 215.0119 1.5842 1.6844 4.1710 -5.6332 1.2698 32.8796 -5.1062 -5.4207
Car -1 -1 -4.3470 812.0302 180.9213 951.4171 256.8433 1.5365 1.6398 4.2001 6.3998 1.4497 16.6625 -3.9864 -5.5004
Car -1 -1 -4.5812 166.1575 181.2568 285.7018 262.7038 1.4597 1.6490 4.0331 -7.8694 1.3889 15.0596 -5.0556 -5.8867
Car -1 -1 -4.3686 76.9765 181.8579 287.8987 290.3040 1.4532 1.6210 4.0417 -6.6993 1.4083 11.7590 -4.8768 -5.9033
Car -1 -1 -4.8068 614.2462 177.2182 637.7377 194.2178 1.4651 1.6966 4.2156 1.5802 0.7760 64.1149 -4.7827 -6.0773
Car -1 -1 -4.8958 277.9117 175.4331 344.6962 219.5301 1.4816 1.6380 3.4320 -10.8272 1.1531 26.0387 -5.2865 -6.4660
Car -1 -1 -7.9362 515.1733 179.3676 566.5878 227.1779 1.5671 1.5029 3.7120 -2.4780 1.3756 25.5220 -8.0324 -6.6434
