Car -1 -1 -7.3937 84.9751 189.4779 283.0544 276.0445 1.4190 1.5914 4.2105 -8.0908 1.5157 14.1384 -7.9056 7.9073
Car -1 -1 -7.8877 550.6016 176.1568 599.6279 220.4477 1.5974 1.7560 3.8970 -1.3737 1.2708 27.9403 -7.9368 7.4171
Car -1 -1 -7.6351 313.6106 180.4919 471.3937 293.3824 1.5830 1.6741 3.8898 -3.4491 1.5170 12.0676 -7.9080 7.3276
Car -1 -1 -7.6865 408.0658 184.0032 483.8883 239.5632 1.4226 1.5197 3.3676 -4.4860 1.3917 20.1259 -7.9034 5.5139
Car -1 -1 -7.5420 294.9134 183.1353 384.9718 231.6020 1.4642 1.6007 4.0709 -8.7749 1.4015 23.7810 -7.8921 4.6822
Car -1 -1 -7.4600 199.8704 184.2687 288.2133 224.8975 1.4169 1.5387 4.0040 -13.6376 1.3841 27.1199 -7.9223 4.0732
Car -1 -1 -7.5675 303.4694 180.8452 356.8745 211.3671 1.4868 1.6027 3.5792 -14.2010 1.2741 36.8651 -7.9330 2.7325
Car -1 -1 -7.7257 352.3294 183.0484 402.2280 219.3293 1.4644 1.5865 3.6325 -9.8930 1.3771 30.9436 -8.0330 0.1485
Car -1 -1 -2.9771 387.5982 166.9888 466.8536 202.2856 1.7650 1.6917 3.7225 -9.2560 0.8538 36.9382 -3.2212 -0.1069
Car -1 -1 -4.8796 444.5659 176.2161 475.4746 196.9446 1.4696 1.6352 3.7009 -10.9415 0.8317 52.9846 -5.0826 -1.2937
Car -1 -1 -4.7471 599.3291 168.4498 621.4241 190.6154 1.7675 1.6763 4.1185 0.1688 0.4307 59.4076 -4.7446 -1.5860
Car -1 -1 -4.9974 580.6063 180.6598 626.7330 208.2464 1.5065 1.5450 4.1483 -0.3229 1.2578 41.4643 -5.0056 -1.7473
Car -1 -1 -4.9280 529.3811 176.9017 560.7857 197.4697 1.6247 1.6790 4.3247 -5.2088 0.9681 59.0976 -5.0160 -2.4219
Car -1 -1 -4.7235 481.3436 180.3812 516.3569 211.1068 1.4802 1.6745 3.5067 -5.5827 1.2474 36.4956 -4.8746 -2.9179
Car -1 -1 -8.3873 591.1118 173.3195 639.0414 196.9639 1.5702 1.6400 3.7366 0.4425 0.7803 49.7664 -8.3789 -3.3706
Car -1 -1 -4.6712 390.2024 170.5161 416.7888 193.2521 1.5583 1.6637 3.9887 -14.5896 0.5510 51.4038 -4.9467 -3.6057
Car -1 -1 -4.5391 62.3940 184.7146 146.1915 234.7181 1.5236 1.6313 3.8354 -16.7222 1.5085 23.9864 -5.1430 -3.7028
Car -1 -1 -4.2662 545.6453 176.7111 590.3389 196.7897 1.5866 1.8434 4.6826 -3.2415 0.9147 59.3181 -4.3210 -3.7785
Car -1 -1 -5.0713 521.5110 182.6248 559.4171 203.6577 1.4641 1.5480 3.6334 -4.9252 1.2839 52.0103 -5.1657 -3.8432
Car -1 -1 -7.7924 601.9621 167.9771 624.1772 189.1680 1.8424 1.7338 4.4715 0.5001 0.3438 64.7905 -7.7850 -3.9959
Car -1 -1 -4.3745 443.3873 177.5936 493.0689 208.7736 1.7689 1.6756 4.0012 -8.2891 1.3366 42.8839 -4.5646 -3.9995
Car -1 -1 -6.4551 356.1077 162.8860 413.2835 182.6048 1.5811 1.7203 4.3171 -18.5791 -0.2236 59.8499 -6.7550 -4.3454
Car -1 -1 -4.4982 319.8123 184.0672 386.9435 222.2012 1.3679 1.6137 4.0786 -9.8180 1.3269 27.9084 -4.8338 -4.5081
Car -1 -1 -4.2844 445.8220 177.7554 481.2693 193.0342 1.4440 1.7559 4.3342 -14.0541 0.7391 70.2506 -4.4815 -4.5332
Car -1 -1 -7.2545 604.9398 167.6043 651.1852 189.2972 1.7030 1.7044 4.1920 1.6775 0.3206 58.6297 -7.2264 -4.5492
Car -1 -1 -4.8937 517.1343 185.4189 551.3397 208.8465 1.3931 1.4761 3.6562 -4.6408 1.4065 44.7426 -4.9969 -5.3352
Car -1 -1 -4.8101 381.3492 169.4112 402.8013 187.1019 1.6408 1.5887 3.9402 -20.6733 0.1751 68.7970 -5.1012 -5.5061
Car -1 -1 -4.5763 259.9620 179.5860 322.0082 224.0502 1.5485 1.5990 4.0411 -11.9328 1.3526 27.1961 -4.9864 -5.6917
Car -1 -1 -2.6818 366.9368 186.9101 454.8555 218.3153 1.7511 1.8545 4.5555 -11.3871 1.8524 41.5751 -2.9480 -5.8503
