Car -1 -1 -7.3205 0.0000 202.4253 325.6131 375.0000 1.3980 1.5145 3.3703 -3.8369 1.5837 6.0570 -7.8655 7.6815
Car -1 -1 -7.8710 569.6219 176.7145 607.7408 212.1647 1.6296 1.7542 3.8581 -1.0025 1.2390 35.0132 -7.8998 5.9620
Car -1 -1 -7.5703 341.5498 182.3302 418.5727 228.1017 1.5598 1.6539 3.9475 -8.3249 1.4616 26.4852 -7.8723 5.1698
Car -1 -1 -7.2244 0.0000 187.4061 166.4661 258.6214 1.4841 1.5804 3.8030 -12.4502 1.5418 17.0028 -7.8492 4.9208
Car -1 -1 -7.2073 0.0000 192.4329 164.4610 310.2492 1.4392 1.5489 3.4574 -8.4976 1.5646 10.7315 -7.8650 3.8270
Car -1 -1 -7.3956 198.6740 182.0932 303.2480 230.1868 1.5686 1.6641 4.0949 -12.5501 1.4670 25.4979 -7.8491 1.8505
Car -1 -1 -7.7144 392.7097 180.3706 424.0001 203.2757 1.4822 1.5418 3.6078 -13.4114 1.1688 48.4064 -7.9836 0.7003
Car -1 -1 -4.7100 601.9961 178.9255 629.1135 204.8031 1.5623 1.6374 4.3279 0.4679 1.1827 45.5720 -4.7003 -0.1044
Car -1 -1 -7.9787 406.7934 185.3347 450.2230 217.0756 1.3810 1.5049 3.6307 -8.3724 1.3870 33.2561 -8.2238 -1.1202
Car -1 -1 -5.4054 610.9396 180.1782 670.5701 205.2409 1.5713 1.6025 4.1840 2.0924 1.2556 47.2186 -5.3619 -1.1589
Car -1 -1 -7.7644 599.3300 175.8495 620.8712 193.3199 1.5393 1.6232 3.8538 0.2288 0.7142 65.3336 -7.7613 -1.8667
Car -1 -1 -4.5797 643.9911 182.8546 681.2792 209.4170 1.4404 1.5968 4.1753 3.1622 1.3125 41.1878 -4.5040 -2.3802
Car -1 -1 -7.2524 402.0611 168.0958 441.7721 185.9708 1.6388 1.6884 3.9720 -17.5618 0.0694 68.0622 -7.5042 -3.1346
Car -1 -1 -4.6267 11.3972 168.8593 47.3187 193.5830 1.6786 1.6554 3.7676 -40.8735 0.5683 50.8332 -5.3015 -3.3163
Car -1 -1 -4.6299 0.0000 169.3882 23.9331 195.5198 1.6951 1.7117 4.0196 -40.9087 0.6686 48.7673 -5.3254 -3.3395
Car -1 -1 -4.8570 154.1449 173.1703 182.9070 190.9067 1.5920 1.6874 4.2356 -40.7825 0.5110 66.6922 -5.4043 -3.4585
Car -1 -1 -4.6424 385.6440 169.0269 409.4024 188.2341 1.6147 1.6943 4.2416 -18.3093 0.2539 62.6850 -4.9257 -3.4775
Car -1 -1 -4.9091 366.3994 184.4630 413.5794 215.3197 1.4909 1.5980 3.7867 -11.2184 1.4547 36.7790 -5.2035 -3.5062
Car -1 -1 -7.4176 8.9676 192.4251 234.9235 304.2588 1.3979 1.5224 3.3676 -7.1991 1.5260 10.9835 -7.9868 -3.8914
Car -1 -1 -4.9899 440.3077 182.4779 521.2288 227.0531 1.5181 1.7448 4.7314 -4.9079 1.4250 26.9907 -5.1684 -4.0961
Car -1 -1 -4.2404 396.6875 184.5248 461.3129 214.4600 1.4504 1.5718 4.0036 -9.1449 1.4171 36.9582 -4.4817 -4.1489
Car -1 -1 -4.1736 654.8752 180.8514 717.6900 208.6610 1.4818 1.6820 4.0370 4.4323 1.2494 40.4209 -4.0656 -4.1736
Car -1 -1 -4.6278 36.6402 173.9217 71.0694 196.9907 1.6446 1.6786 4.1093 -41.1394 0.8396 53.4312 -5.2818 -4.2298
Car -1 -1 -7.6472 503.3434 174.3357 529.0795 190.6417 1.4335 1.5780 3.7496 -8.2736 0.4772 65.1273 -7.7734 -4.2600
Car -1 -1 -8.0859 484.5677 172.9752 512.2192 190.8547 1.5609 1.6237 3.8377 -9.9050 0.4924 64.8396 -8.2372 -4.2786
Car -1 -1 -1.9021 137.3961 175.1957 175.8649 193.4280 1.5959 1.6890 4.1411 -40.7469 0.7190 64.8819 -2.4613 -4.3333
Car -1 -1 -4.5453 66.7514 173.5436 103.7681 197.0846 1.7718 1.6955 4.0058 -40.8677 0.8935 56.2769 -5.1714 -4.5682
Car -1 -1 -7.8356 221.9328 188.8992 284.4278 240.8130 1.4401 1.6050 3.8384 -10.9886 1.5652 22.3142 -8.2888 -4.6221
Car -1 -1 -6.6248 0.0000 0.0000 1240.0000 375.0000 1.4709 1.4728 3.3174 -3.7780 1.5557 1.5129 -7.7529 -4.6452
Car -1 -1 -4.7673 550.7395 185.5311 577.9968 206.8577 1.3629 1.5918 4.0637 -2.9658 1.3851 48.1111 -4.8290 -4.7491
Car -1 -1 -4.2152 604.0296 179.5887 651.9894 202.7179 1.5395 1.6377 3.9756 1.4278 1.1651 49.9786 -4.1872 -4.7968
Car -1 -1 -7.4398 584.6379 175.2430 625.6233 197.0493 1.6854 1.7737 4.1625 -0.1847 0.9148 57.8228 -7.4434 -4.9599
Car -1 -1 -4.6988 623.8947 179.5593 653.5893 207.1750 1.5103 1.6244 4.0716 1.7767 1.2011 41.3909 -4.6566 -4.9713
Car -1 -1 -7.9126 552.6442 175.9247 572.3577 192.5800 1.4903 1.5985 3.6138 -4.2029 0.6591 66.2132 -7.9761 -5.0436
Car -1 -1 -4.0736 0.0000 185.5102 301.5156 312.4019 1.4103 1.4879 3.7936 -6.0116 1.4153 9.9644 -4.6047 -5.2049
Car -1 -1 -6.8387 0.0000 0.0000 1240.0000 375.0000 1.5307 1.5964 3.8058 -2.5293 1.5553 1.0046 -7.9400 -5.8867
Car -1 -1 -4.1178 0.0000 189.2884 52.7697 375.0000 1.4880 1.5415 3.7295 -6.9652 1.5362 6.4825 -4.9184 -6.2814
Car -1 -1 -8.1342 354.0063 180.2455 395.1896 206.8972 1.9364 1.7567 4.6561 -17.7869 1.5754 54.6498 -8.4479 -6.3348
