Car -1 -1 -7.8610 534.3604 176.4051 587.4929 224.7399 1.5866 1.7453 3.8302 -1.7254 1.2975 25.5709 -7.9281 7.6777
Car -1 -1 -7.5027 212.0810 186.9909 337.2831 246.5298 1.3991 1.6287 4.2780 -8.7600 1.4521 19.2144 -7.9255 7.4870
Car -1 -1 -7.6927 367.2341 179.7806 478.8581 264.5939 1.5875 1.6875 3.9127 -3.8701 1.4859 15.4730 -7.9341 7.0128
Car -1 -1 -7.6420 327.8757 181.7760 394.9995 223.5107 1.5326 1.6613 4.2199 -9.7344 1.4064 28.5885 -7.9677 5.2447
Car -1 -1 -7.1922 0.0000 195.1656 109.9408 366.3541 1.4289 1.6518 3.9699 -7.8694 1.5721 8.2840 -7.9358 4.4124
Car -1 -1 -7.5807 315.0547 181.5916 362.5995 208.5279 1.4887 1.6206 3.7646 -15.5561 1.2886 41.6721 -7.9362 2.2875
Car -1 -1 -7.7139 418.1704 183.3290 479.2961 230.0893 1.4314 1.5047 3.4027 -5.2255 1.3738 23.7572 -7.9284 2.2530
Car -1 -1 -7.9382 580.2126 174.1874 606.5494 196.5546 1.6593 1.6847 4.0952 -1.1642 0.8413 55.4514 -7.9594 -0.5365
Car -1 -1 -7.9689 584.6509 180.3622 624.8074 210.3646 1.5141 1.6704 4.1330 -0.2493 1.2693 38.4307 -7.9758 -1.1013
Car -1 -1 -4.7945 526.6873 177.2935 550.1193 196.6451 1.5351 1.6049 3.7856 -5.7400 0.9068 59.0313 -4.8914 -1.9250
Car -1 -1 -4.7674 440.3041 177.1453 464.3836 196.7802 1.5179 1.6701 3.9769 -12.5227 0.8941 57.7090 -4.9805 -2.4972
Car -1 -1 -4.0221 337.2050 179.8127 416.4751 213.9707 1.5623 1.6725 3.7270 -11.1746 1.3153 34.9191 -4.3299 -3.1258
Car -1 -1 -7.7356 409.2853 167.6188 445.8193 199.9708 1.8431 1.6777 3.7919 -10.7429 0.8407 42.9387 -7.9795 -3.4993
Car -1 -1 -4.1972 398.7559 175.0849 443.0886 194.5654 1.4683 1.5868 4.0189 -14.6054 0.7049 56.3279 -4.4501 -3.5786
Car -1 -1 -7.3836 230.2050 183.4474 306.9161 217.8444 1.4059 1.5483 3.5791 -14.6651 1.3338 31.1969 -7.8201 -3.5919
Car -1 -1 -4.6446 211.0794 186.6784 261.3039 224.2030 1.3772 1.5353 3.1349 -14.5887 1.4385 28.2630 -5.1175 -4.1026
Car -1 -1 -4.7186 381.0293 181.5316 416.8846 214.1213 1.4632 1.5569 3.2625 -9.9351 1.2980 34.0613 -5.0007 -4.3955
Car -1 -1 -4.9083 378.0833 174.6554 408.7709 194.6560 1.5012 1.5553 3.9376 -16.7629 0.7087 56.0593 -5.1978 -4.4201
Car -1 -1 -7.9849 430.9964 179.4568 468.6731 208.4232 1.7170 1.7259 4.5018 -9.9660 1.3758 45.0209 -8.2019 -4.5533
Car -1 -1 -5.0155 498.6716 183.7154 532.7203 203.3656 1.3919 1.5067 3.4816 -6.8155 1.2858 52.8153 -5.1436 -4.6155
Car -1 -1 -4.1692 548.1915 172.2160 601.7568 192.7591 1.5355 1.8273 5.0977 -2.5242 0.5640 56.4079 -4.2140 -4.7554
Car -1 -1 -4.5620 565.3767 178.1878 596.4655 202.6042 1.5908 1.5556 3.8374 -1.8084 1.1331 48.8294 -4.5993 -4.9853
Car -1 -1 -5.0161 491.7432 184.9174 533.0341 208.4570 1.4068 1.4776 3.8356 -6.0403 1.3891 45.0113 -5.1492 -5.0408
Car -1 -1 -7.8621 467.3227 181.0316 517.5961 230.1678 1.5034 1.5279 3.3298 -3.8681 1.3756 23.7641 -8.0221 -5.5132
Car -1 -1 -8.7114 610.5793 169.1573 674.6138 198.3287 1.7492 1.8305 3.7124 2.1280 0.7865 45.0467 -8.6649 -5.8744
Car -1 -1 -4.7017 237.2707 185.4640 291.3784 227.6573 1.4030 1.6493 4.1559 -12.4967 1.4130 26.1617 -5.1437 -5.8837
