Car -1 -1 -7.8938 575.1994 176.6585 614.5485 211.8232 1.6317 1.7678 3.9018 -0.7209 1.2348 35.3570 -7.9144 6.3472
Car -1 -1 -7.4897 265.6134 185.3151 377.9050 242.9369 1.4653 1.6213 3.9330 -7.9530 1.4685 20.2581 -7.8596 6.0724
Car -1 -1 -5.1563 617.1365 177.4295 654.4104 196.4756 1.5513 1.6180 3.9007 2.3105 0.9173 60.6608 -5.1188 -0.3864
Car -1 -1 -7.9678 612.1946 175.7867 637.8019 196.4090 1.6358 1.6547 3.9760 1.3662 0.8880 59.0767 -7.9452 -1.4826
Car -1 -1 -8.1962 592.6646 178.6941 646.8468 207.8791 1.4960 1.6330 4.1535 0.5556 1.1618 39.0763 -8.1825 -1.5624
Car -1 -1 -4.6217 542.0981 178.0887 568.3942 199.2573 1.5084 1.5818 4.0949 -3.8765 1.0007 53.2859 -4.6943 -1.5991
Car -1 -1 -7.8510 636.0052 181.0090 665.8489 209.2558 1.4429 1.5236 3.1833 2.2702 1.2282 38.3565 -7.7928 -1.7117
Car -1 -1 -7.9322 614.7177 178.8862 642.7592 201.5383 1.5451 1.6626 4.1827 1.4305 1.1135 51.1650 -7.9049 -1.7470
Car -1 -1 -4.5595 363.8066 183.1334 426.7094 226.1275 1.5118 1.6598 4.3063 -8.0784 1.4387 27.5197 -4.8428 -1.8633
Car -1 -1 -4.4684 534.5573 178.7336 583.3569 213.9252 1.5612 1.5855 3.0346 -2.2666 1.2738 33.5230 -4.5358 -2.7009
Car -1 -1 -4.5127 0.0000 169.7106 23.7966 194.3090 1.5309 1.6114 3.7441 -39.4778 0.5661 46.7685 -5.2111 -2.8001
Car -1 -1 -7.0375 681.7341 190.6646 830.6349 253.5641 1.4291 1.6257 3.5596 3.7439 1.5799 18.2441 -6.8386 -3.0119
Car -1 -1 -4.6679 542.8936 186.3401 574.0406 212.2295 1.4190 1.6267 3.8704 -2.8355 1.4872 41.5252 -4.7361 -3.1320
Car -1 -1 -4.7643 634.3873 175.1039 652.0211 189.8187 1.4279 1.5594 3.6698 3.5009 0.4468 71.5926 -4.7160 -3.3385
Car -1 -1 -8.1239 639.8325 183.1330 683.3494 209.5496 1.4201 1.5235 3.6357 2.9580 1.3083 40.5758 -8.0521 -3.6135
Car -1 -1 -7.8813 335.9591 185.3158 385.0974 227.2050 1.4320 1.6084 3.8776 -9.2670 1.4361 26.6818 -8.2129 -3.6491
Car -1 -1 -4.7124 597.6296 178.6320 624.2546 203.7296 1.5665 1.6619 3.9032 0.1772 1.1557 46.8219 -4.7091 -4.0372
Car -1 -1 -7.6701 667.6027 182.9181 711.7551 212.3199 1.3834 1.5494 3.6456 4.0904 1.2754 35.7917 -7.5576 -4.3286
Car -1 -1 -7.5752 276.8534 171.6830 324.8024 199.0098 1.4984 1.5923 3.6261 -17.6070 0.7565 41.3134 -7.9760 -4.4337
Car -1 -1 -5.1168 533.0571 185.6398 581.0660 208.2645 1.4030 1.6251 4.1183 -3.3799 1.4321 46.8632 -5.1889 -4.4606
Car -1 -1 -4.7699 401.6255 181.7912 462.3827 228.8262 1.3825 1.6686 4.1839 -5.8335 1.2820 23.3737 -5.0121 -4.7719
Car -1 -1 -4.7594 378.0804 181.1497 409.3468 205.6021 1.4816 1.7083 4.3294 -13.7271 1.2354 45.8823 -5.0488 -5.0264
Car -1 -1 -2.1413 0.0000 171.1932 1.7195 196.7372 1.5450 1.8761 4.4776 -40.6155 0.6970 44.9778 -2.8730 -5.0675
Car -1 -1 -4.9961 656.6444 185.2722 698.7210 208.4579 1.3681 1.6531 3.5149 4.2356 1.3719 44.3068 -4.9018 -5.0784
Car -1 -1 -4.1731 556.8480 176.1751 611.0935 202.1380 1.6566 1.6788 4.2674 -1.5632 1.0799 48.1400 -4.2058 -5.0840
Car -1 -1 -7.6896 494.3172 178.5459 544.0504 216.2694 1.6900 1.6495 4.5087 -4.2094 1.3914 34.4932 -7.8106 -5.2576
Car -1 -1 -4.4879 363.5135 182.1044 398.9963 204.5370 1.4448 1.4959 3.6230 -15.1548 1.2445 48.1628 -4.7915 -5.3393
Car -1 -1 -4.9436 371.6021 165.4909 402.8090 185.2264 1.4909 1.5468 3.6156 -17.3041 0.0010 56.2555 -5.2409 -5.3446
Car -1 -1 -4.6329 409.1447 181.5504 462.2859 221.0402 1.4251 1.6853 4.2085 -6.6964 1.2930 28.1497 -4.8646 -5.6097
Car -1 -1 -8.0338 574.4312 172.5075 609.0426 197.3926 1.7006 1.7552 4.1054 -1.2105 0.8323 51.3140 -8.0577 -5.7193
Car -1 -1 -2.1993 0.0000 121.1880 0.5696 185.1862 1.5955 1.6386 3.8431 -18.5843 -0.0007 19.0674 -2.9644 -5.8276
Car -1 -1 -4.7088 446.0349 179.8851 484.3033 213.6238 1.4689 1.6427 4.1939 -6.6730 1.2370 33.5121 -4.9042 -5.8282
Car -1 -1 -4.0037 0.0581 186.2758 215.4648 268.2959 1.4920 1.6183 3.7734 -10.2852 1.5173 15.0964 -4.5937 -5.8485
Car -1 -1 -4.1047 178.6945 182.0759 316.1709 236.7059 1.4915 1.6684 4.0847 -10.7778 1.4059 21.7711 -4.5597 -5.8782
Car -1 -1 -6.9170 0.0000 0.0000 1240.0000 375.0000 1.5447 1.5881 3.8036 -2.1144 1.6295 1.0148 -7.9391 -5.8867
Car -1 -1 -3.5047 0.0000 194.0336 0.0000 375.0000 1.4927 1.6036 3.9537 -7.0949 1.5484 2.5408 -4.6975 -5.8867
Car -1 -1 -3.9359 0.0000 190.4207 74.8792 288.2736 1.4503 1.6318 3.9985 -11.9644 1.5586 12.8998 -4.6734 -5.8938
Car -1 -1 -4.2129 565.9514 176.6615 607.1583 194.4278 1.3911 1.5325 4.1938 -1.6991 0.7215 58.5048 -4.2422 -5.9093
Car -1 -1 -4.5418 272.5984 182.6083 340.7050 224.5411 1.4066 1.5828 4.2827 -10.9831 1.3193 26.3756 -4.9331 -6.0945
Car -1 -1 -4.6400 441.5053 180.7752 515.0919 243.4990 1.7410 1.8959 4.8724 -3.9636 1.6179 22.4723 -4.8130 -6.5803
