Car -1 -1 -7.8234 553.1877 172.2134 626.7097 239.7719 1.6021 1.7444 3.8510 -0.4605 1.2939 18.9779 -7.8477 6.8835
Car -1 -1 -7.6797 384.4503 189.0876 501.9365 264.2206 1.3037 1.6054 4.3118 -3.2803 1.3958 14.8846 -7.8931 5.8969
Car -1 -1 -7.7202 454.8307 177.8167 528.2352 231.5565 1.4604 1.6202 4.2306 -3.4404 1.2594 21.6672 -7.8761 4.9634
Car -1 -1 -7.7689 493.4655 176.9912 542.9740 217.8669 1.5193 1.6226 4.0809 -3.5549 1.2137 28.7874 -7.8910 3.8699
Car -1 -1 -7.5767 413.0132 174.9017 467.4526 206.6398 1.4602 1.5876 3.8434 -8.1287 0.9859 35.0331 -7.8033 2.2479
Car -1 -1 -7.6823 519.1488 174.4685 563.5359 206.8163 1.5837 1.6301 4.0043 -3.4163 1.0577 37.2556 -7.7735 1.7965
Car -1 -1 -7.5971 457.7076 174.8192 494.3214 197.1607 1.4392 1.5486 3.5989 -8.8072 0.7696 48.1597 -7.7773 0.4717
Car -1 -1 -7.8250 620.0446 171.5416 651.6007 201.1850 1.6121 1.6907 4.4808 1.6329 0.8686 41.3858 -7.7862 -0.4784
Car -1 -1 -7.8194 490.2472 165.4216 511.0300 185.0498 1.7164 1.7130 4.4352 -9.6945 -0.0154 65.2012 -7.9667 -1.2349
Car -1 -1 -4.5235 607.9811 173.3685 644.1295 198.4720 1.5298 1.5962 3.9605 1.1860 0.8080 45.9126 -4.4982 -1.4963
Car -1 -1 -3.6997 252.3857 183.4156 437.3770 253.6816 1.4342 1.5786 3.7480 -6.0060 1.3976 16.6308 -4.0414 -1.9315
Car -1 -1 -4.5735 587.7211 172.4302 622.3163 198.4486 1.5959 1.6707 4.1509 -0.1563 0.8119 46.2630 -4.5773 -2.0221
Car -1 -1 -8.0515 433.9924 170.6750 461.2374 188.2925 1.5115 1.6436 3.7936 -14.2401 0.2641 63.7436 -8.2707 -2.4615
Car -1 -1 -4.5923 512.0878 184.0132 543.8930 208.7389 1.5177 1.5956 3.6592 -5.0869 1.4441 45.9628 -4.7024 -2.9307
Car -1 -1 -7.7074 198.2560 189.1382 314.3412 271.5900 1.3572 1.4952 3.3513 -6.6655 1.4428 13.8271 -8.1492 -3.1859
Car -1 -1 -7.5502 450.9601 171.7432 480.0098 188.2419 1.4263 1.5621 3.4952 -12.6398 0.2618 63.9685 -7.7448 -3.2813
Car -1 -1 -7.6968 534.5386 157.3361 561.0360 178.2312 1.6855 1.6610 3.9252 -5.0984 -0.6156 61.3533 -7.7796 -3.2869
Car -1 -1 -7.8623 632.6010 177.7077 668.2668 210.8474 1.4342 1.5427 3.6380 1.8974 1.1095 32.9650 -7.8057 -3.2949
Car -1 -1 -5.0308 582.7429 172.8979 629.7132 199.8900 1.4630 1.5891 3.7003 -0.1672 0.7955 40.9696 -5.0353 -3.5413
Car -1 -1 -8.3438 614.0467 180.3660 682.0464 210.0332 1.3844 1.6125 4.1245 1.8966 1.1582 35.7533 -8.2917 -3.5862
Car -1 -1 -4.8033 641.4937 168.2514 665.5236 188.5044 1.6365 1.6556 3.7986 3.7717 0.2659 60.0061 -4.7412 -3.6393
Car -1 -1 -7.8371 679.4814 174.8785 712.4017 204.4823 1.5083 1.6701 3.9787 4.7429 0.9818 38.7113 -7.7165 -3.7748
Car -1 -1 -8.1557 547.3937 175.7114 604.5079 206.4976 1.5267 1.7473 4.5074 -1.7898 1.0556 38.0661 -8.2028 -4.0811
Car -1 -1 -7.8891 525.4849 178.8497 564.1661 213.6143 1.4498 1.5671 3.9657 -2.8935 1.1845 32.0440 -7.9788 -4.3312
Car -1 -1 -4.9289 290.9702 188.9860 406.8300 267.4180 1.3589 1.4861 3.4151 -5.3470 1.4446 14.4714 -5.2771 -4.4747
Car -1 -1 -4.5042 671.6547 174.1002 718.2798 207.2916 1.5382 1.4999 3.9651 4.3163 1.0232 35.4328 -4.3843 -4.7166
Car -1 -1 -4.6609 655.1245 170.5355 680.3973 194.4410 1.5492 1.5343 3.1766 4.0290 0.5980 48.2612 -4.5785 -4.8284
Car -1 -1 -2.4528 12.5427 189.4954 413.7289 333.4212 1.5053 1.6983 4.2458 -4.8052 1.5657 8.8550 -2.9376 -4.8802
Car -1 -1 -4.2900 449.1398 176.4608 520.5229 211.1258 1.4672 1.6213 4.1753 -5.5305 1.0968 32.6496 -4.4568 -6.1611
