Car -1 -1 -7.8424 559.0576 178.0989 621.0659 235.1166 1.6068 1.7481 3.8721 -0.5736 1.4064 22.2060 -7.8684 8.2669
Car -1 -1 -7.4966 128.3479 192.4036 440.6575 374.7007 1.4634 1.6388 4.2566 -3.2244 1.5657 8.0768 -7.8654 7.0576
Car -1 -1 -7.3768 132.5938 183.3396 312.0435 270.3885 1.5541 1.6149 3.8550 -7.7269 1.5208 14.7630 -7.8518 5.8186
Car -1 -1 -7.6579 396.1003 177.1265 508.9371 263.4931 1.6323 1.6016 4.0799 -3.2659 1.4795 15.6313 -7.8609 5.5582
Car -1 -1 -7.7434 493.9511 178.9323 550.4460 223.3024 1.5841 1.6986 4.3358 -3.2692 1.3600 27.8378 -7.8596 5.3869
Car -1 -1 -7.4435 305.9769 183.8099 373.1763 215.7849 1.4052 1.5734 3.7182 -12.4472 1.3436 33.4929 -7.7971 5.1684
Car -1 -1 -7.5646 351.3243 178.8981 429.6035 225.2151 1.5838 1.6532 4.1333 -7.9850 1.3679 26.6487 -7.8533 4.8199
Car -1 -1 -7.8634 535.4675 181.9436 557.9548 201.7429 1.4125 1.6011 4.0280 -4.5740 1.1792 53.3656 -7.9489 0.3333
Car -1 -1 -7.7577 474.3030 178.0576 502.0622 199.6678 1.5702 1.6837 4.1013 -9.0179 1.0502 54.3348 -7.9218 0.1765
Car -1 -1 -6.7562 0.0000 0.0000 1240.0000 375.0000 1.4847 1.5922 3.8167 -3.4358 1.6323 1.6829 -7.8085 -1.1355
Car -1 -1 -4.5903 381.3167 169.4855 407.6044 188.1456 1.4910 1.6344 3.7753 -17.6154 0.2343 59.4353 -4.8774 -1.4893
Car -1 -1 -3.7199 602.2665 178.6099 653.7566 197.4539 1.5034 1.6922 3.9503 1.6598 0.9765 59.1058 -3.6924 -1.5921
Car -1 -1 -4.8504 598.4968 179.2207 633.6162 205.5100 1.4926 1.5774 3.7577 0.4213 1.1524 42.7772 -4.8410 -1.6663
Car -1 -1 -7.7742 438.0340 172.7033 473.7015 201.5664 1.5280 1.6290 4.0628 -8.4674 0.8657 40.1735 -7.9809 -1.9099
Car -1 -1 -7.6396 408.1987 179.6904 441.6411 203.0111 1.5901 1.5394 3.7088 -12.9238 1.2135 50.8928 -7.8874 -2.3349
Car -1 -1 -3.3851 688.3680 178.0038 768.8657 212.7052 1.5884 1.5588 3.4575 5.6141 1.2585 33.8218 -3.2224 -2.6371
Car -1 -1 -7.5414 0.0000 0.0000 1240.0000 375.0000 1.4439 1.5860 3.9683 -1.8623 1.5989 1.5522 -8.3357 -2.6948
Car -1 -1 -8.0905 593.2385 178.3172 618.6570 193.4232 1.4542 1.6377 3.9405 -0.2170 0.7903 71.3096 -8.0940 -3.0116
Car -1 -1 -7.4308 412.4173 171.3242 443.5542 187.3691 1.5205 1.6350 3.5330 -17.4809 0.2042 70.0065 -7.6749 -3.0891
Car -1 -1 -4.5985 358.5354 165.7549 389.8752 189.2028 1.6526 1.7293 4.1403 -17.1496 0.2812 52.8662 -4.9109 -3.4181
Car -1 -1 -5.2518 639.6198 177.4405 688.7484 197.0173 1.5129 1.8114 4.6557 4.4809 0.9122 58.0392 -5.1755 -3.4303
Car -1 -1 -2.9262 429.9193 178.0471 490.7960 200.7803 1.6257 1.6991 4.0690 -10.7083 1.1132 52.2852 -3.1276 -3.4618
Car -1 -1 -4.2624 618.0259 176.7501 674.3694 203.9942 1.5744 1.6719 4.4421 2.3787 1.0853 43.8893 -4.2090 -3.4778
Car -1 -1 -5.0800 538.7818 182.5578 614.3024 223.0609 1.4762 1.6176 4.0424 -1.3531 1.3795 28.3763 -5.1277 -3.5411
Car -1 -1 -3.9552 572.9738 177.1078 622.6595 198.2917 1.6222 1.7486 3.8946 -0.7784 1.0015 57.0730 -3.9692 -3.6132
Car -1 -1 -3.2736 534.3250 180.6698 610.6344 210.1541 1.5486 1.6092 3.9454 -1.9649 1.3100 38.9069 -3.3242 -3.6170
Car -1 -1 -4.6615 622.1428 179.3998 655.4477 208.6753 1.5338 1.6401 4.0828 1.7306 1.2292 39.7703 -4.6188 -3.6177
Car -1 -1 -5.1993 612.1428 177.2428 656.0579 198.2247 1.5895 1.7229 4.1275 2.0137 0.9857 56.6916 -5.1644 -4.2200
Car -1 -1 -7.5593 649.0193 176.6378 677.2036 193.9281 1.6035 1.6159 3.9495 5.3189 0.8081 68.7987 -7.4829 -4.9925
Car -1 -1 -4.4845 180.8874 189.2207 367.8398 303.5881 1.4358 1.6409 4.5580 -5.1145 1.5138 11.5811 -4.8921 -5.5178
Car -1 -1 -4.8551 579.9565 176.6635 604.9229 198.2647 1.7224 1.6062 3.1964 -1.2997 1.0407 59.0285 -4.8774 -5.6774
Car -1 -1 -4.6881 182.6044 186.9268 254.7580 242.4318 1.4563 1.7125 4.2469 -11.4732 1.5125 21.2829 -5.1776 -5.8070
Car -1 -1 -4.6843 200.2660 183.4133 280.2059 246.6534 1.4422 1.6595 4.1385 -9.4664 1.4013 18.6197 -5.1491 -5.8193
Car -1 -1 -7.6097 368.8717 179.9919 462.9410 235.4642 1.4129 1.6410 3.9382 -5.3322 1.2800 20.2872 -7.8637 -5.9466
Car -1 -1 -5.7865 402.5914 163.7074 462.1143 185.0897 1.7521 1.7398 4.5796 -14.7300 -0.0107 60.3466 -6.0251 -6.3157
