Car -1 -1 -7.8741 556.1052 179.0272 610.1140 227.5346 1.5799 1.7625 3.8626 -0.9590 1.3785 25.3926 -7.9119 7.8357
Car -1 -1 -7.6833 428.1489 177.6727 523.7432 247.4884 1.6496 1.7815 4.2480 -3.4112 1.4715 19.1125 -7.8579 7.1363
Car -1 -1 -7.4265 194.6646 178.2637 344.8670 256.9637 1.6482 1.7060 3.9356 -7.8483 1.5027 17.0234 -7.8528 6.9641
Car -1 -1 -7.6096 365.6402 182.8078 431.9839 222.4558 1.4926 1.6836 3.8349 -8.3819 1.4021 29.0072 -7.8888 6.5662
Car -1 -1 -7.7411 490.3967 182.0535 535.2961 216.1348 1.4473 1.5956 3.7236 -4.2571 1.3131 32.4012 -7.8711 4.8142
Car -1 -1 -7.5590 329.7408 182.6957 386.0319 211.7615 1.4171 1.6320 4.0431 -12.8486 1.2944 37.0973 -7.8906 3.8950
Car -1 -1 -7.1778 0.0000 185.6590 312.9848 375.0000 1.5708 1.6428 3.7587 -3.1769 1.5744 3.7100 -7.8508 3.8148
Car -1 -1 -7.4043 175.7101 186.0633 283.0658 232.0699 1.4050 1.5960 3.9528 -12.5401 1.4358 24.0238 -7.8810 3.3532
Car -1 -1 -7.8138 522.8630 182.7210 550.8265 206.1462 1.3971 1.5812 3.9930 -4.4186 1.2485 44.9122 -7.9117 3.1958
Car -1 -1 -7.8015 436.1696 178.9952 468.5904 206.2354 1.5073 1.6400 3.8884 -9.0245 1.1632 41.8256 -8.0130 1.3511
Car -1 -1 -7.1211 0.0000 190.1497 87.6239 276.4272 1.4405 1.5765 3.4288 -12.1875 1.5482 13.9332 -7.8304 0.6588
Car -1 -1 -7.8614 398.3717 182.8162 433.9589 214.0248 1.4491 1.6072 3.8389 -9.4917 1.3379 35.4423 -8.1215 -0.5209
Car -1 -1 -4.4344 272.8048 183.2331 338.0797 220.0655 1.4782 1.6086 3.7181 -12.8995 1.3988 30.7896 -4.8284 -2.1368
Car -1 -1 -8.0967 594.0530 177.6282 624.5258 196.8796 1.4903 1.6015 3.6670 0.0713 0.9031 57.6203 -8.0959 -2.1736
Car -1 -1 -7.8462 621.0308 180.8055 650.0916 207.1788 1.4632 1.6125 3.9195 1.6001 1.2187 41.8758 -7.8087 -2.4072
Car -1 -1 -4.7957 123.8499 172.2038 151.9924 192.7127 1.6668 1.6580 4.0237 -39.5918 0.6095 60.5198 -5.3732 -2.5013
Car -1 -1 -7.7744 345.2547 164.8536 375.7715 189.2056 1.6362 1.6952 4.2151 -17.3621 0.2682 50.5508 -8.1038 -2.6418
Car -1 -1 -4.5756 603.4066 180.8888 631.4263 203.2401 1.4886 1.4766 3.5108 0.6757 1.2006 49.7215 -4.5625 -3.1113
Car -1 -1 -7.6775 370.3318 169.1310 400.3522 189.7270 1.5660 1.6354 3.6760 -17.4848 0.3432 56.5812 -7.9761 -3.5330
Car -1 -1 -4.8480 602.5297 179.0312 636.0444 204.7104 1.5681 1.6074 3.9931 0.6665 1.1906 45.9768 -4.8341 -3.6336
Car -1 -1 -4.5331 448.2511 183.9473 486.4347 210.4843 1.6884 1.8086 3.9682 -9.2960 1.6078 47.7313 -4.7248 -3.7407
Car -1 -1 -4.7620 84.6580 173.6880 111.1321 194.9348 1.6455 1.5648 3.3926 -40.8106 0.7529 57.4915 -5.3773 -3.9924
Car -1 -1 -8.0231 566.5620 175.0830 590.4030 192.6241 1.6156 1.6267 3.8827 -2.8188 0.6825 68.2785 -8.0646 -4.1792
Car -1 -1 -4.1585 0.0000 189.2850 146.1223 284.6340 1.4779 1.5762 3.7809 -10.4238 1.5643 13.2710 -4.8147 -4.2603
Car -1 -1 -4.8130 594.0925 177.5928 628.8467 206.2518 1.5828 1.6044 4.1164 0.1381 1.1619 41.8274 -4.8102 -4.3136
Car -1 -1 -4.8078 399.7591 167.5539 422.0869 186.9854 1.6519 1.5503 3.6249 -17.3079 0.1506 63.0799 -5.0748 -4.8931
Car -1 -1 -4.4416 0.0000 187.9940 48.7056 261.6964 1.4837 1.6910 4.2071 -14.8214 1.5580 16.9055 -5.1537 -5.5556
Car -1 -1 -2.7330 268.2938 175.0577 339.0754 200.8519 1.4712 1.5366 3.4652 -17.6690 0.8920 41.7868 -3.1310 -5.8542
Car -1 -1 -4.5105 218.5990 186.8139 315.4314 241.8629 1.4283 1.6736 4.5137 -9.9247 1.4809 21.1793 -4.9442 -5.9847
Car -1 -1 -4.6100 445.5088 184.2114 503.4126 224.4325 1.3964 1.6909 4.6081 -5.0126 1.3617 27.3207 -4.7901 -6.2071
Car -1 -1 -4.7984 652.3797 176.7172 676.8547 199.0064 1.6599 1.5836 3.3564 4.3195 1.0272 55.2198 -4.7212 -6.4835
