Car -1 -1 -7.8260 553.4008 173.1857 627.2493 240.0775 1.5812 1.7462 3.8281 -0.4547 1.2970 18.9103 -7.8501 7.4888
Car -1 -1 -7.7515 478.8919 179.4662 537.3900 222.7922 1.4224 1.6394 4.2846 -3.5254 1.2338 25.7674 -7.8865 5.4815
Car -1 -1 -7.6970 430.5664 184.8370 519.7353 242.5906 1.3475 1.6350 4.3052 -3.4077 1.3388 18.9403 -7.8729 5.3121
Car -1 -1 -7.7255 503.2443 173.0020 549.5245 211.1498 1.6410 1.6385 3.6686 -3.6884 1.1158 32.7708 -7.8370 3.8873
Car -1 -1 -7.7586 524.7048 174.9023 558.7212 203.0109 1.5272 1.5867 3.6568 -3.7445 0.9670 40.8886 -7.8497 1.9042
Car -1 -1 -7.7577 466.2176 175.8654 494.0890 197.3617 1.4575 1.5883 3.6590 -8.9737 0.8237 50.6275 -7.9325 1.2623
Car -1 -1 -4.8726 625.1244 171.8370 672.8627 207.6139 1.6348 1.6714 4.0839 1.9057 1.0236 34.9666 -4.8190 0.0410
Car -1 -1 -7.8479 497.2193 172.9615 514.9407 189.7899 1.5369 1.6053 3.7904 -9.5647 0.4179 67.6365 -7.9881 -0.9132
Car -1 -1 -7.6529 534.7693 158.4887 561.8217 178.0949 1.6341 1.6467 3.8243 -5.2204 -0.6472 63.3590 -7.7349 -1.0681
Car -1 -1 -4.9550 656.7957 179.3592 697.4898 203.8214 1.4248 1.6030 3.7577 4.1543 1.0839 43.8471 -4.8616 -2.4557
Car -1 -1 -4.9978 617.0247 170.0706 647.2870 188.0623 1.5662 1.6587 3.9936 2.1479 0.2480 64.7167 -4.9651 -3.2479
Car -1 -1 -7.7069 532.8184 174.7524 579.3493 211.7950 1.5887 1.5884 3.6987 -2.3328 1.1401 32.7347 -7.7778 -3.3290
Car -1 -1 -7.2853 265.4455 184.2744 428.7794 260.7851 1.4120 1.5716 3.5079 -5.3728 1.3948 15.1546 -7.6207 -3.4065
Car -1 -1 -4.7166 637.8311 179.6801 677.2501 217.6114 1.4330 1.4881 3.5805 1.9517 1.2240 28.9907 -4.6505 -3.7304
Car -1 -1 -5.1069 528.2131 175.2650 584.4999 206.0529 1.5191 1.6913 3.5236 -2.7563 1.0283 37.4238 -5.1803 -3.8295
Car -1 -1 -2.8555 540.8352 177.7061 641.0516 213.6625 1.4447 1.6132 3.9092 -0.7261 1.1432 30.1691 -2.8797 -3.8315
Car -1 -1 -7.8433 623.2976 173.7557 656.5944 205.3878 1.5980 1.6826 4.4773 1.7142 1.0192 38.5973 -7.7996 -4.0502
Car -1 -1 -7.9859 614.8635 172.7487 648.5123 197.9881 1.5186 1.6176 3.8168 1.4357 0.7687 45.2333 -7.9548 -4.0645
Car -1 -1 -7.5704 370.2737 186.4589 464.8037 242.6029 1.3327 1.4849 3.4267 -4.9322 1.3685 18.8766 -7.8228 -4.1555
Car -1 -1 -6.3948 661.7000 176.5428 723.4564 201.1837 1.5454 1.7195 3.7475 5.3575 1.0016 45.9490 -6.2798 -4.3391
Car -1 -1 -8.0111 493.5632 177.2416 535.7352 203.6386 1.3938 1.7296 3.9392 -5.2724 0.9729 40.0896 -8.1413 -4.4738
Car -1 -1 -4.7156 594.9307 170.5935 625.8135 198.4836 1.5429 1.7085 4.5659 0.1105 0.7342 42.0519 -4.7134 -4.4927
Car -1 -1 -4.2052 484.4209 174.9675 551.3112 204.5998 1.4515 1.6629 4.1188 -4.6403 0.9496 37.4325 -4.3280 -4.5824
Car -1 -1 -5.2840 584.0433 175.6013 633.1707 198.9591 1.5336 1.6078 3.7045 -0.0047 0.9025 49.1908 -5.2845 -4.6312
Car -1 -1 -7.3675 544.4941 160.6024 583.6130 179.9622 1.6049 1.7254 4.0585 -3.8029 -0.4763 62.9935 -7.4277 -4.6650
Car -1 -1 -5.1602 560.7752 174.2445 624.0659 203.9591 1.4437 1.6883 4.0021 -0.8869 0.9108 37.0916 -5.1843 -4.6766
Car -1 -1 -4.9162 638.2748 174.2170 670.0376 195.4952 1.6306 1.7410 3.9881 3.6318 0.7879 57.1837 -4.8535 -4.7978
Car -1 -1 -3.7511 207.8431 185.6524 405.1733 261.3776 1.4688 1.5865 3.8234 -6.5959 1.4800 16.0025 -4.1364 -5.3731
Car -1 -1 -4.7587 636.6882 175.9330 666.5414 202.1457 1.4949 1.5832 4.1095 2.5549 0.9656 43.0593 -4.7002 -5.4444
Car -1 -1 -4.5568 809.2832 169.6104 883.2639 220.2253 1.4284 1.6111 3.9373 7.4600 0.9881 22.4057 -4.2395 -5.6497
Car -1 -1 -2.5135 159.1537 194.5716 429.8208 291.8172 1.3453 1.5336 3.7328 -4.9318 1.5081 11.3346 -2.9155 -5.6713
Car -1 -1 -4.7243 871.2975 169.1118 945.7855 230.0203 1.4231 1.6340 3.7869 7.7785 1.0470 18.8565 -4.3387 -5.7654
Car -1 -1 -4.4116 0.0000 190.2859 181.5971 375.0000 1.3382 1.7002 4.1313 -4.6770 1.3930 5.5147 -5.0909 -5.7761
Car -1 -1 -2.2698 1.5685 195.0763 350.6121 343.7016 1.4778 1.5764 3.7904 -5.2596 1.6163 8.7085 -2.7998 -5.8863
Car -1 -1 -6.9141 0.0000 0.0000 1240.0000 375.0000 1.4968 1.5937 3.9008 -4.5540 1.4651 1.3037 -8.1505 -5.8867
