Car -1 -1 -7.8550 555.9479 173.2832 627.0281 239.0000 1.5943 1.7263 3.7868 -0.4939 1.3050 19.3557 -7.8806 7.1250
Car -1 -1 -7.6988 425.5086 180.5935 517.0354 246.2857 1.4745 1.6254 4.2505 -3.3831 1.3709 18.2807 -7.8795 6.6829
Car -1 -1 -7.6161 306.6886 193.2104 478.6158 297.0135 1.3029 1.5961 4.2801 -3.2424 1.4552 11.5197 -7.8847 6.5397
Car -1 -1 -7.4945 281.8238 177.1536 386.3746 236.7144 1.5779 1.6111 3.7391 -7.8733 1.3644 20.9159 -7.8506 5.9759
Car -1 -1 -7.7154 476.4152 174.0611 539.6677 224.2610 1.6285 1.6492 4.1388 -3.4745 1.2668 25.3917 -7.8504 3.7079
Car -1 -1 -7.5509 347.2794 178.1761 399.4238 205.4671 1.4234 1.6196 3.9207 -12.8284 1.0564 39.4614 -7.8635 3.5694
Car -1 -1 -7.6393 399.5639 175.6392 456.4728 210.1222 1.4898 1.6939 4.1481 -8.2435 1.0762 33.1530 -7.8814 3.1190
Car -1 -1 -7.7987 516.9960 177.3456 556.1176 210.9225 1.5165 1.6457 4.1188 -3.4020 1.1612 34.5588 -7.8964 2.9287
Car -1 -1 -7.6836 590.8845 174.7971 628.9498 201.8996 1.5306 1.6302 3.8560 0.1450 0.9424 42.6381 -7.6806 -0.1013
Car -1 -1 -7.6933 454.5507 178.6693 489.7476 203.7085 1.5407 1.6098 3.9645 -8.6996 1.1381 46.2341 -7.8786 -0.2498
Car -1 -1 -4.7914 532.1743 158.4861 555.7698 179.1495 1.6121 1.6244 4.0560 -5.3242 -0.5197 59.4731 -4.8804 -0.6010
Car -1 -1 -8.0548 614.2089 171.6702 660.9241 204.2496 1.6186 1.6424 4.1984 1.4760 0.9458 37.9183 -8.0166 -0.8198
Car -1 -1 -4.9932 436.3081 171.6665 467.3988 191.4432 1.6119 1.6086 3.6546 -13.1805 0.5077 60.5799 -5.2069 -1.5132
Car -1 -1 -3.9984 394.8446 175.3651 454.7617 198.2501 1.5432 1.7044 4.2940 -12.8818 0.8791 50.7745 -4.2459 -2.3701
Car -1 -1 -4.4755 531.0809 182.1348 579.1454 210.5678 1.4161 1.5906 4.2097 -2.7518 1.2628 38.0094 -4.5476 -2.6317
Car -1 -1 -7.8654 689.3837 177.1239 724.6874 207.3938 1.4044 1.6274 4.0373 4.8269 1.0291 35.4539 -7.7316 -2.8860
Car -1 -1 -4.7128 384.3554 174.5940 408.8770 196.5729 1.4779 1.5898 3.7385 -14.8110 0.7639 50.3562 -4.9977 -3.1084
Car -1 -1 -4.9717 633.2549 177.6861 664.2374 196.7872 1.5457 1.6874 3.7051 3.3787 0.9365 60.1550 -4.9163 -3.2161
Car -1 -1 -4.7377 382.8131 164.7897 406.5759 185.9899 1.7105 1.8017 4.3572 -17.9322 0.0626 60.3486 -5.0255 -3.3308
Car -1 -1 -4.3878 622.9826 173.7210 654.9444 192.3576 1.6353 1.7015 4.0449 2.8567 0.6268 65.2693 -4.3447 -3.4042
Car -1 -1 -7.4805 574.7630 176.1351 632.7642 207.0379 1.5451 1.6651 4.2014 -0.1784 1.0912 38.2009 -7.4856 -3.4385
Car -1 -1 -4.9003 658.6838 172.8822 695.6321 200.6736 1.5683 1.5562 3.3459 4.0134 0.8725 42.3042 -4.8067 -3.8485
Car -1 -1 -4.6366 631.2455 174.7778 651.2516 191.0329 1.5110 1.6207 4.0150 3.2279 0.5409 68.9106 -4.5904 -3.9410
Car -1 -1 -8.1155 541.2966 177.5329 598.1598 210.0778 1.4765 1.6741 4.3671 -1.9563 1.1281 34.9492 -8.1714 -3.9829
Car -1 -1 -7.8000 376.7195 178.4232 401.4653 199.8134 1.5941 1.6293 3.7466 -16.8929 1.0880 55.5848 -8.0940 -4.1810
Car -1 -1 -7.7878 520.7341 174.4443 574.1913 224.4077 1.6434 1.6384 3.9590 -2.1192 1.2893 25.6370 -7.8698 -4.3739
Car -1 -1 -3.6145 600.4136 174.5293 659.4877 196.5663 1.5783 1.6947 4.0340 1.6224 0.8131 53.1135 -3.5845 -4.3871
Car -1 -1 -7.6605 486.1992 180.2460 544.6604 218.6874 1.4476 1.5953 4.0620 -3.7041 1.2606 29.1507 -7.7861 -4.6226
Car -1 -1 -5.7790 311.6187 165.8500 373.1887 190.1966 1.6911 1.6593 3.7697 -18.8398 0.3461 51.0374 -6.1311 -5.0705
Car -1 -1 -2.1326 0.0000 186.3559 304.3443 375.0000 1.5982 1.7446 4.4017 -4.8831 1.6098 5.7030 -2.8177 -5.2539
Car -1 -1 -2.7836 245.1931 164.4755 339.3458 196.0835 1.7642 1.8647 4.5760 -18.0322 0.6067 41.1741 -3.1942 -5.9486
Car -1 -1 -4.2486 196.6387 179.3234 373.9778 270.2572 1.4830 1.5885 3.5518 -5.9144 1.3870 13.5429 -4.6533 -6.2734
