Car -1 -1 -7.6782 431.6347 183.8678 511.6947 238.3486 1.4776 1.6890 3.8146 -3.9931 1.4412 21.4098 -7.8608 6.8420
Car -1 -1 -7.4655 83.5476 176.0701 436.0313 375.0000 1.6551 1.7027 4.1459 -3.2061 1.5855 7.5553 -7.8545 6.7167
Car -1 -1 -7.7267 501.7209 183.6913 548.7706 216.5511 1.4369 1.6431 4.3642 -3.8256 1.3704 33.6279 -7.8395 6.6434
Car -1 -1 -7.8198 566.6125 178.6066 610.8453 219.8669 1.6191 1.7250 3.7961 -0.7784 1.3599 30.1142 -7.8458 6.6074
Car -1 -1 -7.5661 330.3407 179.9763 411.7649 228.7868 1.5707 1.6426 3.9184 -8.2003 1.4023 25.1122 -7.8790 5.6794
Car -1 -1 -7.3241 30.0956 189.9994 254.9507 287.2785 1.4430 1.5961 3.8040 -8.0179 1.5409 12.7705 -7.8755 4.8888
Car -1 -1 -7.0988 0.0000 190.0435 59.2494 283.6259 1.4326 1.6702 4.1012 -12.5872 1.5357 13.2727 -7.8477 2.8334
Car -1 -1 -7.2902 92.9559 186.5235 237.1971 243.7138 1.4541 1.6220 3.8906 -12.3732 1.4948 20.3297 -7.8313 2.7501
Car -1 -1 -2.8230 351.3235 184.7014 440.3419 219.9001 1.4699 1.6004 3.3341 -9.0955 1.4486 30.8765 -3.1075 2.0624
Car -1 -1 -8.0766 612.2123 181.2982 642.8124 201.6623 1.5504 1.6339 3.6734 1.5043 1.2523 56.6897 -8.0507 0.0407
Car -1 -1 -7.4970 210.3447 188.5888 331.0712 248.3417 1.3914 1.5769 3.9532 -8.7843 1.4902 18.9955 -7.9251 -0.3415
Car -1 -1 -4.3353 320.6089 163.0223 368.2032 188.2010 1.6394 1.6657 4.0286 -17.8520 0.1945 48.8419 -4.6841 -1.0220
Car -1 -1 -4.7792 618.3068 180.2053 652.1857 209.0556 1.5617 1.6456 4.1247 1.4889 1.2907 41.0001 -4.7436 -1.2949
Car -1 -1 -4.1132 522.2610 184.6203 573.3618 207.9945 1.5232 1.6319 3.7526 -4.0573 1.4846 48.8807 -4.1961 -1.3289
Car -1 -1 -7.5008 234.4884 185.2032 312.9257 224.9726 1.4012 1.5265 3.6000 -12.5716 1.4009 27.1811 -7.9306 -1.9065
Car -1 -1 -2.9285 315.4112 180.7811 412.1920 215.4729 1.5352 1.6132 3.9328 -11.1107 1.3392 32.8318 -3.2527 -2.4642
Car -1 -1 -7.0660 381.4032 169.2819 431.7608 190.8048 1.7134 1.6807 3.9773 -16.5858 0.4451 59.3712 -7.3375 -2.6103
Car -1 -1 -4.6691 463.3730 177.7850 483.2278 195.1279 1.5391 1.6181 4.0018 -12.3069 0.8798 65.8911 -4.8534 -3.5763
Car -1 -1 -4.6158 440.6416 177.5125 477.2648 208.7502 1.6300 1.6106 3.7777 -8.1533 1.2282 39.4742 -4.8185 -3.9084
Car -1 -1 -4.8868 300.4134 170.7578 341.9775 198.4815 1.5820 1.6391 4.0645 -17.2802 0.7572 43.1810 -5.2655 -3.9358
Car -1 -1 -4.4768 498.1608 178.8952 524.6097 195.0841 1.5266 1.6361 4.1127 -9.3454 0.9307 69.9170 -4.6096 -3.9892
Car -1 -1 -5.2394 674.0068 173.4790 724.9681 199.8890 1.6570 1.6976 3.6538 5.9381 0.9208 47.1144 -5.1151 -4.5469
Car -1 -1 -7.6615 585.1681 175.9941 623.3289 199.5158 1.5198 1.8001 4.2975 -0.2111 0.9241 48.7249 -7.6662 -4.7706
Car -1 -1 -4.4439 405.5656 172.6221 432.3409 189.9619 1.6353 1.5630 3.7829 -18.2789 0.4478 69.6968 -4.6998 -5.0359
Car -1 -1 -4.7153 294.7414 192.7258 368.7986 252.7375 1.3128 1.5844 3.3322 -6.9559 1.5205 18.0253 -5.0789 -5.0804
Car -1 -1 -4.2751 170.2086 185.0973 383.9311 285.7267 1.4281 1.5816 4.3343 -5.4361 1.4266 12.3929 -4.6807 -5.3280
Car -1 -1 -4.3848 343.3898 164.0586 385.7454 187.0012 1.6000 1.7058 4.0138 -17.6026 0.1247 52.1412 -4.7090 -5.3363
Car -1 -1 -7.2978 0.0000 189.8175 124.8055 282.9948 1.4485 1.5814 3.9413 -10.9993 1.5477 13.4290 -7.9745 -5.4337
Car -1 -1 -4.7090 435.0262 182.6834 468.3926 213.6299 1.4853 1.5727 3.5828 -7.9306 1.3639 36.4181 -4.9223 -5.5399
Car -1 -1 -4.6492 0.0000 204.6911 120.0101 359.7702 1.3606 1.3754 3.1745 -6.6274 1.6355 8.4370 -5.2999 -5.8799
Car -1 -1 -3.6023 0.0000 201.0044 0.0000 375.0000 1.5192 1.6190 3.9654 -4.6862 1.6101 2.1347 -4.6978 -5.8867
Car -1 -1 -4.9508 97.2160 191.7350 227.8140 266.0521 1.4161 1.5863 3.9519 -10.0315 1.5790 15.9935 -5.5037 -6.5130
