Car -1 -1 -7.8547 561.6843 179.1510 621.8532 233.3522 1.5673 1.7414 3.7727 -0.5567 1.3921 22.6952 -7.8794 8.2400
Car -1 -1 -7.4224 0.0000 194.7465 401.5664 375.0000 1.4618 1.5663 4.1495 -3.1648 1.5717 6.1879 -7.8781 6.7153
Car -1 -1 -7.7720 489.3830 178.9483 546.4025 226.1976 1.6033 1.7416 4.2388 -3.2753 1.3907 26.5446 -7.8940 6.0557
Car -1 -1 -7.6471 366.9523 177.2361 499.1263 275.5160 1.6237 1.6498 4.0195 -3.2448 1.4921 13.9014 -7.8725 5.6258
Car -1 -1 -7.4995 295.7679 184.3912 362.7646 218.4959 1.4466 1.6251 3.6840 -12.4816 1.4118 32.3434 -7.8654 5.4792
Car -1 -1 -7.3252 90.9651 181.0003 290.4278 275.5394 1.5317 1.5630 3.6592 -7.6297 1.4636 13.4935 -7.8315 5.1558
Car -1 -1 -7.5185 338.4991 180.0767 426.6642 228.6888 1.5769 1.6553 4.2590 -7.8952 1.4103 25.4776 -7.8163 3.9079
Car -1 -1 -7.7730 473.3208 178.3435 500.7180 200.9085 1.5872 1.6604 3.9945 -8.8210 1.1039 52.6227 -7.9386 3.0775
Car -1 -1 -7.8418 533.5612 182.1760 557.4507 201.9629 1.3800 1.6622 4.3545 -4.5309 1.1682 52.3695 -7.9281 0.2761
Car -1 -1 -7.7171 431.7318 183.5175 472.1053 213.2153 1.5150 1.6261 3.6940 -8.3421 1.4286 38.5754 -7.9290 -0.5444
Car -1 -1 -4.7703 535.1981 180.4074 568.6476 208.6284 1.4592 1.5843 3.9496 -3.1228 1.2108 39.2352 -4.8496 -1.5332
Car -1 -1 -3.1590 114.0299 188.6858 271.5414 241.1759 1.4593 1.6052 4.0318 -12.6024 1.5736 21.9286 -3.6757 -2.5966
Car -1 -1 -7.6141 411.9882 166.6032 440.4200 185.7261 1.7695 1.7048 4.0938 -17.2865 0.0474 68.5694 -7.8604 -2.9997
Car -1 -1 -5.6902 33.4397 164.3167 178.7501 210.4412 1.6292 1.7032 4.1098 -18.2826 0.8911 26.2635 -6.2936 -3.1493
Car -1 -1 -4.9191 504.1224 178.9258 549.1816 208.1616 1.4952 1.6100 4.1032 -4.4820 1.1737 38.9662 -5.0332 -3.3086
Car -1 -1 -4.3431 607.5319 175.8589 639.4084 193.3841 1.6449 1.6777 4.2402 1.5526 0.7668 69.7507 -4.3213 -3.3183
Car -1 -1 -4.7354 652.2371 178.3056 673.7256 198.5047 1.5409 1.5963 3.7981 4.3143 1.0139 56.7780 -4.6603 -3.3870
Car -1 -1 -8.0413 687.3407 176.4310 728.3637 204.9413 1.4798 1.5515 3.6248 5.3700 1.0240 39.1613 -7.9064 -3.5683
Car -1 -1 -7.6475 284.8644 173.4818 314.9281 191.9573 1.5272 1.6217 3.7634 -26.2791 0.5574 61.4247 -8.0505 -3.9023
Car -1 -1 -7.3003 651.3633 175.7501 702.6121 200.6386 1.5610 1.6065 3.7602 4.5431 0.9675 47.0704 -7.2050 -3.9609
Car -1 -1 -4.7909 630.6174 178.2998 655.2010 200.2085 1.6658 1.6287 3.8337 2.7167 1.1401 56.5993 -4.7436 -4.0597
Car -1 -1 -4.2220 0.0000 168.4787 38.2371 193.5365 1.5936 1.6234 3.7316 -39.8190 0.5293 47.7089 -4.9150 -4.0650
Car -1 -1 -6.6541 640.7997 174.3759 754.9362 220.6329 1.5102 1.5874 3.5529 3.0238 1.1565 24.6792 -6.5340 -4.1406
Car -1 -1 -4.1043 0.0000 176.6845 88.2819 208.3494 1.5216 1.7103 4.3399 -28.9278 1.1118 36.7562 -4.7677 -4.3413
Car -1 -1 -4.2900 663.1093 176.2576 715.5224 202.7847 1.5651 1.6741 4.1734 5.0859 1.0367 44.6344 -4.1777 -4.4696
Car -1 -1 -4.7026 581.8481 174.5351 601.1969 194.1916 1.6156 1.5903 3.7573 -1.3758 0.7379 60.9738 -4.7255 -4.4786
Car -1 -1 -4.6499 412.9242 176.3234 439.7805 199.2462 1.5825 1.6250 4.0290 -13.0433 0.9688 51.7555 -4.8959 -4.5445
Car -1 -1 -5.2927 465.9408 182.9412 581.6538 240.8621 1.4994 1.5794 3.5413 -2.5059 1.4406 20.4711 -5.4134 -4.8432
Car -1 -1 -7.7890 0.0000 183.7882 16.2871 214.8420 1.4477 1.5383 3.7494 -30.3381 1.3813 35.4762 -8.4930 -4.8545
Car -1 -1 -2.7181 451.1847 180.2200 539.5751 212.2994 1.6153 1.6814 4.2492 -5.8919 1.3639 37.5715 -2.8729 -4.9305
Car -1 -1 -4.7565 421.4255 187.9745 493.8671 248.3547 1.4308 1.7181 4.1030 -4.1960 1.5140 19.4377 -4.9667 -4.9504
Car -1 -1 -6.6902 0.0000 0.0000 1240.0000 375.0000 1.4710 1.4562 3.1834 -2.9464 1.4652 1.2149 -7.7916 -5.0420
Car -1 -1 -4.7342 135.8799 191.9510 212.1197 249.0863 1.3458 1.6189 3.5366 -11.7190 1.5450 19.3151 -5.2737 -5.1201
Car -1 -1 -4.7694 371.8135 178.5756 417.2034 213.7592 1.4457 1.6833 4.2015 -9.5248 1.1730 31.7991 -5.0584 -5.2183
Car -1 -1 -4.2486 376.7230 167.8270 414.0335 188.7657 1.6324 1.5614 3.3086 -17.0580 0.2769 57.8085 -4.5345 -5.2518
Car -1 -1 -4.4635 399.5652 181.4175 438.3784 203.8001 1.4490 1.6242 3.8796 -12.7053 1.2033 48.4837 -4.7188 -5.2533
Car -1 -1 -6.6006 0.0000 0.0000 1240.0000 375.0000 1.4449 1.5180 3.5399 -4.5095 1.4363 1.2677 -7.8409 -5.4682
Car -1 -1 -7.1202 15.3098 0.0000 1240.0000 375.0000 1.4864 1.5035 3.4651 -1.7110 1.4959 1.3772 -7.9218 -5.5895
Car -1 -1 -7.6223 647.3392 172.9682 672.8433 191.5928 1.6798 1.6009 3.5177 4.8746 0.5753 66.7544 -7.5501 -5.5943
Car -1 -1 -4.7047 534.7052 186.4857 553.1368 204.7852 1.4836 1.4970 3.7589 -5.3733 1.5941 60.4839 -4.7934 -5.6456
Car -1 -1 -4.6632 402.9484 182.0818 468.3875 236.6723 1.5309 1.7558 4.6449 -5.3449 1.4432 22.6017 -4.8932 -5.6694
Car -1 -1 -4.8230 596.7925 179.3724 624.1130 198.1317 1.4469 1.6815 4.6909 0.1567 0.9964 57.8671 -4.8207 -6.0171
