Car -1 -1 -7.8506 556.2096 174.0095 629.8084 240.5245 1.5817 1.7516 3.8474 -0.4379 1.3154 19.0345 -7.8737 7.5698
Car -1 -1 -7.7142 447.3658 185.1808 526.9158 237.1917 1.3442 1.6564 4.3805 -3.4124 1.3435 20.7862 -7.8752 5.9531
Car -1 -1 -7.7413 484.9453 177.6394 540.2773 219.6383 1.4794 1.6265 4.1873 -3.5908 1.2126 27.4276 -7.8706 4.3385
Car -1 -1 -7.6033 507.1393 175.3452 561.1295 210.4951 1.5911 1.6278 4.0800 -3.5163 1.1444 34.6777 -7.7040 1.0958
Car -1 -1 -7.7791 496.9248 174.0150 516.5580 190.8563 1.5673 1.5930 3.6484 -9.6474 0.5251 68.7702 -7.9183 1.0910
Car -1 -1 -7.9079 526.6274 175.0529 557.2010 201.5593 1.4969 1.6064 3.4467 -3.9489 0.9232 42.4191 -8.0005 0.9322
Car -1 -1 -8.1361 529.2229 159.8176 558.6804 179.1801 1.6437 1.6481 3.7327 -5.7522 -0.5571 64.3319 -8.2251 -2.2329
Car -1 -1 -7.8631 468.6318 175.5084 491.9367 196.2485 1.4296 1.5867 3.8472 -9.1877 0.7606 51.5867 -8.0388 -2.6432
Car -1 -1 -3.4365 652.9559 175.1451 714.5492 198.7769 1.5533 1.6270 3.8154 5.0742 0.8915 48.4119 -3.3330 -2.6721
Car -1 -1 -6.2165 604.6589 173.0935 669.0244 198.9457 1.6122 1.6325 4.0043 1.8549 0.8564 45.8535 -6.1767 -2.9336
Car -1 -1 -4.4814 481.3060 174.5323 516.6628 196.0280 1.5009 1.6381 4.1495 -7.8909 0.7551 52.3285 -4.6307 -3.0901
Car -1 -1 -4.5088 617.0345 176.5599 640.1859 193.6074 1.6028 1.5470 3.5913 2.0332 0.7891 69.5120 -4.4801 -3.1192
Car -1 -1 -4.7943 600.0260 179.8116 633.9514 207.1857 1.3686 1.4807 3.6257 0.4106 1.0986 37.8013 -4.7840 -3.1504
Car -1 -1 -7.3848 363.1263 187.0617 489.0741 249.7720 1.4012 1.5539 3.7193 -4.4965 1.4531 18.1668 -7.6244 -3.3522
Car -1 -1 -4.9281 627.5203 171.5442 654.8317 190.0285 1.6613 1.6872 4.1051 3.0579 0.4327 66.7745 -4.8829 -3.6096
Car -1 -1 -4.6470 551.3738 174.5793 584.0535 202.2834 1.5760 1.6923 3.9836 -2.3737 0.9711 42.8936 -4.7024 -3.7687
Car -1 -1 -8.1005 606.8781 173.2504 647.4539 199.3503 1.4928 1.5827 3.6271 1.0882 0.8086 43.0596 -8.0758 -3.8454
Car -1 -1 -8.4991 567.9700 170.6694 627.3441 195.5229 1.5271 1.6784 4.1207 -0.7233 0.6335 46.3106 -8.5149 -3.9275
Car -1 -1 -4.8373 624.4510 171.1957 665.2723 205.9801 1.6757 1.6004 3.7959 1.8019 1.0005 36.5842 -4.7888 -3.9827
Car -1 -1 -5.4413 552.7888 177.9920 636.8027 210.6032 1.4308 1.6429 4.0406 -0.6959 1.1140 33.5778 -5.4622 -4.1250
Car -1 -1 -4.7465 621.3865 172.0365 654.3832 202.4523 1.5976 1.6713 4.2182 1.5907 0.9055 39.8716 -4.7073 -4.2024
Car -1 -1 -4.0814 560.9497 173.8035 631.0961 202.7532 1.5340 1.7250 4.3137 -0.6285 0.9295 40.3506 -4.0972 -4.4607
Car -1 -1 -7.9461 500.0984 177.3090 535.4742 203.7223 1.4535 1.6827 3.7841 -5.2766 1.0186 41.5883 -8.0719 -4.4801
Car -1 -1 -4.5226 541.9075 175.3098 599.4880 215.8151 1.5975 1.6601 4.3250 -1.5359 1.2070 30.6088 -4.5727 -4.5473
Car -1 -1 -4.2104 277.4759 189.8804 436.8145 262.9804 1.3242 1.5850 3.6723 -5.1724 1.4358 15.2191 -4.5330 -4.6355
Car -1 -1 -8.0610 626.2368 176.7743 681.2632 215.2671 1.5797 1.6612 3.7002 1.9086 1.2335 31.4537 -8.0013 -4.6722
Car -1 -1 -4.4287 502.8762 174.3163 555.1885 203.6155 1.5020 1.6324 4.5291 -4.2521 0.9434 39.2246 -4.5363 -4.7989
Car -1 -1 -4.4537 292.8394 191.1751 400.4949 258.5562 1.4162 1.5111 3.7445 -6.2163 1.5764 17.3763 -4.7928 -5.1023
Car -1 -1 -4.8508 1240.0000 156.4862 1240.0000 348.1399 1.5409 1.6568 4.1602 8.4766 1.3101 7.9293 -4.0499 -5.6897
Car -1 -1 -4.8798 646.5229 173.4315 674.2822 194.0267 1.5087 1.5163 3.5774 3.9389 0.6456 54.5121 -4.8084 -5.8084
Car -1 -1 -2.8655 0.0000 190.8179 373.9402 335.2831 1.5515 1.5965 4.0120 -5.1715 1.6318 9.0514 -3.3721 -5.9979
Car -1 -1 -4.9506 800.4790 163.4532 877.1121 208.2690 1.4310 1.6204 3.9187 7.8715 0.7362 24.9599 -4.6487 -6.1514
Car -1 -1 -6.6459 0.0000 0.0000 1240.0000 375.0000 1.6386 1.6430 4.0186 -3.8271 1.3574 1.0085 -7.8918 -6.2420
Car -1 -1 -4.8635 901.0837 157.7136 1009.9733 233.5511 1.5155 1.6178 3.8386 7.7435 0.9661 16.4339 -4.4301 -6.2798
Car -1 -1 -2.3636 118.5760 180.4746 420.6505 308.6779 1.6471 1.6420 4.1115 -5.0730 1.5864 10.7031 -2.7968 -6.2947
Car -1 -1 -8.0953 1048.5244 212.9698 1240.0000 375.0000 1.5868 1.8517 4.2310 3.1279 1.7991 3.1914 -7.3627 -6.4363
