Car -1 -1 -7.8604 561.6568 171.5847 629.9637 234.7545 1.6105 1.7436 3.8131 -0.4031 1.2631 20.2562 -7.8805 7.4518
Car -1 -1 -7.7787 496.6521 179.6619 545.0629 215.7959 1.3464 1.6151 4.2685 -3.4675 1.1397 28.9536 -7.8972 2.9564
Car -1 -1 -7.7076 512.2234 176.5059 557.3010 207.0453 1.4289 1.6330 4.2143 -3.6031 1.0215 35.7761 -7.8075 1.4543
Car -1 -1 -5.3737 617.6754 166.8194 684.4480 196.5312 1.7084 1.7015 4.3848 2.5375 0.6508 43.6208 -5.3163 -0.9846
Car -1 -1 -7.8607 526.2762 171.7415 554.8728 197.8973 1.4871 1.6222 3.7235 -4.0436 0.7212 42.8035 -7.9546 -1.6916
Car -1 -1 -7.9527 539.7162 171.2204 567.6488 193.2579 1.4932 1.5969 3.7377 -3.8692 0.5451 50.6862 -8.0288 -1.7596
Car -1 -1 -6.1357 359.0375 188.1361 510.1636 239.9233 1.2986 1.5257 3.7047 -4.5393 1.3798 19.0439 -6.3669 -1.8642
Car -1 -1 -6.4178 545.9181 169.8005 624.0673 197.5663 1.5896 1.6876 4.4134 -1.3964 0.7072 42.3550 -6.4509 -2.8799
Car -1 -1 -3.0492 606.4592 171.9598 659.7047 194.1849 1.6314 1.6792 3.8488 1.8978 0.6585 53.8425 -3.0146 -3.0219
Car -1 -1 -6.9988 644.9147 170.3162 699.7187 194.9029 1.5973 1.6097 3.4697 4.3328 0.6295 48.3698 -6.9104 -3.2904
Car -1 -1 -4.7850 625.3588 170.2043 661.0922 201.6189 1.6519 1.6690 4.1643 1.8858 0.8627 39.9030 -4.7385 -3.4115
Car -1 -1 -7.4801 644.7785 166.7575 678.5748 185.1419 1.5442 1.6408 3.8475 4.7052 -0.0065 62.4853 -7.4056 -3.5545
Car -1 -1 -4.8021 614.6299 166.9818 647.1707 193.7366 1.6788 1.7440 4.3847 1.4500 0.5348 47.3462 -4.7720 -3.5891
Car -1 -1 -7.7546 668.8684 173.2713 701.9067 199.7387 1.5096 1.6100 3.7041 4.6497 0.8285 42.9772 -7.6479 -3.7598
Car -1 -1 -7.7605 501.7367 157.9905 526.8676 180.0925 1.7474 1.7152 3.8934 -7.7464 -0.4396 59.7263 -7.8891 -3.8335
Car -1 -1 -8.2334 512.2052 171.2586 556.1396 194.9910 1.5886 1.7539 3.8325 -5.2042 0.6545 50.2230 -8.3364 -4.0680
Car -1 -1 -4.6885 597.1647 170.0330 629.7002 201.2542 1.6368 1.7054 4.2559 0.3302 0.8410 39.8411 -4.6806 -4.6165
Car -1 -1 -7.8020 544.5754 176.6029 582.3850 206.7247 1.4186 1.6701 4.2940 -2.1961 1.0131 36.0084 -7.8628 -5.0708
Car -1 -1 -7.9783 499.3983 170.8151 536.1563 197.8198 1.5304 1.6640 4.2082 -5.4566 0.7145 42.9840 -8.1041 -5.5025
Car -1 -1 -4.8120 66.5735 186.5008 225.5593 304.0256 1.5424 1.7660 4.0794 -7.6384 1.5672 11.6283 -5.3828 -5.5309
Car -1 -1 -4.5920 191.8448 176.2891 336.1960 286.8122 1.5014 1.6286 3.8584 -5.5109 1.3803 11.8502 -5.0188 -5.5878
Car -1 -1 -4.5974 107.8921 180.1691 223.0692 252.8753 1.4242 1.7114 4.2088 -9.9289 1.3255 16.3519 -5.1360 -5.7048
Car -1 -1 -5.6523 252.5361 176.5774 431.3249 243.1281 1.4208 1.5679 3.6571 -6.1605 1.2365 16.6068 -6.0024 -5.7155
Car -1 -1 -4.4524 135.7602 173.3012 286.4442 258.5298 1.4692 1.6266 4.0569 -7.8546 1.2640 14.5513 -4.9397 -5.8321
Car -1 -1 -5.0034 422.4855 176.6747 510.5797 225.3288 1.4983 1.7076 4.5232 -4.9617 1.2354 24.5349 -5.2011 -5.8625
Car -1 -1 -4.5273 0.0000 175.4315 0.0000 199.8810 1.4734 1.6483 4.0269 -41.6032 0.8840 45.4674 -5.2656 -5.8867
Car -1 -1 -6.3257 714.8596 173.4270 801.5014 206.1472 1.5617 1.6659 4.0899 7.3239 0.9992 35.4565 -6.1240 -6.2359
