Car -1 -1 -7.8298 554.5134 173.1359 628.4310 240.1473 1.5831 1.7465 3.7774 -0.4323 1.2979 18.8727 -7.8528 7.6161
Car -1 -1 -7.7099 423.1051 185.6904 515.0391 247.7198 1.3458 1.6029 4.3754 -3.3506 1.3592 17.8479 -7.8931 5.6094
Car -1 -1 -7.7241 472.0057 179.4033 535.7272 224.9782 1.4198 1.6096 4.2040 -3.4919 1.2389 24.5052 -7.8644 4.6138
Car -1 -1 -7.7558 463.4443 176.1160 491.9626 198.4170 1.4896 1.5993 3.6335 -9.0132 0.8820 49.8924 -7.9340 2.0192
Car -1 -1 -7.7566 499.6715 173.5583 547.1071 212.9881 1.6213 1.6815 4.0657 -3.6803 1.1422 31.6069 -7.8719 1.4977
Car -1 -1 -7.7176 525.0535 174.1750 563.9766 204.3467 1.5887 1.6386 3.8622 -3.4841 1.0075 39.8216 -7.8047 1.3577
Car -1 -1 -5.0723 627.3251 172.1850 661.6350 192.3501 1.7886 1.7994 4.1309 3.3200 0.6330 66.0021 -5.0226 -0.1645
Car -1 -1 -7.8071 495.2167 173.5112 513.9417 189.9422 1.4811 1.5598 3.4029 -9.5419 0.4262 66.5647 -7.9492 -1.2050
Car -1 -1 -4.9872 635.7855 170.1950 669.0391 192.3437 1.7143 1.7064 3.7269 3.5248 0.5519 57.6406 -4.9268 -1.8004
Car -1 -1 -4.9370 614.3784 174.7308 649.9191 198.0113 1.5218 1.6020 3.8209 1.5961 0.8366 49.0190 -4.9051 -1.8285
Car -1 -1 -7.9508 622.8141 172.0160 664.1563 205.9050 1.6099 1.6638 4.2772 1.7107 0.9830 36.3266 -7.9045 -1.8420
Car -1 -1 -4.9874 664.8059 172.8622 712.4998 201.9196 1.5767 1.6772 3.9859 4.5350 0.9066 41.1116 -4.8786 -2.5440
Car -1 -1 -6.3327 620.6403 171.7247 687.3999 199.7934 1.6478 1.6282 3.9083 2.7017 0.8560 43.0402 -6.2708 -2.8140
Car -1 -1 -7.0073 189.7901 186.7554 377.0478 257.5978 1.4489 1.6011 3.9245 -7.4921 1.4898 16.9110 -7.4187 -2.8177
Car -1 -1 -5.1491 531.4468 176.8809 601.6826 212.0370 1.4785 1.6047 4.0014 -1.9600 1.1282 32.3738 -5.2095 -2.9010
Car -1 -1 -6.6352 656.9636 178.1987 725.9377 202.9755 1.5271 1.6487 4.0215 5.2638 1.0948 45.5810 -6.5214 -3.0497
Car -1 -1 -5.0364 516.2993 176.2147 587.7533 219.3765 1.5382 1.6085 3.7827 -2.2575 1.2176 27.6740 -5.1174 -3.6233
Car -1 -1 -4.7506 592.1703 175.2013 629.5170 206.4412 1.4851 1.7112 4.2461 0.0671 1.0092 36.3270 -4.7491 -3.7609
Car -1 -1 -4.6064 516.2617 177.2766 558.1880 209.0518 1.4704 1.6403 3.9013 -3.4348 1.1032 35.2226 -4.7032 -4.0070
Car -1 -1 -4.8229 620.6692 169.8178 658.8477 200.1265 1.6058 1.6710 4.1641 1.7053 0.7902 40.2206 -4.7812 -4.0781
Car -1 -1 -4.1759 586.1080 171.8924 647.4053 200.0809 1.6037 1.7205 4.3138 0.5707 0.8459 43.1857 -4.1631 -4.1857
Car -1 -1 -4.8060 595.4824 171.8564 632.7823 203.8045 1.6857 1.6909 4.0709 0.2726 0.9810 40.0309 -4.7997 -5.1691
Car -1 -1 -4.5085 463.0128 171.8880 532.0139 216.6796 1.6004 1.7404 4.6794 -4.2358 1.1243 28.0683 -4.6572 -5.1972
Car -1 -1 -8.0800 348.6592 191.5657 435.8883 251.4736 1.3408 1.4148 3.2730 -5.5801 1.5177 18.2359 -8.3732 -5.2346
Car -1 -1 -2.4997 163.4289 176.9175 461.5755 297.2131 1.6524 1.6916 4.1237 -4.6046 1.5386 11.2230 -2.8810 -5.5528
Car -1 -1 -4.6169 290.8183 187.3936 375.1885 257.1083 1.4222 1.5038 2.9420 -6.2164 1.4768 16.3810 -4.9745 -5.7302
Car -1 -1 -3.8798 0.0000 0.0000 0.0000 375.0000 1.5347 1.6463 4.0731 -4.6732 1.4405 2.1976 -4.9633 -5.8867
Car -1 -1 -2.4001 217.2439 186.8905 359.7493 244.9084 1.4222 1.5000 3.2830 -8.4379 1.4694 18.9311 -2.8144 -6.0494
