Car -1 -1 -7.4667 157.0878 188.3609 429.4796 344.4806 1.4834 1.6661 3.7003 -3.5429 1.5300 8.7665 -7.8405 7.3658
Car -1 -1 -7.6895 455.4267 185.2030 533.4358 238.0324 1.3985 1.5923 4.1387 -3.2626 1.3983 21.1086 -7.8413 7.1989
Car -1 -1 -7.5513 347.7921 185.9173 429.3695 228.4837 1.3355 1.5926 3.7846 -7.4124 1.3614 24.5178 -7.8422 6.7414
Car -1 -1 -7.8846 582.8765 177.6860 622.4596 213.2855 1.5970 1.7530 3.7615 -0.3289 1.2594 34.1631 -7.8946 5.9330
Car -1 -1 -7.2304 2.4758 186.4080 200.3735 258.7947 1.4519 1.5929 4.1048 -11.4346 1.4830 16.5596 -7.8274 5.2570
Car -1 -1 -7.3195 130.7023 186.9933 316.3293 270.8909 1.4547 1.6127 3.6480 -7.5271 1.4951 14.4130 -7.7934 4.9132
Car -1 -1 -7.6540 421.8232 181.9350 472.1743 213.4375 1.4216 1.6193 3.8118 -7.6528 1.2737 34.3595 -7.8719 4.5180
Car -1 -1 -7.1164 0.0000 185.7348 104.6976 369.7781 1.5158 1.6326 3.8118 -7.6747 1.5230 7.8529 -7.8733 4.0173
Car -1 -1 -7.4926 314.2552 184.5889 377.6312 215.8374 1.3902 1.5528 3.8139 -12.2999 1.3625 33.9005 -7.8385 3.1467
Car -1 -1 -7.7564 495.5719 180.7037 535.7959 211.6423 1.4731 1.6267 4.0322 -4.6227 1.2584 36.2664 -7.8827 2.1892
Car -1 -1 -7.4501 162.7769 183.3843 268.4248 233.9086 1.4668 1.5490 3.8220 -12.3610 1.4138 22.8415 -7.9414 0.6657
Car -1 -1 -4.5972 482.5147 178.1928 510.0521 199.5863 1.5171 1.5731 3.8414 -8.1917 1.0193 52.9269 -4.7504 -0.6990
Car -1 -1 -5.1205 441.9123 175.3773 491.6263 202.3035 1.5683 1.6104 3.7697 -8.6727 0.9955 43.8799 -5.3148 -1.3926
Car -1 -1 -4.7812 644.7194 182.0355 679.2982 209.8270 1.4289 1.5802 4.0471 2.8611 1.2656 38.9876 -4.7090 -1.4747
Car -1 -1 -4.3592 359.9239 177.8166 412.4497 205.3472 1.5087 1.6730 3.7944 -12.7038 1.1034 41.3351 -4.6559 -1.6724
Car -1 -1 -4.7133 548.6701 178.4014 567.6213 195.6840 1.4878 1.6292 3.6329 -4.4161 0.9013 63.7538 -4.7826 -1.7162
Car -1 -1 -4.6614 666.5304 175.3379 691.9465 199.7138 1.6941 1.6433 3.7619 5.1732 1.0077 51.9409 -4.5631 -2.3006
Car -1 -1 -4.6997 626.2248 179.6832 647.2632 198.9671 1.4743 1.6084 3.7955 2.2966 1.0515 56.8959 -4.6600 -2.3535
Car -1 -1 -4.9705 614.3628 174.7285 639.4505 190.5266 1.5158 1.6044 3.5923 1.8541 0.5097 70.9072 -4.9449 -3.3852
Car -1 -1 -4.2804 126.2070 174.0492 176.8477 194.2944 1.5253 1.6516 4.4248 -35.7708 0.6842 56.4601 -4.8433 -3.4367
Car -1 -1 -7.5469 652.9066 174.7928 681.0938 192.3479 1.6485 1.6159 3.9177 5.7588 0.6699 69.6215 -7.4651 -3.4526
Car -1 -1 -3.8527 0.0000 183.5244 53.7984 211.2697 1.5415 1.6563 3.6573 -34.7094 1.4477 41.8805 -4.5419 -4.2847
Car -1 -1 -7.8537 418.4124 179.6007 444.0253 202.7321 1.4918 1.6111 4.2088 -11.9558 1.1298 48.5956 -8.0941 -4.3108
Car -1 -1 -7.6641 165.2942 185.7483 229.4622 223.1029 1.3774 1.5234 3.7361 -16.2654 1.4002 28.5780 -8.1778 -4.4538
Car -1 -1 -4.7801 631.7117 177.3179 654.1153 196.0824 1.5524 1.6368 4.0335 2.9619 0.8991 61.5032 -4.7326 -4.5265
Car -1 -1 -7.7090 299.7620 185.6843 377.2571 241.8185 1.4045 1.5283 3.2234 -7.3513 1.4187 19.7493 -8.0612 -4.5535
Car -1 -1 -6.7660 716.9275 177.5263 813.4498 211.5063 1.4983 1.6745 4.0165 7.1808 1.1594 33.0409 -6.5541 -4.6041
Car -1 -1 -8.0150 386.4640 179.2479 423.0200 203.5433 1.5429 1.6511 4.4720 -13.6313 1.1640 48.0262 -8.2905 -4.6681
Car -1 -1 -4.9512 649.0577 181.0550 691.0913 206.9041 1.4888 1.6200 4.0055 3.6885 1.2493 43.5075 -4.8676 -4.8275
Car -1 -1 -4.5739 210.6107 182.2111 286.2378 234.1953 1.4456 1.5592 3.6399 -10.9203 1.3622 21.9622 -5.0307 -4.8413
Car -1 -1 -4.4077 612.2680 177.3940 660.9483 206.6543 1.6278 1.6333 4.3605 1.7287 1.1929 42.3204 -4.3676 -4.9925
Car -1 -1 -5.1748 630.3921 176.2693 677.8851 197.9105 1.6590 1.7013 5.1021 3.6442 0.9733 57.7887 -5.1125 -5.4110
Car -1 -1 -4.6192 467.6357 181.5395 514.3048 216.9899 1.4865 1.6515 4.6660 -5.2445 1.3325 32.5256 -4.7782 -5.4283
Car -1 -1 -4.6240 241.4571 180.6132 375.1428 281.9790 1.4435 1.7048 4.4081 -5.0798 1.3781 12.5922 -5.0003 -5.6580
Car -1 -1 -4.4394 206.1475 177.0273 312.4107 237.2121 1.4208 1.5328 3.7752 -9.0920 1.2276 18.9592 -4.8812 -5.7073
Car -1 -1 -5.1683 541.3217 185.0113 588.4416 208.4049 1.4542 1.5725 3.7187 -2.8515 1.4416 46.6899 -5.2294 -5.8898
