Car -1 -1 -7.8502 573.7717 174.0127 614.2726 210.6587 1.5832 1.7502 3.8461 -0.6639 1.0993 32.9931 -7.8706 7.7681
Car -1 -1 -7.5543 319.5706 182.0963 442.0958 253.1405 1.4829 1.6645 3.8316 -5.2294 1.4180 16.9243 -7.8498 7.3767
Car -1 -1 -7.4220 94.2340 194.1707 371.8731 337.0612 1.3828 1.5759 3.7731 -4.4274 1.5197 9.0882 -7.8639 7.2894
Car -1 -1 -7.4505 237.3727 182.0090 327.5502 223.7850 1.4293 1.6044 3.9388 -11.9444 1.3198 26.5765 -7.8694 5.5233
Car -1 -1 -7.4168 153.0501 185.7900 296.7614 255.3798 1.4570 1.5677 3.6283 -8.8796 1.4722 16.9251 -7.8937 5.1445
Car -1 -1 -7.6083 387.8193 182.3031 438.3572 213.9346 1.3834 1.4616 3.4032 -8.9546 1.2562 33.1521 -7.8704 3.0308
Car -1 -1 -7.7286 505.2671 171.1972 541.5474 201.7743 1.7976 1.7219 4.1042 -5.1774 0.9736 44.3218 -7.8446 2.9150
Car -1 -1 -7.5347 333.2836 172.2981 415.7494 223.4468 1.7465 1.7068 4.0299 -8.5481 1.3056 26.5698 -7.8433 2.6571
Car -1 -1 -7.1566 0.0000 191.9496 44.0356 375.0000 1.4857 1.6232 4.1362 -8.2224 1.5766 7.5385 -7.9677 1.6572
Car -1 -1 -4.2533 650.1771 169.9529 692.8888 193.1771 1.7624 1.6820 4.1885 5.0588 0.6043 56.7771 -4.1653 -1.5666
Car -1 -1 -7.7470 529.2861 173.8055 564.5409 202.1408 1.6684 1.7172 4.4015 -3.7452 0.9967 44.5477 -7.8307 -2.5287
Car -1 -1 -7.6636 464.4966 162.2706 531.1632 218.2283 2.0911 1.7883 4.8722 -4.4148 1.2338 29.3342 -7.8120 -2.7366
Car -1 -1 -4.3786 532.5055 177.5167 569.5726 197.5811 1.5096 1.6435 4.0933 -4.4133 0.9305 56.2742 -4.4568 -2.8373
Car -1 -1 -5.7037 637.0420 175.9873 689.8724 195.7536 1.6486 1.6940 4.3129 4.7615 0.8791 61.9430 -5.6277 -3.1710
Car -1 -1 -4.2648 181.0436 174.7863 217.7132 190.6568 1.5184 1.6278 3.8550 -40.1516 0.5207 70.7531 -4.7796 -3.4274
Car -1 -1 -4.8047 154.1493 187.9946 300.5185 298.6004 1.4504 1.7253 4.1795 -6.4059 1.5046 11.7581 -5.2942 -3.9334
Car -1 -1 -8.0054 389.3820 178.4421 448.7497 222.1674 1.5423 1.6145 3.9209 -7.3146 1.3035 27.4758 -8.2635 -3.9695
Car -1 -1 -4.3336 167.8627 182.6248 282.7148 232.0042 1.4448 1.7610 4.3893 -12.2634 1.3692 23.3061 -4.8134 -4.0100
Car -1 -1 -7.7874 423.7225 161.4775 458.0329 196.8735 1.9110 1.6530 3.6388 -9.4425 0.6296 40.7387 -8.0139 -4.0278
Car -1 -1 -4.7004 158.6024 167.6826 186.7578 191.2386 1.6138 1.6651 4.0621 -31.1045 0.4128 51.4224 -5.2423 -4.3773
Car -1 -1 -8.2872 556.5760 180.0093 604.6407 203.2866 1.4220 1.5521 3.9523 -1.8123 1.1041 46.0275 -8.3267 -4.5619
Car -1 -1 -7.6112 391.6971 160.5160 421.8775 182.7130 1.9588 1.7601 3.9712 -18.3923 -0.2363 65.8982 -7.8825 -4.5789
Car -1 -1 -1.6790 55.4866 176.5955 91.5815 199.8751 1.6856 1.7483 4.1690 -40.3040 1.0616 54.1740 -2.3165 -4.7375
Car -1 -1 -4.8386 108.9141 171.0901 136.8689 189.9821 1.5423 1.5153 3.5937 -40.8632 0.3893 60.5355 -5.4305 -4.8820
Car -1 -1 -4.5789 0.0000 176.9951 139.6937 357.0496 1.6262 1.5245 3.3545 -6.5105 1.5521 8.3277 -5.2270 -4.9160
Car -1 -1 -7.6264 384.4929 161.8024 418.4738 184.2767 1.8172 1.8219 4.3075 -17.3256 -0.0818 60.5056 -7.9043 -4.9556
Car -1 -1 -4.6237 328.3337 180.5113 365.2030 207.9003 1.4731 1.6179 3.9362 -14.7797 1.2202 40.7718 -4.9697 -4.9973
Car -1 -1 -7.7550 312.8314 177.6368 366.6776 220.3239 1.6315 1.6620 4.2647 -11.0453 1.3420 29.7481 -8.1079 -5.0246
Car -1 -1 -4.2383 542.5105 180.7085 600.8078 206.9385 1.4518 1.6015 4.3480 -2.0772 1.2025 42.0991 -4.2877 -5.0293
Car -1 -1 -4.9244 284.6398 180.7936 343.0498 215.7866 1.6312 1.6572 5.1960 -14.8714 1.4252 36.1212 -5.3127 -5.0695
Car -1 -1 -4.6097 243.4252 177.0720 293.4184 212.6973 1.6869 1.8112 4.7298 -17.2090 1.3014 36.5695 -5.0470 -5.1459
Car -1 -1 -3.1660 629.6067 178.0873 674.7754 197.2553 1.5481 1.7159 3.6463 3.6039 0.9725 58.9804 -3.1057 -5.1916
Car -1 -1 -4.6217 613.6948 176.5181 638.6701 197.4189 1.5995 1.6285 4.0389 1.4788 0.9341 57.1134 -4.5963 -5.1926
Car -1 -1 -8.0085 515.8901 177.5923 545.3406 198.3631 1.5542 1.6418 4.2556 -6.0724 0.9839 56.0564 -8.1163 -5.2036
Car -1 -1 -4.7503 454.6448 177.0329 494.4713 212.4339 1.5365 1.6510 4.4173 -6.3055 1.1815 33.5365 -4.9351 -5.2528
Car -1 -1 -2.1036 84.5757 178.8244 129.4935 197.6277 1.5099 1.5083 3.4169 -41.1995 0.9968 59.1222 -2.7104 -5.3885
Car -1 -1 -4.4223 296.3988 170.5658 389.2856 230.7880 1.7395 1.6223 4.1981 -8.3478 1.3165 22.9049 -4.7684 -5.6079
Car -1 -1 -4.6354 600.3217 177.3849 629.7569 200.1584 1.5199 1.7046 4.8012 0.5349 0.9974 50.4416 -4.6252 -5.6460
Car -1 -1 -4.3402 206.3356 177.9770 326.8018 236.1231 1.4614 1.6308 4.1430 -9.4498 1.2796 20.1840 -4.7732 -5.6596
Car -1 -1 -4.4983 19.6942 175.5862 63.3515 198.9183 1.6391 1.7241 3.8541 -41.3980 0.9628 52.6100 -5.1628 -5.6959
Car -1 -1 -4.5472 351.5550 176.3312 394.6724 204.1721 1.4369 1.5942 3.9909 -12.7623 0.9785 39.1918 -4.8602 -5.8867
Car -1 -1 -4.3986 464.9418 175.6699 518.8014 204.5509 1.4078 1.5989 3.9593 -5.9493 0.9426 37.1195 -4.5567 -5.8867
Car -1 -1 -4.6745 138.6773 179.8556 219.4104 238.8678 1.4479 1.7292 4.1375 -11.7722 1.3166 19.8697 -5.2037 -5.9339
Car -1 -1 -4.9520 542.9534 175.0520 580.9350 197.7144 1.5978 1.7754 4.4939 -3.4546 0.8814 53.0916 -5.0170 -6.2725
