Car -1 -1 -7.4066 129.3745 195.2135 308.0492 277.6265 1.3713 1.5525 3.9508 -7.6206 1.6001 14.4442 -7.8847 7.6951
Car -1 -1 -7.6988 441.7363 186.5143 504.9782 227.8634 1.4244 1.6713 4.4372 -5.0181 1.4776 27.1431 -7.8803 6.7438
Car -1 -1 -7.5835 292.2353 198.7676 473.9088 305.8955 1.3257 1.6242 4.3152 -3.4089 1.5856 11.6088 -7.8633 6.7437
Car -1 -1 -7.8584 573.6693 180.6902 608.4742 212.9265 1.6164 1.7460 3.8518 -0.9274 1.3896 37.9949 -7.8831 6.6641
Car -1 -1 -7.2908 112.2536 192.7322 243.8667 245.3693 1.3750 1.5555 3.7456 -12.5609 1.6169 21.2185 -7.8201 4.6774
Car -1 -1 -7.4608 235.9210 184.3456 325.7917 226.5471 1.5524 1.7010 4.3644 -12.9305 1.5205 28.6480 -7.8816 4.1203
Car -1 -1 -7.6068 315.6399 186.3178 398.3046 236.3588 1.4836 1.6121 3.9386 -8.1022 1.5228 23.4305 -7.9365 3.7752
Car -1 -1 -7.6169 376.6693 186.7407 433.1112 220.7416 1.3927 1.5430 3.7212 -8.8538 1.4636 31.4997 -7.8891 3.2112
Car -1 -1 -7.5465 436.0865 184.1412 482.6137 211.4880 1.4865 1.5894 3.5617 -8.4261 1.4282 40.9290 -7.7487 2.3098
Car -1 -1 -7.8598 527.3448 179.8078 549.4476 200.8507 1.4861 1.5563 3.6056 -5.1128 1.1043 52.6404 -7.9566 0.0050
Car -1 -1 -4.6318 507.3358 178.9386 544.2766 210.1176 1.7435 1.8069 4.5881 -4.8174 1.3927 42.5199 -4.7444 -0.0185
Car -1 -1 -6.0612 454.1810 185.7066 500.2666 200.2914 1.3741 1.5969 4.0811 -12.4563 1.4218 68.6725 -6.2404 -0.6674
Car -1 -1 -4.4946 476.9632 173.0074 507.0675 194.1735 1.7176 1.6745 3.9885 -9.6960 0.7271 60.3750 -4.6535 -0.8984
Car -1 -1 -4.7946 423.2432 181.5973 447.8468 200.8575 1.4990 1.6110 3.9541 -13.9590 1.2176 58.0789 -5.0298 -1.6292
Car -1 -1 -4.7334 625.2993 181.7990 649.1805 204.6270 1.4842 1.5267 3.6570 1.9368 1.2622 48.5796 -4.6942 -2.4316
Car -1 -1 -4.7333 645.1351 186.1648 678.8929 217.3673 1.4831 1.6014 4.0715 2.6616 1.5340 36.3672 -4.6613 -2.7202
Car -1 -1 -4.7539 601.9023 183.4886 621.3181 200.3808 1.4706 1.5836 3.6486 0.3086 1.3204 64.4343 -4.7496 -3.1001
Car -1 -1 -7.7736 366.6581 171.2212 393.8981 193.2498 1.6482 1.6975 4.0765 -17.6868 0.6013 55.9617 -8.0786 -3.1504
Car -1 -1 -4.6165 637.3246 184.5816 669.8429 209.4882 1.4616 1.6221 4.0966 2.8409 1.4246 44.3358 -4.5534 -3.3130
Car -1 -1 -4.8939 157.8663 175.7760 187.5478 193.6376 1.6195 1.6528 4.1775 -40.7552 0.7638 67.2902 -5.4370 -3.4204
Car -1 -1 -4.5864 619.5190 184.5313 654.6501 212.1259 1.4788 1.5342 3.6380 1.6593 1.4422 40.4432 -4.5461 -3.7775
Car -1 -1 -4.6827 141.4866 177.3340 163.5367 196.2296 1.6425 1.5627 3.4491 -40.7468 0.9575 64.3670 -5.2454 -3.7896
Car -1 -1 -4.7440 614.4082 182.3101 649.4024 213.4955 1.4975 1.6337 4.2043 1.1447 1.3581 36.6211 -4.7135 -4.0211
Car -1 -1 -4.8948 524.9839 182.8631 565.0357 208.9814 1.5842 1.7246 4.6948 -4.1070 1.4417 46.0951 -4.9837 -4.1231
Car -1 -1 -7.8669 444.7974 174.8569 463.7558 194.2448 1.8080 1.7281 5.0457 -14.9173 0.8422 69.6884 -8.0774 -4.5557
Car -1 -1 -7.6213 178.1822 175.4839 210.9815 193.1930 1.6614 1.8283 4.2307 -40.0336 0.7486 69.7280 -8.1411 -4.5720
Car -1 -1 -7.7456 607.0319 178.0969 632.8759 200.0068 1.7121 1.6519 4.2588 1.0095 1.1560 58.3895 -7.7288 -4.6754
Car -1 -1 -4.7142 383.5592 175.1953 405.4064 197.1300 1.7307 1.6598 3.9451 -17.4758 0.9402 58.8454 -5.0019 -4.7576
Car -1 -1 -4.7976 341.9540 187.6369 437.8033 267.2834 1.4731 1.6265 4.2342 -4.9201 1.5338 15.7009 -5.0968 -4.7702
Car -1 -1 -4.6799 364.1369 180.1341 406.0332 214.7665 1.4842 1.6922 4.6920 -10.2773 1.2666 33.2927 -4.9774 -4.7826
Car -1 -1 -5.3982 669.3815 181.7180 731.1318 206.1721 1.5010 1.7410 4.0913 5.8790 1.2865 46.3201 -5.2732 -4.9338
Car -1 -1 -5.1113 603.5624 182.7136 652.4200 208.7130 1.5120 1.5594 3.9594 1.1550 1.3666 43.9326 -5.0856 -5.0647
Car -1 -1 -4.7096 352.4175 175.0214 388.7049 212.6203 1.7945 1.6573 4.0477 -12.0610 1.3081 36.4893 -5.0270 -5.0875
Car -1 -1 -8.4943 641.2743 176.0466 683.8564 197.6806 1.8782 1.7506 4.0258 4.8748 1.0823 64.5781 -8.4197 -5.2082
Car -1 -1 -4.7221 345.9408 193.9609 415.5598 253.5587 1.3547 1.5872 3.7586 -6.0450 1.6103 18.9687 -5.0269 -5.6388
Car -1 -1 -4.6673 570.0458 178.7347 594.3708 199.7265 1.4742 1.6031 3.8712 -1.8527 1.0192 52.4279 -4.7028 -5.8867
Car -1 -1 -4.5546 562.9219 177.1289 595.5012 199.9458 1.4718 1.5984 3.9210 -1.9055 0.9503 48.4103 -4.5942 -5.8867
Car -1 -1 -4.5646 342.2832 180.8717 384.0651 209.0583 1.5128 1.6417 4.1716 -13.8419 1.2798 40.7791 -4.8902 -5.9307
Car -1 -1 -5.9319 616.1200 176.4584 678.1402 198.5142 1.6848 1.6656 4.5806 3.0744 1.0160 56.5800 -5.8784 -6.0054
