Car -1 -1 -7.4847 236.4755 189.1293 363.6004 253.1236 1.4055 1.6067 3.8642 -7.5725 1.5142 17.9784 -7.8784 7.3649
Car -1 -1 -7.6517 376.5789 191.5367 501.1571 269.6262 1.3425 1.6263 4.3653 -3.3641 1.4931 14.9097 -7.8701 7.0699
Car -1 -1 -7.8841 576.6321 178.3318 614.1978 211.6695 1.6122 1.7912 3.8804 -0.7146 1.2794 36.7456 -7.9038 6.0724
Car -1 -1 -7.7373 465.7956 184.0440 517.3633 219.5709 1.3956 1.6489 4.4223 -4.8852 1.3498 30.4830 -7.8952 5.5789
Car -1 -1 -7.5662 361.9176 183.1515 434.5176 224.7796 1.4628 1.6181 3.7737 -7.8618 1.3904 27.1534 -7.8457 4.7490
Car -1 -1 -7.2015 0.0000 190.9572 123.4473 272.6837 1.4348 1.6275 4.1170 -12.3101 1.5713 14.9921 -7.8804 4.4560
Car -1 -1 -7.4366 205.4308 187.6346 300.3583 229.7092 1.3713 1.5626 3.9265 -12.5722 1.4645 25.6469 -7.8885 3.4817
Car -1 -1 -7.0037 0.0000 210.0289 193.2146 375.0000 1.4563 1.6022 3.5842 -3.5312 1.6162 2.8350 -7.8522 2.8454
Car -1 -1 -7.5062 292.9410 179.6107 363.2204 217.1193 1.6107 1.6694 4.1784 -12.7635 1.3702 32.9749 -7.8731 2.1618
Car -1 -1 -4.3085 622.1312 183.6926 664.7546 206.5928 1.4751 1.5527 3.6521 2.4104 1.3772 48.2863 -4.2594 0.0158
Car -1 -1 -7.9708 643.7241 182.2020 680.9066 209.0836 1.4362 1.6336 3.8198 2.9826 1.2754 40.3508 -7.8980 -0.2149
Car -1 -1 -7.7768 458.4690 181.0434 489.4424 208.5998 1.6599 1.6407 3.6015 -8.3962 1.4087 45.1775 -7.9599 -0.8862
Car -1 -1 -8.1467 609.0887 182.8902 655.9011 209.6697 1.4219 1.5717 3.8151 1.2989 1.2986 40.2147 -8.1151 -1.3196
Car -1 -1 -4.6010 434.3977 178.1207 457.9118 196.3652 1.5128 1.5760 3.5580 -13.8010 0.9246 61.4597 -4.8214 -1.9223
Car -1 -1 -7.5970 466.9126 172.8911 501.8621 195.1939 1.5439 1.6060 3.6238 -8.8423 0.6909 51.6369 -7.7661 -2.0480
Car -1 -1 -5.2509 600.4363 179.9753 643.3832 199.6383 1.4861 1.5902 3.8972 1.0531 1.0902 56.4152 -5.2327 -2.0767
Car -1 -1 -4.7532 540.9019 184.5830 568.5154 209.3992 1.5163 1.5869 4.2068 -3.4677 1.4778 46.1053 -4.8283 -2.4993
Car -1 -1 -3.2239 374.4336 177.2247 453.8234 209.8706 1.7398 1.7262 4.1186 -10.7638 1.3141 39.8190 -3.4866 -3.2855
Car -1 -1 -4.8293 606.1517 176.1225 630.8107 196.1860 1.6908 1.6652 4.2052 0.8879 0.9246 62.7560 -4.8156 -3.4874
Car -1 -1 -4.4115 403.2307 183.1640 455.4126 213.9028 1.4469 1.5368 3.5068 -8.8183 1.3505 35.6335 -4.6527 -3.6143
Car -1 -1 -7.9880 265.6774 179.2444 320.1623 217.5396 1.6091 1.7129 4.1393 -14.2864 1.3584 32.4191 -8.4004 -3.6670
Car -1 -1 -7.1465 0.0000 206.3514 78.4765 375.0000 1.3491 1.5409 3.3872 -6.4454 1.5795 6.0769 -7.9393 -3.8100
Car -1 -1 -5.5106 660.8316 172.2281 716.4695 194.3035 1.7332 1.7705 4.5786 6.5499 0.7137 58.7712 -5.4005 -3.9011
Car -1 -1 -4.3631 345.4290 181.1680 414.8843 215.1241 1.6260 1.8205 4.9054 -11.6057 1.4323 36.9150 -4.6661 -3.9326
Car -1 -1 -6.7084 0.0000 200.9097 30.0997 375.0000 1.3965 1.5198 3.7392 -7.8689 1.5840 6.5753 -7.5630 -4.2285
Car -1 -1 -7.6863 548.2020 179.3117 577.0438 198.8530 1.4897 1.6194 4.1046 -3.5535 1.0398 56.9274 -7.7488 -4.2846
Car -1 -1 -7.7103 418.5247 183.8670 481.7179 229.5744 1.4514 1.5894 3.8121 -5.3923 1.4087 24.7831 -7.9227 -4.3720
Car -1 -1 -4.9667 350.4632 182.5656 405.7602 216.2268 1.4810 1.5701 3.7443 -10.8245 1.3645 33.6288 -5.2762 -4.9480
Car -1 -1 -4.4271 629.4701 178.3123 665.8119 200.5624 1.6742 1.7137 4.2850 3.1539 1.1549 56.3943 -4.3720 -5.0944
Car -1 -1 -4.8177 256.6212 189.3676 325.6029 238.3306 1.3871 1.6204 3.5957 -10.0823 1.5294 22.6601 -5.2323 -5.3697
Car -1 -1 -4.3944 0.0000 183.8050 67.6033 249.3331 1.7155 1.7024 3.9597 -17.4978 1.6788 20.9735 -5.0837 -6.0394
