Car -1 -1 -7.8510 575.9335 176.3247 610.1262 208.5345 1.6217 1.7220 3.8339 -0.8117 1.1742 38.1260 -7.8725 7.8945
Car -1 -1 -7.5692 333.9030 188.2389 458.7376 262.8322 1.3993 1.5943 3.6097 -4.4376 1.4721 15.4443 -7.8448 7.0632
Car -1 -1 -7.6773 435.3164 184.1654 500.3723 226.8221 1.3884 1.5569 4.0866 -4.9037 1.3544 25.4503 -7.8660 6.6997
Car -1 -1 -7.3133 26.9654 196.7607 246.7355 285.7991 1.3282 1.6159 3.7150 -8.3355 1.5685 13.0805 -7.8716 6.1394
Car -1 -1 -7.1674 0.0000 212.6408 243.6323 375.0000 1.3726 1.6210 3.8305 -4.0704 1.6171 4.4726 -7.8762 5.0449
Car -1 -1 -7.7204 484.4318 182.4484 527.2155 212.4890 1.3739 1.5730 3.6399 -4.9022 1.2475 34.7013 -7.8601 4.9870
Car -1 -1 -7.5471 299.4915 179.2253 387.3144 231.8103 1.5938 1.6522 3.7242 -8.6373 1.4124 23.6806 -7.8936 4.4814
Car -1 -1 -7.7144 467.9112 174.4129 497.6927 197.3720 1.6666 1.6816 3.9232 -9.3954 0.8826 54.1692 -7.8857 1.8832
Car -1 -1 -7.5063 306.4403 179.2288 368.7507 213.2686 1.5007 1.5801 3.5960 -12.5473 1.2369 33.4965 -7.8624 1.3276
Car -1 -1 -4.8968 617.4933 176.9491 651.5354 199.9711 1.5938 1.6962 4.2698 1.8664 1.0217 52.0035 -4.8615 1.1065
Car -1 -1 -7.7554 427.0620 177.3829 461.2636 203.4786 1.4833 1.6285 3.6837 -9.7215 1.0383 42.7895 -7.9778 1.0648
Car -1 -1 -7.3636 99.7645 165.8330 253.7382 241.1847 1.9408 1.8186 4.6566 -12.3104 1.4417 20.8756 -7.8911 0.2629
Car -1 -1 -2.9644 477.7400 169.0710 518.1365 185.3198 1.5306 1.5756 3.5870 -10.4604 0.0100 68.5473 -3.1155 -0.9417
Car -1 -1 -2.6911 629.6424 179.8285 703.8683 207.5605 1.5680 1.6661 4.0384 3.4332 1.2636 42.3859 -2.6113 -1.2909
Car -1 -1 -7.4871 381.1252 182.6367 447.0021 216.9871 1.4546 1.5716 3.9001 -8.7000 1.3456 32.4643 -7.7472 -1.9341
Car -1 -1 -4.9043 387.5672 171.7557 415.3483 189.3602 1.5384 1.6600 4.1145 -18.7020 0.3623 65.0273 -5.1835 -2.2861
Car -1 -1 -4.0605 163.6319 180.9081 260.8688 219.0018 1.4956 1.6310 3.7487 -16.5387 1.3266 30.2006 -4.5581 -3.3098
Car -1 -1 -4.7146 91.4837 170.5002 117.2694 192.8094 1.7402 1.6622 3.9451 -40.7418 0.5925 58.1656 -5.3237 -3.4302
Car -1 -1 -4.5180 495.4714 179.7871 534.1825 206.9000 1.5409 1.5838 3.7875 -5.5127 1.2326 42.7976 -4.6457 -3.6517
Car -1 -1 -4.4501 426.8093 179.4593 477.4467 211.5525 1.5395 1.5726 3.7992 -7.8542 1.2636 36.4214 -4.6613 -4.0817
Car -1 -1 -7.2563 276.3123 170.4689 317.5923 191.2216 1.9679 1.7988 3.9376 -30.3391 0.5697 70.2694 -7.6628 -4.1229
Car -1 -1 -3.3149 653.7356 171.4720 696.6917 189.6069 1.7377 1.7249 3.9176 6.5300 0.4209 69.8991 -3.2225 -4.6269
Car -1 -1 -4.7789 306.0700 171.5857 340.3505 200.7811 1.6268 1.6229 3.7161 -16.7191 0.8675 42.0815 -5.1552 -4.9293
Car -1 -1 -4.3774 104.2848 169.7900 144.1647 191.5302 1.6964 1.5133 3.7755 -39.0499 0.4929 58.1117 -4.9672 -5.0054
Car -1 -1 -4.7717 556.9540 183.3819 576.9981 201.2283 1.5433 1.5647 3.6418 -3.6711 1.3849 64.0630 -4.8292 -5.3059
Car -1 -1 -4.6297 621.3089 178.5494 650.8745 204.4941 1.5944 1.5578 4.3653 1.8463 1.1849 46.4379 -4.5906 -5.3226
Car -1 -1 -4.7073 366.5986 179.8958 441.8881 239.7279 1.4073 1.7273 4.2808 -5.4569 1.2823 19.2005 -4.9808 -5.8561
Car -1 -1 -4.6541 380.5147 167.5986 402.9728 187.2672 1.5660 1.5500 3.8630 -17.8019 0.1635 59.2933 -4.9448 -6.0206
Car -1 -1 -4.9012 670.0687 167.7934 698.6840 190.1216 1.7492 1.6468 3.6077 6.1495 0.3845 58.1819 -4.7968 -6.3238
Car -1 -1 -4.8219 408.8773 177.1179 465.6942 221.0513 1.6566 1.7398 4.9854 -7.1750 1.3514 29.7461 -5.0569 -6.8017
