Car -1 -1 -7.7024 451.9662 186.6895 513.1307 229.0861 1.4048 1.5783 4.0454 -4.4841 1.4624 25.9965 -7.8719 6.3019
Car -1 -1 -7.3929 142.7586 188.9599 317.3024 266.8587 1.4768 1.7176 4.1195 -8.1503 1.5705 15.8917 -7.8603 4.6424
Car -1 -1 -7.2268 0.0000 189.9066 175.0946 329.3565 1.5229 1.6178 3.7924 -7.9148 1.6002 9.9023 -7.8881 4.5636
Car -1 -1 -7.8215 573.6979 179.6140 606.4807 208.6117 1.5826 1.7545 3.9451 -0.9989 1.2771 41.2132 -7.8460 4.3035
Car -1 -1 -7.7324 488.7229 184.3409 527.2796 214.1985 1.4696 1.5704 3.3951 -5.1354 1.4267 37.0919 -7.8695 3.8839
Car -1 -1 -7.4518 183.3915 180.8924 279.3817 226.8652 1.4489 1.5983 3.6112 -12.7547 1.3128 24.5144 -7.9273 1.9637
Car -1 -1 -4.7521 622.6130 177.4281 649.2269 201.9613 1.6700 1.7100 4.2702 1.9383 1.1401 51.0716 -4.7148 0.6865
Car -1 -1 -4.5756 660.5753 174.9314 690.8354 200.8599 1.6535 1.5083 3.7893 4.5334 0.9978 47.8590 -4.4821 0.2271
Car -1 -1 -3.9473 0.0000 184.4340 62.3143 291.2568 1.4904 1.6133 3.9315 -11.4777 1.4796 12.0057 -4.6991 -0.1052
Car -1 -1 -4.8706 520.7831 181.1353 549.6144 200.8336 1.4902 1.6339 4.0410 -5.7610 1.1816 56.5434 -4.9721 -0.8084
Car -1 -1 -4.1339 504.8602 183.4946 562.4890 207.1330 1.4990 1.7114 4.3685 -4.9019 1.3901 47.9201 -4.2357 -0.8715
Car -1 -1 -7.7991 444.1483 182.2025 473.6002 207.6160 1.5587 1.6348 4.0075 -9.5509 1.3741 46.1930 -8.0022 -1.8255
Car -1 -1 -4.8324 634.7206 182.2637 672.9858 209.6604 1.4814 1.6604 4.3291 2.5471 1.3220 41.0802 -4.7713 -1.8410
Car -1 -1 -4.9495 604.1040 182.1226 650.5070 209.3455 1.4414 1.6354 4.2458 1.0033 1.2778 40.3096 -4.9253 -2.7063
Car -1 -1 -5.4961 216.3769 187.7404 291.8978 221.5327 1.7151 1.7137 3.3650 -18.7352 1.8537 38.0462 -5.9513 -2.8486
Car -1 -1 -2.9539 620.9474 177.9694 677.8107 200.3877 1.6690 1.6474 4.0943 3.1656 1.1297 54.8129 -2.8970 -3.1160
Car -1 -1 -6.3454 576.4901 179.3517 645.0928 210.1678 1.5829 1.6635 3.5121 0.0918 1.2819 37.8613 -6.3435 -3.2644
Car -1 -1 -4.7082 642.9431 176.8131 659.3976 192.5491 1.5197 1.5873 3.5328 4.2991 0.7084 71.2366 -4.6486 -3.5448
Car -1 -1 -7.5251 114.1611 171.6257 154.2170 192.2292 1.6714 1.6535 3.8406 -39.7363 0.5691 60.3815 -8.1054 -3.6139
Car -1 -1 -4.9199 209.6261 184.8005 267.0137 223.4439 1.7877 1.7135 4.0623 -18.2555 1.7686 35.3724 -5.3937 -3.9936
Car -1 -1 -7.5251 0.0000 188.1752 139.1323 280.3343 1.4447 1.6034 3.7823 -10.3248 1.5086 13.4469 -8.1704 -4.0304
Car -1 -1 -7.7208 391.9613 191.2130 459.5430 237.7048 1.3245 1.5987 3.6968 -5.7529 1.5318 22.9012 -7.9645 -4.1000
Car -1 -1 -4.7560 616.9755 181.4986 643.8949 206.1079 1.4946 1.5280 3.9073 1.3756 1.2690 45.6231 -4.7265 -4.1419
Car -1 -1 -5.2715 137.7132 174.3233 187.1545 195.1080 1.7301 1.7576 3.9771 -38.1197 0.8236 61.5050 -5.8246 -4.7093
Car -1 -1 -4.6951 461.4148 181.7370 482.5608 202.9360 1.5326 1.4960 3.5440 -10.1625 1.2813 53.8425 -4.8812 -4.7395
Car -1 -1 -4.6672 14.7960 168.6986 48.3790 193.4597 1.7026 1.6991 3.8007 -41.2261 0.5670 51.4666 -5.3403 -5.0297
Car -1 -1 -6.2442 642.8173 182.3306 712.2306 217.5963 1.5096 1.4348 2.9781 3.0529 1.3862 31.6802 -6.1495 -5.1632
Car -1 -1 -4.5410 551.9958 186.3418 577.3660 204.4230 1.4870 1.5692 3.5978 -3.6541 1.5860 61.2290 -4.6009 -5.3152
Car -1 -1 -8.1657 655.5375 174.1639 692.7526 199.8012 1.7851 1.6579 3.5628 4.7371 1.0157 51.9721 -8.0757 -6.8900
