Car -1 -1 -7.6549 431.7756 183.3730 501.6674 227.4896 1.3574 1.5924 3.6082 -4.6518 1.3009 23.9294 -7.8451 8.5045
Car -1 -1 -7.2948 15.7737 180.4557 238.5102 281.9258 1.5736 1.6211 3.6216 -8.4402 1.5000 12.9661 -7.8626 7.1400
Car -1 -1 -7.5497 295.6650 185.8246 438.2710 267.4419 1.4196 1.5445 4.0796 -4.7317 1.4338 14.5768 -7.8585 6.8773
Car -1 -1 -7.8996 572.6185 173.9876 611.5520 208.2666 1.6216 1.7620 3.8662 -0.8702 1.0906 35.9967 -7.9240 6.7597
Car -1 -1 -7.3921 162.2858 177.3983 277.5645 231.7658 1.5767 1.6262 3.9147 -12.2003 1.3501 22.8235 -7.8783 5.5073
Car -1 -1 -7.1459 0.0000 201.2989 249.1314 375.0000 1.4662 1.6071 3.6874 -4.2117 1.6158 4.8220 -7.8366 5.3106
Car -1 -1 -7.5738 369.8195 178.7387 428.8223 213.8931 1.4721 1.6170 3.4309 -9.1939 1.2011 31.8191 -7.8531 4.7299
Car -1 -1 -7.6733 457.3808 177.9824 508.3427 213.1159 1.4765 1.5999 3.6847 -5.5431 1.1726 32.0598 -7.8435 4.6800
Car -1 -1 -7.4580 263.7384 184.7391 370.9286 234.2241 1.3578 1.5668 3.9862 -8.6788 1.3449 21.7326 -7.8340 3.3229
Car -1 -1 -7.6427 435.8360 171.9466 478.1236 201.5513 1.6834 1.6759 3.9384 -8.9595 0.9290 42.8505 -7.8479 0.9856
Car -1 -1 -4.5449 420.9727 173.5110 451.0432 193.6641 1.4822 1.6010 3.9158 -13.0887 0.6215 54.8743 -4.7782 0.0865
Car -1 -1 -7.6828 511.3535 167.4540 552.8391 202.2665 2.0163 1.7639 4.6135 -4.5946 0.9877 43.9964 -7.7866 -0.7765
Car -1 -1 -7.8559 345.2413 169.3619 369.7535 191.2102 1.5339 1.6343 3.8632 -18.3187 0.4210 52.5604 -8.1899 -0.8910
Car -1 -1 -7.4185 359.1100 176.5262 414.7237 203.2437 1.4277 1.5406 3.7588 -12.3696 0.9635 40.3828 -7.7142 -0.9291
Car -1 -1 -2.9784 460.4549 164.4293 507.4107 185.5194 1.6301 1.6467 3.4086 -9.7058 0.0236 56.3955 -3.1483 -1.4062
Car -1 -1 -7.2211 204.8679 173.1946 286.2833 209.3601 1.5652 1.5631 3.4966 -16.5570 1.0451 32.9671 -7.6835 -2.1453
Car -1 -1 -5.1602 598.1729 182.4802 650.7339 207.7632 1.4334 1.5754 3.9361 0.9128 1.2785 42.8739 -5.1395 -2.4489
Car -1 -1 -4.6292 322.7360 167.0994 355.0190 193.1610 1.6399 1.6546 4.1090 -17.7185 0.5001 47.4338 -4.9851 -2.7972
Car -1 -1 -5.3309 622.8770 175.4126 665.4654 194.8245 1.6124 1.6227 4.0213 3.0808 0.7983 61.8414 -5.2818 -2.8160
Car -1 -1 -4.7181 174.4178 174.3440 195.0784 192.1612 1.6759 1.6862 3.8667 -41.0331 0.6535 69.7082 -5.2487 -3.0341
Car -1 -1 -4.7513 623.8406 175.5154 656.0973 206.1564 1.5857 1.5861 4.1596 1.6813 1.0838 39.2830 -4.7092 -3.1014
Car -1 -1 -4.9312 539.9516 177.4142 570.1874 197.6699 1.5879 1.6467 3.8621 -4.3344 0.9765 58.4395 -5.0053 -3.3005
Car -1 -1 -2.8704 648.6027 172.0008 701.1234 192.5587 1.6408 1.6670 3.9815 5.4804 0.5862 58.8609 -2.7784 -3.8331
Car -1 -1 -4.6409 256.4233 175.5405 303.9356 211.2650 1.5032 1.6636 3.8481 -14.7058 1.0962 32.3401 -5.0648 -4.3439
Car -1 -1 -4.7871 134.3540 174.3085 160.4646 195.3733 1.8087 1.6752 3.7859 -40.8507 0.8723 63.7412 -5.3554 -4.4296
Car -1 -1 -7.3745 0.0000 181.7961 72.6307 211.6037 1.3964 1.5095 3.7917 -28.4694 1.2364 35.6813 -8.0445 -4.5683
Car -1 -1 -7.6652 0.0000 179.8286 27.2917 211.0809 1.4367 1.5665 3.7111 -29.7268 1.1892 35.0484 -8.3651 -4.6400
Car -1 -1 -4.7447 622.7450 176.8599 649.9339 200.8452 1.5460 1.6883 3.9597 1.8585 1.0076 48.3195 -4.7069 -4.6628
Car -1 -1 -4.6647 660.4899 181.3019 687.2456 206.2219 1.4264 1.4379 3.3522 3.9456 1.2026 42.9065 -4.5740 -4.7295
Car -1 -1 -5.0773 531.2151 183.0473 570.8333 204.4241 1.4108 1.5013 3.6630 -3.9612 1.2678 49.4184 -5.1573 -4.7799
Car -1 -1 -4.3682 270.0598 172.0219 337.5823 207.3189 1.6351 1.7925 4.0374 -14.8901 1.0241 35.3629 -4.7642 -4.8090
Car -1 -1 -1.8789 0.0000 188.4572 18.7032 246.7516 1.3749 1.6294 3.8030 -17.3012 1.4673 18.7976 -2.6160 -4.9108
Car -1 -1 -4.5895 334.4333 180.3209 419.9332 239.4610 1.4596 1.7070 4.5265 -6.3596 1.3389 20.1208 -4.8921 -5.4005
Car -1 -1 -7.4300 395.4747 198.2254 447.5910 227.2017 1.6772 1.6329 4.1879 -11.8193 2.5459 45.7887 -7.6818 -5.7908
Car -1 -1 -4.5045 52.1353 188.6319 186.2005 259.9247 1.3992 1.6567 4.3422 -11.1533 1.4896 16.6549 -5.0874 -5.9573
Car -1 -1 -4.5320 8.2350 185.4928 57.4894 211.7046 1.5451 1.6465 4.2433 -35.6839 1.5634 44.6813 -5.2033 -7.0085
