Car -1 -1 -7.3618 0.0000 199.1989 346.1021 375.0000 1.3996 1.5639 4.1245 -4.1117 1.5770 7.0332 -7.8745 7.3338
Car -1 -1 -7.5974 377.2640 186.5497 479.1678 248.9146 1.4061 1.6080 3.6073 -4.4439 1.4432 18.1041 -7.8351 7.2594
Car -1 -1 -7.6917 452.5340 181.9665 510.1024 221.6555 1.4397 1.5816 4.0106 -4.9011 1.3220 28.0893 -7.8632 6.2836
Car -1 -1 -7.8412 575.9079 176.4135 609.9877 207.4526 1.5844 1.7397 3.8199 -0.8062 1.1353 38.6117 -7.8623 6.2598
Car -1 -1 -7.7672 495.1964 182.6700 531.7167 210.3249 1.3689 1.5780 3.6097 -4.8960 1.2431 37.4206 -7.8968 5.1377
Car -1 -1 -7.5927 332.3742 178.7037 406.6326 224.7844 1.5702 1.6867 3.6567 -8.6844 1.3485 26.3662 -7.9082 5.0224
Car -1 -1 -7.3979 134.5016 192.0910 300.1670 266.1849 1.3805 1.6131 3.8395 -8.3507 1.5493 15.6936 -7.8801 3.5832
Car -1 -1 -7.1183 0.0000 188.2946 55.8633 281.0157 1.4424 1.6329 4.1397 -12.7253 1.5088 13.4018 -7.8679 1.7173
Car -1 -1 -7.4944 187.1324 173.4468 286.1720 227.5562 1.6431 1.6006 3.9982 -12.2412 1.2858 23.9029 -7.9634 0.6668
Car -1 -1 -7.7526 474.8093 173.2683 500.9891 193.8753 1.5763 1.6570 3.9518 -9.4873 0.6626 57.0118 -7.9171 0.0011
Car -1 -1 -7.4967 325.9565 179.9338 384.6457 211.7750 1.5002 1.5654 3.6565 -12.5042 1.2515 35.7154 -7.8315 -0.6614
Car -1 -1 -7.5358 436.5189 175.5442 480.4241 199.8232 1.4764 1.6198 3.8135 -9.4631 0.8885 45.7015 -7.7392 -1.5951
Car -1 -1 -7.9221 619.1438 178.5948 645.2364 199.8622 1.5638 1.6891 4.4551 1.8135 1.0771 55.1144 -7.8898 -2.1444
Car -1 -1 -4.7212 148.4761 173.5342 170.2239 191.6943 1.6122 1.6501 3.7810 -41.1029 0.5753 65.8568 -5.2777 -2.8233
Car -1 -1 -4.6287 500.1299 179.5014 530.8480 205.9635 1.6154 1.6503 3.4887 -5.8502 1.2667 45.6619 -4.7558 -3.6773
Car -1 -1 -4.3408 370.0749 181.0289 438.8199 216.7692 1.5671 1.7244 4.0788 -9.4565 1.3837 33.6348 -4.6132 -3.9250
Car -1 -1 -7.2688 0.0000 196.4284 117.0451 375.0000 1.4060 1.5520 3.8455 -7.3228 1.5610 7.9130 -7.9987 -3.9778
Car -1 -1 -7.9473 240.4392 177.3324 282.3535 210.2176 1.5935 1.6038 3.6326 -17.8001 1.2117 36.8030 -8.3952 -4.1209
Car -1 -1 -4.7344 605.2918 182.8043 630.4994 205.7643 1.4401 1.5574 3.4595 0.6039 1.2890 46.8269 -4.7221 -4.5782
Car -1 -1 -3.3886 0.0000 207.8354 44.3179 375.0000 1.4842 1.6416 3.8743 -8.9572 1.8004 7.9464 -4.2172 -4.5884
Car -1 -1 -2.9838 575.2690 178.9847 634.3741 200.2342 1.5536 1.6600 4.2077 -0.2197 1.0982 53.6978 -2.9883 -4.7034
Car -1 -1 -5.0193 632.6315 178.9530 662.7871 197.1793 1.6788 1.6852 4.1450 3.7562 1.1021 68.4317 -4.9651 -5.0121
Car -1 -1 -4.7484 624.2440 178.7196 650.1935 204.6028 1.6406 1.5600 4.0804 1.8885 1.2290 47.6058 -4.7094 -5.1151
Car -1 -1 -4.8171 641.6123 179.5493 661.1688 194.3037 1.4184 1.5415 3.7134 4.2772 0.8738 70.9954 -4.7576 -5.2919
Car -1 -1 -4.6258 404.0883 174.9214 423.5831 190.9472 1.4694 1.4729 3.5523 -18.2715 0.5257 67.7890 -4.8884 -5.3454
Car -1 -1 -5.1076 542.9744 183.4288 574.5620 200.4820 1.4802 1.5184 3.6798 -4.4289 1.3253 64.3827 -5.1765 -6.2256
Car -1 -1 -4.8712 421.0183 174.1283 479.5417 214.6779 1.6720 1.7379 5.3795 -7.2376 1.2150 32.4613 -5.0891 -6.8864
