Car -1 -1 -7.6466 405.3500 188.6956 495.5292 245.9199 1.4000 1.5941 4.1907 -4.2795 1.5068 19.9389 -7.8557 6.8148
Car -1 -1 -7.6961 471.9178 185.9342 522.1552 220.4708 1.3985 1.5796 3.6953 -4.7552 1.4315 31.0392 -7.8472 5.6147
Car -1 -1 -7.8631 576.4116 180.4877 609.0479 209.8938 1.5823 1.7572 3.8505 -0.9021 1.3281 40.6332 -7.8856 4.8276
Car -1 -1 -7.6366 363.5241 189.7810 423.9008 224.0862 1.2705 1.5820 3.6152 -8.5900 1.4665 28.9754 -7.9226 3.2802
Car -1 -1 -7.5389 399.1034 181.3215 440.2358 203.8608 1.4829 1.6314 3.7838 -12.8536 1.2269 49.2330 -7.7934 2.8162
Car -1 -1 -7.7422 423.4491 181.6515 461.3116 212.0249 1.6053 1.6511 3.6236 -9.1579 1.4171 39.8859 -7.9668 1.8651
Car -1 -1 -7.7289 497.7365 183.0378 533.2802 209.8830 1.4669 1.5707 3.6759 -5.2623 1.3481 41.1209 -7.8558 1.0829
Car -1 -1 -4.8504 451.8671 179.4765 484.1581 202.8645 1.4972 1.5945 3.9131 -9.4167 1.1299 48.1261 -5.0429 1.0783
Car -1 -1 -8.0224 628.7226 185.9210 661.9590 209.0570 1.3382 1.4725 3.2333 2.2035 1.3825 43.3738 -7.9724 -0.1119
Car -1 -1 -7.8116 516.2690 181.7495 541.2157 203.3266 1.4561 1.5770 4.0309 -5.5466 1.2223 50.5746 -7.9207 -1.8267
Car -1 -1 -8.0520 317.7368 189.6197 397.6376 241.7443 1.4237 1.5790 3.8647 -7.7861 1.5716 22.0489 -8.3880 -1.9152
Car -1 -1 -4.5931 612.8789 183.9715 642.9811 206.0726 1.4648 1.6171 4.0471 1.4118 1.3825 49.7628 -4.5654 -2.5274
Car -1 -1 -4.6827 493.2054 178.2963 511.4221 195.0970 1.5898 1.6429 3.9079 -10.2584 0.9352 70.0567 -4.8279 -2.6458
Car -1 -1 -2.2119 281.9813 188.2153 394.5827 233.5668 1.4295 1.6233 3.8626 -9.2993 1.5396 24.6144 -2.5699 -2.6599
Car -1 -1 -4.5311 609.6824 183.0909 633.4333 197.5865 1.3732 1.6364 3.9538 1.3690 1.1721 70.1995 -4.5121 -3.0910
Car -1 -1 -4.3962 365.4962 173.8141 403.3161 194.8367 1.5819 1.6449 4.0334 -17.4040 0.7241 56.1231 -4.6959 -3.4100
Car -1 -1 -4.7385 452.7086 173.8747 472.1718 192.0988 1.6345 1.6621 3.9055 -13.4896 0.6175 66.5615 -4.9380 -3.5416
Car -1 -1 -3.3332 480.6460 179.5627 541.4928 204.7058 1.6286 1.6667 3.7741 -6.4837 1.2626 47.9573 -3.4673 -3.6557
Car -1 -1 -6.2820 363.9905 188.1462 482.0686 233.0917 1.4193 1.6197 3.7102 -6.1982 1.5227 24.1020 -6.5314 -3.7189
Car -1 -1 -3.0434 613.5114 178.8333 669.6741 201.0328 1.6356 1.6713 4.0783 2.5458 1.1655 54.0841 -2.9970 -4.2043
Car -1 -1 -7.6171 333.5248 185.1913 380.6513 213.6505 1.3656 1.4759 3.4344 -12.6255 1.3646 36.2747 -7.9501 -4.3193
Car -1 -1 -3.4478 0.0000 139.9843 140.5576 375.0000 1.6525 1.6419 4.5269 -5.7832 1.5186 4.5374 -4.3245 -4.5266
Car -1 -1 -3.7118 185.4458 180.1505 362.5944 242.5959 1.5724 1.6980 4.3128 -9.3391 1.4450 20.3720 -4.1370 -4.6618
Car -1 -1 -4.7320 611.6155 182.9727 637.0423 207.3773 1.4543 1.4993 3.4527 0.9687 1.3208 44.5663 -4.7109 -5.1584
Car -1 -1 -4.5914 486.9157 177.8481 516.6276 200.8157 1.5631 1.6220 3.9048 -7.4862 1.0618 50.8950 -4.7370 -6.0699
Car -1 -1 -4.3932 645.1932 178.1394 678.2285 199.2123 1.7217 1.6113 4.0320 4.5915 1.1437 60.9044 -4.3188 -6.8953
