Car -1 -1 -7.8831 573.4191 172.3068 658.0236 250.5672 1.6077 1.7418 3.8711 0.0636 1.3426 16.7246 -7.8799 7.3108
Car -1 -1 -7.5097 290.0379 180.5637 387.8930 231.1038 1.4571 1.6719 3.8400 -8.3839 1.3232 22.6511 -7.8606 7.2518
Car -1 -1 -7.6087 379.3286 184.7518 473.2462 242.3717 1.3604 1.5407 3.5585 -4.6668 1.3496 18.7544 -7.8496 7.2448
Car -1 -1 -7.6968 455.5238 177.6963 518.5477 219.4546 1.4372 1.6550 4.3715 -4.4687 1.1786 26.9316 -7.8600 6.4832
Car -1 -1 -7.2885 0.0000 186.2964 319.1628 375.0000 1.5352 1.6149 3.6023 -4.1375 1.5476 6.3311 -7.8482 6.4364
Car -1 -1 -7.2251 0.0000 185.7112 144.2534 258.1975 1.4131 1.5250 3.9230 -12.3731 1.4257 16.0179 -7.8749 3.7383
Car -1 -1 -7.3310 147.9842 181.5557 262.2898 229.4827 1.4168 1.5067 3.7834 -12.8662 1.3088 23.1580 -7.8335 3.1445
Car -1 -1 -7.5701 374.9048 167.0771 422.7166 198.2561 1.7480 1.7070 3.7545 -12.2285 0.7313 42.1818 -7.8508 -0.2366
Car -1 -1 -7.8100 446.4629 172.8091 476.6437 198.3683 1.4511 1.5947 3.7838 -8.6933 0.7469 42.8039 -8.0094 -0.3852
Car -1 -1 -4.7177 541.2117 179.6865 571.6149 207.6405 1.4919 1.6213 4.0675 -2.9342 1.1970 40.4564 -4.7900 -1.1483
Car -1 -1 -1.9613 0.0000 186.6268 89.7825 337.1559 1.5182 1.6111 3.6547 -8.3502 1.5386 8.7793 -2.7065 -2.1085
Car -1 -1 -2.3939 507.5417 175.7226 571.5413 201.1608 1.5453 1.6396 3.9795 -4.3724 0.9688 45.5266 -2.4894 -2.4573
Car -1 -1 -5.0110 613.7590 177.6660 649.2969 198.8397 1.5324 1.6335 3.7439 1.7272 0.9862 54.0483 -4.9797 -2.8540
Car -1 -1 -4.3045 457.3988 170.4413 496.8899 191.7831 1.5774 1.6554 3.6780 -9.9893 0.4856 55.1115 -4.4832 -3.3323
Car -1 -1 -4.3798 648.7958 181.2283 688.3513 203.7724 1.4510 1.5502 3.6257 4.0927 1.1945 48.2378 -4.2961 -3.3753
Car -1 -1 -7.8082 588.2166 175.8667 626.8851 209.7505 1.4621 1.6043 3.7582 0.0028 1.0588 32.9327 -7.8085 -3.3879
Car -1 -1 -7.8495 513.7761 176.9358 546.2059 206.7753 1.4953 1.6196 4.1468 -4.1530 1.0805 38.1683 -7.9575 -3.5879
Car -1 -1 -4.6333 552.7281 171.4905 571.3086 187.0452 1.5153 1.5997 3.2397 -4.5457 0.1784 71.6610 -4.6967 -4.2616
Car -1 -1 -4.6329 521.1874 170.8948 554.1365 199.2548 1.6001 1.6414 3.8072 -4.1275 0.7922 42.4747 -4.7295 -4.3198
Car -1 -1 -4.1752 565.8873 178.7603 603.5032 196.7327 1.5219 1.5520 3.8294 -1.9984 0.9754 62.9226 -4.2073 -4.5590
Car -1 -1 -7.6707 0.0000 188.0769 175.4986 315.3032 1.4372 1.6779 3.9937 -7.5245 1.4873 10.3825 -8.2857 -4.6712
Car -1 -1 -5.0052 473.3826 169.9337 516.4255 192.6763 1.5941 1.8232 4.7792 -8.3844 0.5231 52.9350 -5.1618 -5.0751
Car -1 -1 -5.2347 565.4495 176.8391 649.6117 215.4751 1.5070 1.6953 4.1258 -0.1283 1.1804 30.2487 -5.2393 -5.4436
Car -1 -1 -4.6714 310.2223 181.5298 364.7209 224.3807 1.4959 1.7541 4.4084 -10.2775 1.3674 27.4623 -5.0266 -5.5840
