Car -1 -1 -7.8597 577.8091 173.2053 644.7075 235.8777 1.6179 1.7274 3.8315 0.0333 1.3080 20.4772 -7.8585 8.4044
Car -1 -1 -7.6149 367.3901 176.2420 485.8378 259.2336 1.6274 1.6584 3.8911 -3.9332 1.4516 16.0435 -7.8518 7.4244
Car -1 -1 -7.4737 243.4239 185.8814 355.3306 245.7993 1.4541 1.5659 3.4358 -8.1562 1.4737 19.2147 -7.8704 6.6527
Car -1 -1 -7.7057 459.3504 177.4102 516.9904 221.4357 1.5893 1.6619 3.7394 -4.5958 1.3077 27.8312 -7.8682 6.0104
Car -1 -1 -7.5623 343.3143 183.7593 418.7709 223.3693 1.4335 1.6184 4.3808 -8.8235 1.3809 28.2128 -7.8630 3.2385
Car -1 -1 -7.6961 491.3033 180.0620 530.6222 207.7946 1.4322 1.5807 3.4757 -5.2211 1.1662 38.8820 -7.8291 2.2361
Car -1 -1 -7.5563 310.4579 183.3786 369.0685 213.6207 1.3735 1.5327 4.0120 -12.8861 1.2902 34.6926 -7.9098 2.0785
Car -1 -1 -4.6544 517.8454 177.5461 544.6869 200.3895 1.4453 1.5417 3.8674 -5.0382 0.9602 47.4511 -4.7600 0.8612
Car -1 -1 -7.8835 576.1263 181.1290 616.7471 216.5698 1.3886 1.5759 3.5187 -0.5600 1.2287 29.9615 -7.9025 0.8379
Car -1 -1 -4.7841 624.9839 180.1304 655.9338 204.8181 1.4286 1.5926 3.7927 1.9103 1.1345 43.5161 -4.7409 -2.5972
Car -1 -1 -7.6652 439.5367 164.6088 469.3180 185.9075 1.7688 1.7817 3.9941 -13.1363 0.0576 61.7139 -7.8742 -2.8404
Car -1 -1 -7.6188 618.5701 177.4821 655.1776 200.6887 1.4619 1.5743 3.7783 1.9314 0.9749 47.3167 -7.5787 -3.1012
Car -1 -1 -6.9334 157.4610 185.0872 265.4913 222.7597 1.4966 1.6093 3.8378 -16.8222 1.4917 30.6385 -7.4321 -3.2224
Car -1 -1 -4.6009 431.1086 179.6302 465.7906 207.5644 1.5096 1.5015 3.8625 -9.0349 1.2079 40.8465 -4.8176 -3.2910
Car -1 -1 -4.5068 644.6940 177.7528 674.4993 198.7046 1.6787 1.6529 4.2211 4.3375 1.0809 59.8538 -4.4353 -3.7665
Car -1 -1 -4.7701 597.0464 175.5987 627.3692 199.4634 1.5046 1.7532 4.1722 0.2250 0.8985 47.4525 -4.7658 -4.4328
Car -1 -1 -2.7087 572.6334 176.3360 641.3230 200.1593 1.4314 1.5955 3.9723 -0.0815 0.8980 44.7456 -2.7109 -4.4419
Car -1 -1 -7.3560 635.4109 176.7446 688.4151 201.1863 1.5243 1.6306 4.2514 3.5687 0.9962 47.0601 -7.2811 -4.7178
Car -1 -1 -5.8996 170.3393 175.9819 262.1186 207.4454 1.5468 1.6922 3.7176 -19.7864 1.0930 36.3878 -6.3948 -5.3442
Car -1 -1 -4.6417 448.0302 180.8042 494.7463 216.4896 1.4415 1.6832 4.4867 -5.9124 1.2634 31.3619 -4.8269 -5.4227
Car -1 -1 -7.7479 411.9897 178.7409 482.6436 229.8403 1.4292 1.7259 3.6061 -4.8615 1.2482 21.9918 -7.9632 -5.4610
Car -1 -1 -4.7291 565.7719 179.9889 581.7115 196.0432 1.5480 1.5114 3.5680 -3.3929 1.0442 71.1440 -4.7770 -5.6056
Car -1 -1 -4.5490 396.2379 176.9495 448.2794 212.6344 1.4973 1.6270 3.9705 -8.2757 1.1506 32.2113 -4.7988 -5.8355
Car -1 -1 -4.3691 31.5833 184.8504 226.0749 276.0768 1.4230 1.6433 4.1802 -8.7017 1.4174 13.4327 -4.9350 -5.8541
Car -1 -1 -4.7700 589.5303 177.9411 611.8917 196.0251 1.4200 1.5867 3.9443 -0.6201 0.8489 58.4687 -4.7810 -5.8867
Car -1 -1 -4.4008 426.7199 177.8550 485.9996 210.0279 1.4274 1.6139 3.9014 -7.1035 1.1010 33.9180 -4.6060 -5.8867
Car -1 -1 -4.6120 376.6164 178.7448 416.2015 208.5241 1.3680 1.4738 3.7746 -10.2746 1.0709 35.0120 -4.8957 -5.9646
Car -1 -1 -4.4130 394.6281 172.7569 423.9662 191.0737 1.6863 1.5907 3.9371 -18.7909 0.5395 68.1725 -4.6812 -6.1446
Car -1 -1 -4.3885 0.0000 186.3004 230.3045 305.8279 1.4008 1.6383 4.5132 -7.2374 1.4210 10.8578 -4.9652 -6.2408
Car -1 -1 -4.8427 389.2104 177.2314 460.3243 227.7400 1.5621 1.7790 4.5065 -6.4070 1.3154 24.6554 -5.0947 -6.4198
