Car -1 -1 -7.8340 600.1652 175.0814 681.1307 249.0632 1.6208 1.7785 3.8066 0.7898 1.3990 17.7048 -7.7906 7.7390
Car -1 -1 -7.4431 135.8030 187.0097 403.9922 321.6274 1.4568 1.6394 4.4232 -4.3717 1.4876 10.0584 -7.8436 7.4160
Car -1 -1 -7.2842 58.5785 185.3483 213.1598 244.5591 1.4035 1.5542 3.8482 -12.2964 1.4076 18.9735 -7.8530 5.8151
Car -1 -1 -7.7193 656.1352 181.5978 691.1163 206.4540 1.3632 1.5471 3.5337 3.7930 1.1649 41.3188 -7.6288 3.2577
Car -1 -1 -7.1349 0.0000 191.4531 76.1926 375.0000 1.4295 1.6461 4.3480 -8.1110 1.5164 7.7650 -7.9248 2.7542
Car -1 -1 -7.4626 160.5060 176.4330 223.5091 205.1812 1.5053 1.6478 3.8746 -22.8855 1.0456 39.6688 -7.9832 1.7977
Car -1 -1 -7.6723 503.0186 174.7842 542.2005 201.1709 1.4803 1.5966 4.0032 -4.9965 0.8953 42.3781 -7.7893 1.5209
Car -1 -1 -7.6236 719.0660 181.8967 746.6902 199.1836 1.4889 1.6059 3.7826 11.1487 1.2032 63.9693 -7.4522 1.2280
Car -1 -1 -7.6724 245.3677 183.7471 337.8665 243.0147 1.3840 1.5289 3.7898 -8.1884 1.3499 18.8043 -8.0781 -0.1145
Car -1 -1 -4.9687 531.0755 175.8985 563.7293 195.6142 1.4399 1.5654 3.7420 -4.6325 0.7596 54.5268 -5.0534 -0.7385
Car -1 -1 -7.5200 321.7573 178.3122 406.3150 222.5710 1.4272 1.5813 3.9495 -8.4601 1.2048 25.1659 -7.8413 -1.5930
Car -1 -1 -4.8603 760.0540 186.1249 799.9216 212.9422 1.4751 1.6463 4.1258 9.9279 1.5308 41.8094 -4.6291 -1.8250
Car -1 -1 -4.2975 284.0299 175.7922 335.8758 201.9453 1.6110 1.6596 3.8633 -19.1113 1.0307 46.2334 -4.6877 -2.0076
Car -1 -1 -7.3584 227.1817 164.8888 330.5204 215.3890 1.7120 1.6669 4.1689 -12.0266 1.0231 26.5098 -7.7807 -2.5958
Car -1 -1 -7.3146 86.4721 176.7702 139.8281 196.7873 1.4260 1.6081 3.6239 -36.4652 0.8245 53.0670 -7.9145 -2.6677
Car -1 -1 -6.5723 0.0000 187.6482 91.4451 234.2566 1.3982 1.6156 3.8257 -19.7016 1.4859 23.8143 -7.2582 -2.9802
Car -1 -1 -4.8082 758.7369 187.2803 788.9982 210.6391 1.4919 1.6044 3.8560 11.0896 1.6365 48.2837 -4.5842 -3.3272
Car -1 -1 -4.7589 494.2779 175.5061 527.8745 204.0920 1.4359 1.5886 3.6092 -5.1858 0.9483 38.0270 -4.8938 -3.4459
Car -1 -1 -4.7480 155.0173 174.3417 177.5506 192.4465 1.6314 1.6508 3.9145 -41.0928 0.6517 66.8646 -5.2975 -3.4716
Car -1 -1 -7.9205 554.0795 172.8225 574.9736 190.1070 1.4831 1.5967 3.7299 -3.8653 0.4199 63.6318 -7.9812 -3.5047
Car -1 -1 -5.3353 0.0000 181.9888 73.8507 307.2183 1.5140 1.6802 4.3638 -10.0320 1.4752 9.8854 -6.1145 -3.5314
Car -1 -1 -4.9481 735.2067 186.8603 776.5799 213.2220 1.4505 1.5485 3.5265 8.4853 1.5498 41.5665 -4.7485 -3.8031
Car -1 -1 -4.5048 518.1948 176.7161 561.3980 205.1614 1.4446 1.5504 3.8129 -3.6175 1.0131 38.4896 -4.5982 -4.0018
Car -1 -1 -6.2767 755.2424 177.6169 836.6611 209.2794 1.6467 1.6919 4.1537 10.0797 1.2516 38.7349 -6.0243 -4.0845
Car -1 -1 -4.6574 33.3403 172.6038 68.3225 197.7955 1.7842 1.8113 4.1489 -41.1340 0.8911 53.1362 -5.3140 -4.5295
Car -1 -1 -4.1242 20.2974 177.2001 92.1343 205.3852 1.5836 1.5851 3.6522 -32.3624 1.1334 42.2627 -4.7749 -4.5562
Car -1 -1 -7.9073 313.7734 173.2047 336.0904 190.9031 1.6061 1.7355 4.0423 -26.5639 0.5163 67.4330 -8.2815 -4.6008
Car -1 -1 -4.2862 657.0856 180.5576 703.8016 205.6800 1.5899 1.5711 3.9967 4.8322 1.2953 47.6158 -4.1861 -4.8249
Car -1 -1 -4.5976 94.7804 174.7484 133.2137 198.4138 1.5905 1.7732 3.9820 -34.6444 0.8872 50.4886 -5.1967 -5.6131
Car -1 -1 -4.5467 197.0381 189.2674 317.2196 261.9548 1.3859 1.7866 3.5699 -7.6349 1.4866 15.8852 -4.9884 -5.6258
Car -1 -1 -4.5835 0.0000 182.4073 0.0000 207.2606 1.4573 1.6386 4.0124 -41.2619 1.2928 44.2593 -5.3311 -5.8867
Car -1 -1 -4.5117 684.3417 178.8839 711.1286 196.3392 1.5254 1.6461 3.9850 8.1505 0.9722 64.9708 -4.3879 -5.8867
Car -1 -1 -4.9159 458.5119 174.8099 511.2676 206.3927 1.4660 1.6941 4.5513 -6.2195 0.9831 35.7951 -5.0870 -5.9890
