Car -1 -1 -7.8634 570.5749 172.4807 657.4158 251.2788 1.6151 1.7807 3.8392 0.0651 1.3542 16.6590 -7.8600 7.5960
Car -1 -1 -7.5988 369.4544 185.3974 467.5561 245.8377 1.3635 1.5279 3.4641 -4.6603 1.3687 17.9636 -7.8493 7.5785
Car -1 -1 -7.4938 277.7394 180.3101 380.7238 233.2276 1.4696 1.6706 3.7968 -8.3812 1.3335 21.8641 -7.8560 6.8961
Car -1 -1 -7.3332 128.8971 180.7213 250.6937 234.3781 1.5283 1.6153 3.7232 -12.8766 1.4005 22.3391 -7.8512 6.0393
Car -1 -1 -7.7025 451.2345 177.5014 515.6464 221.2716 1.4585 1.6520 4.4242 -4.4702 1.2016 26.1792 -7.8703 5.5185
Car -1 -1 -7.2259 0.0000 188.1610 285.1702 375.0000 1.5393 1.6156 3.6146 -4.1535 1.5694 5.5050 -7.8491 5.0316
Car -1 -1 -7.1879 0.0000 186.0958 136.2590 262.7123 1.4366 1.5982 4.0171 -12.3592 1.4583 15.5358 -7.8517 4.1627
Car -1 -1 -7.7956 624.4125 176.2543 648.3705 197.3327 1.5514 1.6118 3.8304 2.1970 0.8920 54.8925 -7.7562 0.6938
Car -1 -1 -4.5680 514.0211 172.1343 553.0489 201.5458 1.6225 1.6954 3.9842 -4.2809 0.9010 41.6809 -4.6701 -0.7465
Car -1 -1 -7.6229 434.2330 173.0522 476.2997 199.5599 1.4765 1.5894 3.7112 -8.8676 0.7991 41.9136 -7.8304 -1.3212
Car -1 -1 -4.5315 333.9660 176.0079 381.4679 207.0336 1.4610 1.6382 3.3787 -12.3742 1.0276 35.6447 -4.8636 -1.5644
Car -1 -1 -7.5059 647.5297 180.2825 692.4316 205.3436 1.5776 1.6462 4.1367 4.1312 1.2672 47.4735 -7.4201 -1.6849
Car -1 -1 -4.3097 508.0217 176.6281 564.9487 207.2544 1.5299 1.5869 3.9171 -3.7378 1.1010 38.0150 -4.4074 -1.9039
Car -1 -1 -4.7220 546.1591 172.2978 577.3518 202.5185 1.6479 1.7004 4.1207 -2.6972 0.9436 41.3159 -4.7871 -2.5022
Car -1 -1 -4.9201 397.3970 173.9036 449.0385 206.0049 1.4823 1.6328 4.1804 -9.1845 0.9601 35.4283 -5.1722 -2.6306
Car -1 -1 -7.5608 669.6285 179.2115 716.6663 205.7010 1.6395 1.8234 4.5275 5.6044 1.2680 46.9308 -7.4431 -3.3374
Car -1 -1 -7.4226 469.8571 168.7598 513.1293 192.6928 1.7405 1.6962 4.0534 -8.7761 0.5439 54.4572 -7.5819 -3.4886
Car -1 -1 -7.8214 582.6610 176.8090 619.6057 210.2453 1.4624 1.5948 3.7532 -0.2964 1.0949 33.3356 -7.8306 -3.4951
Car -1 -1 -4.8835 237.1154 176.8035 281.8372 204.5880 1.4454 1.5744 3.8647 -19.1677 1.0079 39.4245 -5.3336 -3.5827
Car -1 -1 -4.4792 672.5979 180.8115 699.3080 198.9149 1.7150 1.6800 4.1928 7.6768 1.2979 70.3557 -4.3714 -3.6146
Car -1 -1 -7.6023 430.1825 173.7272 481.7037 205.6065 1.4922 1.5843 3.8486 -7.4871 0.9546 35.6057 -7.8084 -3.7334
Car -1 -1 -4.7785 692.2106 179.8410 716.5505 201.4471 1.6769 1.6850 3.7097 7.7053 1.2599 57.6980 -4.6468 -3.9435
Car -1 -1 -5.8222 0.0000 185.6288 142.8130 233.3499 1.4562 1.5093 3.6141 -17.2625 1.4702 23.0155 -6.4604 -3.9718
Car -1 -1 -7.2795 283.9904 177.5667 350.1767 206.8669 1.4411 1.5561 3.4300 -15.0003 1.0650 37.1875 -7.6607 -4.2680
Car -1 -1 -4.5989 126.6018 174.2367 154.4407 191.8337 1.4924 1.6424 3.6019 -40.8874 0.5614 62.9442 -5.1733 -4.3549
Car -1 -1 -7.9644 722.7784 173.6058 756.0034 200.5124 1.5310 1.5477 3.5439 7.7518 0.8706 42.7243 -7.7865 -4.6524
Car -1 -1 -4.2518 41.3401 178.5373 112.6157 204.2932 1.4885 1.7793 4.2528 -32.2525 1.1027 43.7927 -4.8839 -5.3007
Car -1 -1 -4.7281 280.2464 180.1096 333.2916 226.3072 1.5839 1.7014 3.8868 -11.2693 1.4090 26.7681 -5.1234 -5.4386
Car -1 -1 -4.6587 317.3379 180.9245 373.3552 228.5004 1.5770 1.6774 3.9515 -9.4367 1.4349 25.9618 -5.0044 -5.4512
Car -1 -1 -4.6310 564.2018 178.5564 584.4844 196.8648 1.5590 1.4917 3.6040 -2.9187 0.9921 63.0379 -4.6775 -5.5759
Car -1 -1 -4.7212 577.6221 177.4705 624.9810 216.5242 1.4955 1.8148 4.5942 -0.3350 1.1990 29.8417 -4.7327 -5.7146
Car -1 -1 -4.5839 617.4608 178.3411 648.5304 201.6052 1.4849 1.5893 3.8895 1.6960 1.0463 47.9324 -4.5492 -5.8026
Car -1 -1 -4.2005 258.7148 177.9586 324.9706 206.6868 1.5097 1.4558 4.2803 -17.5066 1.1285 39.9791 -4.6110 -7.5940
