Car -1 -1 -7.8577 572.1265 172.2110 618.2820 215.2763 1.6261 1.7439 3.8434 -0.5600 1.1352 29.0846 -7.8771 8.1339
Car -1 -1 -7.6679 422.9245 167.0856 502.2763 224.0498 1.7664 1.8440 4.4628 -4.8735 1.2043 24.5294 -7.8623 7.0035
Car -1 -1 -7.7192 485.5626 177.4976 526.5482 207.2067 1.4389 1.5654 3.8898 -5.1801 1.0653 36.7648 -7.8585 4.2303
Car -1 -1 -7.6054 391.8121 175.7847 447.4638 209.8617 1.5417 1.6265 4.0892 -9.0035 1.1152 34.5702 -7.8586 3.4218
Car -1 -1 -4.9919 638.5141 172.7081 671.0579 196.0294 1.7956 1.5978 3.7985 3.6972 0.8327 57.3730 -4.9283 0.2685
Car -1 -1 -7.9413 538.2681 172.3629 561.3810 190.2489 1.4443 1.5955 3.7819 -4.8830 0.4066 60.0467 -8.0224 -0.5971
Car -1 -1 -8.1041 614.0547 175.5176 648.4398 197.4977 1.5185 1.5813 3.7554 1.6261 0.8487 51.6677 -8.0732 -1.4736
Car -1 -1 -5.2394 522.9715 178.9964 574.0769 202.5901 1.4663 1.5928 3.8314 -3.9141 1.0799 46.7008 -5.3230 -2.7800
Car -1 -1 -4.3628 365.8578 180.4464 408.4459 203.5870 1.5883 1.7036 3.8011 -15.7065 1.2611 51.2848 -4.6589 -3.6684
Car -1 -1 -4.8232 621.7722 173.0066 651.6729 197.4038 1.8884 1.8967 4.6637 2.2739 0.9435 58.0341 -4.7847 -3.7191
Car -1 -1 -4.9142 642.8780 172.7861 667.8621 189.5078 1.5950 1.6772 3.9928 4.6402 0.4096 70.6622 -4.8492 -3.8664
Car -1 -1 -7.8091 383.0214 172.2463 404.5987 190.5260 1.6470 1.7472 3.9794 -19.8927 0.4786 66.9112 -8.0973 -3.9184
Car -1 -1 -8.5133 517.3076 178.5332 593.3990 206.5350 1.3736 1.6545 4.3018 -2.8164 1.0460 37.4146 -8.5883 -4.0239
Car -1 -1 -4.7377 397.2064 180.8880 440.5501 218.1814 1.4135 1.6028 3.9707 -7.8071 1.2496 29.3757 -4.9956 -4.0240
Car -1 -1 -7.6129 445.1992 178.5299 497.6514 213.2309 1.4602 1.5067 3.4754 -6.0502 1.1791 32.0270 -7.7984 -4.4383
Car -1 -1 -8.1205 593.0645 175.6553 630.9424 197.0092 1.4635 1.6217 4.3407 0.2323 0.8085 51.5750 -8.1164 -4.5846
Car -1 -1 -4.8643 500.4265 179.2898 540.6547 206.2452 1.4268 1.6392 3.9938 -4.9558 1.1133 40.1942 -4.9865 -4.5965
Car -1 -1 -5.0042 568.0947 177.8747 603.3671 198.3897 1.4254 1.5571 3.6455 -1.6496 0.9155 51.9215 -5.0362 -4.6916
Car -1 -1 -5.0437 389.2584 180.0103 429.9026 203.8069 1.5896 1.6468 3.5801 -13.8258 1.2420 49.9603 -5.3126 -4.8519
Car -1 -1 -4.2733 356.6638 170.9748 397.4041 190.0869 1.6347 1.7988 4.2528 -20.4055 0.4168 63.7117 -4.5823 -4.8938
Car -1 -1 -4.6707 446.4622 175.8219 496.8892 214.8618 1.4390 1.7923 4.6518 -5.4312 1.0929 28.9272 -4.8549 -4.9355
Car -1 -1 -7.7602 306.6539 173.2805 381.5567 230.4896 1.4100 1.5805 3.4619 -7.1351 1.1160 19.5900 -8.1052 -5.1529
Car -1 -1 -7.6933 313.1398 175.0474 383.6751 222.9543 1.4190 1.5806 3.5253 -8.3116 1.1180 23.1682 -8.0343 -5.3449
Car -1 -1 -5.3076 539.2711 175.5711 611.9148 202.7847 1.3648 1.6403 4.4623 -1.8134 0.8812 38.3281 -5.3549 -5.3824
Car -1 -1 -7.6803 239.6367 174.2839 362.2155 256.0643 1.4065 1.5740 3.8462 -6.0280 1.2186 14.4101 -8.0700 -5.5052
Car -1 -1 -4.3235 594.7659 174.3087 634.7913 198.4746 1.7804 1.7172 3.9064 0.5591 0.9770 55.0956 -4.3138 -5.8045
Car -1 -1 -4.4543 218.1706 176.8401 336.7211 244.0659 1.4354 1.6223 3.9464 -7.8857 1.2567 17.4268 -4.8736 -5.8867
Car -1 -1 -7.0092 0.0000 0.0000 1240.0000 375.0000 1.5368 1.5879 3.8038 -1.7255 1.5925 1.0072 -7.9398 -5.8867
Car -1 -1 -4.0661 52.0811 179.9822 312.7631 286.5058 1.4484 1.6184 3.8859 -6.7133 1.3774 11.8103 -4.5733 -5.8867
Car -1 -1 -4.6568 308.8802 176.5639 363.9440 219.5447 1.4381 1.6406 4.1289 -9.8729 1.1488 26.2677 -5.0132 -5.9182
Car -1 -1 -7.5065 0.0000 189.5449 267.2882 357.8844 1.4900 1.8260 4.2899 -5.7241 1.5568 8.7718 -8.0709 -6.0908
Car -1 -1 -5.0986 535.7823 166.2276 585.7181 193.5041 1.7660 1.7597 4.6717 -3.2902 0.5368 49.0281 -5.1655 -6.1546
Car -1 -1 -4.5341 328.5069 178.3188 388.2958 216.2225 1.4526 1.6183 4.1138 -10.2539 1.1884 29.7041 -4.8640 -6.3406
Car -1 -1 -4.1955 0.0000 187.2310 0.1771 375.0000 1.4561 1.6111 4.6083 -5.8188 1.4757 4.4722 -5.0818 -6.5031
