Car -1 -1 -7.8443 574.5687 176.4729 660.1334 254.8205 1.6003 1.7497 3.8220 0.1817 1.4219 16.6113 -7.8340 8.0153
Car -1 -1 -7.4410 164.3803 194.5617 384.6178 313.7379 1.3740 1.5225 3.5124 -4.5729 1.5313 10.3243 -7.8486 7.5311
Car -1 -1 -7.3416 111.7969 185.7728 292.6669 266.6262 1.4767 1.5849 3.8459 -8.3239 1.4900 15.0905 -7.8384 5.9757
Car -1 -1 -7.6403 382.1901 182.9801 482.3022 244.8425 1.4302 1.6319 4.3458 -4.4878 1.3787 18.8066 -7.8717 5.8723
Car -1 -1 -7.1865 0.0000 187.0589 97.5370 269.0618 1.4648 1.6267 3.9496 -12.8153 1.5084 14.9314 -7.8870 4.0561
Car -1 -1 -7.4399 236.6504 181.8516 326.0614 220.1186 1.3510 1.5492 4.1664 -12.3836 1.2324 27.4676 -7.8601 3.6931
Car -1 -1 -7.5838 353.2276 182.1600 423.9982 220.3119 1.3682 1.5602 4.1543 -8.4355 1.2588 27.8735 -7.8754 2.3044
Car -1 -1 -7.7848 660.8002 182.2150 683.9817 200.9156 1.4953 1.6585 3.7703 5.3586 1.2555 59.4711 -7.6958 1.2721
Car -1 -1 -4.3012 228.6318 176.0740 274.3661 196.6464 1.4802 1.6095 3.9622 -26.5888 0.8226 53.7378 -4.7589 -0.0026
Car -1 -1 -7.4978 266.2066 176.2139 323.3656 204.8902 1.4581 1.6063 3.7001 -16.6937 1.0005 38.4402 -7.9052 -0.9411
Car -1 -1 -7.5407 317.5763 170.4331 384.4609 211.7784 1.8505 1.8178 4.0945 -12.1700 1.1890 34.2436 -7.8800 -1.1574
Car -1 -1 -4.3349 281.9449 182.1304 328.3022 205.2589 1.4131 1.5572 3.4237 -19.1889 1.2248 45.6474 -4.7310 -1.3330
Car -1 -1 -7.7645 617.5837 182.2653 654.3374 211.6293 1.4196 1.5651 3.5321 1.4440 1.2772 36.6056 -7.7258 -1.6305
Car -1 -1 -7.7246 491.7319 174.1065 540.5689 210.9800 1.5679 1.6572 4.3327 -4.1357 1.0957 32.7364 -7.8496 -1.7354
Car -1 -1 -4.2987 175.5910 176.7754 216.0632 194.4753 1.5118 1.6288 3.9948 -36.3265 0.7911 63.4717 -4.8170 -2.6089
Car -1 -1 -5.1108 714.7068 183.2971 756.6539 208.0070 1.5683 1.4901 3.4647 8.3787 1.4467 47.4785 -4.9376 -2.9363
Car -1 -1 -4.2435 265.5187 175.4765 300.9225 191.8409 1.5089 1.6022 3.6004 -30.7195 0.6110 68.1191 -4.6660 -3.1405
Car -1 -1 -4.7070 533.5870 174.6345 557.0017 197.1496 1.5860 1.6455 4.0544 -4.5930 0.8408 52.7250 -4.7939 -3.4154
Car -1 -1 -5.1689 535.4873 178.6455 583.2992 201.3024 1.5011 1.7043 4.0112 -3.4172 1.0659 49.7877 -5.2375 -4.0881
Car -1 -1 -7.8016 310.9209 174.4588 347.8819 204.3046 1.4984 1.6221 3.9203 -14.7729 0.9585 38.2059 -8.1685 -4.2786
Car -1 -1 -7.1234 0.0000 188.6637 72.1737 251.5279 1.4293 1.4914 3.6488 -15.8841 1.5265 18.3889 -7.8288 -4.4378
Car -1 -1 -4.6439 397.4279 179.3526 442.9578 213.7569 1.4121 1.6572 4.0951 -8.2330 1.1716 31.6698 -4.8965 -4.8210
Car -1 -1 -4.9767 425.1826 177.2635 482.1895 210.1081 1.4518 1.6592 3.9059 -7.3542 1.1005 33.8918 -5.1890 -4.8690
Car -1 -1 -4.6680 153.2800 186.6517 231.2825 245.1209 1.3920 1.6142 3.9566 -11.1150 1.4351 19.3482 -5.1837 -5.6996
Car -1 -1 -4.5368 224.8826 176.3752 310.0965 228.9489 1.4420 1.6396 4.0352 -10.2735 1.1997 21.8775 -4.9713 -5.8966
