Car -1 -1 -7.8391 572.4628 176.3230 622.0905 220.0381 1.5742 1.7871 3.9150 -0.4212 1.2541 27.8442 -7.8545 8.7316
Car -1 -1 -7.4037 185.4833 188.0630 322.7998 255.1807 1.4533 1.5612 3.6131 -8.5002 1.5301 17.5294 -7.8495 7.2077
Car -1 -1 -7.5937 358.8533 170.1373 476.7352 249.5793 1.7797 1.8131 4.3257 -4.7023 1.4421 18.2778 -7.8424 7.0837
Car -1 -1 -7.7328 465.9156 182.5734 513.2833 218.0410 1.4235 1.5614 3.6742 -5.0265 1.3176 30.7174 -7.8940 6.1336
Car -1 -1 -7.4996 272.5420 181.5013 344.1171 219.5020 1.5624 1.6210 3.9466 -13.0834 1.4099 31.5573 -7.8899 5.0140
Car -1 -1 -7.9510 529.7588 177.2435 556.8565 198.7586 1.5478 1.6393 3.9442 -4.8784 0.9744 53.8047 -8.0414 -0.0633
Car -1 -1 -7.0735 356.5680 178.3603 466.1014 221.1749 1.5755 1.7009 4.2762 -7.7816 1.3234 28.7308 -7.3360 -0.9541
Car -1 -1 -7.7571 176.5602 185.8496 244.2324 233.1020 1.3901 1.5426 3.6914 -12.7756 1.4124 23.2012 -8.2559 -1.0094
Car -1 -1 -7.1206 612.5497 178.4409 680.8845 205.3118 1.5852 1.7178 4.4178 2.4329 1.1857 44.5748 -7.0668 -1.9958
Car -1 -1 -5.2791 667.1725 174.8412 716.7545 199.2133 1.6613 1.7077 3.8217 5.9156 0.9543 51.0927 -5.1649 -2.8389
Car -1 -1 -4.6035 454.6011 178.3376 488.9604 204.6913 1.5234 1.6232 3.9829 -8.2275 1.1260 43.6019 -4.7893 -2.8968
Car -1 -1 -7.9739 128.5072 186.7194 202.3256 238.8293 1.4979 1.5573 3.7326 -14.0777 1.5497 22.7226 -8.5236 -3.5647
Car -1 -1 -4.8658 527.6096 179.4414 560.5279 203.6450 1.4959 1.5580 3.7390 -4.1776 1.1392 46.4308 -4.9554 -3.7800
Car -1 -1 -4.9232 330.8799 187.0183 373.7309 214.1216 1.4492 1.5707 3.5601 -14.4991 1.5561 40.6209 -5.2644 -4.1611
Car -1 -1 -4.7354 615.4082 182.1266 634.3970 199.5135 1.4870 1.5743 4.2086 1.4756 1.2230 63.5853 -4.7128 -4.3273
Car -1 -1 -5.2196 166.7801 181.8210 208.0515 198.0184 1.5328 1.8251 3.8421 -40.8251 1.2117 69.7941 -5.7476 -4.3601
Car -1 -1 -4.4477 547.9907 179.7894 583.9850 202.4906 1.5356 1.6224 3.6899 -2.9224 1.1687 50.5977 -4.5055 -4.4399
Car -1 -1 -7.4499 403.2501 183.6343 469.0841 215.2170 1.4868 1.6694 4.2554 -8.5575 1.4125 36.0796 -7.6815 -4.6790
Car -1 -1 -4.3557 341.9086 173.6005 382.0441 194.3495 1.5078 1.5214 4.1271 -18.5364 0.6639 54.3216 -4.6833 -4.6957
Car -1 -1 -6.4451 520.2697 172.4169 602.8276 202.2557 1.7399 1.9220 4.7222 -2.8410 0.9937 43.3837 -6.5104 -4.9234
Car -1 -1 -7.3442 196.8436 182.4306 233.7084 197.5959 1.4569 1.5910 3.6921 -38.6784 1.1895 70.9147 -7.8423 -4.9300
Car -1 -1 -7.6288 573.2657 177.9949 606.7633 199.4207 1.4928 1.5833 3.9885 -1.2686 0.9899 52.1971 -7.6533 -5.0529
Car -1 -1 -4.7287 383.0753 185.1472 440.8352 231.6387 1.5097 1.8301 4.7365 -7.1225 1.5076 25.8720 -4.9951 -5.2041
Car -1 -1 -8.1265 459.7205 174.2719 497.3274 196.2131 1.5307 1.6544 4.0786 -9.4710 0.7674 52.3448 -8.3049 -5.2300
Car -1 -1 -4.7481 366.9145 181.5575 406.4416 212.6660 1.3886 1.6533 4.1064 -10.6306 1.2255 34.2994 -5.0468 -5.5423
Car -1 -1 -5.0082 562.9112 176.2464 601.8651 198.8541 1.4721 1.6302 3.6964 -1.7879 0.8882 48.8224 -5.0450 -5.5443
Car -1 -1 -7.1614 0.0000 133.4957 228.1694 300.4816 2.0966 1.8256 4.5997 -8.3183 1.4474 11.3858 -7.7812 -5.7397
Car -1 -1 -4.6730 392.7790 179.0920 434.5593 215.1779 1.5074 1.6407 4.0908 -8.6698 1.2518 32.2048 -4.9343 -5.8831
Car -1 -1 -4.7095 581.9387 178.1832 600.7055 195.3742 1.4662 1.6006 3.9455 -1.4571 0.8665 63.2979 -4.7328 -5.8867
