Car -1 -1 -7.3532 0.0000 186.2317 343.6205 375.0000 1.5752 1.6043 3.5728 -4.1409 1.5880 7.1751 -7.8607 7.7882
Car -1 -1 -7.5187 299.7321 180.2315 394.9334 230.1027 1.4872 1.6976 3.9313 -8.3940 1.3387 23.4067 -7.8597 7.2120
Car -1 -1 -7.8762 572.7578 172.8637 656.4110 250.0026 1.5987 1.7363 3.8659 0.0535 1.3429 16.8476 -7.8735 6.9881
Car -1 -1 -7.6049 390.0694 185.5471 479.6425 239.5295 1.3324 1.5214 3.5730 -4.6435 1.3425 19.5661 -7.8351 6.6011
Car -1 -1 -7.7061 461.0005 177.8864 520.7421 218.8024 1.4547 1.6511 4.2883 -4.4576 1.1943 27.7103 -7.8644 5.8362
Car -1 -1 -7.3448 162.3370 181.4655 273.4956 229.9765 1.4863 1.5834 3.8054 -12.8824 1.3715 23.9420 -7.8340 3.8459
Car -1 -1 -7.2454 0.0000 185.8203 162.2127 258.2246 1.4730 1.6508 4.0176 -12.4247 1.4889 16.6866 -7.8779 1.2110
Car -1 -1 -3.9661 0.0000 190.4263 111.8127 329.7935 1.4138 1.5541 3.6130 -8.4819 1.4941 9.2489 -4.6939 0.7313
Car -1 -1 -7.6690 458.8626 173.0967 496.1310 197.8708 1.4388 1.5750 3.6658 -7.8795 0.7351 43.5858 -7.8471 -1.1816
Car -1 -1 -4.6119 542.5196 177.0237 578.9186 205.0572 1.4905 1.6337 4.1042 -2.6174 1.0551 40.3010 -4.6767 -1.6569
Car -1 -1 -4.6593 466.4363 170.1110 490.0297 190.0329 1.5078 1.6295 3.6082 -10.1319 0.3648 56.2990 -4.8368 -2.0320
Car -1 -1 -4.7875 553.4282 181.1810 582.5697 205.7100 1.5312 1.6133 3.7150 -2.6512 1.2795 46.8225 -4.8441 -2.2966
Car -1 -1 -4.8961 356.4989 180.8432 406.2335 213.4486 1.4952 1.6198 3.9389 -11.1318 1.2949 35.0844 -5.2015 -2.6725
Car -1 -1 -4.9567 610.7559 177.4247 643.9460 198.3365 1.5020 1.6424 3.6022 1.4025 0.9426 53.5677 -4.9310 -2.7717
Car -1 -1 -4.7209 519.2035 175.7067 550.3024 204.7927 1.5459 1.6486 4.0373 -4.1434 1.0407 40.3041 -4.8230 -3.4584
Car -1 -1 -4.4167 258.4637 180.5514 338.6710 223.9874 1.4891 1.6302 3.9908 -11.4167 1.3293 26.7138 -4.8173 -3.7227
Car -1 -1 -4.3822 230.5530 180.5804 260.9578 194.6079 1.3536 1.5561 3.7652 -35.8892 0.9065 71.3366 -4.8471 -3.7326
Car -1 -1 -7.6808 441.6160 164.6549 470.9070 186.2383 1.7722 1.7376 4.2133 -12.8606 0.0841 61.1589 -7.8874 -3.7675
Car -1 -1 -4.5726 0.0000 188.3686 156.5553 336.7476 1.4609 1.6039 3.7054 -6.9084 1.5102 9.1752 -5.2041 -3.9096
Car -1 -1 -8.0008 590.1527 177.6696 637.3279 211.7402 1.4401 1.5978 3.5787 0.1764 1.1213 32.2690 -7.9958 -4.2384
Car -1 -1 -4.4763 321.5236 173.1630 379.0977 207.9688 1.6116 1.7651 4.0324 -12.6230 1.0537 35.3825 -4.8169 -4.3368
Car -1 -1 -4.0658 241.8469 179.4090 279.8480 193.9277 1.4047 1.5397 3.6069 -34.4552 0.8431 71.4711 -4.5139 -4.5425
Car -1 -1 -4.8678 700.2723 179.8761 727.4130 199.2798 1.5185 1.6241 3.5818 8.5162 1.1008 58.0544 -4.7233 -4.5582
Car -1 -1 -4.6367 659.3596 176.1799 688.7123 203.1181 1.7706 1.6899 4.4573 4.5899 1.1769 49.5884 -4.5454 -4.6127
Car -1 -1 -7.1019 59.3825 180.3616 177.9920 223.7805 1.5807 1.6559 3.8486 -19.0827 1.4041 28.2024 -7.6926 -4.6664
Car -1 -1 -7.6189 88.5890 186.0270 203.7932 250.4017 1.3685 1.5084 3.5552 -10.9747 1.3903 17.2553 -8.1785 -4.8234
Car -1 -1 -4.7607 319.8217 181.7954 376.4932 225.4312 1.4796 1.7632 4.6301 -9.8093 1.3638 26.8505 -5.1080 -5.0345
Car -1 -1 -4.4577 628.6351 175.7307 661.1330 198.6681 1.6624 1.5778 3.6442 2.8060 0.9751 54.0748 -4.4065 -5.2895
Car -1 -1 -4.5405 93.1850 192.0932 255.3629 300.5615 1.3798 1.5198 3.7319 -6.7094 1.5084 11.4132 -5.0619 -5.3805
Car -1 -1 -4.2035 90.2577 176.8692 263.7508 246.6938 1.3728 1.5439 4.0115 -9.4846 1.2088 16.1502 -4.7274 -5.7422
