Car -1 -1 -7.7916 741.9009 170.0247 790.5375 211.4444 1.5948 1.7398 3.8497 6.5769 1.0101 29.7686 -7.5765 7.9870
Car -1 -1 -8.1205 851.2838 168.7876 882.0451 186.4936 1.4890 1.6074 3.5961 22.3866 0.1076 62.3060 -7.7774 -3.0202
Car -1 -1 -7.5956 831.5582 169.0661 870.3446 193.1122 1.6158 1.6437 3.8899 17.0518 0.5308 50.3794 -7.2713 -3.3652
Car -1 -1 -4.9548 770.5635 171.4821 805.1901 192.6268 1.4800 1.5795 3.7177 13.0064 0.5189 52.1756 -4.7122 -3.3971
Car -1 -1 -4.5558 855.9780 169.1381 889.2918 191.2293 1.5523 1.6731 4.1695 19.4447 0.4227 52.7413 -4.2047 -3.5191
Car -1 -1 -7.9774 847.8462 172.6741 885.2699 199.1586 1.5410 1.6796 3.7630 15.7036 0.8114 43.8447 -7.6360 -3.6138
Car -1 -1 -2.8594 554.6403 174.7325 650.4373 216.5286 1.6445 1.6009 3.6364 -0.2358 1.2322 29.5465 -2.8678 -3.6240
Car -1 -1 -7.8430 757.5940 170.0851 798.3541 205.9396 1.5173 1.6894 4.3522 7.7244 0.8772 32.7363 -7.6136 -3.6328
Car -1 -1 -6.4156 716.5270 173.0975 773.9835 194.5634 1.5241 1.6031 3.8963 9.8771 0.6638 51.9447 -6.2291 -3.7470
Car -1 -1 -4.5155 735.3354 176.1594 764.1446 195.5868 1.4958 1.5583 3.7516 11.3441 0.7987 57.3805 -4.3216 -4.0830
Car -1 -1 -6.2423 862.7338 167.6066 929.9341 192.1367 1.6467 1.7454 4.2636 20.0112 0.4648 49.9220 -5.8634 -4.0934
Car -1 -1 -4.6630 703.8146 170.6879 729.2978 193.4862 1.6248 1.6781 4.0985 8.0947 0.5896 53.4072 -4.5137 -4.1768
Car -1 -1 -4.3982 782.6038 173.1891 844.7613 209.4594 1.4956 1.5507 3.7679 9.0741 0.9999 31.6392 -4.1216 -4.3218
Car -1 -1 -7.1502 233.4026 171.8702 404.7729 250.1018 1.7085 1.7605 4.0082 -7.0383 1.4172 17.8812 -7.5204 -4.5869
Car -1 -1 -5.5229 867.1037 167.8096 918.1022 187.1627 1.5513 1.7223 3.7880 23.5929 0.1562 59.7027 -5.1485 -4.6092
Car -1 -1 -4.4095 663.6300 174.7079 700.3995 196.6486 1.6348 1.7649 3.8650 5.7694 0.8520 55.6856 -4.3072 -4.6587
Car -1 -1 -7.4826 709.4645 172.7186 743.4332 188.9463 1.5343 1.7821 4.4740 11.6416 0.3529 70.3444 -7.3196 -4.8332
Car -1 -1 -4.5950 816.6252 166.7370 849.0142 192.7554 1.7961 1.7374 4.4402 16.2976 0.5206 52.0057 -4.2932 -4.9579
Car -1 -1 -4.8534 740.3787 172.0114 769.2126 194.3148 1.6217 1.5675 4.0603 11.0531 0.6618 54.3409 -4.6542 -5.0251
Car -1 -1 -4.9347 768.7605 175.0827 799.2583 195.4054 1.3674 1.4164 3.0130 12.1744 0.6857 49.8833 -4.6970 -5.0948
Car -1 -1 -4.8319 768.7053 176.5022 805.3732 203.8621 1.3909 1.4495 3.7627 9.5190 0.9481 38.4998 -4.5916 -5.2978
Car -1 -1 -5.1158 736.8124 175.0991 771.4327 190.9878 1.4298 1.6275 4.2071 13.5679 0.5196 66.9132 -4.9170 -5.4555
Car -1 -1 -2.5670 0.0000 191.0190 135.3249 375.0000 1.5789 1.7334 4.4595 -5.6969 1.6258 4.2518 -3.4664 -5.6796
Car -1 -1 -4.7796 745.8967 171.4304 775.6667 193.7135 1.3808 1.6031 4.1140 9.8685 0.5267 46.6923 -4.5729 -5.7381
Car -1 -1 -4.9369 771.6329 172.0916 802.8088 189.7822 1.3600 1.5678 3.8977 14.2256 0.3512 57.2251 -4.6948 -5.8867
Car -1 -1 -9.1539 0.0000 0.0000 1240.0000 375.0000 1.4905 1.5953 3.8429 5.5358 1.4779 1.3752 -7.8742 -5.8867
Car -1 -1 -7.5649 156.9982 0.0000 1240.0000 375.0000 1.5353 1.5861 3.8014 -0.5069 1.5810 1.0147 -7.9392 -5.8867
Car -1 -1 -6.9178 0.0000 0.0000 1240.0000 375.0000 1.5361 1.5836 3.8008 -2.1139 1.6025 1.0166 -7.9391 -5.8867
Car -1 -1 -8.9529 0.0000 0.0000 1240.0000 375.0000 1.4995 1.5889 3.9028 1.4810 1.5617 0.5341 -7.8858 -5.8867
Car -1 -1 -3.5327 0.0000 0.0000 1240.0000 375.0000 1.5140 1.6061 3.9602 -4.6816 1.6161 1.7370 -4.6972 -5.8867
Car -1 -1 -5.7765 0.0000 0.0000 1240.0000 375.0000 1.5090 1.6064 3.9619 3.7501 1.5232 1.7262 -4.6976 -5.8867
Car -1 -1 -7.0562 0.0000 170.2270 201.4373 326.1715 1.7207 2.0200 4.8949 -8.5869 1.5555 10.4855 -7.7300 -5.9844
Car -1 -1 -5.0721 671.0341 173.4749 724.2081 202.6238 1.5378 1.6513 3.9156 4.9081 0.9185 40.0208 -4.9513 -6.3035
Car -1 -1 -4.3032 143.1758 181.0484 275.4679 241.6391 1.3776 1.5557 3.7303 -9.9976 1.2830 18.2692 -4.7979 -6.3593
Car -1 -1 -4.0292 0.0000 179.0349 131.7104 274.6257 1.4792 1.5737 3.8597 -10.7676 1.3837 13.0564 -4.7088 -6.6890
