Car -1 -1 -7.8018 743.6205 171.0328 791.0648 212.6610 1.5927 1.7170 3.8765 6.5853 1.0502 29.5996 -7.5852 7.9253
Car -1 -1 -7.7594 710.0773 173.7024 736.4774 194.6045 1.5243 1.6437 3.6169 8.7465 0.6848 54.3779 -7.6012 -2.1465
Car -1 -1 -7.7692 852.3110 173.7375 883.6134 198.0664 1.4704 1.5652 3.6779 16.4513 0.7768 45.4440 -7.4242 -3.1006
Car -1 -1 -4.7943 856.3503 171.9599 885.0523 193.2183 1.4920 1.6531 3.7377 19.1315 0.5618 52.4734 -4.4468 -3.1487
Car -1 -1 -7.8970 779.1600 171.2628 804.4999 192.0218 1.4475 1.6097 3.6699 13.2801 0.4747 52.0843 -7.6490 -3.1746
Car -1 -1 -4.8525 742.9257 172.2109 795.4567 208.3633 1.5393 1.7088 4.4897 7.2691 0.9857 32.9096 -4.6373 -3.3587
Car -1 -1 -8.0140 755.1198 171.6134 786.5158 191.9546 1.4264 1.6473 3.7005 11.8009 0.4727 52.3046 -7.7936 -3.7858
Car -1 -1 -4.9326 815.1554 166.3503 852.1269 191.5346 1.7574 1.6975 4.0891 16.3479 0.4411 52.2685 -4.6314 -3.8618
Car -1 -1 -2.7749 579.8096 177.4602 653.4376 205.3750 1.4951 1.6662 3.7451 0.4655 1.0799 39.9657 -2.7637 -4.1103
Car -1 -1 -4.7323 783.3223 171.3269 823.6143 208.5544 1.5524 1.6319 4.1509 8.6633 0.9734 32.1865 -4.4720 -4.3166
Car -1 -1 -7.3175 728.3687 173.7884 775.7098 195.3799 1.5631 1.7281 3.9349 10.8634 0.7360 54.0827 -7.1207 -4.3617
Car -1 -1 -4.8581 723.7627 176.0879 744.1871 190.9098 1.4196 1.4790 3.4782 12.3646 0.5455 70.6070 -4.6858 -4.3774
Car -1 -1 -5.1412 869.1823 170.3419 920.0435 193.3737 1.5435 1.7448 4.0924 19.9636 0.5469 50.2649 -4.7655 -4.4976
Car -1 -1 -7.6688 787.3281 170.8147 825.9593 199.0472 1.6228 1.5577 3.9509 12.0273 0.7952 43.4372 -7.4007 -4.8114
Car -1 -1 -3.3741 224.9265 173.4520 408.3535 241.1741 1.6115 1.7970 4.2095 -7.7025 1.3317 19.0500 -3.7537 -5.0097
Car -1 -1 -4.7109 734.6451 174.4795 752.9566 192.1888 1.5956 1.6246 3.9728 12.6416 0.6284 66.8719 -4.5253 -5.0506
Car -1 -1 -7.3807 464.8732 178.0649 546.5851 219.4274 1.5604 1.7158 3.8559 -4.1003 1.2908 29.2222 -7.5193 -5.1629
Car -1 -1 -4.7159 750.9663 174.1622 769.5102 190.2632 1.4374 1.6234 4.1648 14.0545 0.4508 66.3801 -4.5086 -5.2091
Car -1 -1 -3.0891 786.9957 166.9891 848.0034 186.7415 1.6576 1.8437 4.9652 18.0817 0.1282 62.0133 -2.8070 -5.3063
Car -1 -1 -2.2008 0.0000 193.7774 129.7390 323.2573 1.5534 1.7518 4.9167 -9.6312 1.6901 10.1336 -2.9478 -5.4246
Car -1 -1 -4.9640 1036.6426 149.4776 1189.9744 220.8232 1.4162 1.7713 4.4584 11.4148 0.7069 16.6657 -4.3717 -5.4462
Car -1 -1 -7.2132 163.2407 174.7868 366.4655 254.7658 1.5671 1.8435 4.4923 -7.6264 1.3629 16.4752 -7.6407 -5.4527
Car -1 -1 -3.2727 725.0124 177.1591 825.0135 220.7573 1.4645 1.4269 3.2209 5.7143 1.1940 25.0027 -3.0508 -5.4772
Car -1 -1 -5.1392 713.9221 171.4123 768.3904 199.7658 1.6907 1.7195 4.3125 8.2828 0.8678 45.1669 -4.9593 -5.7388
Car -1 -1 -4.3918 745.0090 171.9067 787.5640 193.6467 1.4015 1.6645 3.8931 10.6945 0.5437 48.4407 -4.1761 -5.7658
Car -1 -1 -6.7547 0.0000 0.0000 1240.0000 375.0000 1.4973 1.5857 3.9018 -1.7346 1.5841 0.5372 -7.8857 -5.8867
Car -1 -1 -4.5632 0.0000 0.0000 1240.0000 375.0000 1.5027 1.6030 3.9609 -0.2700 1.5333 1.7293 -4.6976 -5.8867
Car -1 -1 -4.9416 772.7274 174.9168 804.3602 193.0209 1.3819 1.5657 3.9120 14.2322 0.5959 56.8368 -4.6978 -5.8867
Car -1 -1 -3.5241 0.0000 197.2663 0.0000 375.0000 1.5016 1.6037 3.9588 -6.7015 1.5776 2.5356 -4.6976 -5.8867
Car -1 -1 -3.6688 0.0000 197.6946 3.6959 375.0000 1.5068 1.6022 3.9583 -4.6808 1.5857 2.5438 -4.6973 -5.8867
Car -1 -1 -5.7848 1240.0000 171.5672 1240.0000 375.0000 1.5049 1.6040 3.9588 5.3585 1.4948 2.5295 -4.6976 -5.8867
Car -1 -1 -9.0466 0.0000 0.0000 1240.0000 375.0000 1.4978 1.5844 3.9008 1.8870 1.5613 0.5382 -7.8859 -5.8867
Car -1 -1 -4.9529 782.7125 173.5228 814.0721 191.0032 1.3734 1.5675 3.9052 15.4391 0.4549 58.4451 -4.6963 -5.8867
Car -1 -1 -5.8846 1240.0000 112.2203 1240.0000 375.0000 1.4913 1.5999 3.9529 6.9664 1.4367 2.5278 -4.6976 -5.8867
Car -1 -1 -5.6238 1240.0000 0.0000 1240.0000 375.0000 1.5405 1.6694 4.0267 41.4467 0.8025 2.5109 -4.1208 -5.8867
Car -1 -1 -3.4539 0.0000 196.8271 0.0000 375.0000 1.4891 1.5955 3.9502 -9.5058 1.5689 2.9494 -4.6976 -5.8867
Car -1 -1 -9.0450 0.0000 0.0000 1240.0000 375.0000 1.4838 1.5925 3.8417 3.9294 1.4650 1.3785 -7.8743 -5.8867
Car -1 -1 -6.7370 0.0000 0.0000 1240.0000 375.0000 1.5378 1.5866 3.8022 -3.3335 1.6150 1.0077 -7.9397 -5.8867
Car -1 -1 -5.3605 0.0000 0.0000 1240.0000 375.0000 1.5003 1.6068 4.0566 40.2243 0.6512 -0.3106 -3.7896 -5.8867
Car -1 -1 -4.0374 10.0141 179.5897 211.5595 251.4437 1.3808 1.5448 3.8507 -10.7137 1.2728 15.7991 -4.6255 -5.9248
Car -1 -1 -2.4891 0.0000 197.6306 34.8690 375.0000 1.6863 1.8766 4.8975 -9.1132 1.8358 7.1681 -3.3754 -6.0447
