Car -1 -1 -7.8790 707.9352 169.8688 749.8924 207.7928 1.5971 1.7420 3.8581 5.3474 0.9509 32.3033 -7.7168 7.0832
Car -1 -1 -7.8686 685.8914 174.4208 708.9376 195.9957 1.5074 1.5942 3.8501 6.4592 0.7533 52.2234 -7.7466 2.0033
Car -1 -1 -8.1594 578.4084 177.7223 615.9645 199.6894 1.5331 1.6153 3.9348 -0.8331 1.0103 52.2899 -8.1757 -3.1989
Car -1 -1 -4.6480 608.7335 174.3474 632.8592 195.8921 1.6237 1.6398 3.9451 1.0324 0.8048 56.2094 -4.6301 -3.5259
Car -1 -1 -7.0877 599.0846 174.1594 656.8168 198.1821 1.6928 1.6671 4.3816 1.4989 0.9139 52.7859 -7.0599 -3.6272
Car -1 -1 -5.1072 732.7446 168.3653 767.0372 187.0996 1.5885 1.6450 3.6874 12.3887 0.1599 62.9246 -4.9140 -3.6857
Car -1 -1 -4.3325 747.0283 171.8613 794.3985 196.3706 1.5410 1.6380 4.1225 10.7511 0.7015 47.3617 -4.1109 -4.2092
Car -1 -1 -6.2636 525.0635 176.3153 590.9585 205.6113 1.6730 1.6388 3.7634 -2.9146 1.1649 41.9629 -6.3329 -4.2327
Car -1 -1 -5.2744 686.1721 173.6408 735.4390 196.4737 1.4905 1.6102 3.6566 6.9427 0.7351 48.9239 -5.1346 -4.3950
Car -1 -1 -8.0681 593.9716 176.8118 641.4395 208.7626 1.4747 1.5734 3.6151 0.3971 1.0869 35.1071 -8.0573 -4.4371
Car -1 -1 -4.5107 592.9023 173.2955 624.4881 196.2742 1.7954 1.7477 4.2857 0.1012 0.8642 58.4406 -4.5094 -4.5277
Car -1 -1 -5.2858 654.2855 176.3093 696.5410 197.7345 1.6368 1.6022 3.6466 5.3006 0.9565 56.9043 -5.1938 -4.5403
Car -1 -1 -4.9270 646.1038 173.9600 685.1263 201.1801 1.7101 1.6621 4.3641 3.7365 1.0031 47.4361 -4.8493 -4.6118
Car -1 -1 -5.1536 749.7271 168.9305 781.0303 183.9218 1.4338 1.5872 3.7019 15.5419 -0.1313 71.0758 -4.9395 -4.6355
Car -1 -1 -5.4365 655.7339 176.4481 698.0982 195.3942 1.5755 1.5601 3.6954 5.8936 0.8466 61.7291 -5.3422 -4.7758
Car -1 -1 -4.7087 675.8734 175.7347 701.5408 198.6138 1.4651 1.6365 3.4258 5.3610 0.8581 47.8276 -4.5981 -4.7845
Car -1 -1 -2.8022 537.0688 179.6084 610.6573 203.6797 1.4909 1.6759 4.3923 -2.1852 1.1437 45.9567 -2.8498 -4.7853
Car -1 -1 -4.3091 614.4527 177.1205 665.4207 204.4010 1.6014 1.6342 4.1983 2.0158 1.1264 44.4441 -4.2645 -4.9333
Car -1 -1 -3.5147 1240.0000 123.2325 1240.0000 342.3363 1.6124 1.6478 3.9059 9.7892 1.1564 7.0210 -2.5853 -5.0392
Car -1 -1 -4.4482 569.2496 169.9462 611.5845 200.5829 1.9841 1.7893 4.4197 -1.1477 0.9954 48.9138 -4.4719 -5.1686
Car -1 -1 -7.6830 191.6190 188.9643 324.0302 273.3615 1.4673 1.7364 4.1634 -7.1148 1.5570 14.9334 -8.1210 -5.1869
Car -1 -1 -6.8225 765.8458 167.5838 807.2001 186.4301 1.6896 1.5946 3.3201 16.3175 0.1090 65.6947 -6.5804 -5.5286
Car -1 -1 -6.8988 0.0000 190.6800 296.3365 306.3717 1.4774 1.7276 4.2064 -7.4149 1.5835 11.6680 -7.4547 -5.5624
Car -1 -1 -4.9225 1207.4690 146.6335 1240.0000 272.5266 1.5080 1.6607 4.1460 10.4431 1.0460 10.8139 -4.1678 -5.6985
Car -1 -1 -5.1442 671.1012 175.4471 712.6362 194.6940 1.4714 1.6750 4.1871 6.6253 0.7248 57.2052 -5.0299 -5.7430
Car -1 -1 -5.2559 587.7682 178.3505 627.8928 198.0107 1.6394 1.6907 3.8893 -0.0423 1.0671 62.0456 -5.2570 -5.7526
Car -1 -1 -4.5933 1076.5328 148.9261 1214.8846 243.5466 1.5800 1.7329 4.0531 10.5659 0.9742 14.0747 -3.9593 -5.8692
Car -1 -1 -4.8260 689.6011 175.8993 713.8644 193.0392 1.3851 1.5668 3.9137 7.8023 0.6324 60.0589 -4.6978 -5.8867
Car -1 -1 -8.9563 0.0000 0.0000 1240.0000 375.0000 1.4759 1.5895 3.8393 3.1256 1.4438 1.3794 -7.8744 -5.8867
Car -1 -1 -4.2061 262.7703 0.0000 1240.0000 375.0000 1.5071 1.6042 3.9622 -1.0739 1.5557 1.7297 -4.6976 -5.8867
Car -1 -1 -4.8518 706.7971 175.2048 733.1639 192.8633 1.3776 1.5649 3.9104 9.0084 0.5968 58.0473 -4.6990 -5.8867
Car -1 -1 -6.6069 0.0000 0.0000 1240.0000 375.0000 1.4940 1.5928 3.8431 -5.3142 1.5849 1.3857 -7.8743 -5.8867
Car -1 -1 -6.8391 0.0000 0.0000 1240.0000 375.0000 1.5395 1.5875 3.8031 -2.5295 1.6131 1.0073 -7.9397 -5.8867
Car -1 -1 -3.5045 0.0000 202.5958 0.0000 375.0000 1.5121 1.6072 3.9595 -7.0939 1.6218 2.5411 -4.6972 -5.8867
Car -1 -1 -5.7149 1218.9249 150.8143 1240.0000 375.0000 1.4962 1.6009 3.9563 4.5544 1.4705 2.5302 -4.6976 -5.8867
Car -1 -1 -8.8082 0.0000 0.0000 1143.6967 375.0000 1.4952 1.5838 3.8999 1.0828 1.5590 0.5384 -7.8859 -5.8867
Car -1 -1 -4.8168 676.0319 176.4701 699.0604 193.4673 1.4499 1.5971 4.0209 6.9842 0.7041 63.3355 -4.7078 -5.8867
Car -1 -1 -5.8401 1240.0000 104.9463 1240.0000 375.0000 1.4870 1.5985 3.9521 6.1623 1.4268 2.5285 -4.6976 -5.8867
Car -1 -1 -5.3605 0.0000 0.0000 1240.0000 375.0000 1.5003 1.6068 4.0566 40.2243 0.6512 -0.3106 -3.7896 -5.8867
Car -1 -1 -5.6238 1240.0000 0.0000 1240.0000 375.0000 1.5405 1.6694 4.0267 41.4467 0.8025 2.5109 -4.1208 -5.8867
Car -1 -1 -4.8634 687.6629 177.1356 710.8323 192.7718 1.4381 1.5886 3.9816 8.6289 0.6951 68.1240 -4.7383 -5.8867
Car -1 -1 -4.0316 0.0000 178.6710 94.8450 295.6242 1.5407 1.5942 3.8500 -10.3173 1.4546 11.4267 -4.7545 -5.9964
Car -1 -1 -3.0149 557.7209 179.3381 667.4581 226.3205 1.6202 1.5645 3.7749 0.1708 1.4177 25.8155 -3.0089 -6.0318
Car -1 -1 -7.9969 778.9417 166.6998 812.7667 190.5236 1.6712 1.7878 4.2994 13.7048 0.3725 52.6603 -7.7439 -6.0846
Car -1 -1 -6.3150 840.3741 164.0363 907.9171 192.1172 1.5685 1.5423 3.5886 15.2715 0.3856 41.4463 -5.9645 -6.1828
Car -1 -1 -4.9951 998.1887 134.0244 1113.4000 195.4218 1.5434 1.6671 3.9234 12.3618 0.2567 20.1812 -4.4520 -6.4280
Car -1 -1 -2.3984 0.0000 197.8579 18.3218 375.0000 1.7557 1.8871 4.8160 -8.6207 1.8920 6.4077 -3.3102 -6.6062
Car -1 -1 -4.4205 67.1280 178.0987 215.8173 257.8998 1.4625 1.5861 3.7204 -9.6891 1.3322 15.1779 -4.9807 -6.9847
