Car -1 -1 -7.9847 602.4097 171.2791 648.3479 207.0987 1.6159 1.6996 3.8330 0.7499 0.9873 34.4268 -7.9635 6.9562
Car -1 -1 -7.9809 559.7380 176.5596 589.5377 199.0157 1.5230 1.6195 3.8670 -2.4002 0.9361 50.7979 -8.0283 2.7949
Car -1 -1 -6.7114 481.5137 177.7020 542.9954 201.6171 1.6537 1.6561 4.0427 -6.8464 1.1343 51.4820 -6.8433 -2.2979
Car -1 -1 -7.8189 541.4437 178.7448 569.7354 203.3964 1.4831 1.6438 3.7716 -3.2675 1.0940 45.1639 -7.8911 -2.8632
Car -1 -1 -4.8659 502.7070 182.3641 524.9263 197.0680 1.4189 1.6173 3.8412 -9.3677 1.1439 71.4386 -4.9962 -3.0271
Car -1 -1 -7.8593 673.3577 172.1738 701.0361 198.6361 1.5253 1.5887 3.4787 4.7339 0.7737 43.2455 -7.7513 -3.2131
Car -1 -1 -7.9563 514.2158 179.6059 547.0040 204.6370 1.4935 1.6759 3.4976 -4.8684 1.1590 44.7767 -8.0644 -3.4258
Car -1 -1 -4.9206 511.3619 177.9051 541.0821 197.7769 1.6450 1.6607 4.4039 -7.0686 1.0400 61.8593 -5.0343 -3.5796
Car -1 -1 -4.4231 517.0028 180.1791 543.9299 195.7217 1.5026 1.6171 3.9162 -7.6687 1.0158 71.5690 -4.5299 -3.7909
Car -1 -1 -4.5397 529.8233 179.9885 557.9498 199.1283 1.4789 1.5909 3.9495 -5.0966 1.0751 57.5788 -4.6280 -3.8852
Car -1 -1 -3.9900 477.9412 178.9442 530.8452 200.3056 1.6667 1.7308 4.4745 -8.3679 1.1775 58.4330 -4.1320 -3.9283
Car -1 -1 -4.3293 531.7932 178.7201 575.0648 200.8939 1.5819 1.7026 4.3898 -4.0192 1.1186 53.6323 -4.4041 -3.9325
Car -1 -1 -6.9836 686.1570 173.0293 776.3459 210.3339 1.6109 1.6452 3.9130 5.6055 1.0848 32.7433 -6.8158 -3.9901
Car -1 -1 -4.9099 489.1437 177.8801 513.0331 197.8719 1.8592 1.6433 3.2782 -10.2203 1.1772 68.6726 -5.0575 -4.1488
Car -1 -1 -4.4991 477.6331 177.5909 511.4977 201.1801 1.6744 1.6600 4.0043 -8.3323 1.1333 53.0718 -4.6545 -4.4513
Car -1 -1 -5.0079 514.6454 178.4758 555.8947 202.3253 1.5821 1.6973 4.1930 -5.1065 1.1351 49.9471 -5.1096 -4.9508
Car -1 -1 -4.9969 531.9507 177.0164 563.6110 194.6991 1.4814 1.6207 4.2071 -5.2636 0.7946 62.4776 -5.0810 -5.0928
Car -1 -1 -7.5922 468.8225 179.7326 495.7253 195.9459 1.4893 1.5464 3.9263 -11.8543 0.9858 68.0564 -7.7644 -5.2998
Car -1 -1 -7.6401 559.6967 173.6768 607.9679 208.8169 1.5977 1.5682 3.7472 -1.1326 1.0733 34.6690 -7.6729 -5.3344
Car -1 -1 -7.4453 35.6841 190.1554 255.0248 286.7071 1.4588 1.7800 4.3255 -8.2994 1.5663 13.3577 -7.9925 -5.4246
Car -1 -1 -4.5498 957.7969 162.1887 1059.3694 227.4410 1.4106 1.5664 4.0142 9.8429 0.9130 17.6023 -4.0470 -5.4865
Car -1 -1 -4.9906 515.7701 181.4857 543.7132 197.3556 1.4565 1.6331 3.8450 -7.4251 1.1143 68.0642 -5.0992 -5.6236
Car -1 -1 -4.6713 1228.0520 164.2213 1240.0000 313.3827 1.6146 1.7186 4.0464 9.7933 1.3875 9.7972 -3.9007 -5.6663
Car -1 -1 -4.7964 593.8073 175.5489 629.1110 202.7273 1.5285 1.7256 4.3112 0.1389 0.9850 42.6454 -4.7936 -5.7016
Car -1 -1 -4.4488 457.8150 180.2988 493.4334 200.9910 1.5036 1.6635 3.9890 -9.9524 1.1465 54.2920 -4.6296 -5.7709
Car -1 -1 -5.2798 1048.1157 139.9529 1240.0000 225.7894 1.4516 1.7406 4.0445 10.6737 0.6863 14.2320 -4.6460 -5.8179
Car -1 -1 -4.2109 463.6071 179.7238 504.3816 198.4067 1.5233 1.6576 4.0463 -10.4355 1.0757 60.7943 -4.3806 -5.8312
Car -1 -1 -6.9730 0.0000 0.0000 1240.0000 375.0000 1.4781 1.5927 3.8398 -2.0998 1.4928 1.3822 -7.8745 -5.8867
Car -1 -1 -5.9533 0.0000 0.0000 1240.0000 375.0000 1.5003 1.6027 3.9561 6.1621 1.4801 1.7239 -4.6976 -5.8867
Car -1 -1 -3.5158 0.0000 203.4525 0.0000 375.0000 1.5152 1.6087 3.9627 -5.8919 1.6202 2.1385 -4.6976 -5.8867
Car -1 -1 -4.7061 554.1978 179.0300 573.1747 196.3343 1.4557 1.5947 3.9461 -3.8340 0.9355 62.4877 -4.7676 -5.8867
Car -1 -1 -8.6429 0.0000 0.0000 1040.0367 375.0000 1.5325 1.5832 3.8002 1.1017 1.5614 1.0153 -7.9392 -5.8867
Car -1 -1 -3.5143 0.0000 202.7025 0.0000 375.0000 1.5102 1.6019 3.9569 -7.8977 1.6305 2.9480 -4.6976 -5.8867
Car -1 -1 -9.1165 0.0000 0.0000 1240.0000 375.0000 1.5322 1.5846 3.8018 3.0983 1.5417 1.0054 -7.9397 -5.8867
Car -1 -1 -7.5656 156.8911 0.0000 1240.0000 375.0000 1.5313 1.5831 3.7999 -0.5064 1.5697 1.0160 -7.9392 -5.8867
Car -1 -1 -3.7071 0.0000 192.7546 64.9308 375.0000 1.4985 1.6028 3.9584 -4.2896 1.5462 2.5347 -4.6976 -5.8867
Car -1 -1 -4.6160 538.0037 178.0670 559.0683 193.6978 1.4032 1.5743 3.9209 -5.4611 0.7616 66.5036 -4.6980 -5.8867
Car -1 -1 -4.6586 568.3924 179.0981 590.7566 197.8186 1.4498 1.5859 3.9359 -2.2477 0.9762 57.6528 -4.6978 -5.8867
Car -1 -1 -4.6858 588.3272 175.9751 610.1346 194.6344 1.3723 1.5638 3.9080 -0.6410 0.6929 54.8332 -4.6979 -5.8867
Car -1 -1 -4.6853 550.0408 178.9039 570.9899 197.4795 1.4583 1.5956 3.9437 -3.8283 0.9629 58.4344 -4.7508 -5.8867
Car -1 -1 -5.8530 0.0000 0.0000 1240.0000 375.0000 1.4971 1.6035 3.9577 4.5540 1.4741 1.7251 -4.6976 -5.8867
Car -1 -1 -4.9645 597.8786 174.0842 634.9747 195.5891 1.4396 1.6046 4.1423 0.5364 0.6946 50.3250 -4.9543 -5.8867
Car -1 -1 -5.3605 0.0000 0.0000 1240.0000 375.0000 1.5003 1.6068 4.0566 40.2243 0.6512 -0.3106 -3.7896 -5.8867
Car -1 -1 -2.3498 0.0000 174.3275 146.7105 297.6581 1.6670 1.8349 4.6905 -9.8591 1.5200 10.7808 -3.0782 -6.5067
