Car -1 -1 -7.8516 716.9890 171.1478 759.4991 209.7831 1.6081 1.7497 3.8868 5.7604 1.0227 31.9877 -7.6754 5.9109
Car -1 -1 -7.7971 699.7917 175.2955 724.9247 196.2980 1.4674 1.6036 3.7282 7.6044 0.7745 52.2121 -7.6537 1.5175
Car -1 -1 -4.8451 670.9655 178.1007 697.5460 197.8913 1.5656 1.6344 4.0512 6.2157 1.0029 58.9150 -4.7409 -2.4574
Car -1 -1 -4.7730 665.1245 174.4547 687.1236 194.9462 1.9088 1.8269 4.5737 6.5446 0.9066 69.2789 -4.6796 -3.3247
Car -1 -1 -7.9136 603.6085 178.5848 639.9840 209.6580 1.5534 1.6617 4.2596 0.6579 1.2221 38.1003 -7.8969 -3.3709
Car -1 -1 -4.6535 605.6571 174.8250 629.3656 197.6428 1.6764 1.6034 3.4620 0.7481 0.9132 54.5977 -4.6403 -3.5193
Car -1 -1 -4.9078 744.1517 170.1025 769.7322 187.1484 1.5100 1.5930 3.6628 13.5526 0.1714 65.5179 -4.7050 -3.6081
Car -1 -1 -4.6371 640.8320 178.7666 672.0081 203.6807 1.5413 1.6988 4.4738 3.1875 1.1425 46.8058 -4.5700 -3.8194
Car -1 -1 -8.5554 777.8631 166.4715 847.9329 196.0620 1.6160 1.6566 4.0409 11.7228 0.5925 41.4415 -8.2819 -3.9148
Car -1 -1 -6.9581 844.0100 164.7458 939.4185 201.1674 1.6275 1.6661 3.9712 13.1867 0.7130 33.5100 -6.5864 -3.9215
Car -1 -1 -5.2466 671.9019 177.6446 721.2562 199.1634 1.4255 1.6405 3.8639 6.0698 0.9241 49.7195 -5.1262 -4.1137
Car -1 -1 -7.7648 629.0396 174.7943 665.5970 205.3046 1.5151 1.5809 3.8880 2.0892 0.9977 37.7340 -7.7103 -4.2953
Car -1 -1 -4.6926 624.1534 172.7943 645.1505 196.4738 1.9237 1.6889 4.2650 2.2811 0.9147 60.5747 -4.6556 -4.3080
Car -1 -1 -4.4703 637.1297 181.2327 662.1390 197.3647 1.5406 1.6359 3.6217 4.1323 1.1604 70.6211 -4.4125 -4.5950
Car -1 -1 -4.8174 658.8260 177.3276 689.4322 200.8954 1.6605 1.7927 4.2241 4.8062 1.1049 52.7735 -4.7275 -4.8218
Car -1 -1 -7.4350 0.0000 187.0762 204.3789 286.6228 1.4084 1.7464 3.7756 -8.5803 1.4455 12.2605 -8.0355 -4.9235
Car -1 -1 -4.3512 696.6589 171.4975 750.7255 200.8108 1.6644 1.7848 4.3559 6.9841 0.8856 43.1493 -4.1921 -5.0968
Car -1 -1 -7.2106 318.9267 179.4957 463.3781 241.3016 1.5792 1.7405 4.2803 -6.1066 1.4332 20.6767 -7.4946 -5.1485
Car -1 -1 -5.1944 750.3746 168.6310 786.1721 185.9438 1.5770 1.5510 4.1113 15.0549 0.0665 67.6655 -4.9767 -5.3975
Car -1 -1 -6.6766 680.5078 176.5739 736.1649 194.9143 1.4172 1.5443 4.0753 7.9212 0.7496 56.8105 -6.5391 -5.5260
Car -1 -1 -4.4998 998.3256 153.0286 1127.5520 229.3994 1.5855 1.7260 4.4484 10.8801 0.9174 17.1200 -3.9414 -5.6081
Car -1 -1 -5.0423 710.9831 171.2839 756.6462 194.7095 1.4619 1.6277 4.3010 8.1725 0.5926 47.1147 -4.8720 -5.7147
Car -1 -1 -2.3837 0.0000 198.2181 189.5713 375.0000 1.4167 1.5759 4.0724 -4.9557 1.5082 4.0846 -3.2329 -5.7554
Car -1 -1 -4.6412 724.0342 174.4654 748.7266 193.5589 1.4474 1.6328 4.1621 10.1601 0.6326 56.7128 -4.4652 -5.8279
Car -1 -1 -7.5057 259.5639 183.1287 398.1554 257.4013 1.5709 1.7611 4.1416 -6.5546 1.5269 17.2831 -7.8634 -5.8494
Car -1 -1 -9.0047 0.0000 0.0000 1240.0000 375.0000 1.4788 1.5911 3.8393 3.5287 1.4541 1.3802 -7.8745 -5.8867
Car -1 -1 -4.8466 704.1931 176.1592 729.6812 193.5680 1.3970 1.5710 3.9180 9.0095 0.6704 59.6573 -4.6978 -5.8867
Car -1 -1 -4.8630 716.1193 175.9698 741.8780 192.9699 1.3927 1.5705 3.9169 10.2142 0.6354 60.8614 -4.6978 -5.8867
Car -1 -1 -5.8948 1240.0000 19.9538 1240.0000 375.0000 1.4971 1.6013 3.9557 6.1682 1.4642 2.1331 -4.6976 -5.8867
Car -1 -1 -6.8392 0.0000 0.0000 1240.0000 375.0000 1.5372 1.5851 3.8019 -2.5296 1.6086 1.0078 -7.9397 -5.8867
Car -1 -1 -8.7312 0.0000 0.0000 1200.9526 375.0000 1.4807 1.5914 3.8403 1.9209 1.4727 1.3815 -7.8745 -5.8867
Car -1 -1 -4.8383 698.7845 177.0453 722.4868 193.6406 1.4153 1.5758 3.9238 9.0101 0.7187 63.2789 -4.6979 -5.8867
Car -1 -1 -3.5143 0.0000 197.4837 0.0000 375.0000 1.4958 1.5979 3.9520 -7.8980 1.5801 2.9477 -4.6976 -5.8867
Car -1 -1 -5.6382 0.0000 0.0000 1240.0000 375.0000 1.5209 1.6625 4.0203 41.4481 0.7761 2.0999 -4.1253 -5.8867
Car -1 -1 -7.0339 104.0061 0.0000 1240.0000 375.0000 1.4989 1.5871 3.9023 -0.9308 1.5820 0.5361 -7.8857 -5.8867
Car -1 -1 -8.5777 0.0000 0.0000 1028.8606 375.0000 1.5002 1.5892 3.9029 0.6770 1.5709 0.5343 -7.8858 -5.8867
Car -1 -1 -3.4347 0.0000 0.0000 1240.0000 375.0000 1.5363 1.6117 3.9638 -6.2879 1.6486 1.7370 -4.6956 -5.8867
Car -1 -1 -3.5328 0.0000 0.0000 1240.0000 375.0000 1.5166 1.6055 3.9608 -4.6811 1.6279 1.7377 -4.6972 -5.8867
Car -1 -1 -4.8440 1240.0000 153.1791 1240.0000 277.9187 1.4362 1.6483 4.0493 10.5017 1.0675 10.3898 -4.0670 -5.8966
Car -1 -1 -5.7772 674.1431 174.4533 725.3142 194.0488 1.7649 1.6960 4.4456 8.5058 0.7957 66.7405 -5.6514 -5.9171
Car -1 -1 -4.7111 778.0624 169.2660 794.6725 186.7951 1.6462 1.5177 3.6957 17.2522 0.1485 69.4858 -4.4691 -5.9841
Car -1 -1 -5.3787 1082.9244 151.8705 1240.0000 241.8849 1.4231 1.6615 4.2997 11.1219 0.8961 13.5238 -4.7010 -6.1713
Car -1 -1 -3.4995 848.3535 165.9641 935.8435 198.3594 1.6007 1.6581 3.7726 14.3016 0.6496 36.3755 -3.1279 -6.3052
Car -1 -1 -2.9967 561.5951 178.3368 691.9540 226.0617 1.6563 1.6870 4.5489 0.6900 1.4178 26.1658 -2.9711 -6.3134
Car -1 -1 -4.4582 629.2256 178.9463 654.3499 195.5545 1.4647 1.4500 3.4964 3.1040 0.9120 65.2815 -4.4113 -7.8296
