Car -1 -1 -7.9293 667.3857 172.7488 711.4336 209.6372 1.6149 1.7330 3.8197 3.6985 1.0693 33.4083 -7.8204 6.8006
Car -1 -1 -4.7825 633.7250 177.3705 659.5173 199.0549 1.5066 1.5820 3.8751 2.7489 0.9617 51.8980 -4.7303 1.6179
Car -1 -1 -4.5627 529.6382 182.0889 561.1083 206.4337 1.6392 1.6290 3.9571 -4.3577 1.4288 50.4282 -4.6489 -0.9684
Car -1 -1 -4.8605 694.4738 173.2115 724.0037 194.0468 1.5455 1.6435 4.1819 7.7616 0.6552 55.4224 -4.7224 -1.5431
Car -1 -1 -4.6924 546.7604 175.2820 572.9452 202.0361 1.6830 1.6407 3.8236 -3.1340 1.0583 47.1691 -4.7588 -1.7868
Car -1 -1 -4.5600 558.3789 180.7377 583.8176 201.6887 1.7435 1.6224 3.8455 -3.1346 1.3710 61.8171 -4.6109 -1.9757
Car -1 -1 -4.2812 594.1041 183.0190 625.3513 199.2860 1.5196 1.5800 3.7679 0.2108 1.3145 69.1921 -4.2786 -2.6320
Car -1 -1 -5.1820 587.1202 179.2070 633.3174 203.0430 1.6864 1.7033 4.1683 0.1130 1.2614 53.1026 -5.1803 -3.9470
Car -1 -1 -4.8357 585.7450 180.8998 613.1415 201.6418 1.6106 1.6890 4.2891 -0.7273 1.2756 58.0569 -4.8486 -3.9702
Car -1 -1 -5.0076 602.6392 180.6972 635.9388 201.6821 1.6083 1.6434 3.6588 0.8619 1.2622 57.0789 -4.9930 -4.1923
Car -1 -1 -4.7290 677.1473 175.1682 701.2203 195.9216 1.5363 1.7614 4.3281 6.2242 0.7927 55.4527 -4.6182 -4.2394
Car -1 -1 -5.9625 546.5388 183.0663 616.0031 209.0499 1.4416 1.5727 3.6653 -1.5352 1.3225 41.1486 -6.0000 -4.3079
Car -1 -1 -2.5789 331.0265 185.2413 498.7612 265.2203 1.4489 1.5045 2.8265 -3.8177 1.4496 14.1641 -2.8377 -4.4212
Car -1 -1 -5.4649 595.1191 179.8613 641.7523 198.3309 1.5644 1.7468 4.1074 0.8919 1.1110 62.9950 -5.4513 -4.6036
Car -1 -1 -4.7403 628.1061 179.2457 653.5531 202.5637 1.4710 1.5561 3.7573 2.1139 1.0946 47.2406 -4.6963 -4.8529
Car -1 -1 -3.8938 705.5215 177.4821 773.4969 205.5371 1.4744 1.5376 3.5842 7.2039 1.0681 39.3969 -3.7147 -4.8762
Car -1 -1 -4.2730 647.9355 175.7223 707.4770 205.6071 1.5945 1.8111 4.0126 3.9660 1.0881 40.5418 -4.1766 -4.9019
Car -1 -1 -4.3509 498.0279 178.4505 550.1997 204.6046 1.6325 1.8917 4.6450 -5.4623 1.2104 47.3520 -4.4655 -4.9364
Car -1 -1 -4.9604 592.0377 180.6335 631.1221 205.3874 1.5850 1.6834 3.9804 0.1839 1.2918 48.1638 -4.9571 -4.9856
Car -1 -1 -4.5932 660.8250 175.6427 694.6049 201.8506 1.6245 1.7061 4.2077 4.5718 1.0313 46.7972 -4.4969 -5.0962
Car -1 -1 -4.9954 646.7523 176.8302 683.9800 196.8038 1.4155 1.6431 4.1361 4.1889 0.8214 53.1369 -4.9175 -5.1137
Car -1 -1 -7.8507 637.4288 173.6916 672.8822 208.4274 1.5407 1.5716 3.3980 2.1803 1.0297 33.6328 -7.7869 -5.2735
Car -1 -1 -4.6081 667.7005 175.7074 695.8870 197.9665 1.5155 1.6032 3.8386 5.2618 0.8683 50.9872 -4.5062 -5.4192
Car -1 -1 -5.0340 612.2161 181.3543 649.4033 199.5291 1.4232 1.7175 4.4097 1.8155 1.1210 58.6499 -5.0036 -5.4826
Car -1 -1 -4.7732 625.6470 179.5504 645.2252 195.6001 1.4676 1.5972 3.9803 2.5716 0.9497 67.7426 -4.7358 -5.8867
Car -1 -1 -7.5646 157.0026 0.0000 1240.0000 375.0000 1.5390 1.5872 3.8024 -0.5069 1.5943 1.0143 -7.9392 -5.8867
Car -1 -1 -3.4359 0.0000 0.0000 1240.0000 375.0000 1.5294 1.6099 3.9643 -6.2891 1.6873 1.7366 -4.6970 -5.8867
Car -1 -1 -4.7635 644.8370 177.7390 667.5643 196.5365 1.4347 1.5850 3.9333 3.7808 0.8642 56.8424 -4.6978 -5.8867
Car -1 -1 -5.9098 0.0000 0.0000 1240.0000 375.0000 1.5055 1.6048 3.9581 5.3582 1.5038 1.7242 -4.6976 -5.8867
Car -1 -1 -6.9171 0.0000 0.0000 1240.0000 375.0000 1.5406 1.5871 3.8024 -2.1146 1.6149 1.0149 -7.9391 -5.8867
Car -1 -1 -6.7027 0.0000 0.0000 1240.0000 375.0000 1.5464 1.5858 3.8031 -3.7213 1.6553 1.0163 -7.9389 -5.8867
Car -1 -1 -5.7766 0.0000 0.0000 1240.0000 375.0000 1.5030 1.6052 3.9595 3.7501 1.5018 1.7256 -4.6976 -5.8867
Car -1 -1 -8.6432 0.0000 0.0000 1040.3722 375.0000 1.5394 1.5863 3.8023 1.1015 1.5844 1.0141 -7.9392 -5.8867
Car -1 -1 -4.7511 637.0288 179.6900 657.2882 197.3542 1.4864 1.5981 3.9496 3.3824 1.0216 62.4773 -4.6977 -5.8867
Car -1 -1 -2.9798 597.9475 177.4479 692.3262 211.2371 1.6155 1.7372 4.4594 1.8455 1.2443 35.6887 -2.9290 -5.9292
Car -1 -1 -5.1296 1062.5082 144.4630 1240.0000 229.2371 1.4661 1.7210 4.2677 11.0637 0.7614 14.7012 -4.4940 -6.0801
Car -1 -1 -4.8247 906.9272 169.5540 974.2596 214.1833 1.4223 1.6555 3.9878 11.4593 0.9233 25.0612 -4.4004 -6.1396
