Car -1 -1 -7.3368 0.0000 196.7528 220.5070 360.4232 1.5683 1.6291 3.9608 -6.7436 1.7495 9.2294 -7.9544 7.8824
Car -1 -1 -7.5586 244.0268 194.5477 362.2867 260.4878 1.4355 1.6408 4.0317 -7.6417 1.7006 18.3241 -7.9489 7.1436
Car -1 -1 -7.8017 679.3233 179.1267 740.2255 234.6251 1.6252 1.7465 3.8091 3.3036 1.4471 23.0874 -7.6618 6.9527
Car -1 -1 -7.4396 118.9603 199.2089 251.4535 262.3317 1.5017 1.6368 4.1838 -11.7385 1.9378 20.2293 -7.9601 4.8450
Car -1 -1 -7.5751 326.9466 190.1713 377.5293 218.0748 1.4455 1.5838 4.0994 -14.2030 1.7363 40.0755 -7.9140 3.8418
Car -1 -1 -7.5463 226.7171 192.7292 286.2646 223.9738 1.4573 1.5972 3.9350 -17.8239 1.8613 36.5805 -7.9973 2.3274
Car -1 -1 -7.6390 766.4324 180.1083 801.0813 201.5082 1.4540 1.6096 3.8387 12.4771 1.1072 50.9213 -7.4005 2.2814
Car -1 -1 -7.5386 245.3689 196.9420 318.9623 236.9335 1.3940 1.5354 3.7067 -12.6737 1.8840 28.1084 -7.9591 1.1817
Car -1 -1 -4.5351 288.7771 185.2062 326.4292 210.2230 1.5338 1.5967 3.6834 -19.2011 1.5334 46.0449 -4.9285 0.3778
Car -1 -1 -7.8559 454.1528 181.8061 475.5229 201.8307 1.6227 1.7036 3.7036 -11.9939 1.3466 60.2358 -8.0520 -0.6819
Car -1 -1 -4.8569 566.9534 177.5332 595.6133 198.4561 1.4649 1.5429 3.8313 -1.9848 0.9272 52.3528 -4.8950 -1.2050
Car -1 -1 -7.2290 98.1469 191.9127 214.7916 238.9934 1.5201 1.6123 3.7812 -16.0321 1.7778 25.7053 -7.7824 -1.7451
Car -1 -1 -6.5251 823.4426 177.0260 900.6746 207.6298 1.4632 1.5882 3.2867 12.4060 1.0718 35.3124 -6.1902 -1.8642
Car -1 -1 -4.5583 286.4261 180.1767 315.9727 199.1319 1.5095 1.6235 4.1754 -25.3322 1.1084 59.4707 -4.9597 -1.9149
Car -1 -1 -7.5053 675.3925 179.1883 718.4604 203.1767 1.4850 1.5821 3.7596 5.7852 1.1120 46.5352 -7.3827 -2.4592
Car -1 -1 -4.6161 658.3295 178.4643 689.4868 201.9293 1.4807 1.6756 4.0341 4.3846 1.0548 47.4984 -4.5251 -2.7761
Car -1 -1 -4.0198 0.0000 196.3405 134.6469 250.0641 1.5435 1.5948 3.7133 -17.4910 1.9342 23.3365 -4.6579 -2.8138
Car -1 -1 -4.8323 307.2957 183.2551 331.5044 199.8397 1.4982 1.6260 4.0375 -26.9502 1.3213 67.1012 -5.2133 -2.9337
Car -1 -1 -7.9157 788.3923 184.4018 819.7808 209.2596 1.4556 1.6128 3.7547 11.9708 1.4081 44.0953 -7.6527 -3.2983
Car -1 -1 -4.1373 163.2655 185.0280 233.5020 212.4179 1.4811 1.6544 3.8097 -23.1885 1.4711 40.8229 -4.6514 -3.7573
Car -1 -1 -7.9435 450.0608 169.6134 470.8119 186.5602 1.6119 1.6408 3.9999 -14.4856 0.1280 70.5266 -8.1456 -4.0031
Car -1 -1 -7.5460 804.3976 183.5273 852.7576 210.3242 1.5429 1.6730 3.9998 13.3762 1.4458 43.5109 -7.2501 -4.0352
Car -1 -1 -4.1306 304.9473 180.9101 350.0303 198.8258 1.5779 1.6450 4.4790 -25.5537 1.1989 65.6747 -4.5007 -4.2228
Car -1 -1 -4.7243 504.4131 180.8485 520.8412 195.1695 1.3761 1.5610 3.8738 -9.4375 0.9566 71.1040 -4.8562 -4.8899
Car -1 -1 -5.9479 93.7141 180.4116 187.3857 211.5762 1.5008 1.5210 3.6105 -23.2141 1.2696 35.7805 -6.5203 -4.9509
Car -1 -1 -4.5599 516.3840 179.6767 536.8032 194.1570 1.4058 1.5325 3.3229 -8.0546 0.8682 71.4815 -4.6721 -5.1759
Car -1 -1 -4.4684 412.0261 175.9500 466.7070 212.6067 1.8509 1.7998 4.5784 -8.9885 1.3832 38.6008 -4.6961 -5.7894
Car -1 -1 -4.7960 199.7628 182.1030 241.2322 213.3887 1.5993 1.6521 3.9513 -20.9989 1.4404 38.8543 -5.2889 -5.9582
Car -1 -1 -5.8758 528.0579 176.7538 574.1834 198.9186 1.5399 1.5148 2.9088 -4.0432 0.9521 51.1272 -5.9547 -6.9381
