Car -1 -1 -7.7696 708.7135 179.5553 769.4847 230.4902 1.6280 1.7753 3.8328 4.6032 1.4472 25.0576 -7.5904 8.0067
Car -1 -1 -7.3542 0.0000 209.4316 105.9833 274.4622 1.3666 1.5909 3.4686 -14.6181 2.0460 18.3214 -8.0210 4.3300
Car -1 -1 -7.3304 0.0000 210.4405 96.0502 346.7202 1.3631 1.5868 3.8515 -9.0201 1.7855 9.9907 -8.0517 3.9766
Car -1 -1 -7.7847 351.8683 182.4999 380.9448 208.2968 1.7302 1.6831 3.4691 -16.8073 1.5482 50.1031 -8.1072 2.8611
Car -1 -1 -7.6711 791.0233 179.6204 824.2694 200.9783 1.4834 1.6551 3.8383 14.4730 1.0949 52.0157 -7.4015 2.8004
Car -1 -1 -7.4979 119.8680 200.6630 186.4253 233.0712 1.4321 1.5738 3.7470 -22.4949 2.2414 35.6606 -8.0578 2.6685
Car -1 -1 -7.3882 0.0000 199.3790 112.4595 246.2243 1.4944 1.7047 4.2219 -20.2983 2.0609 26.5122 -8.0372 2.1261
Car -1 -1 -4.5793 318.5933 187.5255 360.2875 214.9260 1.5053 1.7192 4.3973 -15.7209 1.6486 42.2194 -4.9341 1.1868
Car -1 -1 -7.8129 835.1264 169.3560 876.8741 206.4986 1.6352 1.7008 4.4177 11.7608 0.9372 34.0151 -7.4829 -0.0019
Car -1 -1 -7.8755 377.3729 179.0244 395.6840 195.1613 1.5503 1.6476 3.9391 -21.9362 0.9556 71.1890 -8.1737 -0.4903
Car -1 -1 -7.7107 363.9452 176.7401 392.3542 201.8798 2.0138 1.7016 3.9219 -19.0304 1.3350 59.6579 -8.0185 -1.3351
Car -1 -1 -7.3717 150.6389 197.0827 239.1998 236.8588 1.4742 1.5798 3.8029 -16.9885 1.9967 29.7186 -7.8876 -1.4316
Car -1 -1 -4.7886 845.1646 171.1453 885.8107 206.3834 1.7060 1.6267 4.2990 13.1991 1.0250 37.0899 -4.4495 -2.4716
Car -1 -1 -7.7239 124.2847 197.2186 186.1420 239.0029 1.5099 1.6142 4.0461 -18.4560 2.0373 29.4021 -8.2809 -2.7285
Car -1 -1 -7.4119 440.8124 183.8766 493.6586 209.5639 1.3986 1.5510 3.6508 -8.0072 1.3258 41.1001 -7.6035 -3.0384
Car -1 -1 -4.6713 858.9470 180.7809 891.9595 208.5262 1.4978 1.6129 3.9762 15.2545 1.2586 40.9527 -4.3174 -3.0974
Car -1 -1 -4.5095 438.6476 181.6945 464.8049 197.9754 1.5313 1.7053 3.9985 -15.0828 1.2002 69.6176 -4.7225 -3.3146
Car -1 -1 -4.1664 346.4336 185.5747 410.0525 210.8764 1.5010 1.7057 4.5073 -14.3407 1.5249 45.1049 -4.4729 -3.3854
Car -1 -1 -4.2028 387.4106 179.0485 421.2241 195.1490 1.5536 1.6433 3.6790 -20.1613 0.9587 71.3476 -4.4776 -3.4984
Car -1 -1 -7.6010 845.8015 180.1861 885.4528 205.2765 1.7332 1.7019 4.2145 18.6232 1.3860 51.8803 -7.2585 -3.6410
Car -1 -1 -4.9173 443.3648 183.4071 474.5524 202.8534 1.4883 1.6353 4.0573 -11.8919 1.3500 57.2016 -5.1217 -4.0769
Car -1 -1 -4.5071 726.8796 175.5334 757.4215 196.0061 1.5314 1.5817 3.8801 10.4569 0.8073 55.8659 -4.3234 -4.1647
Car -1 -1 -5.1133 115.5638 182.9925 170.6003 208.0626 1.5380 1.6170 3.7455 -29.6626 1.4018 45.8235 -5.6855 -5.0489
Car -1 -1 -4.9341 735.7059 179.8309 771.7733 200.4264 1.4441 1.6763 4.2513 10.5971 1.0667 52.5508 -4.7365 -5.1791
Car -1 -1 -5.5971 670.6260 178.6851 736.4928 200.2076 1.4053 1.5827 4.4609 6.4702 0.9791 49.1057 -5.4672 -5.2709
Car -1 -1 -4.5169 759.3518 182.6041 825.3270 226.8173 1.5319 1.6257 4.2838 7.0126 1.4416 27.1902 -4.2675 -5.4463
Car -1 -1 -5.3614 873.4396 173.8782 973.7736 207.0897 1.4090 1.7627 4.6022 14.2958 0.9281 32.9423 -4.9554 -5.7426
