Car -1 -1 -7.8249 730.0176 172.2519 774.2374 211.9501 1.6080 1.7683 3.8595 6.2725 1.0830 31.1959 -7.6286 7.5381
Car -1 -1 -7.8546 722.3608 174.6378 745.3105 195.9978 1.4975 1.5888 3.7221 9.1544 0.7561 52.3675 -7.6828 -1.0547
Car -1 -1 -7.8240 797.1042 175.9299 826.7765 202.6796 1.4731 1.5555 3.2278 11.7443 0.9619 41.3605 -7.5495 -1.8038
Car -1 -1 -7.9204 659.2354 180.0011 690.4558 204.1008 1.3982 1.6121 4.0701 4.0106 1.0958 43.7599 -7.8300 -1.9412
Car -1 -1 -4.7661 774.4021 172.6872 806.5240 200.3515 1.5533 1.6135 3.8992 10.7081 0.8500 42.4300 -4.5209 -2.8079
Car -1 -1 -7.8664 853.6188 171.3385 887.2988 201.3134 1.5443 1.6414 3.8386 14.2207 0.8295 39.1171 -7.5204 -2.9124
Car -1 -1 -4.7385 782.7692 170.1534 801.0123 186.5613 1.5659 1.6258 3.9376 18.0760 0.1286 70.7025 -4.4895 -3.1450
Car -1 -1 -7.9455 635.4522 181.6104 668.2478 206.0479 1.4145 1.6108 4.0629 2.6039 1.2060 43.6673 -7.8868 -3.1748
Car -1 -1 -2.8167 624.1566 176.0706 673.5233 194.7392 1.6342 1.6694 4.1016 3.6720 0.8338 64.4627 -2.7605 -3.2460
Car -1 -1 -5.2234 688.7330 178.8318 722.5314 195.2054 1.5325 1.5876 3.7592 9.3957 0.9352 69.3229 -5.0897 -3.2498
Car -1 -1 -4.7203 697.3416 174.9305 722.3972 195.4324 1.4559 1.7655 4.2592 7.5211 0.7257 53.2740 -4.5812 -3.4156
Car -1 -1 -7.1921 824.9592 169.6462 883.1161 195.7172 1.6118 1.6569 3.6264 15.7898 0.6494 46.1308 -6.8646 -3.5086
Car -1 -1 -5.0551 846.2654 167.0592 906.3493 200.2215 1.5755 1.6848 3.6021 13.3238 0.7131 35.9610 -4.7031 -3.7047
Car -1 -1 -5.1169 824.3796 167.7487 864.6060 190.0206 1.7213 1.7208 3.7173 18.8639 0.3715 57.4864 -4.8016 -3.8723
Car -1 -1 -4.8156 797.5079 172.5311 817.4669 187.8715 1.4687 1.5228 3.5683 19.6119 0.2544 70.7073 -4.5464 -3.9099
Car -1 -1 -8.6655 832.9995 161.1297 891.0909 185.2659 1.8932 1.7696 4.4839 20.7131 0.0041 58.7843 -8.3286 -3.9777
Car -1 -1 -4.7443 753.3628 173.8626 782.2028 198.8944 1.4106 1.5323 3.6024 9.3753 0.7710 42.4215 -4.5286 -4.2068
Car -1 -1 -2.7993 740.0214 171.7192 790.9552 188.1866 1.5656 1.6696 4.5661 15.3902 0.2826 70.2570 -2.5849 -4.3003
Car -1 -1 -4.8549 818.1321 167.8056 851.1831 191.7266 1.7488 1.7981 4.2792 17.2277 0.4761 54.8080 -4.5522 -4.3004
Car -1 -1 -7.0359 221.7026 187.6421 399.3874 258.5355 1.5001 1.6956 3.8590 -7.0973 1.5663 17.4616 -7.4170 -4.3415
Car -1 -1 -5.3524 767.8334 167.5665 815.7599 192.1825 1.8491 1.6141 3.8859 14.2943 0.5235 56.1016 -5.1045 -4.4305
Car -1 -1 -5.0147 825.3927 164.8894 859.0095 187.8944 1.9790 1.7671 3.8193 20.7357 0.2306 63.7579 -4.7019 -4.5808
Car -1 -1 -7.6234 528.0328 175.6411 580.1536 211.3205 1.6479 1.6669 4.0777 -2.6057 1.2058 35.3454 -7.6968 -4.5892
Car -1 -1 -8.1016 809.6415 169.2488 848.7081 195.6898 1.6850 1.5802 3.8085 14.6295 0.6676 47.7505 -7.8064 -4.5976
Car -1 -1 -6.9947 822.3930 166.3372 867.3110 183.6472 1.6092 1.6197 3.9827 22.6223 -0.1529 68.6157 -6.6778 -4.8083
Car -1 -1 -7.5268 592.2167 174.4842 634.8046 202.6242 1.7321 1.6791 3.5793 0.3849 1.0717 46.2132 -7.5189 -4.8865
Car -1 -1 -4.4078 714.2440 173.9292 762.6249 199.8495 1.5459 1.8068 4.2459 8.2329 0.8729 45.1713 -4.2290 -4.9998
Car -1 -1 -5.0791 714.2013 177.9846 759.5426 200.5125 1.4747 1.6502 4.1994 8.7662 1.0015 49.2766 -4.9044 -5.2233
Car -1 -1 -6.7172 716.3731 178.2583 761.3348 194.4384 1.5042 1.6086 3.8723 12.3996 0.8575 68.0945 -6.5382 -5.4353
Car -1 -1 -4.6487 723.3373 175.8946 759.2692 203.2686 1.4732 1.7491 4.3788 7.6380 0.9717 41.0237 -4.4663 -5.5148
Car -1 -1 -4.8957 742.6310 173.4892 772.8083 191.7140 1.3777 1.5894 4.0740 11.7022 0.4914 56.3924 -4.6924 -5.5767
Car -1 -1 -4.4863 710.1409 179.0387 734.7569 195.6287 1.5601 1.5318 3.8755 11.1355 0.9794 69.6846 -4.3289 -5.7125
Car -1 -1 -5.2105 684.9953 175.9133 738.7458 201.3778 1.4644 1.5927 3.7687 6.1985 0.9296 43.3826 -5.0699 -5.8540
Car -1 -1 -3.5476 0.0000 199.5164 0.0000 375.0000 1.5083 1.6075 3.9588 -6.2905 1.5986 2.5404 -4.6974 -5.8867
Car -1 -1 -7.5645 156.9322 0.0000 1240.0000 375.0000 1.5404 1.5880 3.8029 -0.5070 1.5983 1.0141 -7.9392 -5.8867
Car -1 -1 -8.6433 0.0000 0.0000 1040.4725 375.0000 1.5411 1.5881 3.8031 1.1011 1.5877 1.0134 -7.9392 -5.8867
Car -1 -1 -4.8715 720.3538 176.6051 746.7206 193.7910 1.4088 1.5820 3.9661 10.6075 0.7031 60.9200 -4.7003 -5.8867
Car -1 -1 -4.9217 759.1505 175.3206 787.1970 191.8796 1.3842 1.5697 3.9141 14.2271 0.5572 62.0568 -4.6977 -5.8867
Car -1 -1 -5.9099 0.0000 0.0000 1240.0000 375.0000 1.5127 1.6086 3.9607 5.3582 1.5262 1.7237 -4.6976 -5.8867
Car -1 -1 -6.9172 0.0000 0.0000 1240.0000 375.0000 1.5400 1.5863 3.8021 -2.1144 1.6138 1.0153 -7.9391 -5.8867
Car -1 -1 -7.2142 349.5114 183.4442 487.3772 243.7153 1.5988 1.7577 4.2511 -5.5174 1.5520 21.3690 -7.4642 -6.0598
Car -1 -1 -4.7704 1091.0494 138.4140 1213.3707 222.1414 1.5103 1.7384 4.2811 11.2963 0.6662 15.2374 -4.1415 -6.1542
