Car -1 -1 -7.8803 562.0165 188.4802 703.4063 313.4822 1.3665 1.5647 3.4682 0.2096 1.4185 9.6875 -7.8598 5.9103
Car -1 -1 -7.8664 571.2361 174.9288 653.7560 247.1041 1.4674 1.6790 3.8929 0.0231 1.2584 16.5707 -7.8654 4.9210
Car -1 -1 -7.8420 568.4511 170.5992 621.1550 218.9271 1.5293 1.6681 3.7583 -0.4687 1.0669 24.6331 -7.8612 3.7786
Car -1 -1 -7.5209 676.9214 162.0296 714.1520 183.4570 1.5758 1.6487 3.9503 6.7762 -0.1405 55.3539 -7.3999 3.0287
Car -1 -1 -5.9035 310.9129 170.3907 363.4225 187.4918 1.4857 1.6611 3.9992 -23.8204 0.1979 63.3227 -6.2622 -0.0831
Car -1 -1 -2.6229 540.9025 169.8107 637.5295 206.0903 1.5040 1.6165 3.9407 -0.8640 0.8655 31.4430 -2.6505 -1.3598
Car -1 -1 -4.1185 709.6226 159.1963 758.7648 181.5285 1.6981 1.7566 4.3286 10.1356 -0.3061 57.5440 -3.9453 -1.8785
Car -1 -1 -7.3341 253.7911 176.9301 289.8006 191.7894 1.4066 1.5671 3.6477 -32.6458 0.6224 69.9285 -7.7697 -1.9025
Car -1 -1 -2.9867 622.9088 168.3524 669.1714 185.2454 1.5192 1.6999 4.0217 3.5112 0.0028 65.8925 -2.9341 -2.1376
Car -1 -1 -4.7155 566.7123 166.1382 595.9982 194.0746 1.5819 1.6586 3.9642 -1.6076 0.5018 42.7182 -4.7532 -2.7149
Car -1 -1 -7.5231 696.6683 162.5331 730.7432 181.4730 1.4594 1.6083 3.7349 8.5943 -0.3135 58.2225 -7.3775 -3.0556
Car -1 -1 -5.8674 573.8550 164.6202 634.3098 189.0116 1.6440 1.6639 3.8604 -0.2797 0.2560 49.9849 -5.8733 -3.5709
Car -1 -1 -2.7531 548.3316 163.1776 635.4121 193.7716 1.5604 1.6835 4.3124 -0.8768 0.4365 38.2204 -2.7762 -3.5829
Car -1 -1 -7.5277 194.7724 176.2183 292.6989 224.9275 1.4902 1.7371 3.9229 -12.0843 1.2151 24.0533 -7.9890 -3.5848
Car -1 -1 -2.8312 468.7363 171.8517 531.5002 194.1478 1.6287 1.6624 4.3353 -8.0384 0.6526 53.6807 -2.9795 -3.5937
Car -1 -1 -8.1636 592.7516 165.3447 643.9175 193.4830 1.4633 1.6126 4.1723 0.4883 0.4301 39.6150 -8.1516 -3.6958
Car -1 -1 -5.0011 619.2056 166.1455 655.7234 187.9899 1.5652 1.6752 3.8861 2.1514 0.1989 53.5982 -4.9615 -3.8901
Car -1 -1 -7.9703 535.6074 161.3531 566.3430 185.2067 1.7451 1.8380 4.3779 -4.4001 -0.0006 54.9186 -8.0501 -4.0805
Car -1 -1 -5.9386 472.4496 165.3357 532.6724 185.1751 1.6839 1.7583 4.8621 -9.1246 -0.0034 62.3649 -6.0835 -4.2183
Car -1 -1 -2.7072 375.2693 168.0410 428.2640 185.9180 1.5993 1.6058 4.3688 -18.7479 0.0630 65.4429 -2.9854 -4.2969
Car -1 -1 -7.9068 748.6566 164.5019 768.5505 182.3084 1.6778 1.6947 3.9228 14.7528 -0.2932 70.4777 -7.7016 -4.3572
Car -1 -1 -3.0069 622.1577 163.9682 684.1629 183.3090 1.5355 1.7040 4.8645 3.7022 -0.1589 58.6411 -2.9444 -4.4213
Car -1 -1 -7.7931 549.3143 159.7558 571.9174 180.2375 1.6172 1.6501 3.6212 -3.8870 -0.4242 59.4570 -7.8583 -4.4591
Car -1 -1 -8.0359 587.9600 169.9305 675.1047 228.8005 1.4373 1.6754 3.8188 0.4931 1.0643 19.5675 -8.0114 -4.8131
Car -1 -1 -2.3912 493.8236 167.5781 565.2602 195.4794 1.4962 1.6123 3.9468 -4.4508 0.5505 40.3735 -2.5006 -4.8236
Car -1 -1 -5.0730 589.9611 165.5151 640.2303 191.9911 1.5283 1.6838 4.1747 0.3595 0.3913 43.7459 -5.0652 -5.1195
Car -1 -1 -7.5412 277.5114 172.9604 427.5513 257.8916 1.5002 1.6108 4.3578 -5.1084 1.2839 14.8866 -7.8664 -5.7977
Car -1 -1 -4.8623 333.1019 169.2004 368.7619 193.7375 1.5858 1.6211 4.5397 -17.5151 0.5509 48.8433 -5.2051 -6.1813
Car -1 -1 -4.5489 256.2942 175.7032 288.0963 199.9063 1.6572 1.5059 3.4285 -23.8229 1.0060 51.0730 -4.9837 -6.2955
Car -1 -1 -5.0043 934.3315 155.1143 1019.8095 198.1107 1.5001 1.7430 4.0910 13.8272 0.4501 27.2460 -4.5391 -6.5350
Car -1 -1 -2.1861 0.0000 66.7388 8.6582 375.0000 1.5652 1.7793 4.2373 -5.2196 1.3062 2.6706 -3.2424 -6.8539
Car -1 -1 -4.9352 1222.0616 205.8155 1240.0000 375.0000 1.6578 1.9747 4.1620 5.4094 1.8545 4.5883 -4.0978 -7.6452
