Car -1 -1 -7.8596 577.3300 184.7198 672.5933 263.6875 1.3224 1.5962 3.4154 0.2548 1.3143 13.7554 -7.8418 5.9123
Car -1 -1 -7.9106 581.7563 175.7359 647.3754 232.9256 1.4777 1.6304 3.8637 0.0616 1.2329 20.5474 -7.9081 4.1081
Car -1 -1 -7.9202 575.8791 171.7878 623.4803 211.8696 1.4944 1.6459 3.6532 -0.4210 0.9939 28.6888 -7.9351 3.8308
Car -1 -1 -7.8246 655.9498 166.4671 682.5483 189.9712 1.5713 1.7394 3.7925 4.2896 0.3181 50.0389 -7.7399 2.1625
Car -1 -1 -7.9575 759.7421 175.9917 805.3054 212.3775 1.4794 1.5210 3.7210 7.4782 1.1046 31.1717 -7.7245 -1.1574
Car -1 -1 -2.9695 496.5461 173.1391 552.0830 193.9241 1.6093 1.6952 4.1166 -6.5631 0.6744 56.6224 -3.0847 -1.6348
Car -1 -1 -5.6827 376.3223 173.8634 425.5749 190.5660 1.5873 1.7019 4.4074 -20.0908 0.5086 69.8190 -5.9622 -2.2439
Car -1 -1 -5.9681 488.7772 168.8056 539.9808 186.0150 1.5516 1.7412 4.3416 -8.5773 0.0722 66.0687 -6.0969 -2.5159
Car -1 -1 -5.4385 340.5566 170.1714 385.8257 187.3101 1.5907 1.7162 4.2203 -23.3266 0.1945 68.5091 -5.7657 -2.6609
Car -1 -1 -2.8407 556.4614 167.3975 632.7934 195.1076 1.5796 1.6757 4.1900 -0.7919 0.5640 42.3649 -2.8596 -2.6896
Car -1 -1 -7.8607 598.5018 172.8975 631.7813 202.9205 1.4241 1.5786 3.7946 0.3171 0.8400 35.9968 -7.8523 -2.7345
Car -1 -1 -7.7073 363.3186 170.7401 396.2961 193.8359 1.6137 1.7050 4.1135 -16.5855 0.6024 52.3908 -8.0127 -3.0046
Car -1 -1 -4.0742 707.3436 162.9567 751.6719 182.6879 1.6223 1.6631 4.0521 10.4464 -0.2236 61.6199 -3.9073 -3.2140
Car -1 -1 -5.1102 514.4064 169.0868 564.6667 195.7181 1.5674 1.6509 4.0460 -4.2981 0.6183 44.4807 -5.2063 -3.2184
Car -1 -1 -7.7885 328.0937 167.8042 350.5679 186.4221 1.7215 1.7420 4.1554 -25.6304 0.1117 68.7085 -8.1445 -3.6159
Car -1 -1 -4.7267 551.0833 167.8245 578.2254 193.8730 1.5590 1.6241 4.1140 -2.7667 0.5183 45.1359 -4.7879 -3.7396
Car -1 -1 -4.9539 733.1938 164.2326 762.6169 182.2784 1.5347 1.6560 3.9548 12.3878 -0.2688 63.8101 -4.7633 -3.7619
Car -1 -1 -7.8742 677.7725 163.1501 702.6904 184.9820 1.7185 1.9262 4.8782 6.7266 -0.0199 59.1558 -7.7618 -3.8040
Car -1 -1 -8.5885 744.7538 169.2647 811.1580 196.8001 1.6646 1.6864 4.2507 10.7316 0.7005 45.7245 -8.3597 -3.9010
Car -1 -1 -7.5759 293.9130 172.9199 330.0267 193.6241 1.6747 1.8228 3.7816 -24.7066 0.6803 60.1269 -7.9645 -3.9683
Car -1 -1 -6.3550 631.1089 169.4707 684.8636 190.5552 1.6205 1.6757 4.0712 3.8694 0.4105 56.0942 -6.2868 -4.0833
Car -1 -1 -7.8503 698.2425 164.7362 717.7724 183.3074 1.5573 1.6373 4.2988 8.7722 -0.1730 62.9841 -7.7129 -4.2981
Car -1 -1 -2.7219 371.4931 167.1546 426.2773 184.9320 1.5707 1.6411 4.4515 -18.7835 -0.0258 64.6692 -3.0036 -4.3812
Car -1 -1 -2.4430 538.2260 165.5397 589.6937 184.0459 1.4912 1.7340 4.1505 -3.6970 -0.1008 60.1014 -2.5044 -4.4053
Car -1 -1 -7.6220 557.3158 159.3930 586.1450 179.7416 1.7102 1.6845 3.9663 -3.1672 -0.5006 63.6522 -7.6718 -4.6288
Car -1 -1 -2.9332 615.2092 166.9410 666.6470 185.4315 1.5842 1.6764 4.2445 2.9003 0.0186 62.9353 -2.8877 -4.7751
Car -1 -1 -7.1498 63.4396 186.4874 188.1787 233.3372 1.5163 1.6053 3.7296 -16.8659 1.5646 25.3191 -7.7329 -4.8848
Car -1 -1 -4.7384 535.4731 163.8052 556.3675 183.9284 1.7040 1.7181 4.3504 -5.4986 -0.1175 63.4179 -4.8248 -4.9863
Car -1 -1 -4.8563 415.6325 169.5245 439.5771 185.8593 1.4582 1.6290 3.6586 -16.6184 0.0576 66.1754 -5.1016 -5.1783
Car -1 -1 -4.9429 326.8634 176.4346 373.5696 205.9773 1.5251 1.6005 3.6384 -14.0660 1.0719 39.0717 -5.2865 -5.1926
Car -1 -1 -4.5399 390.4084 164.4775 423.6700 185.8473 1.7577 1.9037 5.0862 -17.1956 0.0521 61.7498 -4.8106 -5.2616
Car -1 -1 -2.9609 0.0000 182.9451 23.7164 314.7261 1.5829 1.8234 4.9601 -12.1087 1.5558 10.8571 -3.7885 -5.5014
Car -1 -1 -4.7333 621.5013 174.2150 660.9644 207.6812 1.4576 1.7185 4.9329 1.4741 0.9787 33.7949 -4.6904 -6.9873
Car -1 -1 -4.9104 1240.0000 191.4478 1240.0000 375.0000 1.6858 1.9382 4.1396 5.4315 1.7442 4.4855 -4.0604 -7.3735
