Car -1 -1 -7.8990 555.8325 189.0092 720.0887 336.9691 1.3786 1.5582 3.6005 0.1864 1.4338 8.6099 -7.8785 5.4627
Car -1 -1 -7.8906 567.7800 175.7712 654.7719 252.9784 1.4713 1.6637 3.8684 -0.0623 1.2915 15.6657 -7.8949 5.0222
Car -1 -1 -7.8964 565.4821 171.3788 621.8317 221.5847 1.5075 1.6642 3.7181 -0.5761 1.0922 23.4957 -7.9210 4.2973
Car -1 -1 -7.1905 711.4569 160.7951 757.5312 181.9687 1.6500 1.6954 3.8337 10.3206 -0.2728 58.5175 -7.0171 1.2941
Car -1 -1 -2.7698 303.5065 170.5399 356.3560 188.1142 1.4971 1.6745 3.9176 -23.9774 0.2471 62.0814 -3.1372 1.1277
Car -1 -1 -4.5928 584.0923 171.9738 630.4822 207.4923 1.4116 1.5494 3.5925 -0.0046 0.8855 30.4452 -4.5933 -1.4810
Car -1 -1 -2.7323 481.5471 172.0321 533.2041 189.7784 1.5081 1.6522 4.1273 -8.7239 0.3879 62.4353 -2.8709 -1.9706
Car -1 -1 -4.0532 149.3505 176.5734 268.0969 230.5470 1.4878 1.5907 2.9832 -11.8220 1.2497 21.4141 -4.5526 -1.9905
Car -1 -1 -4.5443 763.6065 173.8818 799.0048 199.7912 1.5409 1.5636 3.6300 10.8043 0.8670 44.7297 -4.3091 -2.6749
Car -1 -1 -6.2883 615.4177 171.5542 673.3436 193.2891 1.5727 1.6556 4.1935 2.6657 0.5843 52.9363 -6.2386 -2.6975
Car -1 -1 -7.7116 328.7052 169.2649 366.5777 197.9701 1.7852 1.7401 4.2137 -16.9541 0.7934 46.9446 -8.0566 -2.8431
Car -1 -1 -7.7934 255.1806 174.6410 282.4247 194.3503 1.4373 1.6527 3.4592 -25.6051 0.6663 54.3367 -8.2321 -3.1250
Car -1 -1 -6.1539 567.8868 163.2345 628.9320 188.8238 1.6932 1.6820 3.9466 -0.6316 0.2389 48.6305 -6.1671 -3.2899
Car -1 -1 -4.7864 382.5925 173.2707 403.1972 189.4540 1.4531 1.5623 3.6272 -19.9139 0.3807 66.5209 -5.0764 -3.4554
Car -1 -1 -7.5388 554.8047 166.2028 591.8255 186.6138 1.4551 1.6148 3.9037 -2.5340 0.0998 53.3422 -7.5863 -3.5344
Car -1 -1 -3.2561 438.0956 174.6539 542.6790 212.7515 1.4315 1.5787 3.9080 -4.6785 1.0348 28.3037 -3.4187 -3.7665
Car -1 -1 -2.8252 474.3150 168.1802 534.2487 189.8520 1.5978 1.6976 4.1508 -7.8018 0.3420 54.1949 -2.9677 -3.9561
Car -1 -1 -2.8484 548.2522 168.2811 632.2827 199.8597 1.5844 1.6389 4.0710 -0.9290 0.7349 37.3970 -2.8734 -3.9941
Car -1 -1 -2.8883 478.8322 169.3210 554.7833 199.4863 1.5642 1.6363 3.7267 -4.8516 0.7402 38.3252 -3.0137 -4.0871
Car -1 -1 -5.2347 559.0278 175.3134 694.2108 234.3524 1.4508 1.7702 4.4056 0.3371 1.2077 20.0211 -5.2185 -4.2365
Car -1 -1 -7.3385 259.8832 172.1157 315.5388 193.4965 1.5442 1.9640 4.2953 -24.0515 0.5982 54.1532 -7.7549 -4.2780
Car -1 -1 -8.0939 611.5192 171.2109 667.6118 207.7762 1.4951 1.5835 3.7587 1.2848 0.9226 31.3921 -8.0537 -4.6523
Car -1 -1 -4.8137 272.3671 174.6818 311.8633 202.6071 1.4350 1.5812 3.8629 -17.1973 0.8939 39.0110 -5.2266 -4.7078
Car -1 -1 -7.5689 551.0876 156.0641 584.9774 179.6802 1.8136 1.6820 4.0340 -3.2011 -0.4659 58.3702 -7.6236 -4.8406
Car -1 -1 -7.7727 348.2047 177.3808 387.6668 204.6007 1.3185 1.6496 3.1328 -12.1768 0.9391 36.5375 -8.0925 -4.8563
Car -1 -1 -4.9545 293.6382 172.6410 342.7586 200.6663 1.4701 1.5895 4.0945 -16.1176 0.8106 39.8329 -5.3369 -5.0821
Car -1 -1 -6.1103 780.5215 166.3592 858.2183 196.0858 1.6454 1.6537 4.0745 12.1566 0.6018 41.4290 -5.8271 -5.1987
Car -1 -1 -6.1638 346.5421 174.6323 411.4925 197.5841 1.4420 1.5743 3.8251 -14.7064 0.7772 46.2936 -6.4700 -5.3772
Car -1 -1 -4.8247 1216.8705 141.5152 1240.0000 226.7400 1.4833 1.7014 4.1514 13.7117 0.7229 14.6906 -4.0837 -5.6793
Car -1 -1 -7.6775 0.0000 173.6776 31.0986 318.0829 1.4938 2.0641 5.1072 -9.8178 1.3746 10.1378 -8.4336 -6.0582
Car -1 -1 -4.9492 1234.2162 198.4691 1240.0000 375.0000 1.6993 1.9885 4.1058 5.4198 1.8232 4.4613 -4.0978 -7.5788
