Car -1 -1 -7.8782 586.1235 182.1715 655.0692 242.0305 1.3518 1.5584 3.4298 0.2185 1.2832 17.9581 -7.8667 6.1946
Car -1 -1 -7.8663 585.6924 176.1652 635.7328 221.3372 1.4666 1.6256 3.7693 0.0297 1.1729 25.2335 -7.8656 3.0362
Car -1 -1 -7.9284 652.9566 170.5223 682.2733 195.0146 1.5235 1.6126 3.6754 3.8126 0.6097 46.5573 -7.8475 2.6268
Car -1 -1 -7.9344 578.3420 173.1924 619.8676 207.1221 1.4871 1.6285 3.6522 -0.4892 0.9603 33.4009 -7.9493 2.4729
Car -1 -1 -2.8957 468.9924 168.3563 560.7554 200.2043 1.5848 1.7133 4.3843 -4.7617 0.7460 36.8805 -3.0234 0.0260
Car -1 -1 -5.3827 624.8109 170.8931 671.1238 190.5788 1.5692 1.6833 4.0222 3.2706 0.4277 59.4303 -5.3284 -1.1460
Car -1 -1 -4.8190 558.9387 173.4786 586.3373 195.0069 1.5239 1.6108 3.8048 -2.6389 0.6932 52.8900 -4.8690 -1.6853
Car -1 -1 -3.4469 534.2148 168.9594 621.2411 199.0825 1.5792 1.6573 4.4518 -1.6721 0.7271 39.2233 -3.4895 -1.9256
Car -1 -1 -5.0032 629.8159 171.5632 657.3655 187.9411 1.5172 1.6207 3.7205 3.3790 0.2526 68.5912 -4.9545 -2.4131
Car -1 -1 -7.4872 674.0150 163.7897 709.3348 183.0990 1.7049 1.7648 4.4491 7.7754 -0.2023 66.3714 -7.3714 -2.6722
Car -1 -1 -4.8917 498.6419 174.0320 521.4417 188.2583 1.3770 1.5777 3.9079 -9.7761 0.2947 71.6806 -5.0270 -2.9253
Car -1 -1 -4.6189 558.1523 166.2809 588.0471 192.2366 1.7114 1.6764 4.1787 -2.3693 0.4631 49.5241 -4.6668 -3.0630
Car -1 -1 -7.4599 525.1840 172.4710 589.8651 207.5967 1.5332 1.6265 3.9145 -2.3054 0.9770 33.4910 -7.5284 -3.2166
Car -1 -1 -6.9109 698.5718 170.4070 763.5103 195.9043 1.7529 1.7074 4.3917 8.7604 0.7350 51.1597 -6.7427 -3.2375
Car -1 -1 -3.1537 595.0854 170.5035 655.1172 194.9747 1.5569 1.6419 3.8201 1.0847 0.6210 46.5749 -3.1309 -3.5293
Car -1 -1 -5.6951 384.4992 171.3319 432.6295 187.3854 1.5253 1.7347 4.2566 -19.3418 0.2063 69.7905 -5.9648 -3.6948
Car -1 -1 -3.1997 672.2882 174.7250 753.2687 206.4576 1.5081 1.6104 3.8211 5.0417 1.0097 35.1236 -3.0586 -3.7470
Car -1 -1 -7.8138 550.1640 163.8280 574.3234 184.7971 1.7946 1.9681 4.3916 -4.0170 -0.0383 63.8292 -7.8767 -3.7496
Car -1 -1 -4.7107 533.2472 172.5408 549.5779 186.9197 1.3929 1.5770 3.6422 -6.6054 0.1652 71.5222 -4.8027 -3.8599
Car -1 -1 -5.2168 611.9225 168.7730 653.7773 188.1381 1.5246 1.6812 4.0173 1.9933 0.2302 58.7663 -5.1834 -3.9235
Car -1 -1 -2.9179 477.4147 172.7330 557.9599 205.4167 1.5311 1.6013 3.5869 -4.3428 0.9465 34.6496 -3.0419 -3.9521
Car -1 -1 -7.1947 401.7231 167.7495 465.6067 194.7059 1.6708 1.7165 4.3963 -11.3142 0.5884 46.9125 -7.4304 -4.2239
Car -1 -1 -4.6626 520.6635 171.3179 542.2604 190.9061 1.6193 1.6365 4.1265 -6.5137 0.4706 61.5305 -4.7679 -4.3408
Car -1 -1 -3.0209 557.7467 174.4126 639.9925 200.1556 1.4212 1.7637 4.4897 -0.4993 0.8249 40.8049 -3.0334 -4.3542
Car -1 -1 -4.9455 346.6699 178.8204 383.4989 201.8779 1.4937 1.5524 3.6559 -16.4368 1.0795 48.5291 -5.2708 -4.3705
Car -1 -1 -2.6664 452.1736 171.8305 553.1581 207.9579 1.4889 1.6530 4.0046 -4.5697 0.9374 31.0572 -2.8115 -4.5021
Car -1 -1 -5.3510 533.7120 171.8956 581.2340 191.4484 1.5261 1.6508 4.2134 -4.1266 0.4866 58.2430 -5.4218 -4.5076
Car -1 -1 -8.2588 443.3862 176.0742 524.0203 216.2671 1.3911 1.6163 3.7542 -4.7464 1.0749 26.8934 -8.4321 -4.9708
Car -1 -1 -5.7163 360.7943 171.3643 433.6942 199.0342 1.7511 1.6900 4.3377 -13.7535 0.8747 46.9109 -6.0002 -5.0470
Car -1 -1 -6.3174 476.3564 170.9400 530.6278 192.5567 1.5207 1.4722 3.8063 -7.5247 0.5166 51.6311 -6.4616 -5.0985
Car -1 -1 -4.4102 420.6786 170.3183 450.5131 185.8050 1.4730 1.7471 3.9421 -16.8284 0.0562 70.3991 -4.6443 -5.2989
Car -1 -1 -4.5057 560.6771 155.8603 586.1468 178.3978 2.0472 1.6713 3.8633 -3.2541 -0.6695 68.5721 -4.5531 -5.4634
Car -1 -1 -7.7492 386.0640 166.5039 415.2676 191.5546 1.9138 1.7503 4.7581 -16.5070 0.4844 57.4122 -8.0282 -7.0496
Car -1 -1 -7.9232 0.0000 172.2535 18.7656 339.2422 1.5356 1.8737 4.5016 -8.9292 1.4166 8.8037 -8.7003 -7.9534
