Car -1 -1 -7.8993 575.0819 186.5665 690.6200 287.1990 1.3642 1.5791 3.5367 0.2441 1.3895 11.5808 -7.8792 5.6134
Car -1 -1 -7.8591 576.7797 174.7160 651.5341 240.9277 1.4995 1.6930 3.8417 0.0937 1.2619 18.2010 -7.8545 3.8627
Car -1 -1 -7.8748 575.0755 171.0129 623.5386 215.9411 1.5386 1.6621 3.7111 -0.3995 1.0524 26.5027 -7.8901 3.3462
Car -1 -1 -7.6677 660.1088 165.0552 691.5754 186.2463 1.4805 1.6249 3.6886 4.9576 0.0722 52.2192 -7.5738 2.2729
Car -1 -1 -5.9011 322.5275 171.0413 374.1233 188.3690 1.5511 1.6677 4.0791 -23.5355 0.2824 65.2566 -6.2462 0.5279
Car -1 -1 -2.8830 553.3824 163.5101 635.0397 193.3321 1.6054 1.6666 4.2605 -0.7684 0.4371 40.0116 -2.9024 -0.6933
Car -1 -1 -4.9401 626.6107 171.2626 656.7189 190.2004 1.3876 1.5350 3.4454 2.5180 0.3654 54.5045 -4.8945 -1.5521
Car -1 -1 -7.1230 738.5699 158.4783 784.5389 177.7295 1.6723 1.7431 4.2345 14.1086 -0.7066 65.9165 -6.9133 -1.7354
Car -1 -1 -8.2252 732.2350 165.5894 766.3071 183.2143 1.4535 1.6034 3.7719 12.0978 -0.1773 61.7344 -8.0328 -2.0022
Car -1 -1 -2.8112 491.5956 170.0849 541.7437 186.9261 1.4677 1.6068 4.1213 -8.0911 0.1492 63.8527 -2.9370 -2.1007
Car -1 -1 -3.8468 592.5415 164.2575 651.3140 188.9013 1.7139 1.7139 4.1213 1.0282 0.2565 51.9633 -3.8275 -2.4110
Car -1 -1 -3.0336 548.4482 171.4405 634.5426 205.4856 1.4985 1.5773 3.7548 -0.7372 0.8924 32.5867 -3.0564 -2.6628
Car -1 -1 -4.0731 539.1396 166.1231 599.0581 193.8325 1.5594 1.5857 3.7935 -2.2663 0.4851 42.4737 -4.1263 -2.8473
Car -1 -1 -5.0941 507.7695 167.1941 560.1913 194.5356 1.5224 1.6509 4.0899 -4.4150 0.5191 42.2206 -5.1979 -3.0539
Car -1 -1 -4.7354 271.3649 173.5197 295.3461 194.1728 1.5920 1.6596 4.0976 -26.0441 0.6906 57.6175 -5.1584 -3.4463
Car -1 -1 -7.5850 545.1098 165.5761 579.0336 185.9535 1.5416 1.6950 3.8603 -3.5657 0.0560 56.4462 -7.6481 -3.4557
Car -1 -1 -4.3443 318.9323 174.4892 348.6427 190.5017 1.5314 1.5892 3.4408 -26.8318 0.5057 70.4752 -4.7071 -3.6132
Car -1 -1 -7.8279 650.1294 163.5365 669.5054 183.1792 1.8072 1.7439 4.2484 5.0003 -0.2010 68.7934 -7.7560 -3.8458
Car -1 -1 -7.8320 360.4435 167.0449 381.4164 185.9553 1.7086 1.7682 4.2512 -22.1302 0.0670 67.2432 -8.1489 -3.8987
Car -1 -1 -6.1410 559.6925 168.2277 628.7747 193.9538 1.5951 1.7064 4.1903 -0.8582 0.5419 45.6755 -6.1600 -4.2337
Car -1 -1 -2.9020 615.1716 166.5326 670.1579 186.1471 1.6133 1.7237 4.3434 2.9338 0.0768 60.5700 -2.8542 -4.2632
Car -1 -1 -7.7610 553.6959 158.7448 578.8112 179.6957 1.6940 1.7574 4.2402 -3.5238 -0.4879 61.4068 -7.8183 -4.5111
Car -1 -1 -3.0044 680.2828 164.7443 735.1874 183.6869 1.5246 1.6554 4.3138 8.2615 -0.1292 59.4611 -2.8673 -4.7090
Car -1 -1 -5.7992 376.1887 172.7280 429.5340 189.9890 1.5861 1.7193 4.5286 -19.1967 0.4388 67.3627 -6.0760 -4.8414
Car -1 -1 -4.5825 475.5161 178.7744 535.4575 219.2107 1.3241 1.5648 4.3429 -3.6108 1.1133 25.7167 -4.7208 -4.8605
Car -1 -1 -5.1429 397.6859 166.5088 436.4934 186.1944 1.6221 1.6267 4.1254 -16.3146 0.0808 61.3437 -5.4020 -5.8340
Car -1 -1 -8.0798 432.8285 168.7251 459.2498 186.5981 1.5241 1.5306 3.4502 -14.2510 0.1180 63.1874 -8.3010 -5.8664
Car -1 -1 -4.8771 1240.0000 187.4111 1240.0000 375.0000 1.4726 1.8830 4.6399 5.4891 1.4941 4.5835 -4.0319 -6.8198
