Car -1 -1 -7.8628 588.2591 181.2915 649.2413 234.4903 1.3518 1.5497 3.4489 0.2345 1.2523 19.9930 -7.8517 5.6821
Car -1 -1 -7.9651 653.0666 170.4418 686.6224 196.6954 1.5683 1.6600 3.8362 3.8043 0.6859 44.8815 -7.8815 4.5072
Car -1 -1 -7.8747 584.3785 173.7822 617.9915 204.0336 1.4407 1.6007 3.5342 -0.4049 0.8964 36.0276 -7.8862 1.6655
Car -1 -1 -7.8855 588.7822 175.5096 634.3735 216.0628 1.4667 1.6342 3.7659 0.0482 1.1158 27.9065 -7.8842 0.9018
Car -1 -1 -7.5332 422.3211 173.4164 463.1107 195.3734 1.4563 1.6097 3.8628 -11.3772 0.6739 49.6777 -7.7574 0.3163
Car -1 -1 -7.4746 350.7153 172.2583 410.2481 203.0808 1.4722 1.5939 3.7166 -11.4213 0.8535 36.2499 -7.7780 -1.0584
Car -1 -1 -2.8899 482.0683 168.2411 567.4053 198.5827 1.6320 1.7110 4.4087 -4.5977 0.7192 39.8154 -3.0044 -1.0608
Car -1 -1 -2.8200 562.2986 165.4209 629.9670 189.2632 1.6060 1.6929 4.3856 -0.8237 0.2728 49.8879 -2.8367 -1.1724
Car -1 -1 -4.9222 452.3472 178.5720 479.7305 195.5103 1.4204 1.5804 3.7461 -12.3258 0.8634 62.3135 -5.1171 -1.6473
Car -1 -1 -2.5235 587.9385 168.8528 638.3900 187.1700 1.5320 1.6646 4.1542 0.4331 0.1636 62.0120 -2.5169 -2.7334
Car -1 -1 -4.9970 510.6940 171.5868 543.3918 189.4684 1.4960 1.7032 4.2086 -7.0584 0.3559 62.4115 -5.1094 -2.7929
Car -1 -1 -7.8385 544.1343 168.2673 567.9745 190.4848 1.5520 1.6629 4.0690 -3.7519 0.3682 52.2934 -7.9100 -2.9624
Car -1 -1 -7.7626 729.7363 175.5670 766.9900 205.6424 1.5334 1.6170 4.0984 7.6103 1.0416 38.8443 -7.5709 -2.9964
Car -1 -1 -4.4333 459.6442 171.6833 487.4775 189.3457 1.6268 1.5985 3.8456 -12.7060 0.3806 68.2020 -4.6170 -3.0852
Car -1 -1 -7.3176 568.7411 171.6564 629.7217 200.1435 1.5491 1.6534 4.0707 -0.4630 0.8119 41.2667 -7.3291 -3.2224
Car -1 -1 -7.7758 679.9360 171.0154 700.0847 187.2888 1.4378 1.5500 3.6067 7.4978 0.1833 65.4314 -7.6626 -3.3053
Car -1 -1 -5.2281 610.0264 174.6826 657.6910 197.6095 1.5019 1.6051 3.7557 1.7164 0.8121 49.1279 -5.1938 -3.3745
Car -1 -1 -7.6726 326.6105 172.4150 352.2955 188.5852 1.4740 1.6337 3.5993 -25.1477 0.3073 67.4416 -8.0285 -3.6220
Car -1 -1 -5.0930 611.9844 173.5870 642.3647 188.9847 1.4772 1.6323 3.9931 1.8801 0.3617 71.1186 -5.0670 -3.6752
Car -1 -1 -7.8763 304.4236 173.1830 337.4118 202.9779 1.6089 1.6579 4.0707 -16.4324 0.9593 41.0151 -8.2554 -4.0016
Car -1 -1 -4.6310 446.8934 174.2517 473.5770 195.6102 1.5050 1.6012 3.9362 -10.7992 0.7326 52.7024 -4.8325 -4.0127
Car -1 -1 -7.4741 541.2657 173.1478 599.6885 204.5959 1.4914 1.5786 3.9748 -1.8474 0.9193 36.2277 -7.5250 -4.1297
Car -1 -1 -2.8677 476.0939 168.1738 556.3430 199.0394 1.5714 1.6471 3.8741 -4.8044 0.7039 37.6976 -2.9938 -4.3044
Car -1 -1 -4.6073 633.2661 173.6963 653.3031 188.5392 1.4316 1.5969 3.8351 3.5438 0.3207 71.3493 -4.5583 -4.3460
Car -1 -1 -4.8221 728.2327 169.7617 750.1709 184.5378 1.4117 1.7000 3.9182 12.9220 -0.0686 70.8777 -4.6428 -4.4489
Car -1 -1 -2.8882 0.0000 176.3237 125.1489 257.1714 1.5272 1.5596 3.2897 -12.2078 1.3594 14.9645 -3.5638 -4.5056
Car -1 -1 -4.1696 555.6820 173.3015 614.4490 199.7773 1.4850 1.5977 4.0743 -1.3143 0.8169 42.4877 -4.2006 -4.5668
Car -1 -1 -6.3823 480.1276 172.1002 535.6655 194.3915 1.5728 1.5507 3.8382 -7.2474 0.6476 51.9261 -6.5206 -4.5935
Car -1 -1 -6.3365 452.7010 172.8486 520.1474 198.1092 1.5549 1.6559 4.1271 -7.7255 0.7938 45.5094 -6.5040 -4.6208
Car -1 -1 -7.1363 84.1656 188.8380 176.1820 221.8455 1.3838 1.5310 3.4853 -21.4385 1.5563 32.3687 -7.7179 -4.7584
Car -1 -1 -5.7605 623.7192 172.4654 673.6193 191.8454 1.6088 1.7007 3.9349 3.4706 0.5505 61.4637 -5.7047 -4.9864
Car -1 -1 -7.7963 696.7279 175.1300 726.9176 201.9666 1.6232 1.6710 4.0983 6.6206 1.0133 45.6545 -7.6535 -5.2302
Car -1 -1 -4.8697 559.7512 168.9996 586.5510 188.9475 1.5980 1.6306 3.8592 -2.9197 0.2991 59.6433 -4.9187 -5.5642
Car -1 -1 -5.2704 586.5364 173.9499 652.8819 201.5736 1.3818 1.6897 3.9113 0.5427 0.8184 38.0700 -5.2566 -5.6763
Car -1 -1 -7.8356 396.8144 169.8243 419.0965 193.5105 1.9085 1.7154 4.8435 -16.7862 0.6685 60.4804 -8.1055 -5.8492
Car -1 -1 -2.0201 0.0000 157.0102 0.0000 375.0000 1.4416 1.7377 3.8535 -5.1025 1.3760 2.6911 -3.0637 -7.1205
