Car -1 -1 -8.0944 478.3523 159.9304 529.7608 196.3578 1.7222 1.6745 3.8677 -5.2942 0.5269 36.0919 -8.2392 5.3511
Car -1 -1 -8.0567 394.5838 165.1497 435.9826 191.8553 1.4544 1.5905 3.6135 -11.0774 0.3618 41.1214 -8.3184 3.3274
Car -1 -1 -8.0541 347.0076 156.2971 379.2051 178.9333 1.7026 1.6795 3.9617 -19.5784 -0.5200 57.3891 -8.3816 -0.0672
Car -1 -1 -7.5124 329.2433 166.4610 378.1545 194.0499 1.5764 1.6655 3.5061 -15.1074 0.5049 42.8312 -7.8497 -2.1774
Car -1 -1 -7.8766 364.4996 181.5032 423.5093 233.1154 1.3675 1.5177 3.4617 -6.3025 1.2693 20.9269 -8.1659 -2.4507
Car -1 -1 -7.4351 293.8654 161.8046 335.0446 183.3712 1.7702 1.7515 4.0676 -25.0166 -0.1627 61.4174 -7.8205 -2.8259
Car -1 -1 -7.8152 357.2272 164.4247 389.8441 193.4780 1.5881 1.6307 3.8980 -13.4695 0.4518 41.3915 -8.1280 -2.9356
Car -1 -1 -4.6815 197.9063 167.4539 235.4769 197.5065 1.5591 1.6814 3.8622 -21.4098 0.6378 39.3973 -5.1766 -3.5725
Car -1 -1 -5.4125 358.0692 165.0923 422.0651 193.3023 1.6294 1.6842 3.7204 -13.1380 0.4672 43.2426 -5.7059 -3.6345
Car -1 -1 -6.3361 349.4423 167.6655 412.8607 192.6846 1.6765 1.7084 4.0970 -15.6904 0.5006 49.6860 -6.6407 -3.6604
Car -1 -1 -7.0487 137.7329 157.9325 213.7228 186.8200 1.7005 1.7125 3.9343 -26.6481 0.0946 44.4398 -7.5862 -4.0605
Car -1 -1 -7.3633 362.8307 158.9492 404.6784 178.2874 1.4559 1.7039 3.5792 -17.8626 -0.5717 57.4147 -7.6637 -4.3934
Car -1 -1 -2.9691 423.7582 162.1176 488.5703 184.9717 1.5835 1.6481 4.2552 -10.6792 -0.0174 50.7220 -3.1757 -4.4509
Car -1 -1 -2.8292 272.5491 161.2610 345.6104 186.3429 1.5646 1.6824 3.9781 -19.0215 0.0705 45.8372 -3.2206 -4.4784
Car -1 -1 -4.8463 131.8290 171.5374 162.3428 190.3627 1.6223 1.7681 4.0525 -41.0891 0.4437 64.0654 -5.4149 -4.6773
Car -1 -1 -8.0206 153.4906 162.9585 192.1432 186.7120 1.6378 1.7195 4.1414 -31.3287 0.1033 51.6968 -8.5632 -4.7843
Car -1 -1 -4.2697 176.8840 157.4710 238.0356 186.9640 1.7535 1.7310 4.1116 -24.9101 0.1041 44.8444 -4.7743 -4.8254
Car -1 -1 -4.3945 129.7729 158.8031 181.0780 182.7558 1.5244 1.6929 4.1917 -30.4287 -0.1733 48.4450 -4.9529 -4.8594
Car -1 -1 -4.2588 129.6460 170.4606 209.9476 204.5878 1.6093 1.8270 4.0656 -21.8522 0.9136 36.0034 -4.8012 -4.8663
Car -1 -1 -3.1032 129.8837 173.5434 207.4067 200.2716 1.5039 1.6515 3.8101 -25.6547 0.8473 42.0945 -3.6479 -4.9409
Car -1 -1 -6.6192 390.3862 162.2222 460.4802 190.5460 1.7085 1.6357 3.9480 -11.4548 0.3217 45.1321 -6.8665 -5.0325
Car -1 -1 -5.0737 294.0080 158.4569 338.6327 182.7505 1.6505 1.6490 3.9846 -20.8379 -0.1826 51.2731 -5.4580 -5.1514
Car -1 -1 -4.8458 127.7612 157.6937 168.7899 182.9160 1.7032 1.8260 5.0604 -32.9948 -0.1727 51.5246 -5.4131 -5.1646
Car -1 -1 -4.9913 356.5097 163.1499 409.1770 194.6459 1.5930 1.6603 3.9669 -12.1134 0.4771 38.4704 -5.2945 -5.2100
Car -1 -1 -3.8930 66.6247 165.0795 146.0273 188.9239 1.6124 1.7748 4.6694 -35.5387 0.2509 51.0813 -4.4985 -5.2715
Car -1 -1 -5.0610 1167.6537 139.4602 1240.0000 238.8281 1.4595 1.6199 4.0925 11.5984 0.7876 12.7593 -4.3345 -5.3611
Car -1 -1 -2.4394 0.0000 157.0738 43.7801 200.8741 1.7233 1.6646 3.7475 -25.4311 0.6162 29.1352 -3.1525 -5.5685
Car -1 -1 -3.0063 83.1104 161.9161 171.1671 187.0448 1.4679 1.8232 4.2440 -29.1634 0.1070 43.7360 -3.5916 -5.7322
Car -1 -1 -7.6823 155.1731 160.1080 200.2652 183.7544 1.4954 1.8624 4.3682 -28.7419 -0.1025 48.1273 -8.2182 -5.7328
Car -1 -1 -7.8211 0.0000 181.8897 10.1610 340.8038 1.7091 2.0116 4.5396 -9.8554 1.6734 10.0952 -8.5814 -5.7475
Car -1 -1 -5.8024 1240.0000 102.3255 1240.0000 375.0000 1.4614 1.5833 4.0169 6.9879 1.3044 3.3722 -4.7139 -5.8217
Car -1 -1 -5.6700 0.0000 0.0000 1240.0000 375.0000 1.4948 1.6037 3.9572 2.9461 1.4770 1.7255 -4.6977 -5.8867
Car -1 -1 -5.9099 0.0000 0.0000 1240.0000 375.0000 1.4805 1.6001 3.9526 5.3579 1.4055 1.7239 -4.6977 -5.8867
Car -1 -1 -4.6426 97.8591 177.1987 125.8601 195.4385 1.4769 1.6530 4.0335 -41.6162 0.8279 60.3651 -5.2444 -5.8867
Car -1 -1 -3.5477 0.0000 196.7872 0.0000 375.0000 1.4980 1.6006 3.9539 -6.2891 1.5711 2.5418 -4.6972 -5.8867
Car -1 -1 -2.6705 387.9869 160.7164 449.1349 181.7167 1.8237 2.0486 4.9083 -16.9566 -0.3210 64.4567 -2.9269 -5.8957
Car -1 -1 -5.1318 1058.0693 138.6047 1240.0000 213.9989 1.3997 1.6938 3.8867 11.3425 0.5345 15.4207 -4.5065 -5.9608
Car -1 -1 -5.7226 0.0000 187.9837 4.7456 375.0000 1.6681 1.8750 3.9733 -8.3756 1.6992 6.5078 -6.6130 -6.0226
Car -1 -1 -4.0686 0.0000 184.6553 0.0000 375.0000 1.4929 1.6196 3.9490 -4.7343 1.4925 2.7299 -5.0734 -6.0248
Car -1 -1 -4.4043 137.0905 159.7075 177.8812 181.3532 1.6141 1.6080 3.8775 -35.3024 -0.3142 56.4242 -4.9614 -6.0299
Car -1 -1 -4.8727 994.0358 137.1838 1114.6755 207.9257 1.4769 1.7449 4.1983 10.4956 0.4743 17.2808 -4.3344 -6.1304
Car -1 -1 -5.3497 392.1361 159.2780 443.4297 178.4722 1.4176 1.6994 4.2532 -14.9700 -0.5484 56.4850 -5.6077 -6.2293
Car -1 -1 -2.2792 0.0000 148.7754 16.1543 199.4925 1.7081 1.7238 4.4235 -23.6731 0.4810 25.3225 -3.0255 -6.2511
Car -1 -1 -5.4004 27.0506 158.5624 104.3674 187.7608 1.6988 1.7037 3.7649 -32.5071 0.1482 43.0988 -6.0436 -6.4678
