Car -1 -1 -7.8816 552.1744 168.9606 591.2192 203.0869 1.4054 1.5972 3.4196 -1.6568 0.7361 31.3715 -7.9342 6.0470
Car -1 -1 -7.9881 622.9599 166.4514 664.7472 197.7736 1.5659 1.7046 3.7090 1.8161 0.6280 37.8596 -7.9408 4.8630
Car -1 -1 -3.0168 505.2548 162.9591 577.0345 190.4631 1.5883 1.6505 4.0427 -3.9214 0.3032 42.4049 -3.1086 -1.0329
Car -1 -1 -7.8059 488.9490 163.8668 519.2822 190.2878 1.5268 1.6295 4.0249 -6.2742 0.2933 43.6221 -7.9481 -1.0706
Car -1 -1 -7.5419 504.4746 158.6439 546.5273 184.3989 1.7703 1.7646 4.3455 -5.8998 -0.0614 51.8633 -7.6548 -1.5236
Car -1 -1 -2.9169 433.7218 174.2930 528.0825 211.2058 1.4218 1.5705 3.4282 -5.0351 1.0012 28.5608 -3.0901 -2.4692
Car -1 -1 -4.7643 544.6682 163.7025 569.6113 185.1710 1.5556 1.6717 3.7843 -3.8591 -0.0033 54.0751 -4.8354 -3.0123
Car -1 -1 -7.1923 341.0995 165.4604 392.3506 187.9754 1.7523 1.7077 4.2092 -19.4770 0.2149 58.2171 -7.5140 -3.2687
Car -1 -1 -4.2234 456.5296 167.2203 523.4066 197.8810 1.4746 1.6871 4.0034 -5.9789 0.6093 36.7399 -4.3838 -3.4047
Car -1 -1 -2.7293 436.5431 161.5018 518.6758 189.8096 1.5767 1.7237 4.3244 -7.5029 0.2560 41.3784 -2.9077 -3.4294
Car -1 -1 -4.2197 518.5883 162.5251 567.1176 187.3120 1.6802 1.7592 3.9585 -4.5686 0.1423 50.8946 -4.3090 -3.5330
Car -1 -1 -4.9090 493.4707 164.9428 536.0496 194.2459 1.5267 1.6201 3.7006 -5.1818 0.4706 39.4647 -5.0389 -3.7705
Car -1 -1 -2.8001 468.4191 163.5347 534.8143 187.8055 1.6048 1.6940 4.1270 -7.2047 0.1714 48.7618 -2.9462 -3.8762
Car -1 -1 -8.1615 448.4146 170.4519 508.6257 203.9493 1.4235 1.6055 3.8024 -5.9539 0.7963 32.6047 -8.3409 -3.9142
Car -1 -1 -8.0587 585.1707 163.3958 612.3245 182.4554 1.7470 1.7991 4.0705 -0.9041 -0.2720 68.7055 -8.0721 -3.9172
Car -1 -1 -7.0757 149.7467 163.3657 228.1161 194.7722 1.7154 1.7513 3.7608 -24.0079 0.5221 41.3031 -7.5995 -4.0006
Car -1 -1 -2.6627 484.5161 160.1698 539.8280 181.8431 1.7194 1.7392 4.1704 -7.8619 -0.2840 59.0315 -2.7947 -4.2204
Car -1 -1 -4.7638 588.7247 170.8215 612.4509 192.4019 1.5624 1.5878 3.6221 -0.5874 0.5204 53.9028 -4.7750 -4.2898
Car -1 -1 -7.3529 403.5857 161.3515 444.2371 181.2158 1.6607 1.7018 4.0960 -16.1207 -0.3636 63.1765 -7.6019 -4.3508
Car -1 -1 -7.8533 521.3001 165.3915 557.6560 200.5778 1.5588 1.6073 4.0265 -3.2582 0.6807 33.9259 -7.9485 -4.4191
Car -1 -1 -4.0639 336.7960 163.0761 397.9317 192.1408 1.8379 1.8146 3.9616 -15.8847 0.4381 47.6249 -4.3844 -4.4548
Car -1 -1 -7.5121 510.8950 159.9693 547.9156 182.0452 1.9223 1.9023 4.7064 -7.1331 -0.3012 65.8278 -7.6198 -4.5622
Car -1 -1 -5.8108 323.8543 163.4399 407.4486 190.9737 1.6347 1.7464 4.5399 -14.7761 0.3420 43.8786 -6.1339 -4.5869
Car -1 -1 -7.5396 511.4898 162.1544 543.2524 184.6595 1.8726 1.6952 3.5695 -6.8938 -0.0492 61.8295 -7.6504 -4.6206
Car -1 -1 -4.6610 436.9870 158.8434 459.4952 180.4299 1.8353 1.7648 3.7693 -14.1857 -0.4393 64.0108 -4.8784 -4.7048
Car -1 -1 -5.5092 0.0000 117.3926 0.0000 375.0000 1.4711 1.5720 3.7829 -6.2168 1.1944 4.0588 -6.4706 -4.8451
Car -1 -1 -5.3749 249.1616 171.4990 312.6649 193.8925 1.3885 1.6786 3.8953 -21.0488 0.5382 46.2198 -5.8002 -4.9422
Car -1 -1 -4.3970 320.8723 167.1281 362.3903 189.9410 1.4261 1.4827 3.6102 -17.2875 0.2955 46.7683 -4.7494 -5.0471
Car -1 -1 -4.8774 585.2576 163.8658 618.3794 188.8857 1.6898 1.6862 4.0370 -0.4845 0.2480 50.6842 -4.8873 -5.4202
Car -1 -1 -2.2422 347.3158 163.9334 391.6542 180.6670 1.4804 1.6022 4.2362 -22.0430 -0.4317 66.4239 -2.5616 -5.6731
Car -1 -1 -5.9535 0.0000 0.0000 1240.0000 375.0000 1.5036 1.6066 3.9592 6.1621 1.4835 1.7235 -4.6976 -5.8867
Car -1 -1 -5.9211 1240.0000 150.3067 1240.0000 375.0000 1.5077 1.6069 3.9600 7.7705 1.4818 2.5275 -4.6976 -5.8867
Car -1 -1 -5.7919 0.0000 113.0419 46.1466 375.0000 1.4378 1.5693 3.9703 -6.8920 1.0556 5.3021 -6.6818 -5.8975
Car -1 -1 -4.9101 1229.0267 191.9879 1240.0000 375.0000 1.6683 1.9880 4.4803 5.3654 1.7335 4.5190 -4.0696 -7.5459
