Car -1 -1 -7.8764 579.0466 185.7563 684.0739 277.8328 1.3585 1.5526 3.4100 0.2984 1.3692 12.3318 -7.8532 6.2756
Car -1 -1 -7.8889 580.7234 174.5298 649.1239 235.8613 1.4715 1.6450 3.7997 0.0630 1.2152 19.1719 -7.8860 3.3966
Car -1 -1 -7.7367 658.1729 164.1087 687.2120 186.1407 1.5102 1.6480 3.6691 4.6384 0.0636 51.2383 -7.6472 2.7070
Car -1 -1 -7.9366 572.6511 171.3088 624.0138 213.7008 1.5018 1.6422 3.6591 -0.4626 1.0093 27.3682 -7.9537 2.2202
Car -1 -1 -5.9366 326.4583 170.7811 379.0415 187.6899 1.5346 1.6707 4.2422 -23.4269 0.2247 66.0926 -6.2762 0.7665
Car -1 -1 -2.6964 551.9165 164.2822 637.6644 194.3831 1.6516 1.6977 4.6296 -0.7844 0.5031 41.1713 -2.7156 -0.9104
Car -1 -1 -5.1193 572.8516 166.3208 622.4634 192.2831 1.5699 1.6970 3.9996 -0.7194 0.4275 45.6389 -5.1353 -1.6158
Car -1 -1 -5.8317 370.2262 171.4590 419.6292 187.4224 1.4909 1.6320 4.2108 -20.2113 0.2063 68.2872 -6.1186 -1.8701
Car -1 -1 -7.5999 601.2783 166.7008 637.1691 189.0527 1.5891 1.6850 4.1106 0.8729 0.2729 53.3117 -7.5839 -2.2334
Car -1 -1 -4.6840 359.8275 171.2986 386.3332 195.2141 1.6192 1.6667 3.9318 -16.5656 0.6771 50.7920 -4.9980 -2.4061
Car -1 -1 -7.9213 595.2442 171.6915 634.6196 203.8859 1.4653 1.6247 3.9877 0.2579 0.8499 34.7566 -7.9143 -2.9703
Car -1 -1 -2.7825 480.3940 170.9070 531.0283 188.3382 1.5373 1.6914 4.1833 -9.1802 0.2755 64.6748 -2.9232 -3.1979
Car -1 -1 -7.9624 635.4084 166.9985 656.0317 182.8945 1.4791 1.5986 3.5971 3.6241 -0.2294 69.2663 -7.9106 -3.4362
Car -1 -1 -4.6062 282.2536 172.9509 310.3576 193.3847 1.6073 1.6757 4.1336 -25.4344 0.6427 58.7656 -5.0133 -3.5177
Car -1 -1 -4.7580 625.9150 169.6305 648.9360 188.1603 1.3653 1.5752 3.8108 2.2143 0.2171 54.8744 -4.7182 -3.6593
Car -1 -1 -7.7257 315.7788 172.2576 339.5853 189.1812 1.6225 1.6641 4.2515 -27.7031 0.3803 71.1818 -8.0958 -3.9098
Car -1 -1 -8.3351 724.6841 158.2439 769.1257 180.0926 1.8032 1.8838 4.6304 12.1179 -0.4665 62.9842 -8.1461 -3.9617
Car -1 -1 -6.0318 482.5775 168.8020 541.7219 190.1227 1.6067 1.6630 4.2257 -7.3441 0.3699 55.2480 -6.1636 -4.0437
Car -1 -1 -4.8644 552.4212 156.8293 578.7337 178.6206 1.7869 1.6875 4.0011 -3.7065 -0.5916 62.3720 -4.9237 -4.0696
Car -1 -1 -7.3659 291.5869 175.3606 338.0956 194.1457 1.4795 1.7003 4.3095 -23.9289 0.7035 58.8465 -7.7508 -4.0918
Car -1 -1 -2.7110 497.5101 166.0790 571.4392 194.6971 1.6368 1.7018 4.0113 -4.3612 0.5425 42.5684 -2.8128 -4.1497
Car -1 -1 -6.1004 620.0018 166.4856 673.0504 186.7569 1.6773 1.6982 4.2436 3.2759 0.1277 60.8022 -6.0472 -4.2855
Car -1 -1 -4.1698 539.5948 165.4362 591.8184 191.4452 1.8091 1.7702 4.4207 -3.0293 0.4335 52.3684 -4.2276 -4.5548
Car -1 -1 -7.8024 546.5852 164.7465 571.5793 186.2233 1.6517 1.7737 4.3468 -3.8716 0.0776 57.4731 -7.8696 -4.6539
Car -1 -1 -5.1231 681.2060 170.0504 722.0945 193.6362 1.5833 1.5494 3.5060 6.4857 0.5654 50.1566 -4.9956 -4.8682
Car -1 -1 -2.7976 449.6241 168.9346 549.4062 206.2094 1.5543 1.6153 3.9639 -4.7011 0.8756 31.1524 -2.9464 -4.8831
Car -1 -1 -7.6760 563.0403 173.2711 608.5511 203.6772 1.3968 1.5556 3.8907 -1.0495 0.8482 35.0611 -7.7061 -5.1142
Car -1 -1 -5.1803 590.9584 164.6934 639.6969 190.9128 1.6196 1.6633 3.6717 0.4189 0.3521 46.4197 -5.1716 -5.4073
Car -1 -1 -2.9218 0.0000 185.7303 21.7154 315.1500 1.5608 1.8188 4.9205 -12.1433 1.5702 10.8411 -3.7516 -5.5045
Car -1 -1 -4.3368 314.1486 174.6528 346.0867 193.4053 1.5979 1.5084 3.2779 -24.2708 0.6980 62.8996 -4.7039 -5.9208
Car -1 -1 -5.6812 0.0000 193.3592 0.0000 360.3041 1.6228 1.6866 3.7451 -10.0607 1.7328 8.4056 -6.5404 -6.6492
Car -1 -1 -2.4563 0.0000 0.0000 98.5448 375.0000 1.6196 1.9162 4.8763 -4.8526 1.3165 2.2894 -3.5401 -6.8584
Car -1 -1 -4.8856 1240.0000 170.8222 1240.0000 375.0000 1.7283 2.0367 4.6662 5.4092 1.6877 4.4950 -4.0386 -7.4096
