Car -1 -1 -7.9243 465.3294 165.9255 501.4614 195.0445 1.4182 1.5785 3.5360 -6.4590 0.4788 36.9161 -8.0965 5.1018
Car -1 -1 -8.0224 537.2604 161.4240 583.4233 195.4492 1.6317 1.7147 3.8216 -2.4973 0.4909 36.5318 -8.0904 5.0234
Car -1 -1 -8.2990 576.7726 160.8761 618.0272 187.9503 2.1756 1.8400 4.1302 -0.9222 0.2199 60.0237 -8.3146 -0.1585
Car -1 -1 -7.4790 449.1655 163.7897 493.3103 187.0017 1.5559 1.6812 4.0124 -9.5233 0.1199 50.3148 -7.6653 -0.4115
Car -1 -1 -5.1919 401.6549 163.7421 443.6921 185.9993 1.6935 1.6655 3.7493 -14.6285 0.0598 56.6487 -5.4437 -0.6302
Car -1 -1 -7.6148 400.1289 170.7059 445.2343 199.5279 1.4748 1.5185 3.6642 -9.9189 0.7325 38.6229 -7.8648 -1.5984
Car -1 -1 -6.6573 424.1218 168.6133 482.8157 190.3919 1.5274 1.5742 3.8540 -11.1956 0.3632 52.1361 -6.8681 -2.0850
Car -1 -1 -7.6284 402.9228 157.2530 441.7963 183.8874 1.6509 1.6319 3.8009 -12.0105 -0.0896 46.6680 -7.8790 -2.8684
Car -1 -1 -7.8307 425.2200 160.9302 448.3358 185.0747 1.9784 1.8153 4.2259 -14.5319 -0.0123 61.1861 -8.0632 -3.3660
Car -1 -1 -7.4383 0.0000 169.2431 66.5760 204.7160 1.5622 1.6082 3.5373 -27.0769 0.8589 33.5737 -8.1132 -3.4328
Car -1 -1 -2.9583 303.9950 168.9615 415.1479 209.2080 1.4965 1.6112 3.8324 -9.5577 0.8923 27.8043 -3.2867 -3.7182
Car -1 -1 -7.9093 436.2651 161.3722 471.7104 193.9906 1.6812 1.6612 4.1504 -8.4769 0.4524 39.2719 -8.1207 -3.8462
Car -1 -1 -7.5413 278.5515 159.1158 325.2497 184.7681 1.6670 1.7147 4.1884 -20.7823 -0.0317 48.9516 -7.9409 -3.8494
Car -1 -1 -4.5791 401.3618 160.1474 437.8566 189.0589 1.6397 1.6254 3.6226 -11.1488 0.2181 42.6667 -4.8333 -3.8678
Car -1 -1 -4.5806 378.1551 166.1718 421.7766 198.2527 1.4664 1.5511 3.6919 -10.0357 0.5961 34.7982 -4.8595 -4.0731
Car -1 -1 -7.9700 340.6742 173.9232 374.9231 200.4562 1.5187 1.5419 3.5039 -15.0309 0.8725 43.0579 -8.3042 -4.2450
Car -1 -1 -7.4309 147.9273 162.3260 201.2101 186.7875 1.5599 1.6099 3.8046 -28.7717 0.1004 47.8248 -7.9701 -4.3100
Car -1 -1 -5.4383 71.1490 162.9700 150.3644 191.1165 1.6239 1.6757 3.9594 -29.5765 0.3406 42.7632 -6.0405 -4.5690
Car -1 -1 -6.4661 482.9960 164.1945 547.2685 188.1945 1.5389 1.5652 3.9892 -6.1458 0.1912 47.4498 -6.5944 -4.5848
Car -1 -1 -3.3463 490.4096 165.6960 549.5402 186.6536 1.5507 1.6791 4.2094 -6.7001 0.1066 54.6612 -3.4679 -4.6547
Car -1 -1 -7.7956 297.7535 157.4619 327.7513 182.0509 1.7136 1.7839 4.5521 -21.7895 -0.2447 53.1678 -8.1828 -4.7412
Car -1 -1 -7.6220 186.9436 166.0956 233.6223 192.9485 1.5666 1.6370 3.9239 -24.3145 0.4513 44.0464 -8.1240 -4.7502
Car -1 -1 -6.4558 423.6793 156.7699 490.5204 184.3033 1.6908 1.7040 3.9308 -9.6214 -0.0599 45.7638 -6.6620 -4.7604
Car -1 -1 -5.0197 120.5217 160.5568 167.7686 185.5901 1.6696 1.6361 3.9614 -32.1876 0.0251 49.8390 -5.5908 -4.7932
Car -1 -1 -8.0778 269.5350 165.1301 301.6857 186.6672 1.9470 1.7523 4.6991 -30.2404 0.1314 67.3898 -8.4984 -4.9010
Car -1 -1 -3.8778 169.4426 162.6892 238.7697 185.2393 1.4551 1.6542 4.0072 -27.2074 0.0017 48.5489 -4.3863 -5.0624
Car -1 -1 -6.0316 274.6402 162.4543 332.6859 185.7116 1.7592 1.6691 3.8314 -23.4449 0.0377 55.4813 -6.4298 -5.2019
Car -1 -1 -4.5654 374.3214 162.1517 408.1684 184.6897 1.6664 1.8351 4.7366 -16.7502 -0.0424 55.7426 -4.8562 -5.2574
Car -1 -1 -4.4735 419.2105 162.3997 457.3286 186.9160 1.6288 1.7715 3.5213 -11.6548 0.1131 49.5264 -4.7036 -5.4647
Car -1 -1 -2.1212 0.0000 156.9358 25.7496 238.1279 1.6808 1.7085 4.2002 -15.6841 1.0955 16.2483 -2.8806 -5.7414
Car -1 -1 -2.6851 541.6541 165.0284 626.1432 195.3725 1.6136 1.7649 4.3577 -1.3620 0.5403 39.9247 -2.7193 -5.7591
Car -1 -1 -4.1546 1199.8267 110.8496 1240.0000 375.0000 1.5189 1.6255 3.9441 5.0005 1.3009 2.9546 -3.1587 -5.8867
Car -1 -1 -5.7510 0.0000 127.9185 0.0000 375.0000 1.6696 1.6962 3.9992 -8.0180 1.3564 5.5115 -6.6965 -5.9158
Car -1 -1 -7.4807 1240.0000 172.8435 1240.0000 375.0000 1.3859 1.5352 4.0631 7.2652 1.3247 4.7856 -6.5194 -6.0799
Car -1 -1 -2.0063 0.0000 160.5498 26.6878 198.8325 1.6235 1.8098 5.0024 -28.6741 0.5776 32.3200 -2.7280 -6.1279
