Car -1 -1 -7.8975 554.5408 191.3777 721.9789 342.9450 1.3651 1.5473 3.4903 0.1864 1.4522 8.3797 -7.8765 5.1945
Car -1 -1 -7.8959 568.1882 176.4303 655.9466 254.3718 1.4730 1.6654 3.7671 -0.0547 1.3071 15.5050 -7.8998 5.1812
Car -1 -1 -7.9093 563.2727 172.5270 621.5333 223.7835 1.5245 1.6616 3.8132 -0.6177 1.1472 23.3482 -7.9358 3.6673
Car -1 -1 -5.9160 302.4501 170.1174 355.1324 188.1037 1.5268 1.6597 3.8904 -23.9872 0.2453 61.8529 -6.2848 1.2982
Car -1 -1 -7.1476 726.2419 160.5358 775.4305 182.1557 1.7129 1.7073 4.1524 11.8407 -0.2613 59.4665 -6.9523 1.2847
Car -1 -1 -4.8811 507.7308 168.1430 550.7613 197.4166 1.5035 1.6462 4.1517 -4.3603 0.6268 39.1422 -4.9916 -1.8910
Car -1 -1 -2.6374 255.0938 181.6417 310.5889 198.2662 1.4220 1.5629 4.1561 -28.2112 1.1165 62.4364 -3.0606 -1.9456
Car -1 -1 -5.8585 470.3842 169.8145 524.7894 186.6664 1.4674 1.7150 4.4814 -9.8164 0.1265 64.0226 -6.0103 -2.5215
Car -1 -1 -4.6146 581.3264 171.8834 628.8002 209.4149 1.4604 1.5991 4.0432 -0.0882 0.9418 30.0598 -4.6178 -2.5752
Car -1 -1 -6.2875 551.0178 168.5884 620.9851 195.3987 1.5530 1.6837 4.0582 -1.3191 0.5900 42.5534 -6.3187 -2.8167
Car -1 -1 -5.0081 757.5406 172.5168 805.4505 199.3960 1.5820 1.6647 4.3766 10.6670 0.8348 44.5460 -4.7749 -2.8801
Car -1 -1 -7.5562 329.1294 173.3254 373.8070 198.5906 1.5743 1.6162 4.0687 -16.6691 0.8336 46.8609 -7.8965 -3.0495
Car -1 -1 -7.6235 648.3182 164.8886 675.7921 183.6064 1.7228 1.7038 4.2385 5.2237 -0.1590 68.8312 -7.5484 -3.3287
Car -1 -1 -7.0794 345.4742 174.7611 406.3549 198.8341 1.4923 1.5884 3.7447 -14.9971 0.8443 46.5910 -7.3895 -3.3767
Car -1 -1 -7.5387 546.1913 165.7794 583.3816 187.8864 1.5748 1.6622 3.7757 -3.1623 0.1904 53.2451 -7.5980 -3.4566
Car -1 -1 -8.3739 570.4465 175.3254 690.7605 234.5674 1.4839 1.6726 3.7912 0.4844 1.2363 20.0708 -8.3505 -3.9324
Car -1 -1 -4.5311 534.1349 166.2503 576.1428 196.5152 1.5727 1.6129 3.9375 -2.8615 0.5873 39.3994 -4.6034 -3.9533
Car -1 -1 -3.8859 134.2995 180.4666 271.5986 231.6508 1.3915 1.5836 3.3720 -11.9641 1.2625 21.3923 -4.3907 -4.0476
Car -1 -1 -5.0713 543.9172 169.4140 576.1292 187.8445 1.5699 1.5747 3.8486 -4.2493 0.2241 63.3087 -5.1383 -4.5997
Car -1 -1 -7.5156 495.8599 166.8900 537.5545 191.0381 1.8124 1.8760 4.4297 -7.0949 0.4372 56.3162 -7.6406 -4.7050
Car -1 -1 -4.3671 173.1064 175.9442 220.1434 199.1825 1.5802 1.6177 4.0465 -29.1299 0.9499 51.0146 -4.8839 -4.7790
Car -1 -1 -7.8673 546.9604 158.0569 569.9738 183.1191 1.9437 1.7954 4.3810 -4.0522 -0.1767 58.3860 -7.9365 -4.7891
Car -1 -1 -3.8524 324.4489 170.1335 372.0866 190.3846 1.6313 1.5886 3.5546 -21.5803 0.4165 59.8447 -4.1973 -4.9469
Car -1 -1 -7.9351 615.2712 175.1929 654.1392 208.7618 1.3710 1.3979 3.3559 1.0815 0.9618 31.0673 -7.9010 -5.2575
Car -1 -1 -4.7900 599.4555 176.8106 649.1441 214.2476 1.3272 1.5964 3.6035 0.5267 1.0294 27.3311 -4.7713 -5.3102
Car -1 -1 -4.6198 545.3909 165.5053 574.6656 192.5384 1.6887 1.5750 3.5882 -3.0924 0.4576 46.7199 -4.6858 -5.9043
Car -1 -1 -5.1237 943.2427 158.4273 1039.5043 201.1562 1.4481 1.6473 3.9386 13.9015 0.5404 26.3830 -4.6435 -6.5085
Car -1 -1 -5.6152 0.0000 196.1366 0.0000 354.0860 1.5591 1.6836 3.7877 -10.0015 1.7054 8.4372 -6.4697 -6.5963
Car -1 -1 -4.9176 1240.0000 193.7758 1240.0000 375.0000 1.6836 1.9637 4.1725 5.4231 1.7635 4.4466 -4.0643 -7.3718
