Car -1 -1 -8.0463 508.8185 166.1311 557.6677 198.9003 1.5597 1.7391 3.8649 -3.8532 0.6515 36.3169 -8.1515 5.7445
Car -1 -1 -7.9935 431.6415 168.8603 470.9106 195.8031 1.3727 1.5794 3.5241 -8.4624 0.5396 38.5511 -8.2083 4.2139
Car -1 -1 -7.9147 412.7648 163.6891 438.9271 184.2892 1.4464 1.6237 3.9595 -13.4126 -0.0706 52.7989 -8.1624 0.1887
Car -1 -1 -7.8683 372.5083 159.6139 400.0486 186.3004 1.7531 1.7394 4.3106 -15.3161 0.0714 49.5425 -8.1668 -1.5252
Car -1 -1 -7.8962 266.3904 163.0345 291.9004 185.7693 1.8387 1.7718 4.3363 -27.6867 0.0449 60.4725 -8.3241 -1.5727
Car -1 -1 -4.2964 382.4554 166.2096 441.8280 196.1857 1.5132 1.6159 3.8904 -10.3897 0.5539 38.3324 -4.5595 -1.6505
Car -1 -1 -4.6091 367.0565 164.6254 406.0930 195.5555 1.6204 1.6604 3.9382 -12.2062 0.5418 39.7516 -4.9053 -1.9190
Car -1 -1 -4.2676 180.1759 166.8299 253.7159 197.0054 1.4727 1.6621 4.2697 -20.1771 0.5755 37.2557 -4.7611 -2.7721
Car -1 -1 -7.7546 364.9181 166.5356 391.3641 187.1634 1.6410 1.6841 4.0449 -18.9307 0.1551 59.3384 -8.0623 -2.9610
Car -1 -1 -3.3257 383.0243 169.2427 440.0656 189.6102 1.5079 1.6485 3.9628 -14.9799 0.3255 54.8249 -3.5915 -3.1165
Car -1 -1 -7.8962 407.0666 162.3063 426.9664 180.3139 1.6088 1.6455 3.7253 -17.9016 -0.4729 67.3481 -8.1551 -3.4542
Car -1 -1 -2.0848 109.0193 165.9596 165.4859 187.7755 1.4824 1.6729 3.7923 -33.0582 0.1741 50.4639 -2.6625 -3.5891
Car -1 -1 -7.8823 351.9181 165.4665 375.6072 186.7078 1.7735 1.8221 4.4470 -21.2301 0.1247 62.4207 -8.2091 -3.8844
Car -1 -1 -8.0752 397.2275 163.8124 435.4202 191.0599 1.7617 1.6660 3.9585 -13.0082 0.3780 48.6173 -8.3355 -3.9239
Car -1 -1 -2.1699 191.6768 165.0617 258.8626 192.3173 1.6056 1.6815 3.9848 -23.4582 0.4185 44.0181 -2.6572 -3.9285
Car -1 -1 -4.2833 286.4562 164.7200 323.1338 184.2849 1.8074 1.6762 4.0918 -28.9016 -0.0915 68.6767 -4.6804 -3.9368
Car -1 -1 -7.6348 352.7668 166.9082 380.1741 182.0843 1.4412 1.6977 4.2329 -23.9190 -0.3203 71.3642 -7.9572 -4.1486
Car -1 -1 -3.3399 327.8871 170.0114 415.5095 204.5829 1.4134 1.4913 3.3473 -10.1626 0.7920 30.8614 -3.6556 -4.3985
Car -1 -1 -3.2134 239.2958 164.6632 368.9951 218.5641 1.5661 1.5935 3.6169 -9.4984 0.9691 22.4137 -3.6100 -4.5205
Car -1 -1 -7.8646 350.3810 165.4954 374.6514 188.6917 1.6504 1.6436 3.9821 -18.2219 0.2475 53.2976 -8.1927 -4.5334
Car -1 -1 -7.5382 432.0026 165.0022 472.6832 184.1324 1.3472 1.7696 4.0080 -11.4141 -0.0828 52.9441 -7.7497 -4.5842
Car -1 -1 -7.6596 256.4857 169.0636 285.1947 187.3657 1.6599 1.6753 4.0883 -31.5478 0.1952 67.3825 -8.0962 -4.5928
Car -1 -1 -4.6603 174.1732 166.4456 212.1283 193.2288 1.4792 1.6877 4.3378 -24.2024 0.4427 42.0166 -5.1802 -4.7307
Car -1 -1 -7.1631 472.9556 165.6392 515.1078 184.5408 1.7380 1.7112 4.1555 -10.8036 -0.0662 68.4809 -7.3192 -4.7569
Car -1 -1 -3.6837 172.0769 166.4369 240.6806 190.2452 1.6099 1.6414 3.9460 -28.2860 0.3403 50.7287 -4.1903 -4.7683
Car -1 -1 -4.7732 366.6225 166.0086 404.2117 198.0808 1.5165 1.5768 3.6464 -11.1993 0.6085 35.9755 -5.0730 -4.8080
Car -1 -1 -4.4857 229.6934 166.1300 270.6606 187.3082 1.4659 1.7470 4.2044 -25.8270 0.1450 52.0048 -4.9447 -4.9052
Car -1 -1 -4.5103 212.3598 163.4025 255.3911 187.0712 1.5051 1.6908 4.4240 -24.9560 0.1181 48.0693 -4.9870 -5.0602
Car -1 -1 -6.3149 458.0236 167.1452 535.8098 194.0441 1.5883 1.6263 4.5874 -6.7658 0.5214 43.6668 -6.4679 -5.0605
Car -1 -1 -4.6630 552.0659 166.4679 584.0841 197.0487 1.7273 1.6917 4.3322 -2.3424 0.6685 42.7731 -4.7176 -5.0781
Car -1 -1 -2.5565 43.2963 160.2780 130.8122 190.0285 1.8559 1.7591 4.2565 -33.1468 0.3004 45.8041 -3.1803 -5.0863
Car -1 -1 -7.8808 402.2657 159.5528 433.7150 191.8821 1.8385 1.7112 3.9801 -11.4250 0.3793 43.0296 -8.1390 -5.1267
Car -1 -1 -4.2943 145.4523 164.0661 211.7007 196.3640 1.6523 1.6132 3.9101 -23.1100 0.5705 38.8104 -4.8284 -5.1490
Car -1 -1 -4.5288 260.0640 162.1986 293.5436 184.5606 1.6967 1.7215 3.8545 -26.0937 -0.0534 56.7424 -4.9582 -5.5952
Car -1 -1 -2.5789 315.7439 160.0059 393.8244 191.5782 1.7811 1.7749 3.9535 -14.7389 0.3591 41.8616 -2.9155 -5.6158
Car -1 -1 -5.1978 457.1406 164.5438 489.5700 180.9446 1.4998 1.5567 3.5657 -12.8550 -0.4186 68.5958 -5.3826 -5.6309
Car -1 -1 -5.7597 1240.0000 52.5329 1240.0000 375.0000 1.4317 1.5902 4.0972 6.2345 1.2772 2.9227 -4.6641 -5.8816
Car -1 -1 -4.6400 72.8276 175.1342 102.7185 193.9689 1.4518 1.6464 4.0208 -41.6041 0.6749 57.5528 -5.2640 -5.8867
Car -1 -1 -5.0302 1240.0000 170.6893 1240.0000 375.0000 1.3424 1.5440 3.7059 5.1087 1.2998 4.1029 -4.1691 -5.9729
Car -1 -1 -5.6933 0.0000 146.0784 0.0000 364.0230 1.7601 1.6567 3.6817 -9.0543 1.4442 7.1334 -6.5783 -6.1368
