Car -1 -1 -7.8559 588.5236 175.1603 638.3741 219.5420 1.3649 1.5332 3.4884 0.1350 1.0558 23.8535 -7.8506 5.2386
Car -1 -1 -7.9496 655.8304 167.3349 692.0170 195.8388 1.5764 1.7019 4.0457 3.7650 0.5877 41.7858 -7.8607 4.8405
Car -1 -1 -7.8375 588.9188 172.7929 625.9471 206.2563 1.4776 1.6358 3.5769 -0.0254 0.9292 33.5418 -7.8386 2.5946
Car -1 -1 -7.8777 638.2618 166.1378 656.9125 182.7514 1.4789 1.6248 3.8809 3.6504 -0.2347 66.5390 -7.8235 1.4615
Car -1 -1 -7.5830 544.4703 166.0402 585.1946 190.8732 1.5491 1.6430 4.0142 -2.7807 0.3531 46.9781 -7.6421 -1.4655
Car -1 -1 -5.9790 545.8362 170.2376 619.0343 196.7352 1.4776 1.5988 3.9117 -1.4753 0.6425 41.3747 -6.0147 -1.6749
Car -1 -1 -8.1268 700.7213 174.1558 742.5109 197.6418 1.4000 1.6097 3.7491 7.0176 0.7409 44.8067 -7.9728 -2.3692
Car -1 -1 -6.0270 172.3582 177.7590 261.5035 206.0863 1.4353 1.6149 3.8177 -20.4304 1.0576 37.6573 -6.5214 -2.7226
Car -1 -1 -4.4042 542.0190 168.8753 580.3312 191.3151 1.5488 1.6939 3.7365 -3.3256 0.4211 51.6338 -4.4685 -2.8323
Car -1 -1 -2.8010 492.2304 168.3202 566.3495 194.5170 1.4855 1.6299 3.9918 -4.5991 0.5276 42.0151 -2.9096 -3.7289
Car -1 -1 -3.5115 516.5265 167.8349 573.3815 188.8096 1.6040 1.7217 4.1205 -4.9631 0.2750 56.6565 -3.5987 -3.7937
Car -1 -1 -3.1476 568.2070 167.1648 625.5595 188.3035 1.6240 1.7963 4.4097 -0.8735 0.2374 56.1728 -3.1634 -3.9540
Car -1 -1 -2.5597 497.5204 167.8846 574.9818 196.1100 1.5188 1.6517 4.0927 -4.0580 0.5864 40.3619 -2.6595 -3.9993
Car -1 -1 -2.3946 369.0851 170.0249 415.7815 186.6029 1.4998 1.7020 4.0815 -19.9932 0.1257 66.6964 -2.6850 -4.1844
Car -1 -1 -2.4030 476.9584 174.7980 560.6357 207.0123 1.3887 1.4849 3.7494 -4.1086 0.9397 32.6747 -2.5274 -4.2044
Car -1 -1 -4.4490 547.9927 166.6608 577.5845 185.3358 1.5081 1.6114 3.4862 -3.7326 0.0099 59.9210 -4.5112 -4.4059
Car -1 -1 -4.4908 560.7920 165.8999 592.0330 186.2742 1.6062 1.6954 4.1072 -2.5421 0.0836 58.8431 -4.5341 -4.4256
Car -1 -1 -3.1495 621.3848 168.9436 689.1027 196.1501 1.6583 1.6573 4.1294 2.9145 0.6666 44.7584 -3.0853 -4.5906
Car -1 -1 -4.5032 527.7596 169.3454 554.3185 187.4610 1.5996 1.6556 3.8046 -6.0540 0.1984 65.4598 -4.5954 -4.6384
Car -1 -1 -6.3583 418.4804 166.7151 473.3880 190.5540 1.7740 1.8368 3.9681 -12.4016 0.3974 54.9515 -6.5795 -4.6940
Car -1 -1 -5.1390 492.5231 171.3515 532.9366 192.0594 1.5517 1.6204 3.9654 -7.4540 0.5130 55.9759 -5.2710 -4.7296
Car -1 -1 -4.8412 396.4391 172.9214 425.1833 194.1306 1.6538 1.7121 4.2850 -16.0391 0.6953 58.3598 -5.1086 -4.8390
Car -1 -1 -4.1712 617.1743 166.9719 667.3963 187.4990 1.4698 1.7003 4.4636 2.6116 0.1636 53.8001 -4.1233 -4.9045
Car -1 -1 -4.6642 581.5999 168.5539 600.0275 185.5230 1.5198 1.5301 3.5382 -1.5484 0.0277 66.1689 -4.6878 -5.3543
Car -1 -1 -6.2202 650.5910 172.6798 698.9706 189.8111 1.4645 1.6207 4.1006 5.8359 0.3930 62.5687 -6.1279 -5.6162
Car -1 -1 -5.1240 609.2230 171.6293 650.7595 195.0271 1.5754 1.5166 3.7888 1.4941 0.6608 50.4432 -5.0949 -5.6426
Car -1 -1 -4.7217 562.0619 170.1963 590.7678 197.7927 1.4424 1.5008 3.3713 -1.7640 0.6575 39.2975 -4.7665 -5.8282
Car -1 -1 -7.6701 340.1252 168.4127 438.9759 246.2355 1.7152 1.6009 4.1832 -5.3658 1.3450 18.0053 -7.9560 -6.1127
Car -1 -1 -7.2878 1.5407 170.9234 310.3882 311.8458 1.4922 1.5851 3.8251 -5.6593 1.3410 9.5573 -7.8102 -6.1263
Car -1 -1 -4.8438 361.6206 170.9071 392.0715 194.9745 1.7232 1.6380 4.1222 -17.2967 0.6989 53.6819 -5.1543 -6.1792
Car -1 -1 -4.8984 1240.0000 178.5631 1240.0000 375.0000 1.5841 1.9152 4.4777 5.3862 1.5652 4.4088 -4.0445 -7.1185
Car -1 -1 -1.8740 0.0000 147.3578 0.0000 375.0000 1.5723 1.8638 4.1331 -4.9301 1.5040 2.6952 -2.9022 -7.3941
