Car -1 -1 -7.9860 571.7151 163.7646 615.7122 196.1462 1.5727 1.7496 3.9262 -0.8119 0.5310 36.9882 -8.0081 6.9307
Car -1 -1 -7.9294 498.9883 169.2079 536.2861 197.6302 1.3061 1.5351 3.4101 -4.4452 0.5707 34.8590 -8.0555 4.7876
Car -1 -1 -4.1828 386.7081 176.0267 471.0582 212.4960 1.4345 1.6081 4.1065 -7.5198 1.0732 30.4728 -4.4229 -0.0496
Car -1 -1 -2.7899 446.0469 163.6682 514.7606 188.2992 1.5640 1.6586 4.0864 -8.2997 0.1960 46.8226 -2.9645 -0.2325
Car -1 -1 -7.8856 531.0845 162.0327 549.9677 179.2926 1.6072 1.7174 3.6123 -6.5903 -0.5934 70.1430 -7.9792 -1.2256
Car -1 -1 -4.6794 437.4043 167.1095 471.5092 198.5684 1.5678 1.6251 4.0831 -8.0810 0.6656 37.9764 -4.8879 -1.5169
Car -1 -1 -7.3603 449.1975 163.1985 487.3223 184.9988 1.9785 1.7933 4.0836 -13.0644 -0.0209 67.5009 -7.5510 -1.6858
Car -1 -1 -6.6720 155.1045 173.2679 229.9143 199.6127 1.5066 1.5827 3.5400 -24.8163 0.8235 42.9920 -7.1930 -2.2020
Car -1 -1 -2.9178 388.4260 161.5318 468.7608 190.7453 1.6304 1.7244 4.1693 -10.2041 0.3088 41.0195 -3.1602 -2.3512
Car -1 -1 -7.6221 298.7747 161.8407 343.2249 190.9203 1.6865 1.6479 3.9293 -17.4183 0.3310 43.7528 -7.9990 -2.4578
Car -1 -1 -4.5204 462.9030 163.1452 493.7153 185.0735 1.9200 1.8493 4.9543 -11.7473 -0.0133 65.4636 -4.6975 -2.5585
Car -1 -1 -7.3842 495.0100 164.2768 543.3258 188.8869 1.5477 1.6568 3.6958 -5.7974 0.2310 47.2284 -7.5059 -2.6527
Car -1 -1 -8.0846 324.4132 172.0880 359.4008 194.6117 1.5799 1.5792 3.7437 -19.4360 0.6592 52.4211 -8.4383 -2.7247
Car -1 -1 -8.0231 446.2648 161.9720 482.7586 188.1547 1.5502 1.6171 3.6925 -8.9466 0.1742 44.5735 -8.2202 -3.3906
Car -1 -1 -4.6922 559.9572 171.8621 580.7137 190.8634 1.4902 1.6072 3.8622 -3.0258 0.4431 58.3328 -4.7441 -3.4887
Car -1 -1 -7.1290 257.3354 158.4710 319.1964 189.1065 2.2651 1.8243 4.5283 -24.6425 0.2878 55.5837 -7.5448 -3.7253
Car -1 -1 -4.2588 437.5792 164.5915 481.0146 189.0190 1.8917 1.7623 4.2047 -11.9257 0.2947 57.9253 -4.4612 -3.7501
Car -1 -1 -5.2714 251.8187 165.3571 309.6844 192.6581 1.6740 1.6423 3.7054 -20.8692 0.4565 45.7867 -5.6970 -4.1674
Car -1 -1 -5.2212 218.4936 167.4940 289.9496 197.1888 1.4679 1.5768 4.0150 -18.4164 0.5920 37.3279 -5.6768 -4.3015
Car -1 -1 -7.6940 394.9580 172.1156 445.2444 208.3696 1.5366 1.6246 3.6453 -8.4186 0.9815 32.3580 -7.9468 -4.3568
Car -1 -1 -6.4202 443.7850 160.9790 521.8129 189.8569 1.6518 1.7811 4.3561 -7.4500 0.2656 42.6296 -6.5923 -4.6144
Car -1 -1 -5.6869 438.1322 166.2350 497.9383 186.5899 1.5036 1.7308 4.2274 -10.6590 0.1017 54.7279 -5.8785 -4.7093
Car -1 -1 -6.6442 0.0000 0.0000 1240.0000 375.0000 1.4725 1.4591 3.3356 -2.9861 1.6919 1.0361 -7.8007 -4.7391
Car -1 -1 -9.2305 1072.8025 183.9284 1240.0000 375.0000 1.5684 1.6931 3.4600 7.2578 1.5580 7.7787 -8.4979 -4.9007
Car -1 -1 -7.4311 336.7550 161.6012 384.9372 187.9295 2.0020 1.9122 4.5484 -19.5292 0.2065 57.0160 -7.7598 -5.2226
Car -1 -1 -2.7748 173.3245 161.4576 285.4785 198.0126 1.7536 1.7329 4.6024 -18.6887 0.6141 35.6070 -3.2551 -5.5724
Car -1 -1 -5.9535 0.0000 0.0000 1240.0000 375.0000 1.4827 1.6012 3.9525 6.1620 1.4080 1.7229 -4.6977 -5.8867
Car -1 -1 -4.9639 1240.0000 179.9822 1240.0000 375.0000 1.3450 1.5582 3.7300 5.1155 1.3291 4.1831 -4.1112 -5.9521
Car -1 -1 -5.6352 0.0000 109.3324 0.0000 375.0000 1.7209 1.6842 3.9842 -7.4081 1.3361 5.0401 -6.5834 -6.1371
Car -1 -1 -5.2576 1002.1571 146.0552 1159.7480 206.1013 1.4240 1.6613 3.8894 12.2494 0.4955 19.0085 -4.6921 -6.4395
Car -1 -1 -4.9128 945.1268 149.4697 1051.9285 210.9784 1.5443 1.7516 4.4704 10.8861 0.6470 20.4392 -4.4294 -6.4750
