Car -1 -1 -7.8547 579.4045 184.0111 675.5374 269.5911 1.3732 1.5441 3.6003 0.2990 1.3540 13.3505 -7.8332 5.8268
Car -1 -1 -7.8851 581.1470 175.2268 646.6107 234.3996 1.4887 1.6503 3.8649 0.0502 1.2376 20.0410 -7.8831 4.3540
Car -1 -1 -7.8108 656.7369 165.4326 683.0663 188.9814 1.5868 1.6827 3.8017 4.3689 0.2539 50.4328 -7.7251 3.5339
Car -1 -1 -7.9002 576.4414 171.8629 622.8990 212.3277 1.4818 1.6381 3.7146 -0.4168 0.9930 28.2282 -7.9151 2.8324
Car -1 -1 -5.9488 330.9180 170.6694 379.9989 187.1120 1.5147 1.6658 3.9955 -23.5167 0.1748 67.0558 -6.2850 -0.2363
Car -1 -1 -2.9016 486.2025 173.8388 546.7974 194.6647 1.5993 1.6894 4.4338 -7.1408 0.7258 56.2953 -3.0275 -1.5725
Car -1 -1 -6.0027 490.3346 172.4547 541.1094 189.3398 1.5141 1.7161 4.2920 -8.3969 0.3700 65.6380 -6.1298 -2.0648
Car -1 -1 -4.2528 366.7949 170.2287 403.1703 185.5549 1.4250 1.6078 4.2753 -21.3662 0.0317 69.0782 -4.5519 -2.3048
Car -1 -1 -7.5948 691.6655 167.2846 723.0742 186.7730 1.5006 1.5834 3.7367 7.9641 0.1201 57.3800 -7.4579 -2.3732
Car -1 -1 -4.4989 363.7314 171.6893 400.3334 195.3557 1.6414 1.7070 4.0193 -16.2773 0.7034 51.9350 -4.8014 -2.5247
Car -1 -1 -5.3552 756.3296 171.0170 812.1921 196.1456 1.5853 1.6762 3.7135 11.5558 0.6897 47.3871 -5.1177 -2.5384
Car -1 -1 -7.9777 587.6790 170.8204 630.8185 203.4289 1.5187 1.6352 4.0417 -0.0185 0.8484 35.5872 -7.9786 -2.6800
Car -1 -1 -4.1560 398.5541 175.8811 438.9248 190.0623 1.3417 1.7586 4.4090 -18.4615 0.4587 70.3782 -4.4119 -3.0210
Car -1 -1 -2.4954 539.5131 164.9653 587.9980 183.8323 1.5046 1.6524 3.7531 -3.6582 -0.1173 59.3033 -2.5570 -3.1254
Car -1 -1 -2.9681 256.1193 173.7090 312.1742 193.1362 1.5367 1.7293 3.8964 -26.1554 0.6267 58.1757 -3.3891 -3.4007
Car -1 -1 -4.8033 550.4606 164.8878 582.9033 192.3485 1.6144 1.6327 4.0159 -2.6056 0.4195 44.3694 -4.8619 -3.5902
Car -1 -1 -7.4162 597.1976 168.2174 644.2232 197.3277 2.1061 1.8140 4.5296 1.0140 0.8764 54.4411 -7.3981 -3.7331
Car -1 -1 -4.5312 688.7401 169.0540 722.2410 191.7137 1.5074 1.6096 4.0565 6.8127 0.4324 49.9971 -4.3969 -4.0425
Car -1 -1 -4.1538 709.9197 162.3264 752.7669 182.8459 1.6689 1.6352 4.1567 10.5100 -0.2080 61.0465 -3.9843 -4.0779
Car -1 -1 -3.2855 444.4504 174.1401 553.3208 211.7062 1.4424 1.5815 4.1519 -4.4381 1.0173 28.9606 -3.4364 -4.1078
Car -1 -1 -5.0824 548.2780 171.3250 610.1413 206.6613 1.5166 1.5856 3.6974 -1.4016 0.9206 32.8640 -5.1250 -4.1266
Car -1 -1 -2.8056 555.1766 168.2927 633.9446 195.0730 1.5001 1.6744 4.2576 -0.7891 0.5523 41.7249 -2.8247 -4.1272
Car -1 -1 -2.9649 461.1938 167.9481 550.4409 205.7737 1.6227 1.6217 3.6710 -4.4899 0.8821 31.7174 -3.1047 -4.2066
Car -1 -1 -5.4932 369.9515 170.7765 419.0333 191.3716 1.6724 1.6543 3.9152 -17.8360 0.5000 60.0412 -5.7810 -4.2506
Car -1 -1 -4.6361 323.9181 180.0862 358.2636 205.9115 1.4549 1.5858 4.3312 -15.8507 1.1661 42.7974 -4.9891 -4.3315
Car -1 -1 -7.5126 744.5630 173.8398 807.2308 210.5621 1.4654 1.5658 3.3541 7.1428 1.0116 30.5207 -7.2851 -4.3835
Car -1 -1 -7.8827 555.2642 158.2970 576.0302 178.7849 1.7018 1.6992 4.0266 -3.7376 -0.5829 63.0960 -7.9418 -4.4166
Car -1 -1 -8.1234 731.8220 163.8704 762.6301 182.4396 1.5702 1.6862 3.8775 12.2440 -0.2523 63.3832 -7.9337 -4.7297
Car -1 -1 -8.6364 697.0803 172.6454 779.9052 209.2570 1.4354 1.5143 3.2839 5.3572 0.9427 29.9647 -8.4615 -4.7418
Car -1 -1 -4.7032 630.0627 172.0989 650.7447 192.2342 1.5362 1.5775 3.8533 2.5758 0.5356 56.8118 -4.6585 -4.7504
Car -1 -1 -2.9642 616.8983 166.4732 668.2702 184.9325 1.5647 1.6780 4.2153 3.0146 -0.0249 62.2621 -2.9163 -4.9353
Car -1 -1 -4.8514 533.1934 162.9285 560.2466 184.1150 1.7808 1.7331 4.6553 -5.4138 -0.1003 63.1400 -4.9368 -5.0216
Car -1 -1 -4.5301 697.4058 164.9361 724.3390 183.7869 1.5671 1.6341 3.8842 8.9345 -0.1276 62.1795 -4.3884 -5.4539
Car -1 -1 -4.4224 570.0800 190.1102 605.0129 210.5399 1.4404 1.5150 4.0881 -1.4928 1.8223 53.8930 -4.4505 -5.5987
Car -1 -1 -7.5015 604.5472 175.4184 659.3860 205.0540 1.3389 1.5970 3.2364 1.1638 0.8964 34.2760 -7.4682 -5.7524
Car -1 -1 -4.6803 359.6807 171.9474 385.0084 192.6845 1.7012 1.9112 4.4210 -20.0681 0.6129 61.3629 -4.9954 -6.1498
Car -1 -1 -5.4062 0.0000 193.2565 17.1369 329.0897 1.5447 1.8022 4.0784 -10.4282 1.6600 9.2916 -6.2349 -6.4650
Car -1 -1 -5.0409 1082.3552 157.2144 1221.6433 216.0988 1.3888 1.6362 4.2163 14.2773 0.7285 19.2102 -4.4091 -6.7295
Car -1 -1 -4.9175 1227.6185 216.4718 1240.0000 375.0000 1.6211 1.8680 3.8451 5.4154 1.9158 4.6672 -4.0876 -7.7531
