Car -1 -1 -7.8768 588.1588 172.6643 638.2930 218.6921 1.4471 1.5778 3.3885 0.0944 1.0526 24.3093 -7.8734 6.3843
Car -1 -1 -7.9614 655.6622 168.5437 692.0340 196.4160 1.5242 1.6783 3.6632 3.7072 0.6126 41.1577 -7.8725 4.7742
Car -1 -1 -7.8181 586.7369 169.5289 623.2889 202.4488 1.4838 1.6129 3.7944 -0.1197 0.7769 34.3232 -7.8219 1.5538
Car -1 -1 -7.7617 635.8894 166.8903 657.0173 182.8165 1.4142 1.6238 3.6148 3.5832 -0.2275 66.3147 -7.7083 1.2491
Car -1 -1 -7.6810 541.6531 166.7092 575.7814 190.5968 1.5858 1.6850 4.0792 -3.3780 0.3574 49.8401 -7.7486 -0.7346
Car -1 -1 -7.6819 691.1234 170.1464 727.2134 195.9127 1.5756 1.6232 4.0956 6.5272 0.6543 46.1564 -7.5426 -0.8052
Car -1 -1 -7.4044 541.2178 167.4037 597.3730 196.0099 1.5664 1.6369 4.0672 -2.1930 0.5912 41.5552 -7.4571 -2.9092
Car -1 -1 -4.6359 518.0844 170.2916 542.4391 189.9102 1.6244 1.7501 4.3977 -6.6334 0.3889 61.7455 -4.7428 -3.0244
Car -1 -1 -7.2313 538.6935 170.9164 578.9792 191.2428 1.8638 1.7605 4.0801 -4.6093 0.5528 68.1110 -7.2990 -3.0282
Car -1 -1 -4.1578 419.6595 166.3534 466.9992 189.3036 1.6815 1.7400 3.8677 -12.4996 0.2997 54.7813 -4.3813 -3.0965
Car -1 -1 -8.0415 478.9433 170.3926 512.7649 194.7811 1.7401 1.7768 3.9392 -8.3773 0.6826 53.4440 -8.1965 -3.1064
Car -1 -1 -4.9018 512.8551 168.7052 554.2114 196.4525 1.5271 1.6524 4.0209 -4.3873 0.6186 41.7276 -5.0062 -3.2647
Car -1 -1 -7.4116 541.9681 168.9643 600.0903 199.7197 1.4967 1.5606 3.6819 -1.8668 0.7060 36.9814 -7.4620 -3.3749
Car -1 -1 -5.8819 573.9926 162.7640 632.2052 185.5827 1.7532 1.7208 4.2702 -0.3879 0.0284 56.8449 -5.8890 -3.5594
Car -1 -1 -4.9876 673.6912 171.1801 700.1541 185.4400 1.3736 1.6068 3.8839 7.8115 0.0218 71.2942 -4.8792 -3.7142
Car -1 -1 -3.2484 546.2420 168.9920 604.3268 194.5092 1.6249 1.6382 3.6265 -2.1647 0.5919 46.8611 -3.2946 -3.7318
Car -1 -1 -5.6753 449.7276 173.9318 495.4235 192.1942 1.5364 1.5812 3.6139 -11.6626 0.5872 61.9376 -5.8609 -3.7675
Car -1 -1 -3.6657 485.1376 168.5510 565.8318 198.1019 1.4819 1.6275 3.9388 -4.3390 0.6464 37.8747 -3.7792 -3.8649
Car -1 -1 -4.4202 689.3737 170.4442 718.2025 184.8074 1.3770 1.7313 4.0926 9.5428 -0.0416 71.2620 -4.2879 -4.5813
Car -1 -1 -4.1544 447.2770 176.2224 535.4651 216.1066 1.3109 1.4669 3.4777 -4.0932 1.0155 25.5141 -4.3121 -4.6631
Car -1 -1 -4.1009 366.5266 174.4695 409.2103 192.3539 1.5151 1.6270 3.9106 -19.2404 0.6049 63.0114 -4.3964 -4.6982
Car -1 -1 -3.5173 564.6428 164.4412 637.0741 189.1034 1.8148 1.8202 5.2090 -0.5384 0.2862 54.7198 -3.5274 -5.0089
Car -1 -1 -5.4973 623.8050 171.3421 680.3022 192.7384 1.5533 1.6978 4.3279 3.2882 0.5463 54.3679 -5.4376 -5.0399
Car -1 -1 -4.4476 616.6662 167.4568 650.3857 190.5629 1.7726 1.7799 3.6878 2.0663 0.4104 57.1722 -4.4120 -5.2125
Car -1 -1 -4.4941 700.8080 172.6289 726.8867 190.1488 1.5903 1.6298 3.8343 9.9539 0.4479 67.3314 -4.3484 -5.2333
Car -1 -1 -6.0255 48.7970 171.1465 147.7379 203.0902 1.6033 1.6313 3.9274 -26.5318 0.8973 37.5276 -6.6377 -5.4632
Car -1 -1 -4.8671 570.6506 167.3650 595.6006 186.5947 1.6646 1.6603 3.7791 -2.2433 0.1195 64.2393 -4.9022 -5.4829
Car -1 -1 -4.7208 942.4948 160.2733 1001.3402 210.0918 1.5774 1.6888 3.9533 12.5214 0.7878 24.9077 -4.2599 -5.7649
Car -1 -1 -7.4877 209.6763 162.1761 399.7459 263.8007 1.6178 1.7709 4.4958 -5.5297 1.2512 13.7007 -7.8646 -5.9709
Car -1 -1 -7.2840 0.0000 163.1701 313.3260 317.7609 1.5408 1.6405 4.2052 -5.6128 1.3212 9.2983 -7.8143 -6.0338
Car -1 -1 -4.2612 655.1119 165.3889 698.6855 187.5964 1.7348 1.6853 4.6345 5.6633 0.1861 58.5732 -4.1656 -6.0483
Car -1 -1 -5.0918 0.0000 76.2445 0.0000 375.0000 1.5210 1.8151 4.4314 -5.1644 1.3194 2.4786 -6.1721 -6.3011
Car -1 -1 -4.9265 1236.5060 192.7861 1240.0000 375.0000 1.6445 1.9704 4.3478 5.4409 1.7168 4.5154 -4.0787 -7.5559
