Car -1 -1 -7.8712 571.8984 187.6981 691.1042 290.8062 1.3426 1.5664 3.4068 0.2654 1.3872 11.1507 -7.8484 5.4397
Car -1 -1 -7.8649 576.0035 175.1600 652.2742 242.0909 1.4859 1.6941 3.8085 0.0780 1.2629 17.8696 -7.8611 4.1028
Car -1 -1 -7.8720 574.1749 171.0635 622.7203 216.1604 1.5206 1.6391 3.6762 -0.4206 1.0436 26.1044 -7.8883 3.8001
Car -1 -1 -7.6575 662.4412 164.7563 694.8062 186.7059 1.5490 1.6730 3.7266 5.2139 0.1053 52.7576 -7.5599 3.0705
Car -1 -1 -4.1772 231.6081 183.0969 273.9020 198.8229 1.3613 1.5930 3.9556 -31.6902 1.1780 64.2587 -4.6340 -0.7229
Car -1 -1 -2.7204 548.1475 163.2144 635.8866 193.8158 1.6318 1.7086 4.5837 -0.9139 0.4588 40.0092 -2.7434 -1.0673
Car -1 -1 -4.4642 261.7741 177.8342 289.0268 193.0256 1.4702 1.5960 3.7156 -33.0468 0.7560 71.5429 -4.8958 -1.2400
Car -1 -1 -7.5866 686.4059 163.7611 722.2074 186.1819 1.6632 1.7066 4.1720 7.4848 0.0718 55.5782 -7.4538 -1.7089
Car -1 -1 -7.1385 745.1566 158.4855 790.2813 177.4255 1.6492 1.7137 4.2102 14.7222 -0.7375 66.1314 -6.9206 -1.8141
Car -1 -1 -5.0346 341.6871 170.9081 373.8320 187.7863 1.4982 1.6319 3.8950 -22.9352 0.2283 65.8490 -5.3687 -2.0359
Car -1 -1 -7.5305 597.0305 165.3586 637.7255 189.6762 1.6867 1.6627 4.3405 0.7264 0.3095 52.1827 -7.5170 -2.1263
Car -1 -1 -7.8761 646.9846 167.5590 665.1819 183.7986 1.4867 1.6306 3.5980 4.5360 -0.1374 67.9646 -7.8101 -2.1496
Car -1 -1 -5.1040 506.9103 167.7696 559.8417 195.0353 1.5076 1.6377 4.0609 -4.4194 0.5431 41.9227 -5.2086 -2.2507
Car -1 -1 -5.8863 487.5357 168.5786 540.5752 187.0649 1.6014 1.7160 4.3323 -8.3032 0.1603 63.6712 -6.0158 -2.2825
Car -1 -1 -7.7434 364.4040 168.9287 387.4477 186.4252 1.5814 1.6368 3.7621 -21.5794 0.1095 66.9799 -8.0541 -2.5592
Car -1 -1 -3.0301 547.9165 171.0107 631.8977 205.2224 1.4882 1.5716 3.6103 -0.8010 0.8704 32.2082 -3.0551 -2.6778
Car -1 -1 -8.3424 728.1842 162.7143 766.5493 181.0888 1.4928 1.6328 3.7612 11.8593 -0.3638 61.3552 -8.1527 -2.6949
Car -1 -1 -4.8435 628.9485 169.0243 656.3147 187.4904 1.3330 1.5679 3.6931 2.5553 0.1644 53.7985 -4.7966 -2.8675
Car -1 -1 -4.8655 768.4190 171.2707 802.4861 196.1750 1.5051 1.5724 3.3570 11.1005 0.6625 45.1849 -4.6265 -2.9794
Car -1 -1 -6.1150 483.3006 169.5097 539.9982 190.9405 1.6068 1.6573 4.0647 -7.3168 0.4294 54.7998 -6.2474 -3.2369
Car -1 -1 -6.0480 560.2244 167.7330 627.2505 192.9859 1.5530 1.6577 3.9598 -0.8957 0.4780 45.4420 -6.0679 -3.3908
Car -1 -1 -6.0932 621.2684 166.0619 673.1508 185.8673 1.6209 1.6857 4.0907 3.2967 0.0535 60.1452 -6.0390 -3.6304
Car -1 -1 -3.8932 270.7804 177.6059 313.6875 192.8956 1.4803 1.6432 3.8267 -31.4267 0.7437 71.6811 -4.3054 -4.1155
Car -1 -1 -4.2320 553.6410 153.6606 592.1126 176.9928 1.8644 1.6777 3.8405 -2.9385 -0.7217 61.0134 -4.2801 -4.2664
Car -1 -1 -4.7277 270.0486 172.5214 295.1509 193.3341 1.5815 1.7473 4.4431 -25.8327 0.6171 57.0069 -5.1517 -4.2720
Car -1 -1 -4.6219 351.8517 171.9451 385.7578 198.2498 1.5805 1.6613 4.1227 -15.0629 0.7833 45.3879 -4.9409 -4.5181
Car -1 -1 -2.3571 534.8129 165.8526 582.4481 184.1404 1.4214 1.6457 3.7677 -3.9982 -0.0893 57.9477 -2.4259 -4.8399
Car -1 -1 -4.8221 422.9794 166.7989 447.5837 187.0940 1.6656 1.6342 3.6958 -14.6789 0.1543 61.0121 -5.0574 -4.9103
Car -1 -1 -2.9656 681.2350 163.7072 739.9951 183.9471 1.6172 1.7134 4.5580 8.4514 -0.1069 59.1521 -2.8246 -5.4825
Car -1 -1 -4.9332 1240.0000 176.3983 1240.0000 375.0000 1.5240 1.9050 4.5793 5.4764 1.4983 4.5206 -4.0827 -6.7462
