Car -1 -1 -7.8953 562.0596 189.2425 708.5983 317.3388 1.3628 1.5862 3.4417 0.2074 1.4258 9.4937 -7.8745 6.0253
Car -1 -1 -7.8691 570.1133 175.2706 653.6564 248.3286 1.4680 1.6806 3.9257 0.0017 1.2683 16.4199 -7.8694 5.2276
Car -1 -1 -7.8805 569.1667 170.7690 621.5779 219.0841 1.5142 1.6460 3.6877 -0.5212 1.0616 24.4099 -7.9020 4.1104
Car -1 -1 -7.4087 680.2639 161.2672 723.7300 183.2061 1.6263 1.7322 4.1614 7.3490 -0.1623 55.9104 -7.2789 2.4405
Car -1 -1 -5.9359 307.5976 170.1895 364.1827 187.7711 1.5209 1.6657 4.3348 -23.8230 0.2212 63.0449 -6.2960 1.3768
Car -1 -1 -7.7864 655.5280 169.1593 676.1915 186.5758 1.5624 1.6544 3.8386 5.3901 0.1222 66.5063 -7.7062 -1.3286
Car -1 -1 -7.3337 296.9136 176.5015 333.1206 191.9123 1.4477 1.5906 3.7421 -28.2630 0.6292 69.4900 -7.7189 -1.8757
Car -1 -1 -2.6525 588.2590 165.4970 650.8764 190.4985 1.6477 1.7150 3.9285 0.7731 0.3483 49.0767 -2.6371 -1.9597
Car -1 -1 -7.5537 338.9117 173.7742 381.4361 196.7624 1.4723 1.6074 3.8730 -16.4994 0.7397 48.0003 -7.8834 -2.1419
Car -1 -1 -2.7516 543.2833 170.7549 637.4832 206.7894 1.4871 1.5661 3.7567 -0.7856 0.8905 31.0673 -2.7770 -2.2956
Car -1 -1 -6.5028 533.9766 167.8688 617.1475 197.2099 1.5614 1.6598 4.3208 -1.8201 0.6384 39.6230 -6.5487 -2.5658
Car -1 -1 -2.5792 476.2552 170.7870 526.1692 188.5980 1.5194 1.6757 4.0513 -9.3394 0.2887 62.9081 -2.7263 -3.2070
Car -1 -1 -2.8734 550.0679 166.1345 632.3265 196.9638 1.5709 1.6570 4.0446 -0.8890 0.5988 37.9222 -2.8970 -3.2872
Car -1 -1 -6.5819 737.7617 164.3007 794.9218 183.4859 1.5430 1.7225 4.2645 12.9808 -0.1444 59.0400 -6.3668 -3.4747
Car -1 -1 -4.4505 552.4012 154.0908 584.7074 177.2489 1.7948 1.7070 3.9031 -3.2080 -0.6794 59.2341 -4.5045 -3.5023
Car -1 -1 -2.7561 467.4717 169.7472 530.9249 193.0337 1.7133 1.7229 4.4107 -8.1980 0.5754 54.2435 -2.9056 -3.5956
Car -1 -1 -3.3197 653.3058 162.4056 703.7584 182.5997 1.5534 1.6017 3.7185 5.5204 -0.2089 56.4921 -3.2230 -3.8605
Car -1 -1 -5.6566 159.6961 171.2846 292.9882 217.8525 1.7821 1.8218 4.4976 -15.2309 1.2491 28.7310 -6.1404 -5.0231
Car -1 -1 -4.6234 418.3785 166.0609 442.8908 184.5565 1.4395 1.5809 3.9366 -14.3129 -0.0551 58.1611 -4.8638 -5.0916
Car -1 -1 -5.4981 331.3388 172.3090 389.4355 197.1730 1.7190 1.6049 3.9387 -17.6768 0.8269 51.2855 -5.8287 -5.0992
Car -1 -1 -4.7019 630.2238 164.7175 652.8267 186.4299 1.5705 1.6346 4.2118 2.5414 0.0880 54.1457 -4.6555 -5.2110
Car -1 -1 -7.9144 613.3575 172.8965 655.8110 208.0613 1.4659 1.6492 3.5312 1.0953 0.9525 31.7532 -7.8805 -5.4466
Car -1 -1 -4.6743 388.5050 167.2404 408.7163 185.8492 1.6829 1.6622 3.9387 -19.5098 0.0574 67.1231 -4.9563 -5.9482
Car -1 -1 -4.9687 1223.4370 199.8403 1240.0000 375.0000 1.6225 1.9597 4.1879 5.3778 1.7601 4.4718 -4.1222 -7.6788
