Car -1 -1 -7.8913 550.5415 190.1406 715.7273 340.3931 1.3724 1.5416 3.6055 0.1414 1.4433 8.5042 -7.8758 5.4024
Car -1 -1 -7.9057 566.4712 176.1560 656.1605 253.4343 1.4664 1.7068 3.8662 -0.0909 1.2947 15.6202 -7.9118 4.9492
Car -1 -1 -7.8811 566.3192 172.3486 620.5698 222.3912 1.4931 1.6224 3.7773 -0.5698 1.1093 23.3761 -7.9055 3.8685
Car -1 -1 -2.7467 303.1729 170.7688 356.5794 189.1060 1.5579 1.6629 3.9595 -23.9355 0.3307 61.9564 -3.1142 0.6321
Car -1 -1 -7.1027 718.0862 161.1927 764.6098 181.6101 1.6045 1.6809 3.6939 10.9409 -0.3041 58.8906 -6.9202 0.0821
Car -1 -1 -4.6553 581.5734 171.1733 625.4223 208.4013 1.4697 1.6346 3.8926 -0.1612 0.9155 30.3645 -4.6609 -0.3596
Car -1 -1 -6.2152 547.4320 169.7246 617.8392 197.4317 1.5491 1.6128 3.9199 -1.4296 0.6831 41.0614 -6.2501 -1.9447
Car -1 -1 -8.0639 525.9510 164.3604 560.8886 187.7799 1.6622 1.7465 4.1442 -4.8299 0.1822 53.2599 -8.1542 -2.2146
Car -1 -1 -7.8565 689.2323 164.1913 713.2533 187.1620 1.6199 1.6832 4.3029 6.8500 0.1374 52.9342 -7.7288 -2.3030
Car -1 -1 -5.5987 357.6150 171.8184 410.1569 188.9190 1.5498 1.7249 4.6114 -20.8192 0.3358 66.8094 -5.8999 -2.6084
Car -1 -1 -7.5526 549.4220 167.2651 584.3453 187.6071 1.4475 1.5776 3.6056 -3.0024 0.1703 53.0930 -7.6091 -2.6638
Car -1 -1 -7.8287 707.0585 165.0404 727.0256 184.5502 1.7252 1.7113 4.1551 10.0354 -0.0629 65.9127 -7.6785 -3.1262
Car -1 -1 -4.4064 246.1167 172.6437 286.6924 194.1865 1.5696 1.6521 3.9740 -25.8210 0.6538 54.4573 -4.8475 -3.1691
Car -1 -1 -7.5914 330.0552 172.6938 372.2245 196.8061 1.5060 1.6665 3.7529 -16.6882 0.7241 46.8334 -7.9322 -3.2170
Car -1 -1 -5.0639 525.5134 157.9680 562.9763 179.0150 1.6027 1.6710 4.2252 -5.2124 -0.5226 58.3415 -5.1528 -3.2571
Car -1 -1 -6.2694 617.7381 167.5057 675.1120 189.6317 1.6097 1.6937 4.1794 2.8496 0.3214 53.2835 -6.2166 -3.4906
Car -1 -1 -5.9416 488.8950 169.4922 538.2702 187.4985 1.5372 1.6138 3.9497 -8.1987 0.1950 62.5737 -6.0717 -3.8442
Car -1 -1 -7.6574 548.4164 156.9578 579.0268 179.1812 1.6972 1.6979 4.1574 -3.5445 -0.5071 58.2534 -7.7181 -3.9185
Car -1 -1 -4.7077 614.1933 171.3403 654.9177 209.7879 1.4807 1.5690 3.8493 1.0679 0.9465 29.6389 -4.6724 -4.0477
Car -1 -1 -2.6429 478.9701 170.4245 559.9617 198.8900 1.4733 1.6397 4.0362 -4.7861 0.7079 38.7110 -2.7653 -4.3017
Car -1 -1 -5.3055 259.4489 172.2114 311.1817 195.0993 1.6252 1.6603 3.7362 -23.6871 0.7020 52.7372 -5.7260 -4.6269
Car -1 -1 -5.0445 513.2460 165.4838 547.8467 185.1541 1.5102 1.6424 3.6213 -6.1922 -0.0049 57.1927 -5.1521 -4.9473
Car -1 -1 -4.7481 424.6355 167.3501 446.1226 187.8291 1.5386 1.5046 3.2577 -13.4152 0.1965 55.7787 -4.9832 -5.4408
Car -1 -1 -8.1649 581.6587 172.5594 685.5347 230.7814 1.3448 1.6888 3.3733 0.5150 1.0526 18.4591 -8.1378 -5.4970
Car -1 -1 -2.8536 475.3440 169.3915 536.2552 190.9960 1.6068 1.8221 4.2450 -7.7503 0.4301 54.6774 -2.9940 -5.6317
Car -1 -1 -4.9332 1226.2207 194.7865 1240.0000 375.0000 1.7309 1.9997 4.2849 5.3931 1.8221 4.5189 -4.0902 -7.4986
