Car -1 -1 -7.9024 542.7540 194.5434 727.0524 367.1175 1.3767 1.5293 3.4881 0.1081 1.4997 7.6961 -7.8894 5.0919
Car -1 -1 -7.8739 564.3980 179.9171 655.4088 259.9848 1.4752 1.6800 3.8059 -0.0576 1.3778 15.1673 -7.8781 4.7590
Car -1 -1 -7.9142 561.8697 175.5266 622.1511 228.1348 1.5106 1.6471 3.7737 -0.6161 1.2325 22.5925 -7.9416 4.6693
Car -1 -1 -7.7548 583.2654 176.4475 629.1694 212.9120 1.4275 1.5640 3.6843 -0.0478 1.0844 30.0514 -7.7568 0.1171
Car -1 -1 -5.9204 297.0602 176.0662 352.0349 193.5697 1.4653 1.7202 3.9951 -24.0372 0.6995 61.0594 -6.2943 -0.2418
Car -1 -1 -7.4454 282.0389 184.3175 315.3169 199.0097 1.3406 1.5818 3.5551 -28.9379 1.2588 67.3755 -7.8500 -0.7313
Car -1 -1 -7.8507 530.7866 168.6882 555.4211 190.7383 1.5457 1.7225 4.0878 -4.7376 0.3873 52.5004 -7.9405 -1.8313
Car -1 -1 -4.3105 401.1713 179.9907 436.5181 195.8336 1.3684 1.5678 4.1196 -16.8475 0.9172 64.2405 -4.5663 -1.8323
Car -1 -1 -6.0174 622.3712 167.1712 673.2480 185.4157 1.6089 1.6983 4.2896 3.6071 0.0178 64.8759 -5.9625 -2.2853
Car -1 -1 -7.3133 141.1323 181.5125 268.6486 235.9861 1.4694 1.6191 3.6554 -11.7958 1.3697 21.2490 -7.8149 -2.6980
Car -1 -1 -4.6769 245.1707 176.7586 272.1994 198.3235 1.5428 1.6622 4.2195 -26.0528 0.9379 53.6958 -5.1269 -2.8008
Car -1 -1 -7.7837 510.4756 168.2368 536.9335 191.0858 1.6058 1.6422 4.0594 -6.1323 0.4127 52.5844 -7.8995 -2.8597
Car -1 -1 -2.7316 543.7764 170.4499 635.1969 204.2814 1.6411 1.6678 4.3280 -0.9633 0.9250 36.4527 -2.7582 -2.8984
Car -1 -1 -7.4826 328.1087 174.2605 366.1067 193.6080 1.5498 1.7065 3.7574 -21.5349 0.6724 59.4819 -7.8288 -2.9182
Car -1 -1 -7.6658 685.4572 167.9036 719.7977 191.6887 1.6477 1.6993 4.2966 6.8965 0.4486 52.1042 -7.5353 -3.2537
Car -1 -1 -4.8154 594.7839 170.6271 625.2719 194.9326 1.5580 1.6346 3.9429 0.0868 0.6230 48.1226 -4.8140 -3.2542
Car -1 -1 -6.4529 549.1859 171.9593 625.1635 200.3166 1.5430 1.6586 4.0365 -1.2080 0.8219 40.3290 -6.4830 -3.4768
Car -1 -1 -8.3138 728.9046 163.0560 772.7068 185.2371 1.7218 1.7251 4.3181 11.4894 0.0018 58.1096 -8.1198 -3.5844
Car -1 -1 -8.2684 576.4540 178.1198 696.6644 241.2290 1.4636 1.6912 3.8731 0.5806 1.2992 18.7833 -8.2384 -3.8223
Car -1 -1 -4.6808 774.9882 178.9523 802.5351 204.7979 1.4221 1.4416 3.2914 10.4033 1.0776 41.3328 -4.4362 -4.1766
Car -1 -1 -7.7710 539.8837 165.3821 564.9315 189.3408 1.8439 1.6540 4.2079 -4.4036 0.3176 57.4322 -7.8475 -4.2153
Car -1 -1 -5.6152 191.0006 181.4508 244.9181 200.7974 1.5759 1.5828 3.7647 -32.3495 1.2694 59.6597 -6.1106 -4.2838
Car -1 -1 -3.2372 618.6348 173.4948 675.4172 195.3118 1.5406 1.6151 3.9346 2.7706 0.7131 51.6537 -3.1843 -4.3840
Car -1 -1 -7.5315 323.3860 176.3946 368.3731 200.6283 1.4826 1.5312 3.9318 -16.7096 0.9431 45.9643 -7.8786 -4.5006
Car -1 -1 -4.8534 416.9981 170.2174 446.7844 190.7664 1.5161 1.7067 3.7387 -13.5264 0.4097 55.0883 -5.0933 -4.5291
Car -1 -1 -4.9238 370.6514 175.0273 398.7154 193.0767 1.5865 1.6406 3.9578 -20.3057 0.6911 65.3138 -5.2243 -4.6095
Car -1 -1 -4.3578 426.6884 172.9655 460.4158 192.2649 1.6619 1.6755 3.8974 -14.5765 0.6072 63.9436 -4.5814 -4.6210
Car -1 -1 -4.3370 516.1500 172.1247 566.9118 202.8833 1.5558 1.4955 3.5452 -3.5063 0.8938 38.2717 -4.4280 -4.6430
Car -1 -1 -7.8219 554.1329 167.9751 580.1879 189.0840 1.4841 1.7797 3.8042 -2.9499 0.2721 52.4634 -7.8781 -4.8306
Car -1 -1 -7.9052 613.9992 175.5191 654.9876 208.7154 1.4213 1.6532 3.8500 1.1249 1.0063 32.7166 -7.8715 -4.9775
Car -1 -1 -8.3014 405.0945 176.0308 508.5244 223.1176 1.4402 1.7178 4.2718 -5.2102 1.1595 24.2031 -8.5114 -5.4078
Car -1 -1 -6.0190 126.4905 179.0307 1240.0000 375.0000 1.6405 1.8794 5.4133 0.2724 1.6232 3.7944 -5.9531 -7.1958
