Car -1 -1 -7.8903 542.6266 194.6701 726.9506 366.2672 1.3719 1.5287 3.4749 0.1322 1.4963 7.6930 -7.8743 5.0715
Car -1 -1 -7.8998 565.5515 179.9524 656.4653 259.4893 1.4635 1.6811 3.9114 -0.0919 1.3668 15.2236 -7.9061 4.7648
Car -1 -1 -7.9081 561.9548 175.7218 621.2030 228.1274 1.5072 1.6384 3.8259 -0.6308 1.2343 22.6476 -7.9360 3.0942
Car -1 -1 -7.7978 583.8268 177.0292 626.2589 213.1337 1.4053 1.5618 3.6458 -0.0999 1.0868 29.8415 -7.8015 0.2443
Car -1 -1 -5.8916 296.2224 175.8190 350.7065 193.3545 1.4680 1.7033 3.9543 -24.1343 0.6815 61.0656 -6.2667 -0.7002
Car -1 -1 -8.1721 738.0282 168.1185 772.3333 187.1858 1.4798 1.6087 3.7123 11.7797 0.1531 57.7295 -7.9721 -1.9338
Car -1 -1 -6.0306 621.0372 168.7992 669.8361 186.3624 1.5563 1.7129 4.1186 3.4087 0.1018 65.1315 -5.9788 -2.3382
Car -1 -1 -7.2663 283.6066 182.2902 321.8311 197.6854 1.4023 1.5672 3.5958 -28.5639 1.1360 67.3914 -7.6661 -2.3495
Car -1 -1 -4.7281 247.1705 176.5936 272.5770 197.8780 1.5248 1.6458 4.1652 -26.0481 0.9072 53.7273 -5.1779 -2.8142
Car -1 -1 -4.3358 402.3489 179.4069 436.1263 195.9905 1.4349 1.5595 3.9991 -16.8257 0.9325 64.2801 -4.5911 -2.9642
Car -1 -1 -4.4905 517.8073 169.6651 550.3511 191.7005 1.5430 1.6443 3.3801 -5.3278 0.4542 52.1137 -4.5921 -2.9961
Car -1 -1 -2.7272 545.7433 169.9843 635.3067 204.1083 1.6551 1.6535 4.2299 -0.9102 0.9165 36.4332 -2.7524 -3.0513
Car -1 -1 -4.7443 597.6557 170.1713 623.9711 194.4003 1.5610 1.6346 3.9004 0.1448 0.5919 48.2867 -4.7417 -3.3030
Car -1 -1 -7.6616 323.8777 176.0733 363.3195 200.5273 1.4907 1.6209 4.0272 -16.8496 0.9336 45.9372 -8.0116 -3.3356
Car -1 -1 -4.8279 318.0790 173.0747 344.9975 193.1597 1.5949 1.6658 3.5534 -22.7257 0.6310 59.0418 -5.1941 -3.4067
Car -1 -1 -6.4248 790.6411 171.1632 865.2485 200.2936 1.5481 1.6227 3.6998 11.9440 0.8014 39.2825 -6.1320 -3.5064
Car -1 -1 -7.8415 540.7676 165.5570 562.5167 189.5334 1.8415 1.6672 4.1166 -4.4672 0.3318 57.3183 -7.9192 -3.5948
Car -1 -1 -3.0296 73.9077 181.1530 245.5996 237.2906 1.5187 1.6728 4.0991 -12.9833 1.4089 21.0687 -3.5765 -3.6991
Car -1 -1 -3.7292 251.8326 176.8413 312.2745 196.4461 1.5673 1.8134 4.2925 -27.0412 0.8980 59.7705 -4.1527 -4.2246
Car -1 -1 -4.4393 340.7375 172.7576 370.6409 191.0351 1.4837 1.5315 3.2642 -21.0304 0.4725 60.0291 -4.7752 -4.3458
Car -1 -1 -3.0938 661.3431 165.2897 719.3831 182.6930 1.5056 1.6591 5.0432 7.3316 -0.2279 63.7695 -2.9801 -4.4250
Car -1 -1 -3.1920 622.6423 172.5435 681.6981 194.8951 1.5807 1.6488 4.1560 3.1358 0.6847 51.6820 -3.1321 -4.4335
Car -1 -1 -7.9768 578.1171 172.0440 615.8549 198.2944 1.4379 1.6939 3.9506 -0.6999 0.7166 41.4512 -7.9939 -4.7849
Car -1 -1 -2.7326 475.7723 173.4027 555.2586 203.3933 1.5127 1.5941 3.7982 -4.8391 0.9170 37.5525 -2.8602 -4.8499
Car -1 -1 -5.0573 365.4116 175.1389 398.0328 192.9098 1.5565 1.6064 3.8470 -20.4677 0.6740 64.9790 -5.3616 -4.8568
Car -1 -1 -8.0007 611.1839 180.9844 700.1014 243.6081 1.4069 1.6718 3.6832 1.0453 1.3120 18.0594 -7.9442 -5.0356
Car -1 -1 -7.8406 612.7610 176.6993 651.9056 209.6871 1.4113 1.6758 3.7775 1.1001 1.0471 32.6790 -7.8077 -5.0667
Car -1 -1 -6.3709 418.4597 171.9835 478.0759 191.2755 1.4507 1.7219 4.3622 -12.3474 0.4558 55.5340 -6.5890 -5.1608
Car -1 -1 -4.2724 425.3227 176.0161 462.1476 194.7532 1.6140 1.5985 4.1201 -14.5923 0.8217 64.1040 -4.4956 -5.4039
Car -1 -1 -6.0646 145.7579 185.9985 1240.0000 375.0000 1.6306 1.9465 5.2973 0.3853 1.6368 3.8080 -5.9715 -7.1505
