Car -1 -1 -7.8903 565.5005 180.0864 657.0934 260.3595 1.4802 1.6952 3.8731 -0.0644 1.3858 15.2251 -7.8950 5.1564
Car -1 -1 -7.9007 544.0578 195.2746 730.3378 368.8514 1.3740 1.5366 3.5011 0.1336 1.5063 7.6691 -7.8845 5.0618
Car -1 -1 -7.9089 562.3016 175.5047 621.9507 227.9438 1.5059 1.6464 3.7905 -0.6124 1.2272 22.6000 -7.9361 3.8774
Car -1 -1 -5.8931 298.0242 176.0241 348.9245 193.3033 1.4466 1.6528 3.6669 -24.1246 0.6772 61.0362 -6.2683 0.0255
Car -1 -1 -7.7125 582.5944 176.6950 631.0368 212.6349 1.4075 1.5424 3.5258 -0.0237 1.0739 30.0048 -7.7137 -0.0450
Car -1 -1 -7.3467 283.5989 182.4157 320.0757 197.6931 1.3948 1.5828 3.6399 -28.7024 1.1393 67.5245 -7.7476 -0.8228
Car -1 -1 -4.7045 515.5286 172.5336 547.7927 202.2859 1.5074 1.6293 4.1993 -4.1011 0.8650 38.5908 -4.8099 -0.9206
Car -1 -1 -3.0186 674.8065 168.3499 725.9349 185.2677 1.4685 1.6383 4.3286 8.2064 0.0047 63.7276 -2.8914 -1.2539
Car -1 -1 -8.2798 732.9456 167.8215 771.2064 187.8803 1.5555 1.6288 3.6803 11.5278 0.2068 57.7219 -8.0839 -1.7607
Car -1 -1 -7.3535 135.3552 183.6868 261.7253 236.5233 1.4455 1.6542 3.8005 -12.1597 1.4039 21.5737 -7.8617 -2.0332
Car -1 -1 -7.7619 530.6165 168.1740 558.9135 190.2704 1.5531 1.7064 3.9180 -4.5829 0.3554 52.4883 -7.8488 -2.4659
Car -1 -1 -4.9184 528.1304 167.1326 559.8084 188.8600 1.6681 1.7009 4.1548 -5.1518 0.2799 57.4232 -5.0077 -2.5127
Car -1 -1 -7.7380 322.8587 175.2532 357.6872 200.8881 1.5608 1.6355 3.9178 -17.0424 0.9544 45.8645 -8.0921 -2.5508
Car -1 -1 -4.2493 300.7306 172.8655 346.8646 194.9604 1.6769 1.6585 4.2538 -22.3702 0.7397 56.7501 -4.6235 -2.8672
Car -1 -1 -4.7295 599.1063 170.8799 624.7230 196.1826 1.5931 1.6066 3.8787 0.2126 0.6907 47.2109 -4.7254 -2.9788
Car -1 -1 -4.4262 677.3265 172.2777 713.9980 194.4163 1.5449 1.6063 3.9372 6.4100 0.6422 52.2888 -4.3052 -3.2074
Car -1 -1 -4.7018 570.0478 172.2600 598.8379 199.7045 1.5197 1.5942 3.7147 -1.3645 0.8024 41.6794 -4.7347 -3.3809
Car -1 -1 -4.8148 617.4403 170.2508 639.4221 187.3268 1.5259 1.6439 3.7198 1.8639 0.1888 66.1531 -4.7871 -3.8592
Car -1 -1 -4.5091 341.7581 172.0999 369.5005 191.4850 1.5750 1.5791 3.1698 -21.0556 0.5095 60.0793 -4.8450 -4.3438
Car -1 -1 -2.7666 546.8144 171.6089 633.6960 205.1764 1.6251 1.6527 4.0598 -0.9129 0.9665 36.2746 -2.7919 -4.4868
Car -1 -1 -2.5196 194.3254 181.7619 250.6817 201.0799 1.5774 1.6242 3.9193 -32.0212 1.2955 59.7591 -3.0100 -4.4919
Car -1 -1 -4.8339 375.6084 175.0120 399.9059 193.2558 1.6073 1.6668 3.7825 -20.0505 0.7085 65.4003 -5.1305 -4.7774
Car -1 -1 -4.6729 297.8746 179.5056 323.9875 201.2814 1.4539 1.5272 3.8240 -20.6542 1.0728 50.0532 -5.0627 -4.8138
Car -1 -1 -4.7937 581.7750 172.9283 617.5621 201.3118 1.4575 1.6185 3.8423 -0.5160 0.8267 38.9022 -4.8072 -4.8179
Car -1 -1 -7.9269 613.1447 175.7164 656.9919 209.3192 1.4325 1.6817 4.1187 1.1445 1.0277 32.7353 -7.8927 -4.8428
Car -1 -1 -7.8996 768.1326 177.1132 797.5132 203.4727 1.5316 1.5522 3.7645 10.5880 1.0609 43.7622 -7.6641 -5.0289
Car -1 -1 -8.0977 606.1114 180.9031 709.0342 244.7511 1.4139 1.6643 3.7573 1.0714 1.3185 17.9184 -8.0393 -5.0491
Car -1 -1 -5.9711 463.6074 170.3110 528.1940 195.0659 1.7738 1.6900 4.3705 -8.1984 0.7060 52.6892 -6.1250 -5.0919
Car -1 -1 -7.6746 395.1687 181.9684 480.8118 236.8926 1.3580 1.6564 3.4906 -4.5599 1.2778 19.5555 -7.9009 -5.8215
Car -1 -1 -5.9572 164.7748 161.9986 1240.0000 375.0000 1.6076 1.8242 5.2930 0.2744 1.5442 3.8235 -5.8912 -6.9560
