Car -1 -1 -7.8977 545.3981 194.5474 730.8358 365.9301 1.3676 1.5375 3.5556 0.1501 1.4914 7.7288 -7.8795 5.5589
Car -1 -1 -7.8971 565.5102 180.0959 656.2932 259.9049 1.4686 1.6782 3.8857 -0.0876 1.3745 15.2093 -7.9032 4.8453
Car -1 -1 -7.8899 563.0934 175.8704 620.3386 227.9344 1.4961 1.6416 3.7749 -0.6225 1.2277 22.5931 -7.9175 3.0173
Car -1 -1 -7.7203 582.6988 176.5801 630.9018 212.7813 1.4161 1.5438 3.6426 -0.0224 1.0785 30.0273 -7.7214 -0.1072
Car -1 -1 -7.4071 282.7727 182.5933 317.5634 197.7663 1.3845 1.5734 3.6590 -28.8306 1.1454 67.4567 -7.8099 -0.5924
Car -1 -1 -6.9388 738.5015 166.7562 791.1950 186.2334 1.5100 1.6398 3.9188 12.5095 0.0791 57.3105 -6.7253 -1.5240
Car -1 -1 -5.8819 296.9819 176.2709 349.7502 193.7681 1.4633 1.6742 3.8143 -24.1212 0.7154 61.0058 -6.2572 -1.7440
Car -1 -1 -7.8220 530.2050 168.3987 555.7540 190.6161 1.5577 1.7293 4.1050 -4.7154 0.3788 52.4989 -7.9114 -1.7502
Car -1 -1 -4.6863 245.4483 176.6408 271.8493 198.1570 1.5395 1.6598 4.2099 -26.0555 0.9261 53.6936 -5.1365 -2.6404
Car -1 -1 -7.7260 538.0010 165.0280 566.6780 190.2276 1.9363 1.7377 4.4242 -4.4067 0.3853 57.4884 -7.8025 -2.7005
Car -1 -1 -6.0504 621.6590 170.3186 669.0659 188.4731 1.6068 1.6593 4.0056 3.3950 0.2885 64.9825 -5.9987 -2.7510
Car -1 -1 -2.7187 544.2946 169.7319 635.1721 204.1211 1.6676 1.6687 4.3014 -0.9525 0.9169 36.4590 -2.7450 -2.8278
Car -1 -1 -7.7808 510.3914 168.4331 537.3505 191.2389 1.6040 1.6647 4.1284 -6.1273 0.4238 52.6573 -7.8963 -2.8388
Car -1 -1 -7.6140 158.7856 181.8059 253.1983 237.3388 1.5333 1.6486 3.7070 -12.1272 1.4393 21.8517 -8.1157 -2.9576
Car -1 -1 -6.8760 565.5839 173.9121 638.3151 200.7537 1.4647 1.6103 3.9182 -0.3397 0.8481 41.0002 -6.8846 -3.0448
Car -1 -1 -7.7797 597.5903 170.4973 626.0928 194.8053 1.5710 1.6390 3.9265 0.2879 0.6199 48.4818 -7.7742 -3.2447
Car -1 -1 -5.8927 404.1250 178.4131 459.5932 196.3360 1.5451 1.6879 4.4238 -15.4441 0.9588 63.1404 -6.1320 -3.2769
Car -1 -1 -3.8159 251.8567 176.9218 310.3531 196.5030 1.5658 1.7908 4.2378 -27.1197 0.9028 59.7786 -4.2405 -3.8582
Car -1 -1 -5.0127 332.2002 173.0404 370.2653 193.3474 1.6188 1.8292 4.1244 -21.2791 0.6484 59.5025 -5.3550 -4.3669
Car -1 -1 -6.5009 412.9552 169.8593 476.3688 190.1785 1.5211 1.7982 4.5006 -12.6249 0.3717 55.5880 -6.7235 -4.7423
Car -1 -1 -8.1264 604.3028 181.0875 710.2515 244.7207 1.4051 1.6403 3.7654 1.0605 1.3141 17.8879 -8.0685 -4.8616
Car -1 -1 -7.8384 613.4479 176.5040 653.0309 209.3849 1.4042 1.6917 3.7783 1.1438 1.0323 32.6273 -7.8041 -5.1203
Car -1 -1 -4.8332 374.3663 175.8655 397.9844 193.3311 1.5380 1.6003 3.8457 -20.1896 0.7148 65.3847 -5.1318 -5.2813
Car -1 -1 -6.0319 160.6583 190.4506 1240.0000 375.0000 1.5940 1.8654 5.2139 0.3462 1.6346 3.8233 -5.9487 -6.8532
