Car -1 -1 -7.9065 545.0099 193.1905 730.0129 364.4503 1.3801 1.5438 3.4652 0.1291 1.4853 7.7165 -7.8909 5.1922
Car -1 -1 -7.8578 562.7209 178.6188 653.4843 257.9030 1.4636 1.6764 3.8396 -0.0616 1.3420 15.1966 -7.8622 4.8866
Car -1 -1 -7.8589 562.8929 174.6871 619.9421 226.1457 1.4805 1.6430 3.7378 -0.5733 1.1777 22.5745 -7.8844 3.9257
Car -1 -1 -4.3347 764.9706 177.2115 812.0323 203.0000 1.4066 1.4800 3.3467 10.3082 0.9702 40.9999 -4.0904 -1.7853
Car -1 -1 -7.8973 760.7090 164.9319 780.6146 183.3560 1.7010 1.6775 4.0541 15.5848 -0.1837 68.9425 -7.6762 -2.0352
Car -1 -1 -7.3177 215.2566 182.9644 253.5660 198.2454 1.3993 1.5612 3.6356 -35.1160 1.1933 67.6854 -7.7950 -2.1596
Car -1 -1 -4.6352 290.4934 176.8212 314.8904 194.1095 1.4339 1.6430 3.6943 -26.1371 0.7378 61.6352 -5.0350 -2.2403
Car -1 -1 -4.4274 319.1339 172.3488 352.8870 192.1274 1.5738 1.6469 3.5966 -22.2981 0.5501 59.0562 -4.7872 -2.5831
Car -1 -1 -2.6423 273.1045 183.0263 322.9870 199.0529 1.4305 1.5909 3.8624 -28.0547 1.2353 65.1377 -3.0478 -2.6949
Car -1 -1 -7.6767 240.6463 176.8831 274.4557 198.0091 1.5098 1.6121 3.7850 -25.9958 0.9145 53.4156 -8.1280 -2.9215
Car -1 -1 -4.5876 565.2377 169.7430 601.7597 198.0188 1.5646 1.6403 4.0111 -1.3936 0.7086 41.8476 -4.6210 -3.0736
Car -1 -1 -7.9600 582.8977 174.3292 631.3958 211.2893 1.4623 1.6270 4.0062 -0.1292 1.0317 30.5212 -7.9646 -3.1025
Car -1 -1 -7.8972 530.1693 164.0141 557.6686 189.4827 1.7872 1.8088 4.5919 -4.7552 0.2996 52.8382 -7.9868 -3.3550
Car -1 -1 -5.1111 746.3615 175.2122 794.1697 201.9014 1.5564 1.5793 3.5394 9.8206 0.9732 43.8037 -4.8924 -3.4458
Car -1 -1 -2.7737 478.6873 175.6226 529.6801 195.2139 1.6043 1.6467 3.8884 -8.6626 0.8189 60.1033 -2.9166 -3.6334
Car -1 -1 -2.6423 541.6636 169.3635 631.6948 201.6232 1.5670 1.6567 4.3188 -1.1233 0.7972 36.6331 -2.6730 -3.8465
Car -1 -1 -7.4323 553.7657 168.5471 594.7585 189.3572 1.4585 1.6231 3.6762 -2.4227 0.2904 52.3881 -7.4786 -3.9135
Car -1 -1 -4.7445 329.0373 174.6970 350.7156 193.0699 1.5369 1.6356 3.8584 -23.2257 0.6572 62.2280 -5.1006 -3.9953
Car -1 -1 -8.2639 804.1723 168.7701 861.9421 198.7941 1.5439 1.5871 3.7991 12.0995 0.6984 38.9400 -7.9650 -4.2783
Car -1 -1 -4.2549 301.1252 176.1528 341.0505 194.2971 1.5189 1.6034 4.0080 -24.7808 0.7604 62.2396 -4.6327 -4.5612
Car -1 -1 -5.7834 396.1926 168.6919 449.7228 188.9283 1.5052 1.7025 3.5689 -14.0768 0.2763 54.7350 -6.0342 -5.0088
Car -1 -1 -8.1853 599.7684 178.7107 711.4399 243.0212 1.4282 1.6261 3.7348 1.0255 1.2839 17.9824 -8.1296 -5.2974
Car -1 -1 -4.8319 693.1699 169.1166 721.5856 189.3810 1.5459 1.7518 3.9920 7.8199 0.3179 56.8483 -4.6962 -5.4589
Car -1 -1 -7.6400 342.3807 176.7328 445.7175 246.8321 1.5840 1.6725 4.0629 -5.3472 1.3925 18.3260 -7.9203 -5.7843
Car -1 -1 -2.8725 519.9969 163.8579 570.4086 186.9604 1.7806 1.5777 3.6611 -4.9209 0.1346 56.5121 -2.9592 -5.7998
Car -1 -1 -6.0660 183.0193 190.4408 1240.0000 375.0000 1.5704 1.8804 5.1116 0.4544 1.6106 3.8058 -5.9561 -7.1409
