Car -1 -1 -7.9000 546.3896 193.8195 734.3108 367.4946 1.3923 1.5609 3.5786 0.1687 1.5069 7.7508 -7.8796 5.4211
Car -1 -1 -7.8593 563.0798 178.8809 654.5799 258.1937 1.4654 1.6916 3.8925 -0.0499 1.3485 15.2351 -7.8630 4.7880
Car -1 -1 -7.8781 564.2168 175.6839 621.6235 227.1714 1.4793 1.6530 3.7591 -0.5648 1.2056 22.5710 -7.9032 4.4045
Car -1 -1 -5.8850 298.0004 176.2621 351.3172 193.5155 1.4451 1.6538 3.8786 -24.0417 0.6953 61.0827 -6.2588 -1.3275
Car -1 -1 -4.3458 238.2971 183.0810 272.3476 197.8890 1.3497 1.5794 3.8933 -33.0712 1.1553 67.5313 -4.8000 -1.7965
Car -1 -1 -7.6597 535.6080 167.7218 567.5779 189.8904 1.5569 1.6308 3.7629 -4.0802 0.3285 52.4476 -7.7372 -1.8206
Car -1 -1 -4.6989 327.9870 175.8162 356.3379 201.3704 1.5607 1.6348 4.1224 -17.0286 0.9868 46.1178 -5.0510 -2.6080
Car -1 -1 -8.0329 577.1942 174.9785 629.4992 210.8641 1.4239 1.6000 3.5050 -0.2829 1.0179 30.3951 -8.0425 -3.1994
Car -1 -1 -7.4692 326.7884 173.6912 365.4943 191.8659 1.4570 1.6669 3.9139 -21.6597 0.5333 59.6130 -7.8166 -3.2920
Car -1 -1 -7.7741 509.0769 170.4467 536.1339 192.4955 1.5524 1.6549 3.9973 -6.2192 0.5127 52.6409 -7.8915 -3.5366
Car -1 -1 -4.2469 231.8393 176.3915 281.8135 198.1341 1.5481 1.7245 3.9593 -25.9119 0.9200 53.1749 -4.6987 -3.6236
Car -1 -1 -2.7676 542.8781 171.0737 631.9437 204.0601 1.5968 1.6522 4.1788 -1.0571 0.9124 36.2812 -2.7968 -3.8405
Car -1 -1 -7.6202 553.7762 168.2077 588.7580 189.5981 1.4995 1.6579 4.0673 -2.6441 0.3074 52.5439 -7.6705 -4.0485
Car -1 -1 -4.9440 406.1894 170.4528 436.3372 191.8128 1.6075 1.5400 3.3581 -14.5560 0.4966 55.9423 -5.1977 -4.2147
Car -1 -1 -4.7995 624.9897 172.5739 651.8716 193.7576 1.4785 1.6254 3.6317 2.1643 0.5963 52.0230 -4.7585 -4.2489
Car -1 -1 -5.1122 569.6182 178.0485 699.2279 240.7475 1.4493 1.7774 4.4940 0.4986 1.2838 19.0331 -5.0868 -4.3278
Car -1 -1 -4.7159 549.5466 170.0620 567.1197 186.8580 1.5435 1.6126 3.7538 -4.6922 0.1511 67.9893 -4.7849 -4.3529
Car -1 -1 -4.6609 217.6123 180.4946 251.3364 206.3409 1.4669 1.5804 3.9061 -22.2589 1.1991 42.9039 -5.1373 -4.6044
Car -1 -1 -4.8616 582.0144 178.1743 648.2419 218.1036 1.3657 1.7860 4.6824 0.1345 1.1250 27.0327 -4.8570 -4.7086
Car -1 -1 -7.7224 259.2218 180.6048 300.0778 208.4870 1.3859 1.4863 3.5530 -17.1617 1.1568 37.6455 -8.1477 -4.7731
Car -1 -1 -5.1130 291.7741 176.4902 356.9832 204.6258 1.4144 1.6520 4.3833 -15.1687 0.9759 38.2815 -5.4881 -4.8657
Car -1 -1 -5.7116 250.5483 175.8279 323.6080 200.0114 1.7176 1.7169 4.6660 -23.3101 1.0510 52.2599 -6.1295 -5.1817
Car -1 -1 -7.3720 542.4337 159.9732 587.6193 184.2557 1.8456 1.7726 4.3522 -3.3656 -0.0793 57.1697 -7.4308 -5.3291
Car -1 -1 -5.2836 722.3335 163.4514 776.1998 184.4366 1.6115 1.8358 5.0182 11.3393 -0.0657 58.0704 -5.0920 -5.5364
Car -1 -1 -4.5742 666.0595 166.1401 692.0396 186.1547 1.5640 1.6015 3.7026 5.7796 0.0735 58.1591 -4.4760 -5.7154
Car -1 -1 -5.0337 939.4603 164.1936 1036.4991 207.6825 1.4196 1.7335 4.3940 13.4314 0.7335 25.7688 -4.5581 -5.8212
Car -1 -1 -7.5588 267.4385 181.6854 413.1298 272.6377 1.5980 1.5776 4.3022 -5.3425 1.5362 14.8152 -7.8995 -6.0287
Car -1 -1 -7.5943 600.5129 175.4313 660.5151 209.1661 1.4324 1.8017 3.8213 1.0604 1.0171 32.6119 -7.5624 -6.2386
Car -1 -1 -4.7492 918.1187 160.5340 971.1946 197.9498 1.4203 1.7900 4.1859 13.7312 0.4835 29.5633 -4.3183 -6.2904
Car -1 -1 -6.3630 64.1050 216.4339 787.3281 375.0000 1.2531 1.6876 3.3868 -0.9368 1.4949 4.2800 -6.5661 -6.9454
